001 0 0003169996 STIM_START
001 0 0004268612 STIM_END_RESP_START
001 0 0005468656 RESP_END
002 0 0007345824 STIM_START
002 0 0008444440 STIM_END_RESP_START
002 0 0009644484 RESP_END
003 1 0011769448 STIM_START
003 1 0012868044 STIM_END_RESP_START
003 1 0014068064 RESP_END
004 1 0016111012 STIM_START
004 1 0017209604 STIM_END_RESP_START
004 1 0018409628 RESP_END
005 0 0020231972 STIM_START
005 0 0021330568 STIM_END_RESP_START
005 0 0022530588 RESP_END
006 1 0024208064 STIM_START
006 1 0025306660 STIM_END_RESP_START
006 1 0026506684 RESP_END
007 0 0028299008 STIM_START
007 0 0029397604 STIM_END_RESP_START
007 0 0030597628 RESP_END
008 0 0032191164 STIM_START
008 0 0033289760 STIM_END_RESP_START
008 0 0034489780 RESP_END
USER_EXIT