001 0 0006544524 STIM_START
001 0 0007643176 STIM_END_RESP_START
001 0 0008843216 RESP_END
002 0 0010840392 STIM_START
002 0 0011939060 STIM_END_RESP_START
002 0 0013139084 RESP_END
003 0 0014797624 STIM_START
003 0 0015896292 STIM_END_RESP_START
003 0 0017096316 RESP_END
004 1 0018933712 STIM_START
004 1 0019758324 LICK
004 1 0019917552 LICK
004 1 0020032360 STIM_END_RESP_START
004 1 0020078204 LICK
004 1 0020078644 REWARD_START
004 1 0020233324 LICK
004 1 0020398448 LICK
004 1 0020515684 LICK
004 1 0020653468 LICK
004 1 0020802960 LICK
004 1 0020937180 LICK
004 1 0021086608 LICK
004 1 0021207272 LICK
004 1 0021232396 RESP_END
004 1 0020094092 REWARD_END
005 1 0023553184 STIM_START
005 1 0024651820 STIM_END_RESP_START
005 1 0025851840 RESP_END
006 0 0027741172 STIM_START
006 0 0028839844 STIM_END_RESP_START
006 0 0030039864 RESP_END
007 0 0031650444 STIM_START
007 0 0032749116 STIM_END_RESP_START
007 0 0033949140 RESP_END
008 1 0035858408 STIM_START
008 1 0036703376 LICK
008 1 0036903744 LICK
008 1 0036957072 STIM_END_RESP_START
008 1 0037084276 LICK
008 1 0037084712 REWARD_START
008 1 0037231068 LICK
008 1 0037356812 LICK
008 1 0037501644 LICK
008 1 0038157084 RESP_END
008 1 0037100176 REWARD_END
009 0 0040060372 STIM_START
009 0 0041159040 STIM_END_RESP_START
009 0 0042359068 RESP_END
010 1 0043966748 STIM_START
010 1 0045065420 STIM_END_RESP_START
010 1 0046265440 RESP_END
011 0 0047879020 STIM_START
011 0 0048977652 STIM_END_RESP_START
011 0 0050177680 RESP_END
012 1 0052086988 STIM_START
012 1 0053020848 LICK
012 1 0053185636 STIM_END_RESP_START
012 1 0053549744 LICK
012 1 0053550188 REWARD_START
012 1 0053775872 LICK
012 1 0053991176 LICK
012 1 0054218888 LICK
012 1 0054385660 RESP_END
012 1 0053565632 REWARD_END
013 1 0056950220 STIM_START
013 1 0058048852 STIM_END_RESP_START
013 1 0059248880 RESP_END
USER_EXIT