001 3 0 0028399220 STIM_START
001 3 0 0029997248 STIM_END_RESP_START
001 3 0 0031197292 RESP_END
002 5 0 0032917780 STIM_START
002 5 0 0036013920 STIM_END_RESP_START
002 5 0 0037213964 RESP_END
003 3 2 0038907532 STIM_START
003 3 2 0040505560 STIM_END_RESP_START
003 3 2 0041705608 RESP_END
004 4 1 0043360216 STIM_START
004 4 1 0045457620 STIM_END_RESP_START
004 4 1 0046657664 RESP_END
005 4 1 0048353168 STIM_START
005 4 1 0050450568 STIM_END_RESP_START
005 4 1 0051650612 RESP_END
006 2 0 0053254276 STIM_START
006 2 0 0054452780 STIM_END_RESP_START
006 2 0 0055652824 RESP_END
007 2 0 0057252508 STIM_START
007 2 0 0058451020 STIM_END_RESP_START
007 2 0 0059651056 RESP_END
008 4 2 0061280616 STIM_START
008 4 2 0063378012 STIM_END_RESP_START
008 4 2 0064578056 RESP_END
009 5 0 0066249604 STIM_START
009 5 0 0069345748 STIM_END_RESP_START
009 5 0 0070545792 RESP_END
010 5 0 0072207380 STIM_START
010 5 0 0075303524 STIM_END_RESP_START
010 5 0 0076503568 RESP_END
011 5 1 0078163212 STIM_START
011 5 1 0081259356 STIM_END_RESP_START
011 5 1 0082459400 RESP_END
012 3 0 0084062100 STIM_START
012 3 0 0085660124 STIM_END_RESP_START
012 3 0 0086860168 RESP_END
013 4 2 0088490780 STIM_START
013 4 2 0090588184 STIM_END_RESP_START
013 4 2 0091788220 RESP_END
014 2 1 0093378856 STIM_START
014 2 1 0094577364 STIM_END_RESP_START
014 2 1 0095777408 RESP_END
015 4 1 0097399988 STIM_START
015 4 1 0099497388 STIM_END_RESP_START
015 4 1 0100697432 RESP_END
016 2 0 0102300112 STIM_START
016 2 0 0103498636 STIM_END_RESP_START
016 2 0 0104698660 RESP_END
017 3 1 0106311252 STIM_START
017 3 1 0107909256 STIM_END_RESP_START
017 3 1 0109109276 RESP_END
018 2 0 0110698016 STIM_START
018 2 0 0111896540 STIM_END_RESP_START
018 2 0 0113096560 RESP_END
019 4 2 0114724104 STIM_START
019 4 2 0116821476 STIM_END_RESP_START
019 4 2 0118021496 RESP_END
020 2 1 0119615260 STIM_START
020 2 1 0120813788 STIM_END_RESP_START
020 2 1 0122013812 RESP_END
021 1 0 0123604404 STIM_START
021 1 0 0124703032 STIM_END_RESP_START
021 1 0 0125903056 RESP_END
022 4 0 0127533664 STIM_START
022 4 0 0129631040 STIM_END_RESP_START
022 4 0 0130831060 RESP_END
023 5 1 0132490680 STIM_START
023 5 1 0135586800 STIM_END_RESP_START
023 5 1 0136786820 RESP_END
024 1 0 0138372588 STIM_START
024 1 0 0139471216 STIM_END_RESP_START
024 1 0 0140671236 RESP_END
025 1 1 0142264036 STIM_START
025 1 1 0143362664 STIM_END_RESP_START
025 1 1 0144562680 RESP_END
026 2 2 0146163236 STIM_START
026 2 2 0147361760 STIM_END_RESP_START
026 2 2 0148561780 RESP_END
027 5 2 0150226284 STIM_START
027 5 2 0153322404 STIM_END_RESP_START
027 5 2 0154522428 RESP_END
028 2 0 0156117232 STIM_START
028 2 0 0157315756 STIM_END_RESP_START
028 2 0 0158515776 RESP_END
029 5 0 0160185304 STIM_START
029 5 0 0163281428 STIM_END_RESP_START
029 5 0 0164481452 RESP_END
030 2 1 0166078180 STIM_START
030 2 1 0167276672 STIM_END_RESP_START
030 2 1 0168476692 RESP_END
031 2 0 0170073376 STIM_START
031 2 0 0171271900 STIM_END_RESP_START
031 2 0 0172471920 RESP_END
032 2 1 0174078568 STIM_START
032 2 1 0175277096 STIM_END_RESP_START
032 2 1 0176477112 RESP_END
033 5 1 0178142636 STIM_START
033 5 1 0181238756 STIM_END_RESP_START
033 5 1 0182438780 RESP_END
034 5 0 0184100464 STIM_START
034 5 0 0187196592 STIM_END_RESP_START
034 5 0 0188396616 RESP_END
035 4 0 0190020328 STIM_START
035 4 0 0192117704 STIM_END_RESP_START
035 4 0 0193317728 RESP_END
036 1 0 0194911376 STIM_START
036 1 0 0196010044 STIM_END_RESP_START
036 1 0 0197210056 RESP_END
037 5 2 0198883652 STIM_START
037 5 2 0201979772 STIM_END_RESP_START
037 5 2 0203179796 RESP_END
038 2 1 0204773512 STIM_START
038 2 1 0205972036 STIM_END_RESP_START
038 2 1 0207172060 RESP_END
039 5 1 0208837564 STIM_START
039 5 1 0211933692 STIM_END_RESP_START
039 5 1 0213133712 RESP_END
040 4 0 0214762508 STIM_START
040 4 0 0216859880 STIM_END_RESP_START
040 4 0 0218059904 RESP_END
041 2 2 0219647584 STIM_START
041 2 2 0220846116 STIM_END_RESP_START
041 2 2 0222046132 RESP_END
042 3 0 0223653824 STIM_START
042 3 0 0225251828 STIM_END_RESP_START
042 3 0 0226451856 RESP_END
043 5 0 0228113324 STIM_START
043 5 0 0231209448 STIM_END_RESP_START
043 5 0 0232409472 RESP_END
044 1 1 0233997252 STIM_START
044 1 1 0235095880 STIM_END_RESP_START
044 1 1 0236295900 RESP_END
045 4 2 0237925516 STIM_START
045 4 2 0240022888 STIM_END_RESP_START
045 4 2 0241222912 RESP_END
046 4 0 0242852588 STIM_START
046 4 0 0244949964 STIM_END_RESP_START
046 4 0 0246149988 RESP_END
047 2 0 0247741688 STIM_START
047 2 0 0248940212 STIM_END_RESP_START
047 2 0 0250140236 RESP_END
048 4 1 0251768808 STIM_START
048 4 1 0253866188 STIM_END_RESP_START
048 4 1 0255066212 RESP_END
049 2 2 0256656932 STIM_START
049 2 2 0257855456 STIM_END_RESP_START
049 2 2 0259055476 RESP_END
050 1 1 0260644120 STIM_START
050 1 1 0261742748 STIM_END_RESP_START
050 1 1 0262942772 RESP_END
051 3 0 0264545368 STIM_START
051 3 0 0266143364 STIM_END_RESP_START
051 3 0 0267343384 RESP_END
052 4 0 0268976052 STIM_START
052 4 0 0271073428 STIM_END_RESP_START
052 4 0 0272273452 RESP_END
053 3 1 0273877180 STIM_START
053 3 1 0275475180 STIM_END_RESP_START
053 3 1 0276675204 RESP_END
054 5 1 0278340700 STIM_START
054 5 1 0281436824 STIM_END_RESP_START
054 5 1 0282636844 RESP_END
055 4 1 0284266556 STIM_START
055 4 1 0286363932 STIM_END_RESP_START
055 4 1 0287563956 RESP_END
056 1 0 0289143712 STIM_START
056 1 0 0290242340 STIM_END_RESP_START
056 1 0 0291442364 RESP_END
057 3 2 0293052052 STIM_START
057 3 2 0294650060 STIM_END_RESP_START
057 3 2 0295850080 RESP_END
058 3 1 0297453704 STIM_START
058 3 1 0299051704 STIM_END_RESP_START
058 3 1 0300251724 RESP_END
059 4 1 0301884292 STIM_START
059 4 1 0303981672 STIM_END_RESP_START
059 4 1 0305181688 RESP_END
060 3 0 0306790388 STIM_START
060 3 0 0308388396 STIM_END_RESP_START
060 3 0 0309588420 RESP_END
061 3 0 0311193120 STIM_START
061 3 0 0312791128 STIM_END_RESP_START
061 3 0 0313991144 RESP_END
062 3 0 0315602888 STIM_START
062 3 0 0317200892 STIM_END_RESP_START
062 3 0 0318400916 RESP_END
063 2 1 0319990488 STIM_START
063 2 1 0321189020 STIM_END_RESP_START
063 2 1 0322389044 RESP_END
064 1 0 0323982640 STIM_START
064 1 0 0325081268 STIM_END_RESP_START
064 1 0 0326281288 RESP_END
065 1 0 0327862980 STIM_START
065 1 0 0328961604 STIM_END_RESP_START
065 1 0 0330161624 RESP_END
066 1 2 0331754272 STIM_START
066 1 2 0332852900 STIM_END_RESP_START
066 1 2 0334052920 RESP_END
067 4 1 0335684544 STIM_START
067 4 1 0337781920 STIM_END_RESP_START
067 4 1 0338981944 RESP_END
068 1 1 0340569696 STIM_START
068 1 1 0341668324 STIM_END_RESP_START
068 1 1 0342868344 RESP_END
069 3 0 0344478928 STIM_START
069 3 0 0346076924 STIM_END_RESP_START
069 3 0 0347276944 RESP_END
070 2 1 0348877644 STIM_START
070 2 1 0350076172 STIM_END_RESP_START
070 2 1 0351276196 RESP_END
071 4 1 0352906748 STIM_START
071 4 1 0355004120 STIM_END_RESP_START
071 4 1 0356204144 RESP_END
072 2 1 0357793836 STIM_START
072 2 1 0358992360 STIM_END_RESP_START
072 2 1 0360192380 RESP_END
073 3 0 0361806072 STIM_START
073 3 0 0363404068 STIM_END_RESP_START
073 3 0 0364604092 RESP_END
074 2 0 0366194716 STIM_START
074 2 0 0367393240 STIM_END_RESP_START
074 2 0 0368593264 RESP_END
075 3 2 0370205880 STIM_START
075 3 2 0371803876 STIM_END_RESP_START
075 3 2 0373003900 RESP_END
076 3 0 0374618620 STIM_START
076 3 0 0376216624 STIM_END_RESP_START
076 3 0 0377416640 RESP_END
077 2 0 0379007264 STIM_START
077 2 0 0380205788 STIM_END_RESP_START
077 2 0 0381405812 RESP_END
078 3 2 0383014468 STIM_START
078 3 2 0384612472 STIM_END_RESP_START
078 3 2 0385812496 RESP_END
079 4 1 0387438084 STIM_START
079 4 1 0389535460 STIM_END_RESP_START
079 4 1 0390735480 RESP_END
080 2 1 0392330188 STIM_START
080 2 1 0393528680 STIM_END_RESP_START
080 2 1 0394728704 RESP_END
081 5 0 0396409216 STIM_START
081 5 0 0399505340 STIM_END_RESP_START
081 5 0 0400705364 RESP_END
082 3 1 0402317096 STIM_START
082 3 1 0403915104 STIM_END_RESP_START
082 3 1 0405115124 RESP_END
083 5 0 0406772756 STIM_START
083 5 0 0409868876 STIM_END_RESP_START
083 5 0 0411068896 RESP_END
084 3 0 0412680636 STIM_START
084 3 0 0414278632 STIM_END_RESP_START
084 3 0 0415478656 RESP_END
085 5 1 0417141188 STIM_START
085 5 1 0420237308 STIM_END_RESP_START
085 5 1 0421437332 RESP_END
086 4 1 0423059068 STIM_START
086 4 1 0425156440 STIM_END_RESP_START
086 4 1 0426356464 RESP_END
087 2 1 0427953192 STIM_START
087 2 1 0429151716 STIM_END_RESP_START
087 2 1 0430351740 RESP_END
088 3 0 0431963368 STIM_START
088 3 0 0433561368 STIM_END_RESP_START
088 3 0 0434761392 RESP_END
089 4 1 0436394004 STIM_START
089 4 1 0438491376 STIM_END_RESP_START
089 4 1 0439691400 RESP_END
090 5 1 0441354016 STIM_START
090 5 1 0444450140 STIM_END_RESP_START
090 5 1 0445650164 RESP_END
091 1 0 0447239912 STIM_START
091 1 0 0448338544 STIM_END_RESP_START
091 1 0 0449538564 RESP_END
092 1 1 0451124192 STIM_START
092 1 1 0452222816 STIM_END_RESP_START
092 1 1 0453422840 RESP_END
093 2 1 0455015540 STIM_START
093 2 1 0456214064 STIM_END_RESP_START
093 2 1 0457414088 RESP_END
094 5 0 0459081628 STIM_START
094 5 0 0462177756 STIM_END_RESP_START
094 5 0 0463377776 RESP_END
095 3 0 0464982472 STIM_START
095 3 0 0466580472 STIM_END_RESP_START
095 3 0 0467780496 RESP_END
096 4 0 0469407148 STIM_START
096 4 0 0471504520 STIM_END_RESP_START
096 4 0 0472704548 RESP_END
097 3 2 0474313268 STIM_START
097 3 2 0475911272 STIM_END_RESP_START
097 3 2 0477111292 RESP_END
098 1 0 0478700896 STIM_START
098 1 0 0479799528 STIM_END_RESP_START
098 1 0 0480999552 RESP_END
099 4 2 0482630224 STIM_START
099 4 2 0484727600 STIM_END_RESP_START
099 4 2 0485927624 RESP_END
100 2 0 0487520284 STIM_START
100 2 0 0488718808 STIM_END_RESP_START
100 2 0 0489918832 RESP_END
101 2 0 0491512516 STIM_START
101 2 0 0492711012 STIM_END_RESP_START
101 2 0 0493911032 RESP_END
102 5 1 0495575520 STIM_START
102 5 1 0498671648 STIM_END_RESP_START
102 5 1 0499871664 RESP_END
103 4 1 0501505412 STIM_START
103 4 1 0503602788 STIM_END_RESP_START
103 4 1 0504802816 RESP_END
104 3 1 0506411484 STIM_START
104 3 1 0508009492 STIM_END_RESP_START
104 3 1 0509209508 RESP_END
105 2 0 0510800208 STIM_START
105 2 0 0511998732 STIM_END_RESP_START
105 2 0 0513198760 RESP_END
106 4 0 0514829328 STIM_START
106 4 0 0516926700 STIM_END_RESP_START
106 4 0 0518126728 RESP_END
107 2 0 0519719464 STIM_START
107 2 0 0520917988 STIM_END_RESP_START
107 2 0 0522118012 RESP_END
108 4 2 0523748536 STIM_START
108 4 2 0525845912 STIM_END_RESP_START
108 4 2 0527045932 RESP_END
109 5 1 0528709524 STIM_START
109 5 1 0531805652 STIM_END_RESP_START
109 5 1 0533005676 RESP_END
110 1 0 0534591476 STIM_START
110 1 0 0535690104 STIM_END_RESP_START
110 1 0 0536890128 RESP_END
111 5 0 0538557640 STIM_START
111 5 0 0541653760 STIM_END_RESP_START
111 5 0 0542853784 RESP_END
112 3 1 0544460512 STIM_START
112 3 1 0546058516 STIM_END_RESP_START
112 3 1 0547258540 RESP_END
113 3 0 0548862288 STIM_START
113 3 0 0550460292 STIM_END_RESP_START
113 3 0 0551660316 RESP_END
114 3 1 0553273916 STIM_START
114 3 1 0554871920 STIM_END_RESP_START
114 3 1 0556071944 RESP_END
115 5 1 0557735484 STIM_START
115 5 1 0560831612 STIM_END_RESP_START
115 5 1 0562031636 RESP_END
116 1 0 0563614432 STIM_START
116 1 0 0564713060 STIM_END_RESP_START
116 1 0 0565913084 RESP_END
117 5 2 0567579600 STIM_START
117 5 2 0570675728 STIM_END_RESP_START
117 5 2 0571875752 RESP_END
118 4 1 0573501548 STIM_START
118 4 1 0575598920 STIM_END_RESP_START
118 4 1 0576798944 RESP_END
119 5 1 0578465508 STIM_START
119 5 1 0581561636 STIM_END_RESP_START
119 5 1 0582761660 RESP_END
120 5 0 0584426328 STIM_START
120 5 0 0587522456 STIM_END_RESP_START
120 5 0 0588722480 RESP_END
121 1 1 0590315196 STIM_START
121 1 1 0591413828 STIM_END_RESP_START
121 1 1 0592613852 RESP_END
122 2 1 0594210520 STIM_START
122 2 1 0595409052 STIM_END_RESP_START
122 2 1 0596609072 RESP_END
123 2 0 0598203704 STIM_START
123 2 0 0599402228 STIM_END_RESP_START
123 2 0 0600602252 RESP_END
124 3 1 0602212884 STIM_START
124 3 1 0603810888 STIM_END_RESP_START
124 3 1 0605010908 RESP_END
125 4 0 0606644512 STIM_START
125 4 0 0608741888 STIM_END_RESP_START
125 4 0 0609941912 RESP_END
126 5 2 0611601532 STIM_START
126 5 2 0614697652 STIM_END_RESP_START
126 5 2 0615897676 RESP_END
127 3 1 0617501336 STIM_START
127 3 1 0619099344 STIM_END_RESP_START
127 3 1 0620299368 RESP_END
128 4 1 0621930992 STIM_START
128 4 1 0624028368 STIM_END_RESP_START
128 4 1 0625228392 RESP_END
129 5 0 0626889996 STIM_START
129 5 0 0629986120 STIM_END_RESP_START
129 5 0 0631186144 RESP_END
130 5 1 0632859792 STIM_START
130 5 1 0635955912 STIM_END_RESP_START
130 5 1 0637155940 RESP_END
131 5 0 0638823660 STIM_START
131 5 0 0641919784 STIM_END_RESP_START
131 5 0 0643119812 RESP_END
132 4 1 0644748488 STIM_START
132 4 1 0646845860 STIM_END_RESP_START
132 4 1 0648045884 RESP_END
133 4 1 0649670548 STIM_START
133 4 1 0651767928 STIM_END_RESP_START
133 4 1 0652967952 RESP_END
134 4 1 0654602588 STIM_START
134 4 1 0656699964 STIM_END_RESP_START
134 4 1 0657899984 RESP_END
135 3 0 0659506680 STIM_START
135 3 0 0661104688 STIM_END_RESP_START
135 3 0 0662304704 RESP_END
136 4 2 0663931300 STIM_START
136 4 2 0666028676 STIM_END_RESP_START
136 4 2 0667228700 RESP_END
137 3 0 0668839380 STIM_START
137 3 0 0670437384 STIM_END_RESP_START
137 3 0 0671637400 RESP_END
138 1 0 0673229124 STIM_START
138 1 0 0674327752 STIM_END_RESP_START
138 1 0 0675527776 RESP_END
139 1 0 0677122420 STIM_START
139 1 0 0678221044 STIM_END_RESP_START
139 1 0 0679421068 RESP_END
140 4 2 0681052704 STIM_START
140 4 2 0683150080 STIM_END_RESP_START
140 4 2 0684350104 RESP_END
141 2 0 0685941748 STIM_START
141 2 0 0687140276 STIM_END_RESP_START
141 2 0 0688340300 RESP_END
142 3 1 0689946944 STIM_START
142 3 1 0691544940 STIM_END_RESP_START
142 3 1 0692744964 RESP_END
143 3 1 0694344616 STIM_START
143 3 1 0695942620 STIM_END_RESP_START
143 3 1 0697142644 RESP_END
144 4 1 0698774304 STIM_START
144 4 1 0700871688 STIM_END_RESP_START
144 4 1 0702071704 RESP_END
145 4 0 0703696368 STIM_START
145 4 0 0705793740 STIM_END_RESP_START
145 4 0 0706993764 RESP_END
146 1 0 0708587396 STIM_START
146 1 0 0709686024 STIM_END_RESP_START
146 1 0 0710886048 RESP_END
147 1 1 0712479728 STIM_START
147 1 1 0713578360 STIM_END_RESP_START
147 1 1 0714778384 RESP_END
148 3 1 0716391016 STIM_START
148 3 1 0717989024 STIM_END_RESP_START
148 3 1 0719189048 RESP_END
149 3 2 0720803696 STIM_START
149 3 2 0722401700 STIM_END_RESP_START
149 3 2 0723601724 RESP_END
150 2 0 0725194392 STIM_START
150 2 0 0726392924 STIM_END_RESP_START
150 2 0 0727592940 RESP_END
151 3 2 0729205552 STIM_START
151 3 2 0730803556 STIM_END_RESP_START
151 3 2 0732003580 RESP_END
152 5 1 0733661100 STIM_START
152 5 1 0736757228 STIM_END_RESP_START
152 5 1 0737957256 RESP_END
153 1 0 0739556008 STIM_START
153 1 0 0740654636 STIM_END_RESP_START
153 1 0 0741854660 RESP_END
154 3 0 0743469308 STIM_START
154 3 0 0745067308 STIM_END_RESP_START
154 3 0 0746267328 RESP_END
155 4 2 0747899976 STIM_START
155 4 2 0749997352 STIM_END_RESP_START
155 4 2 0751197376 RESP_END
156 5 1 0752860936 STIM_START
156 5 1 0755957068 STIM_END_RESP_START
156 5 1 0757157092 RESP_END
157 4 1 0758784836 STIM_START
157 4 1 0760882216 STIM_END_RESP_START
157 4 1 0762082236 RESP_END
158 5 0 0763745880 STIM_START
158 5 0 0766842008 STIM_END_RESP_START
158 5 0 0768042032 RESP_END
159 5 1 0769705652 STIM_START
159 5 1 0772801780 STIM_END_RESP_START
159 5 1 0774001808 RESP_END
160 2 1 0775593548 STIM_START
160 2 1 0776792080 STIM_END_RESP_START
160 2 1 0777992096 RESP_END
161 3 1 0779602672 STIM_START
161 3 1 0781200676 STIM_END_RESP_START
161 3 1 0782400700 RESP_END
162 5 0 0784062284 STIM_START
162 5 0 0787158412 STIM_END_RESP_START
162 5 0 0788358436 RESP_END
163 2 1 0789947168 STIM_START
163 2 1 0791145660 STIM_END_RESP_START
163 2 1 0792345684 RESP_END
164 4 1 0793968324 STIM_START
164 4 1 0796065700 STIM_END_RESP_START
164 4 1 0797265724 RESP_END
165 3 1 0798877436 STIM_START
165 3 1 0800475444 STIM_END_RESP_START
165 3 1 0801675468 RESP_END
166 1 0 0803262108 STIM_START
166 1 0 0804360736 STIM_END_RESP_START
166 1 0 0805560760 RESP_END
167 1 1 0807152440 STIM_START
167 1 1 0808251068 STIM_END_RESP_START
167 1 1 0809451092 RESP_END
168 2 1 0811048692 STIM_START
168 2 1 0812247224 STIM_END_RESP_START
168 2 1 0813447248 RESP_END
169 1 1 0815038928 STIM_START
169 1 1 0816137556 STIM_END_RESP_START
169 1 1 0817337580 RESP_END
170 4 0 0818971108 STIM_START
170 4 0 0821068488 STIM_END_RESP_START
170 4 0 0822268508 RESP_END
171 3 0 0823876268 STIM_START
171 3 0 0825474272 STIM_END_RESP_START
171 3 0 0826674296 RESP_END
172 1 1 0828273936 STIM_START
172 1 1 0829372564 STIM_END_RESP_START
172 1 1 0830572588 RESP_END
173 1 0 0832159240 STIM_START
173 1 0 0833257868 STIM_END_RESP_START
173 1 0 0834457892 RESP_END
174 1 1 0836049536 STIM_START
174 1 1 0837148164 STIM_END_RESP_START
174 1 1 0838348188 RESP_END
175 4 2 0839980824 STIM_START
175 4 2 0842078196 STIM_END_RESP_START
175 4 2 0843278220 RESP_END
176 5 1 0844937864 STIM_START
176 5 1 0848033988 STIM_END_RESP_START
176 5 1 0849234012 RESP_END
177 4 0 0850856644 STIM_START
177 4 0 0852954020 STIM_END_RESP_START
177 4 0 0854154044 RESP_END
178 5 2 0855822692 STIM_START
178 5 2 0858918816 STIM_END_RESP_START
178 5 2 0860118836 RESP_END
179 3 1 0861728500 STIM_START
179 3 1 0863326500 STIM_END_RESP_START
179 3 1 0864526524 RESP_END
180 1 0 0866113260 STIM_START
180 1 0 0867211888 STIM_END_RESP_START
180 1 0 0868411912 RESP_END
181 2 2 0870008560 STIM_START
181 2 2 0871207088 STIM_END_RESP_START
181 2 2 0872407112 RESP_END
182 3 1 0874017656 STIM_START
182 3 1 0875615660 STIM_END_RESP_START
182 3 1 0876815684 RESP_END
183 4 1 0878451344 STIM_START
183 4 1 0880548720 STIM_END_RESP_START
183 4 1 0881748744 RESP_END
184 1 0 0883337396 STIM_START
184 1 0 0884436028 STIM_END_RESP_START
184 1 0 0885636044 RESP_END
185 1 1 0887229740 STIM_START
185 1 1 0888328372 STIM_END_RESP_START
185 1 1 0889528396 RESP_END
186 1 1 0891126044 STIM_START
186 1 1 0892224676 STIM_END_RESP_START
186 1 1 0893424700 RESP_END
187 5 0 0895088252 STIM_START
187 5 0 0898184384 STIM_END_RESP_START
187 5 0 0899384404 RESP_END
188 5 1 0901052056 STIM_START
188 5 1 0904148184 STIM_END_RESP_START
188 5 1 0905348208 RESP_END
189 4 1 0906973916 STIM_START
189 4 1 0909071296 STIM_END_RESP_START
189 4 1 0910271320 RESP_END
190 4 1 0911902976 STIM_START
190 4 1 0914000352 STIM_END_RESP_START
190 4 1 0915200376 RESP_END
191 1 0 0916788012 STIM_START
191 1 0 0917886644 STIM_END_RESP_START
191 1 0 0919086668 RESP_END
192 3 1 0920698352 STIM_START
192 3 1 0922296360 STIM_END_RESP_START
192 3 1 0923496376 RESP_END
193 1 0 0925078084 STIM_START
193 1 0 0926176712 STIM_END_RESP_START
193 1 0 0927376736 RESP_END
194 4 1 0929007360 STIM_START
194 4 1 0931104736 STIM_END_RESP_START
194 4 1 0932304760 RESP_END
195 3 0 0933909396 STIM_START
195 3 0 0935507400 STIM_END_RESP_START
195 3 0 0936707428 RESP_END
196 5 0 0938373952 STIM_START
196 5 0 0941470080 STIM_END_RESP_START
196 5 0 0942670108 RESP_END
197 4 0 0944296796 STIM_START
197 4 0 0946394180 STIM_END_RESP_START
197 4 0 0947594196 RESP_END
198 5 2 0949256836 STIM_START
198 5 2 0952352964 STIM_END_RESP_START
198 5 2 0953552984 RESP_END
199 2 0 0955150768 STIM_START
199 2 0 0956349292 STIM_END_RESP_START
199 2 0 0957549320 RESP_END
200 4 1 0959178900 STIM_START
200 4 1 0961276280 STIM_END_RESP_START
200 4 1 0962476304 RESP_END
201 3 2 0964080960 STIM_START
201 3 2 0965678956 STIM_END_RESP_START
201 3 2 0966878980 RESP_END
202 5 0 0968546520 STIM_START
202 5 0 0971642644 STIM_END_RESP_START
202 5 0 0972842668 RESP_END
203 3 2 0974451436 STIM_START
203 3 2 0976049440 STIM_END_RESP_START
203 3 2 0977249464 RESP_END
204 2 2 0978840136 STIM_START
204 2 2 0980038668 STIM_END_RESP_START
204 2 2 0981238688 RESP_END
205 2 2 0982838304 STIM_START
205 2 2 0984036828 STIM_END_RESP_START
205 2 2 0985236852 RESP_END
206 4 0 0986870436 STIM_START
206 4 0 0988967812 STIM_END_RESP_START
206 4 0 0990167836 RESP_END
207 1 1 0991761600 STIM_START
207 1 1 0992860228 STIM_END_RESP_START
207 1 1 0994060248 RESP_END
208 5 1 0995730696 STIM_START
208 5 1 0998826824 STIM_END_RESP_START
208 5 1 1000026848 RESP_END
209 3 0 1001648664 STIM_START
209 3 0 1003246684 STIM_END_RESP_START
209 3 0 1004446720 RESP_END
210 5 1 1006108208 STIM_START
210 5 1 1009204352 STIM_END_RESP_START
210 5 1 1010404392 RESP_END
211 4 1 1012028040 STIM_START
211 4 1 1014125432 STIM_END_RESP_START
211 4 1 1015325472 RESP_END
212 4 1 1016956116 STIM_START
212 4 1 1019053508 STIM_END_RESP_START
212 4 1 1020253552 RESP_END
213 2 0 1021846244 STIM_START
213 2 0 1023044752 STIM_END_RESP_START
213 2 0 1024244792 RESP_END
214 4 0 1025873344 STIM_START
214 4 0 1027970732 STIM_END_RESP_START
214 4 0 1029170772 RESP_END
215 4 2 1030802372 STIM_START
215 4 2 1032899768 STIM_END_RESP_START
215 4 2 1034099808 RESP_END
216 4 2 1035730500 STIM_START
216 4 2 1037827892 STIM_END_RESP_START
216 4 2 1039027932 RESP_END
217 3 0 1040634548 STIM_START
217 3 0 1042232568 STIM_END_RESP_START
217 3 0 1043432608 RESP_END
218 5 0 1045100156 STIM_START
218 5 0 1048196300 STIM_END_RESP_START
218 5 0 1049396344 RESP_END
219 1 0 1050985032 STIM_START
219 1 0 1052083676 STIM_END_RESP_START
219 1 0 1053283712 RESP_END
220 2 1 1054879400 STIM_START
220 2 1 1056077904 STIM_END_RESP_START
220 2 1 1057277940 RESP_END
221 5 2 1058946404 STIM_START
221 5 2 1062042540 STIM_END_RESP_START
221 5 2 1063242576 RESP_END
222 2 1 1064836400 STIM_START
222 2 1 1066034900 STIM_END_RESP_START
222 2 1 1067234936 RESP_END
223 5 0 1068901420 STIM_START
223 5 0 1071997556 STIM_END_RESP_START
223 5 0 1073197600 RESP_END
224 1 0 1074785328 STIM_START
224 1 0 1075883964 STIM_END_RESP_START
224 1 0 1077084004 RESP_END
225 2 0 1078681648 STIM_START
225 2 0 1079880148 STIM_END_RESP_START
225 2 0 1081080188 RESP_END
226 2 1 1082676792 STIM_START
226 2 1 1083875288 STIM_END_RESP_START
226 2 1 1085075328 RESP_END
227 1 0 1086668948 STIM_START
227 1 0 1087767588 STIM_END_RESP_START
227 1 0 1088967624 RESP_END
228 2 0 1090564232 STIM_START
228 2 0 1091762728 STIM_END_RESP_START
228 2 0 1092962768 RESP_END
229 2 0 1094554456 STIM_START
229 2 0 1095752964 STIM_END_RESP_START
229 2 0 1096953004 RESP_END
230 1 1 1098542636 STIM_START
230 1 1 1099641280 STIM_END_RESP_START
230 1 1 1100841320 RESP_END
231 2 0 1102431896 STIM_START
231 2 0 1103630404 STIM_END_RESP_START
231 2 0 1104830436 RESP_END
232 5 0 1106503008 STIM_START
232 5 0 1109599144 STIM_END_RESP_START
232 5 0 1110799188 RESP_END
233 2 0 1112392912 STIM_START
233 2 0 1113591412 STIM_END_RESP_START
233 2 0 1114791456 RESP_END
234 3 2 1116403020 STIM_START
234 3 2 1118001036 STIM_END_RESP_START
234 3 2 1119201076 RESP_END
235 4 2 1120834700 STIM_START
235 4 2 1122932088 STIM_END_RESP_START
235 4 2 1124132128 RESP_END
236 2 0 1125725780 STIM_START
236 2 0 1126924280 STIM_END_RESP_START
236 2 0 1128124320 RESP_END
237 4 1 1129753888 STIM_START
237 4 1 1131851280 STIM_END_RESP_START
237 4 1 1133051320 RESP_END
238 5 0 1134710964 STIM_START
238 5 0 1137807104 STIM_END_RESP_START
238 5 0 1139007144 RESP_END
239 5 1 1140670760 STIM_START
239 5 1 1143766896 STIM_END_RESP_START
239 5 1 1144966936 RESP_END
240 2 2 1146568624 STIM_START
240 2 2 1147767136 STIM_END_RESP_START
240 2 2 1148967176 RESP_END
241 5 1 1150633708 STIM_START
241 5 1 1153729852 STIM_END_RESP_START
241 5 1 1154929892 RESP_END
242 1 0 1156521628 STIM_START
242 1 0 1157620272 STIM_END_RESP_START
242 1 0 1158820312 RESP_END
243 5 0 1160489828 STIM_START
243 5 0 1163585968 STIM_END_RESP_START
243 5 0 1164786012 RESP_END
244 1 1 1166374724 STIM_START
244 1 1 1167473368 STIM_END_RESP_START
244 1 1 1168673408 RESP_END
245 4 1 1170321980 STIM_START
245 4 1 1172419372 STIM_END_RESP_START
245 4 1 1173619412 RESP_END
246 4 1 1175252040 STIM_START
246 4 1 1177349432 STIM_END_RESP_START
246 4 1 1178549476 RESP_END
247 5 0 1180210024 STIM_START
247 5 0 1183306168 STIM_END_RESP_START
247 5 0 1184506208 RESP_END
248 4 0 1186129852 STIM_START
248 4 0 1188227248 STIM_END_RESP_START
248 4 0 1189427288 RESP_END
249 5 0 1191095912 STIM_START
249 5 0 1194192056 STIM_END_RESP_START
249 5 0 1195392096 RESP_END
250 5 2 1197058668 STIM_START
250 5 2 1200154808 STIM_END_RESP_START
250 5 2 1201354848 RESP_END
251 2 2 1202949584 STIM_START
251 2 2 1204148084 STIM_END_RESP_START
251 2 2 1205348124 RESP_END
252 2 0 1206941748 STIM_START
252 2 0 1208140248 STIM_END_RESP_START
252 2 0 1209340288 RESP_END
253 1 2 1210930952 STIM_START
253 1 2 1212029596 STIM_END_RESP_START
253 1 2 1213229636 RESP_END
254 4 2 1214874176 STIM_START
254 4 2 1216971564 STIM_END_RESP_START
254 4 2 1218171604 RESP_END
255 4 0 1219802184 STIM_START
255 4 0 1221899572 STIM_END_RESP_START
255 4 0 1223099612 RESP_END
256 5 2 1224757268 STIM_START
256 5 2 1227853408 STIM_END_RESP_START
256 5 2 1229053448 RESP_END
257 2 2 1230652128 STIM_START
257 2 2 1231850632 STIM_END_RESP_START
257 2 2 1233050676 RESP_END
258 1 1 1234642328 STIM_START
258 1 1 1235740972 STIM_END_RESP_START
258 1 1 1236941012 RESP_END
259 5 0 1238601528 STIM_START
259 5 0 1241697672 STIM_END_RESP_START
259 5 0 1242897712 RESP_END
260 5 0 1244568276 STIM_START
260 5 0 1247664424 STIM_END_RESP_START
260 5 0 1248864464 RESP_END
261 3 2 1250473220 STIM_START
261 3 2 1252071236 STIM_END_RESP_START
261 3 2 1253271276 RESP_END
262 3 1 1254877916 STIM_START
262 3 1 1256475940 STIM_END_RESP_START
262 3 1 1257675984 RESP_END
263 1 1 1259262628 STIM_START
263 1 1 1260361272 STIM_END_RESP_START
263 1 1 1261561312 RESP_END
264 1 0 1263152912 STIM_START
264 1 0 1264251560 STIM_END_RESP_START
264 1 0 1265451600 RESP_END
265 3 0 1267065192 STIM_START
265 3 0 1268663208 STIM_END_RESP_START
265 3 0 1269863248 RESP_END
266 2 2 1271453840 STIM_START
266 2 2 1272652340 STIM_END_RESP_START
266 2 2 1273852380 RESP_END
267 2 0 1275448056 STIM_START
267 2 0 1276646564 STIM_END_RESP_START
267 2 0 1277846604 RESP_END
268 1 2 1279438192 STIM_START
268 1 2 1280536836 STIM_END_RESP_START
268 1 2 1281736876 RESP_END
269 5 2 1283406464 STIM_START
269 5 2 1286502608 STIM_END_RESP_START
269 5 2 1287702644 RESP_END
270 5 2 1289369244 STIM_START
270 5 2 1292465384 STIM_END_RESP_START
270 5 2 1293665428 RESP_END
271 4 0 1295295132 STIM_START
271 4 0 1297392524 STIM_END_RESP_START
271 4 0 1298592564 RESP_END
272 2 1 1300183204 STIM_START
272 2 1 1301381704 STIM_END_RESP_START
272 2 1 1302581744 RESP_END
273 1 1 1304170396 STIM_START
273 1 1 1305269036 STIM_END_RESP_START
273 1 1 1306469080 RESP_END
274 4 2 1308176536 STIM_START
274 4 2 1310273928 STIM_END_RESP_START
274 4 2 1311473972 RESP_END
275 3 0 1313081608 STIM_START
275 3 0 1314679620 STIM_END_RESP_START
275 3 0 1315879660 RESP_END
276 1 1 1317472308 STIM_START
276 1 1 1318570948 STIM_END_RESP_START
276 1 1 1319770984 RESP_END
277 3 2 1321385608 STIM_START
277 3 2 1322983628 STIM_END_RESP_START
277 3 2 1324183668 RESP_END
278 3 2 1325790296 STIM_START
278 3 2 1327388312 STIM_END_RESP_START
278 3 2 1328588348 RESP_END
279 5 0 1330253856 STIM_START
279 5 0 1333349992 STIM_END_RESP_START
279 5 0 1334550036 RESP_END
280 3 1 1336162776 STIM_START
280 3 1 1337760796 STIM_END_RESP_START
280 3 1 1338960832 RESP_END
281 1 0 1340557440 STIM_START
281 1 0 1341656084 STIM_END_RESP_START
281 1 0 1342856116 RESP_END
282 1 2 1344450760 STIM_START
282 1 2 1345549404 STIM_END_RESP_START
282 1 2 1346749436 RESP_END
283 3 1 1348364012 STIM_START
283 3 1 1349962032 STIM_END_RESP_START
283 3 1 1351162068 RESP_END
284 4 1 1352787652 STIM_START
284 4 1 1354885040 STIM_END_RESP_START
284 4 1 1356085080 RESP_END
285 2 0 1357679788 STIM_START
285 2 0 1358878288 STIM_END_RESP_START
285 2 0 1360078328 RESP_END
286 4 0 1361708884 STIM_START
286 4 0 1363806280 STIM_END_RESP_START
286 4 0 1365006312 RESP_END
287 4 1 1366639968 STIM_START
287 4 1 1368737360 STIM_END_RESP_START
287 4 1 1369937396 RESP_END
288 1 2 1371521060 STIM_START
288 1 2 1372619700 STIM_END_RESP_START
288 1 2 1373819740 RESP_END
289 3 1 1375433344 STIM_START
289 3 1 1377031368 STIM_END_RESP_START
289 3 1 1378231404 RESP_END
290 1 0 1379819040 STIM_START
290 1 0 1380917684 STIM_END_RESP_START
290 1 0 1382117724 RESP_END
291 1 2 1383712320 STIM_START
291 1 2 1384810964 STIM_END_RESP_START
291 1 2 1386011000 RESP_END
292 4 0 1387645564 STIM_START
292 4 0 1389742956 STIM_END_RESP_START
292 4 0 1390942992 RESP_END
293 1 2 1392527696 STIM_START
293 1 2 1393626340 STIM_END_RESP_START
293 1 2 1394826376 RESP_END
294 2 0 1396421992 STIM_START
294 2 0 1397620492 STIM_END_RESP_START
294 2 0 1398820532 RESP_END
295 5 1 1400486044 STIM_START
295 5 1 1403582184 STIM_END_RESP_START
295 5 1 1404782224 RESP_END
296 5 0 1406446856 STIM_START
296 5 0 1409542992 STIM_END_RESP_START
296 5 0 1410743032 RESP_END
297 2 0 1412334768 STIM_START
297 2 0 1413533268 STIM_END_RESP_START
297 2 0 1414733308 RESP_END
298 5 0 1416403876 STIM_START
298 5 0 1419500020 STIM_END_RESP_START
298 5 0 1420700060 RESP_END
299 2 2 1422291732 STIM_START
299 2 2 1423490240 STIM_END_RESP_START
299 2 2 1424690276 RESP_END
300 2 1 1426279944 STIM_START
300 2 1 1427478444 STIM_END_RESP_START
300 2 1 1428678484 RESP_END
301 5 0 1430347084 STIM_START
301 5 0 1433443220 STIM_END_RESP_START
301 5 0 1434643260 RESP_END
302 3 1 1436252912 STIM_START
302 3 1 1437850932 STIM_END_RESP_START
302 3 1 1439050972 RESP_END
303 3 0 1440666548 STIM_START
303 3 0 1442264568 STIM_END_RESP_START
303 3 0 1443464604 RESP_END
304 3 1 1445069288 STIM_START
304 3 1 1446667304 STIM_END_RESP_START
304 3 1 1447867340 RESP_END
305 4 0 1449496916 STIM_START
305 4 0 1451594308 STIM_END_RESP_START
305 4 0 1452794348 RESP_END
306 5 1 1454453888 STIM_START
306 5 1 1457550024 STIM_END_RESP_START
306 5 1 1458750064 RESP_END
307 3 0 1460354780 STIM_START
307 3 0 1461952800 STIM_END_RESP_START
307 3 0 1463152840 RESP_END
308 4 0 1464782428 STIM_START
308 4 0 1466879816 STIM_END_RESP_START
308 4 0 1468079860 RESP_END
309 5 1 1469743472 STIM_START
309 5 1 1472839608 STIM_END_RESP_START
309 5 1 1474039652 RESP_END
310 3 0 1475651356 STIM_START
310 3 0 1477249376 STIM_END_RESP_START
310 3 0 1478449416 RESP_END
311 3 0 1480054024 STIM_START
311 3 0 1481652040 STIM_END_RESP_START
311 3 0 1482852076 RESP_END
312 2 1 1484450676 STIM_START
312 2 1 1485649184 STIM_END_RESP_START
312 2 1 1486849224 RESP_END
313 5 0 1488520776 STIM_START
313 5 0 1491616920 STIM_END_RESP_START
313 5 0 1492816956 RESP_END
314 3 0 1494428688 STIM_START
314 3 0 1496026700 STIM_END_RESP_START
314 3 0 1497226744 RESP_END
315 3 0 1498831356 STIM_START
315 3 0 1500429376 STIM_END_RESP_START
315 3 0 1501629412 RESP_END
316 2 1 1503225076 STIM_START
316 2 1 1504423580 STIM_END_RESP_START
316 2 1 1505623620 RESP_END
317 3 1 1507233184 STIM_START
317 3 1 1508831200 STIM_END_RESP_START
317 3 1 1510031240 RESP_END
318 4 1 1511657876 STIM_START
318 4 1 1513755268 STIM_END_RESP_START
318 4 1 1514955308 RESP_END
319 3 0 1516564004 STIM_START
319 3 0 1518162024 STIM_END_RESP_START
319 3 0 1519362060 RESP_END
320 5 0 1521031524 STIM_START
320 5 0 1524127660 STIM_END_RESP_START
320 5 0 1525327700 RESP_END
321 5 1 1526993380 STIM_START
321 5 1 1530089524 STIM_END_RESP_START
321 5 1 1531289556 RESP_END
322 2 0 1532885280 STIM_START
322 2 0 1534083780 STIM_END_RESP_START
322 2 0 1535283820 RESP_END
323 5 1 1536953340 STIM_START
323 5 1 1540049484 STIM_END_RESP_START
323 5 1 1541249524 RESP_END
324 3 1 1542855220 STIM_START
324 3 1 1544453240 STIM_END_RESP_START
324 3 1 1545653280 RESP_END
325 5 1 1547320840 STIM_START
325 5 1 1550416980 STIM_END_RESP_START
325 5 1 1551617016 RESP_END
326 2 0 1553209720 STIM_START
326 2 0 1554408220 STIM_END_RESP_START
326 2 0 1555608260 RESP_END
327 4 0 1557237872 STIM_START
327 4 0 1559335264 STIM_END_RESP_START
327 4 0 1560535304 RESP_END
328 3 2 1562139904 STIM_START
328 3 2 1563737920 STIM_END_RESP_START
328 3 2 1564937960 RESP_END
329 1 1 1566530660 STIM_START
329 1 1 1567629296 STIM_END_RESP_START
329 1 1 1568829336 RESP_END
330 2 1 1570426912 STIM_START
330 2 1 1571625412 STIM_END_RESP_START
330 2 1 1572825456 RESP_END
331 2 0 1574422108 STIM_START
331 2 0 1575620604 STIM_END_RESP_START
331 2 0 1576820648 RESP_END
332 4 2 1578450240 STIM_START
332 4 2 1580547628 STIM_END_RESP_START
332 4 2 1581747672 RESP_END
333 4 1 1583375300 STIM_START
333 4 1 1585472696 STIM_END_RESP_START
333 4 1 1586672736 RESP_END
334 1 1 1588253436 STIM_START
334 1 1 1589352080 STIM_END_RESP_START
334 1 1 1590552116 RESP_END
335 3 0 1592163720 STIM_START
335 3 0 1593761736 STIM_END_RESP_START
335 3 0 1594961776 RESP_END
336 4 1 1596583368 STIM_START
336 4 1 1598680760 STIM_END_RESP_START
336 4 1 1599880800 RESP_END
337 1 1 1601474492 STIM_START
337 1 1 1602573136 STIM_END_RESP_START
337 1 1 1603773176 RESP_END
338 4 1 1605403728 STIM_START
338 4 1 1607501120 STIM_END_RESP_START
338 4 1 1608701156 RESP_END
339 2 0 1610292764 STIM_START
339 2 0 1611491264 STIM_END_RESP_START
339 2 0 1612691304 RESP_END
340 2 1 1614291008 STIM_START
340 2 1 1615489508 STIM_END_RESP_START
340 2 1 1616689548 RESP_END
341 2 0 1618286152 STIM_START
341 2 0 1619484652 STIM_END_RESP_START
341 2 0 1620684696 RESP_END
342 5 0 1622350240 STIM_START
342 5 0 1625446376 STIM_END_RESP_START
342 5 0 1626646420 RESP_END
343 4 2 1628279124 STIM_START
343 4 2 1630376516 STIM_END_RESP_START
343 4 2 1631576556 RESP_END
344 5 1 1633238136 STIM_START
344 5 1 1636334276 STIM_END_RESP_START
344 5 1 1637534316 RESP_END
345 1 1 1639121048 STIM_START
345 1 1 1640219692 STIM_END_RESP_START
345 1 1 1641419724 RESP_END
346 1 0 1643019308 STIM_START
346 1 0 1644117944 STIM_END_RESP_START
346 1 0 1645317984 RESP_END
347 1 1 1646903636 STIM_START
347 1 1 1648002280 STIM_END_RESP_START
347 1 1 1649202320 RESP_END
348 3 2 1650807888 STIM_START
348 3 2 1652405904 STIM_END_RESP_START
348 3 2 1653605944 RESP_END
349 2 0 1655203584 STIM_START
349 2 0 1656402092 STIM_END_RESP_START
349 2 0 1657602132 RESP_END
350 4 0 1659231720 STIM_START
350 4 0 1661329112 STIM_END_RESP_START
350 4 0 1662529152 RESP_END
351 1 2 1664113820 STIM_START
351 1 2 1665212460 STIM_END_RESP_START
351 1 2 1666412496 RESP_END
352 5 0 1668080020 STIM_START
352 5 0 1671176156 STIM_END_RESP_START
352 5 0 1672376196 RESP_END
353 1 0 1673967972 STIM_START
353 1 0 1675066620 STIM_END_RESP_START
353 1 0 1676266660 RESP_END
354 3 1 1677881212 STIM_START
354 3 1 1679479228 STIM_END_RESP_START
354 3 1 1680679268 RESP_END
355 2 1 1682268912 STIM_START
355 2 1 1683467416 STIM_END_RESP_START
355 2 1 1684667452 RESP_END
356 5 1 1686330988 STIM_START
356 5 1 1689427132 STIM_END_RESP_START
356 5 1 1690627172 RESP_END
357 3 0 1692241912 STIM_START
357 3 0 1693839932 STIM_END_RESP_START
357 3 0 1695039968 RESP_END
358 5 1 1696700464 STIM_START
358 5 1 1699796600 STIM_END_RESP_START
358 5 1 1700996640 RESP_END
359 2 1 1702586388 STIM_START
359 2 1 1703784888 STIM_END_RESP_START
359 2 1 1704984928 RESP_END
360 4 1 1706621508 STIM_START
360 4 1 1708718896 STIM_END_RESP_START
360 4 1 1709918936 RESP_END
361 1 0 1711505576 STIM_START
361 1 0 1712604224 STIM_END_RESP_START
361 1 0 1713804256 RESP_END
362 5 2 1715469856 STIM_START
362 5 2 1718566000 STIM_END_RESP_START
362 5 2 1719766036 RESP_END
363 3 0 1721376744 STIM_START
363 3 0 1722974764 STIM_END_RESP_START
363 3 0 1724174804 RESP_END
364 5 1 1725837324 STIM_START
364 5 1 1728933460 STIM_END_RESP_START
364 5 1 1730133500 RESP_END
365 5 0 1731792092 STIM_START
365 5 0 1734888228 STIM_END_RESP_START
365 5 0 1736088268 RESP_END
366 4 0 1737719024 STIM_START
366 4 0 1739816416 STIM_END_RESP_START
366 4 0 1741016456 RESP_END
367 1 1 1742613036 STIM_START
367 1 1 1743711680 STIM_END_RESP_START
367 1 1 1744911720 RESP_END
368 5 1 1746581284 STIM_START
368 5 1 1749677424 STIM_END_RESP_START
368 5 1 1750877464 RESP_END
369 4 0 1752505144 STIM_START
369 4 0 1754602540 STIM_END_RESP_START
369 4 0 1755802576 RESP_END
370 5 1 1757466200 STIM_START
370 5 1 1760562344 STIM_END_RESP_START
370 5 1 1761762384 RESP_END
371 5 0 1763426932 STIM_START
371 5 0 1766523076 STIM_END_RESP_START
371 5 0 1767723112 RESP_END
372 4 1 1769349776 STIM_START
372 4 1 1771447168 STIM_END_RESP_START
372 4 1 1772647208 RESP_END
373 2 1 1774239900 STIM_START
373 2 1 1775438400 STIM_END_RESP_START
373 2 1 1776638440 RESP_END
374 5 0 1778307972 STIM_START
374 5 0 1781404116 STIM_END_RESP_START
374 5 0 1782604156 RESP_END
375 5 2 1784269816 STIM_START
375 5 2 1787365960 STIM_END_RESP_START
375 5 2 1788566000 RESP_END
376 3 2 1790176668 STIM_START
376 3 2 1791774684 STIM_END_RESP_START
376 3 2 1792974724 RESP_END
377 5 0 1794634232 STIM_START
377 5 0 1797730376 STIM_END_RESP_START
377 5 0 1798930408 RESP_END
378 1 1 1800520152 STIM_START
378 1 1 1801618800 STIM_END_RESP_START
378 1 1 1802818840 RESP_END
379 2 0 1804407508 STIM_START
379 2 0 1805606016 STIM_END_RESP_START
379 2 0 1806806056 RESP_END
380 3 2 1808419656 STIM_START
380 3 2 1810017676 STIM_END_RESP_START
380 3 2 1811217716 RESP_END
381 5 1 1812889300 STIM_START
381 5 1 1815985444 STIM_END_RESP_START
381 5 1 1817185488 RESP_END
382 5 1 1818848056 STIM_START
382 5 1 1821944196 STIM_END_RESP_START
382 5 1 1823144236 RESP_END
383 4 0 1824767904 STIM_START
383 4 0 1826865304 STIM_END_RESP_START
383 4 0 1828065344 RESP_END
384 3 0 1829675980 STIM_START
384 3 0 1831274004 STIM_END_RESP_START
384 3 0 1832474044 RESP_END
385 4 0 1834097652 STIM_START
385 4 0 1836195052 STIM_END_RESP_START
385 4 0 1837395092 RESP_END
386 3 1 1839006744 STIM_START
386 3 1 1840604760 STIM_END_RESP_START
386 3 1 1841804804 RESP_END
387 1 0 1843393400 STIM_START
387 1 0 1844492044 STIM_END_RESP_START
387 1 0 1845692080 RESP_END
388 4 2 1847328672 STIM_START
388 4 2 1849426068 STIM_END_RESP_START
388 4 2 1850626108 RESP_END
389 1 2 1852212780 STIM_START
389 1 2 1853311424 STIM_END_RESP_START
389 1 2 1854511464 RESP_END
390 3 1 1856122024 STIM_START
390 3 1 1857720036 STIM_END_RESP_START
390 3 1 1858920076 RESP_END
391 1 0 1860506768 STIM_START
391 1 0 1861605412 STIM_END_RESP_START
391 1 0 1862805444 RESP_END
392 1 1 1864396032 STIM_START
392 1 1 1865494676 STIM_END_RESP_START
392 1 1 1866694720 RESP_END
393 3 1 1868310336 STIM_START
393 3 1 1869908360 STIM_END_RESP_START
393 3 1 1871108396 RESP_END
394 5 1 1872769916 STIM_START
394 5 1 1875866060 STIM_END_RESP_START
394 5 1 1877066104 RESP_END
395 2 0 1878663880 STIM_START
395 2 0 1879862388 STIM_END_RESP_START
395 2 0 1881062428 RESP_END
396 3 2 1882672056 STIM_START
396 3 2 1884270076 STIM_END_RESP_START
396 3 2 1885470116 RESP_END
397 3 0 1887074652 STIM_START
397 3 0 1888672668 STIM_END_RESP_START
397 3 0 1889872708 RESP_END
398 3 1 1891485372 STIM_START
398 3 1 1893083392 STIM_END_RESP_START
398 3 1 1894283436 RESP_END
399 3 0 1895897068 STIM_START
399 3 0 1897495088 STIM_END_RESP_START
399 3 0 1898695132 RESP_END
400 4 0 1900327704 STIM_START
400 4 0 1902425104 STIM_END_RESP_START
400 4 0 1903625140 RESP_END
401 3 0 1905235776 STIM_START
401 3 0 1906833800 STIM_END_RESP_START
401 3 0 1908033844 RESP_END
402 3 1 1909642492 STIM_START
402 3 1 1911240504 STIM_END_RESP_START
402 3 1 1912440548 RESP_END
403 2 0 1914031128 STIM_START
403 2 0 1915229628 STIM_END_RESP_START
403 2 0 1916429668 RESP_END
404 3 1 1918044332 STIM_START
404 3 1 1919642348 STIM_END_RESP_START
404 3 1 1920842388 RESP_END
405 5 2 1922504932 STIM_START
405 5 2 1925601072 STIM_END_RESP_START
405 5 2 1926801112 RESP_END
406 1 2 1928395828 STIM_START
406 1 2 1929494468 STIM_END_RESP_START
406 1 2 1930694508 RESP_END
407 5 0 1932363028 STIM_START
407 5 0 1935459164 STIM_END_RESP_START
407 5 0 1936659208 RESP_END
408 3 0 1938267920 STIM_START
408 3 0 1939865940 STIM_END_RESP_START
408 3 0 1941065980 RESP_END
409 4 2 1942692588 STIM_START
409 4 2 1944789980 STIM_END_RESP_START
409 4 2 1945990020 RESP_END
410 2 0 1947581696 STIM_START
410 2 0 1948780196 STIM_END_RESP_START
410 2 0 1949980236 RESP_END
411 4 0 1951617808 STIM_START
411 4 0 1953715204 STIM_END_RESP_START
411 4 0 1954915240 RESP_END
412 3 0 1956516888 STIM_START
412 3 0 1958114904 STIM_END_RESP_START
412 3 0 1959314944 RESP_END
413 2 2 1960912576 STIM_START
413 2 2 1962111084 STIM_END_RESP_START
413 2 2 1963311128 RESP_END
414 4 2 1964942740 STIM_START
414 4 2 1967040132 STIM_END_RESP_START
414 4 2 1968240172 RESP_END
415 2 0 1969829828 STIM_START
415 2 0 1971028336 STIM_END_RESP_START
415 2 0 1972228376 RESP_END
416 3 1 1973838008 STIM_START
416 3 1 1975436024 STIM_END_RESP_START
416 3 1 1976636064 RESP_END
417 4 0 1978260588 STIM_START
417 4 0 1980357980 STIM_END_RESP_START
417 4 0 1981558024 RESP_END
418 5 2 1983223640 STIM_START
418 5 2 1986319784 STIM_END_RESP_START
418 5 2 1987519824 RESP_END
419 5 1 1989182500 STIM_START
419 5 1 1992278640 STIM_END_RESP_START
419 5 1 1993478680 RESP_END
420 3 1 1995093376 STIM_START
420 3 1 1996691392 STIM_END_RESP_START
420 3 1 1997891436 RESP_END
421 5 0 1999551936 STIM_START
421 5 0 2002648084 STIM_END_RESP_START
421 5 0 2003848116 RESP_END
422 4 1 2005482816 STIM_START
422 4 1 2007580208 STIM_END_RESP_START
422 4 1 2008780248 RESP_END
423 1 0 2010367928 STIM_START
423 1 0 2011466572 STIM_END_RESP_START
423 1 0 2012666616 RESP_END
424 5 1 2014333132 STIM_START
424 5 1 2017429268 STIM_END_RESP_START
424 5 1 2018629308 RESP_END
425 1 2 2020219948 STIM_START
425 1 2 2021318584 STIM_END_RESP_START
425 1 2 2022518624 RESP_END
426 5 1 2024188264 STIM_START
426 5 1 2027284400 STIM_END_RESP_START
426 5 1 2028484440 RESP_END
427 2 0 2030077100 STIM_START
427 2 0 2031275604 STIM_END_RESP_START
427 2 0 2032475644 RESP_END
428 3 1 2034086260 STIM_START
428 3 1 2035684276 STIM_END_RESP_START
428 3 1 2036884316 RESP_END
429 3 2 2038485940 STIM_START
429 3 2 2040083964 STIM_END_RESP_START
429 3 2 2041284004 RESP_END
430 5 1 2042952592 STIM_START
430 5 1 2046048736 STIM_END_RESP_START
430 5 1 2047248776 RESP_END
431 5 0 2048921376 STIM_START
431 5 0 2052017516 STIM_END_RESP_START
431 5 0 2053217556 RESP_END
432 1 0 2054804256 STIM_START
432 1 0 2055902900 STIM_END_RESP_START
432 1 0 2057102940 RESP_END
433 2 0 2058698556 STIM_START
433 2 0 2059897060 STIM_END_RESP_START
433 2 0 2061097100 RESP_END
434 4 1 2062728664 STIM_START
434 4 1 2064826056 STIM_END_RESP_START
434 4 1 2066026096 RESP_END
435 1 2 2067621788 STIM_START
435 1 2 2068720432 STIM_END_RESP_START
435 1 2 2069920472 RESP_END
436 1 2 2071516116 STIM_START
436 1 2 2072614764 STIM_END_RESP_START
436 1 2 2073814804 RESP_END
437 3 0 2075430396 STIM_START
437 3 0 2077028420 STIM_END_RESP_START
437 3 0 2078228456 RESP_END
438 3 1 2079833036 STIM_START
438 3 1 2081431060 STIM_END_RESP_START
438 3 1 2082631100 RESP_END
439 3 1 2084241772 STIM_START
439 3 1 2085839784 STIM_END_RESP_START
439 3 1 2087039828 RESP_END
440 5 0 2088711332 STIM_START
440 5 0 2091807472 STIM_END_RESP_START
440 5 0 2093007512 RESP_END
441 4 1 2094637272 STIM_START
441 4 1 2096734664 STIM_END_RESP_START
441 4 1 2097934708 RESP_END
442 3 0 2099550224 STIM_START
442 3 0 2101148236 STIM_END_RESP_START
442 3 0 2102348276 RESP_END
443 2 0 2103946968 STIM_START
443 2 0 2105145472 STIM_END_RESP_START
443 2 0 2106345512 RESP_END
444 1 0 2107937124 STIM_START
444 1 0 2109035768 STIM_END_RESP_START
444 1 0 2110235808 RESP_END
445 3 1 2111836412 STIM_START
445 3 1 2113434424 STIM_END_RESP_START
445 3 1 2114634464 RESP_END
446 5 1 2116301992 STIM_START
446 5 1 2119398128 STIM_END_RESP_START
446 5 1 2120598168 RESP_END
447 4 0 2122225884 STIM_START
447 4 0 2124323272 STIM_END_RESP_START
447 4 0 2125523312 RESP_END
448 1 0 2127112008 STIM_START
448 1 0 2128210652 STIM_END_RESP_START
448 1 0 2129410692 RESP_END
449 2 0 2131010276 STIM_START
449 2 0 2132208784 STIM_END_RESP_START
449 2 0 2133408824 RESP_END
450 5 1 2135076344 STIM_START
450 5 1 2138172488 STIM_END_RESP_START
450 5 1 2139372520 RESP_END
451 2 1 2140968292 STIM_START
451 2 1 2142166792 STIM_END_RESP_START
451 2 1 2143366832 RESP_END
452 4 2 2144998404 STIM_START
452 4 2 2147095792 STIM_END_RESP_START
452 4 2 2148295836 RESP_END
453 4 0 2149924456 STIM_START
453 4 0 2152021844 STIM_END_RESP_START
453 4 0 2153221888 RESP_END
454 4 1 2154858508 STIM_START
454 4 1 2156955900 STIM_END_RESP_START
454 4 1 2158155940 RESP_END
455 3 0 2159761576 STIM_START
455 3 0 2161359592 STIM_END_RESP_START
455 3 0 2162559632 RESP_END
456 4 2 2164188300 STIM_START
456 4 2 2166285688 STIM_END_RESP_START
456 4 2 2167485728 RESP_END
457 3 2 2169087296 STIM_START
457 3 2 2170685312 STIM_END_RESP_START
457 3 2 2171885356 RESP_END
458 5 2 2173552984 STIM_START
458 5 2 2176649120 STIM_END_RESP_START
458 5 2 2177849156 RESP_END
459 4 0 2179475832 STIM_START
459 4 0 2181573224 STIM_END_RESP_START
459 4 0 2182773264 RESP_END
460 3 0 2184381876 STIM_START
460 3 0 2185979892 STIM_END_RESP_START
460 3 0 2187179936 RESP_END
461 5 0 2188850460 STIM_START
461 5 0 2191946596 STIM_END_RESP_START
461 5 0 2193146636 RESP_END
462 5 2 2194811300 STIM_START
462 5 2 2197907436 STIM_END_RESP_START
462 5 2 2199107480 RESP_END
463 4 0 2200735112 STIM_START
463 4 0 2202832504 STIM_END_RESP_START
463 4 0 2204032544 RESP_END
464 4 0 2205660180 STIM_START
464 4 0 2207757568 STIM_END_RESP_START
464 4 0 2208957608 RESP_END
465 2 1 2210552308 STIM_START
465 2 1 2211750808 STIM_END_RESP_START
465 2 1 2212950852 RESP_END
466 3 0 2214558440 STIM_START
466 3 0 2216156460 STIM_END_RESP_START
466 3 0 2217356500 RESP_END
467 1 2 2218950168 STIM_START
467 1 2 2220048812 STIM_END_RESP_START
467 1 2 2221248852 RESP_END
468 1 2 2222843472 STIM_START
468 1 2 2223942116 STIM_END_RESP_START
468 1 2 2225142160 RESP_END
469 5 1 2226801644 STIM_START
469 5 1 2229897788 STIM_END_RESP_START
469 5 1 2231097828 RESP_END
470 1 0 2232681600 STIM_START
470 1 0 2233780244 STIM_END_RESP_START
470 1 0 2234980276 RESP_END
471 4 0 2236609824 STIM_START
471 4 0 2238707212 STIM_END_RESP_START
471 4 0 2239907256 RESP_END
472 5 2 2241568828 STIM_START
472 5 2 2244664964 STIM_END_RESP_START
472 5 2 2245865004 RESP_END
473 5 2 2247536636 STIM_START
473 5 2 2250632780 STIM_END_RESP_START
473 5 2 2251832824 RESP_END
474 4 0 2253461536 STIM_START
474 4 0 2255558924 STIM_END_RESP_START
474 4 0 2256758964 RESP_END
475 2 2 2258346556 STIM_START
475 2 2 2259545060 STIM_END_RESP_START
475 2 2 2260745100 RESP_END
476 2 1 2262344784 STIM_START
476 2 1 2263543284 STIM_END_RESP_START
476 2 1 2264743324 RESP_END
477 1 1 2266336972 STIM_START
477 1 1 2267435616 STIM_END_RESP_START
477 1 1 2268635656 RESP_END
478 2 0 2270233284 STIM_START
478 2 0 2271431792 STIM_END_RESP_START
478 2 0 2272631836 RESP_END
479 1 0 2274224440 STIM_START
479 1 0 2275323084 STIM_END_RESP_START
479 1 0 2276523128 RESP_END
480 4 2 2278153668 STIM_START
480 4 2 2280251060 STIM_END_RESP_START
480 4 2 2281451100 RESP_END
481 1 0 2283038800 STIM_START
481 1 0 2284137440 STIM_END_RESP_START
481 1 0 2285337480 RESP_END
482 3 2 2286949084 STIM_START
482 3 2 2288547108 STIM_END_RESP_START
482 3 2 2289747148 RESP_END
483 2 1 2291344768 STIM_START
483 2 1 2292543272 STIM_END_RESP_START
483 2 1 2293743312 RESP_END
484 5 0 2295415844 STIM_START
484 5 0 2298511984 STIM_END_RESP_START
484 5 0 2299712024 RESP_END
485 2 1 2301305780 STIM_START
485 2 1 2302504288 STIM_END_RESP_START
485 2 1 2303704328 RESP_END
486 5 0 2305370864 STIM_START
486 5 0 2308467008 STIM_END_RESP_START
486 5 0 2309667048 RESP_END
487 1 1 2311258712 STIM_START
487 1 1 2312357356 STIM_END_RESP_START
487 1 1 2313557396 RESP_END
488 4 0 2315190040 STIM_START
488 4 0 2317287436 STIM_END_RESP_START
488 4 0 2318487472 RESP_END
489 1 2 2320083104 STIM_START
489 1 2 2321181748 STIM_END_RESP_START
489 1 2 2322381780 RESP_END
490 2 1 2323978396 STIM_START
490 2 1 2325176896 STIM_END_RESP_START
490 2 1 2326376936 RESP_END
491 3 0 2327993544 STIM_START
491 3 0 2329591560 STIM_END_RESP_START
491 3 0 2330791604 RESP_END
492 5 0 2332463220 STIM_START
492 5 0 2335559360 STIM_END_RESP_START
492 5 0 2336759400 RESP_END
493 4 1 2338389028 STIM_START
493 4 1 2340486420 STIM_END_RESP_START
493 4 1 2341686456 RESP_END
494 5 0 2343346076 STIM_START
494 5 0 2346442220 STIM_END_RESP_START
494 5 0 2347642260 RESP_END
495 3 1 2349251964 STIM_START
495 3 1 2350849980 STIM_END_RESP_START
495 3 1 2352050020 RESP_END
496 3 2 2353655636 STIM_START
496 3 2 2355253656 STIM_END_RESP_START
496 3 2 2356453696 RESP_END
497 3 0 2358064228 STIM_START
497 3 0 2359662244 STIM_END_RESP_START
497 3 0 2360862284 RESP_END
498 5 2 2362533872 STIM_START
498 5 2 2365630016 STIM_END_RESP_START
498 5 2 2366830056 RESP_END
499 5 0 2368493700 STIM_START
499 5 0 2371589836 STIM_END_RESP_START
499 5 0 2372789876 RESP_END
500 4 0 2374411536 STIM_START
500 4 0 2376508924 STIM_END_RESP_START
500 4 0 2377708964 RESP_END
501 2 1 2379302612 STIM_START
501 2 1 2380501120 STIM_END_RESP_START
501 2 1 2381701160 RESP_END
502 5 1 2383357728 STIM_START
502 5 1 2386453876 STIM_END_RESP_START
502 5 1 2387653916 RESP_END
503 5 1 2389315500 STIM_START
503 5 1 2392411648 STIM_END_RESP_START
503 5 1 2393611688 RESP_END
504 4 0 2395234372 STIM_START
504 4 0 2397331764 STIM_END_RESP_START
504 4 0 2398531808 RESP_END
505 2 0 2400126496 STIM_START
505 2 0 2401325000 STIM_END_RESP_START
505 2 0 2402525036 RESP_END
506 1 1 2404124668 STIM_START
506 1 1 2405223312 STIM_END_RESP_START
506 1 1 2406423352 RESP_END
507 3 0 2408025988 STIM_START
507 3 0 2409624012 STIM_END_RESP_START
507 3 0 2410824052 RESP_END
508 2 0 2412420664 STIM_START
508 2 0 2413619168 STIM_END_RESP_START
508 2 0 2414819208 RESP_END
509 4 0 2416450792 STIM_START
509 4 0 2418548184 STIM_END_RESP_START
509 4 0 2419748228 RESP_END
510 2 1 2421345888 STIM_START
510 2 1 2422544396 STIM_END_RESP_START
510 2 1 2423744432 RESP_END
511 4 0 2425375076 STIM_START
511 4 0 2427472464 STIM_END_RESP_START
511 4 0 2428672508 RESP_END
512 3 1 2430280116 STIM_START
512 3 1 2431878132 STIM_END_RESP_START
512 3 1 2433078176 RESP_END
513 5 1 2434742716 STIM_START
513 5 1 2437838860 STIM_END_RESP_START
513 5 1 2439038896 RESP_END
514 5 1 2440710508 STIM_START
514 5 1 2443806648 STIM_END_RESP_START
514 5 1 2445006688 RESP_END
515 4 0 2446648380 STIM_START
515 4 0 2448745772 STIM_END_RESP_START
515 4 0 2449945816 RESP_END
516 3 1 2451556416 STIM_START
516 3 1 2453154432 STIM_END_RESP_START
516 3 1 2454354472 RESP_END
517 2 2 2455944104 STIM_START
517 2 2 2457142616 STIM_END_RESP_START
517 2 2 2458342660 RESP_END
518 1 0 2459934380 STIM_START
518 1 0 2461033024 STIM_END_RESP_START
518 1 0 2462233064 RESP_END
519 2 1 2463821604 STIM_START
519 2 1 2465020112 STIM_END_RESP_START
519 2 1 2466220156 RESP_END
520 1 1 2467815832 STIM_START
520 1 1 2468914476 STIM_END_RESP_START
520 1 1 2470114520 RESP_END
521 3 1 2471715152 STIM_START
521 3 1 2473313168 STIM_END_RESP_START
521 3 1 2474513208 RESP_END
522 5 0 2476183752 STIM_START
522 5 0 2479279888 STIM_END_RESP_START
522 5 0 2480479932 RESP_END
523 3 1 2482088620 STIM_START
523 3 1 2483686644 STIM_END_RESP_START
523 3 1 2484886684 RESP_END
524 5 0 2486545256 STIM_START
524 5 0 2489641400 STIM_END_RESP_START
524 5 0 2490841440 RESP_END
525 2 2 2492441112 STIM_START
525 2 2 2493639612 STIM_END_RESP_START
525 2 2 2494839656 RESP_END
526 2 1 2496431300 STIM_START
526 2 1 2497629804 STIM_END_RESP_START
526 2 1 2498829844 RESP_END
527 2 1 2500422516 STIM_START
527 2 1 2501621020 STIM_END_RESP_START
527 2 1 2502821064 RESP_END
528 3 0 2504431592 STIM_START
528 3 0 2506029616 STIM_END_RESP_START
528 3 0 2507229656 RESP_END
529 4 1 2508853336 STIM_START
529 4 1 2510950728 STIM_END_RESP_START
529 4 1 2512150768 RESP_END
530 5 1 2513816336 STIM_START
530 5 1 2516912484 STIM_END_RESP_START
530 5 1 2518112524 RESP_END
531 1 0 2519711216 STIM_START
531 1 0 2520809864 STIM_END_RESP_START
531 1 0 2522009904 RESP_END
532 5 0 2523673436 STIM_START
532 5 0 2526769580 STIM_END_RESP_START
532 5 0 2527969620 RESP_END
533 3 1 2529585256 STIM_START
533 3 1 2531183272 STIM_END_RESP_START
533 3 1 2532383316 RESP_END
534 1 1 2533969972 STIM_START
534 1 1 2535068612 STIM_END_RESP_START
534 1 1 2536268652 RESP_END
535 4 0 2537899248 STIM_START
535 4 0 2539996640 STIM_END_RESP_START
535 4 0 2541196684 RESP_END
536 3 0 2542812332 STIM_START
536 3 0 2544410348 STIM_END_RESP_START
536 3 0 2545610388 RESP_END
537 5 0 2547268964 STIM_START
537 5 0 2550365104 STIM_END_RESP_START
537 5 0 2551565144 RESP_END
538 2 1 2553154848 STIM_START
538 2 1 2554353352 STIM_END_RESP_START
538 2 1 2555553392 RESP_END
539 5 1 2557224976 STIM_START
539 5 1 2560321116 STIM_END_RESP_START
539 5 1 2561521152 RESP_END
540 3 1 2563130824 STIM_START
540 3 1 2564728844 STIM_END_RESP_START
540 3 1 2565928880 RESP_END
541 5 0 2567598444 STIM_START
541 5 0 2570694580 STIM_END_RESP_START
541 5 0 2571894616 RESP_END
542 3 0 2573502280 STIM_START
542 3 0 2575100300 STIM_END_RESP_START
542 3 0 2576300340 RESP_END
543 5 0 2577960892 STIM_START
543 5 0 2581057036 STIM_END_RESP_START
543 5 0 2582257076 RESP_END
544 3 2 2583861820 STIM_START
544 3 2 2585459840 STIM_END_RESP_START
544 3 2 2586659880 RESP_END
545 3 0 2588270460 STIM_START
545 3 0 2589868480 STIM_END_RESP_START
545 3 0 2591068520 RESP_END
546 4 2 2592694124 STIM_START
546 4 2 2594791520 STIM_END_RESP_START
546 4 2 2595991564 RESP_END
547 2 0 2597586244 STIM_START
547 2 0 2598784744 STIM_END_RESP_START
547 2 0 2599984788 RESP_END
548 1 0 2601576384 STIM_START
548 1 0 2602675028 STIM_END_RESP_START
548 1 0 2603875072 RESP_END
549 3 1 2605487708 STIM_START
549 3 1 2607085728 STIM_END_RESP_START
549 3 1 2608285768 RESP_END
550 1 1 2609884408 STIM_START
550 1 1 2610983052 STIM_END_RESP_START
550 1 1 2612183096 RESP_END
551 1 0 2613769644 STIM_START
551 1 0 2614868288 STIM_END_RESP_START
551 1 0 2616068332 RESP_END
552 3 1 2617678968 STIM_START
552 3 1 2619276984 STIM_END_RESP_START
552 3 1 2620477024 RESP_END
553 1 2 2622062724 STIM_START
553 1 2 2623161368 STIM_END_RESP_START
553 1 2 2624361400 RESP_END
554 4 0 2625992908 STIM_START
554 4 0 2628090296 STIM_END_RESP_START
554 4 0 2629290336 RESP_END
555 2 2 2630878068 STIM_START
555 2 2 2632076572 STIM_END_RESP_START
555 2 2 2633276612 RESP_END
556 5 1 2634942140 STIM_START
556 5 1 2638038284 STIM_END_RESP_START
556 5 1 2639238324 RESP_END
557 2 0 2640833044 STIM_START
557 2 0 2642031544 STIM_END_RESP_START
557 2 0 2643231584 RESP_END
558 4 0 2644859128 STIM_START
558 4 0 2646956520 STIM_END_RESP_START
558 4 0 2648156560 RESP_END
559 2 1 2649746312 STIM_START
559 2 1 2650944820 STIM_END_RESP_START
559 2 1 2652144856 RESP_END
560 5 2 2653815372 STIM_START
560 5 2 2656911516 STIM_END_RESP_START
560 5 2 2658111552 RESP_END
561 4 1 2659741260 STIM_START
561 4 1 2661838652 STIM_END_RESP_START
561 4 1 2663038692 RESP_END
562 3 0 2664646300 STIM_START
562 3 0 2666244320 STIM_END_RESP_START
562 3 0 2667444360 RESP_END
563 2 0 2669045964 STIM_START
563 2 0 2670244464 STIM_END_RESP_START
563 2 0 2671444504 RESP_END
564 3 1 2673055184 STIM_START
564 3 1 2674653204 STIM_END_RESP_START
564 3 1 2675853240 RESP_END
565 3 1 2677458856 STIM_START
565 3 1 2679056876 STIM_END_RESP_START
565 3 1 2680256916 RESP_END
566 5 0 2681924404 STIM_START
566 5 0 2685020548 STIM_END_RESP_START
566 5 0 2686220588 RESP_END
567 4 2 2687849320 STIM_START
567 4 2 2689946716 STIM_END_RESP_START
567 4 2 2691146748 RESP_END
568 5 1 2692808360 STIM_START
568 5 1 2695904500 STIM_END_RESP_START
568 5 1 2697104540 RESP_END
569 1 0 2698696204 STIM_START
569 1 0 2699794848 STIM_END_RESP_START
569 1 0 2700994892 RESP_END
570 3 0 2702606524 STIM_START
570 3 0 2704204540 STIM_END_RESP_START
570 3 0 2705404580 RESP_END
571 3 1 2707009220 STIM_START
571 3 1 2708607240 STIM_END_RESP_START
571 3 1 2709807280 RESP_END
572 1 1 2711409928 STIM_START
572 1 1 2712508572 STIM_END_RESP_START
572 1 1 2713708612 RESP_END
573 3 1 2715314168 STIM_START
573 3 1 2716912188 STIM_END_RESP_START
573 3 1 2718112228 RESP_END
574 5 0 2719779824 STIM_START
574 5 0 2722875968 STIM_END_RESP_START
574 5 0 2724076008 RESP_END
575 3 2 2725685640 STIM_START
575 3 2 2727283656 STIM_END_RESP_START
575 3 2 2728483692 RESP_END
576 5 1 2730154288 STIM_START
576 5 1 2733250424 STIM_END_RESP_START
576 5 1 2734450464 RESP_END
577 3 1 2736056156 STIM_START
577 3 1 2737654176 STIM_END_RESP_START
577 3 1 2738854216 RESP_END
578 5 0 2740523740 STIM_START
578 5 0 2743619884 STIM_END_RESP_START
578 5 0 2744819924 RESP_END
579 1 1 2746410644 STIM_START
579 1 1 2747509288 STIM_END_RESP_START
579 1 1 2748709328 RESP_END
580 1 1 2750293988 STIM_START
580 1 1 2751392636 STIM_END_RESP_START
580 1 1 2752592676 RESP_END
581 5 1 2754265172 STIM_START
581 5 1 2757361312 STIM_END_RESP_START
581 5 1 2758561352 RESP_END
582 3 0 2760175044 STIM_START
582 3 0 2761773064 STIM_END_RESP_START
582 3 0 2762973100 RESP_END
583 2 0 2764562704 STIM_START
583 2 0 2765761208 STIM_END_RESP_START
583 2 0 2766961248 RESP_END
584 3 1 2768574888 STIM_START
584 3 1 2770172900 STIM_END_RESP_START
584 3 1 2771372940 RESP_END
585 2 0 2772964608 STIM_START
585 2 0 2774163108 STIM_END_RESP_START
585 2 0 2775363148 RESP_END
586 1 1 2776955776 STIM_START
586 1 1 2778054424 STIM_END_RESP_START
586 1 1 2779254464 RESP_END
587 3 1 2780865100 STIM_START
587 3 1 2782463120 STIM_END_RESP_START
587 3 1 2783663164 RESP_END
588 4 2 2785308696 STIM_START
588 4 2 2787406084 STIM_END_RESP_START
588 4 2 2788606124 RESP_END
589 5 0 2790270672 STIM_START
589 5 0 2793366820 STIM_END_RESP_START
589 5 0 2794566860 RESP_END
590 1 0 2796152632 STIM_START
590 1 0 2797251280 STIM_END_RESP_START
590 1 0 2798451320 RESP_END
591 4 2 2800082844 STIM_START
591 4 2 2802180240 STIM_END_RESP_START
591 4 2 2803380280 RESP_END
592 4 1 2805003888 STIM_START
592 4 1 2807101276 STIM_END_RESP_START
592 4 1 2808301320 RESP_END
593 3 1 2809910008 STIM_START
593 3 1 2811508032 STIM_END_RESP_START
593 3 1 2812708072 RESP_END
594 5 0 2814369588 STIM_START
594 5 0 2817465732 STIM_END_RESP_START
594 5 0 2818665772 RESP_END
595 2 0 2820262492 STIM_START
595 2 0 2821460996 STIM_END_RESP_START
595 2 0 2822661032 RESP_END
596 4 1 2824290652 STIM_START
596 4 1 2826388044 STIM_END_RESP_START
596 4 1 2827588084 RESP_END
597 4 1 2829223704 STIM_START
597 4 1 2831321100 STIM_END_RESP_START
597 4 1 2832521136 RESP_END
598 5 0 2834182680 STIM_START
598 5 0 2837278824 STIM_END_RESP_START
598 5 0 2838478864 RESP_END
599 4 1 2840112568 STIM_START
599 4 1 2842209960 STIM_END_RESP_START
599 4 1 2843410000 RESP_END
600 1 1 2844998708 STIM_START
600 1 1 2846097348 STIM_END_RESP_START
600 1 1 2847297388 RESP_END
601 1 0 2848879948 STIM_START
601 1 0 2849978592 STIM_END_RESP_START
601 1 0 2851178636 RESP_END
602 5 0 2852846168 STIM_START
602 5 0 2855942312 STIM_END_RESP_START
602 5 0 2857142356 RESP_END
603 2 2 2858735100 STIM_START
603 2 2 2859933604 STIM_END_RESP_START
603 2 2 2861133644 RESP_END
604 5 0 2862799164 STIM_START
604 5 0 2865895300 STIM_END_RESP_START
604 5 0 2867095344 RESP_END
605 5 1 2868757992 STIM_START
605 5 1 2871854136 STIM_END_RESP_START
605 5 1 2873054172 RESP_END
606 2 1 2874643928 STIM_START
606 2 1 2875842428 STIM_END_RESP_START
606 2 1 2877042472 RESP_END
607 2 0 2878633088 STIM_START
607 2 0 2879831588 STIM_END_RESP_START
607 2 0 2881031632 RESP_END
608 1 0 2882620284 STIM_START
608 1 0 2883718928 STIM_END_RESP_START
608 1 0 2884918968 RESP_END
609 4 1 2886541580 STIM_START
609 4 1 2888638972 STIM_END_RESP_START
609 4 1 2889839012 RESP_END
610 2 0 2891434672 STIM_START
610 2 0 2892633180 STIM_END_RESP_START
610 2 0 2893833220 RESP_END
611 5 1 2895500788 STIM_START
611 5 1 2898596932 STIM_END_RESP_START
611 5 1 2899796964 RESP_END
612 1 2 2901384608 STIM_START
612 1 2 2902483252 STIM_END_RESP_START
612 1 2 2903683292 RESP_END
613 3 0 2905294944 STIM_START
613 3 0 2906892956 STIM_END_RESP_START
613 3 0 2908092996 RESP_END
614 1 1 2909679672 STIM_START
614 1 1 2910778312 STIM_END_RESP_START
614 1 1 2911978352 RESP_END
615 2 1 2913577952 STIM_START
615 2 1 2914776456 STIM_END_RESP_START
615 2 1 2915976500 RESP_END
616 1 1 2917567168 STIM_START
616 1 1 2918665816 STIM_END_RESP_START
616 1 1 2919865856 RESP_END
617 2 0 2921453448 STIM_START
617 2 0 2922651952 STIM_END_RESP_START
617 2 0 2923851996 RESP_END
618 1 1 2925439572 STIM_START
618 1 1 2926538216 STIM_END_RESP_START
618 1 1 2927738260 RESP_END
619 4 1 2929365880 STIM_START
619 4 1 2931463280 STIM_END_RESP_START
619 4 1 2932663320 RESP_END
620 4 0 2934286956 STIM_START
620 4 0 2936384348 STIM_END_RESP_START
620 4 0 2937584388 RESP_END
621 5 1 2939256944 STIM_START
621 5 1 2942353084 STIM_END_RESP_START
621 5 1 2943553128 RESP_END
622 5 0 2945216756 STIM_START
622 5 0 2948312892 STIM_END_RESP_START
622 5 0 2949512936 RESP_END
623 1 1 2951104648 STIM_START
623 1 1 2952203292 STIM_END_RESP_START
623 1 1 2953403324 RESP_END
624 1 2 2954995972 STIM_START
624 1 2 2956094620 STIM_END_RESP_START
624 1 2 2957294660 RESP_END
625 4 1 2958925216 STIM_START
625 4 1 2961022608 STIM_END_RESP_START
625 4 1 2962222652 RESP_END
626 4 0 2963846276 STIM_START
626 4 0 2965943668 STIM_END_RESP_START
626 4 0 2967143708 RESP_END
627 1 2 2968736396 STIM_START
627 1 2 2969835044 STIM_END_RESP_START
627 1 2 2971035084 RESP_END
628 4 0 2972666648 STIM_START
628 4 0 2974764048 STIM_END_RESP_START
628 4 0 2975964080 RESP_END
629 1 0 2977553740 STIM_START
629 1 0 2978652388 STIM_END_RESP_START
629 1 0 2979852428 RESP_END
630 1 1 2981437092 STIM_START
630 1 1 2982535740 STIM_END_RESP_START
630 1 1 2983735780 RESP_END
631 1 1 2985326372 STIM_START
631 1 1 2986425020 STIM_END_RESP_START
631 1 1 2987625060 RESP_END
632 5 0 2989295532 STIM_START
632 5 0 2992391676 STIM_END_RESP_START
632 5 0 2993591716 RESP_END
633 3 1 2995198492 STIM_START
633 3 1 2996796516 STIM_END_RESP_START
633 3 1 2997996556 RESP_END
634 4 2 2999626144 STIM_START
634 4 2 3001723536 STIM_END_RESP_START
634 4 2 3002923576 RESP_END
635 4 0 3004558236 STIM_START
635 4 0 3006655636 STIM_END_RESP_START
635 4 0 3007855680 RESP_END
636 1 1 3009445252 STIM_START
636 1 1 3010543900 STIM_END_RESP_START
636 1 1 3011743944 RESP_END
637 2 0 3013342552 STIM_START
637 2 0 3014541056 STIM_END_RESP_START
637 2 0 3015741096 RESP_END
638 5 0 3017407652 STIM_START
638 5 0 3020503792 STIM_END_RESP_START
638 5 0 3021703836 RESP_END
639 5 1 3023371428 STIM_START
639 5 1 3026467568 STIM_END_RESP_START
639 5 1 3027667608 RESP_END
640 4 0 3029296268 STIM_START
640 4 0 3031393660 STIM_END_RESP_START
640 4 0 3032593700 RESP_END
641 1 0 3034190396 STIM_START
641 1 0 3035289044 STIM_END_RESP_START
641 1 0 3036489084 RESP_END
642 3 0 3038089716 STIM_START
642 3 0 3039687736 STIM_END_RESP_START
642 3 0 3040887772 RESP_END
643 4 1 3042517360 STIM_START
643 4 1 3044614748 STIM_END_RESP_START
643 4 1 3045814792 RESP_END
644 3 1 3047420436 STIM_START
644 3 1 3049018460 STIM_END_RESP_START
644 3 1 3050218500 RESP_END
645 2 2 3051816136 STIM_START
645 2 2 3053014636 STIM_END_RESP_START
645 2 2 3054214680 RESP_END
646 4 0 3055843260 STIM_START
646 4 0 3057940660 STIM_END_RESP_START
646 4 0 3059140700 RESP_END
647 3 0 3060745380 STIM_START
647 3 0 3062343396 STIM_END_RESP_START
647 3 0 3063543440 RESP_END
648 2 0 3065154084 STIM_START
648 2 0 3066352588 STIM_END_RESP_START
648 2 0 3067552628 RESP_END
649 2 1 3069143228 STIM_START
649 2 1 3070341728 STIM_END_RESP_START
649 2 1 3071541772 RESP_END
650 2 0 3073133436 STIM_START
650 2 0 3074331944 STIM_END_RESP_START
650 2 0 3075531984 RESP_END
651 3 1 3077147572 STIM_START
651 3 1 3078745592 STIM_END_RESP_START
651 3 1 3079945636 RESP_END
652 3 2 3081549296 STIM_START
652 3 2 3083147320 STIM_END_RESP_START
652 3 2 3084347356 RESP_END
653 5 1 3086013832 STIM_START
653 5 1 3089109968 STIM_END_RESP_START
653 5 1 3090310012 RESP_END
654 5 0 3091975640 STIM_START
654 5 0 3095071784 STIM_END_RESP_START
654 5 0 3096271820 RESP_END
655 3 0 3097878572 STIM_START
655 3 0 3099476588 STIM_END_RESP_START
655 3 0 3100676632 RESP_END
656 2 1 3102274244 STIM_START
656 2 1 3103472752 STIM_END_RESP_START
656 2 1 3104672792 RESP_END
657 4 2 3106301372 STIM_START
657 4 2 3108398764 STIM_END_RESP_START
657 4 2 3109598808 RESP_END
658 5 1 3111275436 STIM_START
658 5 1 3114371580 STIM_END_RESP_START
658 5 1 3115571624 RESP_END
659 3 0 3117187316 STIM_START
659 3 0 3118785332 STIM_END_RESP_START
659 3 0 3119985372 RESP_END
660 5 1 3121648840 STIM_START
660 5 1 3124744980 STIM_END_RESP_START
660 5 1 3125945024 RESP_END
661 1 2 3127535784 STIM_START
661 1 2 3128634432 STIM_END_RESP_START
661 1 2 3129834472 RESP_END
662 1 0 3131428104 STIM_START
662 1 0 3132526748 STIM_END_RESP_START
662 1 0 3133726792 RESP_END
663 4 0 3135361392 STIM_START
663 4 0 3137458784 STIM_END_RESP_START
663 4 0 3138658828 RESP_END
664 3 0 3140262452 STIM_START
664 3 0 3141860472 STIM_END_RESP_START
664 3 0 3143060516 RESP_END
665 3 2 3144670144 STIM_START
665 3 2 3146268168 STIM_END_RESP_START
665 3 2 3147468204 RESP_END
666 1 0 3149064808 STIM_START
666 1 0 3150163452 STIM_END_RESP_START
666 1 0 3151363492 RESP_END
667 4 1 3152996100 STIM_START
667 4 1 3155093492 STIM_END_RESP_START
667 4 1 3156293532 RESP_END
668 2 0 3157884136 STIM_START
668 2 0 3159082640 STIM_END_RESP_START
668 2 0 3160282680 RESP_END
669 4 1 3161913332 STIM_START
669 4 1 3164010728 STIM_END_RESP_START
669 4 1 3165210772 RESP_END
670 2 1 3166807408 STIM_START
670 2 1 3168005908 STIM_END_RESP_START
670 2 1 3169205952 RESP_END
671 5 1 3170873468 STIM_START
671 5 1 3173969608 STIM_END_RESP_START
671 5 1 3175169652 RESP_END
672 2 0 3176761420 STIM_START
672 2 0 3177959924 STIM_END_RESP_START
672 2 0 3179159964 RESP_END
673 1 1 3180755580 STIM_START
673 1 1 3181854228 STIM_END_RESP_START
673 1 1 3183054272 RESP_END
674 1 0 3184636916 STIM_START
674 1 0 3185735564 STIM_END_RESP_START
674 1 0 3186935604 RESP_END
675 4 2 3188568152 STIM_START
675 4 2 3190665548 STIM_END_RESP_START
675 4 2 3191865588 RESP_END
676 3 1 3193475240 STIM_START
676 3 1 3195073256 STIM_END_RESP_START
676 3 1 3196273300 RESP_END
677 2 0 3197862960 STIM_START
677 2 0 3199061464 STIM_END_RESP_START
677 2 0 3200261504 RESP_END
678 2 0 3201862112 STIM_START
678 2 0 3203060612 STIM_END_RESP_START
678 2 0 3204260656 RESP_END
679 1 2 3205851304 STIM_START
679 1 2 3206949948 STIM_END_RESP_START
679 1 2 3208149984 RESP_END
680 2 1 3209747576 STIM_START
680 2 1 3210946076 STIM_END_RESP_START
680 2 1 3212146120 RESP_END
681 1 0 3213739788 STIM_START
681 1 0 3214838432 STIM_END_RESP_START
681 1 0 3216038476 RESP_END
682 5 0 3217708020 STIM_START
682 5 0 3220804164 STIM_END_RESP_START
682 5 0 3222004200 RESP_END
683 2 0 3223594852 STIM_START
683 2 0 3224793364 STIM_END_RESP_START
683 2 0 3225993404 RESP_END
684 5 2 3227656020 STIM_START
684 5 2 3230752160 STIM_END_RESP_START
684 5 2 3231952200 RESP_END
685 3 0 3233555860 STIM_START
685 3 0 3235153876 STIM_END_RESP_START
685 3 0 3236353916 RESP_END
686 2 2 3237948584 STIM_START
686 2 2 3239147084 STIM_END_RESP_START
686 2 2 3240347128 RESP_END
687 2 1 3241943780 STIM_START
687 2 1 3243142288 STIM_END_RESP_START
687 2 1 3244342332 RESP_END
688 3 2 3245939964 STIM_START
688 3 2 3247537980 STIM_END_RESP_START
688 3 2 3248738024 RESP_END
689 3 0 3250346676 STIM_START
689 3 0 3251944700 STIM_END_RESP_START
689 3 0 3253144740 RESP_END
690 3 1 3254751348 STIM_START
690 3 1 3256349364 STIM_END_RESP_START
690 3 1 3257549404 RESP_END
691 2 2 3259149024 STIM_START
691 2 2 3260347532 STIM_END_RESP_START
691 2 2 3261547576 RESP_END
692 5 1 3263219128 STIM_START
692 5 1 3266315272 STIM_END_RESP_START
692 5 1 3267515308 RESP_END
693 1 0 3269108964 STIM_START
693 1 0 3270207612 STIM_END_RESP_START
693 1 0 3271407656 RESP_END
694 1 0 3273002300 STIM_START
694 1 0 3274100944 STIM_END_RESP_START
694 1 0 3275300988 RESP_END
695 5 0 3276958476 STIM_START
695 5 0 3280054620 STIM_END_RESP_START
695 5 0 3281254656 RESP_END
696 3 2 3282869400 STIM_START
696 3 2 3284467416 STIM_END_RESP_START
696 3 2 3285667456 RESP_END
697 4 2 3287292068 STIM_START
697 4 2 3289389460 STIM_END_RESP_START
697 4 2 3290589500 RESP_END
698 3 1 3292199168 STIM_START
698 3 1 3293797180 STIM_END_RESP_START
698 3 1 3294997224 RESP_END
699 1 0 3296584872 STIM_START
699 1 0 3297683516 STIM_END_RESP_START
699 1 0 3298883552 RESP_END
700 2 1 3300474148 STIM_START
700 2 1 3301672648 STIM_END_RESP_START
700 2 1 3302872688 RESP_END
701 4 1 3304506328 STIM_START
701 4 1 3306603724 STIM_END_RESP_START
701 4 1 3307803764 RESP_END
702 5 2 3309465312 STIM_START
702 5 2 3312561456 STIM_END_RESP_START
702 5 2 3313761500 RESP_END
703 4 0 3315396144 STIM_START
703 4 0 3317493536 STIM_END_RESP_START
703 4 0 3318693580 RESP_END
704 5 0 3320358144 STIM_START
704 5 0 3323454280 STIM_END_RESP_START
704 5 0 3324654324 RESP_END
705 2 1 3326243028 STIM_START
705 2 1 3327441528 STIM_END_RESP_START
705 2 1 3328641572 RESP_END
706 4 0 3330277240 STIM_START
706 4 0 3332374636 STIM_END_RESP_START
706 4 0 3333574676 RESP_END
707 4 1 3335197228 STIM_START
707 4 1 3337294620 STIM_END_RESP_START
707 4 1 3338494660 RESP_END
708 1 0 3340088392 STIM_START
708 1 0 3341187032 STIM_END_RESP_START
708 1 0 3342387072 RESP_END
709 5 0 3344056604 STIM_START
709 5 0 3347152740 STIM_END_RESP_START
709 5 0 3348352780 RESP_END
710 4 0 3349983468 STIM_START
710 4 0 3352080864 STIM_END_RESP_START
710 4 0 3353280904 RESP_END
711 3 1 3354888548 STIM_START
711 3 1 3356486564 STIM_END_RESP_START
711 3 1 3357686604 RESP_END
712 3 0 3359292164 STIM_START
712 3 0 3360890184 STIM_END_RESP_START
712 3 0 3362090220 RESP_END
713 5 0 3363748804 STIM_START
713 5 0 3366844944 STIM_END_RESP_START
713 5 0 3368044984 RESP_END
714 5 1 3369705604 STIM_START
714 5 1 3372801740 STIM_END_RESP_START
714 5 1 3374001776 RESP_END
715 4 1 3375646440 STIM_START
715 4 1 3377743832 STIM_END_RESP_START
715 4 1 3378943872 RESP_END
716 2 1 3380542592 STIM_START
716 2 1 3381741092 STIM_END_RESP_START
716 2 1 3382941132 RESP_END
717 2 0 3384535736 STIM_START
717 2 0 3385734240 STIM_END_RESP_START
717 2 0 3386934280 RESP_END
718 3 2 3388543912 STIM_START
718 3 2 3390141932 STIM_END_RESP_START
718 3 2 3391341976 RESP_END
