001 1 0004727880 STIM_START
001 1 0005826528 STIM_END_RESP_START
001 1 0007026572 RESP_END
002 0 0008761108 STIM_START
002 0 0009859760 STIM_END_RESP_START
002 0 0011059804 RESP_END
003 0 0013163868 STIM_START
003 0 0014262536 STIM_END_RESP_START
003 0 0015462560 RESP_END
004 1 0017226024 STIM_START
004 1 0017780904 LICK
004 1 0017949456 LICK
004 1 0018118716 LICK
004 1 0018267464 LICK
004 1 0018324688 STIM_END_RESP_START
004 1 0018414188 LICK
004 1 0018414632 REWARD_START
004 1 0018558200 LICK
004 1 0018766268 LICK
004 1 0019524724 RESP_END
004 1 0018445092 REWARD_END
005 0 0021544900 STIM_START
005 0 0022643572 STIM_END_RESP_START
005 0 0023843592 RESP_END
006 0 0025798800 STIM_START
006 0 0026897468 STIM_END_RESP_START
006 0 0028097488 RESP_END
007 1 0030037708 STIM_START
007 1 0031136380 STIM_END_RESP_START
007 1 0031371580 LICK
007 1 0031372016 REWARD_START
007 1 0032336404 RESP_END
007 1 0031402484 REWARD_END
008 1 0034085896 STIM_START
008 1 0035184560 STIM_END_RESP_START
008 1 0035362472 LICK
008 1 0035362916 REWARD_START
008 1 0036384576 RESP_END
008 1 0035393376 REWARD_END
009 0 0038903212 STIM_START
009 0 0040001880 STIM_END_RESP_START
009 0 0041201904 RESP_END
010 1 0042844500 STIM_START
010 1 0043943168 STIM_END_RESP_START
010 1 0044022376 LICK
010 1 0044022820 REWARD_START
010 1 0045143196 RESP_END
010 1 0044053264 REWARD_END
011 1 0047129468 STIM_START
011 1 0048228140 STIM_END_RESP_START
011 1 0048402220 LICK
011 1 0048402664 REWARD_START
011 1 0049428176 RESP_END
011 1 0048433124 REWARD_END
012 1 0051196520 STIM_START
012 1 0052228404 LICK
012 1 0052295188 STIM_END_RESP_START
012 1 0052544372 LICK
012 1 0052544816 REWARD_START
012 1 0053495204 RESP_END
012 1 0052575264 REWARD_END
013 0 0055243680 STIM_START
013 0 0056342352 STIM_END_RESP_START
013 0 0057542376 RESP_END
014 1 0059589516 STIM_START
014 1 0060688152 STIM_END_RESP_START
014 1 0060874432 LICK
014 1 0060874876 REWARD_START
014 1 0061888172 RESP_END
014 1 0060905340 REWARD_END
015 1 0063935316 STIM_START
015 1 0065033992 STIM_END_RESP_START
015 1 0065247828 LICK
015 1 0065248276 REWARD_START
015 1 0066234028 RESP_END
015 1 0065278736 REWARD_END
016 0 0067919616 STIM_START
016 0 0069018288 STIM_END_RESP_START
016 0 0070218312 RESP_END
017 0 0071965764 STIM_START
017 0 0073064428 STIM_END_RESP_START
017 0 0074264456 RESP_END
018 0 0076272632 STIM_START
018 0 0077371308 STIM_END_RESP_START
018 0 0078571332 RESP_END
019 1 0080446700 STIM_START
019 1 0081545372 STIM_END_RESP_START
019 1 0081764388 LICK
019 1 0081764828 REWARD_START
019 1 0082745384 RESP_END
019 1 0081795280 REWARD_END
020 1 0084428960 STIM_START
020 1 0085527632 STIM_END_RESP_START
020 1 0085791204 LICK
020 1 0085791644 REWARD_START
020 1 0086727676 RESP_END
020 1 0085822092 REWARD_END
021 0 0088694868 STIM_START
021 0 0089793532 STIM_END_RESP_START
021 0 0090993560 RESP_END
022 0 0092584212 STIM_START
022 0 0093682884 STIM_END_RESP_START
022 0 0094882912 RESP_END
023 0 0096513512 STIM_START
023 0 0097612184 STIM_END_RESP_START
023 0 0098812208 RESP_END
024 1 0100486800 STIM_START
024 1 0101585444 STIM_END_RESP_START
024 1 0101794456 LICK
024 1 0101794944 REWARD_START
024 1 0102785480 RESP_END
024 1 0101825452 REWARD_END
025 1 0104513960 STIM_START
025 1 0105612608 STIM_END_RESP_START
025 1 0105851460 LICK
025 1 0105851948 REWARD_START
025 1 0106812644 RESP_END
025 1 0105882456 REWARD_END
026 0 0108661068 STIM_START
026 0 0109759720 STIM_END_RESP_START
026 0 0110959764 RESP_END
027 1 0112672256 STIM_START
027 1 0113770904 STIM_END_RESP_START
027 1 0114970944 RESP_END
028 1 0116704428 STIM_START
028 1 0117803080 STIM_END_RESP_START
028 1 0119003116 RESP_END
029 1 0120793536 STIM_START
029 1 0121892188 STIM_END_RESP_START
029 1 0123092232 RESP_END
030 0 0124741836 STIM_START
030 0 0125840484 STIM_END_RESP_START
030 0 0127040528 RESP_END
031 0 0129014736 STIM_START
031 0 0130113388 STIM_END_RESP_START
USER_EXIT