001 0 0005175448 STIM_START
001 0 0006274064 STIM_END_RESP_START
001 0 0007474100 RESP_END
002 0 0009249444 STIM_START
002 0 0010348060 STIM_END_RESP_START
002 0 0011548084 RESP_END
003 1 0013615128 STIM_START
003 1 0014713752 STIM_END_RESP_START
003 1 0015254428 LICK
003 1 0015254868 REWARD_START
003 1 0015337240 LICK
003 1 0015524164 LICK
003 1 0015759000 LICK
003 1 0015913792 RESP_END
003 1 0015285320 REWARD_END
004 1 0018593016 STIM_START
004 1 0019484316 LICK
004 1 0019538376 LICK
004 1 0019691636 STIM_END_RESP_START
004 1 0020107284 LICK
004 1 0020107720 REWARD_START
004 1 0020361796 LICK
004 1 0020739092 LICK
004 1 0020891656 RESP_END
004 1 0020138168 REWARD_END
005 0 0023122468 STIM_START
005 0 0024221100 STIM_END_RESP_START
005 0 0025407992 LICK
005 0 0025408428 TIMEOUT_START
005 0 0025421136 RESP_END
005 0 0032408880 TIMEOUT_END
USER_EXIT