001 0 0005726696 STIM_START
001 0 0006825352 STIM_END_RESP_START
001 0 0008025396 RESP_END
002 0 0009741884 STIM_START
002 0 0010840536 STIM_END_RESP_START
002 0 0012040560 RESP_END
003 1 0013800048 STIM_START
003 1 0014898716 STIM_END_RESP_START
003 1 0015010044 LICK
003 1 0015010480 REWARD_START
003 1 0016098760 RESP_END
003 1 0015050944 REWARD_END
004 1 0017810256 STIM_START
004 1 0018908928 STIM_END_RESP_START
004 1 0019294580 LICK
004 1 0019295020 REWARD_START
004 1 0020108972 RESP_END
004 1 0019335484 REWARD_END
005 0 0023077988 STIM_START
005 0 0024176656 STIM_END_RESP_START
005 0 0025376676 RESP_END
006 1 0027047244 STIM_START
006 1 0028145912 STIM_END_RESP_START
006 1 0028385800 LICK
006 1 0028386236 REWARD_START
006 1 0029345940 RESP_END
006 1 0028426700 REWARD_END
007 0 0031331160 STIM_START
007 0 0032429836 STIM_END_RESP_START
007 0 0033629860 RESP_END
008 0 0036623896 STIM_START
008 0 0037722568 STIM_END_RESP_START
008 0 0038847868 LICK
008 0 0038848304 TIMEOUT_START
008 0 0038922584 RESP_END
008 0 0045848768 TIMEOUT_END
009 1 0047511920 STIM_START
009 1 0048610560 STIM_END_RESP_START
009 1 0048848608 LICK
009 1 0048849048 REWARD_START
009 1 0049810580 RESP_END
009 1 0048889508 REWARD_END
010 0 0053422892 STIM_START
010 0 0054521560 STIM_END_RESP_START
010 0 0055721588 RESP_END
011 1 0057754776 STIM_START
011 1 0058853444 STIM_END_RESP_START
011 1 0059031692 LICK
011 1 0059032132 REWARD_START
011 1 0060053464 RESP_END
011 1 0059072580 REWARD_END
012 1 0061770928 STIM_START
012 1 0062869600 STIM_END_RESP_START
012 1 0063996812 LICK
012 1 0063997256 REWARD_START
012 1 0064069608 RESP_END
012 1 0064037720 REWARD_END
013 0 0065818172 STIM_START
013 0 0066916844 STIM_END_RESP_START
013 0 0068116868 RESP_END
014 1 0069893280 STIM_START
014 1 0070991948 STIM_END_RESP_START
014 1 0072191972 RESP_END
USER_EXIT