001 0 0004122960 STIM_START
001 0 0005221612 STIM_END_RESP_START
001 0 0006421656 RESP_END
002 0 0008335928 STIM_START
002 0 0009434580 STIM_END_RESP_START
002 0 0010634624 RESP_END
003 1 0012453032 STIM_START
003 1 0013130368 LICK
003 1 0013521336 LICK
003 1 0013551684 STIM_END_RESP_START
003 1 0013721132 LICK
003 1 0013721568 REWARD_START
003 1 0013960168 LICK
003 1 0014751696 RESP_END
003 1 0013772032 REWARD_END
004 1 0016406360 STIM_START
004 1 0017505028 STIM_END_RESP_START
004 1 0017926360 LICK
004 1 0017926796 REWARD_START
004 1 0018705060 RESP_END
004 1 0017977252 REWARD_END
005 0 0020790140 STIM_START
005 0 0021888812 STIM_END_RESP_START
005 0 0023088836 RESP_END
006 1 0024841296 STIM_START
006 1 0025939960 STIM_END_RESP_START
006 1 0026406252 LICK
006 1 0026406688 REWARD_START
006 1 0027139980 RESP_END
006 1 0026457148 REWARD_END
007 0 0028862544 STIM_START
007 0 0029961208 STIM_END_RESP_START
007 0 0031161236 RESP_END
008 0 0033029580 STIM_START
008 0 0034128252 STIM_END_RESP_START
008 0 0035328276 RESP_END
009 1 0037402376 STIM_START
009 1 0038501044 STIM_END_RESP_START
009 1 0039701072 RESP_END
010 0 0041307684 STIM_START
010 0 0042406356 STIM_END_RESP_START
010 0 0043606380 RESP_END
011 1 0045512752 STIM_START
