001 1 0002659048 STIM_START
001 1 0003757700 STIM_END_RESP_START
001 1 0004957748 RESP_END
002 0 0006753164 STIM_START
002 0 0007851816 STIM_END_RESP_START
002 0 0009051864 RESP_END
003 1 0010799380 STIM_START
003 1 0011576972 LICK
003 1 0011757924 LICK
003 1 0011898032 STIM_END_RESP_START
003 1 0011940760 LICK
003 1 0011941204 REWARD_START
003 1 0012093764 LICK
003 1 0013098064 RESP_END
003 1 0011991660 REWARD_END
004 1 0015089316 STIM_START
004 1 0016098100 LICK
004 1 0016187968 STIM_END_RESP_START
004 1 0016268284 LICK
004 1 0016268724 REWARD_START
004 1 0016429508 LICK
004 1 0016616056 LICK
004 1 0017388012 RESP_END
004 1 0016319184 REWARD_END
005 1 0019284352 STIM_START
005 1 0020383020 STIM_END_RESP_START
005 1 0020615308 LICK
005 1 0020615744 REWARD_START
005 1 0021583040 RESP_END
005 1 0020666200 REWARD_END
006 0 0023466348 STIM_START
006 0 0024565020 STIM_END_RESP_START
006 0 0024768312 LICK
006 0 0024768752 TIMEOUT_START
006 0 0025765048 RESP_END
006 0 0031769196 TIMEOUT_END
007 0 0033572396 STIM_START
007 0 0034671068 STIM_END_RESP_START
007 0 0035871092 RESP_END
008 1 0037819312 STIM_START
008 1 0038917984 STIM_END_RESP_START
008 1 0040118008 RESP_END
009 0 0042052308 STIM_START
009 0 0043150980 STIM_END_RESP_START
009 0 0044351004 RESP_END
USER_EXIT