001 1 0003406516 STIM_START
001 1 0004505208 STIM_END_RESP_START
001 1 0005705252 RESP_END
002 1 0007650528 STIM_START
002 1 0008749220 STIM_END_RESP_START
002 1 0009949268 RESP_END
003 1 0011566988 STIM_START
003 1 0012665656 STIM_END_RESP_START
003 1 0013865680 RESP_END
004 0 0015595268 STIM_START
004 0 0016693936 STIM_END_RESP_START
004 0 0017893960 RESP_END
005 0 0019825396 STIM_START
005 0 0020924064 STIM_END_RESP_START
005 0 0022124092 RESP_END
006 0 0024161320 STIM_START
006 0 0025259984 STIM_END_RESP_START
006 0 0026460008 RESP_END
USER_EXIT