001 0 0002527712 STIM_START
001 0 0003626328 STIM_END_RESP_START
001 0 0004826368 RESP_END
002 1 0006677660 STIM_START
002 1 0007776308 STIM_END_RESP_START
002 1 0008976348 RESP_END
003 0 0010897496 STIM_START
003 0 0011996120 STIM_END_RESP_START
003 0 0013196144 RESP_END
004 1 0015285128 STIM_START
004 1 0016383760 STIM_END_RESP_START
004 1 0016444528 LICK
004 1 0016444964 REWARD_START
004 1 0016685804 LICK
004 1 0016855376 LICK
004 1 0017019560 LICK
004 1 0017480304 LICK
004 1 0017583788 RESP_END
004 1 0016475408 REWARD_END
005 1 0019260292 STIM_START
005 1 0020358924 STIM_END_RESP_START
005 1 0021558948 RESP_END
006 1 0023526136 STIM_START
006 1 0023952716 LICK
006 1 0024121160 LICK
006 1 0024624776 STIM_END_RESP_START
006 1 0024799796 LICK
006 1 0024800232 REWARD_START
006 1 0024963696 LICK
006 1 0025114264 LICK
006 1 0025272156 LICK
006 1 0025389924 LICK
006 1 0025824788 RESP_END
006 1 0024830680 REWARD_END
007 0 0027585180 STIM_START
007 0 0028683812 STIM_END_RESP_START
007 0 0029883836 RESP_END
008 0 0031598240 STIM_START
008 0 0032696872 STIM_END_RESP_START
USER_EXIT