001 1 0009296412 STIM_START
001 1 0010395028 STIM_END_RESP_START
001 1 0011595052 RESP_END
002 1 0013442336 STIM_START
002 1 0014540928 STIM_END_RESP_START
002 1 0015740952 RESP_END
003 1 0017648160 STIM_START
003 1 0018746752 STIM_END_RESP_START
003 1 0019946780 RESP_END
004 0 0022033760 STIM_START
004 0 0023132392 STIM_END_RESP_START
004 0 0024332420 RESP_END
005 1 0026004840 STIM_START
005 1 0027103472 STIM_END_RESP_START
005 1 0028303496 RESP_END
006 1 0030272596 STIM_START
006 1 0031371220 STIM_END_RESP_START
006 1 0032571248 RESP_END
USER_EXIT