001 5 5 0044778616 STIM_START
001 5 5 0047874684 STIM_END_RESP_START
001 5 5 0049074724 RESP_END
002 1 0 0050710364 STIM_START
002 1 0 0051808976 STIM_END_RESP_START
002 1 0 0053009020 RESP_END
003 3 5 0054687432 STIM_START
003 3 5 0056281404 LICK
003 3 5 0056285424 STIM_END_RESP_START
003 3 5 0056438968 LICK
003 3 5 0056439404 REWARD_START
003 3 5 0056590592 LICK
003 3 5 0057485460 RESP_END
003 3 5 0056469860 REWARD_END
004 4 4 0059139944 STIM_START
004 4 4 0060477260 LICK
004 4 4 0060650140 LICK
004 4 4 0060817952 LICK
004 4 4 0060953624 LICK
004 4 4 0061237280 STIM_END_RESP_START
004 4 4 0061320464 LICK
004 4 4 0061320904 REWARD_START
004 4 4 0061462664 LICK
004 4 4 0061639304 LICK
004 4 4 0062437316 RESP_END
004 4 4 0061351356 REWARD_END
005 3 5 0064108900 STIM_START
005 3 5 0065025940 LICK
005 3 5 0065200564 LICK
005 3 5 0065341764 LICK
005 3 5 0065480440 LICK
005 3 5 0065687460 LICK
005 3 5 0065706856 STIM_END_RESP_START
005 3 5 0065847896 LICK
005 3 5 0065848340 REWARD_START
005 3 5 0065988060 LICK
005 3 5 0066906904 RESP_END
005 3 5 0065878784 REWARD_END
006 2 0 0068504480 STIM_START
006 2 0 0069702952 STIM_END_RESP_START
006 2 0 0070902996 RESP_END
007 4 0 0072527552 STIM_START
007 4 0 0074624908 STIM_END_RESP_START
007 4 0 0075824952 RESP_END
008 2 0 0077421520 STIM_START
008 2 0 0078619996 STIM_END_RESP_START
008 2 0 0079820040 RESP_END
009 1 0 0081415616 STIM_START
009 1 0 0082514228 STIM_END_RESP_START
009 1 0 0083714276 RESP_END
010 1 0 0085299800 STIM_START
010 1 0 0086398412 STIM_END_RESP_START
010 1 0 0087598456 RESP_END
011 2 3 0089191092 STIM_START
011 2 3 0089654556 LICK
011 2 3 0089847752 LICK
011 2 3 0090027568 LICK
011 2 3 0090162596 LICK
011 2 3 0090339468 LICK
011 2 3 0090389572 STIM_END_RESP_START
011 2 3 0090510876 LICK
011 2 3 0090511312 REWARD_START
011 2 3 0090650700 LICK
011 2 3 0091589588 RESP_END
011 2 3 0090541768 REWARD_END
012 2 0 0093188136 STIM_START
012 2 0 0094386640 STIM_END_RESP_START
012 2 0 0095586684 RESP_END
013 2 0 0097182272 STIM_START
013 2 0 0098380744 STIM_END_RESP_START
013 2 0 0098602328 LICK
013 2 0 0098602764 TIMEOUT_START
013 2 0 0098779412 LICK
013 2 0 0098779852 TIMEOUT_START
013 2 0 0099580792 RESP_END
013 2 0 0105780292 TIMEOUT_END
014 4 0 0107413700 STIM_START
014 4 0 0108755272 LICK
014 4 0 0108942632 LICK
014 4 0 0109074188 LICK
014 4 0 0109239592 LICK
014 4 0 0109412376 LICK
014 4 0 0109511028 STIM_END_RESP_START
014 4 0 0109584044 LICK
014 4 0 0109584532 TIMEOUT_START
014 4 0 0109725780 LICK
014 4 0 0109726264 TIMEOUT_START
014 4 0 0110711048 RESP_END
014 4 0 0116726752 TIMEOUT_END
015 4 5 0118354200 STIM_START
015 4 5 0119888272 LICK
015 4 5 0120199608 LICK
015 4 5 0120354772 LICK
015 4 5 0120451548 STIM_END_RESP_START
015 4 5 0120525868 LICK
015 4 5 0120526352 REWARD_START
015 4 5 0120671660 LICK
015 4 5 0121651576 RESP_END
015 4 5 0120556852 REWARD_END
016 4 5 0123271204 STIM_START
016 4 5 0124897084 LICK
016 4 5 0125130292 LICK
016 4 5 0125337028 LICK
016 4 5 0125368568 STIM_END_RESP_START
016 4 5 0125510516 LICK
016 4 5 0125511008 REWARD_START
016 4 5 0125692980 LICK
016 4 5 0125909268 LICK
016 4 5 0126074912 LICK
016 4 5 0126568608 RESP_END
016 4 5 0125541508 REWARD_END
017 2 1 0128163200 STIM_START
017 2 1 0128960628 LICK
017 2 1 0129108096 LICK
017 2 1 0129277028 LICK
017 2 1 0129361676 STIM_END_RESP_START
017 2 1 0129436524 LICK
017 2 1 0129437016 REWARD_START
017 2 1 0130561704 RESP_END
017 2 1 0129467512 REWARD_END
018 5 0 0132224216 STIM_START
018 5 0 0135320292 STIM_END_RESP_START
018 5 0 0136520316 RESP_END
019 3 0 0138123916 STIM_START
019 3 0 0139721880 STIM_END_RESP_START
019 3 0 0140921900 RESP_END
020 5 0 0142588496 STIM_START
020 5 0 0145684544 STIM_END_RESP_START
020 5 0 0146884560 RESP_END
