001 0 0003445340 STIM_START
001 0 0004543952 STIM_END_RESP_START
001 0 0005744000 RESP_END
002 0 0007483348 STIM_START
002 0 0008581964 STIM_END_RESP_START
002 0 0009782008 RESP_END
003 1 0011890928 STIM_START
003 1 0012703348 LICK
003 1 0012859376 LICK
003 1 0012989520 STIM_END_RESP_START
003 1 0013033496 LICK
003 1 0013033932 REWARD_START
003 1 0013208408 LICK
003 1 0013370276 LICK
003 1 0013506976 LICK
003 1 0013671784 LICK
003 1 0013822804 LICK
003 1 0013978412 LICK
003 1 0014112500 LICK
003 1 0014189576 RESP_END
003 1 0013064380 REWARD_END
004 1 0016083792 STIM_START
004 1 0016806024 LICK
004 1 0016972024 LICK
004 1 0017139296 LICK
004 1 0017182404 STIM_END_RESP_START
004 1 0017301572 LICK
004 1 0017302012 REWARD_START
004 1 0017411368 LICK
004 1 0018382424 RESP_END
004 1 0017332460 REWARD_END
005 0 0020395476 STIM_START
005 0 0021494068 STIM_END_RESP_START
005 0 0022694092 RESP_END
006 1 0024663200 STIM_START
006 1 0025615800 LICK
006 1 0025761828 STIM_END_RESP_START
006 1 0025803808 LICK
006 1 0025804244 REWARD_START
006 1 0026961872 RESP_END
006 1 0025834696 REWARD_END
007 0 0028915940 STIM_START
007 0 0030014532 STIM_END_RESP_START
007 0 0031214552 RESP_END
008 0 0032966912 STIM_START
008 0 0034065544 STIM_END_RESP_START
008 0 0035265568 RESP_END
009 1 0037134772 STIM_START
009 1 0038233364 STIM_END_RESP_START
009 1 0039433392 RESP_END
010 0 0041063916 STIM_START
010 0 0042162508 STIM_END_RESP_START
010 0 0043362536 RESP_END
011 1 0045339632 STIM_START
011 1 0046438224 STIM_END_RESP_START
011 1 0047638252 RESP_END
012 1 0049393624 STIM_START
012 1 0050492220 STIM_END_RESP_START
012 1 0051692244 RESP_END
013 0 0053428672 STIM_START
013 0 0054527268 STIM_END_RESP_START
013 0 0055727292 RESP_END
014 1 0057757292 STIM_START
014 1 0058855888 STIM_END_RESP_START
014 1 0060055912 RESP_END
015 0 0062111896 STIM_START
015 0 0063210528 STIM_END_RESP_START
015 0 0064410548 RESP_END
016 1 0066105008 STIM_START
016 1 0067203604 STIM_END_RESP_START
016 1 0068403624 RESP_END
017 0 0070153964 STIM_START
017 0 0071252560 STIM_END_RESP_START
017 0 0072452584 RESP_END
018 0 0074442688 STIM_START
018 0 0075541280 STIM_END_RESP_START
018 0 0076741308 RESP_END
019 1 0078615520 STIM_START
019 1 0079714116 STIM_END_RESP_START
019 1 0080914144 RESP_END
020 1 0082590584 STIM_START
020 1 0083689176 STIM_END_RESP_START
020 1 0084889204 RESP_END
021 0 0086799368 STIM_START
021 0 0087897956 STIM_END_RESP_START
021 0 0089097984 RESP_END
022 1 0090685576 STIM_START
022 1 0091784208 STIM_END_RESP_START
022 1 0092984228 RESP_END
023 1 0094612752 STIM_START
023 1 0095711348 STIM_END_RESP_START
023 1 0096911376 RESP_END
024 0 0098597788 STIM_START
024 0 0099696384 STIM_END_RESP_START
024 0 0100896408 RESP_END
025 0 0102623792 STIM_START
025 0 0103722400 STIM_END_RESP_START
025 0 0104922444 RESP_END
026 0 0106772704 STIM_START
026 0 0107871312 STIM_END_RESP_START
026 0 0108342940 LICK
026 0 0108343428 TIMEOUT_START
026 0 0109071348 RESP_END
026 0 0115343920 TIMEOUT_END
027 1 0117064892 STIM_START
027 1 0118031016 LICK
027 1 0118163516 STIM_END_RESP_START
027 1 0118262720 LICK
027 1 0118263208 REWARD_START
027 1 0118462556 LICK
027 1 0118629356 LICK
027 1 0119363536 RESP_END
027 1 0118293704 REWARD_END
028 0 0121088964 STIM_START
028 0 0122187576 STIM_END_RESP_START
028 0 0123387620 RESP_END
USER_EXIT