001 0 0002660284 STIM_START
001 0 0003758936 STIM_END_RESP_START
001 0 0004958984 RESP_END
002 1 0006734456 STIM_START
002 1 0007833108 STIM_END_RESP_START
002 1 0008081688 LICK
002 1 0008082076 REWARD_START
002 1 0009033124 RESP_END
002 1 0008112480 REWARD_END
003 0 0010937436 STIM_START
003 0 0011574556 LICK
003 0 0011772148 LICK
003 0 0011962484 LICK
003 0 0012036092 STIM_END_RESP_START
003 0 0012117660 LICK
003 0 0012118104 TIMEOUT_START
003 0 0012257460 LICK
003 0 0012257896 TIMEOUT_START
003 0 0012376932 LICK
003 0 0012377376 TIMEOUT_START
003 0 0012560700 LICK
003 0 0012561136 TIMEOUT_START
003 0 0012667008 LICK
003 0 0012667444 TIMEOUT_START
003 0 0013236136 RESP_END
003 0 0019667892 TIMEOUT_END
004 1 0021589736 STIM_START
004 1 0022302016 LICK
004 1 0022418588 LICK
004 1 0022563028 LICK
004 1 0022688384 STIM_END_RESP_START
004 1 0022710040 LICK
004 1 0022710484 REWARD_START
004 1 0022964924 LICK
004 1 0023888396 RESP_END
004 1 0022740944 REWARD_END
005 1 0025892576 STIM_START
005 1 0026991244 STIM_END_RESP_START
005 1 0027154376 LICK
005 1 0027154820 REWARD_START
005 1 0028191288 RESP_END
005 1 0027185268 REWARD_END
006 0 0029795932 STIM_START
006 0 0030894600 STIM_END_RESP_START
006 0 0031399560 LICK
006 0 0031400004 TIMEOUT_START
006 0 0031746024 LICK
006 0 0031746464 TIMEOUT_START
006 0 0031876904 LICK
006 0 0031877348 TIMEOUT_START
006 0 0031983288 LICK
006 0 0031983732 TIMEOUT_START
006 0 0032094612 RESP_END
006 0 0038984188 TIMEOUT_END
007 1 0040818792 STIM_START
007 1 0041917464 STIM_END_RESP_START
007 1 0042158476 LICK
007 1 0042158912 REWARD_START
007 1 0043117492 RESP_END
007 1 0042189380 REWARD_END
008 0 0045962672 STIM_START
008 0 0047061340 STIM_END_RESP_START
008 0 0048261368 RESP_END
009 1 0049991868 STIM_START
009 1 0051090536 STIM_END_RESP_START
009 1 0051333020 LICK
009 1 0051333460 REWARD_START
009 1 0052290556 RESP_END
009 1 0051363912 REWARD_END
010 0 0053917232 STIM_START
010 0 0055015904 STIM_END_RESP_START
010 0 0056215928 RESP_END
011 0 0057906460 STIM_START
011 0 0059005132 STIM_END_RESP_START
011 0 0060205156 RESP_END
012 0 0062171388 STIM_START
012 0 0063270060 STIM_END_RESP_START
012 0 0064470088 RESP_END
013 1 0066198604 STIM_START
013 1 0067210004 LICK
013 1 0067297248 STIM_END_RESP_START
013 1 0067382328 LICK
013 1 0067382764 REWARD_START
013 1 0067543272 LICK
013 1 0067718088 LICK
013 1 0068497288 RESP_END
013 1 0067413212 REWARD_END
014 1 0070553344 STIM_START
014 1 0071652016 STIM_END_RESP_START
014 1 0071843932 LICK
014 1 0071844368 REWARD_START
014 1 0072852064 RESP_END
014 1 0071874820 REWARD_END
015 0 0074680432 STIM_START
015 0 0075779104 STIM_END_RESP_START
015 0 0076979124 RESP_END
016 0 0079056256 STIM_START
016 0 0080154928 STIM_END_RESP_START
016 0 0081354952 RESP_END
017 1 0083422052 STIM_START
017 1 0084520688 STIM_END_RESP_START
017 1 0084751644 LICK
017 1 0084752080 REWARD_START
017 1 0085720708 RESP_END
017 1 0084782544 REWARD_END
018 0 0087589084 STIM_START
018 0 0088687756 STIM_END_RESP_START
018 0 0089887784 RESP_END
019 1 0091714164 STIM_START
019 1 0092812800 STIM_END_RESP_START
019 1 0093149108 LICK
019 1 0093149552 REWARD_START
019 1 0094012836 RESP_END
019 1 0093180004 REWARD_END
020 1 0095995096 STIM_START
020 1 0097093732 STIM_END_RESP_START
020 1 0097383356 LICK
020 1 0097383800 REWARD_START
020 1 0098293756 RESP_END
020 1 0097414252 REWARD_END
021 0 0100001264 STIM_START
021 0 0101099908 STIM_END_RESP_START
021 0 0102299952 RESP_END
022 0 0104011516 STIM_START
022 0 0105110168 STIM_END_RESP_START
022 0 0106310208 RESP_END
023 0 0108138600 STIM_START
023 0 0109237284 STIM_END_RESP_START
023 0 0110437324 RESP_END
024 1 0112167816 STIM_START
024 1 0113266464 STIM_END_RESP_START
024 1 0113538244 LICK
024 1 0113538728 REWARD_START
024 1 0114466508 RESP_END
024 1 0113569240 REWARD_END
025 0 0116131104 STIM_START
025 0 0117229752 STIM_END_RESP_START
025 0 0118429796 RESP_END
USER_EXIT