001 1 0002627444 STIM_START
001 1 0003726092 STIM_END_RESP_START
001 1 0003971260 LICK
001 1 0003971648 REWARD_START
001 1 0004473480 LICK
001 1 0004696760 LICK
001 1 0004921660 LICK
001 1 0004926104 RESP_END
001 1 0004002052 REWARD_END
002 0 0007359836 STIM_START
002 0 0008458492 STIM_END_RESP_START
002 0 0009658540 RESP_END
003 0 0011246132 STIM_START
003 0 0012344764 STIM_END_RESP_START
003 0 0013544788 RESP_END
004 0 0015213376 STIM_START
004 0 0016312044 STIM_END_RESP_START
004 0 0017512068 RESP_END
005 1 0019437380 STIM_START
005 1 0020136300 LICK
005 1 0020437412 LICK
005 1 0020536012 STIM_END_RESP_START
005 1 0020645376 LICK
005 1 0020645808 REWARD_START
005 1 0020853316 LICK
005 1 0021736032 RESP_END
005 1 0020676276 REWARD_END
006 0 0023760176 STIM_START
006 0 0024858844 STIM_END_RESP_START
006 0 0026058868 RESP_END
007 1 0027768388 STIM_START
007 1 0028867056 STIM_END_RESP_START
007 1 0030067080 RESP_END
008 1 0032061228 STIM_START
008 1 0033159856 STIM_END_RESP_START
008 1 0034359884 RESP_END
009 1 0036129356 STIM_START
009 1 0037228028 STIM_END_RESP_START
009 1 0038428052 RESP_END
010 0 0040293424 STIM_START
010 0 0041392088 STIM_END_RESP_START
010 0 0042592112 RESP_END
011 0 0044439424 STIM_START
011 0 0045538056 STIM_END_RESP_START
011 0 0046738080 RESP_END
012 0 0048489620 STIM_START
012 0 0049588252 STIM_END_RESP_START
012 0 0050788272 RESP_END
013 1 0052537764 STIM_START
013 1 0053636432 STIM_END_RESP_START
013 1 0054836456 RESP_END
014 1 0056666800 STIM_START
014 1 0057765432 STIM_END_RESP_START
014 1 0058965456 RESP_END
015 0 0060732968 STIM_START
015 0 0061831640 STIM_END_RESP_START
015 0 0063031668 RESP_END
USER_EXIT