001 0 0004876156 STIM_START
001 0 0005974808 STIM_END_RESP_START
001 0 0007174852 RESP_END
002 0 0008844316 STIM_START
002 0 0009942964 STIM_END_RESP_START
002 0 0011143008 RESP_END
003 1 0013149240 STIM_START
003 1 0013984824 LICK
003 1 0014177260 LICK
003 1 0014247888 STIM_END_RESP_START
003 1 0014353836 LICK
003 1 0014354272 REWARD_START
003 1 0014512516 LICK
003 1 0014694912 LICK
003 1 0015447904 RESP_END
003 1 0014384740 REWARD_END
004 1 0017125424 STIM_START
004 1 0018224088 STIM_END_RESP_START
004 1 0019424112 RESP_END
005 0 0021208524 STIM_START
005 0 0022307156 STIM_END_RESP_START
005 0 0023507180 RESP_END
006 1 0025404524 STIM_START
006 1 0025982800 LICK
006 1 0026362376 LICK
006 1 0026503160 STIM_END_RESP_START
006 1 0026521556 LICK
006 1 0026522000 REWARD_START
006 1 0027703180 RESP_END
006 1 0026552448 REWARD_END
007 0 0029609444 STIM_START
007 0 0030708112 STIM_END_RESP_START
007 0 0031908140 RESP_END
008 0 0033789460 STIM_START
008 0 0034888092 STIM_END_RESP_START
008 0 0036088116 RESP_END
009 1 0037978472 STIM_START
009 1 0038377684 LICK
009 1 0038833304 LICK
009 1 0039077128 STIM_END_RESP_START
009 1 0039195164 LICK
009 1 0039195604 REWARD_START
009 1 0039386740 LICK
009 1 0039742984 LICK
009 1 0040277148 RESP_END
009 1 0039226052 REWARD_END
010 0 0042098508 STIM_START
010 0 0043197140 STIM_END_RESP_START
010 0 0044397164 RESP_END
011 1 0046030780 STIM_START
011 1 0046526432 LICK
011 1 0046795844 LICK
011 1 0047129436 STIM_END_RESP_START
011 1 0048329460 RESP_END
012 1 0050124912 STIM_START
012 1 0050830604 LICK
012 1 0051047196 LICK
012 1 0051223576 STIM_END_RESP_START
012 1 0051269848 LICK
012 1 0051270284 REWARD_START
012 1 0051452072 LICK
012 1 0052423600 RESP_END
012 1 0051300752 REWARD_END
013 0 0054203996 STIM_START
013 0 0055302628 STIM_END_RESP_START
013 0 0056502652 RESP_END
014 1 0058413008 STIM_START
014 1 0059511680 STIM_END_RESP_START
014 1 0059701712 LICK
014 1 0059702148 REWARD_START
014 1 0060711700 RESP_END
014 1 0059732616 REWARD_END
015 0 0063756540 STIM_START
015 0 0064855176 STIM_END_RESP_START
015 0 0066055200 RESP_END
016 1 0067661888 STIM_START
016 1 0068399520 LICK
016 1 0068760552 STIM_END_RESP_START
016 1 0068832568 LICK
016 1 0068833004 REWARD_START
016 1 0069056712 LICK
016 1 0069960588 RESP_END
016 1 0068863468 REWARD_END
017 0 0071645148 STIM_START
017 0 0072743780 STIM_END_RESP_START
017 0 0073943808 RESP_END
018 0 0075831096 STIM_START
018 0 0076929728 STIM_END_RESP_START
018 0 0078129752 RESP_END
019 1 0080176872 STIM_START
019 1 0081275504 STIM_END_RESP_START
019 1 0081434988 LICK
019 1 0081435424 REWARD_START
019 1 0081664268 LICK
019 1 0082475540 RESP_END
019 1 0081465876 REWARD_END
020 1 0084322868 STIM_START
020 1 0085418196 LICK
020 1 0085421532 STIM_END_RESP_START
020 1 0085595628 LICK
020 1 0085596068 REWARD_START
020 1 0085760104 LICK
020 1 0085931424 LICK
020 1 0086621564 RESP_END
020 1 0085626516 REWARD_END
021 0 0089505700 STIM_START
021 0 0090604332 STIM_END_RESP_START
021 0 0091804356 RESP_END
022 1 0093848444 STIM_START
022 1 0094947116 STIM_END_RESP_START
022 1 0096147140 RESP_END
023 1 0098051408 STIM_START
023 1 0099150040 STIM_END_RESP_START
023 1 0100350068 RESP_END
024 0 0102398252 STIM_START
024 0 0103496904 STIM_END_RESP_START
024 0 0104696948 RESP_END
USER_EXIT