001 5 1 0031037552 STIM_START
001 5 1 0033939160 LICK
001 5 1 0034133704 STIM_END_RESP_START
001 5 1 0034159076 LICK
001 5 1 0034159512 REWARD_START
001 5 1 0034493320 LICK
001 5 1 0034703788 LICK
001 5 1 0034883748 LICK
001 5 1 0035333748 RESP_END
001 5 1 0034239980 REWARD_END
002 3 0 0036945540 STIM_START
002 3 0 0038543564 STIM_END_RESP_START
002 3 0 0039743608 RESP_END
003 5 0 0041413188 STIM_START
003 5 0 0044509336 STIM_END_RESP_START
003 5 0 0045709380 RESP_END
004 5 1 0047379072 STIM_START
004 5 1 0050475220 STIM_END_RESP_START
004 5 1 0051675264 RESP_END
005 5 1 0053336912 STIM_START
005 5 1 0056433060 STIM_END_RESP_START
005 5 1 0057633104 RESP_END
006 2 2 0059218888 STIM_START
006 2 2 0060417400 STIM_END_RESP_START
006 2 2 0061617444 RESP_END
007 3 0 0063228084 STIM_START
007 3 0 0064826108 STIM_END_RESP_START
007 3 0 0066026148 RESP_END
008 4 2 0067651796 STIM_START
008 4 2 0069749192 STIM_END_RESP_START
008 4 2 0070949236 RESP_END
009 4 2 0072580844 STIM_START
009 4 2 0074678240 STIM_END_RESP_START
009 4 2 0075878284 RESP_END
010 1 0 0077464044 STIM_START
010 1 0 0078562696 STIM_END_RESP_START
010 1 0 0079762740 RESP_END
011 4 1 0081388300 STIM_START
011 4 1 0083485704 STIM_END_RESP_START
011 4 1 0084685740 RESP_END
012 5 1 0086353392 STIM_START
012 5 1 0089449544 STIM_END_RESP_START
012 5 1 0090649580 RESP_END
013 5 0 0092316244 STIM_START
013 5 0 0095412392 STIM_END_RESP_START
013 5 0 0096612436 RESP_END
014 4 1 0098241100 STIM_START
014 4 1 0100338500 STIM_END_RESP_START
014 4 1 0101538520 RESP_END
015 4 1 0103167252 STIM_START
015 4 1 0105264668 STIM_END_RESP_START
015 4 1 0106464688 RESP_END
016 3 0 0108069336 STIM_START
016 3 0 0109667380 STIM_END_RESP_START
016 3 0 0110867392 RESP_END
017 3 1 0112479076 STIM_START
017 3 1 0114077120 STIM_END_RESP_START
017 3 1 0115277140 RESP_END
018 1 1 0116861852 STIM_START
018 1 1 0117960520 STIM_END_RESP_START
018 1 1 0119160540 RESP_END
019 4 1 0120791112 STIM_START
019 4 1 0122888528 STIM_END_RESP_START
019 4 1 0124088544 RESP_END
020 2 0 0125682304 STIM_START
020 2 0 0126880832 STIM_END_RESP_START
020 2 0 0128080848 RESP_END
021 1 0 0129672512 STIM_START
021 1 0 0130771176 STIM_END_RESP_START
021 1 0 0131971200 RESP_END
022 5 0 0133631768 STIM_START
022 5 0 0136727932 STIM_END_RESP_START
022 5 0 0137927956 RESP_END
023 2 2 0139516708 STIM_START
023 2 2 0140715236 STIM_END_RESP_START
023 2 2 0141915260 RESP_END
024 4 2 0143546924 STIM_START
024 4 2 0145644336 STIM_END_RESP_START
024 4 2 0146844356 RESP_END
025 4 0 0148468016 STIM_START
025 4 0 0150565428 STIM_END_RESP_START
025 4 0 0151765452 RESP_END
026 3 1 0153379132 STIM_START
026 3 1 0154977168 STIM_END_RESP_START
026 3 1 0156177192 RESP_END
027 1 0 0157761864 STIM_START
027 1 0 0158860528 STIM_END_RESP_START
027 1 0 0160060552 RESP_END
028 3 2 0161670236 STIM_START
028 3 2 0163268272 STIM_END_RESP_START
028 3 2 0164468296 RESP_END
029 4 1 0166090932 STIM_START
029 4 1 0168188344 STIM_END_RESP_START
029 4 1 0169388364 RESP_END
030 4 1 0171018056 STIM_START
030 4 1 0173115476 STIM_END_RESP_START
030 4 1 0174315492 RESP_END
031 4 0 0175940112 STIM_START
031 4 0 0178037524 STIM_END_RESP_START
031 4 0 0179237548 RESP_END
032 5 0 0180909200 STIM_START
032 5 0 0184005360 STIM_END_RESP_START
032 5 0 0185205380 RESP_END
033 1 0 0186790160 STIM_START
033 1 0 0187888824 STIM_END_RESP_START
033 1 0 0189088848 RESP_END
034 4 1 0190717480 STIM_START
034 4 1 0192814892 STIM_END_RESP_START
034 4 1 0194014916 RESP_END
035 3 2 0195622588 STIM_START
035 3 2 0197220628 STIM_END_RESP_START
035 3 2 0198420652 RESP_END
036 3 1 0200053268 STIM_START
036 3 1 0201651312 STIM_END_RESP_START
036 3 1 0202851324 RESP_END
037 1 0 0204440032 STIM_START
037 1 0 0205538664 STIM_END_RESP_START
037 1 0 0206738684 RESP_END
038 2 1 0208322356 STIM_START
038 2 1 0209520888 STIM_END_RESP_START
038 2 1 0210720908 RESP_END
039 5 1 0212394512 STIM_START
039 5 1 0215490680 STIM_END_RESP_START
039 5 1 0216690700 RESP_END
040 3 0 0218293436 STIM_START
040 3 0 0219891472 STIM_END_RESP_START
040 3 0 0221091496 RESP_END
041 3 1 0222703180 STIM_START
041 3 1 0224301188 STIM_END_RESP_START
041 3 1 0225501208 RESP_END
042 1 2 0227096924 STIM_START
042 1 2 0228195592 STIM_END_RESP_START
042 1 2 0229395612 RESP_END
043 4 1 0231031224 STIM_START
043 4 1 0233128640 STIM_END_RESP_START
043 4 1 0234328660 RESP_END
044 5 0 0235985272 STIM_START
044 5 0 0239081428 STIM_END_RESP_START
044 5 0 0240281456 RESP_END
045 1 1 0241860224 STIM_START
045 1 1 0242958892 STIM_END_RESP_START
045 1 1 0244158916 RESP_END
046 1 0 0245753576 STIM_START
046 1 0 0246852208 STIM_END_RESP_START
046 1 0 0248052228 RESP_END
047 4 2 0249686864 STIM_START
047 4 2 0251784284 STIM_END_RESP_START
047 4 2 0252984300 RESP_END
048 5 1 0254638900 STIM_START
048 5 1 0257735068 STIM_END_RESP_START
048 5 1 0258935088 RESP_END
049 2 1 0260517868 STIM_START
049 2 1 0261716396 STIM_END_RESP_START
049 2 1 0262916420 RESP_END
050 4 0 0264546116 STIM_START
050 4 0 0266643536 STIM_END_RESP_START
050 4 0 0267843552 RESP_END
051 5 1 0269502152 STIM_START
051 5 1 0272598320 STIM_END_RESP_START
051 5 1 0273798344 RESP_END
052 2 1 0275398100 STIM_START
052 2 1 0276596620 STIM_END_RESP_START
052 2 1 0277796644 RESP_END
053 4 1 0279427296 STIM_START
053 4 1 0281524708 STIM_END_RESP_START
053 4 1 0282724732 RESP_END
054 4 0 0284343352 STIM_START
054 4 0 0286440768 STIM_END_RESP_START
054 4 0 0287640792 RESP_END
055 4 1 0289273536 STIM_START
055 4 1 0291370948 STIM_END_RESP_START
055 4 1 0292570972 RESP_END
056 5 2 0294229548 STIM_START
056 5 2 0297325716 STIM_END_RESP_START
056 5 2 0298525736 RESP_END
057 1 2 0300110512 STIM_START
057 1 2 0301209180 STIM_END_RESP_START
057 1 2 0302409204 RESP_END
058 3 0 0304020836 STIM_START
058 3 0 0305618876 STIM_END_RESP_START
058 3 0 0306818896 RESP_END
059 1 1 0308401584 STIM_START
059 1 1 0309500252 STIM_END_RESP_START
059 1 1 0310700276 RESP_END
060 3 0 0312313912 STIM_START
060 3 0 0313911952 STIM_END_RESP_START
060 3 0 0315111976 RESP_END
061 3 0 0316714660 STIM_START
061 3 0 0318312704 STIM_END_RESP_START
061 3 0 0319512728 RESP_END
062 2 0 0321109360 STIM_START
062 2 0 0322307884 STIM_END_RESP_START
062 2 0 0323507908 RESP_END
063 3 2 0325121584 STIM_START
063 3 2 0326719628 STIM_END_RESP_START
063 3 2 0327919652 RESP_END
064 5 1 0329577188 STIM_START
064 5 1 0332673356 STIM_END_RESP_START
064 5 1 0333873380 RESP_END
065 1 1 0335457208 STIM_START
065 1 1 0336555876 STIM_END_RESP_START
065 1 1 0337755900 RESP_END
066 1 0 0339360552 STIM_START
066 1 0 0340459216 STIM_END_RESP_START
066 1 0 0341659240 RESP_END
067 2 1 0343244868 STIM_START
067 2 1 0344443388 STIM_END_RESP_START
067 2 1 0345643412 RESP_END
068 3 0 0347254116 STIM_START
068 3 0 0348852152 STIM_END_RESP_START
068 3 0 0350052176 RESP_END
069 5 1 0351710708 STIM_START
069 5 1 0354806876 STIM_END_RESP_START
069 5 1 0356006892 RESP_END
070 2 0 0357591692 STIM_START
070 2 0 0358790220 STIM_END_RESP_START
070 2 0 0359990236 RESP_END
071 3 0 0361587928 STIM_START
071 3 0 0363185964 STIM_END_RESP_START
071 3 0 0364385988 RESP_END
072 2 0 0365985648 STIM_START
072 2 0 0367184180 STIM_END_RESP_START
072 2 0 0368384200 RESP_END
073 3 1 0369996872 STIM_START
073 3 1 0371594908 STIM_END_RESP_START
073 3 1 0372794932 RESP_END
074 1 2 0374374632 STIM_START
074 1 2 0375473296 STIM_END_RESP_START
074 1 2 0376673324 RESP_END
075 3 0 0378286944 STIM_START
075 3 0 0379884988 STIM_END_RESP_START
075 3 0 0381085008 RESP_END
076 2 0 0382670680 STIM_START
076 2 0 0383869212 STIM_END_RESP_START
076 2 0 0385069236 RESP_END
077 5 0 0386731844 STIM_START
077 5 0 0389828012 STIM_END_RESP_START
077 5 0 0391028032 RESP_END
078 1 2 0392612788 STIM_START
078 1 2 0393711420 STIM_END_RESP_START
078 1 2 0394911440 RESP_END
079 5 0 0396579020 STIM_START
079 5 0 0399675180 STIM_END_RESP_START
079 5 0 0400875204 RESP_END
080 2 2 0402464992 STIM_START
080 2 2 0403663516 STIM_END_RESP_START
080 2 2 0404863540 RESP_END
081 5 0 0406524152 STIM_START
081 5 0 0409620312 STIM_END_RESP_START
081 5 0 0410820332 RESP_END
082 1 0 0412400072 STIM_START
082 1 0 0413498736 STIM_END_RESP_START
082 1 0 0414698760 RESP_END
083 4 0 0416325432 STIM_START
083 4 0 0418422848 STIM_END_RESP_START
083 4 0 0419622868 RESP_END
084 1 2 0421214536 STIM_START
084 1 2 0422313200 STIM_END_RESP_START
084 1 2 0423513224 RESP_END
085 4 1 0425131860 STIM_START
085 4 1 0427229280 STIM_END_RESP_START
085 4 1 0428429296 RESP_END
086 5 0 0430104900 STIM_START
086 5 0 0433201056 STIM_END_RESP_START
086 5 0 0434401080 RESP_END
087 3 0 0436002852 STIM_START
087 3 0 0437600888 STIM_END_RESP_START
087 3 0 0438800908 RESP_END
088 2 0 0440399636 STIM_START
088 2 0 0441598164 STIM_END_RESP_START
088 2 0 0442798192 RESP_END
089 3 1 0444408844 STIM_START
089 3 1 0446006880 STIM_END_RESP_START
089 3 1 0447206904 RESP_END
090 1 1 0448787576 STIM_START
090 1 1 0449886244 STIM_END_RESP_START
090 1 1 0451086264 RESP_END
091 4 0 0452717860 STIM_START
091 4 0 0454815272 STIM_END_RESP_START
091 4 0 0456015300 RESP_END
092 3 0 0457617044 STIM_START
092 3 0 0459215088 STIM_END_RESP_START
092 3 0 0460415112 RESP_END
093 2 2 0462017748 STIM_START
093 2 2 0463216272 STIM_END_RESP_START
093 2 2 0464416296 RESP_END
094 4 0 0466046904 STIM_START
094 4 0 0468144324 STIM_END_RESP_START
094 4 0 0469344348 RESP_END
095 1 1 0470927088 STIM_START
095 1 1 0472025716 STIM_END_RESP_START
095 1 1 0473225740 RESP_END
096 4 1 0474858380 STIM_START
096 4 1 0476955804 STIM_END_RESP_START
096 4 1 0478155828 RESP_END
097 2 0 0479741504 STIM_START
097 2 0 0480940036 STIM_END_RESP_START
097 2 0 0482140056 RESP_END
098 3 1 0483746688 STIM_START
098 3 1 0485344732 STIM_END_RESP_START
098 3 1 0486544756 RESP_END
099 2 0 0488141476 STIM_START
099 2 0 0489340004 STIM_END_RESP_START
099 2 0 0490540020 RESP_END
100 4 1 0492170644 STIM_START
100 4 1 0494268060 STIM_END_RESP_START
100 4 1 0495468084 RESP_END
101 3 0 0497069784 STIM_START
101 3 0 0498667792 STIM_END_RESP_START
101 3 0 0499867816 RESP_END
102 3 1 0501464564 STIM_START
102 3 1 0503062608 STIM_END_RESP_START
102 3 1 0504262624 RESP_END
103 1 2 0505856248 STIM_START
103 1 2 0506954916 STIM_END_RESP_START
103 1 2 0508154940 RESP_END
104 1 0 0509734612 STIM_START
104 1 0 0510833244 STIM_END_RESP_START
104 1 0 0512033268 RESP_END
105 2 2 0513625968 STIM_START
105 2 2 0514824496 STIM_END_RESP_START
105 2 2 0516024516 RESP_END
106 2 2 0517611204 STIM_START
106 2 2 0518809732 STIM_END_RESP_START
106 2 2 0520009756 RESP_END
107 2 1 0521600408 STIM_START
107 2 1 0522798932 STIM_END_RESP_START
107 2 1 0523998956 RESP_END
108 1 0 0525592652 STIM_START
108 1 0 0526691312 STIM_END_RESP_START
108 1 0 0527891328 RESP_END
109 2 0 0529490968 STIM_START
109 2 0 0530689488 STIM_END_RESP_START
109 2 0 0531889512 RESP_END
110 2 1 0533487196 STIM_START
110 2 1 0534685728 STIM_END_RESP_START
110 2 1 0535885744 RESP_END
111 1 0 0537476444 STIM_START
111 1 0 0538575112 STIM_END_RESP_START
111 1 0 0539775136 RESP_END
112 2 1 0541371780 STIM_START
112 2 1 0542570304 STIM_END_RESP_START
112 2 1 0543770328 RESP_END
113 2 2 0545365016 STIM_START
113 2 2 0546563540 STIM_END_RESP_START
113 2 2 0547763560 RESP_END
114 5 0 0549432112 STIM_START
114 5 0 0552528280 STIM_END_RESP_START
114 5 0 0553728300 RESP_END
115 5 0 0555393976 STIM_START
115 5 0 0558490144 STIM_END_RESP_START
115 5 0 0559690164 RESP_END
116 1 2 0561274960 STIM_START
116 1 2 0562373620 STIM_END_RESP_START
116 1 2 0563573644 RESP_END
117 4 1 0565203268 STIM_START
117 4 1 0567300684 STIM_END_RESP_START
117 4 1 0568500704 RESP_END
118 2 2 0570089348 STIM_START
118 2 2 0571287876 STIM_END_RESP_START
118 2 2 0572487904 RESP_END
119 3 0 0574836688 STIM_START
119 3 0 0576434732 STIM_END_RESP_START
119 3 0 0577634756 RESP_END
120 4 0 0579275380 STIM_START
120 4 0 0581372792 STIM_END_RESP_START
120 4 0 0582572820 RESP_END
121 5 0 0584236536 STIM_START
121 5 0 0587332704 STIM_END_RESP_START
121 5 0 0588532720 RESP_END
122 3 1 0590138400 STIM_START
122 3 1 0591736436 STIM_END_RESP_START
122 3 1 0592936460 RESP_END
123 2 2 0594532140 STIM_START
123 2 2 0595730668 STIM_END_RESP_START
123 2 2 0596930692 RESP_END
124 5 0 0598599284 STIM_START
124 5 0 0601695448 STIM_END_RESP_START
124 5 0 0602895476 RESP_END
125 4 1 0604521244 STIM_START
125 4 1 0606618664 STIM_END_RESP_START
125 4 1 0607818684 RESP_END
126 4 0 0609439324 STIM_START
126 4 0 0611536736 STIM_END_RESP_START
126 4 0 0612736760 RESP_END
127 2 2 0614334428 STIM_START
127 2 2 0615532960 STIM_END_RESP_START
127 2 2 0616732984 RESP_END
128 3 2 0618344668 STIM_START
128 3 2 0619942704 STIM_END_RESP_START
128 3 2 0621142728 RESP_END
129 1 2 0622751372 STIM_START
129 1 2 0623850036 STIM_END_RESP_START
129 1 2 0625050064 RESP_END
130 2 0 0626642716 STIM_START
130 2 0 0627841248 STIM_END_RESP_START
130 2 0 0629041272 RESP_END
131 2 2 0630634948 STIM_START
131 2 2 0631833472 STIM_END_RESP_START
131 2 2 0633033500 RESP_END
132 4 1 0634663136 STIM_START
132 4 1 0636760552 STIM_END_RESP_START
132 4 1 0637960576 RESP_END
133 1 2 0639547284 STIM_START
133 1 2 0640645956 STIM_END_RESP_START
133 1 2 0641845976 RESP_END
134 4 0 0643476648 STIM_START
134 4 0 0645574064 STIM_END_RESP_START
134 4 0 0646774084 RESP_END
135 3 1 0648379716 STIM_START
135 3 1 0649977756 STIM_END_RESP_START
135 3 1 0651177780 RESP_END
136 3 0 0652786432 STIM_START
136 3 0 0654384476 STIM_END_RESP_START
136 3 0 0655584500 RESP_END
137 1 0 0657173180 STIM_START
137 1 0 0658271844 STIM_END_RESP_START
137 1 0 0659471868 RESP_END
138 2 1 0661067516 STIM_START
138 2 1 0662266048 STIM_END_RESP_START
138 2 1 0663466072 RESP_END
139 5 0 0665133680 STIM_START
139 5 0 0668229848 STIM_END_RESP_START
139 5 0 0669429872 RESP_END
140 2 1 0671024628 STIM_START
140 2 1 0672223152 STIM_END_RESP_START
140 2 1 0673423176 RESP_END
141 3 0 0675034816 STIM_START
141 3 0 0676632860 STIM_END_RESP_START
141 3 0 0677832880 RESP_END
142 5 1 0679490516 STIM_START
142 5 1 0682586680 STIM_END_RESP_START
142 5 1 0683786704 RESP_END
143 1 1 0685371384 STIM_START
143 1 1 0686470052 STIM_END_RESP_START
143 1 1 0687670072 RESP_END
144 2 1 0689260848 STIM_START
144 2 1 0690459368 STIM_END_RESP_START
144 2 1 0691659392 RESP_END
145 1 0 0693249040 STIM_START
145 1 0 0694347660 STIM_END_RESP_START
145 1 0 0695547684 RESP_END
146 5 0 0697220188 STIM_START
146 5 0 0700316348 STIM_END_RESP_START
146 5 0 0701516372 RESP_END
147 5 1 0703186116 STIM_START
147 5 1 0706282280 STIM_END_RESP_START
147 5 1 0707482304 RESP_END
148 4 1 0709107032 STIM_START
148 4 1 0711204448 STIM_END_RESP_START
148 4 1 0712404472 RESP_END
149 1 2 0713999192 STIM_START
149 1 2 0715097820 STIM_END_RESP_START
149 1 2 0716297848 RESP_END
150 4 0 0717916436 STIM_START
150 4 0 0720013852 STIM_END_RESP_START
150 4 0 0721213876 RESP_END
151 3 1 0722828600 STIM_START
151 3 1 0724426640 STIM_END_RESP_START
151 3 1 0725626664 RESP_END
152 1 1 0727213324 STIM_START
152 1 1 0728311992 STIM_END_RESP_START
152 1 1 0729512020 RESP_END
153 4 0 0731140660 STIM_START
153 4 0 0733238072 STIM_END_RESP_START
153 4 0 0734438096 RESP_END
154 3 0 0736043752 STIM_START
154 3 0 0737641756 STIM_END_RESP_START
154 3 0 0738841780 RESP_END
155 4 0 0740472488 STIM_START
155 4 0 0742569900 STIM_END_RESP_START
155 4 0 0743769924 RESP_END
156 2 2 0745369592 STIM_START
156 2 2 0746568124 STIM_END_RESP_START
156 2 2 0747768148 RESP_END
157 3 1 0749377860 STIM_START
157 3 1 0750975900 STIM_END_RESP_START
157 3 1 0752175924 RESP_END
158 4 1 0753797508 STIM_START
158 4 1 0755894924 STIM_END_RESP_START
158 4 1 0757094944 RESP_END
159 4 0 0758724656 STIM_START
159 4 0 0760822072 STIM_END_RESP_START
159 4 0 0762022096 RESP_END
160 5 1 0763684736 STIM_START
160 5 1 0766780904 STIM_END_RESP_START
160 5 1 0767980924 RESP_END
161 3 1 0769597636 STIM_START
161 3 1 0771195672 STIM_END_RESP_START
161 3 1 0772395696 RESP_END
162 3 2 0774012364 STIM_START
162 3 2 0775610408 STIM_END_RESP_START
162 3 2 0776810428 RESP_END
163 5 0 0778480976 STIM_START
163 5 0 0781577136 STIM_END_RESP_START
163 5 0 0782777160 RESP_END
164 1 1 0784367928 STIM_START
164 1 1 0785466596 STIM_END_RESP_START
164 1 1 0786666620 RESP_END
165 1 0 0788260292 STIM_START
165 1 0 0789358960 STIM_END_RESP_START
165 1 0 0790558984 RESP_END
166 5 1 0792227564 STIM_START
166 5 1 0795323732 STIM_END_RESP_START
166 5 1 0796523760 RESP_END
167 2 2 0798117480 STIM_START
167 2 2 0799316012 STIM_END_RESP_START
167 2 2 0800516032 RESP_END
168 1 1 0802107736 STIM_START
168 1 1 0803206408 STIM_END_RESP_START
168 1 1 0804406428 RESP_END
169 4 0 0806039060 STIM_START
169 4 0 0808136476 STIM_END_RESP_START
169 4 0 0809336500 RESP_END
170 2 1 0810927132 STIM_START
170 2 1 0812125656 STIM_END_RESP_START
170 2 1 0813325684 RESP_END
171 1 0 0814918448 STIM_START
171 1 0 0816017076 STIM_END_RESP_START
171 1 0 0817217100 RESP_END
172 3 2 0818829720 STIM_START
172 3 2 0820427760 STIM_END_RESP_START
172 3 2 0821627784 RESP_END
173 5 0 0823301372 STIM_START
173 5 0 0826397528 STIM_END_RESP_START
173 5 0 0827597552 RESP_END
174 1 1 0829188328 STIM_START
174 1 1 0830286996 STIM_END_RESP_START
174 1 1 0831487020 RESP_END
175 1 1 0833081688 STIM_START
175 1 1 0834180356 STIM_END_RESP_START
175 1 1 0835380380 RESP_END
176 2 2 0836971020 STIM_START
176 2 2 0838169544 STIM_END_RESP_START
176 2 2 0839369568 RESP_END
177 5 0 0841037144 STIM_START
177 5 0 0844133304 STIM_END_RESP_START
177 5 0 0845333324 RESP_END
178 1 2 0846922108 STIM_START
178 1 2 0848020776 STIM_END_RESP_START
178 1 2 0849220800 RESP_END
179 2 1 0850818468 STIM_START
179 2 1 0852016992 STIM_END_RESP_START
179 2 1 0853217012 RESP_END
180 1 1 0854810668 STIM_START
180 1 1 0855909328 STIM_END_RESP_START
180 1 1 0857109352 RESP_END
181 2 0 0858693984 STIM_START
181 2 0 0859892508 STIM_END_RESP_START
181 2 0 0861092532 RESP_END
182 2 2 0862690228 STIM_START
182 2 2 0863888756 STIM_END_RESP_START
182 2 2 0865088780 RESP_END
183 3 1 0866700444 STIM_START
183 3 1 0868298480 STIM_END_RESP_START
183 3 1 0869498504 RESP_END
184 4 1 0871122112 STIM_START
184 4 1 0873219524 STIM_END_RESP_START
184 4 1 0874419548 RESP_END
185 3 0 0876031296 STIM_START
185 3 0 0877629336 STIM_END_RESP_START
185 3 0 0878829360 RESP_END
186 2 1 0880414984 STIM_START
186 2 1 0881613512 STIM_END_RESP_START
186 2 1 0882813532 RESP_END
187 5 2 0884482160 STIM_START
187 5 2 0887578320 STIM_END_RESP_START
187 5 2 0888778344 RESP_END
188 4 1 0890401116 STIM_START
188 4 1 0892498532 STIM_END_RESP_START
188 4 1 0893698556 RESP_END
189 2 0 0895294248 STIM_START
189 2 0 0896492780 STIM_END_RESP_START
189 2 0 0897692804 RESP_END
190 1 2 0899285468 STIM_START
190 1 2 0900384136 STIM_END_RESP_START
190 1 2 0901584160 RESP_END
191 1 1 0903181756 STIM_START
191 1 1 0904280424 STIM_END_RESP_START
191 1 1 0905480448 RESP_END
192 3 0 0907092104 STIM_START
192 3 0 0908690140 STIM_END_RESP_START
192 3 0 0909890168 RESP_END
193 3 0 0911503892 STIM_START
193 3 0 0913101936 STIM_END_RESP_START
193 3 0 0914301960 RESP_END
194 5 0 0915962500 STIM_START
194 5 0 0919058668 STIM_END_RESP_START
194 5 0 0920258696 RESP_END
195 1 2 0921843436 STIM_START
195 1 2 0922942104 STIM_END_RESP_START
195 1 2 0924142128 RESP_END
196 4 1 0925772704 STIM_START
196 4 1 0927870128 STIM_END_RESP_START
196 4 1 0929070152 RESP_END
197 3 0 0930676880 STIM_START
197 3 0 0932274916 STIM_END_RESP_START
197 3 0 0933474940 RESP_END
198 2 1 0935072688 STIM_START
198 2 1 0936271220 STIM_END_RESP_START
198 2 1 0937471244 RESP_END
199 5 1 0939141756 STIM_START
199 5 1 0942237924 STIM_END_RESP_START
199 5 1 0943437948 RESP_END
200 1 2 0945025716 STIM_START
200 1 2 0946124344 STIM_END_RESP_START
200 1 2 0947324372 RESP_END
201 3 0 0948934048 STIM_START
201 3 0 0950532084 STIM_END_RESP_START
201 3 0 0951732108 RESP_END
202 3 0 0953333784 STIM_START
202 3 0 0954931824 STIM_END_RESP_START
202 3 0 0956131848 RESP_END
203 4 2 0957763428 STIM_START
203 4 2 0959860848 STIM_END_RESP_START
203 4 2 0961060872 RESP_END
204 4 0 0962685592 STIM_START
204 4 0 0964783008 STIM_END_RESP_START
204 4 0 0965983032 RESP_END
205 5 0 0967651668 STIM_START
205 5 0 0970747828 STIM_END_RESP_START
205 5 0 0971947856 RESP_END
206 3 2 0973558552 STIM_START
206 3 2 0975156596 STIM_END_RESP_START
206 3 2 0976356624 RESP_END
207 1 0 0977952304 STIM_START
207 1 0 0979050972 STIM_END_RESP_START
207 1 0 0980251000 RESP_END
208 3 0 0981849624 STIM_START
208 3 0 0983447668 STIM_END_RESP_START
208 3 0 0984647696 RESP_END
209 4 0 0986279360 STIM_START
209 4 0 0988376776 STIM_END_RESP_START
209 4 0 0989576800 RESP_END
210 2 1 0991166520 STIM_START
210 2 1 0992365048 STIM_END_RESP_START
210 2 1 0993565072 RESP_END
211 4 0 0995196692 STIM_START
211 4 0 0997294116 STIM_END_RESP_START
211 4 0 0998494132 RESP_END
212 3 1 1000095792 STIM_START
212 3 1 1001693844 STIM_END_RESP_START
212 3 1 1002893880 RESP_END
213 4 1 1004525504 STIM_START
213 4 1 1006622900 STIM_END_RESP_START
213 4 1 1007822940 RESP_END
214 3 0 1009434680 STIM_START
214 3 0 1011032692 STIM_END_RESP_START
214 3 0 1012232736 RESP_END
215 5 2 1013910308 STIM_START
215 5 2 1017006492 STIM_END_RESP_START
215 5 2 1018206532 RESP_END
216 4 1 1019844196 STIM_START
216 4 1 1021941588 STIM_END_RESP_START
216 4 1 1023141632 RESP_END
217 5 0 1024806284 STIM_START
217 5 0 1027902456 STIM_END_RESP_START
217 5 0 1029102496 RESP_END
218 2 0 1030691208 STIM_START
218 2 0 1031889744 STIM_END_RESP_START
218 2 0 1033089784 RESP_END
219 5 2 1034758340 STIM_START
219 5 2 1037854516 STIM_END_RESP_START
219 5 2 1039054556 RESP_END
220 5 1 1040717272 STIM_START
220 5 1 1043813412 STIM_END_RESP_START
220 5 1 1045013448 RESP_END
221 5 0 1046676148 STIM_START
221 5 0 1049772288 STIM_END_RESP_START
221 5 0 1050972328 RESP_END
222 4 0 1052597040 STIM_START
222 4 0 1054694436 STIM_END_RESP_START
222 4 0 1055894468 RESP_END
223 2 1 1057504172 STIM_START
223 2 1 1058702676 STIM_END_RESP_START
223 2 1 1059902716 RESP_END
224 5 1 1061561280 STIM_START
224 5 1 1064657460 STIM_END_RESP_START
224 5 1 1065857500 RESP_END
225 5 0 1067520196 STIM_START
225 5 0 1070616368 STIM_END_RESP_START
225 5 0 1071816408 RESP_END
226 5 2 1073495092 STIM_START
226 5 2 1076591268 STIM_END_RESP_START
226 5 2 1077791308 RESP_END
227 3 2 1079391948 STIM_START
227 3 2 1080989968 STIM_END_RESP_START
227 3 2 1082190008 RESP_END
228 3 0 1083799736 STIM_START
228 3 0 1085397752 STIM_END_RESP_START
228 3 0 1086597796 RESP_END
229 4 1 1088228456 STIM_START
229 4 1 1090325880 STIM_END_RESP_START
229 4 1 1091525920 RESP_END
230 1 0 1093108592 STIM_START
230 1 0 1094207236 STIM_END_RESP_START
230 1 0 1095407276 RESP_END
231 3 0 1097018924 STIM_START
231 3 0 1098616944 STIM_END_RESP_START
231 3 0 1099816984 RESP_END
232 3 0 1101419632 STIM_START
232 3 0 1103017644 STIM_END_RESP_START
232 3 0 1104217684 RESP_END
233 3 1 1105828392 STIM_START
233 3 1 1107426416 STIM_END_RESP_START
233 3 1 1108626456 RESP_END
234 2 0 1110232104 STIM_START
234 2 0 1111430644 STIM_END_RESP_START
234 2 0 1112630684 RESP_END
235 2 1 1114223348 STIM_START
235 2 1 1115421896 STIM_END_RESP_START
235 2 1 1116621936 RESP_END
236 2 0 1118217564 STIM_START
236 2 0 1119416104 STIM_END_RESP_START
236 2 0 1120616148 RESP_END
237 5 2 1122287700 STIM_START
237 5 2 1125383876 STIM_END_RESP_START
237 5 2 1126583916 RESP_END
238 2 0 1128175612 STIM_START
238 2 0 1129374156 STIM_END_RESP_START
238 2 0 1130574196 RESP_END
239 5 1 1132240792 STIM_START
239 5 1 1135336976 STIM_END_RESP_START
239 5 1 1136537016 RESP_END
240 2 0 1138127752 STIM_START
240 2 0 1139326260 STIM_END_RESP_START
240 2 0 1140526296 RESP_END
241 2 0 1142116972 STIM_START
241 2 0 1143315516 STIM_END_RESP_START
241 2 0 1144515552 RESP_END
242 2 2 1146106204 STIM_START
242 2 2 1147304744 STIM_END_RESP_START
242 2 2 1148504784 RESP_END
243 3 1 1150116412 STIM_START
243 3 1 1151714436 STIM_END_RESP_START
243 3 1 1152914476 RESP_END
244 1 0 1154499164 STIM_START
244 1 0 1155597808 STIM_END_RESP_START
244 1 0 1156797848 RESP_END
245 3 1 1158410472 STIM_START
245 3 1 1160008484 STIM_END_RESP_START
245 3 1 1161208524 RESP_END
246 5 0 1162868196 STIM_START
246 5 0 1165964380 STIM_END_RESP_START
246 5 0 1167164416 RESP_END
247 1 1 1168752084 STIM_START
247 1 1 1169850728 STIM_END_RESP_START
247 1 1 1171050764 RESP_END
248 2 2 1172646476 STIM_START
248 2 2 1173845020 STIM_END_RESP_START
248 2 2 1175045056 RESP_END
249 1 1 1176638780 STIM_START
249 1 1 1177737424 STIM_END_RESP_START
249 1 1 1178937464 RESP_END
250 4 0 1180571956 STIM_START
250 4 0 1182669384 STIM_END_RESP_START
250 4 0 1183869424 RESP_END
251 4 0 1185490084 STIM_START
251 4 0 1187587472 STIM_END_RESP_START
251 4 0 1188787512 RESP_END
252 4 1 1190420240 STIM_START
252 4 1 1192517672 STIM_END_RESP_START
252 4 1 1193717708 RESP_END
253 5 0 1195380316 STIM_START
253 5 0 1198476500 STIM_END_RESP_START
253 5 0 1199676540 RESP_END
254 1 0 1201292276 STIM_START
254 1 0 1202390920 STIM_END_RESP_START
254 1 0 1203590960 RESP_END
255 3 0 1205594072 STIM_START
255 3 0 1207192096 STIM_END_RESP_START
255 3 0 1208392136 RESP_END
256 2 1 1209984832 STIM_START
256 2 1 1211183340 STIM_END_RESP_START
256 2 1 1212383380 RESP_END
257 3 0 1213991000 STIM_START
257 3 0 1215589016 STIM_END_RESP_START
257 3 0 1216789056 RESP_END
258 3 1 1218398776 STIM_START
258 3 1 1219996796 STIM_END_RESP_START
258 3 1 1221196840 RESP_END
259 3 2 1222801508 STIM_START
259 3 2 1224399524 STIM_END_RESP_START
259 3 2 1225599564 RESP_END
260 5 1 1227269188 STIM_START
260 5 1 1230365364 STIM_END_RESP_START
260 5 1 1231565404 RESP_END
261 4 0 1233195080 STIM_START
261 4 0 1235292472 STIM_END_RESP_START
261 4 0 1236492516 RESP_END
262 4 0 1238115224 STIM_START
262 4 0 1240212620 STIM_END_RESP_START
262 4 0 1241412660 RESP_END
263 5 2 1243080268 STIM_START
263 5 2 1246176452 STIM_END_RESP_START
263 5 2 1247376492 RESP_END
264 1 0 1248966224 STIM_START
264 1 0 1250064868 STIM_END_RESP_START
264 1 0 1251264912 RESP_END
265 5 2 1252937460 STIM_START
265 5 2 1256033644 STIM_END_RESP_START
265 5 2 1257233684 RESP_END
266 3 2 1258838424 STIM_START
266 3 2 1260436476 STIM_END_RESP_START
266 3 2 1261636520 RESP_END
267 5 0 1263306124 STIM_START
267 5 0 1266402304 STIM_END_RESP_START
267 5 0 1267602344 RESP_END
268 2 1 1269191004 STIM_START
268 2 1 1270389544 STIM_END_RESP_START
268 2 1 1271589584 RESP_END
269 5 1 1273253176 STIM_START
269 5 1 1276349356 STIM_END_RESP_START
269 5 1 1277549396 RESP_END
270 5 0 1279220060 STIM_START
270 5 0 1282316240 STIM_END_RESP_START
270 5 0 1283516276 RESP_END
271 2 1 1285108040 STIM_START
271 2 1 1286306580 STIM_END_RESP_START
271 2 1 1287506620 RESP_END
272 5 1 1289175148 STIM_START
272 5 1 1292271320 STIM_END_RESP_START
272 5 1 1293471364 RESP_END
273 4 1 1295108064 STIM_START
273 4 1 1297205460 STIM_END_RESP_START
273 4 1 1298405500 RESP_END
274 5 0 1300076080 STIM_START
274 5 0 1303172264 STIM_END_RESP_START
274 5 0 1304372304 RESP_END
275 5 0 1306036060 STIM_START
275 5 0 1309132240 STIM_END_RESP_START
275 5 0 1310332284 RESP_END
276 2 0 1311919004 STIM_START
276 2 0 1313117552 STIM_END_RESP_START
276 2 0 1314317592 RESP_END
277 2 1 1315908208 STIM_START
277 2 1 1317106716 STIM_END_RESP_START
277 2 1 1318306748 RESP_END
278 2 1 1319903448 STIM_START
278 2 1 1321101988 STIM_END_RESP_START
278 2 1 1322302028 RESP_END
279 3 1 1323915620 STIM_START
279 3 1 1325513632 STIM_END_RESP_START
279 3 1 1326713672 RESP_END
280 1 0 1328297340 STIM_START
280 1 0 1329395984 STIM_END_RESP_START
280 1 0 1330596028 RESP_END
281 2 0 1332193700 STIM_START
281 2 0 1333392236 STIM_END_RESP_START
281 2 0 1334592276 RESP_END
282 4 2 1336224880 STIM_START
282 4 2 1338322268 STIM_END_RESP_START
282 4 2 1339522308 RESP_END
283 2 1 1341113048 STIM_START
283 2 1 1342311596 STIM_END_RESP_START
283 2 1 1343511632 RESP_END
284 4 1 1345143204 STIM_START
284 4 1 1347240632 STIM_END_RESP_START
284 4 1 1348440668 RESP_END
285 3 0 1350042340 STIM_START
285 3 0 1351640360 STIM_END_RESP_START
285 3 0 1352840400 RESP_END
286 2 1 1354436096 STIM_START
286 2 1 1355634632 STIM_END_RESP_START
286 2 1 1356834672 RESP_END
287 3 0 1358445348 STIM_START
287 3 0 1360043368 STIM_END_RESP_START
287 3 0 1361243404 RESP_END
288 2 0 1362830056 STIM_START
288 2 0 1364028600 STIM_END_RESP_START
288 2 0 1365228640 RESP_END
289 2 0 1366821328 STIM_START
289 2 0 1368019868 STIM_END_RESP_START
289 2 0 1369219904 RESP_END
290 4 2 1370850548 STIM_START
290 4 2 1372947976 STIM_END_RESP_START
290 4 2 1374148020 RESP_END
291 5 2 1375805656 STIM_START
291 5 2 1378901832 STIM_END_RESP_START
291 5 2 1380101876 RESP_END
292 4 1 1381725472 STIM_START
292 4 1 1383822860 STIM_END_RESP_START
292 4 1 1385022904 RESP_END
293 5 0 1386692592 STIM_START
293 5 0 1389788776 STIM_END_RESP_START
293 5 0 1390988816 RESP_END
294 3 1 1392595540 STIM_START
294 3 1 1394193564 STIM_END_RESP_START
294 3 1 1395393604 RESP_END
295 1 0 1396987336 STIM_START
295 1 0 1398085980 STIM_END_RESP_START
295 1 0 1399286020 RESP_END
296 4 0 1400906544 STIM_START
296 4 0 1403003940 STIM_END_RESP_START
296 4 0 1404203972 RESP_END
297 5 2 1405869604 STIM_START
297 5 2 1408965788 STIM_END_RESP_START
297 5 2 1410165828 RESP_END
298 2 0 1411763560 STIM_START
298 2 0 1412962100 STIM_END_RESP_START
298 2 0 1414162140 RESP_END
299 4 0 1415791792 STIM_START
299 4 0 1417889220 STIM_END_RESP_START
299 4 0 1419089260 RESP_END
300 1 1 1420674960 STIM_START
300 1 1 1421773608 STIM_END_RESP_START
300 1 1 1422973648 RESP_END
301 1 0 1424569308 STIM_START
301 1 0 1425667952 STIM_END_RESP_START
301 1 0 1426867992 RESP_END
302 5 1 1428539520 STIM_START
302 5 1 1431635696 STIM_END_RESP_START
302 5 1 1432835736 RESP_END
303 5 1 1434500408 STIM_START
303 5 1 1437596584 STIM_END_RESP_START
303 5 1 1438796624 RESP_END
304 3 0 1440396400 STIM_START
304 3 0 1441994456 STIM_END_RESP_START
304 3 0 1443194492 RESP_END
305 4 1 1444827120 STIM_START
305 4 1 1446924516 STIM_END_RESP_START
305 4 1 1448124556 RESP_END
306 3 0 1449727292 STIM_START
306 3 0 1451325308 STIM_END_RESP_START
306 3 0 1452525348 RESP_END
307 1 0 1454119948 STIM_START
307 1 0 1455218588 STIM_END_RESP_START
307 1 0 1456418628 RESP_END
308 2 2 1458018316 STIM_START
308 2 2 1459216856 STIM_END_RESP_START
308 2 2 1460416896 RESP_END
309 4 0 1462051484 STIM_START
309 4 0 1464148876 STIM_END_RESP_START
309 4 0 1465348916 RESP_END
310 1 0 1466936636 STIM_START
310 1 0 1468035280 STIM_END_RESP_START
310 1 0 1469235320 RESP_END
311 2 1 1470833008 STIM_START
311 2 1 1472031544 STIM_END_RESP_START
311 2 1 1473231584 RESP_END
312 2 0 1474829248 STIM_START
312 2 0 1476027792 STIM_END_RESP_START
312 2 0 1477227832 RESP_END
313 5 1 1478899332 STIM_START
313 5 1 1481995516 STIM_END_RESP_START
313 5 1 1483195556 RESP_END
314 5 1 1484861216 STIM_START
314 5 1 1487957400 STIM_END_RESP_START
314 5 1 1489157440 RESP_END
315 3 1 1490765096 STIM_START
315 3 1 1492363148 STIM_END_RESP_START
315 3 1 1493563188 RESP_END
316 1 0 1495157916 STIM_START
316 1 0 1496256560 STIM_END_RESP_START
316 1 0 1497456592 RESP_END
317 5 2 1499129160 STIM_START
317 5 2 1502225336 STIM_END_RESP_START
317 5 2 1503425380 RESP_END
318 2 2 1505015132 STIM_START
318 2 2 1506213672 STIM_END_RESP_START
318 2 2 1507413712 RESP_END
319 3 2 1509021344 STIM_START
319 3 2 1510619368 STIM_END_RESP_START
319 3 2 1511819408 RESP_END
320 1 0 1513411072 STIM_START
320 1 0 1514509716 STIM_END_RESP_START
320 1 0 1515709756 RESP_END
321 2 0 1517298424 STIM_START
321 2 0 1518496932 STIM_END_RESP_START
321 2 0 1519696972 RESP_END
322 3 2 1521307660 STIM_START
322 3 2 1522905676 STIM_END_RESP_START
322 3 2 1524105716 RESP_END
323 4 0 1525729348 STIM_START
323 4 0 1527826736 STIM_END_RESP_START
323 4 0 1529026780 RESP_END
324 4 1 1530656424 STIM_START
324 4 1 1532753816 STIM_END_RESP_START
324 4 1 1533953860 RESP_END
325 2 1 1535541588 STIM_START
325 2 1 1536740128 STIM_END_RESP_START
325 2 1 1537940168 RESP_END
326 1 0 1539527848 STIM_START
326 1 0 1540626492 STIM_END_RESP_START
326 1 0 1541826528 RESP_END
327 3 0 1543437176 STIM_START
327 3 0 1545035196 STIM_END_RESP_START
327 3 0 1546235236 RESP_END
328 2 1 1547822884 STIM_START
328 2 1 1549021432 STIM_END_RESP_START
328 2 1 1550221472 RESP_END
329 4 0 1551853128 STIM_START
329 4 0 1553950520 STIM_END_RESP_START
329 4 0 1555150564 RESP_END
330 4 0 1556776172 STIM_START
330 4 0 1558873564 STIM_END_RESP_START
330 4 0 1560073608 RESP_END
331 2 0 1561668388 STIM_START
331 2 0 1562866932 STIM_END_RESP_START
331 2 0 1564066976 RESP_END
332 4 1 1565698544 STIM_START
332 4 1 1567795976 STIM_END_RESP_START
332 4 1 1568996016 RESP_END
333 2 2 1570583704 STIM_START
333 2 2 1571782244 STIM_END_RESP_START
333 2 2 1572982288 RESP_END
334 4 0 1574608920 STIM_START
334 4 0 1576706312 STIM_END_RESP_START
334 4 0 1577906352 RESP_END
335 5 0 1579569944 STIM_START
335 5 0 1582666124 STIM_END_RESP_START
335 5 0 1583866168 RESP_END
336 3 2 1585468904 STIM_START
336 3 2 1587066928 STIM_END_RESP_START
336 3 2 1588266960 RESP_END
337 5 0 1589932520 STIM_START
337 5 0 1593028700 STIM_END_RESP_START
337 5 0 1594228744 RESP_END
338 2 1 1595823492 STIM_START
338 2 1 1597022032 STIM_END_RESP_START
338 2 1 1598222076 RESP_END
339 2 2 1599817756 STIM_START
339 2 2 1601016296 STIM_END_RESP_START
339 2 2 1602216336 RESP_END
340 2 0 1603812960 STIM_START
340 2 0 1605011504 STIM_END_RESP_START
340 2 0 1606211540 RESP_END
341 5 1 1607882120 STIM_START
341 5 1 1610978296 STIM_END_RESP_START
341 5 1 1612178336 RESP_END
342 4 1 1613820016 STIM_START
342 4 1 1615917444 STIM_END_RESP_START
342 4 1 1617117488 RESP_END
343 3 0 1618726152 STIM_START
343 3 0 1620324168 STIM_END_RESP_START
343 3 0 1621524208 RESP_END
344 3 1 1623128892 STIM_START
344 3 1 1624726912 STIM_END_RESP_START
344 3 1 1625926956 RESP_END
345 3 1 1627540596 STIM_START
345 3 1 1629138608 STIM_END_RESP_START
345 3 1 1630338648 RESP_END
346 2 1 1631923360 STIM_START
346 2 1 1633121904 STIM_END_RESP_START
346 2 1 1634321944 RESP_END
347 2 0 1635915592 STIM_START
347 2 0 1637114104 STIM_END_RESP_START
347 2 0 1638314144 RESP_END
348 1 0 1639906776 STIM_START
348 1 0 1641005420 STIM_END_RESP_START
348 1 0 1642205460 RESP_END
349 2 1 1643791148 STIM_START
349 2 1 1644989692 STIM_END_RESP_START
349 2 1 1646189732 RESP_END
350 4 0 1647818356 STIM_START
350 4 0 1649915784 STIM_END_RESP_START
350 4 0 1651115824 RESP_END
351 5 2 1652781376 STIM_START
351 5 2 1655877552 STIM_END_RESP_START
351 5 2 1657077592 RESP_END
352 4 2 1658706296 STIM_START
352 4 2 1660803724 STIM_END_RESP_START
352 4 2 1662003764 RESP_END
353 2 1 1663592476 STIM_START
353 2 1 1664790976 STIM_END_RESP_START
353 2 1 1665991016 RESP_END
354 3 0 1667614680 STIM_START
354 3 0 1669212700 STIM_END_RESP_START
354 3 0 1670412740 RESP_END
355 2 0 1672006436 STIM_START
355 2 0 1673204980 STIM_END_RESP_START
355 2 0 1674405020 RESP_END
356 1 2 1675996656 STIM_START
356 1 2 1677095300 STIM_END_RESP_START
356 1 2 1678295344 RESP_END
357 3 0 1679907956 STIM_START
357 3 0 1681505972 STIM_END_RESP_START
357 3 0 1682706008 RESP_END
358 3 2 1684307664 STIM_START
358 3 2 1685905684 STIM_END_RESP_START
358 3 2 1687105724 RESP_END
359 5 1 1688776316 STIM_START
359 5 1 1691872500 STIM_END_RESP_START
359 5 1 1693072536 RESP_END
360 3 1 1694679292 STIM_START
360 3 1 1696277304 STIM_END_RESP_START
360 3 1 1697477344 RESP_END
361 3 0 1699088044 STIM_START
361 3 0 1700686064 STIM_END_RESP_START
361 3 0 1701886104 RESP_END
362 3 1 1703491756 STIM_START
362 3 1 1705089768 STIM_END_RESP_START
362 3 1 1706289808 RESP_END
363 4 0 1707917460 STIM_START
363 4 0 1710014852 STIM_END_RESP_START
363 4 0 1711214892 RESP_END
364 2 0 1712804620 STIM_START
364 2 0 1714003164 STIM_END_RESP_START
364 2 0 1715203204 RESP_END
365 1 2 1716795864 STIM_START
365 1 2 1717894512 STIM_END_RESP_START
365 1 2 1719094552 RESP_END
366 2 2 1720678208 STIM_START
366 2 2 1721876752 STIM_END_RESP_START
366 2 2 1723076792 RESP_END
367 3 0 1724689432 STIM_START
367 3 0 1726287444 STIM_END_RESP_START
367 3 0 1727487484 RESP_END
368 3 1 1729092140 STIM_START
368 3 1 1730690160 STIM_END_RESP_START
368 3 1 1731890196 RESP_END
369 5 2 1733560800 STIM_START
369 5 2 1736656980 STIM_END_RESP_START
369 5 2 1737857016 RESP_END
370 3 1 1739471724 STIM_START
370 3 1 1741069744 STIM_END_RESP_START
370 3 1 1742269784 RESP_END
371 2 0 1743869472 STIM_START
371 2 0 1745068012 STIM_END_RESP_START
371 2 0 1746268052 RESP_END
372 2 1 1747865704 STIM_START
372 2 1 1749064244 STIM_END_RESP_START
372 2 1 1750264280 RESP_END
373 2 1 1751860900 STIM_START
373 2 1 1753059444 STIM_END_RESP_START
373 2 1 1754259484 RESP_END
374 1 0 1755873088 STIM_START
374 1 0 1756971732 STIM_END_RESP_START
374 1 0 1758171772 RESP_END
375 2 2 1759758472 STIM_START
375 2 2 1760957016 STIM_END_RESP_START
375 2 2 1762157056 RESP_END
376 4 1 1763783640 STIM_START
376 4 1 1765881036 STIM_END_RESP_START
376 4 1 1767081076 RESP_END
377 1 1 1768674764 STIM_START
377 1 1 1769773412 STIM_END_RESP_START
377 1 1 1770973452 RESP_END
378 3 0 1772576112 STIM_START
378 3 0 1774174128 STIM_END_RESP_START
378 3 0 1775374168 RESP_END
379 3 0 1777005852 STIM_START
379 3 0 1778603868 STIM_END_RESP_START
379 3 0 1779803912 RESP_END
380 5 0 1781470508 STIM_START
380 5 0 1784566684 STIM_END_RESP_START
380 5 0 1785766724 RESP_END
381 4 1 1787392428 STIM_START
381 4 1 1789489816 STIM_END_RESP_START
381 4 1 1790689856 RESP_END
382 4 0 1792319540 STIM_START
382 4 0 1794416928 STIM_END_RESP_START
382 4 0 1795616968 RESP_END
383 2 2 1797210700 STIM_START
383 2 2 1798409248 STIM_END_RESP_START
383 2 2 1799609280 RESP_END
384 3 0 1801221864 STIM_START
384 3 0 1802819888 STIM_END_RESP_START
384 3 0 1804019924 RESP_END
385 5 0 1805681488 STIM_START
385 5 0 1808777668 STIM_END_RESP_START
385 5 0 1809977708 RESP_END
386 3 0 1811591436 STIM_START
386 3 0 1813189452 STIM_END_RESP_START
386 3 0 1814389492 RESP_END
387 2 1 1815977240 STIM_START
387 2 1 1817175780 STIM_END_RESP_START
387 2 1 1818375824 RESP_END
388 4 2 1820005404 STIM_START
388 4 2 1822102796 STIM_END_RESP_START
388 4 2 1823302840 RESP_END
389 1 0 1824892572 STIM_START
389 1 0 1825991216 STIM_END_RESP_START
389 1 0 1827191256 RESP_END
390 2 0 1828791888 STIM_START
390 2 0 1829990436 STIM_END_RESP_START
390 2 0 1831190468 RESP_END
391 4 1 1832823100 STIM_START
391 4 1 1834920492 STIM_END_RESP_START
391 4 1 1836120536 RESP_END
392 2 0 1837711168 STIM_START
392 2 0 1838909716 STIM_END_RESP_START
392 2 0 1840109756 RESP_END
393 1 1 1841700428 STIM_START
393 1 1 1842799072 STIM_END_RESP_START
393 1 1 1843999116 RESP_END
394 1 1 1845585804 STIM_START
394 1 1 1846684448 STIM_END_RESP_START
394 1 1 1847884488 RESP_END
395 2 2 1849482160 STIM_START
395 2 2 1850680708 STIM_END_RESP_START
395 2 2 1851880748 RESP_END
396 2 0 1853477364 STIM_START
396 2 0 1854675904 STIM_END_RESP_START
396 2 0 1855875944 RESP_END
397 5 0 1857544512 STIM_START
397 5 0 1860640688 STIM_END_RESP_START
397 5 0 1861840728 RESP_END
398 4 1 1863465404 STIM_START
398 4 1 1865562796 STIM_END_RESP_START
398 4 1 1866762840 RESP_END
399 2 0 1868359596 STIM_START
399 2 0 1869558144 STIM_END_RESP_START
399 2 0 1870758184 RESP_END
400 3 1 1872368772 STIM_START
400 3 1 1873966788 STIM_END_RESP_START
400 3 1 1875166828 RESP_END
401 1 1 1876763476 STIM_START
401 1 1 1877862120 STIM_END_RESP_START
401 1 1 1879062164 RESP_END
402 1 2 1880644884 STIM_START
402 1 2 1881743528 STIM_END_RESP_START
402 1 2 1882943568 RESP_END
403 3 0 1884555220 STIM_START
403 3 0 1886153240 STIM_END_RESP_START
403 3 0 1887353284 RESP_END
404 1 0 1888933908 STIM_START
404 1 0 1890032544 STIM_END_RESP_START
404 1 0 1891232588 RESP_END
405 4 0 1892865208 STIM_START
405 4 0 1894962636 STIM_END_RESP_START
405 4 0 1896162676 RESP_END
406 2 1 1897754400 STIM_START
406 2 1 1898952908 STIM_END_RESP_START
406 2 1 1900152948 RESP_END
407 2 0 1901748616 STIM_START
407 2 0 1902947156 STIM_END_RESP_START
407 2 0 1904147196 RESP_END
408 3 1 1905758820 STIM_START
408 3 1 1907356840 STIM_END_RESP_START
408 3 1 1908556880 RESP_END
409 2 1 1910144576 STIM_START
409 2 1 1911343124 STIM_END_RESP_START
409 2 1 1912543160 RESP_END
410 1 2 1914131820 STIM_START
410 1 2 1915230468 STIM_END_RESP_START
410 1 2 1916430508 RESP_END
411 4 0 1918059132 STIM_START
411 4 0 1920156528 STIM_END_RESP_START
411 4 0 1921356564 RESP_END
412 5 0 1923022212 STIM_START
412 5 0 1926118388 STIM_END_RESP_START
412 5 0 1927318432 RESP_END
413 1 2 1928904168 STIM_START
413 1 2 1930002812 STIM_END_RESP_START
413 1 2 1931202852 RESP_END
414 4 0 1932833516 STIM_START
414 4 0 1934930908 STIM_END_RESP_START
414 4 0 1936130948 RESP_END
415 1 1 1937721612 STIM_START
415 1 1 1938820256 STIM_END_RESP_START
415 1 1 1940020296 RESP_END
416 5 1 1941681868 STIM_START
416 5 1 1944778048 STIM_END_RESP_START
416 5 1 1945978092 RESP_END
417 1 0 1947564780 STIM_START
417 1 0 1948663428 STIM_END_RESP_START
417 1 0 1949863468 RESP_END
418 2 0 1951458156 STIM_START
418 2 0 1952656704 STIM_END_RESP_START
418 2 0 1953856744 RESP_END
419 1 2 1955452388 STIM_START
419 1 2 1956551036 STIM_END_RESP_START
419 1 2 1957751076 RESP_END
420 2 0 1959352684 STIM_START
420 2 0 1960551224 STIM_END_RESP_START
420 2 0 1961751264 RESP_END
421 5 0 1963419880 STIM_START
421 5 0 1966516056 STIM_END_RESP_START
421 5 0 1967716096 RESP_END
422 5 2 1969379772 STIM_START
422 5 2 1972475956 STIM_END_RESP_START
422 5 2 1973675992 RESP_END
423 5 1 1975348596 STIM_START
423 5 1 1978444772 STIM_END_RESP_START
423 5 1 1979644812 RESP_END
424 2 1 1981235560 STIM_START
424 2 1 1982434100 STIM_END_RESP_START
424 2 1 1983634140 RESP_END
425 5 0 1985298640 STIM_START
425 5 0 1988394816 STIM_END_RESP_START
425 5 0 1989594860 RESP_END
426 4 2 1991228604 STIM_START
426 4 2 1993325996 STIM_END_RESP_START
426 4 2 1994526036 RESP_END
427 3 1 1996127732 STIM_START
427 3 1 1997725756 STIM_END_RESP_START
427 3 1 1998925788 RESP_END
428 4 2 2000559396 STIM_START
428 4 2 2002656788 STIM_END_RESP_START
428 4 2 2003856828 RESP_END
429 5 0 2005515492 STIM_START
429 5 0 2008611668 STIM_END_RESP_START
429 5 0 2009811712 RESP_END
430 5 2 2011485336 STIM_START
430 5 2 2014581516 STIM_END_RESP_START
430 5 2 2015781556 RESP_END
431 4 2 2017406236 STIM_START
431 4 2 2019503628 STIM_END_RESP_START
431 4 2 2020703668 RESP_END
432 3 0 2022303436 STIM_START
432 3 0 2023901460 STIM_END_RESP_START
432 3 0 2025101500 RESP_END
433 2 2 2026699160 STIM_START
433 2 2 2027897700 STIM_END_RESP_START
433 2 2 2029097744 RESP_END
434 5 1 2030767324 STIM_START
434 5 1 2033863500 STIM_END_RESP_START
434 5 1 2035063544 RESP_END
435 5 0 2036726124 STIM_START
435 5 0 2039822300 STIM_END_RESP_START
435 5 0 2041022340 RESP_END
436 2 2 2042611088 STIM_START
436 2 2 2043809628 STIM_END_RESP_START
436 2 2 2045009672 RESP_END
437 5 1 2046675224 STIM_START
437 5 1 2049771400 STIM_END_RESP_START
437 5 1 2050971440 RESP_END
438 4 1 2052595188 STIM_START
438 4 1 2054692580 STIM_END_RESP_START
438 4 1 2055892620 RESP_END
439 4 0 2057512300 STIM_START
439 4 0 2059609692 STIM_END_RESP_START
439 4 0 2060809732 RESP_END
440 3 0 2062421428 STIM_START
440 3 0 2064019444 STIM_END_RESP_START
440 3 0 2065219480 RESP_END
441 1 0 2066802204 STIM_START
441 1 0 2067900848 STIM_END_RESP_START
441 1 0 2069100888 RESP_END
442 4 2 2070732480 STIM_START
442 4 2 2072829872 STIM_END_RESP_START
442 4 2 2074029912 RESP_END
443 2 1 2075624640 STIM_START
443 2 1 2076823180 STIM_END_RESP_START
443 2 1 2078023220 RESP_END
444 1 2 2079614860 STIM_START
444 1 2 2080713504 STIM_END_RESP_START
444 1 2 2081913548 RESP_END
445 4 0 2083531120 STIM_START
445 4 0 2085628512 STIM_END_RESP_START
445 4 0 2086828552 RESP_END
446 1 1 2088425332 STIM_START
446 1 1 2089523976 STIM_END_RESP_START
446 1 1 2090724016 RESP_END
447 4 1 2092355604 STIM_START
447 4 1 2094452992 STIM_END_RESP_START
447 4 1 2095653036 RESP_END
448 1 1 2097243788 STIM_START
448 1 1 2098342432 STIM_END_RESP_START
448 1 1 2099542468 RESP_END
449 5 0 2101219964 STIM_START
449 5 0 2104316104 STIM_END_RESP_START
449 5 0 2105516148 RESP_END
450 2 1 2107102952 STIM_START
450 2 1 2108301460 STIM_END_RESP_START
450 2 1 2109501500 RESP_END
451 3 0 2111108180 STIM_START
451 3 0 2112706196 STIM_END_RESP_START
451 3 0 2113906236 RESP_END
452 1 2 2115498924 STIM_START
452 1 2 2116597568 STIM_END_RESP_START
452 1 2 2117797608 RESP_END
453 5 1 2119473180 STIM_START
453 5 1 2122569356 STIM_END_RESP_START
453 5 1 2123769392 RESP_END
454 4 2 2125398036 STIM_START
454 4 2 2127495428 STIM_END_RESP_START
454 4 2 2128695468 RESP_END
455 4 0 2130320204 STIM_START
455 4 0 2132417600 STIM_END_RESP_START
455 4 0 2133617636 RESP_END
456 3 1 2135233304 STIM_START
456 3 1 2136831324 STIM_END_RESP_START
456 3 1 2138031364 RESP_END
457 1 1 2139617048 STIM_START
457 1 1 2140715692 STIM_END_RESP_START
457 1 1 2141915732 RESP_END
458 5 1 2143582404 STIM_START
458 5 1 2146678580 STIM_END_RESP_START
458 5 1 2147878620 RESP_END
459 4 0 2149504240 STIM_START
459 4 0 2151601672 STIM_END_RESP_START
459 4 0 2152801712 RESP_END
460 4 1 2154421348 STIM_START
460 4 1 2156518740 STIM_END_RESP_START
460 4 1 2157718780 RESP_END
461 1 0 2159312488 STIM_START
461 1 0 2160411132 STIM_END_RESP_START
461 1 0 2161611172 RESP_END
462 5 2 2163282720 STIM_START
462 5 2 2166378900 STIM_END_RESP_START
462 5 2 2167578940 RESP_END
463 1 1 2169168716 STIM_START
463 1 1 2170267360 STIM_END_RESP_START
463 1 1 2171467404 RESP_END
464 3 1 2173080040 STIM_START
464 3 1 2174678060 STIM_END_RESP_START
464 3 1 2175878096 RESP_END
465 3 0 2177479776 STIM_START
465 3 0 2179077788 STIM_END_RESP_START
465 3 0 2180277828 RESP_END
466 2 1 2181875516 STIM_START
466 2 1 2183074060 STIM_END_RESP_START
466 2 1 2184274100 RESP_END
467 3 0 2185886696 STIM_START
467 3 0 2187484716 STIM_END_RESP_START
467 3 0 2188684760 RESP_END
468 4 2 2190308404 STIM_START
468 4 2 2192405796 STIM_END_RESP_START
468 4 2 2193605836 RESP_END
469 1 0 2195199536 STIM_START
469 1 0 2196298184 STIM_END_RESP_START
469 1 0 2197498228 RESP_END
470 3 2 2199101872 STIM_START
470 3 2 2200699888 STIM_END_RESP_START
470 3 2 2201899928 RESP_END
471 2 1 2203497648 STIM_START
471 2 1 2204696188 STIM_END_RESP_START
471 2 1 2205896224 RESP_END
472 1 0 2207487864 STIM_START
472 1 0 2208586512 STIM_END_RESP_START
472 1 0 2209786548 RESP_END
473 2 1 2211386212 STIM_START
473 2 1 2212584720 STIM_END_RESP_START
473 2 1 2213784760 RESP_END
474 4 0 2215416372 STIM_START
474 4 0 2217513764 STIM_END_RESP_START
474 4 0 2218713804 RESP_END
475 3 1 2220319472 STIM_START
475 3 1 2221917496 STIM_END_RESP_START
475 3 1 2223117536 RESP_END
476 2 1 2224715256 STIM_START
476 2 1 2225913796 STIM_END_RESP_START
476 2 1 2227113840 RESP_END
477 2 1 2228712500 STIM_START
477 2 1 2229911040 STIM_END_RESP_START
477 2 1 2231111080 RESP_END
478 3 0 2232723680 STIM_START
478 3 0 2234321696 STIM_END_RESP_START
478 3 0 2235521736 RESP_END
479 3 2 2237125364 STIM_START
479 3 2 2238723384 STIM_END_RESP_START
479 3 2 2239923424 RESP_END
480 1 1 2241518180 STIM_START
480 1 1 2242616828 STIM_END_RESP_START
480 1 1 2243816864 RESP_END
481 4 2 2245449480 STIM_START
481 4 2 2247546868 STIM_END_RESP_START
481 4 2 2248746912 RESP_END
482 5 0 2250406484 STIM_START
482 5 0 2253502664 STIM_END_RESP_START
482 5 0 2254702704 RESP_END
483 2 1 2256290480 STIM_START
483 2 1 2257489024 STIM_END_RESP_START
483 2 1 2258689064 RESP_END
484 3 1 2260297664 STIM_START
484 3 1 2261895684 STIM_END_RESP_START
484 3 1 2263095724 RESP_END
485 3 1 2264698416 STIM_START
485 3 1 2266296436 STIM_END_RESP_START
485 3 1 2267496476 RESP_END
486 1 0 2269091164 STIM_START
486 1 0 2270189808 STIM_END_RESP_START
486 1 0 2271389848 RESP_END
487 4 1 2273010480 STIM_START
487 4 1 2275107880 STIM_END_RESP_START
487 4 1 2276307912 RESP_END
488 3 2 2277920612 STIM_START
488 3 2 2279518636 STIM_END_RESP_START
488 3 2 2280718676 RESP_END
489 1 0 2282313288 STIM_START
489 1 0 2283411932 STIM_END_RESP_START
489 1 0 2284611976 RESP_END
490 3 1 2286216676 STIM_START
490 3 1 2287814696 STIM_END_RESP_START
490 3 1 2289014732 RESP_END
491 1 1 2290609416 STIM_START
491 1 1 2291708060 STIM_END_RESP_START
491 1 1 2292908104 RESP_END
492 3 0 2294506704 STIM_START
492 3 0 2296104716 STIM_END_RESP_START
492 3 0 2297304760 RESP_END
493 3 1 2298925420 STIM_START
493 3 1 2300523436 STIM_END_RESP_START
493 3 1 2301723476 RESP_END
494 3 0 2303339196 STIM_START
494 3 0 2304937220 STIM_END_RESP_START
494 3 0 2306137260 RESP_END
495 5 0 2307813844 STIM_START
495 5 0 2310910024 STIM_END_RESP_START
495 5 0 2312110060 RESP_END
496 2 1 2313703784 STIM_START
496 2 1 2314902324 STIM_END_RESP_START
496 2 1 2316102364 RESP_END
497 5 2 2317770916 STIM_START
497 5 2 2320867092 STIM_END_RESP_START
497 5 2 2322067132 RESP_END
498 1 0 2323652888 STIM_START
498 1 0 2324751532 STIM_END_RESP_START
498 1 0 2325951572 RESP_END
499 5 1 2327621140 STIM_START
499 5 1 2330717324 STIM_END_RESP_START
499 5 1 2331917368 RESP_END
500 4 0 2333544092 STIM_START
500 4 0 2335641480 STIM_END_RESP_START
500 4 0 2336841524 RESP_END
501 4 0 2338471100 STIM_START
501 4 0 2340568492 STIM_END_RESP_START
501 4 0 2341768532 RESP_END
502 2 0 2343357324 STIM_START
502 2 0 2344555832 STIM_END_RESP_START
502 2 0 2345755876 RESP_END
503 3 2 2347365524 STIM_START
503 3 2 2348963540 STIM_END_RESP_START
503 3 2 2350163580 RESP_END
504 3 1 2351766188 STIM_START
504 3 1 2353364208 STIM_END_RESP_START
504 3 1 2354564252 RESP_END
505 5 0 2356232920 STIM_START
505 5 0 2359329064 STIM_END_RESP_START
505 5 0 2360529100 RESP_END
506 3 0 2362133908 STIM_START
506 3 0 2363731920 STIM_END_RESP_START
506 3 0 2364931960 RESP_END
507 5 2 2366601512 STIM_START
507 5 2 2369697688 STIM_END_RESP_START
507 5 2 2370897728 RESP_END
508 3 1 2372508424 STIM_START
508 3 1 2374106444 STIM_END_RESP_START
508 3 1 2375306484 RESP_END
509 5 0 2376967036 STIM_START
509 5 0 2380063220 STIM_END_RESP_START
509 5 0 2381263264 RESP_END
510 1 0 2382845008 STIM_START
510 1 0 2383943648 STIM_END_RESP_START
510 1 0 2385143692 RESP_END
511 4 0 2386776324 STIM_START
511 4 0 2388873756 STIM_END_RESP_START
511 4 0 2390073796 RESP_END
512 3 1 2391679436 STIM_START
512 3 1 2393277460 STIM_END_RESP_START
512 3 1 2394477500 RESP_END
513 2 0 2396078268 STIM_START
513 2 0 2397276812 STIM_END_RESP_START
513 2 0 2398476852 RESP_END
514 4 1 2400105384 STIM_START
514 4 1 2402202780 STIM_END_RESP_START
514 4 1 2403402820 RESP_END
515 4 0 2405026508 STIM_START
515 4 0 2407123900 STIM_END_RESP_START
515 4 0 2408323940 RESP_END
516 4 0 2409952584 STIM_START
516 4 0 2412049972 STIM_END_RESP_START
516 4 0 2413250016 RESP_END
517 2 1 2414837720 STIM_START
517 2 1 2416036268 STIM_END_RESP_START
517 2 1 2417236308 RESP_END
518 3 0 2418847984 STIM_START
518 3 0 2420446000 STIM_END_RESP_START
518 3 0 2421646040 RESP_END
519 4 0 2423277668 STIM_START
519 4 0 2425375060 STIM_END_RESP_START
519 4 0 2426575100 RESP_END
520 5 1 2428243692 STIM_START
520 5 1 2431339876 STIM_END_RESP_START
520 5 1 2432539920 RESP_END
521 4 0 2434167660 STIM_START
521 4 0 2436265056 STIM_END_RESP_START
521 4 0 2437465100 RESP_END
522 4 2 2439091772 STIM_START
522 4 2 2441189164 STIM_END_RESP_START
522 4 2 2442389208 RESP_END
523 3 0 2444002888 STIM_START
523 3 0 2445600908 STIM_END_RESP_START
523 3 0 2446800948 RESP_END
524 2 1 2448403596 STIM_START
524 2 1 2449602140 STIM_END_RESP_START
524 2 1 2450802180 RESP_END
525 5 2 2452471772 STIM_START
525 5 2 2455567956 STIM_END_RESP_START
525 5 2 2456768000 RESP_END
526 5 0 2458428580 STIM_START
526 5 0 2461524752 STIM_END_RESP_START
526 5 0 2462724796 RESP_END
527 1 2 2464335516 STIM_START
527 1 2 2465434160 STIM_END_RESP_START
527 1 2 2466634200 RESP_END
528 5 0 2468299752 STIM_START
528 5 0 2471395896 STIM_END_RESP_START
528 5 0 2472595936 RESP_END
529 1 1 2474187752 STIM_START
529 1 1 2475286400 STIM_END_RESP_START
529 1 1 2476486440 RESP_END
530 4 2 2478114052 STIM_START
530 4 2 2480211444 STIM_END_RESP_START
530 4 2 2481411480 RESP_END
531 2 0 2483011184 STIM_START
531 2 0 2484209692 STIM_END_RESP_START
531 2 0 2485409728 RESP_END
532 4 0 2487040412 STIM_START
532 4 0 2489137800 STIM_END_RESP_START
532 4 0 2490337844 RESP_END
533 2 0 2491933532 STIM_START
533 2 0 2493132044 STIM_END_RESP_START
533 2 0 2494332084 RESP_END
534 3 1 2495945712 STIM_START
534 3 1 2496875668 LICK
534 3 1 2497067100 LICK
534 3 1 2497227620 LICK
534 3 1 2497385788 LICK
534 3 1 2497538428 LICK
534 3 1 2497543732 STIM_END_RESP_START
534 3 1 2497705228 LICK
534 3 1 2497705760 REWARD_START
534 3 1 2497846328 LICK
534 3 1 2498018880 LICK
534 3 1 2498144644 LICK
534 3 1 2498287864 LICK
534 3 1 2498743744 RESP_END
534 3 1 -1797180968 REWARD_END
535 3 1 2500367420 STIM_START
535 3 1 2501965432 STIM_END_RESP_START
535 3 1 2503165476 RESP_END
536 2 0 2504760116 STIM_START
536 2 0 2505958628 STIM_END_RESP_START
536 2 0 2506536948 LICK
536 2 0 2506537488 TIMEOUT_START
536 2 0 2506750716 LICK
536 2 0 2506751256 TIMEOUT_START
536 2 0 2506874652 LICK
536 2 0 2506875192 TIMEOUT_START
536 2 0 2507158664 RESP_END
536 2 0 2513875736 TIMEOUT_END
537 4 0 2515505320 STIM_START
537 4 0 2517602712 STIM_END_RESP_START
537 4 0 2518802752 RESP_END
538 5 0 2520476372 STIM_START
538 5 0 2523572516 STIM_END_RESP_START
538 5 0 2524772552 RESP_END
539 5 1 2526444224 STIM_START
539 5 1 2529540408 STIM_END_RESP_START
539 5 1 2530740448 RESP_END
540 1 1 2532343144 STIM_START
540 1 1 2533441792 STIM_END_RESP_START
540 1 1 2534641832 RESP_END
541 5 1 2536308416 STIM_START
541 5 1 2539404600 STIM_END_RESP_START
541 5 1 2540604644 RESP_END
542 2 0 2542199348 STIM_START
542 2 0 2543397896 STIM_END_RESP_START
542 2 0 2544597932 RESP_END
543 2 0 2546195580 STIM_START
543 2 0 2547394120 STIM_END_RESP_START
543 2 0 2548594160 RESP_END
544 5 2 2550252808 STIM_START
544 5 2 2553348984 STIM_END_RESP_START
544 5 2 2554549024 RESP_END
545 2 1 2556150668 STIM_START
545 2 1 2557349216 STIM_END_RESP_START
545 2 1 2558549260 RESP_END
546 4 1 2560179856 STIM_START
546 4 1 2562277240 STIM_END_RESP_START
546 4 1 2563477280 RESP_END
547 2 0 2565081948 STIM_START
547 2 0 2566280492 STIM_END_RESP_START
547 2 0 2567480532 RESP_END
548 5 2 2569151120 STIM_START
548 5 2 2572247304 STIM_END_RESP_START
548 5 2 2573447344 RESP_END
549 5 2 2575107032 STIM_START
549 5 2 2578203176 STIM_END_RESP_START
549 5 2 2579403216 RESP_END
550 3 1 2581006884 STIM_START
550 3 1 2582604904 STIM_END_RESP_START
550 3 1 2583804944 RESP_END
551 5 0 2585481568 STIM_START
551 5 0 2588577744 STIM_END_RESP_START
551 5 0 2589777788 RESP_END
552 2 1 2591364536 STIM_START
552 2 1 2592563076 STIM_END_RESP_START
552 2 1 2593763116 RESP_END
553 5 1 2595432704 STIM_START
553 5 1 2598528880 STIM_END_RESP_START
553 5 1 2599728916 RESP_END
554 5 0 2601391568 STIM_START
554 5 0 2604487712 STIM_END_RESP_START
554 5 0 2605687744 RESP_END
555 1 1 2607274484 STIM_START
555 1 1 2608373128 STIM_END_RESP_START
555 1 1 2609573172 RESP_END
556 5 1 2611241780 STIM_START
556 5 1 2614337924 STIM_END_RESP_START
556 5 1 2615537964 RESP_END
557 5 0 2617198576 STIM_START
557 5 0 2620294760 STIM_END_RESP_START
557 5 0 2621494800 RESP_END
558 5 2 2623168440 STIM_START
558 5 2 2626264620 STIM_END_RESP_START
558 5 2 2627464660 RESP_END
559 2 0 2629053384 STIM_START
559 2 0 2630251932 STIM_END_RESP_START
559 2 0 2631451972 RESP_END
560 4 0 2633081604 STIM_START
560 4 0 2635179040 STIM_END_RESP_START
560 4 0 2636379072 RESP_END
561 3 1 2637985780 STIM_START
561 3 1 2639583800 STIM_END_RESP_START
561 3 1 2640783844 RESP_END
562 1 1 2642368528 STIM_START
562 1 1 2643467164 STIM_END_RESP_START
562 1 1 2644667204 RESP_END
563 4 2 2646298832 STIM_START
563 4 2 2648396224 STIM_END_RESP_START
563 4 2 2649596264 RESP_END
564 4 0 2651229896 STIM_START
564 4 0 2653327288 STIM_END_RESP_START
564 4 0 2654527328 RESP_END
565 5 1 2656197956 STIM_START
565 5 1 2659294136 STIM_END_RESP_START
565 5 1 2660494176 RESP_END
566 3 1 2662099868 STIM_START
566 3 1 2663697888 STIM_END_RESP_START
566 3 1 2664897928 RESP_END
567 4 0 2666531572 STIM_START
567 4 0 2668628964 STIM_END_RESP_START
567 4 0 2669829004 RESP_END
568 2 1 2671433720 STIM_START
568 2 1 2672632228 STIM_END_RESP_START
568 2 1 2673832272 RESP_END
569 2 0 2675427940 STIM_START
569 2 0 2676626484 STIM_END_RESP_START
569 2 0 2677826520 RESP_END
570 1 0 2679422164 STIM_START
570 1 0 2680520808 STIM_END_RESP_START
570 1 0 2681720852 RESP_END
571 2 1 2683325508 STIM_START
571 2 1 2684524048 STIM_END_RESP_START
571 2 1 2685724088 RESP_END
572 2 1 2687317716 STIM_START
572 2 1 2688516260 STIM_END_RESP_START
572 2 1 2689716300 RESP_END
573 5 0 2691386856 STIM_START
573 5 0 2694483000 STIM_END_RESP_START
573 5 0 2695683032 RESP_END
574 2 0 2697270784 STIM_START
574 2 0 2698469324 STIM_END_RESP_START
574 2 0 2699669364 RESP_END
575 3 0 2701281008 STIM_START
575 3 0 2702879028 STIM_END_RESP_START
575 3 0 2704079072 RESP_END
576 5 1 2705746592 STIM_START
576 5 1 2708842772 STIM_END_RESP_START
576 5 1 2710042812 RESP_END
