001 0 0006839452 STIM_START
001 0 0007938104 STIM_END_RESP_START
001 0 0009138144 RESP_END
002 0 0011136256 STIM_START
002 0 0012234888 STIM_END_RESP_START
002 0 0013434912 RESP_END
003 1 0015242356 STIM_START
003 1 0015820208 LICK
003 1 0015962016 LICK
003 1 0016119464 LICK
003 1 0016276960 LICK
003 1 0016341008 STIM_END_RESP_START
003 1 0016589524 LICK
003 1 0016589964 REWARD_START
003 1 0017541036 RESP_END
003 1 0016620424 REWARD_END
004 1 0019341412 STIM_START
004 1 0020313112 LICK
004 1 0000040060 STIM_END_RESP_START
004 1 0020654400 LICK
004 1 0020654832 REWARD_START
004 1 0020805432 LICK
004 1 0021640076 RESP_END
004 1 0020685300 REWARD_END
005 0 0023386544 STIM_START
005 0 0024485176 STIM_END_RESP_START
005 0 0025685208 RESP_END
006 1 0027287892 STIM_START
006 1 0028003404 LICK
006 1 0028160564 LICK
006 1 0028334268 LICK
006 1 0028386528 STIM_END_RESP_START
006 1 0028562072 LICK
006 1 0028562516 REWARD_START
006 1 0028681128 LICK
006 1 0029586548 RESP_END
006 1 0028592976 REWARD_END
007 0 0031241172 STIM_START
007 0 0032339804 STIM_END_RESP_START
007 0 0033539832 RESP_END
008 0 0035330272 STIM_START
008 0 0036428940 STIM_END_RESP_START
008 0 0037628964 RESP_END
009 1 0039335476 STIM_START
009 1 0040434144 STIM_END_RESP_START
USER_EXIT