001 0 0008645020 STIM_START
001 0 0009654492 STIM_END_RESP_START
001 0 0010854540 RESP_END
002 1 0012756004 STIM_START
002 1 0013765488 STIM_END_RESP_START
002 1 0014965516 RESP_END
003 1 0016858008 STIM_START
003 1 0017867500 STIM_END_RESP_START
003 1 0019067528 RESP_END
004 1 0020738136 STIM_START
004 1 0021747620 STIM_END_RESP_START
004 1 0022947648 RESP_END
005 0 0025077016 STIM_START
005 0 0026086508 STIM_END_RESP_START
005 0 0027286560 RESP_END
006 0 0029047096 STIM_START
006 0 0030056588 STIM_END_RESP_START
006 0 0031256616 RESP_END
007 0 0032882272 STIM_START
007 0 0033891764 STIM_END_RESP_START
007 0 0035091792 RESP_END
008 1 0036870276 STIM_START
008 1 0037879760 STIM_END_RESP_START
008 1 0039079792 RESP_END
009 0 0041091248 STIM_START
009 0 0042100732 STIM_END_RESP_START
009 0 0043300760 RESP_END
010 0 0045096256 STIM_START
010 0 0046105748 STIM_END_RESP_START
010 0 0047305776 RESP_END
011 1 0056195892 STIM_START
011 1 0056654080 LICK
011 1 0056841996 LICK
011 1 0057205384 STIM_END_RESP_START
011 1 0058405416 RESP_END
012 1 0061662268 STIM_START
012 1 0062671764 STIM_END_RESP_START
012 1 0063037496 LICK
012 1 0063037904 REWARD_START
012 1 0063871808 RESP_END
012 1 0063068348 REWARD_END
013 1 0071360500 STIM_START
013 1 0072369964 STIM_END_RESP_START
013 1 0073134288 LICK
013 1 0073134696 REWARD_START
013 1 0073570012 RESP_END
013 1 0073165140 REWARD_END
014 0 0078431060 STIM_START
014 0 0079440528 STIM_END_RESP_START
014 0 0080157308 LICK
014 0 0080157720 TIMEOUT_START
014 0 0080640576 RESP_END
014 0 0087158152 TIMEOUT_END
015 1 0088776028 STIM_START
015 1 0089785524 STIM_END_RESP_START
015 1 0090259876 LICK
015 1 0090260284 REWARD_START
015 1 0090608536 LICK
015 1 0090985544 RESP_END
015 1 0090290728 REWARD_END
016 1 0093239876 STIM_START
016 1 0094249344 STIM_END_RESP_START
016 1 0095449376 RESP_END
017 1 0097201928 STIM_START
017 1 0098211420 STIM_END_RESP_START
017 1 0099411452 RESP_END
018 0 0101477864 STIM_START
018 0 0102487340 STIM_END_RESP_START
018 0 0103687384 RESP_END
019 1 0105387964 STIM_START
019 1 0106397436 STIM_END_RESP_START
019 1 0107597484 RESP_END
020 1 0109517968 STIM_START
020 1 0110527468 STIM_END_RESP_START
020 1 0111727516 RESP_END
021 0 0113678968 STIM_START
021 0 0114688440 STIM_END_RESP_START
021 0 0115888484 RESP_END
USER_EXIT