001 0 0002540732 STIM_START
001 0 0003540048 STIM_END_RESP_START
001 0 0004740088 RESP_END
002 1 0007420516 STIM_START
002 1 0008419832 STIM_END_RESP_START
002 1 0008909296 LICK
002 1 0008909656 REWARD_START
002 1 0009619872 RESP_END
002 1 0008960052 REWARD_END
003 1 0015450192 STIM_START
003 1 0016204664 LICK
003 1 0016383784 LICK
003 1 0016449500 STIM_END_RESP_START
003 1 0016591488 LICK
003 1 0016591896 REWARD_START
003 1 0016782876 LICK
003 1 0016893840 LICK
003 1 0017093272 LICK
003 1 0017267456 LICK
003 1 0017460472 LICK
003 1 0017649524 RESP_END
003 1 0016642328 REWARD_END
004 1 0032019084 STIM_START
004 1 0032341388 LICK
004 1 0032583764 LICK
004 1 0032737972 LICK
004 1 0032967100 LICK
004 1 0033018388 STIM_END_RESP_START
004 1 0033100536 LICK
004 1 0033100948 REWARD_START
004 1 0033316616 LICK
004 1 0033535680 LICK
004 1 0033817416 LICK
004 1 0034164040 LICK
004 1 0034218428 RESP_END
004 1 0033151380 REWARD_END
005 0 0040999076 STIM_START
005 0 0041998384 STIM_END_RESP_START
005 0 0043198404 RESP_END
006 0 0045662928 STIM_START
006 0 0046662260 STIM_END_RESP_START
006 0 0047862288 RESP_END
007 0 0050124932 STIM_START
007 0 0051124264 STIM_END_RESP_START
007 0 0052324288 RESP_END
USER_EXIT