001 0 0010165272 STIM_START
001 0 0015348468 LICK
001 0 0015649324 LICK
001 0 0015865552 LICK
001 0 0018166108 STIM_END_RESP_START
001 0 0019169868 LICK
001 0 0019170312 TIMEOUT_START
001 0 0019366140 RESP_END
001 0 0026170768 TIMEOUT_END
002 0 0028400016 STIM_START
002 0 0036400828 STIM_END_RESP_START
002 0 0037600848 RESP_END
003 0 0039583652 STIM_START
003 0 0043634064 STIM_END_RESP_START
003 0 0044834084 RESP_END
004 1 0046903728 STIM_START
004 1 0050812116 LICK
004 1 0051075464 LICK
004 1 0051154160 STIM_END_RESP_START
004 1 0051254996 LICK
004 1 0051255440 REWARD_START
004 1 0051443060 LICK
004 1 0052354180 RESP_END
004 1 0051268408 REWARD_END
005 0 0054352836 STIM_START
005 0 0058403248 STIM_END_RESP_START
