001 0 0002281200 STIM_START
001 0 0003280536 STIM_END_RESP_START
001 0 0003593508 LICK
001 0 0003593900 TIMEOUT_START
001 0 0004480564 RESP_END
001 0 0010594316 TIMEOUT_END
002 1 0012465756 STIM_START
002 1 0013465100 STIM_END_RESP_START
002 1 0014665140 RESP_END
003 0 0024372440 STIM_START
003 0 0025371780 STIM_END_RESP_START
003 0 0026571820 RESP_END
004 0 0028339932 STIM_START
004 0 0029339276 STIM_END_RESP_START
004 0 0030539316 RESP_END
005 0 0032414352 STIM_START
005 0 0033413696 STIM_END_RESP_START
005 0 0034613736 RESP_END
006 1 0036401960 STIM_START
006 1 0037270388 LICK
006 1 0037401276 STIM_END_RESP_START
006 1 0037880128 LICK
006 1 0037880568 REWARD_START
006 1 0037913448 LICK
006 1 0038427120 LICK
006 1 0038456116 LICK
006 1 0038601292 RESP_END
006 1 0037911040 REWARD_END
007 1 0041091940 STIM_START
007 1 0042091292 STIM_END_RESP_START
007 1 0043291332 RESP_END
008 1 0045235456 STIM_START
008 1 0046234800 STIM_END_RESP_START
008 1 0046888676 LICK
008 1 0046889124 REWARD_START
008 1 0047122736 LICK
008 1 0047375344 LICK
008 1 0047434820 RESP_END
008 1 0046919588 REWARD_END
009 0 0049799536 STIM_START
009 0 0050798880 STIM_END_RESP_START
009 0 0051998920 RESP_END
010 0 0053970032 STIM_START
010 0 0054343240 LICK
010 0 0054969360 STIM_END_RESP_START
010 0 0055159404 LICK
010 0 0055159848 TIMEOUT_START
010 0 0056169408 RESP_END
010 0 0062160316 TIMEOUT_END
011 1 0063967760 STIM_START
011 1 0064967108 STIM_END_RESP_START
011 1 0066167148 RESP_END
012 1 0068191100 STIM_START
012 1 0069190440 STIM_END_RESP_START
012 1 0070390484 RESP_END
013 1 0072214624 STIM_START
013 1 0073213968 STIM_END_RESP_START
013 1 0074414008 RESP_END
014 0 0076289076 STIM_START
014 0 0077288412 STIM_END_RESP_START
014 0 0078488456 RESP_END
015 1 0080477460 STIM_START
015 1 0081476804 STIM_END_RESP_START
015 1 0082676844 RESP_END
016 0 0088312596 STIM_START
016 0 0089311940 STIM_END_RESP_START
016 0 0090511984 RESP_END
017 0 0092511948 STIM_START
017 0 0093511292 STIM_END_RESP_START
017 0 0094711332 RESP_END
018 0 0096551536 STIM_START
018 0 0097550880 STIM_END_RESP_START
018 0 0098750920 RESP_END
019 1 0102541728 STIM_START
019 1 0103541080 STIM_END_RESP_START
019 1 0104317388 LICK
019 1 0104317876 REWARD_START
019 1 0104350432 LICK
019 1 0104381396 LICK
019 1 0104396668 LICK
019 1 0104447180 LICK
019 1 0104454248 LICK
019 1 0104656808 LICK
019 1 0104741100 RESP_END
019 1 0104348396 REWARD_END
020 0 0109207592 STIM_START
020 0 0110206900 STIM_END_RESP_START
020 0 0111406948 RESP_END
021 1 0118553728 STIM_START
021 1 0119553076 STIM_END_RESP_START
021 1 0120337588 LICK
021 1 0120338076 REWARD_START
021 1 0120426824 LICK
021 1 0120753128 RESP_END
021 1 0120368596 REWARD_END
022 1 0122425340 STIM_START
022 1 0123015476 LICK
022 1 0123031924 LICK
022 1 0123088096 LICK
022 1 0123424692 STIM_END_RESP_START
022 1 0124218344 LICK
022 1 0124218840 REWARD_START
022 1 0124256084 LICK
022 1 0124624732 RESP_END
022 1 0124249356 REWARD_END
023 0 0131194864 STIM_START
023 0 0132194168 STIM_END_RESP_START
023 0 0132651236 LICK
023 0 0132651720 TIMEOUT_START
023 0 0133394224 RESP_END
023 0 0139652228 TIMEOUT_END
024 1 0141510448 STIM_START
024 1 0142509748 STIM_END_RESP_START
024 1 0143316448 LICK
024 1 0143316940 REWARD_START
024 1 0143367860 LICK
024 1 0143380360 LICK
024 1 0143413668 LICK
024 1 0143518668 LICK
024 1 0143709780 RESP_END
024 1 0143347460 REWARD_END
025 0 0145495920 STIM_START
025 0 0146495272 STIM_END_RESP_START
025 0 0147695324 RESP_END
026 1 0149387544 STIM_START
026 1 0149693572 LICK
026 1 0149790240 LICK
026 1 0149829936 LICK
026 1 0149893132 LICK
026 1 0149912000 LICK
026 1 0149930960 LICK
026 1 0150386864 STIM_END_RESP_START
026 1 0151108824 LICK
026 1 0151109312 REWARD_START
026 1 0151141540 LICK
026 1 0151239796 LICK
026 1 0151586876 RESP_END
026 1 0151139832 REWARD_END
027 1 0155375876 STIM_START
027 1 0156369288 LICK
027 1 0156375188 STIM_END_RESP_START
027 1 0156470544 LICK
027 1 0156471032 REWARD_START
027 1 0157575216 RESP_END
027 1 0156501552 REWARD_END
028 1 0159179424 STIM_START
028 1 0159289032 LICK
028 1 0159306240 LICK
028 1 0160178736 STIM_END_RESP_START
028 1 0160663336 LICK
028 1 0160663828 REWARD_START
028 1 0161257444 LICK
028 1 0161347676 LICK
028 1 0161357112 LICK
028 1 0161378752 RESP_END
028 1 0160694348 REWARD_END
029 0 0163036032 STIM_START
029 0 0163420536 LICK
029 0 0164035380 STIM_END_RESP_START
029 0 0164339748 LICK
029 0 0164340232 TIMEOUT_START
029 0 0164394360 LICK
029 0 0164394844 TIMEOUT_START
029 0 0164635180 LICK
029 0 0164635672 TIMEOUT_START
029 0 0164666148 LICK
029 0 0164666640 TIMEOUT_START
029 0 0164689336 LICK
029 0 0164689824 TIMEOUT_START
029 0 0164730708 LICK
029 0 0164731204 TIMEOUT_START
029 0 0165235404 RESP_END
029 0 0171731712 TIMEOUT_END
USER_EXIT