001 1 0014505572 STIM_START
001 1 0018530996 STIM_END_RESP_START
001 1 0019731012 RESP_END
002 1 0021735660 STIM_START
002 1 0025261020 STIM_END_RESP_START
002 1 0026461036 RESP_END
003 0 0028657672 STIM_START
003 0 0030995540 LICK
003 0 0031933024 STIM_END_RESP_START
003 0 0033133040 RESP_END
004 0 0037242916 STIM_START
004 0 0040318228 STIM_END_RESP_START
004 0 0041518248 RESP_END
005 0 0043364824 STIM_START
005 0 0046640188 STIM_END_RESP_START
005 0 0047840196 RESP_END
006 1 0049905804 STIM_START
006 1 0053181160 STIM_END_RESP_START
006 1 0054381176 RESP_END
007 0 0056198740 STIM_START
007 0 0060224160 STIM_END_RESP_START
USER_EXIT