001 0 0005898840 STIM_START
001 0 0006999032 STIM_END_RESP_START
001 0 0008199076 RESP_END
002 0 0010063592 STIM_START
002 0 0011163764 STIM_END_RESP_START
002 0 0012363792 RESP_END
003 1 0014436476 STIM_START
003 1 0015536644 STIM_END_RESP_START
003 1 0016736668 RESP_END
004 1 0018372248 STIM_START
004 1 0019472420 STIM_END_RESP_START
004 1 0020672440 RESP_END
005 0 0023280188 STIM_START
005 0 0023909732 LICK
005 0 0024380352 STIM_END_RESP_START
005 0 0024473164 LICK
005 0 0024473608 TIMEOUT_START
005 0 0024639148 LICK
005 0 0024639588 TIMEOUT_START
005 0 0025086576 LICK
005 0 0025087016 TIMEOUT_START
005 0 0025250552 LICK
005 0 0025250996 TIMEOUT_START
005 0 0025580384 RESP_END
005 0 0032251456 TIMEOUT_END
006 1 0034203316 STIM_START
006 1 0035258392 LICK
006 1 0035303484 STIM_END_RESP_START
006 1 0035774416 LICK
006 1 0035774860 REWARD_START
006 1 0036112316 LICK
006 1 0036503528 RESP_END
006 1 0035785320 REWARD_END
007 0 0038752172 STIM_START
007 0 0039852348 STIM_END_RESP_START
007 0 0041052376 RESP_END
008 0 0042685968 STIM_START
008 0 0043786136 STIM_END_RESP_START
008 0 0044986160 RESP_END
009 1 0046767752 STIM_START
009 1 0047669800 LICK
009 1 0047867928 STIM_END_RESP_START
009 1 0048169440 LICK
009 1 0048169876 REWARD_START
009 1 0048272984 LICK
009 1 0048907116 LICK
009 1 0049067956 RESP_END
009 1 0048180340 REWARD_END
010 0 0051536632 STIM_START
010 0 0052636804 STIM_END_RESP_START
010 0 0053836828 RESP_END
011 1 0057931904 STIM_START
011 1 0059032072 STIM_END_RESP_START
011 1 0060232100 RESP_END
012 1 0061987684 STIM_START
012 1 0063087860 STIM_END_RESP_START
012 1 0063729500 LICK
012 1 0063729944 REWARD_START
012 1 0064093108 LICK
012 1 0064238924 LICK
012 1 0064287880 RESP_END
012 1 0063740404 REWARD_END
013 0 0066647556 STIM_START
013 0 0067747724 STIM_END_RESP_START
013 0 0068947752 RESP_END
014 1 0070659336 STIM_START
014 1 0071759504 STIM_END_RESP_START
USER_EXIT