001 0 0004230984 STIM_START
001 0 0005330484 STIM_END_RESP_START
001 0 0006530528 RESP_END
002 1 0008446040 STIM_START
002 1 0009545536 STIM_END_RESP_START
002 1 0010745584 RESP_END
003 0 0012818076 STIM_START
003 0 0013917556 STIM_END_RESP_START
003 0 0015117580 RESP_END
004 0 0016805316 STIM_START
004 0 0017904796 STIM_END_RESP_START
004 0 0018364024 LICK
004 0 0018364468 TIMEOUT_START
004 0 0018604204 LICK
004 0 0018604640 TIMEOUT_START
004 0 0018815872 LICK
004 0 0018816316 TIMEOUT_START
004 0 0019104816 RESP_END
004 0 0025816772 TIMEOUT_END
005 0 0027569424 STIM_START
005 0 0028668896 STIM_END_RESP_START
005 0 0029868920 RESP_END
006 1 0031834548 STIM_START
006 1 0032934028 STIM_END_RESP_START
006 1 0033143132 LICK
006 1 0033143568 REWARD_START
006 1 0033406088 LICK
006 1 0033576864 LICK
006 1 0033757676 LICK
006 1 0034134056 RESP_END
006 1 0033174016 REWARD_END
007 1 0036555384 STIM_START
007 1 0037654868 STIM_END_RESP_START
007 1 0038854892 RESP_END
008 1 0040485600 STIM_START
008 1 0041585080 STIM_END_RESP_START
008 1 0042785104 RESP_END
USER_EXIT