001 1 0002601376 STIM_START
001 1 0003600688 STIM_END_RESP_START
001 1 0004800732 RESP_END
002 1 0007532144 STIM_START
002 1 0008531460 STIM_END_RESP_START
002 1 0009731508 RESP_END
003 0 0012286972 STIM_START
003 0 0012316692 LICK
003 0 0012570140 LICK
003 0 0013041772 LICK
003 0 0013286284 STIM_END_RESP_START
003 0 0013293184 LICK
003 0 0013293604 TIMEOUT_START
003 0 0013496248 LICK
003 0 0013496660 TIMEOUT_START
003 0 0013874140 LICK
003 0 0013874552 TIMEOUT_START
003 0 0014209160 LICK
003 0 0014209568 TIMEOUT_START
003 0 0014486316 RESP_END
003 0 0021209984 TIMEOUT_END
004 0 0023468620 STIM_START
004 0 0024467952 STIM_END_RESP_START
004 0 0025667980 RESP_END
005 1 0028241436 STIM_START
005 1 0029240768 STIM_END_RESP_START
005 1 0030440796 RESP_END
006 1 0032772448 STIM_START
006 1 0033771772 STIM_END_RESP_START
006 1 0034971804 RESP_END
007 1 0037315532 STIM_START
007 1 0038314864 STIM_END_RESP_START
007 1 0039514896 RESP_END
008 0 0042041420 STIM_START
008 0 0043040740 STIM_END_RESP_START
008 0 0044240768 RESP_END
009 0 0046702288 STIM_START
009 0 0047701620 STIM_END_RESP_START
009 0 0048901648 RESP_END
010 0 0051214320 STIM_START
010 0 0052213652 STIM_END_RESP_START
010 0 0053413680 RESP_END
011 1 0055841240 STIM_START
011 1 0056840572 STIM_END_RESP_START
011 1 0058040600 RESP_END
012 1 0060502148 STIM_START
012 1 0061501480 STIM_END_RESP_START
012 1 0062701504 RESP_END
013 1 0065132168 STIM_START
013 1 0066131500 STIM_END_RESP_START
013 1 0067331528 RESP_END
014 0 0069651168 STIM_START
014 0 0070650500 STIM_END_RESP_START
014 0 0071850532 RESP_END
015 0 0074267056 STIM_START
015 0 0075266384 STIM_END_RESP_START
015 0 0076466416 RESP_END
USER_EXIT