001 1 0008559012 STIM_START
001 1 0009558540 STIM_END_RESP_START
001 1 0010758552 RESP_END
002 1 0012884112 STIM_START
002 1 0013883656 STIM_END_RESP_START
002 1 0015083684 RESP_END
003 0 0016720408 STIM_START
003 0 0017719948 STIM_END_RESP_START
003 0 0018919980 RESP_END
004 0 0020994552 STIM_START
004 0 0021994096 STIM_END_RESP_START
004 0 0023194124 RESP_END
005 0 0024919832 STIM_START
005 0 0025919376 STIM_END_RESP_START
005 0 0027119404 RESP_END
006 1 0028870028 STIM_START
006 1 0029869576 STIM_END_RESP_START
006 1 0031069604 RESP_END
007 0 0033083160 STIM_START
007 0 0034082704 STIM_END_RESP_START
007 0 0035282732 RESP_END
008 1 0037957000 STIM_START
008 1 0038659976 LICK
008 1 0038956528 STIM_END_RESP_START
008 1 0039022220 LICK
008 1 0039022636 REWARD_START
008 1 0039269704 LICK
008 1 0039470132 LICK
008 1 0040156576 RESP_END
008 1 0039053076 REWARD_END
009 1 0042190104 STIM_START
009 1 0043189648 STIM_END_RESP_START
009 1 0044389680 RESP_END
010 1 0046222316 STIM_START
010 1 0046858660 LICK
010 1 0047221844 STIM_END_RESP_START
010 1 0047280660 LICK
010 1 0047281064 REWARD_START
010 1 0047485548 LICK
010 1 0048421860 RESP_END
010 1 0047311508 REWARD_END
011 0 0050321532 STIM_START
011 0 0051321076 STIM_END_RESP_START
011 0 0052521108 RESP_END
012 0 0054590608 STIM_START
012 0 0055590152 STIM_END_RESP_START
012 0 0056790184 RESP_END
013 1 0058545920 STIM_START
013 1 0059545468 STIM_END_RESP_START
013 1 0060745496 RESP_END
014 0 0062633072 STIM_START
014 0 0063632620 STIM_END_RESP_START
014 0 0064832648 RESP_END
015 0 0066763236 STIM_START
015 0 0067762784 STIM_END_RESP_START
015 0 0068962812 RESP_END
016 0 0070679504 STIM_START
016 0 0071679020 STIM_END_RESP_START
016 0 0072879048 RESP_END
017 1 0074727736 STIM_START
017 1 0075727284 STIM_END_RESP_START
017 1 0076927316 RESP_END
018 0 0078966808 STIM_START
018 0 0079966352 STIM_END_RESP_START
018 0 0081166384 RESP_END
019 0 0082760188 STIM_START
019 0 0083759732 STIM_END_RESP_START
019 0 0084959764 RESP_END
020 1 0086975320 STIM_START
020 1 0087974868 STIM_END_RESP_START
020 1 0089174896 RESP_END
021 0 0090845540 STIM_START
021 0 0091845088 STIM_END_RESP_START
021 0 0093045116 RESP_END
022 0 0094941812 STIM_START
022 0 0095941360 STIM_END_RESP_START
022 0 0097141392 RESP_END
023 0 0098852036 STIM_START
023 0 0099851584 STIM_END_RESP_START
023 0 0101051612 RESP_END
024 1 0103048168 STIM_START
024 1 0104047700 STIM_END_RESP_START
024 1 0105247740 RESP_END
025 1 0106841600 STIM_START
025 1 0107841120 STIM_END_RESP_START
025 1 0109041168 RESP_END
026 1 0110678800 STIM_START
026 1 0111678328 STIM_END_RESP_START
026 1 0112878340 RESP_END
027 0 0114665088 STIM_START
027 0 0115664616 STIM_END_RESP_START
027 0 0116864660 RESP_END
028 1 0118714240 STIM_START
028 1 0119713768 STIM_END_RESP_START
028 1 0120913780 RESP_END
029 0 0122831416 STIM_START
029 0 0123830944 STIM_END_RESP_START
029 0 0125030956 RESP_END
030 0 0127066564 STIM_START
030 0 0128066088 STIM_END_RESP_START
030 0 0129266132 RESP_END
031 1 0131055784 STIM_START
031 1 0132055312 STIM_END_RESP_START
031 1 0133255360 RESP_END
032 1 0134984024 STIM_START
032 1 0135983548 STIM_END_RESP_START
032 1 0137183564 RESP_END
033 0 0138971268 STIM_START
033 0 0139970792 STIM_END_RESP_START
033 0 0141170808 RESP_END
034 1 0143255368 STIM_START
034 1 0144254896 STIM_END_RESP_START
034 1 0145454944 RESP_END
035 1 0147051676 STIM_START
035 1 0148051204 STIM_END_RESP_START
035 1 0149251216 RESP_END
036 1 0150970928 STIM_START
036 1 0151970456 STIM_END_RESP_START
036 1 0153170468 RESP_END
037 0 0154768244 STIM_START
037 0 0155767772 STIM_END_RESP_START
037 0 0156967784 RESP_END
038 0 0158785480 STIM_START
038 0 0159785012 STIM_END_RESP_START
038 0 0160985052 RESP_END
039 1 0162732744 STIM_START
039 1 0163732272 STIM_END_RESP_START
039 1 0164932320 RESP_END
040 0 0166866912 STIM_START
040 0 0167866444 STIM_END_RESP_START
040 0 0169066484 RESP_END
041 1 0170905196 STIM_START
041 1 0171904724 STIM_END_RESP_START
041 1 0173104736 RESP_END
042 1 0174964316 STIM_START
042 1 0175963844 STIM_END_RESP_START
042 1 0177163860 RESP_END
043 0 0179100536 STIM_START
043 0 0180100064 STIM_END_RESP_START
043 0 0181300076 RESP_END
044 0 0183316640 STIM_START
044 0 0184316168 STIM_END_RESP_START
044 0 0185516184 RESP_END
045 0 0187546756 STIM_START
045 0 0188546280 STIM_END_RESP_START
045 0 0189746328 RESP_END
046 1 0191530984 STIM_START
046 1 0192530516 STIM_END_RESP_START
046 1 0193730556 RESP_END
047 0 0195605172 STIM_START
047 0 0196604696 STIM_END_RESP_START
047 0 0197804712 RESP_END
048 0 0199793324 STIM_START
048 0 0200792848 STIM_END_RESP_START
048 0 0201992896 RESP_END
049 1 0203609628 STIM_START
049 1 0204609156 STIM_END_RESP_START
049 1 0205809172 RESP_END
050 0 0207539904 STIM_START
050 0 0208539432 STIM_END_RESP_START
050 0 0209739444 RESP_END
051 0 0211375200 STIM_START
051 0 0212374724 STIM_END_RESP_START
051 0 0213574736 RESP_END
052 1 0215169512 STIM_START
052 1 0216169036 STIM_END_RESP_START
052 1 0217369084 RESP_END
053 0 0219326656 STIM_START
053 0 0220326184 STIM_END_RESP_START
053 0 0221526196 RESP_END
054 1 0223565900 STIM_START
054 1 0224565428 STIM_END_RESP_START
054 1 0225765440 RESP_END
055 1 0227435088 STIM_START
055 1 0228434612 STIM_END_RESP_START
055 1 0229634660 RESP_END
056 1 0231535288 STIM_START
056 1 0232534816 STIM_END_RESP_START
056 1 0233734864 RESP_END
057 0 0235751416 STIM_START
057 0 0236750948 STIM_END_RESP_START
057 0 0237950996 RESP_END
058 1 0239550720 STIM_START
058 1 0240550252 STIM_END_RESP_START
058 1 0241750264 RESP_END
059 1 0243616916 STIM_START
059 1 0244616444 STIM_END_RESP_START
059 1 0245816456 RESP_END
USER_EXIT