001 3 0 0109450960 STIM_START
001 3 0 0111049000 STIM_END_RESP_START
001 3 0 0112249024 RESP_END
002 5 0 0113972560 STIM_START
002 5 0 0117068716 STIM_END_RESP_START
002 5 0 0118268740 RESP_END
003 3 2 0119959372 STIM_START
003 3 2 0120434076 LICK
003 3 2 0120719480 LICK
003 3 2 0121019616 LICK
003 3 2 0121265568 LICK
003 3 2 0121427132 LICK
003 3 2 0121557416 STIM_END_RESP_START
003 3 2 0122757448 RESP_END
004 4 1 0124404048 STIM_START
004 4 1 0126501460 STIM_END_RESP_START
004 4 1 0127701484 RESP_END
005 4 1 0129396060 STIM_START
005 4 1 0131493472 STIM_END_RESP_START
005 4 1 0132693492 RESP_END
006 2 0 0134280148 STIM_START
006 2 0 0135478676 STIM_END_RESP_START
006 2 0 0136678700 RESP_END
007 2 0 0138274368 STIM_START
007 2 0 0139472888 STIM_END_RESP_START
007 2 0 0140672912 RESP_END
008 4 2 0142303512 STIM_START
008 4 2 0142864060 LICK
008 4 2 0143138864 LICK
008 4 2 0143318184 LICK
008 4 2 0143469172 LICK
008 4 2 0143638584 LICK
008 4 2 0143856036 LICK
008 4 2 0144102224 LICK
008 4 2 0144400908 STIM_END_RESP_START
008 4 2 0145230116 LICK
008 4 2 0145230600 REWARD_START
008 4 2 0145600920 RESP_END
008 4 2 0145271108 REWARD_END
009 5 0 0147272668 STIM_START
009 5 0 0150368836 STIM_END_RESP_START
009 5 0 0151568856 RESP_END
010 5 0 0153232492 STIM_START
010 5 0 0156328648 STIM_END_RESP_START
010 5 0 0157528672 RESP_END
011 5 1 0159205304 STIM_START
011 5 1 0162301468 STIM_END_RESP_START
011 5 1 0163501492 RESP_END
012 3 0 0165116200 STIM_START
012 3 0 0166714236 STIM_END_RESP_START
012 3 0 0167914260 RESP_END
013 4 2 0169547836 STIM_START
013 4 2 0171645252 STIM_END_RESP_START
013 4 2 0172845272 RESP_END
014 2 1 0174432020 STIM_START
014 2 1 0175630548 STIM_END_RESP_START
014 2 1 0176830568 RESP_END
015 4 1 0178458152 STIM_START
015 4 1 0180555564 STIM_END_RESP_START
015 4 1 0181755588 RESP_END
016 2 0 0183347372 STIM_START
016 2 0 0184545892 STIM_END_RESP_START
016 2 0 0185745912 RESP_END
017 3 1 0187352488 STIM_START
017 3 1 0188950524 STIM_END_RESP_START
017 3 1 0190150544 RESP_END
018 2 0 0191748252 STIM_START
018 2 0 0192946776 STIM_END_RESP_START
018 2 0 0194146796 RESP_END
019 4 2 0195777412 STIM_START
019 4 2 0197874832 STIM_END_RESP_START
019 4 2 0199074856 RESP_END
020 2 1 0200659568 STIM_START
020 2 1 0201858096 STIM_END_RESP_START
020 2 1 0203058112 RESP_END
021 1 0 0204647776 STIM_START
021 1 0 0205746404 STIM_END_RESP_START
021 1 0 0206946428 RESP_END
022 4 0 0208567076 STIM_START
022 4 0 0210664496 STIM_END_RESP_START
022 4 0 0211864508 RESP_END
