001 0 0095836868 STIM_START
001 0 0107863144 STIM_END_RESP_START
001 0 0109063180 RESP_END
002 1 0111340196 STIM_START
002 1 0115524044 LICK
002 1 0115879524 LICK
002 1 0116040376 LICK
002 1 0116365752 STIM_END_RESP_START
002 1 0116383220 LICK
002 1 0116383704 REWARD_START
002 1 0117565772 RESP_END
002 1 0116396728 REWARD_END
003 0 0119779464 STIM_START
003 0 0122904828 STIM_END_RESP_START
003 0 0124104864 RESP_END
004 1 0126354440 STIM_START
004 1 0131379988 STIM_END_RESP_START
004 1 0131812908 LICK
004 1 0131813396 REWARD_START
004 1 0132047140 LICK
004 1 0132215064 LICK
004 1 0132377976 LICK
004 1 0132555480 LICK
004 1 0132580028 RESP_END
004 1 0131826412 REWARD_END
005 1 0134445692 STIM_START
005 1 0139471216 STIM_END_RESP_START
005 1 0139912868 LICK
005 1 0139913360 REWARD_START
005 1 0140147660 LICK
005 1 0140310200 LICK
005 1 0140478140 LICK
005 1 0140650528 LICK
005 1 0140671256 RESP_END
005 1 0139926376 REWARD_END
006 0 0143013012 STIM_START
006 0 0148038532 STIM_END_RESP_START
USER_EXIT