001 3 0 0029353744 STIM_START
001 3 0 0030954004 STIM_END_RESP_START
001 3 0 0032154048 RESP_END
002 5 0 0033866552 STIM_START
002 5 0 0036967016 STIM_END_RESP_START
002 5 0 0038167060 RESP_END
003 3 2 0039853732 STIM_START
003 3 2 0041453996 STIM_END_RESP_START
003 3 2 0042654040 RESP_END
004 4 1 0044294564 STIM_START
004 4 1 0046394864 STIM_END_RESP_START
004 4 1 0047594904 RESP_END
005 4 1 0049291528 STIM_START
005 4 1 0051391828 STIM_END_RESP_START
005 4 1 0052591872 RESP_END
006 2 0 0054191360 STIM_START
006 2 0 0055391556 STIM_END_RESP_START
006 2 0 0056591600 RESP_END
