001 1 0010848852 STIM_START
001 1 0014124220 STIM_END_RESP_START
001 1 0015324240 RESP_END
002 1 0017472848 STIM_START
002 1 0020748212 STIM_END_RESP_START
002 1 0021557296 LICK
002 1 0021557732 REWARD_START
002 1 0021948220 RESP_END
002 1 0021570708 REWARD_END
003 0 0024117936 STIM_START
003 0 0027643312 STIM_END_RESP_START
003 0 0027726316 LICK
003 0 0027726752 TIMEOUT_START
003 0 0027881792 LICK
003 0 0027882224 TIMEOUT_START
003 0 0028092772 LICK
003 0 0028093208 TIMEOUT_START
003 0 0028281772 LICK
003 0 0028282216 TIMEOUT_START
003 0 0028843352 RESP_END
003 0 0035282668 TIMEOUT_END
004 0 0037366888 STIM_START
004 0 0040642248 STIM_END_RESP_START
004 0 0041842272 RESP_END
005 0 0044200880 STIM_START
