001 1 0003886688 STIM_START
001 1 0004985380 STIM_END_RESP_START
001 1 0005178664 LICK
001 1 0005179052 REWARD_START
001 1 0005356220 LICK
001 1 0005545772 LICK
001 1 0006185416 RESP_END
001 1 0005209456 REWARD_END
002 1 0008045772 STIM_START
002 1 0009144464 STIM_END_RESP_START
002 1 0010344508 RESP_END
003 0 0014005824 STIM_START
003 0 0015104492 STIM_END_RESP_START
003 0 0015592400 LICK
003 0 0015592844 TIMEOUT_START
003 0 0016304536 RESP_END
003 0 0022593288 TIMEOUT_END
004 1 0024632384 STIM_START
004 1 0025718132 LICK
004 1 0025731056 STIM_END_RESP_START
004 1 0025893584 LICK
004 1 0025894028 REWARD_START
004 1 0026065672 LICK
004 1 0026238464 LICK
004 1 0026591444 LICK
004 1 0026773100 LICK
004 1 0026931084 RESP_END
004 1 0025924488 REWARD_END
005 0 0028760524 STIM_START
005 0 0029859196 STIM_END_RESP_START
005 0 0031059220 RESP_END
006 0 0033290164 STIM_START
006 0 0034388832 STIM_END_RESP_START
006 0 0035588856 RESP_END
007 0 0037380336 STIM_START
007 0 0038467592 LICK
007 0 0038479020 STIM_END_RESP_START
007 0 0039679044 RESP_END
008 1 0041270812 STIM_START
008 1 0042017756 LICK
008 1 0042369472 STIM_END_RESP_START
008 1 0043029844 LICK
008 1 0043030280 REWARD_START
008 1 0043225372 LICK
008 1 0043569496 RESP_END
008 1 0043060728 REWARD_END
009 1 0045220176 STIM_START
009 1 0046318844 STIM_END_RESP_START
009 1 0047518872 RESP_END
010 0 0049136588 STIM_START
010 0 0050235260 STIM_END_RESP_START
010 0 0051435288 RESP_END
011 0 0053480436 STIM_START
011 0 0054579108 STIM_END_RESP_START
011 0 0055779136 RESP_END
012 0 0057868340 STIM_START
012 0 0058967004 STIM_END_RESP_START
012 0 0060167032 RESP_END
013 1 0061921580 STIM_START
013 1 0063020252 STIM_END_RESP_START
013 1 0063135020 LICK
013 1 0063135456 REWARD_START
013 1 0063306012 LICK
013 1 0063473040 LICK
013 1 0063626524 LICK
013 1 0063777772 LICK
013 1 0064220272 RESP_END
013 1 0063165924 REWARD_END
014 0 0066292448 STIM_START
014 0 0066434368 LICK
014 0 0067391140 STIM_END_RESP_START
014 0 0068591164 RESP_END
015 0 0070300708 STIM_START
015 0 0071399372 STIM_END_RESP_START
015 0 0072599400 RESP_END
016 0 0074614664 STIM_START
016 0 0075713332 STIM_END_RESP_START
016 0 0076913360 RESP_END
017 1 0078901608 STIM_START
017 1 0079572364 LICK
017 1 0079998580 LICK
017 1 0080000292 STIM_END_RESP_START
017 1 0080379752 LICK
017 1 0080380200 REWARD_START
017 1 0080582444 LICK
017 1 0080760208 LICK
017 1 0080939136 LICK
017 1 0081102224 LICK
017 1 0081200320 RESP_END
017 1 0080410664 REWARD_END
018 1 0083016812 STIM_START
018 1 0084115484 STIM_END_RESP_START
018 1 0085315500 RESP_END
019 0 0087381700 STIM_START
019 0 0088480372 STIM_END_RESP_START
019 0 0089680396 RESP_END
020 1 0091586756 STIM_START
020 1 0092685440 STIM_END_RESP_START
020 1 0093885464 RESP_END
021 0 0095495188 STIM_START
021 0 0096593856 STIM_END_RESP_START
021 0 0097793884 RESP_END
022 0 0099804056 STIM_START
022 0 0100902724 STIM_END_RESP_START
022 0 0102102768 RESP_END
023 1 0103749448 STIM_START
023 1 0104848132 STIM_END_RESP_START
023 1 0106048176 RESP_END
024 1 0108065360 STIM_START
024 1 0109164044 STIM_END_RESP_START
024 1 0109379664 LICK
024 1 0109380148 REWARD_START
024 1 0110364068 RESP_END
024 1 0109410660 REWARD_END
025 0 0112294448 STIM_START
025 0 0113393136 STIM_END_RESP_START
025 0 0114593180 RESP_END
026 0 0116465496 STIM_START
026 0 0117564184 STIM_END_RESP_START
026 0 0118764228 RESP_END
027 0 0120516808 STIM_START
027 0 0121615496 STIM_END_RESP_START
027 0 0122815536 RESP_END
028 1 0124814760 STIM_START
028 1 0125913448 STIM_END_RESP_START
028 1 0127113488 RESP_END
029 1 0128771164 STIM_START
029 1 0129869852 STIM_END_RESP_START
029 1 0131069888 RESP_END
030 0 0132883280 STIM_START
030 0 0133981968 STIM_END_RESP_START
030 0 0135182008 RESP_END
031 0 0137183212 STIM_START
031 0 0138281900 STIM_END_RESP_START
031 0 0138493016 LICK
031 0 0138493500 TIMEOUT_START
031 0 0139481944 RESP_END
031 0 0145494008 TIMEOUT_END
032 0 0147107596 STIM_START
032 0 0148206284 STIM_END_RESP_START
032 0 0149406328 RESP_END
033 1 0151254704 STIM_START
033 1 0152135708 LICK
033 1 0152322548 LICK
033 1 0152353360 STIM_END_RESP_START
033 1 0152517800 LICK
033 1 0152518284 REWARD_START
033 1 0152848212 LICK
033 1 0153282268 LICK
033 1 0153553388 RESP_END
033 1 0152548796 REWARD_END
034 0 0155476764 STIM_START
034 0 0156575456 STIM_END_RESP_START
034 0 0156983840 LICK
034 0 0156984332 TIMEOUT_START
034 0 0157206964 LICK
034 0 0157207448 TIMEOUT_START
034 0 0157775488 RESP_END
034 0 0164207960 TIMEOUT_END
035 1 0165943468 STIM_START
035 1 0166836896 LICK
035 1 0167026196 LICK
035 1 0167042136 STIM_END_RESP_START
035 1 0167188232 LICK
035 1 0167188724 REWARD_START
035 1 0167365496 LICK
035 1 0167704140 LICK
035 1 0167876704 LICK
035 1 0168051772 LICK
035 1 0168242172 RESP_END
035 1 0167219236 REWARD_END
036 1 0169893836 STIM_START
036 1 0170451696 LICK
036 1 0170992520 STIM_END_RESP_START
036 1 0172192564 RESP_END
037 0 0174915904 STIM_START
037 0 0176014592 STIM_END_RESP_START
037 0 0177214636 RESP_END
038 0 0179045080 STIM_START
038 0 0180143768 STIM_END_RESP_START
038 0 0181343812 RESP_END
039 0 0183379952 STIM_START
039 0 0184478640 STIM_END_RESP_START
039 0 0184732928 LICK
039 0 0184733412 TIMEOUT_START
039 0 0185678672 RESP_END
039 0 0191733924 TIMEOUT_END
040 1 0193735792 STIM_START
040 1 0194780112 LICK
040 1 0194834472 STIM_END_RESP_START
040 1 0195139736 LICK
040 1 0195140220 REWARD_START
040 1 0195328092 LICK
040 1 0195510368 LICK
040 1 0196034512 RESP_END
040 1 0195170732 REWARD_END
041 0 0198009812 STIM_START
041 0 0199108500 STIM_END_RESP_START
041 0 0200308544 RESP_END
042 0 0201905240 STIM_START
042 0 0203003928 STIM_END_RESP_START
042 0 0204203964 RESP_END
043 0 0205872632 STIM_START
043 0 0206971320 STIM_END_RESP_START
043 0 0208171360 RESP_END
044 1 0210184540 STIM_START
044 1 0211283224 STIM_END_RESP_START
044 1 0211570204 LICK
044 1 0211570684 REWARD_START
044 1 0211782408 LICK
044 1 0212483264 RESP_END
044 1 0211601196 REWARD_END
045 1 0214239776 STIM_START
045 1 0215295492 LICK
045 1 0215338436 STIM_END_RESP_START
045 1 0215488944 LICK
045 1 0215489428 REWARD_START
045 1 0215665228 LICK
045 1 0215854516 LICK
045 1 0216040088 LICK
045 1 0216234496 LICK
045 1 0216538456 RESP_END
045 1 0215519940 REWARD_END
046 1 0219241900 STIM_START
046 1 0220340584 STIM_END_RESP_START
046 1 0220447524 LICK
046 1 0220448012 REWARD_START
046 1 0220640656 LICK
046 1 0221540620 RESP_END
046 1 0220478508 REWARD_END
047 0 0223348116 STIM_START
047 0 0223601148 LICK
047 0 0224446804 STIM_END_RESP_START
047 0 0224947120 LICK
047 0 0224947608 TIMEOUT_START
047 0 0225103780 LICK
047 0 0225104272 TIMEOUT_START
047 0 0225252032 LICK
047 0 0225252524 TIMEOUT_START
047 0 0225432552 LICK
047 0 0225433044 TIMEOUT_START
047 0 0225646836 RESP_END
047 0 0232433544 TIMEOUT_END
048 0 0234099448 STIM_START
048 0 0235198132 STIM_END_RESP_START
048 0 0236398180 RESP_END
049 1 0238327472 STIM_START
049 1 0239426164 STIM_END_RESP_START
049 1 0239675040 LICK
049 1 0239675532 REWARD_START
049 1 0240626188 RESP_END
049 1 0239706040 REWARD_END
050 1 0242594424 STIM_START
050 1 0243693112 STIM_END_RESP_START
050 1 0243759512 LICK
050 1 0243760000 REWARD_START
050 1 0244893160 RESP_END
050 1 0243790512 REWARD_END
051 0 0246956360 STIM_START
051 0 0248055048 STIM_END_RESP_START
051 0 0249255092 RESP_END
052 1 0251205320 STIM_START
052 1 0252304008 STIM_END_RESP_START
052 1 0253504052 RESP_END
053 0 0255549252 STIM_START
053 0 0256647944 STIM_END_RESP_START
053 0 0257847988 RESP_END
054 0 0259642460 STIM_START
054 0 0260741148 STIM_END_RESP_START
054 0 0261941184 RESP_END
055 1 0263797596 STIM_START
055 1 0264638500 LICK
055 1 0264813544 LICK
055 1 0264896280 STIM_END_RESP_START
055 1 0264959860 LICK
055 1 0264960352 REWARD_START
055 1 0265343444 LICK
055 1 0265507176 LICK
055 1 0266096328 RESP_END
055 1 0264990844 REWARD_END
056 0 0268151480 STIM_START
056 0 0269250168 STIM_END_RESP_START
056 0 0269572512 LICK
056 0 0269572996 TIMEOUT_START
056 0 0270450188 RESP_END
056 0 0276573512 TIMEOUT_END
057 1 0278259576 STIM_START
057 1 0278952360 LICK
057 1 0279143752 LICK
057 1 0279343132 LICK
057 1 0279358228 STIM_END_RESP_START
057 1 0279700904 LICK
057 1 0279701388 REWARD_START
057 1 0279905792 LICK
057 1 0280081656 LICK
057 1 0280558252 RESP_END
057 1 0279731904 REWARD_END
058 0 0283659272 STIM_START
058 0 0284757952 STIM_END_RESP_START
058 0 0285957996 RESP_END
059 0 0287549652 STIM_START
059 0 0288648340 STIM_END_RESP_START
059 0 0289848380 RESP_END
060 0 0291607928 STIM_START
060 0 0292706616 STIM_END_RESP_START
060 0 0293906660 RESP_END
061 1 0295495380 STIM_START
061 1 0296594068 STIM_END_RESP_START
061 1 0296674200 LICK
061 1 0296674692 REWARD_START
061 1 0296863716 LICK
061 1 0297248440 LICK
061 1 0297794104 RESP_END
061 1 0296705188 REWARD_END
062 1 0299391824 STIM_START
062 1 0300490516 STIM_END_RESP_START
062 1 0300842368 LICK
062 1 0300842852 REWARD_START
062 1 0301690540 RESP_END
062 1 0300873368 REWARD_END
063 0 0303409092 STIM_START
063 0 0304507780 STIM_END_RESP_START
063 0 0305707824 RESP_END
064 1 0307398408 STIM_START
064 1 0308413192 LICK
064 1 0308497096 STIM_END_RESP_START
064 1 0308574116 LICK
064 1 0308574608 REWARD_START
064 1 0308716904 LICK
064 1 0308881008 LICK
064 1 0309234668 LICK
064 1 0309697112 RESP_END
064 1 0308605108 REWARD_END
065 1 0311573484 STIM_START
065 1 0311846376 LICK
065 1 0312672160 STIM_END_RESP_START
065 1 0312724332 LICK
065 1 0312724824 REWARD_START
065 1 0312907568 LICK
065 1 0313107696 LICK
065 1 0313291340 LICK
065 1 0313872192 RESP_END
065 1 0312755320 REWARD_END
066 0 0315674696 STIM_START
066 0 0316773384 STIM_END_RESP_START
066 0 0317093928 LICK
066 0 0317094412 TIMEOUT_START
066 0 0317419988 LICK
066 0 0317420476 TIMEOUT_START
066 0 0317589440 LICK
066 0 0317589932 TIMEOUT_START
066 0 0317973424 RESP_END
066 0 0324590432 TIMEOUT_END
067 1 0326196344 STIM_START
067 1 0327052512 LICK
067 1 0327243824 LICK
067 1 0327295040 STIM_END_RESP_START
067 1 0327437112 LICK
067 1 0327437608 REWARD_START
067 1 0328110820 LICK
067 1 0328495064 RESP_END
067 1 0327468104 REWARD_END
068 1 0330459296 STIM_START
068 1 0331557980 STIM_END_RESP_START
068 1 0331699568 LICK
068 1 0331700056 REWARD_START
068 1 0331881496 LICK
068 1 0332038648 LICK
068 1 0332205944 LICK
068 1 0332758012 RESP_END
068 1 0331730568 REWARD_END
069 1 0334364748 STIM_START
069 1 0334938344 LICK
069 1 0335463436 STIM_END_RESP_START
069 1 0335804208 LICK
069 1 0335804700 REWARD_START
069 1 0335953900 LICK
069 1 0336663476 RESP_END
069 1 0335835196 REWARD_END
070 0 0338345036 STIM_START
070 0 0339443724 STIM_END_RESP_START
070 0 0340643760 RESP_END
071 0 0342432268 STIM_START
071 0 0343530956 STIM_END_RESP_START
071 0 0344731000 RESP_END
072 1 0346723192 STIM_START
072 1 0347481400 LICK
072 1 0347634364 LICK
072 1 0347806500 LICK
072 1 0347821876 STIM_END_RESP_START
072 1 0348884028 LICK
072 1 0348884512 REWARD_START
072 1 0349021904 RESP_END
072 1 0348915008 REWARD_END
073 1 0350885348 STIM_START
073 1 0351304936 LICK
073 1 0351473448 LICK
073 1 0351643892 LICK
073 1 0351984020 STIM_END_RESP_START
073 1 0353184064 RESP_END
074 0 0355037488 STIM_START
074 0 0355521804 LICK
074 0 0356136172 STIM_END_RESP_START
074 0 0357336216 RESP_END
075 0 0359045788 STIM_START
075 0 0360144472 STIM_END_RESP_START
075 0 0361344516 RESP_END
076 1 0363214876 STIM_START
076 1 0364235108 LICK
076 1 0364313552 STIM_END_RESP_START
076 1 0365164728 LICK
076 1 0365165212 REWARD_START
076 1 0365513568 RESP_END
076 1 0365195728 REWARD_END
077 1 0367250148 STIM_START
077 1 0368348836 STIM_END_RESP_START
077 1 0368520904 LICK
077 1 0368521396 REWARD_START
077 1 0368690456 LICK
077 1 0368884152 LICK
077 1 0369026228 LICK
077 1 0369548856 RESP_END
077 1 0368551904 REWARD_END
078 0 0371475156 STIM_START
078 0 0372444216 LICK
078 0 0372573824 STIM_END_RESP_START
078 0 0372651972 LICK
078 0 0372652460 TIMEOUT_START
078 0 0373773844 RESP_END
078 0 0379652956 TIMEOUT_END
079 1 0381390544 STIM_START
079 1 0382327080 LICK
079 1 0382489224 STIM_END_RESP_START
079 1 0383689268 RESP_END
080 1 0386053064 STIM_START
080 1 0387000992 LICK
080 1 0387151760 STIM_END_RESP_START
080 1 0387184560 LICK
080 1 0387185052 REWARD_START
080 1 0387368296 LICK
080 1 0387547348 LICK
080 1 0388351808 RESP_END
080 1 0387215552 REWARD_END
081 0 0390350960 STIM_START
081 0 0391449648 STIM_END_RESP_START
081 0 0392082288 LICK
081 0 0392082780 TIMEOUT_START
081 0 0392247968 LICK
081 0 0392248460 TIMEOUT_START
081 0 0392431808 LICK
081 0 0392432296 TIMEOUT_START
081 0 0392605040 LICK
081 0 0392605528 TIMEOUT_START
081 0 0392649664 RESP_END
081 0 0399606040 TIMEOUT_END
082 0 0401430008 STIM_START
082 0 0401884196 LICK
082 0 0402528668 STIM_END_RESP_START
082 0 0403728712 RESP_END
083 1 0405512212 STIM_START
083 1 0406012228 LICK
083 1 0406466048 LICK
083 1 0406610876 STIM_END_RESP_START
083 1 0406701304 LICK
083 1 0406701788 REWARD_START
083 1 0406901436 LICK
083 1 0407810912 RESP_END
083 1 0406732304 REWARD_END
084 1 0409679320 STIM_START
084 1 0410777976 STIM_END_RESP_START
084 1 0411147016 LICK
084 1 0411147508 REWARD_START
084 1 0411347568 LICK
084 1 0411752312 LICK
084 1 0411977996 RESP_END
084 1 0411178020 REWARD_END
085 0 0413723532 STIM_START
085 0 0414822220 STIM_END_RESP_START
085 0 0415178352 LICK
085 0 0415178844 TIMEOUT_START
085 0 0415363380 LICK
085 0 0415363864 TIMEOUT_START
085 0 0415581992 LICK
085 0 0415582484 TIMEOUT_START
085 0 0415769456 LICK
085 0 0415769948 TIMEOUT_START
085 0 0416022236 RESP_END
085 0 0422770448 TIMEOUT_END
086 0 0424421080 STIM_START
086 0 0425519768 STIM_END_RESP_START
086 0 0426719812 RESP_END
087 1 0428477208 STIM_START
087 1 0429409276 LICK
087 1 0429575884 STIM_END_RESP_START
087 1 0430775928 RESP_END
088 1 0432757204 STIM_START
088 1 0433251640 LICK
088 1 0433855892 STIM_END_RESP_START
088 1 0434230000 LICK
088 1 0434230492 REWARD_START
088 1 0434411268 LICK
088 1 0435055920 RESP_END
088 1 0434261004 REWARD_END
089 1 0436866416 STIM_START
089 1 0437863404 LICK
089 1 0437965104 STIM_END_RESP_START
089 1 0439165144 RESP_END
090 0 0441232280 STIM_START
090 0 0442330968 STIM_END_RESP_START
090 0 0442555072 LICK
090 0 0442555564 TIMEOUT_START
090 0 0443530992 RESP_END
090 0 0449556060 TIMEOUT_END
091 1 0451404316 STIM_START
091 1 0451892864 LICK
091 1 0452476796 LICK
091 1 0452502988 STIM_END_RESP_START
091 1 0452663152 LICK
091 1 0452663644 REWARD_START
091 1 0453703032 RESP_END
091 1 0452694140 REWARD_END
092 1 0456841932 STIM_START
092 1 0457820832 LICK
092 1 0457940596 STIM_END_RESP_START
092 1 0457996524 LICK
092 1 0457997012 REWARD_START
092 1 0458188212 LICK
092 1 0458363724 LICK
092 1 0459140628 RESP_END
092 1 0458027528 REWARD_END
093 0 0460776328 STIM_START
093 0 0461875020 STIM_END_RESP_START
093 0 0463075064 RESP_END
094 1 0464685728 STIM_START
094 1 0465444276 LICK
094 1 0465784396 STIM_END_RESP_START
094 1 0466984444 RESP_END
095 0 0469075548 STIM_START
095 0 0470174240 STIM_END_RESP_START
095 0 0471374284 RESP_END
096 1 0473209684 STIM_START
096 1 0473840580 LICK
096 1 0474308344 STIM_END_RESP_START
096 1 0474524076 LICK
096 1 0474524560 REWARD_START
096 1 0475508356 RESP_END
096 1 0474555072 REWARD_END
097 0 0477212000 STIM_START
097 0 0478310688 STIM_END_RESP_START
097 0 0478645424 LICK
097 0 0478645908 TIMEOUT_START
097 0 0478848536 LICK
097 0 0478849020 TIMEOUT_START
097 0 0479510736 RESP_END
097 0 0485849536 TIMEOUT_END
098 1 0487525936 STIM_START
098 1 0488624628 STIM_END_RESP_START
098 1 0488798048 LICK
098 1 0488798544 REWARD_START
098 1 0488986644 LICK
098 1 0489824636 RESP_END
098 1 0488829040 REWARD_END
099 1 0492129520 STIM_START
099 1 0493228208 STIM_END_RESP_START
099 1 0494428240 RESP_END
100 0 0496397480 STIM_START
100 0 0497496136 STIM_END_RESP_START
100 0 0498696172 RESP_END
101 0 0500544624 STIM_START
101 0 0501643308 STIM_END_RESP_START
101 0 0502843348 RESP_END
102 1 0504871568 STIM_START
102 1 0505970256 STIM_END_RESP_START
102 1 0507170300 RESP_END
103 0 0509120568 STIM_START
103 0 0510219252 STIM_END_RESP_START
103 0 0511419296 RESP_END
104 1 0513208728 STIM_START
104 1 0514307416 STIM_END_RESP_START
104 1 0514387212 LICK
104 1 0514387700 REWARD_START
104 1 0515507428 RESP_END
104 1 0514418212 REWARD_END
105 0 0517577624 STIM_START
105 0 0518676312 STIM_END_RESP_START
105 0 0519876356 RESP_END
106 0 0521922516 STIM_START
106 0 0523021208 STIM_END_RESP_START
106 0 0524221252 RESP_END
USER_EXIT