001 0 0005861304 STIM_START
001 0 0006552708 LICK
001 0 0006961484 STIM_END_RESP_START
001 0 0008161532 RESP_END
002 0 0010056056 STIM_START
002 0 0011156224 STIM_END_RESP_START
002 0 0011383236 LICK
002 0 0011383672 TIMEOUT_START
002 0 0011582936 LICK
002 0 0011583372 TIMEOUT_START
002 0 0011970128 LICK
002 0 0011970568 TIMEOUT_START
002 0 0012356252 RESP_END
002 0 0018971012 TIMEOUT_END
003 1 0023559664 STIM_START
003 1 0023839848 LICK
003 1 0024227480 LICK
003 1 0024394264 LICK
003 1 0024568284 LICK
003 1 0024659852 STIM_END_RESP_START
003 1 0025859876 RESP_END
004 0 0028114500 STIM_START
004 0 0028852408 LICK
004 0 0029026280 LICK
004 0 0029214660 STIM_END_RESP_START
004 0 0030414684 RESP_END
005 0 0032525340 STIM_START
005 0 0032666408 LICK
005 0 0033220948 LICK
005 0 0033400436 LICK
005 0 0033625504 STIM_END_RESP_START
005 0 0034825528 RESP_END
006 1 0036559108 STIM_START
006 1 0036979252 LICK
006 1 0037129780 LICK
006 1 0037309780 LICK
006 1 0037659272 STIM_END_RESP_START
006 1 0038859300 RESP_END
007 1 0041671092 STIM_START
007 1 0042570468 LICK
007 1 0042749880 LICK
007 1 0042771272 STIM_END_RESP_START
007 1 0042932808 LICK
007 1 0042933244 REWARD_START
007 1 0043105792 LICK
007 1 0043264144 LICK
007 1 0043366948 LICK
007 1 0043481992 LICK
007 1 0043600992 LICK
007 1 0043735892 LICK
007 1 0043971312 RESP_END
007 1 0042958704 REWARD_END
008 0 0048639392 STIM_START
008 0 0049739564 STIM_END_RESP_START
008 0 0049825020 LICK
008 0 0049825456 TIMEOUT_START
008 0 0049977500 LICK
008 0 0049977936 TIMEOUT_START
008 0 0050130372 LICK
008 0 0050130808 TIMEOUT_START
008 0 0050298828 LICK
008 0 0050299272 TIMEOUT_START
008 0 0050474972 LICK
008 0 0050475416 TIMEOUT_START
008 0 0050939592 RESP_END
008 0 0057475868 TIMEOUT_END
009 1 0059480432 STIM_START
009 1 0060292528 LICK
009 1 0060471272 LICK
009 1 0060580620 STIM_END_RESP_START
009 1 0060661268 LICK
009 1 0060661704 REWARD_START
009 1 0060821828 LICK
009 1 0060971588 LICK
009 1 0061092196 LICK
009 1 0061212860 LICK
009 1 0061347780 LICK
009 1 0061488460 LICK
009 1 0061635336 LICK
009 1 0061780640 RESP_END
009 1 0060687172 REWARD_END
010 0 0064190368 STIM_START
010 0 0065290548 STIM_END_RESP_START
010 0 0066490572 RESP_END
011 1 0068423180 STIM_START
011 1 0068981332 LICK
011 1 0069145632 LICK
011 1 0069286288 LICK
011 1 0069428792 LICK
011 1 0069523336 STIM_END_RESP_START
011 1 0069547712 LICK
011 1 0069548156 REWARD_START
011 1 0069689744 LICK
011 1 0069818616 LICK
011 1 0069945172 LICK
011 1 0070067572 LICK
011 1 0070192188 LICK
011 1 0070328832 LICK
011 1 0070469232 LICK
011 1 0070723356 RESP_END
011 1 0069573616 REWARD_END
012 1 0072967000 STIM_START
012 1 0073744232 LICK
012 1 0073889252 LICK
012 1 0074035680 LICK
012 1 0074067164 STIM_END_RESP_START
012 1 0074190248 LICK
012 1 0074190684 REWARD_START
012 1 0074315256 LICK
012 1 0074440764 LICK
012 1 0074566560 LICK
012 1 0074700860 LICK
012 1 0074828900 LICK
012 1 0074966264 LICK
012 1 0075112428 LICK
012 1 0075267188 RESP_END
012 1 0074216148 REWARD_END
013 0 0077077828 STIM_START
013 0 0078177996 STIM_END_RESP_START
013 0 0079378024 RESP_END
014 1 0081368620 STIM_START
014 1 0081808900 LICK
014 1 0081954704 LICK
014 1 0082083728 LICK
014 1 0082214860 LICK
014 1 0082335620 LICK
014 1 0082468784 STIM_END_RESP_START
014 1 0082473744 LICK
014 1 0082474192 REWARD_START
014 1 0082618992 LICK
014 1 0082739984 LICK
014 1 0082862828 LICK
014 1 0082990060 LICK
014 1 0083124964 LICK
014 1 0083261236 LICK
014 1 0083404100 LICK
014 1 0083668832 RESP_END
014 1 0082499636 REWARD_END
015 1 0085246300 STIM_START
015 1 0085939908 LICK
015 1 0086082624 LICK
015 1 0086248528 LICK
015 1 0086346460 STIM_END_RESP_START
015 1 0086407360 LICK
015 1 0086407800 REWARD_START
015 1 0086510744 LICK
015 1 0086625976 LICK
015 1 0086754256 LICK
015 1 0086889956 LICK
015 1 0087032360 LICK
015 1 0087165564 LICK
015 1 0087303840 LICK
015 1 0087546496 RESP_END
015 1 0086433260 REWARD_END
016 0 0089434108 STIM_START
016 0 0090534284 STIM_END_RESP_START
016 0 0091734308 RESP_END
017 1 0093467920 STIM_START
017 1 0093973040 LICK
017 1 0094155936 LICK
017 1 0094299784 LICK
017 1 0094432108 LICK
017 1 0094568116 STIM_END_RESP_START
017 1 0094583076 LICK
017 1 0094583516 REWARD_START
017 1 0094696052 LICK
017 1 0094821128 LICK
017 1 0094942160 LICK
017 1 0095077408 LICK
017 1 0095225572 LICK
017 1 0095366088 LICK
017 1 0095514112 LICK
017 1 0095661832 LICK
017 1 0095768160 RESP_END
017 1 0094608980 REWARD_END
018 1 0097840764 STIM_START
018 1 0098122564 LICK
018 1 0098272432 LICK
018 1 0098438972 LICK
018 1 0098602628 LICK
018 1 0098740560 LICK
018 1 0098897808 LICK
018 1 0098940924 STIM_END_RESP_START
018 1 0099006708 LICK
018 1 0099007148 REWARD_START
018 1 0099144268 LICK
018 1 0099266464 LICK
018 1 0099391964 LICK
018 1 0099523564 LICK
018 1 0099660552 LICK
018 1 0099800612 LICK
018 1 0099949780 LICK
018 1 0100140940 RESP_END
018 1 0099032612 REWARD_END
019 0 0101839484 STIM_START
019 0 0102939676 STIM_END_RESP_START
019 0 0104139712 RESP_END
020 0 0109059856 STIM_START
020 0 0109231920 LICK
020 0 0109802568 LICK
020 0 0109971968 LICK
020 0 0110160040 STIM_END_RESP_START
020 0 0110160520 LICK
020 0 0110161008 TIMEOUT_START
020 0 0110321204 LICK
020 0 0110321692 TIMEOUT_START
020 0 0111099516 LICK
020 0 0111100008 TIMEOUT_START
020 0 0111360072 RESP_END
020 0 0118100500 TIMEOUT_END
021 1 0120031948 STIM_START
021 1 0120571336 LICK
021 1 0120765748 LICK
021 1 0120949308 LICK
021 1 0121119936 LICK
021 1 0121132124 STIM_END_RESP_START
021 1 0121269928 LICK
021 1 0121270420 REWARD_START
021 1 0121391928 LICK
021 1 0121517724 LICK
021 1 0121649816 LICK
021 1 0121777664 LICK
021 1 0121913816 LICK
021 1 0122058232 LICK
021 1 0122332156 RESP_END
021 1 0121295912 REWARD_END
022 0 0124678792 STIM_START
022 0 0125778984 STIM_END_RESP_START
022 0 0126979024 RESP_END
023 0 0128614556 STIM_START
023 0 0129714740 STIM_END_RESP_START
023 0 0130914784 RESP_END
024 1 0132834372 STIM_START
024 1 0133519220 LICK
024 1 0133663096 LICK
024 1 0133802932 LICK
024 1 0133934532 STIM_END_RESP_START
024 1 0133948808 LICK
024 1 0133949292 REWARD_START
024 1 0134086520 LICK
024 1 0134212436 LICK
024 1 0134338304 LICK
024 1 0134474612 LICK
024 1 0134613476 LICK
024 1 0134753644 LICK
024 1 0134904048 LICK
024 1 0135134552 RESP_END
024 1 0133974800 REWARD_END
025 1 0136725128 STIM_START
025 1 0137140252 LICK
025 1 0137311364 LICK
025 1 0137471128 LICK
025 1 0137637472 LICK
025 1 0137795068 LICK
025 1 0137825300 STIM_END_RESP_START
025 1 0137934028 LICK
025 1 0137934512 REWARD_START
025 1 0138054224 LICK
025 1 0138182228 LICK
025 1 0138311852 LICK
025 1 0138446944 LICK
025 1 0138577560 LICK
025 1 0138723880 LICK
025 1 0138872316 LICK
025 1 0139025332 RESP_END
025 1 0137960024 REWARD_END
026 1 0141055936 STIM_START
026 1 0141554804 LICK
026 1 0141715568 LICK
026 1 0141871080 LICK
026 1 0141986840 LICK
026 1 0142127428 LICK
026 1 0142156112 STIM_END_RESP_START
026 1 0142264168 LICK
026 1 0142264660 REWARD_START
026 1 0142410024 LICK
026 1 0142545760 LICK
026 1 0142684384 LICK
026 1 0142830340 LICK
026 1 0142960048 LICK
026 1 0143104704 LICK
026 1 0143356132 RESP_END
026 1 0142290152 REWARD_END
027 0 0145237724 STIM_START
027 0 0146337916 STIM_END_RESP_START
027 0 0147537960 RESP_END
028 0 0149317480 STIM_START
028 0 0150417672 STIM_END_RESP_START
028 0 0151617716 RESP_END
029 0 0153518324 STIM_START
029 0 0154618512 STIM_END_RESP_START
029 0 0154687424 LICK
029 0 0154687912 TIMEOUT_START
029 0 0154848324 LICK
029 0 0154848808 TIMEOUT_START
029 0 0155003948 LICK
029 0 0155004436 TIMEOUT_START
029 0 0155160600 LICK
029 0 0155161084 TIMEOUT_START
029 0 0155293372 LICK
029 0 0155293864 TIMEOUT_START
029 0 0155677340 LICK
029 0 0155677828 TIMEOUT_START
029 0 0155818532 RESP_END
029 0 0162678328 TIMEOUT_END
030 1 0164440388 STIM_START
030 1 0164958420 LICK
030 1 0165171396 LICK
030 1 0165340924 LICK
030 1 0165494468 LICK
030 1 0165540552 STIM_END_RESP_START
030 1 0165671668 LICK
030 1 0165672160 REWARD_START
030 1 0165803752 LICK
030 1 0165930232 LICK
030 1 0166054476 LICK
030 1 0166196772 LICK
030 1 0166338048 LICK
030 1 0166480572 LICK
030 1 0166630156 LICK
030 1 0166740576 RESP_END
030 1 0165697652 REWARD_END
031 1 0168785172 STIM_START
031 1 0169405368 LICK
031 1 0169566584 LICK
031 1 0169692832 LICK
031 1 0169846524 LICK
031 1 0169885364 STIM_END_RESP_START
031 1 0170003868 LICK
031 1 0170004352 REWARD_START
031 1 0170129380 LICK
031 1 0170263116 LICK
031 1 0170396580 LICK
031 1 0170545852 LICK
031 1 0170699528 LICK
031 1 0170840644 LICK
031 1 0171085408 RESP_END
031 1 0170029860 REWARD_END
032 0 0172839984 STIM_START
032 0 0173940168 STIM_END_RESP_START
032 0 0175140212 RESP_END
033 0 0176794692 STIM_START
033 0 0177894880 STIM_END_RESP_START
033 0 0179094924 RESP_END
034 0 0181125576 STIM_START
034 0 0182225760 STIM_END_RESP_START
034 0 0183425800 RESP_END
035 1 0185239364 STIM_START
035 1 0185684892 LICK
035 1 0185842248 LICK
035 1 0186014680 LICK
035 1 0186176664 LICK
035 1 0186313356 LICK
035 1 0186339524 STIM_END_RESP_START
035 1 0186417644 LICK
035 1 0186418128 REWARD_START
035 1 0186537736 LICK
035 1 0186660468 LICK
035 1 0186788580 LICK
035 1 0186930052 LICK
035 1 0187067604 LICK
035 1 0187211756 LICK
035 1 0187539572 RESP_END
035 1 0186443636 REWARD_END
036 0 0190008188 STIM_START
036 0 0191108384 STIM_END_RESP_START
036 0 0192308428 RESP_END
037 1 0194143024 STIM_START
037 1 0194542024 LICK
037 1 0194668128 LICK
037 1 0194804672 LICK
037 1 0194976992 LICK
037 1 0195125072 LICK
037 1 0195243200 STIM_END_RESP_START
037 1 0195286100 LICK
037 1 0195286584 REWARD_START
037 1 0195432352 LICK
037 1 0195550728 LICK
037 1 0195669844 LICK
037 1 0195808988 LICK
037 1 0195942124 LICK
037 1 0196073988 LICK
037 1 0196220116 LICK
037 1 0196443248 RESP_END
037 1 0195312096 REWARD_END
038 0 0199064952 STIM_START
038 0 0200165140 STIM_END_RESP_START
038 0 0200191300 LICK
038 0 0200191784 TIMEOUT_START
038 0 0200369672 LICK
038 0 0200370156 TIMEOUT_START
038 0 0200519184 LICK
038 0 0200519668 TIMEOUT_START
038 0 0200681596 LICK
038 0 0200682084 TIMEOUT_START
038 0 0200839964 LICK
038 0 0200840456 TIMEOUT_START
038 0 0201209440 LICK
038 0 0201209932 TIMEOUT_START
038 0 0201365176 RESP_END
038 0 0208210424 TIMEOUT_END
039 1 0209921968 STIM_START
039 1 0210620904 LICK
039 1 0210793184 LICK
039 1 0210971048 LICK
039 1 0211022156 STIM_END_RESP_START
039 1 0211122564 LICK
039 1 0211123048 REWARD_START
039 1 0211286716 LICK
039 1 0211455480 LICK
039 1 0211571952 LICK
039 1 0211707504 LICK
039 1 0211847492 LICK
039 1 0211985124 LICK
039 1 0212139968 LICK
039 1 0212222188 RESP_END
039 1 0211148560 REWARD_END
040 0 0214739940 STIM_START
040 0 0215840128 STIM_END_RESP_START
040 0 0217040172 RESP_END
041 1 0218651688 STIM_START
041 1 0219076120 LICK
041 1 0219252004 LICK
041 1 0219403980 LICK
041 1 0219568148 LICK
041 1 0219749984 LICK
041 1 0219751860 STIM_END_RESP_START
041 1 0219927352 LICK
041 1 0219927844 REWARD_START
041 1 0220041200 LICK
041 1 0220164696 LICK
041 1 0220291396 LICK
041 1 0220425236 LICK
041 1 0220567448 LICK
041 1 0220708504 LICK
041 1 0220852848 LICK
041 1 0220951888 RESP_END
041 1 0219953336 REWARD_END
042 1 0222940496 STIM_START
042 1 0223217196 LICK
042 1 0223365772 LICK
042 1 0223571668 LICK
042 1 0223737680 LICK
042 1 0223886052 LICK
042 1 0224040668 STIM_END_RESP_START
042 1 0224110896 LICK
042 1 0224111380 REWARD_START
042 1 0224280436 LICK
042 1 0224407160 LICK
042 1 0224539972 LICK
042 1 0224680448 LICK
042 1 0224817788 LICK
042 1 0224958896 LICK
042 1 0225105032 LICK
042 1 0225240708 RESP_END
042 1 0224136892 REWARD_END
043 0 0226910252 STIM_START
043 0 0228010440 STIM_END_RESP_START
043 0 0229210480 RESP_END
044 0 0233483448 STIM_START
044 0 0234583632 STIM_END_RESP_START
044 0 0235783676 RESP_END
045 0 0237396204 STIM_START
045 0 0237979228 LICK
045 0 0238180628 LICK
045 0 0238364564 LICK
045 0 0238496376 STIM_END_RESP_START
045 0 0239696412 RESP_END
046 1 0241682060 STIM_START
046 1 0242028956 LICK
046 1 0242191028 LICK
046 1 0242368104 LICK
046 1 0242557084 LICK
046 1 0242717512 LICK
046 1 0242782220 STIM_END_RESP_START
046 1 0242890324 LICK
046 1 0242890816 REWARD_START
046 1 0243000180 LICK
046 1 0243127732 LICK
046 1 0243252360 LICK
046 1 0243387032 LICK
046 1 0243530688 LICK
046 1 0243676972 LICK
046 1 0243830276 LICK
046 1 0243982256 RESP_END
046 1 0242916320 REWARD_END
047 0 0245773844 STIM_START
047 0 0246874028 STIM_END_RESP_START
047 0 0248074072 RESP_END
048 1 0249824560 STIM_START
048 1 0250157216 LICK
048 1 0250332264 LICK
048 1 0250482556 LICK
048 1 0250634612 LICK
048 1 0250798308 LICK
048 1 0250924712 STIM_END_RESP_START
048 1 0250952480 LICK
048 1 0250952972 REWARD_START
048 1 0251088920 LICK
048 1 0251220368 LICK
048 1 0251345144 LICK
048 1 0251484108 LICK
048 1 0251629432 LICK
048 1 0251775524 LICK
048 1 0252124728 RESP_END
048 1 0250978468 REWARD_END
049 1 0253721332 STIM_START
049 1 0254113988 LICK
049 1 0254286024 LICK
049 1 0254481476 LICK
049 1 0254625096 LICK
049 1 0254799212 LICK
049 1 0254821488 STIM_END_RESP_START
049 1 0254978704 LICK
049 1 0254979192 REWARD_START
049 1 0255127196 LICK
049 1 0255257504 LICK
049 1 0255394532 LICK
049 1 0255531676 LICK
049 1 0255668848 LICK
049 1 0255828632 LICK
049 1 0256021500 RESP_END
049 1 0255004704 REWARD_END
050 1 0258049124 STIM_START
050 1 0258662120 LICK
050 1 0258817788 LICK
050 1 0258961356 LICK
050 1 0259144884 LICK
050 1 0259149312 STIM_END_RESP_START
050 1 0259329844 LICK
050 1 0259330336 REWARD_START
050 1 0259451596 LICK
050 1 0259584252 LICK
050 1 0259725144 LICK
050 1 0259861444 LICK
050 1 0259997036 LICK
050 1 0260135720 LICK
050 1 0260349348 RESP_END
050 1 0259355844 REWARD_END
051 0 0262318988 STIM_START
051 0 0263419176 STIM_END_RESP_START
051 0 0264619220 RESP_END
052 1 0266210796 STIM_START
052 1 0266591292 LICK
052 1 0266740876 LICK
052 1 0266901576 LICK
052 1 0267053692 LICK
052 1 0267226792 LICK
052 1 0267310976 STIM_END_RESP_START
052 1 0267371900 LICK
052 1 0267372384 REWARD_START
052 1 0267531052 LICK
052 1 0267659016 LICK
052 1 0267792972 LICK
052 1 0267927964 LICK
052 1 0268071840 LICK
052 1 0268235000 LICK
052 1 0268510996 RESP_END
052 1 0267397892 REWARD_END
053 0 0270309508 STIM_START
053 0 0271409696 STIM_END_RESP_START
053 0 0272609740 RESP_END
054 1 0276602700 STIM_START
054 1 0277004856 LICK
054 1 0277159208 LICK
054 1 0277348832 LICK
054 1 0277497136 LICK
054 1 0277668600 LICK
054 1 0277702884 STIM_END_RESP_START
054 1 0277861424 LICK
054 1 0277861912 REWARD_START
054 1 0277992960 LICK
054 1 0278121416 LICK
054 1 0278251272 LICK
054 1 0278387884 LICK
054 1 0278523580 LICK
054 1 0278663264 LICK
054 1 0278807416 LICK
054 1 0278902908 RESP_END
054 1 0277887408 REWARD_END
055 0 0280771480 STIM_START
055 0 0281871636 STIM_END_RESP_START
055 0 0283071680 RESP_END
056 1 0284926260 STIM_START
056 1 0285414772 LICK
056 1 0285562692 LICK
056 1 0285714476 LICK
056 1 0285880760 LICK
056 1 0286026444 STIM_END_RESP_START
056 1 0286033024 LICK
056 1 0286033512 REWARD_START
056 1 0286202068 LICK
056 1 0286337012 LICK
056 1 0286465236 LICK
056 1 0286603016 LICK
056 1 0286748388 LICK
056 1 0286903048 LICK
056 1 0287226464 RESP_END
056 1 0286059032 REWARD_END
057 0 0289099076 STIM_START
057 0 0290199260 STIM_END_RESP_START
057 0 0291399304 RESP_END
058 0 0293458912 STIM_START
058 0 0294559068 STIM_END_RESP_START
058 0 0295759112 RESP_END
059 0 0298869888 STIM_START
059 0 0299970072 STIM_END_RESP_START
059 0 0301170120 RESP_END
060 1 0303002716 STIM_START
060 1 0303324216 LICK
060 1 0303499484 LICK
060 1 0303655552 LICK
060 1 0303829432 LICK
060 1 0304010308 LICK
060 1 0304102888 STIM_END_RESP_START
060 1 0304206260 LICK
060 1 0304206748 REWARD_START
060 1 0304371164 LICK
060 1 0304501780 LICK
060 1 0304635204 LICK
060 1 0304768212 LICK
060 1 0304906336 LICK
060 1 0305049992 LICK
060 1 0305302904 RESP_END
060 1 0304232260 REWARD_END
061 0 0307334504 STIM_START
061 0 0307594348 LICK
061 0 0307769960 LICK
061 0 0307942928 LICK
061 0 0308101936 LICK
061 0 0308287980 LICK
061 0 0308434696 STIM_END_RESP_START
061 0 0308474296 LICK
061 0 0308474780 TIMEOUT_START
061 0 0308610208 LICK
061 0 0308610692 TIMEOUT_START
061 0 0308751844 LICK
061 0 0308752328 TIMEOUT_START
061 0 0308902472 LICK
061 0 0308902964 TIMEOUT_START
061 0 0309268356 LICK
061 0 0309268848 TIMEOUT_START
061 0 0309634712 RESP_END
061 0 0316269348 TIMEOUT_END
062 0 0318202596 STIM_START
062 0 0319302788 STIM_END_RESP_START
062 0 0320502832 RESP_END
063 1 0322280388 STIM_START
063 1 0322839908 LICK
063 1 0322974504 LICK
063 1 0323132820 LICK
063 1 0323292368 LICK
063 1 0323380560 STIM_END_RESP_START
063 1 0323478376 LICK
063 1 0323478868 REWARD_START
063 1 0323614168 LICK
063 1 0323744556 LICK
063 1 0323873204 LICK
063 1 0324010112 LICK
063 1 0324148436 LICK
063 1 0324296644 LICK
063 1 0324580580 RESP_END
063 1 0323504380 REWARD_END
064 1 0326453200 STIM_START
064 1 0326912276 LICK
064 1 0327055680 LICK
064 1 0327210664 LICK
064 1 0327359220 LICK
064 1 0327551824 LICK
064 1 0327553360 STIM_END_RESP_START
064 1 0327733716 LICK
064 1 0327734200 REWARD_START
064 1 0327849060 LICK
064 1 0327980544 LICK
064 1 0328109204 LICK
064 1 0328246408 LICK
064 1 0328392908 LICK
064 1 0328552732 LICK
064 1 0328753380 RESP_END
064 1 0327759708 REWARD_END
065 1 0330424932 STIM_START
065 1 0331283224 LICK
065 1 0331424372 LICK
065 1 0331525100 STIM_END_RESP_START
065 1 0331578172 LICK
065 1 0331578664 REWARD_START
065 1 0331722320 LICK
065 1 0331847400 LICK
065 1 0331972472 LICK
065 1 0332119256 LICK
065 1 0332259576 LICK
065 1 0332411356 LICK
065 1 0332725132 RESP_END
065 1 0331604160 REWARD_END
066 0 0334786720 STIM_START
066 0 0335886908 STIM_END_RESP_START
066 0 0337086948 RESP_END
067 0 0339160620 STIM_START
067 0 0340260804 STIM_END_RESP_START
067 0 0341460848 RESP_END
068 0 0343395432 STIM_START
068 0 0344495616 STIM_END_RESP_START
068 0 0345695660 RESP_END
069 1 0347356116 STIM_START
069 1 0347772512 LICK
069 1 0347910704 LICK
069 1 0348048684 LICK
069 1 0348200084 LICK
069 1 0348379820 LICK
069 1 0348456276 STIM_END_RESP_START
069 1 0348527744 LICK
069 1 0348528228 REWARD_START
069 1 0348660188 LICK
069 1 0348799072 LICK
069 1 0348925452 LICK
069 1 0349060760 LICK
069 1 0349206204 LICK
069 1 0349656292 RESP_END
069 1 0348553740 REWARD_END
070 1 0352126040 STIM_START
070 1 0352650344 LICK
070 1 0352793128 LICK
070 1 0352955080 LICK
070 1 0353122616 LICK
070 1 0353226232 STIM_END_RESP_START
070 1 0353293156 LICK
070 1 0353293644 REWARD_START
070 1 0353434152 LICK
070 1 0353562536 LICK
070 1 0353699900 LICK
070 1 0353838888 LICK
070 1 0353977704 LICK
070 1 0354143744 LICK
070 1 0354290712 LICK
070 1 0354426268 RESP_END
070 1 0353319136 REWARD_END
071 1 0356111840 STIM_START
071 1 0356837600 LICK
071 1 0357013776 LICK
071 1 0357212000 STIM_END_RESP_START
071 1 0357247540 LICK
071 1 0357248032 REWARD_START
071 1 0357401504 LICK
071 1 0357538732 LICK
071 1 0357677456 LICK
071 1 0357822748 LICK
071 1 0357967660 LICK
071 1 0358113420 LICK
071 1 0358264436 LICK
071 1 0358412036 RESP_END
071 1 0357273536 REWARD_END
072 0 0360823804 STIM_START
072 0 0361924000 STIM_END_RESP_START
072 0 0363124040 RESP_END
073 1 0364733428 STIM_START
073 1 0365265696 LICK
073 1 0365382876 LICK
073 1 0365527660 LICK
073 1 0365706084 LICK
073 1 0365833604 STIM_END_RESP_START
073 1 0365888136 LICK
073 1 0365888628 REWARD_START
073 1 0366015088 LICK
073 1 0366143516 LICK
073 1 0366275944 LICK
073 1 0366415128 LICK
073 1 0366551892 LICK
073 1 0366706784 LICK
073 1 0366857004 LICK
073 1 0367033648 RESP_END
073 1 0365914140 REWARD_END
074 0 0368678204 STIM_START
074 0 0369778388 STIM_END_RESP_START
074 0 0370978432 RESP_END
075 1 0372631980 STIM_START
075 1 0373225240 LICK
075 1 0373365588 LICK
075 1 0373516748 LICK
075 1 0373674280 LICK
075 1 0373732164 STIM_END_RESP_START
075 1 0373809148 LICK
075 1 0373809636 REWARD_START
075 1 0373927060 LICK
075 1 0374060996 LICK
075 1 0374195604 LICK
075 1 0374336236 LICK
075 1 0374485012 LICK
075 1 0374932212 RESP_END
075 1 0373835132 REWARD_END
076 1 0376664732 STIM_START
076 1 0377764892 STIM_END_RESP_START
076 1 0377952764 LICK
076 1 0377953252 REWARD_START
076 1 0378084456 LICK
076 1 0378225296 LICK
076 1 0378374580 LICK
076 1 0378513356 LICK
076 1 0378655308 LICK
076 1 0378780312 LICK
076 1 0378932120 LICK
076 1 0378964920 RESP_END
076 1 0377978764 REWARD_END
077 0 0380846548 STIM_START
077 0 0381946732 STIM_END_RESP_START
077 0 0383146780 RESP_END
078 1 0384818328 STIM_START
078 1 0385417668 LICK
078 1 0385561800 LICK
078 1 0385715976 LICK
078 1 0385877416 LICK
078 1 0385918496 STIM_END_RESP_START
078 1 0385980200 LICK
078 1 0385980692 REWARD_START
078 1 0386105060 LICK
078 1 0386236776 LICK
078 1 0386364700 LICK
078 1 0386501652 LICK
078 1 0386649068 LICK
078 1 0386809224 LICK
078 1 0387118536 RESP_END
078 1 0386006188 REWARD_END
079 0 0388764008 STIM_START
079 0 0389864192 STIM_END_RESP_START
079 0 0391064240 RESP_END
080 1 0394284056 STIM_START
080 1 0394833900 LICK
080 1 0394988680 LICK
080 1 0395155132 LICK
080 1 0395315808 LICK
080 1 0395384248 STIM_END_RESP_START
080 1 0395470884 LICK
080 1 0395471372 REWARD_START
080 1 0395591520 LICK
080 1 0395719620 LICK
080 1 0395855968 LICK
080 1 0395990376 LICK
080 1 0396132216 LICK
080 1 0396280624 LICK
080 1 0396432356 LICK
080 1 0396584272 RESP_END
080 1 0395496864 REWARD_END
081 1 0398649964 STIM_START
081 1 0399327628 LICK
081 1 0399636956 LICK
081 1 0399750132 STIM_END_RESP_START
081 1 0399814244 LICK
081 1 0399814736 REWARD_START
081 1 0399954920 LICK
081 1 0400077576 LICK
081 1 0400200380 LICK
081 1 0400332248 LICK
081 1 0400473148 LICK
081 1 0400604972 LICK
081 1 0400750952 LICK
081 1 0400950156 RESP_END
081 1 0399840240 REWARD_END
082 1 0402674640 STIM_START
082 1 0403008800 LICK
082 1 0403171172 LICK
082 1 0403397628 LICK
082 1 0403545860 LICK
082 1 0403713688 LICK
082 1 0403774812 STIM_END_RESP_START
082 1 0403866812 LICK
082 1 0403867296 REWARD_START
082 1 0403991456 LICK
082 1 0404124536 LICK
082 1 0404243552 LICK
082 1 0404382052 LICK
082 1 0404530348 LICK
082 1 0404677008 LICK
082 1 0404974860 RESP_END
082 1 0403892808 REWARD_END
083 0 0407456596 STIM_START
083 0 0408556752 STIM_END_RESP_START
083 0 0409756796 RESP_END
084 1 0411590384 STIM_START
084 1 0412319340 LICK
084 1 0412476400 LICK
084 1 0412629848 LICK
084 1 0412690556 STIM_END_RESP_START
084 1 0412780904 LICK
084 1 0412781392 REWARD_START
084 1 0412902052 LICK
084 1 0413028632 LICK
084 1 0413159396 LICK
084 1 0413297316 LICK
084 1 0413445560 LICK
084 1 0413611784 LICK
084 1 0413890600 RESP_END
084 1 0412806904 REWARD_END
085 1 0415737172 STIM_START
085 1 0416310000 LICK
085 1 0416453668 LICK
085 1 0416600348 LICK
085 1 0416765480 LICK
085 1 0416837356 STIM_END_RESP_START
085 1 0416917572 LICK
085 1 0416918056 REWARD_START
085 1 0417039648 LICK
085 1 0417163888 LICK
085 1 0417289312 LICK
085 1 0417433572 LICK
085 1 0417578608 LICK
085 1 0417721744 LICK
085 1 0418037380 RESP_END
085 1 0416943552 REWARD_END
086 0 0419971024 STIM_START
086 0 0421071176 STIM_END_RESP_START
086 0 0422271220 RESP_END
087 0 0424044736 STIM_START
087 0 0425144924 STIM_END_RESP_START
087 0 0426344968 RESP_END
088 1 0428406664 STIM_START
088 1 0428810248 LICK
088 1 0428952516 LICK
088 1 0429104948 LICK
088 1 0429270620 LICK
088 1 0429423412 LICK
088 1 0429506828 STIM_END_RESP_START
088 1 0429599424 LICK
088 1 0429599916 REWARD_START
088 1 0429721392 LICK
088 1 0429842604 LICK
088 1 0429978488 LICK
088 1 0430109220 LICK
088 1 0430246324 LICK
088 1 0430396480 LICK
088 1 0430706844 RESP_END
088 1 0429625412 REWARD_END
089 0 0432789456 STIM_START
089 0 0433889632 STIM_END_RESP_START
089 0 0435089676 RESP_END
090 1 0436860180 STIM_START
090 1 0437296892 LICK
090 1 0437432144 LICK
090 1 0437577376 LICK
090 1 0437737032 LICK
090 1 0437901448 LICK
090 1 0437960348 STIM_END_RESP_START
090 1 0438026560 LICK
090 1 0438027044 REWARD_START
090 1 0438154608 LICK
090 1 0438284584 LICK
090 1 0438417772 LICK
090 1 0438559608 LICK
090 1 0438702592 LICK
090 1 0438854180 LICK
090 1 0439025568 LICK
090 1 0439160376 RESP_END
090 1 0438052556 REWARD_END
091 0 0440929004 STIM_START
091 0 0442029196 STIM_END_RESP_START
091 0 0443229244 RESP_END
092 0 0444860768 STIM_START
092 0 0445960956 STIM_END_RESP_START
092 0 0447161000 RESP_END
093 0 0448782468 STIM_START
093 0 0449882656 STIM_END_RESP_START
093 0 0450112652 LICK
093 0 0450113136 TIMEOUT_START
093 0 0451082688 RESP_END
093 0 0457113652 TIMEOUT_END
094 1 0458852448 STIM_START
094 1 0459520900 LICK
094 1 0459669584 LICK
094 1 0459823364 LICK
094 1 0459952628 STIM_END_RESP_START
094 1 0459991324 LICK
094 1 0459991812 REWARD_START
094 1 0460127300 LICK
094 1 0460254884 LICK
094 1 0460378520 LICK
094 1 0460516024 LICK
094 1 0460655212 LICK
094 1 0460810144 LICK
094 1 0460984644 LICK
094 1 0461152636 RESP_END
094 1 0460017324 REWARD_END
095 0 0463608316 STIM_START
095 0 0464708504 STIM_END_RESP_START
095 0 0465908544 RESP_END
096 0 0467608164 STIM_START
096 0 0468708348 STIM_END_RESP_START
096 0 0469908392 RESP_END
097 0 0471921924 STIM_START
097 0 0473022108 STIM_END_RESP_START
097 0 0474222156 RESP_END
098 1 0476101732 STIM_START
098 1 0476669028 LICK
098 1 0476804364 LICK
098 1 0476965380 LICK
098 1 0477124320 LICK
098 1 0477201896 STIM_END_RESP_START
098 1 0477290520 LICK
098 1 0477291008 REWARD_START
098 1 0477424240 LICK
098 1 0477554036 LICK
098 1 0477685936 LICK
098 1 0477820268 LICK
098 1 0477961232 LICK
098 1 0478119688 LICK
098 1 0478401916 RESP_END
098 1 0477316500 REWARD_END
099 1 0480373488 STIM_START
099 1 0480899484 LICK
099 1 0481053164 LICK
099 1 0481244696 LICK
099 1 0481398592 LICK
099 1 0481473660 STIM_END_RESP_START
099 1 0481562240 LICK
099 1 0481562732 REWARD_START
099 1 0481733728 LICK
099 1 0481861316 LICK
099 1 0481994540 LICK
099 1 0482133996 LICK
099 1 0482283992 LICK
099 1 0482435132 LICK
099 1 0482673704 RESP_END
099 1 0481588244 REWARD_END
100 0 0484714312 STIM_START
100 0 0485814468 STIM_END_RESP_START
100 0 0487014512 RESP_END
101 0 0489092160 STIM_START
101 0 0490192344 STIM_END_RESP_START
101 0 0491392392 RESP_END
102 0 0493306944 STIM_START
102 0 0494407128 STIM_END_RESP_START
102 0 0495607172 RESP_END
103 1 0497419720 STIM_START
103 1 0497867020 LICK
103 1 0497989876 LICK
103 1 0498146188 LICK
103 1 0498301556 LICK
103 1 0498484184 LICK
103 1 0498519912 STIM_END_RESP_START
103 1 0498647700 LICK
103 1 0498648192 REWARD_START
103 1 0498790504 LICK
103 1 0498918416 LICK
103 1 0499043464 LICK
103 1 0499177148 LICK
103 1 0499315164 LICK
103 1 0499719924 RESP_END
103 1 0498673704 REWARD_END
104 0 0501465568 STIM_START
104 0 0502565756 STIM_END_RESP_START
104 0 0503765800 RESP_END
105 1 0505707340 STIM_START
105 1 0506309304 LICK
105 1 0506441112 LICK
105 1 0506591068 LICK
105 1 0506746600 LICK
105 1 0506807536 STIM_END_RESP_START
105 1 0506905768 LICK
105 1 0506906252 REWARD_START
105 1 0507051636 LICK
105 1 0507176500 LICK
105 1 0507299556 LICK
105 1 0507436244 LICK
105 1 0507574256 LICK
105 1 0507721036 LICK
105 1 0508007580 RESP_END
105 1 0506931764 REWARD_END
106 1 0509599068 STIM_START
106 1 0510128028 LICK
106 1 0510265428 LICK
106 1 0510421704 LICK
106 1 0510580004 LICK
106 1 0510699244 STIM_END_RESP_START
106 1 0510735088 LICK
106 1 0510735580 REWARD_START
106 1 0510877644 LICK
106 1 0511004420 LICK
106 1 0511135272 LICK
106 1 0511274420 LICK
106 1 0511419752 LICK
106 1 0511899268 RESP_END
106 1 0510761076 REWARD_END
107 1 0513821872 STIM_START
107 1 0514475860 LICK
107 1 0514616324 LICK
107 1 0514759752 LICK
107 1 0514922060 STIM_END_RESP_START
107 1 0514932444 LICK
107 1 0514932940 REWARD_START
107 1 0515078088 LICK
107 1 0515202868 LICK
107 1 0515332420 LICK
107 1 0515476088 LICK
107 1 0515630780 LICK
107 1 0515778008 LICK
107 1 0516122092 RESP_END
107 1 0514958452 REWARD_END
108 0 0517746624 STIM_START
108 0 0518846776 STIM_END_RESP_START
108 0 0520046820 RESP_END
109 0 0521883376 STIM_START
109 0 0522983568 STIM_END_RESP_START
109 0 0524183612 RESP_END
110 0 0526078212 STIM_START
110 0 0527178396 STIM_END_RESP_START
110 0 0528378440 RESP_END
111 1 0530431036 STIM_START
111 1 0530951104 LICK
111 1 0531090964 LICK
111 1 0531242196 LICK
111 1 0531413284 LICK
111 1 0531531220 STIM_END_RESP_START
111 1 0531591576 LICK
111 1 0531592060 REWARD_START
111 1 0531741404 LICK
111 1 0531866836 LICK
111 1 0531993960 LICK
111 1 0532131252 LICK
111 1 0532275672 LICK
111 1 0532429688 LICK
111 1 0532731260 RESP_END
111 1 0531617572 REWARD_END
112 1 0534374808 STIM_START
112 1 0534980716 LICK
112 1 0535131580 LICK
112 1 0535278172 LICK
112 1 0535444172 LICK
112 1 0535474988 STIM_END_RESP_START
112 1 0535614976 LICK
112 1 0535615460 REWARD_START
112 1 0535790572 LICK
112 1 0535920468 LICK
112 1 0536067168 LICK
112 1 0536213752 LICK
112 1 0536364656 LICK
112 1 0536675024 RESP_END
112 1 0535640972 REWARD_END
113 0 0538523596 STIM_START
113 0 0539623788 STIM_END_RESP_START
113 0 0540823836 RESP_END
114 0 0542777404 STIM_START
114 0 0543877592 STIM_END_RESP_START
114 0 0545077636 RESP_END
115 1 0547100176 STIM_START
115 1 0547642800 LICK
115 1 0547775100 LICK
115 1 0547937216 LICK
115 1 0548110628 LICK
115 1 0548200364 STIM_END_RESP_START
115 1 0548261172 LICK
115 1 0548261656 REWARD_START
115 1 0548389000 LICK
115 1 0548517316 LICK
115 1 0548649064 LICK
115 1 0548785776 LICK
115 1 0548927660 LICK
115 1 0549091540 LICK
115 1 0549255416 LICK
115 1 0549400384 RESP_END
115 1 0548287168 REWARD_END
116 1 0551245020 STIM_START
116 1 0551351852 LICK
116 1 0551520028 LICK
116 1 0551719516 LICK
116 1 0551910176 LICK
116 1 0552075740 LICK
116 1 0552237120 LICK
116 1 0552345208 STIM_END_RESP_START
116 1 0552414688 LICK
116 1 0552415176 REWARD_START
116 1 0552568352 LICK
116 1 0552703828 LICK
116 1 0552839220 LICK
116 1 0552982244 LICK
116 1 0553128260 LICK
116 1 0553287500 LICK
116 1 0553545236 RESP_END
116 1 0552440688 REWARD_END
117 0 0555233780 STIM_START
117 0 0556333968 STIM_END_RESP_START
117 0 0557534012 RESP_END
118 0 0561806008 STIM_START
118 0 0562906164 STIM_END_RESP_START
118 0 0564106204 RESP_END
119 1 0565758772 STIM_START
119 1 0566290268 LICK
119 1 0566438120 LICK
119 1 0566602096 LICK
119 1 0566858940 STIM_END_RESP_START
119 1 0566922072 LICK
119 1 0566922560 REWARD_START
119 1 0567082872 LICK
119 1 0567220896 LICK
119 1 0567346432 LICK
119 1 0567484244 LICK
119 1 0567621612 LICK
119 1 0567801112 LICK
119 1 0568058960 RESP_END
119 1 0566948056 REWARD_END
120 1 0569901520 STIM_START
120 1 0570326040 LICK
120 1 0570461596 LICK
120 1 0570606308 LICK
120 1 0570760968 LICK
120 1 0570922272 LICK
120 1 0571001700 STIM_END_RESP_START
120 1 0571095096 LICK
120 1 0571095584 REWARD_START
120 1 0571214752 LICK
120 1 0571349768 LICK
120 1 0571482844 LICK
120 1 0571631072 LICK
120 1 0571780156 LICK
120 1 0572201716 RESP_END
120 1 0571121080 REWARD_END
121 1 0574204356 STIM_START
121 1 0574706412 LICK
121 1 0574846512 LICK
121 1 0574981708 LICK
121 1 0575149700 LICK
121 1 0575304512 STIM_END_RESP_START
121 1 0575330484 LICK
121 1 0575330972 REWARD_START
121 1 0575490748 LICK
121 1 0575620796 LICK
121 1 0575752932 LICK
121 1 0575893720 LICK
121 1 0576035632 LICK
121 1 0576504560 RESP_END
121 1 0575356484 REWARD_END
122 0 0578225132 STIM_START
122 0 0579325288 STIM_END_RESP_START
122 0 0580525336 RESP_END
123 0 0582292920 STIM_START
123 0 0583393108 STIM_END_RESP_START
123 0 0584593152 RESP_END
124 1 0586651736 STIM_START
124 1 0587095872 LICK
124 1 0587228680 LICK
124 1 0587398264 LICK
124 1 0587559532 LICK
124 1 0587735140 LICK
124 1 0587751928 STIM_END_RESP_START
124 1 0587901092 LICK
124 1 0587901580 REWARD_START
124 1 0588040820 LICK
124 1 0588165676 LICK
124 1 0588300912 LICK
124 1 0588439524 LICK
124 1 0588588204 LICK
124 1 0588951964 RESP_END
124 1 0587927092 REWARD_END
125 0 0591865732 STIM_START
125 0 0592965888 STIM_END_RESP_START
125 0 0594165932 RESP_END
126 0 0595980536 STIM_START
126 0 0597080720 STIM_END_RESP_START
126 0 0598280764 RESP_END
127 1 0600209300 STIM_START
127 1 0600606728 LICK
127 1 0600759828 LICK
127 1 0600945204 LICK
127 1 0601115312 LICK
127 1 0601269480 LICK
127 1 0601309488 STIM_END_RESP_START
127 1 0601432084 LICK
127 1 0601432572 REWARD_START
127 1 0601589096 LICK
127 1 0601721268 LICK
127 1 0601850776 LICK
127 1 0601981892 LICK
127 1 0602124076 LICK
127 1 0602509536 RESP_END
127 1 0601458068 REWARD_END
128 0 0604129044 STIM_START
128 0 0605229236 STIM_END_RESP_START
128 0 0606429280 RESP_END
129 0 0608384888 STIM_START
129 0 0609485040 STIM_END_RESP_START
129 0 0610685080 RESP_END
130 1 0612544624 STIM_START
130 1 0612971176 LICK
130 1 0613094688 LICK
130 1 0613232036 LICK
130 1 0613377020 LICK
130 1 0613545032 LICK
130 1 0613644812 STIM_END_RESP_START
130 1 0613725060 LICK
130 1 0613725556 REWARD_START
130 1 0613891776 LICK
130 1 0614017876 LICK
130 1 0614148836 LICK
130 1 0614293220 LICK
130 1 0614438136 LICK
130 1 0614588996 LICK
130 1 0614844836 RESP_END
130 1 0613751052 REWARD_END
131 1 0617687668 STIM_START
131 1 0618140616 LICK
131 1 0618298212 LICK
131 1 0618470764 LICK
131 1 0618657960 LICK
131 1 0618787848 STIM_END_RESP_START
131 1 0618820684 LICK
131 1 0618821172 REWARD_START
131 1 0618982912 LICK
131 1 0619109096 LICK
131 1 0619247676 LICK
131 1 0619380984 LICK
131 1 0619511372 LICK
131 1 0619650780 LICK
131 1 0619987892 RESP_END
131 1 0618846684 REWARD_END
132 0 0621847456 STIM_START
132 0 0622947652 STIM_END_RESP_START
132 0 0624147696 RESP_END
133 1 0625800208 STIM_START
133 1 0626314192 LICK
133 1 0626471276 LICK
133 1 0626622568 LICK
133 1 0626795484 LICK
133 1 0626900360 STIM_END_RESP_START
133 1 0626957528 LICK
133 1 0626958012 REWARD_START
133 1 0627117828 LICK
133 1 0627243936 LICK
133 1 0627368108 LICK
133 1 0627511808 LICK
133 1 0627653272 LICK
133 1 0627812216 LICK
133 1 0627957248 LICK
133 1 0628100396 RESP_END
133 1 0626983528 REWARD_END
134 0 0630105028 STIM_START
134 0 0631205184 STIM_END_RESP_START
134 0 0632405228 RESP_END
135 1 0634118792 STIM_START
135 1 0634385720 LICK
135 1 0634557696 LICK
135 1 0634731712 LICK
135 1 0634894708 LICK
135 1 0635055824 LICK
135 1 0635218116 LICK
135 1 0635218984 STIM_END_RESP_START
135 1 0635367816 LICK
135 1 0635368300 REWARD_START
135 1 0635514068 LICK
135 1 0635642556 LICK
135 1 0635775828 LICK
135 1 0635914220 LICK
135 1 0636056788 LICK
135 1 0636194724 LICK
135 1 0636362088 LICK
135 1 0636419016 RESP_END
135 1 0635393816 REWARD_END
136 1 0638184572 STIM_START
136 1 0638503140 LICK
136 1 0638642956 LICK
136 1 0638825364 LICK
136 1 0638976776 LICK
136 1 0639165168 LICK
136 1 0639284756 STIM_END_RESP_START
136 1 0639340688 LICK
136 1 0639341176 REWARD_START
136 1 0639504556 LICK
136 1 0639632140 LICK
136 1 0639769388 LICK
136 1 0639911088 LICK
136 1 0640061268 LICK
136 1 0640236756 LICK
136 1 0640484804 RESP_END
136 1 0639366688 REWARD_END
137 1 0642157284 STIM_START
137 1 0642496644 LICK
137 1 0642648904 LICK
137 1 0642815316 LICK
137 1 0642975192 LICK
137 1 0643139256 LICK
137 1 0643257464 STIM_END_RESP_START
137 1 0643336020 LICK
137 1 0643336512 REWARD_START
137 1 0643504300 LICK
137 1 0643631804 LICK
137 1 0643770912 LICK
137 1 0643914208 LICK
137 1 0644067004 LICK
137 1 0644229480 LICK
137 1 0644457512 RESP_END
137 1 0643362004 REWARD_END
138 0 0646645180 STIM_START
138 0 0647745364 STIM_END_RESP_START
138 0 0648945408 RESP_END
139 1 0650702900 STIM_START
139 1 0651060176 LICK
139 1 0651237056 LICK
139 1 0651393612 LICK
139 1 0651587920 LICK
139 1 0651761196 LICK
139 1 0651803064 STIM_END_RESP_START
139 1 0651902088 LICK
139 1 0651902576 REWARD_START
139 1 0652034384 LICK
139 1 0652162480 LICK
139 1 0652298948 LICK
139 1 0652437940 LICK
139 1 0652583092 LICK
139 1 0652771348 LICK
139 1 0653003096 RESP_END
139 1 0651928088 REWARD_END
140 1 0655051800 STIM_START
140 1 0655388148 LICK
140 1 0655518896 LICK
140 1 0655695532 LICK
140 1 0655854124 LICK
140 1 0656038828 LICK
140 1 0656151972 STIM_END_RESP_START
140 1 0656207112 LICK
140 1 0656207596 REWARD_START
140 1 0656361796 LICK
140 1 0656490564 LICK
140 1 0656633684 LICK
140 1 0656786788 LICK
140 1 0656952604 LICK
140 1 0657110796 LICK
140 1 0657351984 RESP_END
140 1 0656233104 REWARD_END
141 1 0659285592 STIM_START
141 1 0660279508 LICK
141 1 0660385776 STIM_END_RESP_START
141 1 0660415952 LICK
141 1 0660416440 REWARD_START
141 1 0660578284 LICK
141 1 0660714872 LICK
141 1 0660848544 LICK
141 1 0660989748 LICK
141 1 0661132340 LICK
141 1 0661278740 LICK
141 1 0661425048 LICK
141 1 0661585804 RESP_END
141 1 0660441952 REWARD_END
142 0 0663275344 STIM_START
142 0 0664375536 STIM_END_RESP_START
142 0 0665575580 RESP_END
143 1 0667266124 STIM_START
143 1 0667746592 LICK
143 1 0667919120 LICK
143 1 0668069320 LICK
143 1 0668244920 LICK
143 1 0668366296 STIM_END_RESP_START
143 1 0668413812 LICK
143 1 0668414304 REWARD_START
143 1 0668557140 LICK
143 1 0668681016 LICK
143 1 0668812764 LICK
143 1 0668958172 LICK
143 1 0669100128 LICK
143 1 0669262644 LICK
143 1 0669566328 RESP_END
143 1 0668439800 REWARD_END
144 0 0671569944 STIM_START
144 0 0672670132 STIM_END_RESP_START
144 0 0673870172 RESP_END
145 0 0675721744 STIM_START
145 0 0676821932 STIM_END_RESP_START
145 0 0678021976 RESP_END
146 1 0679804552 STIM_START
146 1 0680152676 LICK
146 1 0680297388 LICK
146 1 0680443244 LICK
146 1 0680610380 LICK
146 1 0680786644 LICK
146 1 0680904724 STIM_END_RESP_START
146 1 0680947168 LICK
146 1 0680947656 REWARD_START
146 1 0681110768 LICK
146 1 0681243400 LICK
146 1 0681380936 LICK
146 1 0681519728 LICK
146 1 0681671620 LICK
146 1 0681839556 LICK
146 1 0682104756 RESP_END
146 1 0680973168 REWARD_END
147 1 0685110460 STIM_START
147 1 0685490912 LICK
147 1 0685635320 LICK
147 1 0685807164 LICK
147 1 0686002860 LICK
147 1 0686187528 LICK
147 1 0686210640 STIM_END_RESP_START
147 1 0686373060 LICK
147 1 0686373544 REWARD_START
147 1 0686503084 LICK
147 1 0686632296 LICK
147 1 0686768188 LICK
147 1 0686909004 LICK
147 1 0687063356 LICK
147 1 0687223716 LICK
147 1 0687410668 RESP_END
147 1 0686399056 REWARD_END
148 1 0689431348 STIM_START
148 1 0689798020 LICK
148 1 0689938532 LICK
148 1 0690112372 LICK
148 1 0690266632 LICK
148 1 0690464480 LICK
148 1 0690531532 STIM_END_RESP_START
148 1 0690643952 LICK
148 1 0690644444 REWARD_START
148 1 0690780632 LICK
148 1 0690909280 LICK
148 1 0691050064 LICK
148 1 0691184700 LICK
148 1 0691327448 LICK
148 1 0691479792 LICK
148 1 0691639624 LICK
148 1 0691731576 RESP_END
148 1 0690669940 REWARD_END
149 0 0693422104 STIM_START
149 0 0694522288 STIM_END_RESP_START
149 0 0695722336 RESP_END
150 0 0697484856 STIM_START
150 0 0698585044 STIM_END_RESP_START
150 0 0699785088 RESP_END
151 1 0701645632 STIM_START
151 1 0702071340 LICK
151 1 0702224680 LICK
151 1 0702385224 LICK
151 1 0702546156 LICK
151 1 0702693916 LICK
151 1 0702745800 STIM_END_RESP_START
151 1 0702887240 LICK
151 1 0702887724 REWARD_START
151 1 0703062488 LICK
151 1 0703190160 LICK
151 1 0703327864 LICK
151 1 0703476600 LICK
151 1 0703630012 LICK
151 1 0703945840 RESP_END
151 1 0702913236 REWARD_END
152 0 0707209720 STIM_START
152 0 0708309904 STIM_END_RESP_START
152 0 0709509948 RESP_END
153 0 0711267488 STIM_START
153 0 0712367676 STIM_END_RESP_START
153 0 0713567724 RESP_END
154 1 0715401304 STIM_START
154 1 0715842096 LICK
154 1 0716018144 LICK
154 1 0716192720 LICK
154 1 0716355792 LICK
154 1 0716501488 STIM_END_RESP_START
154 1 0716527008 LICK
154 1 0716527496 REWARD_START
154 1 0716686884 LICK
154 1 0716812192 LICK
154 1 0716943340 LICK
154 1 0717082600 LICK
154 1 0717224488 LICK
154 1 0717373840 LICK
154 1 0717701500 RESP_END
154 1 0716553012 REWARD_END
155 1 0719454064 STIM_START
155 1 0719863456 LICK
155 1 0720012900 LICK
155 1 0720166076 LICK
155 1 0720321140 LICK
155 1 0720502192 LICK
155 1 0720554256 STIM_END_RESP_START
155 1 0720678132 LICK
155 1 0720678620 REWARD_START
155 1 0720836780 LICK
155 1 0720972060 LICK
155 1 0721107040 LICK
155 1 0721243496 LICK
155 1 0721386632 LICK
155 1 0721754304 RESP_END
155 1 0720704132 REWARD_END
156 1 0723375768 STIM_START
156 1 0723640884 LICK
156 1 0723797108 LICK
156 1 0723944864 LICK
156 1 0724108500 LICK
156 1 0724298172 LICK
156 1 0724475944 STIM_END_RESP_START
156 1 0724478044 LICK
156 1 0724478528 REWARD_START
156 1 0724652356 LICK
156 1 0724787412 LICK
156 1 0724925304 LICK
156 1 0725068544 LICK
156 1 0725209564 LICK
156 1 0725367364 LICK
156 1 0725517452 LICK
156 1 0725675992 RESP_END
156 1 0724504048 REWARD_END
157 0 0727416556 STIM_START
157 0 0728516712 STIM_END_RESP_START
157 0 0729716756 RESP_END
158 0 0731788344 STIM_START
158 0 0732888532 STIM_END_RESP_START
158 0 0734088576 RESP_END
159 1 0735962168 STIM_START
159 1 0736547860 LICK
159 1 0736686292 LICK
159 1 0736845944 LICK
159 1 0737022356 LICK
159 1 0737062352 STIM_END_RESP_START
159 1 0737204808 LICK
159 1 0737205300 REWARD_START
159 1 0737365352 LICK
159 1 0737504160 LICK
159 1 0737626964 LICK
159 1 0737771692 LICK
159 1 0738071268 LICK
159 1 0738224716 LICK
159 1 0738262400 RESP_END
159 1 0737230808 REWARD_END
160 0 0740344044 STIM_START
160 0 0740364564 LICK
160 0 0740507372 LICK
160 0 0741444200 STIM_END_RESP_START
160 0 0742644244 RESP_END
161 0 0744724836 STIM_START
161 0 0745825020 STIM_END_RESP_START
161 0 0747025064 RESP_END
162 0 0748624604 STIM_START
162 0 0749724796 STIM_END_RESP_START
162 0 0750186296 LICK
162 0 0750186788 TIMEOUT_START
162 0 0750344424 LICK
162 0 0750344908 TIMEOUT_START
162 0 0750924824 RESP_END
162 0 0757345420 TIMEOUT_END
163 1 0759201640 STIM_START
163 1 0759655448 LICK
163 1 0759826000 LICK
163 1 0760001888 LICK
163 1 0760173840 LICK
163 1 0760301796 STIM_END_RESP_START
163 1 0760340716 LICK
163 1 0760341200 REWARD_START
163 1 0760501152 LICK
163 1 0760621656 LICK
163 1 0760752160 LICK
163 1 0760884932 LICK
163 1 0761038708 LICK
163 1 0761197820 LICK
163 1 0761501812 RESP_END
163 1 0760366712 REWARD_END
164 1 0763455404 STIM_START
164 1 0764092196 LICK
164 1 0764253608 LICK
164 1 0764555568 STIM_END_RESP_START
164 1 0764614312 LICK
164 1 0764614804 REWARD_START
164 1 0764775640 LICK
164 1 0764904356 LICK
164 1 0765035580 LICK
164 1 0765174880 LICK
164 1 0765320816 LICK
164 1 0765467320 LICK
164 1 0765618720 LICK
164 1 0765755584 RESP_END
164 1 0764640300 REWARD_END
165 1 0767605208 STIM_START
165 1 0768151796 LICK
165 1 0768292808 LICK
165 1 0768445724 LICK
165 1 0768607376 LICK
165 1 0768705364 STIM_END_RESP_START
165 1 0768760240 LICK
165 1 0768760728 REWARD_START
165 1 0768914000 LICK
165 1 0769046468 LICK
165 1 0769177924 LICK
165 1 0769338836 LICK
165 1 0769485124 LICK
165 1 0769809460 LICK
165 1 0769905396 RESP_END
165 1 0768786240 REWARD_END
166 0 0771753012 STIM_START
166 0 0772853200 STIM_END_RESP_START
166 0 0774053244 RESP_END
167 1 0775646708 STIM_START
167 1 0776078812 LICK
167 1 0776225748 LICK
167 1 0776400392 LICK
167 1 0776565784 LICK
167 1 0776715928 LICK
167 1 0776746888 STIM_END_RESP_START
167 1 0776864760 LICK
167 1 0776865252 REWARD_START
167 1 0776987564 LICK
167 1 0777112252 LICK
167 1 0777254288 LICK
167 1 0777393204 LICK
167 1 0777534712 LICK
167 1 0777946908 RESP_END
167 1 0776890748 REWARD_END
168 0 0780010588 STIM_START
168 0 0781110772 STIM_END_RESP_START
168 0 0782310820 RESP_END
169 0 0784347436 STIM_START
169 0 0785447624 STIM_END_RESP_START
169 0 0786647672 RESP_END
170 0 0788298124 STIM_START
170 0 0789398312 STIM_END_RESP_START
170 0 0790598360 RESP_END
171 1 0792451928 STIM_START
171 1 0792942600 LICK
171 1 0793093068 LICK
171 1 0793244744 LICK
171 1 0793407036 LICK
171 1 0793552108 STIM_END_RESP_START
171 1 0793561936 LICK
171 1 0793562428 REWARD_START
171 1 0793724568 LICK
171 1 0793859976 LICK
171 1 0793984372 LICK
171 1 0794122568 LICK
171 1 0794270816 LICK
171 1 0794421268 LICK
171 1 0794583328 LICK
171 1 0794752156 RESP_END
171 1 0793587932 REWARD_END
172 0 0797324844 STIM_START
172 0 0798425032 STIM_END_RESP_START
172 0 0799625076 RESP_END
173 0 0801397640 STIM_START
173 0 0801994520 LICK
173 0 0802497832 STIM_END_RESP_START
173 0 0803697876 RESP_END
174 1 0805400388 STIM_START
174 1 0805908144 LICK
174 1 0806045980 LICK
174 1 0806178700 LICK
174 1 0806351184 LICK
174 1 0806500544 STIM_END_RESP_START
174 1 0806531280 LICK
174 1 0806531764 REWARD_START
174 1 0807251684 LICK
174 1 0807506924 LICK
174 1 0807644560 LICK
174 1 0807700584 RESP_END
174 1 0806557276 REWARD_END
175 1 0810015284 STIM_START
175 1 0810400388 LICK
175 1 0810541460 LICK
175 1 0810729264 LICK
175 1 0810898292 LICK
175 1 0811064776 LICK
175 1 0811115456 STIM_END_RESP_START
175 1 0811232836 LICK
175 1 0811233328 REWARD_START
175 1 0811380148 LICK
175 1 0811513612 LICK
175 1 0811647488 LICK
175 1 0811794072 LICK
175 1 0811946880 LICK
175 1 0812107564 LICK
175 1 0812315496 RESP_END
175 1 0811258836 REWARD_END
176 1 0814159084 STIM_START
176 1 0814564048 LICK
176 1 0814712580 LICK
176 1 0814872752 LICK
176 1 0815028376 LICK
176 1 0815207716 LICK
176 1 0815259248 STIM_END_RESP_START
176 1 0815378504 LICK
176 1 0815378992 REWARD_START
176 1 0815498260 LICK
176 1 0815633656 LICK
176 1 0815770908 LICK
176 1 0815917832 LICK
176 1 0816072532 LICK
176 1 0816245932 LICK
176 1 0816459284 RESP_END
176 1 0815404504 REWARD_END
177 0 0818346872 STIM_START
177 0 0819447068 STIM_END_RESP_START
177 0 0820647108 RESP_END
178 1 0822344612 STIM_START
178 1 0822891196 LICK
178 1 0823020416 LICK
178 1 0823178324 LICK
178 1 0823338744 LICK
178 1 0823444788 STIM_END_RESP_START
178 1 0823482092 LICK
178 1 0823482580 REWARD_START
178 1 0823646796 LICK
178 1 0823783908 LICK
178 1 0823905988 LICK
178 1 0824045284 LICK
178 1 0824189700 LICK
178 1 0824508092 LICK
178 1 0824644836 RESP_END
178 1 0823508076 REWARD_END
179 1 0826369396 STIM_START
179 1 0826738992 LICK
179 1 0826897884 LICK
179 1 0827087424 LICK
179 1 0827272908 LICK
179 1 0827449480 LICK
179 1 0827469564 STIM_END_RESP_START
179 1 0827630288 LICK
179 1 0827630780 REWARD_START
179 1 0827793092 LICK
179 1 0827918288 LICK
179 1 0828057696 LICK
179 1 0828205868 LICK
179 1 0828346692 LICK
179 1 0828512648 LICK
179 1 0828669604 RESP_END
179 1 0827656276 REWARD_END
180 1 0830387108 STIM_START
180 1 0830747208 LICK
180 1 0830886300 LICK
180 1 0831065756 LICK
180 1 0831241484 LICK
180 1 0831415092 LICK
180 1 0831487300 STIM_END_RESP_START
180 1 0831578328 LICK
180 1 0831578816 REWARD_START
180 1 0831718220 LICK
180 1 0831848884 LICK
180 1 0831993188 LICK
180 1 0832140724 LICK
180 1 0832296028 LICK
180 1 0832687332 RESP_END
180 1 0831604328 REWARD_END
181 0 0834338888 STIM_START
181 0 0835439076 STIM_END_RESP_START
181 0 0836639120 RESP_END
182 1 0838576672 STIM_START
182 1 0839085036 LICK
182 1 0839220112 LICK
182 1 0839358392 LICK
182 1 0839515464 LICK
182 1 0839676836 STIM_END_RESP_START
182 1 0839689044 LICK
182 1 0839689532 REWARD_START
182 1 0839846248 LICK
182 1 0839982592 LICK
182 1 0840119840 LICK
182 1 0840274396 LICK
182 1 0840419308 LICK
182 1 0840578220 LICK
182 1 0840876864 RESP_END
182 1 0839715024 REWARD_END
183 0 0843182584 STIM_START
183 0 0844282772 STIM_END_RESP_START
183 0 0845482816 RESP_END
184 0 0847535392 STIM_START
184 0 0848635576 STIM_END_RESP_START
184 0 0849835624 RESP_END
185 0 0851649200 STIM_START
185 0 0852054856 LICK
185 0 0852749356 STIM_END_RESP_START
185 0 0853949392 RESP_END
186 1 0855860980 STIM_START
186 1 0856261400 LICK
186 1 0856418288 LICK
186 1 0856585484 LICK
186 1 0856754240 LICK
186 1 0856913600 LICK
186 1 0856961164 STIM_END_RESP_START
186 1 0857069188 LICK
186 1 0857069680 REWARD_START
186 1 0857186776 LICK
186 1 0857310840 LICK
186 1 0857441452 LICK
186 1 0857592620 LICK
186 1 0857745348 LICK
186 1 0857899896 LICK
186 1 0858161192 RESP_END
186 1 0857095192 REWARD_END
187 0 0860958904 STIM_START
187 0 0862059092 STIM_END_RESP_START
187 0 0863259136 RESP_END
188 1 0864998700 STIM_START
188 1 0865429296 LICK
188 1 0865578108 LICK
188 1 0865738652 LICK
188 1 0865893604 LICK
188 1 0866080140 LICK
188 1 0866098880 STIM_END_RESP_START
188 1 0866244772 LICK
188 1 0866245256 REWARD_START
188 1 0866389580 LICK
188 1 0866518504 LICK
188 1 0866656920 LICK
188 1 0866810520 LICK
188 1 0866958472 LICK
188 1 0867298912 RESP_END
188 1 0866270768 REWARD_END
189 1 0868920492 STIM_START
189 1 0869170984 LICK
189 1 0869327780 LICK
189 1 0869495900 LICK
189 1 0869674468 LICK
189 1 0869851428 LICK
189 1 0870009940 LICK
189 1 0870020664 STIM_END_RESP_START
189 1 0870159332 LICK
189 1 0870159824 REWARD_START
189 1 0870283812 LICK
189 1 0870416748 LICK
189 1 0870548080 LICK
189 1 0870694400 LICK
189 1 0870852544 LICK
189 1 0871220680 RESP_END
189 1 0870185320 REWARD_END
190 0 0872969200 STIM_START
190 0 0874069352 STIM_END_RESP_START
190 0 0875269396 RESP_END
191 1 0876984960 STIM_START
191 1 0877368144 LICK
191 1 0877518296 LICK
191 1 0877670908 LICK
191 1 0877829236 LICK
191 1 0877994484 LICK
191 1 0878085140 STIM_END_RESP_START
191 1 0878132840 LICK
191 1 0878133332 REWARD_START
191 1 0878279964 LICK
191 1 0878404068 LICK
191 1 0878535396 LICK
191 1 0878676440 LICK
191 1 0878823404 LICK
191 1 0879285168 RESP_END
191 1 0878158840 REWARD_END
192 1 0881287812 STIM_START
192 1 0881672916 LICK
192 1 0881831592 LICK
192 1 0881985128 LICK
192 1 0882168380 LICK
192 1 0882339404 LICK
192 1 0882387992 STIM_END_RESP_START
192 1 0882492336 LICK
192 1 0882492828 REWARD_START
192 1 0882619692 LICK
192 1 0882758552 LICK
192 1 0882902500 LICK
192 1 0883046912 LICK
192 1 0883195392 LICK
192 1 0883588020 RESP_END
192 1 0882518324 REWARD_END
193 1 0885650656 STIM_START
193 1 0886088872 LICK
193 1 0886237924 LICK
193 1 0886393332 LICK
193 1 0886551460 LICK
193 1 0886716912 LICK
193 1 0886750808 STIM_END_RESP_START
193 1 0886873492 LICK
193 1 0886873976 REWARD_START
193 1 0887019340 LICK
193 1 0887148680 LICK
193 1 0887286304 LICK
193 1 0887431824 LICK
193 1 0887571056 LICK
193 1 0887739032 LICK
193 1 0887950828 RESP_END
193 1 0886899488 REWARD_END
194 0 0889539392 STIM_START
194 0 0890639548 STIM_END_RESP_START
194 0 0891839592 RESP_END
195 0 0893915204 STIM_START
195 0 0895015388 STIM_END_RESP_START
195 0 0896215436 RESP_END
196 0 0898096032 STIM_START
196 0 0899196224 STIM_END_RESP_START
196 0 0900396268 RESP_END
197 1 0902118772 STIM_START
197 1 0902643848 LICK
197 1 0902794436 LICK
197 1 0902954504 LICK
197 1 0903126440 LICK
197 1 0903218936 STIM_END_RESP_START
197 1 0903298924 LICK
197 1 0903299412 REWARD_START
197 1 0903436648 LICK
197 1 0903567836 LICK
197 1 0903700500 LICK
197 1 0903851444 LICK
197 1 0903997080 LICK
197 1 0904148180 LICK
197 1 0904418948 RESP_END
197 1 0903324924 REWARD_END
198 0 0906491576 STIM_START
198 0 0906788328 LICK
198 0 0906952532 LICK
198 0 0907591752 STIM_END_RESP_START
198 0 0908791788 RESP_END
199 0 0910819432 STIM_START
199 0 0911919620 STIM_END_RESP_START
199 0 0913119668 RESP_END
200 0 0915057228 STIM_START
200 0 0916157420 STIM_END_RESP_START
200 0 0917357428 RESP_END
201 1 0919231024 STIM_START
201 1 0919609784 LICK
201 1 0919765584 LICK
201 1 0919927756 LICK
201 1 0920105108 LICK
201 1 0920268560 LICK
201 1 0920331192 STIM_END_RESP_START
201 1 0920445120 LICK
201 1 0920445608 REWARD_START
201 1 0920605676 LICK
201 1 0920736192 LICK
201 1 0920864248 LICK
201 1 0921000748 LICK
201 1 0921146276 LICK
201 1 0921531232 RESP_END
201 1 0920471120 REWARD_END
202 0 0923534828 STIM_START
202 0 0924635016 STIM_END_RESP_START
202 0 0925835060 RESP_END
203 0 0927551620 STIM_START
203 0 0928651808 STIM_END_RESP_START
203 0 0929851852 RESP_END
204 0 0931684368 STIM_START
204 0 0932784556 STIM_END_RESP_START
204 0 0933984600 RESP_END
205 1 0936016236 STIM_START
205 1 0936392916 LICK
205 1 0936549016 LICK
205 1 0936686856 LICK
205 1 0936831416 LICK
205 1 0936994388 LICK
205 1 0937116424 STIM_END_RESP_START
205 1 0937166644 LICK
205 1 0937167136 REWARD_START
205 1 0937327592 LICK
205 1 0937464060 LICK
205 1 0937597288 LICK
205 1 0937739920 LICK
205 1 0937882188 LICK
205 1 0938026416 LICK
205 1 0938316460 RESP_END
205 1 0937192632 REWARD_END
206 1 0939963956 STIM_START
206 1 0940492760 LICK
206 1 0940645180 LICK
206 1 0940794748 LICK
206 1 0940926352 LICK
206 1 0941064136 STIM_END_RESP_START
206 1 0941078192 LICK
206 1 0941078688 REWARD_START
206 1 0941233172 LICK
206 1 0941359888 LICK
206 1 0941490840 LICK
206 1 0941634464 LICK
206 1 0941789432 LICK
206 1 0942264168 RESP_END
206 1 0941104184 REWARD_END
207 0 0944032712 STIM_START
207 0 0945132868 STIM_END_RESP_START
207 0 0946332912 RESP_END
208 1 0948270480 STIM_START
208 1 0948632884 LICK
208 1 0948775208 LICK
208 1 0948930016 LICK
208 1 0949104248 LICK
208 1 0949252656 LICK
208 1 0949370648 STIM_END_RESP_START
208 1 0949419820 LICK
208 1 0949420312 REWARD_START
208 1 0949550892 LICK
208 1 0949672936 LICK
208 1 0949804544 LICK
208 1 0949942060 LICK
208 1 0950094336 LICK
208 1 0950570668 RESP_END
208 1 0949445812 REWARD_END
209 0 0952400308 STIM_START
209 0 0953500496 STIM_END_RESP_START
209 0 0954700540 RESP_END
210 1 0956748124 STIM_START
210 1 0957204812 LICK
210 1 0957343016 LICK
210 1 0957493004 LICK
210 1 0957647956 LICK
210 1 0957817076 LICK
210 1 0957848284 STIM_END_RESP_START
210 1 0957974392 LICK
210 1 0957974888 REWARD_START
210 1 0958101864 LICK
210 1 0958224248 LICK
210 1 0958349224 LICK
210 1 0958490460 LICK
210 1 0958638516 LICK
210 1 0959048324 RESP_END
210 1 0958000384 REWARD_END
211 0 0960709856 STIM_START
211 0 0961810044 STIM_END_RESP_START
211 0 0963010088 RESP_END
212 1 0964942660 STIM_START
212 1 0965305644 LICK
212 1 0965449672 LICK
212 1 0965610744 LICK
212 1 0965783600 LICK
212 1 0965949200 LICK
212 1 0966042832 STIM_END_RESP_START
212 1 0966113436 LICK
212 1 0966113920 REWARD_START
212 1 0966269176 LICK
212 1 0966399340 LICK
212 1 0966523104 LICK
212 1 0966656964 LICK
212 1 0966808976 LICK
212 1 0967242864 RESP_END
212 1 0966139432 REWARD_END
213 1 0968891440 STIM_START
213 1 0969327884 LICK
213 1 0969474384 LICK
213 1 0969636416 LICK
213 1 0969800172 LICK
213 1 0969973076 LICK
213 1 0969991612 STIM_END_RESP_START
213 1 0970142804 LICK
213 1 0970143292 REWARD_START
213 1 0970262244 LICK
213 1 0970399424 LICK
213 1 0970537616 LICK
213 1 0970680828 LICK
213 1 0970831548 LICK
213 1 0971191640 RESP_END
213 1 0970168804 REWARD_END
214 0 0973096212 STIM_START
214 0 0974196400 STIM_END_RESP_START
214 0 0975396444 RESP_END
215 0 0977472008 STIM_START
215 0 0978572196 STIM_END_RESP_START
215 0 0979772244 RESP_END
216 1 0981833884 STIM_START
216 1 0982232196 LICK
216 1 0982370756 LICK
216 1 0982519548 LICK
216 1 0982705704 LICK
216 1 0982889148 LICK
216 1 0982934048 STIM_END_RESP_START
216 1 0983053460 LICK
216 1 0983053944 REWARD_START
216 1 0983214592 LICK
216 1 0983338564 LICK
216 1 0983468808 LICK
216 1 0983609892 LICK
216 1 0983775744 LICK
216 1 0984134088 RESP_END
216 1 0983079456 REWARD_END
217 1 0985836616 STIM_START
217 1 0986243656 LICK
217 1 0986399936 LICK
217 1 0986546276 LICK
217 1 0986723872 LICK
217 1 0986902776 LICK
217 1 0986936776 STIM_END_RESP_START
217 1 0987078136 LICK
217 1 0987078624 REWARD_START
217 1 0987249644 LICK
217 1 0987382084 LICK
217 1 0987510880 LICK
217 1 0987653300 LICK
217 1 0987796692 LICK
217 1 0988136792 RESP_END
217 1 0987104136 REWARD_END
218 0 0989980380 STIM_START
218 0 0991080576 STIM_END_RESP_START
218 0 0992280620 RESP_END
219 1 0993996164 STIM_START
219 1 0994545828 LICK
219 1 0994682056 LICK
219 1 0994813072 LICK
219 1 0994967000 LICK
219 1 0995096352 STIM_END_RESP_START
219 1 0995132232 LICK
219 1 0995132728 REWARD_START
219 1 0995283380 LICK
219 1 0995411116 LICK
219 1 0995538544 LICK
219 1 0995678036 LICK
219 1 0995827616 LICK
219 1 0996296400 RESP_END
219 1 0995158240 REWARD_END
220 0 0998244968 STIM_START
220 0 0999345164 STIM_END_RESP_START
220 0 1000545204 RESP_END
221 1 1002358748 STIM_START
221 1 1002885188 LICK
221 1 1003022976 LICK
221 1 1003168592 LICK
221 1 1003334756 LICK
221 1 1003458916 STIM_END_RESP_START
221 1 1003484000 LICK
221 1 1003484540 REWARD_START
221 1 1003626140 LICK
221 1 1003751140 LICK
221 1 1003877784 LICK
221 1 1004017452 LICK
221 1 1004175796 LICK
221 1 1004658956 RESP_END
221 1 1003510100 REWARD_END
222 1 1006701580 STIM_START
222 1 1007114176 LICK
222 1 1007255384 LICK
222 1 1007412460 LICK
222 1 1007600460 LICK
222 1 1007792000 LICK
222 1 1007801744 STIM_END_RESP_START
222 1 1007933212 LICK
222 1 1007933752 REWARD_START
222 1 1008068904 LICK
222 1 1008205612 LICK
222 1 1008349584 LICK
222 1 1008490400 LICK
222 1 1008636948 LICK
222 1 1009001776 RESP_END
222 1 1007959308 REWARD_END
223 1 1010698368 STIM_START
223 1 1011151256 LICK
223 1 1011296172 LICK
223 1 1011448404 LICK
223 1 1011604296 LICK
223 1 1011781372 LICK
223 1 1011798524 STIM_END_RESP_START
223 1 1011946696 LICK
223 1 1011947228 REWARD_START
223 1 1012092184 LICK
223 1 1012223216 LICK
223 1 1012358240 LICK
223 1 1012494164 LICK
223 1 1012648868 LICK
223 1 1012805308 LICK
223 1 1012998564 RESP_END
223 1 1011972784 REWARD_END
224 0 1014644076 STIM_START
224 0 1015744240 STIM_END_RESP_START
224 0 1016944264 RESP_END
225 1 1018897900 STIM_START
225 1 1019285220 LICK
225 1 1019420104 LICK
225 1 1019582964 LICK
225 1 1019785408 LICK
225 1 1019947192 LICK
225 1 1019998088 STIM_END_RESP_START
225 1 1020121568 LICK
225 1 1020122100 REWARD_START
225 1 1020283692 LICK
225 1 1020409572 LICK
225 1 1020543828 LICK
225 1 1020682032 LICK
225 1 1020837916 LICK
225 1 1021198108 RESP_END
225 1 1020147660 REWARD_END
226 1 1022987700 STIM_START
226 1 1023630084 LICK
226 1 1023795588 LICK
226 1 1023979868 LICK
226 1 1024087860 STIM_END_RESP_START
226 1 1024152884 LICK
226 1 1024153416 REWARD_START
226 1 1024316480 LICK
226 1 1024446560 LICK
226 1 1024577324 LICK
226 1 1024735136 LICK
226 1 1024891620 LICK
226 1 1025287888 RESP_END
226 1 1024178972 REWARD_END
227 1 1026901372 STIM_START
227 1 1027943136 LICK
227 1 1028001556 STIM_END_RESP_START
227 1 1028072212 LICK
227 1 1028072748 REWARD_START
227 1 1028226408 LICK
227 1 1028366584 LICK
227 1 1028520368 LICK
227 1 1028642040 LICK
227 1 1028791232 LICK
227 1 1028935248 LICK
227 1 1029201580 RESP_END
227 1 1028098308 REWARD_END
228 0 1031092180 STIM_START
228 0 1032192348 STIM_END_RESP_START
228 0 1033392368 RESP_END
229 1 1035350024 STIM_START
229 1 1035713288 LICK
229 1 1035843852 LICK
229 1 1036003824 LICK
229 1 1036166288 LICK
229 1 1036363252 LICK
229 1 1036450180 STIM_END_RESP_START
229 1 1036540920 LICK
229 1 1036541456 REWARD_START
229 1 1036711840 LICK
229 1 1036842004 LICK
229 1 1036973684 LICK
229 1 1037122016 LICK
229 1 1037278904 LICK
229 1 1037650224 RESP_END
229 1 1036567016 REWARD_END
230 0 1039499780 STIM_START
230 0 1040599944 STIM_END_RESP_START
230 0 1041799972 RESP_END
231 0 1043454552 STIM_START
231 0 1044554720 STIM_END_RESP_START
231 0 1045754744 RESP_END
232 0 1047412264 STIM_START
232 0 1048512428 STIM_END_RESP_START
232 0 1049712452 RESP_END
233 1 1051413028 STIM_START
233 1 1051798576 LICK
233 1 1051930612 LICK
233 1 1052073744 LICK
233 1 1052224920 LICK
233 1 1052401736 LICK
233 1 1052513208 STIM_END_RESP_START
233 1 1052580488 LICK
233 1 1052581024 REWARD_START
233 1 1052746052 LICK
233 1 1052884172 LICK
233 1 1053015740 LICK
233 1 1053156872 LICK
233 1 1053316000 LICK
233 1 1053713256 RESP_END
233 1 1052606580 REWARD_END
234 0 1055664872 STIM_START
234 0 1056765040 STIM_END_RESP_START
234 0 1057965068 RESP_END
235 1 1059962680 STIM_START
235 1 1060320292 LICK
235 1 1060455280 LICK
235 1 1060609328 LICK
235 1 1060762060 LICK
235 1 1060952444 LICK
235 1 1061062864 STIM_END_RESP_START
235 1 1061111900 LICK
235 1 1061112432 REWARD_START
235 1 1061278360 LICK
235 1 1061410600 LICK
235 1 1061539104 LICK
235 1 1061674996 LICK
235 1 1061814784 LICK
235 1 1062262896 RESP_END
235 1 1061137992 REWARD_END
236 1 1063964436 STIM_START
236 1 1064555908 LICK
236 1 1064703852 LICK
236 1 1064881348 LICK
236 1 1065064556 LICK
236 1 1065065120 STIM_END_RESP_START
236 1 1065249312 LICK
236 1 1065249848 REWARD_START
236 1 1065408564 LICK
236 1 1065536608 LICK
236 1 1065665216 LICK
236 1 1065799088 LICK
236 1 1065947204 LICK
236 1 1066265144 RESP_END
236 1 1065275404 REWARD_END
237 1 1068143212 STIM_START
237 1 1069243376 STIM_END_RESP_START
237 1 1069326504 LICK
237 1 1069327036 REWARD_START
237 1 1069454504 LICK
237 1 1069583272 LICK
237 1 1069711112 LICK
237 1 1069851700 LICK
237 1 1069994572 LICK
237 1 1070148932 LICK
237 1 1070332000 LICK
237 1 1070443404 RESP_END
237 1 1069352592 REWARD_END
238 0 1072376024 STIM_START
238 0 1073476188 STIM_END_RESP_START
238 0 1074676212 RESP_END
239 0 1076678928 STIM_START
239 0 1077779092 STIM_END_RESP_START
239 0 1078979116 RESP_END
240 1 1080874680 STIM_START
240 1 1081645676 LICK
240 1 1081797364 LICK
240 1 1081959348 LICK
240 1 1081974852 STIM_END_RESP_START
240 1 1082123832 LICK
240 1 1082124368 REWARD_START
240 1 1082290388 LICK
240 1 1082417960 LICK
240 1 1082549912 LICK
240 1 1082691908 LICK
240 1 1082843420 LICK
240 1 1083174864 RESP_END
240 1 1082149924 REWARD_END
241 1 1085040380 STIM_START
241 1 1085468108 LICK
241 1 1085632932 LICK
241 1 1085802600 LICK
241 1 1085971600 LICK
241 1 1086140556 STIM_END_RESP_START
241 1 1086152628 LICK
241 1 1086153176 REWARD_START
241 1 1086327448 LICK
241 1 1086456784 LICK
241 1 1086583484 LICK
241 1 1086722264 LICK
241 1 1086878020 LICK
241 1 1087340584 RESP_END
241 1 1086178732 REWARD_END
242 1 1089152232 STIM_START
242 1 1090252396 STIM_END_RESP_START
242 1 1091452424 RESP_END
243 0 1093527020 STIM_START
243 0 1094627184 STIM_END_RESP_START
243 0 1095827208 RESP_END
244 0 1097440796 STIM_START
244 0 1098540960 STIM_END_RESP_START
244 0 1099740984 RESP_END
245 0 1101496548 STIM_START
245 0 1102524720 LICK
245 0 1102596708 STIM_END_RESP_START
245 0 1102652840 LICK
245 0 1102653372 TIMEOUT_START
245 0 1102792572 LICK
245 0 1102793112 TIMEOUT_START
245 0 1102936740 LICK
245 0 1102937280 TIMEOUT_START
245 0 1103090656 LICK
245 0 1103091192 TIMEOUT_START
245 0 1103244916 LICK
245 0 1103245456 TIMEOUT_START
245 0 1103796724 RESP_END
245 0 1110246004 TIMEOUT_END
246 1 1112016508 STIM_START
246 1 1112782464 LICK
246 1 1112934204 LICK
246 1 1113100412 LICK
246 1 1113116684 STIM_END_RESP_START
246 1 1113246968 LICK
246 1 1113247500 REWARD_START
246 1 1113379516 LICK
246 1 1113508312 LICK
246 1 1113632672 LICK
246 1 1113774812 LICK
246 1 1113927200 LICK
246 1 1114316720 RESP_END
246 1 1113273060 REWARD_END
247 1 1115932284 STIM_START
247 1 1116313832 LICK
247 1 1116474408 LICK
247 1 1116634524 LICK
247 1 1116880460 LICK
247 1 1117032472 STIM_END_RESP_START
247 1 1117045244 LICK
247 1 1117045784 REWARD_START
247 1 1117210528 LICK
247 1 1117361700 LICK
247 1 1117481924 LICK
247 1 1117619832 LICK
247 1 1117767012 LICK
247 1 1117924900 LICK
247 1 1118232492 RESP_END
247 1 1117071344 REWARD_END
248 0 1119979992 STIM_START
248 0 1121080160 STIM_END_RESP_START
248 0 1122280184 RESP_END
249 0 1124074768 STIM_START
249 0 1124914952 LICK
249 0 1125044968 LICK
249 0 1125174952 STIM_END_RESP_START
249 0 1126374976 RESP_END
250 0 1128316616 STIM_START
250 0 1129416788 STIM_END_RESP_START
250 0 1130616804 RESP_END
251 1 1132556360 STIM_START
251 1 1133656524 STIM_END_RESP_START
251 1 1134196616 LICK
251 1 1134197152 REWARD_START
251 1 1134350276 LICK
251 1 1134485640 LICK
251 1 1134613524 LICK
251 1 1134744000 LICK
251 1 1134856572 RESP_END
251 1 1134222712 REWARD_END
252 1 1136824224 STIM_START
252 1 1137678468 LICK
252 1 1137817428 LICK
252 1 1137924388 STIM_END_RESP_START
252 1 1137971584 LICK
252 1 1137972116 REWARD_START
252 1 1138130400 LICK
252 1 1138261996 LICK
252 1 1138403012 LICK
252 1 1138550988 LICK
252 1 1139039136 LICK
252 1 1139124420 RESP_END
252 1 1137997672 REWARD_END
253 1 1140866972 STIM_START
253 1 1141587444 LICK
253 1 1141731488 LICK
253 1 1141920356 LICK
253 1 1141967164 STIM_END_RESP_START
253 1 1142144212 LICK
253 1 1142144744 REWARD_START
253 1 1142308652 LICK
253 1 1142444468 LICK
253 1 1142575276 LICK
253 1 1142712072 LICK
253 1 1142857588 LICK
253 1 1143022116 LICK
253 1 1143167196 RESP_END
253 1 1142170304 REWARD_END
254 0 1145155808 STIM_START
254 0 1146255980 STIM_END_RESP_START
254 0 1147456008 RESP_END
255 0 1149052568 STIM_START
255 0 1150152736 STIM_END_RESP_START
255 0 1151352756 RESP_END
256 0 1153109304 STIM_START
256 0 1154209468 STIM_END_RESP_START
256 0 1155409492 RESP_END
257 1 1157280100 STIM_START
257 1 1157729216 LICK
257 1 1157876848 LICK
257 1 1158040732 LICK
257 1 1158203468 LICK
257 1 1158372436 LICK
257 1 1158380272 STIM_END_RESP_START
257 1 1158541636 LICK
257 1 1158542168 REWARD_START
257 1 1158675132 LICK
257 1 1158812228 LICK
257 1 1158948312 LICK
257 1 1159083364 LICK
257 1 1159389656 LICK
257 1 1159580292 RESP_END
257 1 1158567724 REWARD_END
258 0 1161450856 STIM_START
258 0 1162551024 STIM_END_RESP_START
258 0 1163751048 RESP_END
259 1 1165670672 STIM_START
259 1 1166708316 LICK
259 1 1166770856 STIM_END_RESP_START
259 1 1166846696 LICK
259 1 1166847236 REWARD_START
259 1 1166997028 LICK
259 1 1167132388 LICK
259 1 1167254904 LICK
259 1 1167392136 LICK
259 1 1167538460 LICK
259 1 1167705752 LICK
259 1 1167970872 RESP_END
259 1 1166872796 REWARD_END
260 1 1169929500 STIM_START
260 1 1171029664 STIM_END_RESP_START
260 1 1171127016 LICK
260 1 1171127556 REWARD_START
260 1 1171270636 LICK
260 1 1171410212 LICK
260 1 1171537532 LICK
260 1 1171684300 LICK
260 1 1171826136 LICK
260 1 1171981172 LICK
260 1 1172229688 RESP_END
260 1 1171153116 REWARD_END
261 0 1173876264 STIM_START
261 0 1174976432 STIM_END_RESP_START
261 0 1176176456 RESP_END
262 0 1178089020 STIM_START
262 0 1179189184 STIM_END_RESP_START
262 0 1180389212 RESP_END
263 1 1182246800 STIM_START
263 1 1183163572 LICK
263 1 1183298572 LICK
263 1 1183346960 STIM_END_RESP_START
263 1 1183444908 LICK
263 1 1183445444 REWARD_START
263 1 1183591972 LICK
263 1 1183733852 LICK
263 1 1183864472 LICK
263 1 1184001152 LICK
263 1 1184164584 LICK
263 1 1184547008 RESP_END
263 1 1183471004 REWARD_END
264 0 1186495604 STIM_START
264 0 1187595772 STIM_END_RESP_START
264 0 1188795796 RESP_END
265 1 1190635400 STIM_START
265 1 1191735572 STIM_END_RESP_START
265 1 1191859084 LICK
265 1 1191859624 REWARD_START
265 1 1191999440 LICK
265 1 1192128868 LICK
265 1 1192256760 LICK
265 1 1192396820 LICK
265 1 1192576172 LICK
265 1 1192935616 RESP_END
265 1 1191885184 REWARD_END
266 0 1194769208 STIM_START
266 0 1195869380 STIM_END_RESP_START
266 0 1197069404 RESP_END
267 1 1199163008 STIM_START
267 1 1200263180 STIM_END_RESP_START
267 1 1201463200 RESP_END
268 1 1203483848 STIM_START
268 1 1204584012 STIM_END_RESP_START
268 1 1205054544 LICK
268 1 1205055076 REWARD_START
268 1 1205196832 LICK
268 1 1205338248 LICK
268 1 1205470608 LICK
268 1 1205610400 LICK
268 1 1205759608 LICK
268 1 1205784036 RESP_END
268 1 1205080636 REWARD_END
269 1 1207929700 STIM_START
269 1 1209029872 STIM_END_RESP_START
269 1 1210229896 RESP_END
270 0 1211943440 STIM_START
270 0 1213043608 STIM_END_RESP_START
270 0 1214243632 RESP_END
271 0 1216076224 STIM_START
271 0 1217176388 STIM_END_RESP_START
271 0 1218376412 RESP_END
272 1 1219993960 STIM_START
272 1 1221094124 STIM_END_RESP_START
272 1 1222294152 RESP_END
273 0 1224287760 STIM_START
273 0 1225387928 STIM_END_RESP_START
273 0 1226587952 RESP_END
274 1 1228224548 STIM_START
274 1 1229324716 STIM_END_RESP_START
274 1 1230128412 LICK
274 1 1230128944 REWARD_START
274 1 1230524760 RESP_END
274 1 1230154504 REWARD_END
275 0 1232211280 STIM_START
275 0 1233311440 STIM_END_RESP_START
275 0 1234511464 RESP_END
276 1 1236412096 STIM_START
276 1 1237512268 STIM_END_RESP_START
276 1 1238712288 RESP_END
277 1 1240586884 STIM_START
277 1 1241687052 STIM_END_RESP_START
277 1 1241774072 LICK
277 1 1241774612 REWARD_START
277 1 1242037076 LICK
277 1 1242291032 LICK
277 1 1242428320 LICK
277 1 1242548964 LICK
277 1 1242682016 LICK
277 1 1242835116 LICK
277 1 1242887084 RESP_END
277 1 1241800172 REWARD_END
278 1 1246274916 STIM_START
278 1 1246753440 LICK
278 1 1246906848 LICK
278 1 1247075160 LICK
278 1 1247270812 LICK
278 1 1247375092 STIM_END_RESP_START
278 1 1247422028 LICK
278 1 1247422568 REWARD_START
278 1 1248575108 RESP_END
278 1 1247448128 REWARD_END
279 0 1250507776 STIM_START
279 0 1251607948 STIM_END_RESP_START
279 0 1252807972 RESP_END
280 1 1254743580 STIM_START
280 1 1255843744 STIM_END_RESP_START
280 1 1255894476 LICK
280 1 1255895008 REWARD_START
280 1 1256146808 LICK
280 1 1256283196 LICK
280 1 1256407604 LICK
280 1 1256536764 LICK
280 1 1256688852 LICK
280 1 1256828340 LICK
280 1 1257043772 RESP_END
280 1 1255920568 REWARD_END
281 1 1259052368 STIM_START
281 1 1259656384 LICK
281 1 1259788284 LICK
281 1 1259932500 LICK
281 1 1260152528 STIM_END_RESP_START
281 1 1260263392 LICK
281 1 1260263928 REWARD_START
281 1 1260421172 LICK
281 1 1260567952 LICK
281 1 1260710700 LICK
281 1 1260866772 LICK
281 1 1261010404 LICK
281 1 1261336252 LICK
281 1 1261352552 RESP_END
281 1 1260289488 REWARD_END
282 1 1263855296 STIM_START
282 1 1264955468 STIM_END_RESP_START
282 1 1266155488 RESP_END
283 0 1267953076 STIM_START
283 0 1269053244 STIM_END_RESP_START
283 0 1269357780 LICK
283 0 1269358312 TIMEOUT_START
283 0 1269506416 LICK
283 0 1269506948 TIMEOUT_START
283 0 1270253288 RESP_END
283 0 1276507512 TIMEOUT_END
284 0 1278145952 STIM_START
284 0 1279246116 STIM_END_RESP_START
284 0 1280446140 RESP_END
285 1 1282488788 STIM_START
285 1 1283588952 STIM_END_RESP_START
285 1 1283773812 LICK
285 1 1283774344 REWARD_START
285 1 1283926868 LICK
285 1 1284064172 LICK
285 1 1284183740 LICK
285 1 1284322972 LICK
285 1 1284474104 LICK
285 1 1284628956 LICK
285 1 1284788976 RESP_END
285 1 1283799900 REWARD_END
286 1 1286474616 STIM_START
286 1 1287277132 LICK
286 1 1287416112 LICK
286 1 1287562996 LICK
286 1 1287574784 STIM_END_RESP_START
286 1 1287716200 LICK
286 1 1287716732 REWARD_START
286 1 1287864868 LICK
286 1 1287995576 LICK
286 1 1288136316 LICK
286 1 1288291388 LICK
286 1 1288442900 LICK
286 1 1288774812 RESP_END
286 1 1287742292 REWARD_END
287 1 1290441348 STIM_START
287 1 1291541516 STIM_END_RESP_START
287 1 1291757488 LICK
287 1 1291758024 REWARD_START
287 1 1291889120 LICK
287 1 1292019324 LICK
287 1 1292142272 LICK
287 1 1292280808 LICK
287 1 1292428988 LICK
287 1 1292582400 LICK
287 1 1292741556 RESP_END
287 1 1291783584 REWARD_END
USER_EXIT