001 1 0003489256 STIM_START
001 1 0004589368 STIM_END_RESP_START
001 1 0005789408 RESP_END
002 1 0007772840 STIM_START
002 1 0008872952 STIM_END_RESP_START
002 1 0010072996 RESP_END
003 0 0011946460 STIM_START
003 0 0013046592 STIM_END_RESP_START
003 0 0014246616 RESP_END
004 0 0016180068 STIM_START
004 0 0017280200 STIM_END_RESP_START
004 0 0018480224 RESP_END
005 1 0020356620 STIM_START
005 1 0021456748 STIM_END_RESP_START
005 1 0022656772 RESP_END
006 1 0024612296 STIM_START
006 1 0025712424 STIM_END_RESP_START
006 1 0026912448 RESP_END
007 1 0028866852 STIM_START
007 1 0029966980 STIM_END_RESP_START
007 1 0031167008 RESP_END
008 0 0032745460 STIM_START
008 0 0033845596 STIM_END_RESP_START
008 0 0035045624 RESP_END
009 0 0036826012 STIM_START
009 0 0037926148 STIM_END_RESP_START
009 0 0039126172 RESP_END
010 0 0040904564 STIM_START
010 0 0041262948 LICK
010 0 0041489764 LICK
010 0 0041675592 LICK
010 0 0042004680 STIM_END_RESP_START
010 0 0043204704 RESP_END
011 1 0050962092 STIM_START
011 1 0052062228 STIM_END_RESP_START
011 1 0053262248 RESP_END
012 0 0056274768 STIM_START
012 0 0057374908 STIM_END_RESP_START
012 0 0058574932 RESP_END
013 0 0061436508 STIM_START
013 0 0062512872 LICK
013 0 0062536624 STIM_END_RESP_START
013 0 0062808508 LICK
013 0 0062808944 TIMEOUT_START
013 0 0063079352 LICK
013 0 0063079796 TIMEOUT_START
013 0 0063333580 LICK
013 0 0063334016 TIMEOUT_START
013 0 0063583512 LICK
013 0 0063583948 TIMEOUT_START
013 0 0063736644 RESP_END
