001 0 0008753176 STIM_START
001 0 0009158412 LICK
001 0 0009559872 LICK
001 0 0009747328 LICK
001 0 0009851824 STIM_END_RESP_START
001 0 0009915716 LICK
001 0 0009916104 TIMEOUT_START
001 0 0010104056 LICK
001 0 0010104492 TIMEOUT_START
001 0 0010278024 LICK
001 0 0010278456 TIMEOUT_START
001 0 0010469320 LICK
001 0 0010469760 TIMEOUT_START
001 0 0010672124 LICK
001 0 0010672564 TIMEOUT_START
001 0 0011051868 RESP_END
001 0 0017673020 TIMEOUT_END
002 0 0019676256 STIM_START
002 0 0020774924 STIM_END_RESP_START
002 0 0020944384 LICK
002 0 0020944820 TIMEOUT_START
002 0 0021092668 LICK
002 0 0021093104 TIMEOUT_START
002 0 0021283680 LICK
002 0 0021284124 TIMEOUT_START
002 0 0021477520 LICK
002 0 0021477956 TIMEOUT_START
002 0 0021657588 LICK
002 0 0021658032 TIMEOUT_START
002 0 0021974936 RESP_END
002 0 0028658476 TIMEOUT_END
003 0 0030462428 STIM_START
003 0 0031561096 STIM_END_RESP_START
003 0 0031633448 LICK
003 0 0031633884 TIMEOUT_START
003 0 0031786608 LICK
003 0 0031787048 TIMEOUT_START
003 0 0031954760 LICK
003 0 0031955200 TIMEOUT_START
003 0 0032139936 LICK
003 0 0032140376 TIMEOUT_START
003 0 0032761108 RESP_END
003 0 0039140824 TIMEOUT_END
004 1 0040929964 STIM_START
004 1 0041387520 LICK
004 1 0041594380 LICK
004 1 0041806444 LICK
004 1 0042028636 STIM_END_RESP_START
004 1 0042069488 LICK
004 1 0042069924 REWARD_START
004 1 0042236716 LICK
004 1 0042512892 LICK
004 1 0042657052 LICK
004 1 0043228652 RESP_END
004 1 0042100372 REWARD_END
005 0 0044961240 STIM_START
005 0 0045656540 LICK
005 0 0045774048 LICK
005 0 0045920924 LICK
005 0 0046059896 STIM_END_RESP_START
005 0 0046092224 LICK
005 0 0046092668 TIMEOUT_START
005 0 0046309808 LICK
005 0 0046310244 TIMEOUT_START
005 0 0046498440 LICK
005 0 0046498880 TIMEOUT_START
005 0 0047259932 RESP_END
005 0 0053499328 TIMEOUT_END
006 0 0055100164 STIM_START
006 0 0055615828 LICK
006 0 0055792408 LICK
006 0 0055982532 LICK
006 0 0056172460 LICK
006 0 0056198808 STIM_END_RESP_START
006 0 0056355168 LICK
006 0 0056355604 TIMEOUT_START
006 0 0056551340 LICK
006 0 0056551780 TIMEOUT_START
006 0 0056741188 LICK
006 0 0056741624 TIMEOUT_START
006 0 0056941972 LICK
006 0 0056942408 TIMEOUT_START
006 0 0057157008 LICK
006 0 0057157444 TIMEOUT_START
006 0 0057377196 LICK
006 0 0057377632 TIMEOUT_START
006 0 0057398848 RESP_END
006 0 0064378096 TIMEOUT_END
007 0 0066035152 STIM_START
007 0 0066824968 LICK
007 0 0067133800 STIM_END_RESP_START
007 0 0067231300 LICK
007 0 0067231736 TIMEOUT_START
007 0 0067847800 LICK
007 0 0067848240 TIMEOUT_START
007 0 0067999052 LICK
007 0 0067999488 TIMEOUT_START
007 0 0068163296 LICK
007 0 0068163736 TIMEOUT_START
007 0 0068333836 RESP_END
007 0 0075164184 TIMEOUT_END
008 1 0076943248 STIM_START
008 1 0078041920 STIM_END_RESP_START
008 1 0078284660 LICK
008 1 0078285108 REWARD_START
008 1 0078472516 LICK
008 1 0078631612 LICK
008 1 0078758476 LICK
008 1 0078899112 LICK
008 1 0079241968 RESP_END
008 1 0078315560 REWARD_END
009 0 0080954500 STIM_START
009 0 0082053172 STIM_END_RESP_START
009 0 0082416552 LICK
009 0 0082416992 TIMEOUT_START
009 0 0082576752 LICK
009 0 0082577184 TIMEOUT_START
009 0 0082762208 LICK
009 0 0082762644 TIMEOUT_START
009 0 0083118508 LICK
009 0 0083118944 TIMEOUT_START
009 0 0083253208 RESP_END
009 0 0090119408 TIMEOUT_END
010 0 0091980364 STIM_START
010 0 0093079036 STIM_END_RESP_START
010 0 0094279064 RESP_END
011 0 0095992636 STIM_START
011 0 0097091308 STIM_END_RESP_START
011 0 0097601108 LICK
011 0 0097601552 TIMEOUT_START
011 0 0097742240 LICK
011 0 0097742680 TIMEOUT_START
011 0 0097950316 LICK
011 0 0097950760 TIMEOUT_START
011 0 0098194440 LICK
011 0 0098194880 TIMEOUT_START
011 0 0098291344 RESP_END
011 0 0105195336 TIMEOUT_END
012 1 0107061440 STIM_START
012 1 0107464668 LICK
012 1 0107658396 LICK
012 1 0108122528 LICK
012 1 0108160116 STIM_END_RESP_START
012 1 0108288972 LICK
012 1 0108289460 REWARD_START
012 1 0108468164 LICK
012 1 0108719044 LICK
012 1 0108991392 LICK
012 1 0109148256 LICK
012 1 0109360168 RESP_END
012 1 0108319956 REWARD_END
013 1 0111105644 STIM_START
013 1 0111541044 LICK
013 1 0111665796 LICK
013 1 0111871728 LICK
013 1 0112047392 LICK
013 1 0112204312 STIM_END_RESP_START
013 1 0112406608 LICK
013 1 0112407092 REWARD_START
013 1 0112584608 LICK
013 1 0112883540 LICK
013 1 0113035596 LICK
013 1 0113404360 RESP_END
013 1 0112437604 REWARD_END
014 1 0115251740 STIM_START
014 1 0115591124 LICK
014 1 0116350384 STIM_END_RESP_START
014 1 0116661544 LICK
014 1 0116662028 REWARD_START
014 1 0116827920 LICK
014 1 0117102344 LICK
014 1 0117249840 LICK
014 1 0117550416 RESP_END
014 1 0116692540 REWARD_END
015 0 0119192060 STIM_START
015 0 0120290708 STIM_END_RESP_START
015 0 0121490752 RESP_END
016 1 0123341088 STIM_START
016 1 0124439736 STIM_END_RESP_START
016 1 0124585752 LICK
016 1 0124586244 REWARD_START
016 1 0124748820 LICK
016 1 0125018084 LICK
016 1 0125161192 LICK
016 1 0125639760 RESP_END
016 1 0124616736 REWARD_END
017 0 0127646016 STIM_START
017 0 0128744664 STIM_END_RESP_START
017 0 0129944708 RESP_END
018 1 0131599340 STIM_START
018 1 0132121836 LICK
018 1 0132299416 LICK
018 1 0132485040 LICK
018 1 0132628056 LICK
018 1 0132697992 STIM_END_RESP_START
018 1 0132792172 LICK
018 1 0132792660 REWARD_START
018 1 0132963764 LICK
018 1 0133116688 LICK
018 1 0133259960 LICK
018 1 0133413408 LICK
018 1 0133898004 RESP_END
018 1 0132823156 REWARD_END
019 0 0135927280 STIM_START
019 0 0137025928 STIM_END_RESP_START
019 0 0138225972 RESP_END
020 0 0142360504 STIM_START
020 0 0143459152 STIM_END_RESP_START
020 0 0144659196 RESP_END
021 0 0146509632 STIM_START
021 0 0147608284 STIM_END_RESP_START
021 0 0148808324 RESP_END
022 1 0150599744 STIM_START
022 1 0151625324 LICK
022 1 0151698412 STIM_END_RESP_START
022 1 0151801412 LICK
022 1 0151801904 REWARD_START
022 1 0151990024 LICK
022 1 0152256264 LICK
022 1 0152396628 LICK
022 1 0152898444 RESP_END
022 1 0151832412 REWARD_END
023 1 0154918640 STIM_START
023 1 0156017288 STIM_END_RESP_START
023 1 0156140900 LICK
023 1 0156141384 REWARD_START
023 1 0156302396 LICK
023 1 0156453148 LICK
023 1 0156591464 LICK
023 1 0156741496 LICK
023 1 0157217336 RESP_END
023 1 0156171896 REWARD_END
024 1 0159162604 STIM_START
024 1 0159849956 LICK
024 1 0160017828 LICK
024 1 0160261252 STIM_END_RESP_START
024 1 0160369124 LICK
024 1 0160369608 REWARD_START
024 1 0160545168 LICK
024 1 0160824872 LICK
024 1 0160968456 LICK
024 1 0161461288 RESP_END
024 1 0160400120 REWARD_END
025 0 0163122880 STIM_START
025 0 0164221528 STIM_END_RESP_START
025 0 0164424448 LICK
025 0 0164424936 TIMEOUT_START
025 0 0164601324 LICK
025 0 0164601808 TIMEOUT_START
025 0 0164761288 LICK
025 0 0164761780 TIMEOUT_START
025 0 0164942224 LICK
025 0 0164942708 TIMEOUT_START
025 0 0165117944 LICK
025 0 0165118436 TIMEOUT_START
025 0 0165421568 RESP_END
025 0 0172118932 TIMEOUT_END
026 0 0174796012 STIM_START
026 0 0175205976 LICK
026 0 0175894676 STIM_END_RESP_START
026 0 0176219120 LICK
026 0 0176219608 TIMEOUT_START
026 0 0176423284 LICK
026 0 0176423768 TIMEOUT_START
026 0 0176780740 LICK
026 0 0176781224 TIMEOUT_START
026 0 0177094692 RESP_END
026 0 0183781732 TIMEOUT_END
027 1 0185563208 STIM_START
027 1 0185959632 LICK
027 1 0186163740 LICK
027 1 0186335880 LICK
027 1 0186518816 LICK
027 1 0186661880 STIM_END_RESP_START
027 1 0186731852 LICK
027 1 0186732336 REWARD_START
027 1 0186903460 LICK
027 1 0187164884 LICK
027 1 0187295536 LICK
027 1 0187436168 LICK
027 1 0187861896 RESP_END
027 1 0186762848 REWARD_END
028 0 0190342520 STIM_START
028 0 0190589432 LICK
028 0 0190881120 LICK
028 0 0191441168 STIM_END_RESP_START
028 0 0191476072 LICK
028 0 0191476556 TIMEOUT_START
028 0 0191618804 LICK
028 0 0191619292 TIMEOUT_START
028 0 0191794468 LICK
028 0 0191794956 TIMEOUT_START
028 0 0191994056 LICK
028 0 0191994544 TIMEOUT_START
028 0 0192641204 RESP_END
028 0 0198995056 TIMEOUT_END
029 1 0200857004 STIM_START
029 1 0201937692 LICK
029 1 0201955676 STIM_END_RESP_START
029 1 0202327136 LICK
029 1 0202327624 REWARD_START
029 1 0202495148 LICK
029 1 0202644196 LICK
029 1 0202777352 LICK
029 1 0202914192 LICK
029 1 0203155724 RESP_END
029 1 0202358136 REWARD_END
030 1 0204915216 STIM_START
030 1 0205681340 LICK
030 1 0205828216 LICK
030 1 0206013868 STIM_END_RESP_START
030 1 0206388164 LICK
030 1 0206388652 REWARD_START
030 1 0206576504 LICK
030 1 0206837324 LICK
030 1 0206984704 LICK
030 1 0207213912 RESP_END
030 1 0206419148 REWARD_END
031 0 0209143192 STIM_START
031 0 0209528568 LICK
031 0 0209656164 LICK
031 0 0209856756 LICK
031 0 0210241848 STIM_END_RESP_START
031 0 0210304900 LICK
031 0 0210305388 TIMEOUT_START
031 0 0210511960 LICK
031 0 0210512444 TIMEOUT_START
031 0 0210699992 LICK
031 0 0210700480 TIMEOUT_START
031 0 0211441864 RESP_END
031 0 0217700984 TIMEOUT_END
032 0 0219726608 STIM_START
032 0 0220825256 STIM_END_RESP_START
032 0 0222025300 RESP_END
033 1 0223775784 STIM_START
033 1 0224710580 LICK
033 1 0224874440 STIM_END_RESP_START
033 1 0224916928 LICK
033 1 0224917412 REWARD_START
033 1 0225143484 LICK
033 1 0225399824 LICK
033 1 0225554032 LICK
033 1 0226074472 RESP_END
033 1 0224947928 REWARD_END
034 1 0227853932 STIM_START
034 1 0228372876 LICK
034 1 0228504588 LICK
034 1 0228685812 LICK
034 1 0228881492 LICK
034 1 0228952604 STIM_END_RESP_START
034 1 0229057032 LICK
034 1 0229057516 REWARD_START
034 1 0229236076 LICK
034 1 0229507396 LICK
034 1 0229656636 LICK
034 1 0229809132 LICK
034 1 0230152648 RESP_END
034 1 0229088032 REWARD_END
035 1 0232188740 STIM_START
035 1 0232560924 LICK
035 1 0232753188 LICK
035 1 0232926344 LICK
035 1 0233119196 LICK
035 1 0233287416 STIM_END_RESP_START
035 1 0233287904 LICK
035 1 0233288388 REWARD_START
035 1 0233478876 LICK
035 1 0233631532 LICK
035 1 0233780816 LICK
035 1 0234487428 RESP_END
035 1 0233318908 REWARD_END
036 0 0236224964 STIM_START
036 0 0236567504 LICK
036 0 0236715616 LICK
036 0 0237323632 STIM_END_RESP_START
036 0 0238523676 RESP_END
037 1 0240507836 STIM_START
037 1 0240980344 LICK
037 1 0241402460 LICK
037 1 0241596640 LICK
037 1 0241606516 STIM_END_RESP_START
037 1 0241795952 LICK
037 1 0241796444 REWARD_START
037 1 0241988052 LICK
037 1 0242250128 LICK
037 1 0242391788 LICK
037 1 0242806556 RESP_END
037 1 0241826940 REWARD_END
038 0 0244678952 STIM_START
038 0 0245777604 STIM_END_RESP_START
038 0 0246977644 RESP_END
039 1 0248748112 STIM_START
039 1 0249075804 LICK
039 1 0249291156 LICK
039 1 0249460916 LICK
039 1 0249652624 LICK
039 1 0249846772 STIM_END_RESP_START
039 1 0249850920 LICK
039 1 0249851416 REWARD_START
039 1 0250017432 LICK
039 1 0250281096 LICK
039 1 0250421828 LICK
039 1 0251046796 RESP_END
039 1 0249881916 REWARD_END
040 1 0252712396 STIM_START
040 1 0253176208 LICK
040 1 0253359612 LICK
040 1 0253562328 LICK
040 1 0253766032 LICK
040 1 0253811040 STIM_END_RESP_START
040 1 0254113748 LICK
040 1 0254114240 REWARD_START
040 1 0254288724 LICK
040 1 0254437356 LICK
040 1 0254575332 LICK
040 1 0254721612 LICK
040 1 0255011084 RESP_END
040 1 0254144736 REWARD_END
041 1 0256978304 STIM_START
041 1 0258076952 STIM_END_RESP_START
041 1 0258463596 LICK
041 1 0258464088 REWARD_START
041 1 0258634696 LICK
041 1 0258775740 LICK
041 1 0258915880 LICK
041 1 0259276992 RESP_END
041 1 0258494584 REWARD_END
042 0 0261247268 STIM_START
042 0 0262203116 LICK
042 0 0262345924 STIM_END_RESP_START
042 0 0262379772 LICK
042 0 0262380256 TIMEOUT_START
042 0 0262562740 LICK
042 0 0262563228 TIMEOUT_START
042 0 0262758984 LICK
042 0 0262759472 TIMEOUT_START
042 0 0263545968 RESP_END
042 0 0269759964 TIMEOUT_END
043 0 0271356212 STIM_START
043 0 0272454864 STIM_END_RESP_START
043 0 0272588948 LICK
043 0 0272589428 TIMEOUT_START
043 0 0272772060 LICK
043 0 0272772548 TIMEOUT_START
043 0 0273654892 RESP_END
043 0 0279773052 TIMEOUT_END
044 0 0281619012 STIM_START
044 0 0282717660 STIM_END_RESP_START
044 0 0283917704 RESP_END
045 1 0285992792 STIM_START
045 1 0286833812 LICK
045 1 0287010024 LICK
045 1 0287091424 STIM_END_RESP_START
045 1 0287188904 LICK
045 1 0287189396 REWARD_START
045 1 0287359224 LICK
045 1 0287619884 LICK
045 1 0288291456 RESP_END
045 1 0287219896 REWARD_END
046 1 0289958116 STIM_START
046 1 0290635656 LICK
046 1 0290759220 LICK
046 1 0290909980 LICK
046 1 0291056780 STIM_END_RESP_START
046 1 0291266016 LICK
046 1 0291266500 REWARD_START
046 1 0291458712 LICK
046 1 0291604540 LICK
046 1 0291735648 LICK
046 1 0292256808 RESP_END
046 1 0291297012 REWARD_END
047 0 0293895404 STIM_START
047 0 0294681392 LICK
047 0 0294812012 LICK
047 0 0294965236 LICK
047 0 0294994040 STIM_END_RESP_START
047 0 0295465584 LICK
047 0 0295466076 TIMEOUT_START
047 0 0296194072 RESP_END
047 0 0302466572 TIMEOUT_END
048 0 0304074280 STIM_START
048 0 0305172928 STIM_END_RESP_START
048 0 0306372972 RESP_END
049 0 0308084512 STIM_START
049 0 0309183164 STIM_END_RESP_START
049 0 0310383208 RESP_END
050 1 0312378428 STIM_START
050 1 0313477080 STIM_END_RESP_START
050 1 0313552864 LICK
050 1 0313553356 REWARD_START
050 1 0313726156 LICK
050 1 0313867656 LICK
050 1 0313996792 LICK
050 1 0314677096 RESP_END
050 1 0313583856 REWARD_END
051 1 0316495552 STIM_START
051 1 0316756860 LICK
051 1 0316920180 LICK
051 1 0317119028 LICK
051 1 0317305836 LICK
051 1 0317485236 LICK
051 1 0317594200 STIM_END_RESP_START
051 1 0317654556 LICK
051 1 0317655048 REWARD_START
051 1 0317836876 LICK
051 1 0317988616 LICK
051 1 0318126516 LICK
051 1 0318286524 LICK
051 1 0318794220 RESP_END
051 1 0317685556 REWARD_END
052 1 0320615628 STIM_START
052 1 0320981108 LICK
052 1 0321714300 STIM_END_RESP_START
052 1 0321780280 LICK
052 1 0321780772 REWARD_START
052 1 0321943876 LICK
052 1 0322090356 LICK
052 1 0322228584 LICK
052 1 0322914344 RESP_END
052 1 0321811280 REWARD_END
053 0 0324857556 STIM_START
053 0 0325956204 STIM_END_RESP_START
053 0 0327156252 RESP_END
054 1 0331863236 STIM_START
054 1 0332780412 LICK
054 1 0332961916 STIM_END_RESP_START
054 1 0332978772 LICK
054 1 0332979264 REWARD_START
054 1 0333180604 LICK
054 1 0333326584 LICK
054 1 0333466044 LICK
054 1 0333612284 LICK
054 1 0334161956 RESP_END
054 1 0333009768 REWARD_END
055 0 0335913408 STIM_START
055 0 0336892808 LICK
055 0 0337012064 STIM_END_RESP_START
055 0 0337102188 LICK
055 0 0337102668 TIMEOUT_START
055 0 0337256112 LICK
055 0 0337256600 TIMEOUT_START
055 0 0337460980 LICK
055 0 0337461472 TIMEOUT_START
055 0 0338212112 RESP_END
055 0 0344461976 TIMEOUT_END
056 0 0346141248 STIM_START
056 0 0347239896 STIM_END_RESP_START
056 0 0348439936 RESP_END
057 0 0350147452 STIM_START
057 0 0351246100 STIM_END_RESP_START
057 0 0352446144 RESP_END
058 1 0354404424 STIM_START
058 1 0354926332 LICK
058 1 0355099860 LICK
058 1 0355273288 LICK
058 1 0355452336 LICK
058 1 0355503068 STIM_END_RESP_START
058 1 0355968628 LICK
058 1 0355969116 REWARD_START
058 1 0356166444 LICK
058 1 0356445088 LICK
058 1 0356594908 LICK
058 1 0356703116 RESP_END
058 1 0355999624 REWARD_END
059 0 0358718276 STIM_START
059 0 0359816928 STIM_END_RESP_START
059 0 0360234328 LICK
059 0 0360234812 TIMEOUT_START
059 0 0361016944 RESP_END
059 0 0367235328 TIMEOUT_END
060 1 0369168796 STIM_START
060 1 0369648848 LICK
060 1 0369817872 LICK
060 1 0369996672 LICK
060 1 0370194148 LICK
060 1 0370267452 STIM_END_RESP_START
060 1 0370572716 LICK
060 1 0370573204 REWARD_START
060 1 0370760380 LICK
060 1 0371039820 LICK
060 1 0371317400 LICK
060 1 0371467488 RESP_END
060 1 0370603716 REWARD_END
061 1 0373357856 STIM_START
061 1 0373762396 LICK
061 1 0373922496 LICK
061 1 0374107460 LICK
061 1 0374302744 LICK
061 1 0374456512 STIM_END_RESP_START
061 1 0374466188 LICK
061 1 0374466680 REWARD_START
061 1 0374644564 LICK
061 1 0374794908 LICK
061 1 0374936372 LICK
061 1 0375656560 RESP_END
061 1 0374497192 REWARD_END
062 0 0377431012 STIM_START
062 0 0378529660 STIM_END_RESP_START
062 0 0378530628 LICK
062 0 0378531124 TIMEOUT_START
062 0 0378654448 LICK
062 0 0378654936 TIMEOUT_START
062 0 0378816040 LICK
062 0 0378816528 TIMEOUT_START
062 0 0378992692 LICK
062 0 0378993176 TIMEOUT_START
062 0 0379729672 RESP_END
062 0 0385993672 TIMEOUT_END
063 0 0388011388 STIM_START
063 0 0389110040 STIM_END_RESP_START
063 0 0390310084 RESP_END
064 1 0392387244 STIM_START
064 1 0392989052 LICK
064 1 0393165500 LICK
064 1 0393363576 LICK
064 1 0393485912 STIM_END_RESP_START
064 1 0393546676 LICK
064 1 0393547168 REWARD_START
064 1 0393698820 LICK
064 1 0393958912 LICK
064 1 0394101932 LICK
064 1 0394685932 RESP_END
064 1 0393577664 REWARD_END
065 0 0396504296 STIM_START
065 0 0397602948 STIM_END_RESP_START
065 0 0398802988 RESP_END
066 0 0400541484 STIM_START
066 0 0401640136 STIM_END_RESP_START
066 0 0402840180 RESP_END
067 1 0404740460 STIM_START
067 1 0405288500 LICK
067 1 0405452340 LICK
067 1 0405620508 LICK
067 1 0405808548 LICK
067 1 0405839104 STIM_END_RESP_START
067 1 0406004160 LICK
067 1 0406004644 REWARD_START
067 1 0406178524 LICK
067 1 0406442836 LICK
067 1 0406579976 LICK
067 1 0407039132 RESP_END
067 1 0406035160 REWARD_END
068 0 0408734728 STIM_START
068 0 0409005120 LICK
068 0 0409833372 STIM_END_RESP_START
068 0 0411033412 RESP_END
069 0 0413016632 STIM_START
069 0 0414115284 STIM_END_RESP_START
069 0 0415315324 RESP_END
070 1 0417131716 STIM_START
070 1 0417503664 LICK
070 1 0417679664 LICK
070 1 0417871416 LICK
070 1 0418020884 LICK
070 1 0418212600 LICK
070 1 0418230388 STIM_END_RESP_START
070 1 0418391232 LICK
070 1 0418391716 REWARD_START
070 1 0418538212 LICK
070 1 0418820116 LICK
070 1 0418968100 LICK
070 1 0419430440 RESP_END
070 1 0418422232 REWARD_END
071 0 0421386680 STIM_START
071 0 0422485328 STIM_END_RESP_START
071 0 0423685368 RESP_END
072 1 0425441800 STIM_START
072 1 0425838256 LICK
072 1 0425992188 LICK
072 1 0426176612 LICK
072 1 0426356756 LICK
072 1 0426526548 LICK
072 1 0426540444 STIM_END_RESP_START
072 1 0426876476 LICK
072 1 0426876968 REWARD_START
072 1 0427046892 LICK
072 1 0427195792 LICK
072 1 0427329060 LICK
072 1 0427483836 LICK
072 1 0427740464 RESP_END
072 1 0426907476 REWARD_END
073 0 0429447056 STIM_START
073 0 0430545708 STIM_END_RESP_START
073 0 0431745748 RESP_END
074 1 0433499264 STIM_START
074 1 0433799552 LICK
074 1 0434005500 LICK
074 1 0434196956 LICK
074 1 0434376328 LICK
074 1 0434555356 LICK
074 1 0434597920 STIM_END_RESP_START
074 1 0434716344 LICK
074 1 0434716836 REWARD_START
074 1 0434924860 LICK
074 1 0435076796 LICK
074 1 0435212648 LICK
074 1 0435356996 LICK
074 1 0435797940 RESP_END
074 1 0434747344 REWARD_END
075 0 0437832100 STIM_START
075 0 0438304796 LICK
075 0 0438930772 STIM_END_RESP_START
075 0 0439332624 LICK
075 0 0439333116 TIMEOUT_START
075 0 0439703384 LICK
075 0 0439703876 TIMEOUT_START
075 0 0440130816 RESP_END
075 0 0446704376 TIMEOUT_END
076 0 0448564312 STIM_START
076 0 0449662952 STIM_END_RESP_START
076 0 0450863000 RESP_END
