001 0 0003601056 STIM_START
001 0 0004699708 STIM_END_RESP_START
001 0 0005899752 RESP_END
002 1 0007775032 STIM_START
002 1 0008873684 STIM_END_RESP_START
002 1 0010073728 RESP_END
003 0 0011847180 STIM_START
003 0 0012945812 STIM_END_RESP_START
003 0 0014145836 RESP_END
004 0 0015762452 STIM_START
004 0 0016861116 STIM_END_RESP_START
004 0 0018061140 RESP_END
005 1 0020096228 STIM_START
005 1 0021194856 STIM_END_RESP_START
005 1 0022394876 RESP_END
006 0 0024144372 STIM_START
006 0 0025243008 STIM_END_RESP_START
006 0 0026443028 RESP_END
007 1 0028177528 STIM_START
007 1 0029276200 STIM_END_RESP_START
007 1 0030476216 RESP_END
008 0 0032352568 STIM_START
008 0 0033451200 STIM_END_RESP_START
008 0 0034651224 RESP_END
009 0 0036722320 STIM_START
009 0 0037820952 STIM_END_RESP_START
009 0 0039020980 RESP_END
010 0 0040610660 STIM_START
010 0 0041709292 STIM_END_RESP_START
010 0 0042909316 RESP_END
011 1 0044817576 STIM_START
011 1 0045916208 STIM_END_RESP_START
011 1 0047116228 RESP_END
012 0 0048808788 STIM_START
012 0 0049907456 STIM_END_RESP_START
012 0 0051107480 RESP_END
013 0 0052855940 STIM_START
013 0 0053954572 STIM_END_RESP_START
013 0 0055154592 RESP_END
014 0 0057226736 STIM_START
014 0 0058325368 STIM_END_RESP_START
014 0 0059525396 RESP_END
015 1 0061601472 STIM_START
015 1 0062700104 STIM_END_RESP_START
015 1 0063900128 RESP_END
016 1 0065851352 STIM_START
016 1 0066949984 STIM_END_RESP_START
016 1 0068150008 RESP_END
017 1 0070039328 STIM_START
017 1 0071137960 STIM_END_RESP_START
017 1 0072337988 RESP_END
018 0 0074073484 STIM_START
018 0 0075172120 STIM_END_RESP_START
018 0 0076372144 RESP_END
019 0 0078164568 STIM_START
019 0 0079263200 STIM_END_RESP_START
019 0 0080463224 RESP_END
020 0 0082274616 STIM_START
020 0 0083373248 STIM_END_RESP_START
020 0 0084573272 RESP_END
USER_EXIT