001 0 0003687076 STIM_START
001 0 0004281652 LICK
001 0 0004482668 LICK
001 0 0004672728 LICK
001 0 0004787236 STIM_END_RESP_START
001 0 0004900368 LICK
001 0 0004900756 TIMEOUT_START
001 0 0005085144 LICK
001 0 0005085536 TIMEOUT_START
001 0 0005439176 LICK
001 0 0005439572 TIMEOUT_START
001 0 0005618564 LICK
001 0 0005618956 TIMEOUT_START
001 0 0005987272 RESP_END
001 0 0012619360 TIMEOUT_END
002 0 0014448176 STIM_START
002 0 0015548340 STIM_END_RESP_START
002 0 0016748364 RESP_END
003 0 0018636980 STIM_START
003 0 0019737148 STIM_END_RESP_START
003 0 0020937172 RESP_END
004 1 0022964796 STIM_START
004 1 0023947220 LICK
004 1 0024064964 STIM_END_RESP_START
004 1 0024184016 LICK
004 1 0024184452 REWARD_START
004 1 0024369624 LICK
004 1 0024571768 LICK
004 1 0024747560 LICK
004 1 0024903280 LICK
004 1 0025265000 RESP_END
004 1 0024209916 REWARD_END
005 0 0027241612 STIM_START
005 0 0028341776 STIM_END_RESP_START
005 0 0029541800 RESP_END
006 0 0033597820 STIM_START
006 0 0034697988 STIM_END_RESP_START
006 0 0035317700 LICK
006 0 0035318144 TIMEOUT_START
006 0 0035898016 RESP_END
006 0 0042318600 TIMEOUT_END
007 1 0044044816 STIM_START
007 1 0044747856 LICK
007 1 0044910356 LICK
007 1 0045144984 STIM_END_RESP_START
007 1 0045296880 LICK
007 1 0045297316 REWARD_START
007 1 0045486888 LICK
007 1 0045641140 LICK
007 1 0045794596 LICK
007 1 0046345024 RESP_END
007 1 0045322780 REWARD_END
008 0 0048194572 STIM_START
008 0 0049294740 STIM_END_RESP_START
008 0 0050494764 RESP_END
009 1 0052368416 STIM_START
009 1 0052818768 LICK
009 1 0053022932 LICK
009 1 0053153984 LICK
009 1 0053286516 LICK
009 1 0053468572 STIM_END_RESP_START
009 1 0053754560 LICK
009 1 0053755004 REWARD_START
009 1 0054668592 RESP_END
009 1 0053780460 REWARD_END
010 0 0057609392 STIM_START
010 0 0058127936 LICK
010 0 0058298092 LICK
010 0 0058709580 STIM_END_RESP_START
010 0 0059909604 RESP_END
011 1 0062311280 STIM_START
011 1 0062817404 LICK
011 1 0062995912 LICK
011 1 0063205856 LICK
011 1 0063374904 LICK
011 1 0063411464 STIM_END_RESP_START
011 1 0063574324 LICK
011 1 0063574764 REWARD_START
011 1 0063758124 LICK
011 1 0064057896 LICK
011 1 0064205012 LICK
011 1 0064611484 RESP_END
011 1 0063600228 REWARD_END
012 0 0066262036 STIM_START
012 0 0067362204 STIM_END_RESP_START
012 0 0068562228 RESP_END
013 1 0070341852 STIM_START
013 1 0070818796 LICK
013 1 0071002912 LICK
013 1 0071155060 LICK
013 1 0071325916 LICK
013 1 0071442020 STIM_END_RESP_START
013 1 0071503184 LICK
013 1 0071503620 REWARD_START
013 1 0071684420 LICK
013 1 0071838740 LICK
013 1 0071973452 LICK
013 1 0072141728 LICK
013 1 0072642068 RESP_END
013 1 0071529088 REWARD_END
014 1 0074346564 STIM_START
014 1 0074854876 LICK
014 1 0075017392 LICK
014 1 0075172164 LICK
014 1 0075345896 LICK
014 1 0075446736 STIM_END_RESP_START
014 1 0075555608 LICK
014 1 0075556052 REWARD_START
014 1 0075716788 LICK
014 1 0075882096 LICK
014 1 0076050412 LICK
014 1 0076212012 LICK
014 1 0076646780 RESP_END
014 1 0075581504 REWARD_END
015 0 0078650392 STIM_START
015 0 0079750560 STIM_END_RESP_START
015 0 0080950588 RESP_END
016 1 0082822176 STIM_START
016 1 0083420424 LICK
016 1 0083556608 LICK
016 1 0083701864 LICK
016 1 0083874496 LICK
016 1 0083922356 STIM_END_RESP_START
016 1 0084040428 LICK
016 1 0084040868 REWARD_START
016 1 0084209416 LICK
016 1 0084336204 LICK
016 1 0084484000 LICK
016 1 0084638088 LICK
016 1 0085122392 RESP_END
016 1 0084066332 REWARD_END
017 1 0086737904 STIM_START
017 1 0087070432 LICK
017 1 0087209100 LICK
017 1 0087357112 LICK
017 1 0087506660 LICK
017 1 0087838064 STIM_END_RESP_START
017 1 0088391712 LICK
017 1 0088392148 REWARD_START
017 1 0088604304 LICK
017 1 0088739404 LICK
017 1 0088887968 LICK
017 1 0089038076 RESP_END
017 1 0088417596 REWARD_END
018 0 0090726692 STIM_START
018 0 0091826864 STIM_END_RESP_START
018 0 0093026892 RESP_END
019 0 0094879460 STIM_START
019 0 0095485368 LICK
019 0 0095619772 LICK
019 0 0095761896 LICK
019 0 0095979624 STIM_END_RESP_START
019 0 0097179648 RESP_END
020 1 0099225288 STIM_START
020 1 0099906392 LICK
020 1 0100066660 LICK
020 1 0100252852 LICK
020 1 0100325460 STIM_END_RESP_START
020 1 0100452708 LICK
020 1 0100453192 REWARD_START
020 1 0100625656 LICK
020 1 0100757600 LICK
020 1 0101073560 LICK
020 1 0101221008 LICK
020 1 0101382884 LICK
020 1 0101525500 RESP_END
020 1 0100478704 REWARD_END
021 1 0103117056 STIM_START
021 1 0103592368 LICK
021 1 0103771460 LICK
021 1 0103987352 LICK
021 1 0104156680 LICK
021 1 0104217212 STIM_END_RESP_START
021 1 0104362892 LICK
021 1 0104363384 REWARD_START
021 1 0104580532 LICK
021 1 0104708800 LICK
021 1 0104854856 LICK
021 1 0105002264 LICK
021 1 0105417236 RESP_END
021 1 0104388892 REWARD_END
022 1 0107042804 STIM_START
022 1 0107526084 LICK
022 1 0107697104 LICK
022 1 0107883840 LICK
022 1 0108055368 LICK
022 1 0108142964 STIM_END_RESP_START
022 1 0108232936 LICK
022 1 0108233420 REWARD_START
022 1 0108425088 LICK
022 1 0108578988 LICK
022 1 0108761712 LICK
022 1 0108945580 LICK
022 1 0109342988 RESP_END
022 1 0108258928 REWARD_END
023 0 0110968592 STIM_START
023 0 0112068744 STIM_END_RESP_START
023 0 0113268764 RESP_END
024 1 0115241372 STIM_START
024 1 0115828096 LICK
024 1 0115977504 LICK
024 1 0116144924 LICK
024 1 0116326948 LICK
024 1 0116341544 STIM_END_RESP_START
024 1 0116523044 LICK
024 1 0116523532 REWARD_START
024 1 0116724832 LICK
024 1 0116879572 LICK
024 1 0117019516 LICK
024 1 0117163484 LICK
024 1 0117541584 RESP_END
024 1 0116549024 REWARD_END
025 0 0119546180 STIM_START
025 0 0120646368 STIM_END_RESP_START
025 0 0121846412 RESP_END
026 0 0123619960 STIM_START
026 0 0124206144 LICK
026 0 0124376844 LICK
026 0 0124537596 LICK
026 0 0124720136 STIM_END_RESP_START
026 0 0125920172 RESP_END
027 1 0128886000 STIM_START
027 1 0129289504 LICK
027 1 0129424952 LICK
027 1 0129608080 LICK
027 1 0129788740 LICK
027 1 0129986172 STIM_END_RESP_START
027 1 0130005144 LICK
027 1 0130005628 REWARD_START
027 1 0130188268 LICK
027 1 0130529564 LICK
027 1 0130737168 LICK
027 1 0130879820 LICK
027 1 0131186196 RESP_END
027 1 0130031140 REWARD_END
028 1 0132852740 STIM_START
028 1 0133335668 LICK
028 1 0133511676 LICK
028 1 0133643072 LICK
028 1 0133780368 LICK
028 1 0133952916 STIM_END_RESP_START
028 1 0135152956 RESP_END
029 0 0137110512 STIM_START
029 0 0138210704 STIM_END_RESP_START
029 0 0139410748 RESP_END
030 0 0141083288 STIM_START
030 0 0142183476 STIM_END_RESP_START
030 0 0143383516 RESP_END
031 1 0145118052 STIM_START
031 1 0145535756 LICK
031 1 0145755960 LICK
031 1 0145935944 LICK
031 1 0146102960 LICK
031 1 0146218220 STIM_END_RESP_START
031 1 0146285216 LICK
031 1 0146285708 REWARD_START
031 1 0146658928 LICK
031 1 0146790548 LICK
031 1 0147081840 LICK
031 1 0147239536 LICK
031 1 0147418260 RESP_END
031 1 0146311200 REWARD_END
032 0 0149138820 STIM_START
032 0 0150239004 STIM_END_RESP_START
032 0 0151439052 RESP_END
033 1 0153417652 STIM_START
033 1 0153898012 LICK
033 1 0154069508 LICK
033 1 0154235204 LICK
033 1 0154391852 LICK
033 1 0154517828 STIM_END_RESP_START
033 1 0154562004 LICK
033 1 0154562488 REWARD_START
033 1 0154740412 LICK
033 1 0154900504 LICK
033 1 0155045008 LICK
033 1 0155206452 LICK
033 1 0155386784 LICK
033 1 0155717860 RESP_END
033 1 0154588000 REWARD_END
034 0 0158136524 STIM_START
034 0 0159236708 STIM_END_RESP_START
034 0 0160436752 RESP_END
035 0 0162994456 STIM_START
035 0 0164094644 STIM_END_RESP_START
035 0 0165294684 RESP_END
036 1 0167267296 STIM_START
036 1 0167753736 LICK
036 1 0167924944 LICK
036 1 0168137588 LICK
036 1 0168355680 LICK
036 1 0168367480 STIM_END_RESP_START
036 1 0168531912 LICK
036 1 0168532404 REWARD_START
036 1 0168725632 LICK
036 1 0168944808 LICK
036 1 0169112140 LICK
036 1 0169431364 LICK
036 1 0169567500 RESP_END
036 1 0168557896 REWARD_END
037 1 0171268068 STIM_START
037 1 0171576092 LICK
037 1 0172368236 STIM_END_RESP_START
037 1 0173568280 RESP_END
038 0 0175544876 STIM_START
038 0 0176645060 STIM_END_RESP_START
038 0 0177845104 RESP_END
039 0 0179820680 STIM_START
039 0 0180920864 STIM_END_RESP_START
039 0 0182120908 RESP_END
040 0 0183842448 STIM_START
040 0 0184942640 STIM_END_RESP_START
040 0 0186142676 RESP_END
041 1 0187801192 STIM_START
041 1 0188901364 STIM_END_RESP_START
041 1 0188914864 LICK
041 1 0188915348 REWARD_START
041 1 0189167864 LICK
041 1 0189339628 LICK
041 1 0190101388 RESP_END
041 1 0188940860 REWARD_END
042 0 0192153024 STIM_START
042 0 0193253208 STIM_END_RESP_START
042 0 0194453252 RESP_END
043 0 0196373828 STIM_START
043 0 0197474016 STIM_END_RESP_START
043 0 0198674060 RESP_END
044 0 0202176948 STIM_START
044 0 0202754432 LICK
044 0 0203277132 STIM_END_RESP_START
044 0 0204477176 RESP_END
045 1 0206508760 STIM_START
045 1 0206869236 LICK
045 1 0207272676 LICK
045 1 0207457852 LICK
045 1 0207608940 STIM_END_RESP_START
045 1 0207673760 LICK
045 1 0207674244 REWARD_START
045 1 0207853396 LICK
045 1 0208050988 LICK
045 1 0208401236 LICK
045 1 0208571108 LICK
045 1 0208808956 RESP_END
045 1 0207699756 REWARD_END
046 1 0210690560 STIM_START
046 1 0211111572 LICK
046 1 0211263464 LICK
046 1 0211790748 STIM_END_RESP_START
046 1 0212990788 RESP_END
047 0 0214573268 STIM_START
047 0 0215673456 STIM_END_RESP_START
047 0 0216873500 RESP_END
048 0 0218867108 STIM_START
048 0 0219967296 STIM_END_RESP_START
048 0 0221167340 RESP_END
049 1 0223207968 STIM_START
049 1 0224033092 LICK
049 1 0224217864 LICK
049 1 0224308128 STIM_END_RESP_START
049 1 0224565224 LICK
049 1 0224565716 REWARD_START
049 1 0224753876 LICK
049 1 0224965496 LICK
049 1 0225316836 LICK
049 1 0225508160 RESP_END
049 1 0224591208 REWARD_END
050 1 0227119648 STIM_START
050 1 0228219836 STIM_END_RESP_START
050 1 0229419880 RESP_END
051 0 0231892620 STIM_START
051 0 0232992812 STIM_END_RESP_START
051 0 0234192848 RESP_END
052 1 0236069392 STIM_START
052 1 0237169576 STIM_END_RESP_START
052 1 0237222764 LICK
052 1 0237223256 REWARD_START
052 1 0237419192 LICK
052 1 0237841768 LICK
052 1 0238369596 RESP_END
052 1 0237248748 REWARD_END
053 1 0241508424 STIM_START
053 1 0241890912 LICK
053 1 0242608608 STIM_END_RESP_START
053 1 0242772196 LICK
053 1 0242772680 REWARD_START
053 1 0242962644 LICK
053 1 0243160160 LICK
053 1 0243381572 LICK
053 1 0243794808 LICK
053 1 0243808624 RESP_END
053 1 0242798192 REWARD_END
054 1 0245864248 STIM_START
054 1 0246964444 STIM_END_RESP_START
054 1 0247293096 LICK
054 1 0247293580 REWARD_START
054 1 0247661508 LICK
054 1 0248164464 RESP_END
054 1 0247319092 REWARD_END
055 0 0250099040 STIM_START
055 0 0251199228 STIM_END_RESP_START
055 0 0252399272 RESP_END
056 0 0254481888 STIM_START
056 0 0255582072 STIM_END_RESP_START
056 0 0256782120 RESP_END
057 1 0258542664 STIM_START
057 1 0259257380 LICK
057 1 0259454732 LICK
057 1 0259642844 STIM_END_RESP_START
057 1 0259977500 LICK
057 1 0259977988 REWARD_START
057 1 0260171112 LICK
057 1 0260842876 RESP_END
057 1 0260003496 REWARD_END
058 1 0262555448 STIM_START
058 1 0263655640 STIM_END_RESP_START
058 1 0264855680 RESP_END
059 0 0266454148 STIM_START
059 0 0267554332 STIM_END_RESP_START
059 0 0268754376 RESP_END
060 1 0270765976 STIM_START
060 1 0271860872 LICK
060 1 0271866152 STIM_END_RESP_START
060 1 0272039708 LICK
060 1 0272040196 REWARD_START
060 1 0272212820 LICK
060 1 0272550512 LICK
060 1 0272750344 LICK
060 1 0273066176 RESP_END
060 1 0272065688 REWARD_END
061 1 0274808788 STIM_START
061 1 0275908940 STIM_END_RESP_START
061 1 0276200876 LICK
061 1 0276201364 REWARD_START
061 1 0277108964 RESP_END
061 1 0276226872 REWARD_END
062 0 0278936560 STIM_START
062 0 0280036712 STIM_END_RESP_START
062 0 0281236756 RESP_END
063 1 0283217372 STIM_START
063 1 0283643580 LICK
063 1 0283844132 LICK
063 1 0284317560 STIM_END_RESP_START
063 1 0285517604 RESP_END
064 0 0290023688 STIM_START
064 0 0291123872 STIM_END_RESP_START
064 0 0292323916 RESP_END
065 0 0293938436 STIM_START
065 0 0295038620 STIM_END_RESP_START
065 0 0295709148 LICK
065 0 0295709632 TIMEOUT_START
065 0 0295866908 LICK
065 0 0295867388 TIMEOUT_START
065 0 0296238632 RESP_END
065 0 0302867896 TIMEOUT_END
066 0 0304896508 STIM_START
066 0 0305479300 LICK
066 0 0305646312 LICK
066 0 0305996664 STIM_END_RESP_START
066 0 0307196708 RESP_END
067 1 0308898264 STIM_START
067 1 0309054976 LICK
067 1 0309998420 STIM_END_RESP_START
067 1 0310050776 LICK
067 1 0310051268 REWARD_START
067 1 0310251692 LICK
067 1 0310620748 LICK
067 1 0311198452 RESP_END
067 1 0310076764 REWARD_END
068 0 0313207044 STIM_START
068 0 0314307232 STIM_END_RESP_START
068 0 0314817992 LICK
068 0 0314818476 TIMEOUT_START
068 0 0315507280 RESP_END
068 0 0321818976 TIMEOUT_END
069 0 0323447056 STIM_START
069 0 0324547240 STIM_END_RESP_START
069 0 0325747284 RESP_END
070 0 0327437796 STIM_START
070 0 0328537984 STIM_END_RESP_START
070 0 0329478608 LICK
070 0 0329479092 TIMEOUT_START
070 0 0329678264 LICK
070 0 0329678744 TIMEOUT_START
070 0 0329738028 RESP_END
070 0 0336679260 TIMEOUT_END
071 1 0338599908 STIM_START
071 1 0339643852 LICK
071 1 0339700084 STIM_END_RESP_START
071 1 0339826544 LICK
071 1 0339827036 REWARD_START
071 1 0340242792 LICK
071 1 0340622840 LICK
071 1 0340900108 RESP_END
071 1 0339852532 REWARD_END
072 0 0343341828 STIM_START
072 0 0344442020 STIM_END_RESP_START
072 0 0345642064 RESP_END
073 0 0347334564 STIM_START
073 0 0348397828 LICK
073 0 0348434732 STIM_END_RESP_START
073 0 0349634748 RESP_END
074 1 0351536372 STIM_START
074 1 0352068756 LICK
074 1 0352552236 LICK
074 1 0352636568 STIM_END_RESP_START
074 1 0352745504 LICK
074 1 0352745988 REWARD_START
074 1 0353083528 LICK
074 1 0353281196 LICK
074 1 0353836600 RESP_END
074 1 0352771484 REWARD_END
075 1 0357280480 STIM_START
075 1 0358139048 LICK
075 1 0358289088 LICK
075 1 0358380656 STIM_END_RESP_START
075 1 0359580700 RESP_END
076 1 0361480264 STIM_START
076 1 0362580448 STIM_END_RESP_START
076 1 0362660284 LICK
076 1 0362660768 REWARD_START
076 1 0362911836 LICK
076 1 0363320184 LICK
076 1 0363780476 RESP_END
076 1 0362686280 REWARD_END
077 0 0365422012 STIM_START
077 0 0366522196 STIM_END_RESP_START
077 0 0367722244 RESP_END
078 1 0369892868 STIM_START
078 1 0370513724 LICK
078 1 0370993040 STIM_END_RESP_START
078 1 0371222176 LICK
078 1 0371222664 REWARD_START
078 1 0371403492 LICK
078 1 0372193084 RESP_END
078 1 0371248156 REWARD_END
079 1 0374371712 STIM_START
079 1 0375471900 STIM_END_RESP_START
079 1 0376356968 LICK
079 1 0376357452 REWARD_START
079 1 0376561304 LICK
079 1 0376671916 RESP_END
079 1 0376382964 REWARD_END
080 1 0378899568 STIM_START
080 1 0379999752 STIM_END_RESP_START
080 1 0380949348 LICK
080 1 0380949840 REWARD_START
080 1 0381199780 RESP_END
080 1 0380975332 REWARD_END
081 0 0383636420 STIM_START
081 0 0384736576 STIM_END_RESP_START
081 0 0385936620 RESP_END
082 1 0387809264 STIM_START
082 1 0388259300 LICK
082 1 0388429768 LICK
082 1 0388623624 LICK
082 1 0388789108 LICK
082 1 0388909428 STIM_END_RESP_START
082 1 0388979392 LICK
082 1 0388979884 REWARD_START
082 1 0389169324 LICK
082 1 0389358532 LICK
082 1 0390109452 RESP_END
082 1 0389005380 REWARD_END
083 1 0391882028 STIM_START
083 1 0392982216 STIM_END_RESP_START
083 1 0394161300 LICK
083 1 0394161784 REWARD_START
083 1 0394187328 RESP_END
083 1 0394187296 REWARD_END
084 0 0396610940 STIM_START
084 0 0397711092 STIM_END_RESP_START
084 0 0398911140 RESP_END
085 1 0400929776 STIM_START
085 1 0401568416 LICK
085 1 0402029936 STIM_END_RESP_START
085 1 0403110320 LICK
085 1 0403110808 REWARD_START
085 1 0403229956 RESP_END
085 1 0403136320 REWARD_END
086 0 0404999544 STIM_START
086 0 0405788572 LICK
086 0 0406099700 STIM_END_RESP_START
086 0 0407299744 RESP_END
087 0 0409202332 STIM_START
087 0 0410302524 STIM_END_RESP_START
087 0 0411502560 RESP_END
088 0 0414035260 STIM_START
088 0 0415135448 STIM_END_RESP_START
088 0 0416335492 RESP_END
089 1 0418414036 STIM_START
089 1 0419306508 LICK
089 1 0419508212 LICK
089 1 0419514220 STIM_END_RESP_START
089 1 0419676856 LICK
089 1 0419677344 REWARD_START
089 1 0420714268 RESP_END
089 1 0419702836 REWARD_END
090 0 0422620884 STIM_START
090 0 0423721072 STIM_END_RESP_START
090 0 0424438488 LICK
090 0 0424438976 TIMEOUT_START
090 0 0424625100 LICK
090 0 0424625588 TIMEOUT_START
090 0 0424921116 RESP_END
090 0 0431626092 TIMEOUT_END
091 1 0433237912 STIM_START
091 1 0433729472 LICK
091 1 0434107356 LICK
091 1 0434312984 LICK
091 1 0434338088 STIM_END_RESP_START
091 1 0434522428 LICK
091 1 0434522916 REWARD_START
091 1 0434751468 LICK
091 1 0434926876 LICK
091 1 0435154468 LICK
091 1 0435538108 RESP_END
091 1 0434548428 REWARD_END
092 1 0437300652 STIM_START
092 1 0438400836 STIM_END_RESP_START
092 1 0439080856 LICK
092 1 0439081352 REWARD_START
092 1 0439503132 LICK
092 1 0439600884 RESP_END
092 1 0439106848 REWARD_END
093 1 0441970568 STIM_START
093 1 0442360676 LICK
093 1 0442511680 LICK
093 1 0442668216 LICK
093 1 0442841544 LICK
093 1 0443070728 STIM_END_RESP_START
093 1 0444270772 RESP_END
094 0 0447628628 STIM_START
094 0 0448728816 STIM_END_RESP_START
094 0 0449928860 RESP_END
095 1 0451651424 STIM_START
095 1 0452182880 LICK
095 1 0452371092 LICK
095 1 0452567020 LICK
095 1 0452751612 STIM_END_RESP_START
095 1 0453212848 LICK
095 1 0453213340 REWARD_START
095 1 0453382424 LICK
095 1 0453552256 LICK
095 1 0453729828 LICK
095 1 0453914488 LICK
095 1 0453951648 RESP_END
095 1 0453238832 REWARD_END
096 1 0455891216 STIM_START
096 1 0456991404 STIM_END_RESP_START
096 1 0457466940 LICK
096 1 0457467428 REWARD_START
096 1 0458191416 RESP_END
096 1 0457492924 REWARD_END
097 0 0460861160 STIM_START
097 0 0461961352 STIM_END_RESP_START
097 0 0463161400 RESP_END
098 0 0464952940 STIM_START
098 0 0466053132 STIM_END_RESP_START
098 0 0466927720 LICK
098 0 0466928208 TIMEOUT_START
098 0 0467127780 LICK
098 0 0467128264 TIMEOUT_START
098 0 0467253168 RESP_END
098 0 0474128780 TIMEOUT_END
099 1 0476174044 STIM_START
099 1 0477274236 STIM_END_RESP_START
099 1 0477505468 LICK
099 1 0477505960 REWARD_START
099 1 0478474280 RESP_END
099 1 0477531456 REWARD_END
100 0 0480183844 STIM_START
100 0 0480886780 LICK
100 0 0481029596 LICK
100 0 0481284000 STIM_END_RESP_START
100 0 0482484044 RESP_END
101 0 0484125580 STIM_START
101 0 0485225772 STIM_END_RESP_START
101 0 0485381292 LICK
101 0 0485381776 TIMEOUT_START
101 0 0485532680 LICK
101 0 0485533164 TIMEOUT_START
101 0 0485686040 LICK
101 0 0485686532 TIMEOUT_START
101 0 0485824412 LICK
101 0 0485824904 TIMEOUT_START
101 0 0486295848 LICK
101 0 0486296336 TIMEOUT_START
101 0 0486425792 RESP_END
101 0 0493296840 TIMEOUT_END
102 1 0495274712 STIM_START
102 1 0495711660 LICK
102 1 0495884620 LICK
102 1 0496074932 LICK
102 1 0496374888 STIM_END_RESP_START
102 1 0497574932 RESP_END
103 0 0500467680 STIM_START
103 0 0501465256 LICK
103 0 0501567852 STIM_END_RESP_START
103 0 0502767900 RESP_END
104 1 0504399496 STIM_START
104 1 0504486476 LICK
104 1 0505499680 STIM_END_RESP_START
104 1 0505705692 LICK
104 1 0505706176 REWARD_START
104 1 0505882604 LICK
104 1 0506699700 RESP_END
104 1 0505731688 REWARD_END
105 0 0508485192 STIM_START
105 0 0509585380 STIM_END_RESP_START
105 0 0510631380 LICK
105 0 0510631864 TIMEOUT_START
105 0 0510785416 RESP_END
105 0 0517632384 TIMEOUT_END
106 1 0520150416 STIM_START
106 1 0520708664 LICK
106 1 0520888732 LICK
106 1 0521076376 LICK
106 1 0521250600 STIM_END_RESP_START
106 1 0521896160 LICK
106 1 0521896644 REWARD_START
106 1 0522088660 LICK
106 1 0522450640 RESP_END
106 1 0521922156 REWARD_END
107 1 0524376260 STIM_START
107 1 0525476448 STIM_END_RESP_START
107 1 0525812600 LICK
107 1 0525813092 REWARD_START
107 1 0526004320 LICK
107 1 0526676460 RESP_END
107 1 0525838588 REWARD_END
108 1 0528740048 STIM_START
108 1 0529261116 LICK
108 1 0529840224 STIM_END_RESP_START
108 1 0530356028 LICK
108 1 0530356520 REWARD_START
108 1 0530560400 LICK
108 1 0530755032 LICK
108 1 0531040252 RESP_END
108 1 0530382012 REWARD_END
109 0 0533071888 STIM_START
109 0 0534172076 STIM_END_RESP_START
109 0 0534784340 LICK
109 0 0534784820 TIMEOUT_START
109 0 0534955452 LICK
109 0 0534955936 TIMEOUT_START
109 0 0535372116 RESP_END
109 0 0541956436 TIMEOUT_END
110 0 0543791936 STIM_START
110 0 0544758068 LICK
110 0 0544892128 STIM_END_RESP_START
110 0 0546092172 RESP_END
111 1 0549646064 STIM_START
111 1 0550746220 STIM_END_RESP_START
111 1 0550955900 LICK
111 1 0550956392 REWARD_START
111 1 0551173972 LICK
111 1 0551946276 RESP_END
111 1 0550981888 REWARD_END
112 0 0556856440 STIM_START
112 0 0557761912 LICK
112 0 0557956628 STIM_END_RESP_START
112 0 0559156672 RESP_END
113 1 0560906188 STIM_START
113 1 0561341172 LICK
113 1 0561689976 LICK
113 1 0561871460 LICK
113 1 0562006348 STIM_END_RESP_START
113 1 0562971444 LICK
113 1 0562971936 REWARD_START
113 1 0563174876 LICK
113 1 0563206368 RESP_END
113 1 0562997432 REWARD_END
114 1 0565226032 STIM_START
114 1 0565743024 LICK
114 1 0565905428 LICK
114 1 0566051148 LICK
114 1 0566229884 LICK
114 1 0566326208 STIM_END_RESP_START
114 1 0567526248 RESP_END
115 0 0569147764 STIM_START
115 0 0570247928 STIM_END_RESP_START
115 0 0570266196 LICK
115 0 0570266688 TIMEOUT_START
115 0 0570443716 LICK
115 0 0570444208 TIMEOUT_START
115 0 0571447952 RESP_END
115 0 0577444716 TIMEOUT_END
116 1 0584051592 STIM_START
116 1 0584536184 LICK
116 1 0585151780 STIM_END_RESP_START
116 1 0586351808 RESP_END
117 0 0588492424 STIM_START
117 0 0589592616 STIM_END_RESP_START
117 0 0590792656 RESP_END
118 1 0592647164 STIM_START
118 1 0593365424 LICK
118 1 0593711936 LICK
118 1 0593747348 STIM_END_RESP_START
118 1 0593921224 LICK
118 1 0593921708 REWARD_START
118 1 0594947376 RESP_END
118 1 0593947216 REWARD_END
119 0 0596623992 STIM_START
119 0 0597724184 STIM_END_RESP_START
119 0 0598924220 RESP_END
120 1 0600539728 STIM_START
120 1 0601096668 LICK
120 1 0601304868 LICK
120 1 0601543096 LICK
120 1 0601639892 STIM_END_RESP_START
120 1 0601715980 LICK
120 1 0601716464 REWARD_START
120 1 0602839936 RESP_END
120 1 0601741976 REWARD_END
121 1 0604746540 STIM_START
121 1 0605705976 LICK
121 1 0605846708 STIM_END_RESP_START
121 1 0607046752 RESP_END
122 0 0608792276 STIM_START
122 0 0609892472 STIM_END_RESP_START
122 0 0610033688 LICK
122 0 0610034176 TIMEOUT_START
122 0 0611092516 RESP_END
122 0 0617034680 TIMEOUT_END
123 0 0618642164 STIM_START
123 0 0619506696 LICK
123 0 0619742320 STIM_END_RESP_START
123 0 0620942364 RESP_END
124 1 0623744132 STIM_START
124 1 0624457924 LICK
124 1 0624661564 LICK
124 1 0624844320 STIM_END_RESP_START
124 1 0626044364 RESP_END
125 0 0628884104 STIM_START
125 0 0629984300 STIM_END_RESP_START
125 0 0630896500 LICK
125 0 0630896992 TIMEOUT_START
125 0 0631184320 RESP_END
125 0 0637897488 TIMEOUT_END
126 1 0639718156 STIM_START
126 1 0640718116 LICK
126 1 0640818324 STIM_END_RESP_START
126 1 0640920908 LICK
126 1 0640921396 REWARD_START
126 1 0642018376 RESP_END
126 1 0640946908 REWARD_END
127 0 0645067200 STIM_START
127 0 0646167388 STIM_END_RESP_START
127 0 0646469988 LICK
127 0 0646470472 TIMEOUT_START
127 0 0647367436 RESP_END
127 0 0653470980 TIMEOUT_END
128 1 0655231112 STIM_START
128 1 0656331264 STIM_END_RESP_START
128 1 0656547704 LICK
128 1 0656548196 REWARD_START
128 1 0656730888 LICK
128 1 0657531300 RESP_END
128 1 0656573688 REWARD_END
129 1 0659400920 STIM_START
129 1 0660501104 STIM_END_RESP_START
129 1 0660533080 LICK
129 1 0660533568 REWARD_START
129 1 0661701140 RESP_END
129 1 0660559064 REWARD_END
130 1 0664469900 STIM_START
130 1 0665570088 STIM_END_RESP_START
130 1 0666674444 LICK
130 1 0666674932 REWARD_START
130 1 0666770128 RESP_END
130 1 0666700444 REWARD_END
131 0 0668861696 STIM_START
131 0 0669961884 STIM_END_RESP_START
131 0 0671161928 RESP_END
132 1 0672893520 STIM_START
132 1 0673970288 LICK
132 1 0673993696 STIM_END_RESP_START
132 1 0674853476 LICK
132 1 0674853968 REWARD_START
132 1 0675193740 RESP_END
132 1 0674879476 REWARD_END
133 1 0676875256 STIM_START
133 1 0677619996 LICK
133 1 0677975432 STIM_END_RESP_START
133 1 0678929156 LICK
133 1 0678929648 REWARD_START
133 1 0679104188 LICK
133 1 0679175480 RESP_END
133 1 0678955140 REWARD_END
134 1 0681260052 STIM_START
134 1 0681952136 LICK
134 1 0682360232 STIM_END_RESP_START
134 1 0683560276 RESP_END
135 0 0685381832 STIM_START
135 0 0686432696 LICK
135 0 0686482016 STIM_END_RESP_START
135 0 0687682048 RESP_END
136 1 0689627652 STIM_START
136 1 0690727836 STIM_END_RESP_START
136 1 0690882908 LICK
136 1 0690883396 REWARD_START
136 1 0691927872 RESP_END
136 1 0690908908 REWARD_END
137 1 0693678424 STIM_START
137 1 0694778612 STIM_END_RESP_START
137 1 0695766984 LICK
137 1 0695767476 REWARD_START
137 1 0695978628 RESP_END
137 1 0695792972 REWARD_END
138 1 0698007264 STIM_START
138 1 0699107456 STIM_END_RESP_START
138 1 0699604656 LICK
138 1 0699605148 REWARD_START
138 1 0699770664 LICK
138 1 0700307496 RESP_END
138 1 0699630640 REWARD_END
139 0 0702018008 STIM_START
139 0 0703118192 STIM_END_RESP_START
139 0 0703746864 LICK
139 0 0703747356 TIMEOUT_START
139 0 0704318204 RESP_END
139 0 0710747860 TIMEOUT_END
140 1 0712424032 STIM_START
140 1 0713392120 LICK
140 1 0713524216 STIM_END_RESP_START
140 1 0714724260 RESP_END
141 0 0717025840 STIM_START
141 0 0718126024 STIM_END_RESP_START
141 0 0718251516 LICK
141 0 0718252000 TIMEOUT_START
141 0 0719326052 RESP_END
141 0 0725252504 TIMEOUT_END
142 0 0727149812 STIM_START
142 0 0728250000 STIM_END_RESP_START
142 0 0728692136 LICK
142 0 0728692620 TIMEOUT_START
142 0 0728877872 LICK
142 0 0728878364 TIMEOUT_START
142 0 0729450028 RESP_END
142 0 0735878876 TIMEOUT_END
143 0 0737547824 STIM_START
143 0 0738317612 LICK
143 0 0738647980 STIM_END_RESP_START
143 0 0739848024 RESP_END
144 1 0741828616 STIM_START
144 1 0742928768 STIM_END_RESP_START
144 1 0743219428 LICK
144 1 0743219912 REWARD_START
144 1 0743420188 LICK
144 1 0744128780 RESP_END
144 1 0743245424 REWARD_END
145 1 0745913372 STIM_START
145 1 0747013560 STIM_END_RESP_START
145 1 0747218516 LICK
145 1 0747219008 REWARD_START
145 1 0748213592 RESP_END
145 1 0747244516 REWARD_END
146 0 0750251220 STIM_START
146 0 0751351408 STIM_END_RESP_START
146 0 0752551456 RESP_END
147 1 0754448008 STIM_START
147 1 0755548204 STIM_END_RESP_START
147 1 0756412432 LICK
147 1 0756412920 REWARD_START
147 1 0756555604 LICK
147 1 0756748248 RESP_END
147 1 0756438416 REWARD_END
148 0 0758628824 STIM_START
148 0 0759729012 STIM_END_RESP_START
148 0 0760929056 RESP_END
149 1 0762954624 STIM_START
149 1 0763924332 LICK
149 1 0764054784 STIM_END_RESP_START
149 1 0765254832 RESP_END
150 1 0767265440 STIM_START
150 1 0768365592 STIM_END_RESP_START
150 1 0768415360 LICK
150 1 0768415848 REWARD_START
150 1 0769565616 RESP_END
150 1 0768441360 REWARD_END
151 1 0771439256 STIM_START
151 1 0772539452 STIM_END_RESP_START
151 1 0773739492 RESP_END
152 0 0775530028 STIM_START
152 0 0776630216 STIM_END_RESP_START
152 0 0777830260 RESP_END
153 0 0779528756 STIM_START
153 0 0780628944 STIM_END_RESP_START
153 0 0781828988 RESP_END
154 0 0783610548 STIM_START
154 0 0784710740 STIM_END_RESP_START
154 0 0785008196 LICK
154 0 0785008688 TIMEOUT_START
154 0 0785910768 RESP_END
154 0 0792009188 TIMEOUT_END
155 1 0794031536 STIM_START
155 1 0795080552 LICK
155 1 0795131704 STIM_END_RESP_START
155 1 0796086864 LICK
155 1 0796087356 REWARD_START
155 1 0796331720 RESP_END
155 1 0796112864 REWARD_END
156 1 0798031288 STIM_START
156 1 0799131476 STIM_END_RESP_START
156 1 0800331520 RESP_END
157 1 0801911020 STIM_START
157 1 0803011208 STIM_END_RESP_START
157 1 0803459872 LICK
157 1 0803460364 REWARD_START
157 1 0804211252 RESP_END
157 1 0803485860 REWARD_END
158 0 0806001796 STIM_START
158 0 0807101980 STIM_END_RESP_START
158 0 0808302028 RESP_END
159 1 0810059548 STIM_START
159 1 0811159740 STIM_END_RESP_START
159 1 0811431744 LICK
159 1 0811432236 REWARD_START
159 1 0811610928 LICK
159 1 0812359760 RESP_END
159 1 0811457732 REWARD_END
160 1 0814226340 STIM_START
160 1 0815326496 STIM_END_RESP_START
160 1 0816526540 RESP_END
161 0 0818300168 STIM_START
161 0 0819400356 STIM_END_RESP_START
161 0 0820118632 LICK
161 0 0820119116 TIMEOUT_START
161 0 0820600396 RESP_END
161 0 0827119624 TIMEOUT_END
162 1 0829112164 STIM_START
162 1 0829734100 LICK
162 1 0830212348 STIM_END_RESP_START
162 1 0831412392 RESP_END
163 0 0833444000 STIM_START
163 0 0834544184 STIM_END_RESP_START
163 0 0835744232 RESP_END
164 1 0837634788 STIM_START
164 1 0838734944 STIM_END_RESP_START
164 1 0839934988 RESP_END
165 0 0841579544 STIM_START
165 0 0842679728 STIM_END_RESP_START
165 0 0843137704 LICK
165 0 0843138192 TIMEOUT_START
165 0 0843879776 RESP_END
165 0 0850138700 TIMEOUT_END
166 0 0852027528 STIM_START
166 0 0853127716 STIM_END_RESP_START
166 0 0854327756 RESP_END
167 0 0856122384 STIM_START
167 0 0857222568 STIM_END_RESP_START
167 0 0858422612 RESP_END
168 1 0860463152 STIM_START
168 1 0861067224 LICK
168 1 0861563324 STIM_END_RESP_START
168 1 0861688212 LICK
168 1 0861688696 REWARD_START
168 1 0861905444 LICK
168 1 0862763352 RESP_END
168 1 0861714208 REWARD_END
169 0 0864484900 STIM_START
169 0 0865585084 STIM_END_RESP_START
169 0 0866785128 RESP_END
170 1 0868363660 STIM_START
170 1 0869463844 STIM_END_RESP_START
170 1 0870663888 RESP_END
171 0 0872677452 STIM_START
171 0 0873777636 STIM_END_RESP_START
171 0 0874977680 RESP_END
172 0 0876751224 STIM_START
172 0 0877851412 STIM_END_RESP_START
172 0 0879051456 RESP_END
173 1 0880651996 STIM_START
173 1 0881205584 LICK
173 1 0881752164 STIM_END_RESP_START
173 1 0882952208 RESP_END
174 0 0884614724 STIM_START
174 0 0885714912 STIM_END_RESP_START
174 0 0885830044 LICK
174 0 0885830528 TIMEOUT_START
174 0 0885992740 LICK
174 0 0885993228 TIMEOUT_START
174 0 0886914940 RESP_END
174 0 0892993736 TIMEOUT_END
175 0 0894875672 STIM_START
175 0 0895975860 STIM_END_RESP_START
175 0 0897175908 RESP_END
176 0 0899208484 STIM_START
176 0 0900308668 STIM_END_RESP_START
176 0 0900928632 LICK
176 0 0900929120 TIMEOUT_START
176 0 0901508696 RESP_END
176 0 0907929640 TIMEOUT_END
177 1 0909631508 STIM_START
177 1 0910731660 STIM_END_RESP_START
177 1 0911931704 RESP_END
178 1 0913571240 STIM_START
178 1 0914671428 STIM_END_RESP_START
178 1 0915100536 LICK
178 1 0915101028 REWARD_START
178 1 0915871440 RESP_END
178 1 0915126528 REWARD_END
179 1 0917559980 STIM_START
179 1 0918660136 STIM_END_RESP_START
179 1 0919860176 RESP_END
180 0 0921900816 STIM_START
180 0 0923001008 STIM_END_RESP_START
180 0 0924201052 RESP_END
181 0 0926153596 STIM_START
181 0 0927253788 STIM_END_RESP_START
181 0 0928453832 RESP_END
182 0 0930334400 STIM_START
182 0 0931434592 STIM_END_RESP_START
182 0 0932634640 RESP_END
183 1 0934426168 STIM_START
183 1 0935526352 STIM_END_RESP_START
183 1 0936726400 RESP_END
184 1 0938590980 STIM_START
184 1 0939691136 STIM_END_RESP_START
184 1 0940891184 RESP_END
185 0 0942924796 STIM_START
185 0 0944024992 STIM_END_RESP_START
185 0 0945225032 RESP_END
186 0 0946878520 STIM_START
186 0 0947978708 STIM_END_RESP_START
186 0 0949178752 RESP_END
187 0 0950773272 STIM_START
187 0 0951873456 STIM_END_RESP_START
187 0 0953073504 RESP_END
188 1 0955052096 STIM_START
188 1 0956152284 STIM_END_RESP_START
188 1 0957352332 RESP_END
189 0 0959390952 STIM_START
189 0 0960491140 STIM_END_RESP_START
189 0 0961691184 RESP_END
190 0 0963532704 STIM_START
190 0 0964632860 STIM_END_RESP_START
190 0 0965832908 RESP_END
191 0 0967650468 STIM_START
191 0 0968750656 STIM_END_RESP_START
191 0 0969950700 RESP_END
192 1 0971554248 STIM_START
192 1 0972654436 STIM_END_RESP_START
192 1 0973854480 RESP_END
193 0 0975446024 STIM_START
193 0 0976546172 STIM_END_RESP_START
193 0 0977746216 RESP_END
194 1 0979484724 STIM_START
194 1 0980584912 STIM_END_RESP_START
194 1 0981784956 RESP_END
195 0 0983863584 STIM_START
195 0 0984963772 STIM_END_RESP_START
195 0 0986163816 RESP_END
196 0 0988078400 STIM_START
196 0 0989178584 STIM_END_RESP_START
196 0 0990378632 RESP_END
197 1 0992276200 STIM_START
197 1 0993376392 STIM_END_RESP_START
197 1 0994576436 RESP_END
198 1 0996567988 STIM_START
198 1 0997668144 STIM_END_RESP_START
198 1 0998868188 RESP_END
199 1 1000759784 STIM_START
199 1 1001859948 STIM_END_RESP_START
199 1 1003059972 RESP_END
200 0 1005100612 STIM_START
200 0 1006200776 STIM_END_RESP_START
USER_EXIT