001 1 0015185972 STIM_START
001 1 0015598884 LICK
001 1 0015778616 LICK
001 1 0016284660 STIM_END_RESP_START
001 1 0016982532 LICK
001 1 0016982968 REWARD_START
001 1 0017146436 LICK
001 1 0017318744 LICK
001 1 0017471704 LICK
001 1 0017484696 RESP_END
001 1 0017083440 REWARD_END
002 0 0020222072 STIM_START
002 0 0020947164 LICK
002 0 0021320752 STIM_END_RESP_START
002 0 0022032624 LICK
002 0 0022033060 TIMEOUT_START
002 0 0022218264 LICK
002 0 0022218700 TIMEOUT_START
002 0 0022417104 LICK
002 0 0022417544 TIMEOUT_START
002 0 0022520768 RESP_END
002 0 0029417992 TIMEOUT_END
003 1 0031358952 STIM_START
003 1 0031869536 LICK
003 1 0032457632 STIM_END_RESP_START
003 1 0032793924 LICK
003 1 0032794360 REWARD_START
003 1 0033007552 LICK
003 1 0033169688 LICK
003 1 0033657664 RESP_END
003 1 0032894812 REWARD_END
004 0 0035593056 STIM_START
004 0 0036102756 LICK
004 0 0036260524 LICK
004 0 0036691720 STIM_END_RESP_START
004 0 0037891744 RESP_END
005 0 0039714176 STIM_START
005 0 0040812844 STIM_END_RESP_START
005 0 0042012868 RESP_END
006 0 0043825336 STIM_START
006 0 0044010968 LICK
006 0 0044721352 LICK
006 0 0044923992 STIM_END_RESP_START
006 0 0045966444 LICK
006 0 0045966880 TIMEOUT_START
006 0 0046122716 LICK
006 0 0046123160 TIMEOUT_START
006 0 0046124024 RESP_END
006 0 0053123620 TIMEOUT_END
007 1 0054794452 STIM_START
007 1 0055141716 LICK
007 1 0055301532 LICK
007 1 0055893128 STIM_END_RESP_START
007 1 0056382696 LICK
007 1 0056383132 REWARD_START
007 1 0056559416 LICK
007 1 0056989032 LICK
007 1 0057093164 RESP_END
007 1 0056483604 REWARD_END
008 0 0058730880 STIM_START
008 0 0059829552 STIM_END_RESP_START
008 0 0061029580 RESP_END
009 1 0063023796 STIM_START
009 1 0063227212 LICK
009 1 0063849312 LICK
009 1 0064017584 LICK
009 1 0064122476 STIM_END_RESP_START
009 1 0064418864 LICK
009 1 0064419300 REWARD_START
009 1 0064569404 LICK
009 1 0064715492 LICK
009 1 0064907996 LICK
009 1 0065071536 LICK
009 1 0065262832 LICK
009 1 0065322488 RESP_END
009 1 0064519752 REWARD_END
010 1 0067639360 STIM_START
010 1 0068509952 LICK
010 1 0068738024 STIM_END_RESP_START
010 1 0069295800 LICK
010 1 0069296244 REWARD_START
010 1 0069487404 LICK
010 1 0069664896 LICK
010 1 0069938060 RESP_END
010 1 0069396692 REWARD_END
011 1 0071700596 STIM_START
011 1 0072799264 STIM_END_RESP_START
011 1 0073999284 RESP_END
012 0 0075795780 STIM_START
012 0 0076894452 STIM_END_RESP_START
012 0 0078094476 RESP_END
013 0 0079850020 STIM_START
013 0 0080948692 STIM_END_RESP_START
013 0 0082148720 RESP_END
014 0 0083737504 STIM_START
014 0 0084836176 STIM_END_RESP_START
014 0 0086036200 RESP_END
015 1 0088014420 STIM_START
015 1 0089113092 STIM_END_RESP_START
015 1 0090313116 RESP_END
016 1 0092202568 STIM_START
016 1 0092351408 LICK
016 1 0093301252 STIM_END_RESP_START
016 1 0094501280 RESP_END
017 0 0096303752 STIM_START
017 0 0097402420 STIM_END_RESP_START
017 0 0098602448 RESP_END
018 0 0100293024 STIM_START
018 0 0101391712 STIM_END_RESP_START
018 0 0102591752 RESP_END
019 1 0104596992 STIM_START
019 1 0105626152 LICK
019 1 0105695684 STIM_END_RESP_START
019 1 0105730212 LICK
019 1 0105730696 REWARD_START
019 1 0105996840 LICK
019 1 0106157196 LICK
019 1 0106448156 LICK
019 1 0106754524 LICK
019 1 0106895700 RESP_END
019 1 0105831208 REWARD_END
020 1 0109864828 STIM_START
020 1 0110127448 LICK
020 1 0110535020 LICK
020 1 0110963516 STIM_END_RESP_START
020 1 0112163560 RESP_END
021 0 0114083864 STIM_START
021 0 0115182540 STIM_END_RESP_START
021 0 0116382584 RESP_END
022 0 0118016280 STIM_START
022 0 0119114964 STIM_END_RESP_START
022 0 0120315008 RESP_END
023 1 0122171376 STIM_START
023 1 0123270064 STIM_END_RESP_START
023 1 0124470108 RESP_END
024 1 0126526260 STIM_START
024 1 0127441660 LICK
024 1 0127624936 STIM_END_RESP_START
024 1 0128824980 RESP_END
025 0 0130933064 STIM_START
025 0 0132031752 STIM_END_RESP_START
025 0 0133231796 RESP_END
026 0 0135257960 STIM_START
026 0 0135575344 LICK
026 0 0135740940 LICK
026 0 0135890216 LICK
026 0 0136356636 STIM_END_RESP_START
026 0 0136368472 LICK
026 0 0136368956 TIMEOUT_START
026 0 0136538788 LICK
026 0 0136539276 TIMEOUT_START
026 0 0136722496 LICK
026 0 0136722980 TIMEOUT_START
026 0 0136882316 LICK
026 0 0136882800 TIMEOUT_START
026 0 0137037964 LICK
026 0 0137038448 TIMEOUT_START
026 0 0137235536 LICK
026 0 0137236020 TIMEOUT_START
026 0 0137401960 LICK
026 0 0137402448 TIMEOUT_START
026 0 0137556660 RESP_END
026 0 0144402948 TIMEOUT_END
027 0 0146181176 STIM_START
027 0 0147279856 STIM_END_RESP_START
027 0 0148479900 RESP_END
028 1 0150311288 STIM_START
028 1 0151107052 LICK
028 1 0151409948 STIM_END_RESP_START
028 1 0151474128 LICK
028 1 0151474620 REWARD_START
028 1 0151649232 LICK
028 1 0152609980 RESP_END
028 1 0151575132 REWARD_END
029 0 0155721964 STIM_START
029 0 0156820652 STIM_END_RESP_START
029 0 0158020696 RESP_END
030 1 0160092828 STIM_START
030 1 0160527504 LICK
030 1 0160712344 LICK
030 1 0160894396 LICK
030 1 0161191496 STIM_END_RESP_START
030 1 0162391540 RESP_END
031 1 0164232956 STIM_START
031 1 0165331640 STIM_END_RESP_START
031 1 0166531684 RESP_END
032 1 0170267876 STIM_START
032 1 0171366560 STIM_END_RESP_START
032 1 0172566604 RESP_END
033 0 0174443960 STIM_START
033 0 0175542644 STIM_END_RESP_START
033 0 0176742688 RESP_END
034 0 0178454260 STIM_START
034 0 0178762904 LICK
034 0 0179518600 LICK
034 0 0179552924 STIM_END_RESP_START
034 0 0179672108 LICK
034 0 0179672592 TIMEOUT_START
034 0 0180752948 RESP_END
034 0 0186673100 TIMEOUT_END
035 1 0188448544 STIM_START
035 1 0188711544 LICK
035 1 0188860176 LICK
035 1 0189399704 LICK
035 1 0189547196 STIM_END_RESP_START
035 1 0189566576 LICK
035 1 0189567068 REWARD_START
035 1 0189731904 LICK
035 1 0189890688 LICK
035 1 0190058400 LICK
035 1 0190202256 LICK
035 1 0190401708 LICK
035 1 0190747232 RESP_END
035 1 0189667580 REWARD_END
036 0 0192849312 STIM_START
036 0 0193947996 STIM_END_RESP_START
036 0 0195148040 RESP_END
037 0 0197225204 STIM_START
037 0 0197581836 LICK
037 0 0198323864 STIM_END_RESP_START
037 0 0199523908 RESP_END
038 0 0201276524 STIM_START
038 0 0202375212 STIM_END_RESP_START
038 0 0203575248 RESP_END
039 1 0205594348 STIM_START
039 1 0205824716 LICK
039 1 0205969372 LICK
039 1 0206452120 LICK
039 1 0206586992 LICK
039 1 0206693016 STIM_END_RESP_START
039 1 0206738548 LICK
039 1 0206739032 REWARD_START
039 1 0206889412 LICK
039 1 0207025512 LICK
039 1 0207186660 LICK
039 1 0207332028 LICK
039 1 0207490296 LICK
039 1 0207730440 LICK
039 1 0207893044 RESP_END
039 1 0206839536 REWARD_END
040 0 0209635608 STIM_START
040 0 0210734296 STIM_END_RESP_START
040 0 0211934340 RESP_END
041 1 0213843640 STIM_START
041 1 0214169060 LICK
041 1 0214281660 LICK
041 1 0214751900 LICK
041 1 0214902420 LICK
041 1 0214942300 STIM_END_RESP_START
041 1 0215032088 LICK
041 1 0215032572 REWARD_START
041 1 0215304256 LICK
041 1 0215429604 LICK
041 1 0215582552 LICK
041 1 0216142316 RESP_END
041 1 0215133076 REWARD_END
042 1 0218141640 STIM_START
042 1 0218508320 LICK
042 1 0219240320 STIM_END_RESP_START
042 1 0219287460 LICK
042 1 0219287948 REWARD_START
042 1 0219493128 LICK
042 1 0219672592 LICK
042 1 0220440348 RESP_END
042 1 0219388452 REWARD_END
043 1 0222449576 STIM_START
043 1 0222645076 LICK
043 1 0223548244 STIM_END_RESP_START
043 1 0224748288 RESP_END
044 0 0226433936 STIM_START
044 0 0227532620 STIM_END_RESP_START
044 0 0228732668 RESP_END
045 1 0230443148 STIM_START
045 1 0230727928 LICK
045 1 0231518476 LICK
045 1 0231541824 STIM_END_RESP_START
045 1 0232741844 RESP_END
046 1 0234504396 STIM_START
046 1 0234727908 LICK
046 1 0234884360 LICK
046 1 0235531904 LICK
046 1 0235603060 STIM_END_RESP_START
046 1 0235694832 LICK
046 1 0235695320 REWARD_START
046 1 0235842984 LICK
046 1 0236026368 LICK
046 1 0236803112 RESP_END
046 1 0235795836 REWARD_END
047 1 0238866244 STIM_START
047 1 0239964932 STIM_END_RESP_START
047 1 0241164976 RESP_END
048 0 0243180232 STIM_START
048 0 0244278924 STIM_END_RESP_START
048 0 0245478964 RESP_END
USER_EXIT