001 0 0010294020 STIM_START
001 0 0010721712 LICK
001 0 0011222480 LICK
001 0 0011392664 STIM_END_RESP_START
001 0 0011402408 LICK
001 0 0011402844 TIMEOUT_START
001 0 0011745460 LICK
001 0 0011745892 TIMEOUT_START
001 0 0011922084 LICK
001 0 0011922524 TIMEOUT_START
001 0 0012299680 LICK
001 0 0012300112 TIMEOUT_START
001 0 0012592680 RESP_END
001 0 0019300572 TIMEOUT_END
002 0 0021201960 STIM_START
002 0 0022300600 STIM_END_RESP_START
002 0 0022400620 LICK
002 0 0022401060 TIMEOUT_START
002 0 0022747720 LICK
002 0 0022748156 TIMEOUT_START
002 0 0023090816 LICK
002 0 0023091260 TIMEOUT_START
002 0 0023270556 LICK
002 0 0023270992 TIMEOUT_START
002 0 0023500632 RESP_END
002 0 0030271444 TIMEOUT_END
003 0 0032344616 STIM_START
003 0 0033125508 LICK
003 0 0033443272 STIM_END_RESP_START
003 0 0033445952 LICK
003 0 0033446388 TIMEOUT_START
003 0 0033606944 LICK
003 0 0033607380 TIMEOUT_START
003 0 0033961752 LICK
003 0 0033962192 TIMEOUT_START
003 0 0034156464 LICK
003 0 0034156904 TIMEOUT_START
003 0 0034643312 RESP_END
003 0 0041157360 TIMEOUT_END
004 1 0043171692 STIM_START
004 1 0043780820 LICK
004 1 0044094640 LICK
004 1 0044266648 LICK
004 1 0044270364 STIM_END_RESP_START
004 1 0044429100 LICK
004 1 0044429544 REWARD_START
004 1 0044611224 LICK
004 1 0044999852 LICK
004 1 0045182804 LICK
004 1 0045470408 RESP_END
004 1 0044449996 REWARD_END
005 0 0047255788 STIM_START
005 0 0047716688 LICK
005 0 0048301836 LICK
005 0 0048354452 STIM_END_RESP_START
005 0 0048650796 LICK
005 0 0048651232 TIMEOUT_START
005 0 0048828520 LICK
005 0 0048828952 TIMEOUT_START
005 0 0048999448 LICK
005 0 0048999884 TIMEOUT_START
005 0 0049163240 LICK
005 0 0049163680 TIMEOUT_START
005 0 0049554496 RESP_END
005 0 0056164128 TIMEOUT_END
006 1 0057846064 STIM_START
006 1 0058237852 LICK
006 1 0058917988 LICK
006 1 0058944720 STIM_END_RESP_START
006 1 0059088148 LICK
006 1 0059088584 REWARD_START
006 1 0059262392 LICK
006 1 0059431764 LICK
006 1 0059598940 LICK
006 1 0059740900 LICK
006 1 0059897308 LICK
006 1 0060104832 LICK
006 1 0060144752 RESP_END
006 1 0059109040 REWARD_END
007 0 0062061016 STIM_START
007 0 0062749012 LICK
007 0 0063159664 STIM_END_RESP_START
007 0 0063269144 LICK
007 0 0063269580 TIMEOUT_START
007 0 0063611484 LICK
007 0 0063611928 TIMEOUT_START
