001 0 0015180856 STIM_START
001 0 0016279480 STIM_END_RESP_START
001 0 0017479520 RESP_END
002 0 0020194824 STIM_START
002 0 0021293460 STIM_END_RESP_START
002 0 0022493484 RESP_END
003 1 0024332852 STIM_START
003 1 0025431484 STIM_END_RESP_START
003 1 0026631512 RESP_END
004 1 0028719552 STIM_START
004 1 0029818184 STIM_END_RESP_START
004 1 0031018212 RESP_END
005 0 0033041320 STIM_START
005 0 0034139952 STIM_END_RESP_START
005 0 0035339976 RESP_END
006 1 0037152356 STIM_START
006 1 0038250988 STIM_END_RESP_START
006 1 0039451012 RESP_END
007 0 0045341520 STIM_START
007 0 0046440152 STIM_END_RESP_START
007 0 0047640176 RESP_END
008 0 0049250744 STIM_START
008 0 0049477052 LICK
008 0 0050349376 STIM_END_RESP_START
008 0 0051549404 RESP_END
009 1 0061618876 STIM_START
009 1 0061749708 LICK
009 1 0062717524 STIM_END_RESP_START
009 1 0063917552 RESP_END
010 0 0065738920 STIM_START
010 0 0066783568 LICK
010 0 0066837548 STIM_END_RESP_START
010 0 0067052936 LICK
010 0 0067053372 TIMEOUT_START
010 0 0067515384 LICK
010 0 0067515828 TIMEOUT_START
010 0 0067754924 LICK
010 0 0067755364 TIMEOUT_START
010 0 0068037592 RESP_END
010 0 0074755816 TIMEOUT_END
011 1 0076523888 STIM_START
011 1 0077622524 STIM_END_RESP_START
011 1 0078822548 RESP_END
012 1 0081163332 STIM_START
012 1 0082261956 STIM_END_RESP_START
012 1 0083461984 RESP_END
013 0 0085244388 STIM_START
013 0 0086343020 STIM_END_RESP_START
013 0 0087543048 RESP_END
014 1 0089439288 STIM_START
014 1 0090537916 STIM_END_RESP_START
014 1 0091737944 RESP_END
015 0 0093535348 STIM_START
015 0 0094634004 STIM_END_RESP_START
015 0 0095834024 RESP_END
016 1 0097502592 STIM_START
016 1 0098601224 STIM_END_RESP_START
016 1 0099801252 RESP_END
017 0 0101548704 STIM_START
017 0 0102647356 STIM_END_RESP_START
017 0 0103847396 RESP_END
018 0 0108553264 STIM_START
018 0 0109651904 STIM_END_RESP_START
018 0 0110851948 RESP_END
019 1 0112689304 STIM_START
019 1 0113787952 STIM_END_RESP_START
019 1 0114987988 RESP_END
020 1 0116923136 STIM_START
020 1 0117384756 LICK
020 1 0117622352 LICK
020 1 0117816040 LICK
020 1 0118021788 STIM_END_RESP_START
020 1 0119041612 LICK
020 1 0119042100 REWARD_START
020 1 0119221812 RESP_END
020 1 0119072604 REWARD_END
021 0 0121794256 STIM_START
021 0 0122892908 STIM_END_RESP_START
021 0 0124092948 RESP_END
022 1 0127897956 STIM_START
022 1 0128996604 STIM_END_RESP_START
022 1 0130196644 RESP_END
023 1 0134730704 STIM_START
023 1 0135829352 STIM_END_RESP_START
023 1 0137029396 RESP_END
024 0 0138798788 STIM_START
024 0 0139897436 STIM_END_RESP_START
024 0 0141097480 RESP_END
025 0 0142892824 STIM_START
025 0 0143991472 STIM_END_RESP_START
025 0 0145191516 RESP_END
026 0 0147178660 STIM_START
026 0 0148277312 STIM_END_RESP_START
026 0 0149477348 RESP_END
027 1 0151287732 STIM_START
027 1 0152386380 STIM_END_RESP_START
027 1 0152506024 LICK
027 1 0152506512 REWARD_START
027 1 0152709784 LICK
027 1 0152820468 LICK
027 1 0152939660 LICK
027 1 0153061844 LICK
027 1 0153189968 LICK
027 1 0153329760 LICK
027 1 0153464320 LICK
027 1 0153586420 RESP_END
027 1 0152537020 REWARD_END
028 0 0160606452 STIM_START
028 0 0161705088 STIM_END_RESP_START
028 0 0162905132 RESP_END
029 0 0166631220 STIM_START
029 0 0167729868 STIM_END_RESP_START
029 0 0168929916 RESP_END
030 1 0170866084 STIM_START
030 1 0171964732 STIM_END_RESP_START
030 1 0172670376 LICK
030 1 0172670864 REWARD_START
030 1 0172970660 LICK
030 1 0173100204 LICK
030 1 0173164772 RESP_END
030 1 0172701376 REWARD_END
031 1 0177734812 STIM_START
031 1 0178701752 LICK
031 1 0178825928 LICK
031 1 0178833452 STIM_END_RESP_START
031 1 0178965648 LICK
031 1 0178966132 REWARD_START
031 1 0179156484 LICK
031 1 0179297260 LICK
031 1 0179429712 LICK
031 1 0179574624 LICK
031 1 0179873240 LICK
031 1 0180033496 RESP_END
031 1 0178996644 REWARD_END
032 0 0182883624 STIM_START
032 0 0183982272 STIM_END_RESP_START
032 0 0185182316 RESP_END
033 0 0187233392 STIM_START
033 0 0188332040 STIM_END_RESP_START
033 0 0189532080 RESP_END
034 0 0191210572 STIM_START
034 0 0192309216 STIM_END_RESP_START
034 0 0193509260 RESP_END
035 1 0195142824 STIM_START
035 1 0196241472 STIM_END_RESP_START
035 1 0196280952 LICK
035 1 0196281444 REWARD_START
035 1 0196468188 LICK
035 1 0196723464 LICK
035 1 0196849304 LICK
035 1 0196991828 LICK
035 1 0197309460 LICK
035 1 0197441508 RESP_END
035 1 0196311952 REWARD_END
036 0 0203004348 STIM_START
036 0 0203111264 LICK
036 0 0204103000 STIM_END_RESP_START
036 0 0205303044 RESP_END
037 0 0207226204 STIM_START
037 0 0208324856 STIM_END_RESP_START
037 0 0209524896 RESP_END
038 0 0211540020 STIM_START
038 0 0212638660 STIM_END_RESP_START
038 0 0213838704 RESP_END
039 1 0215595164 STIM_START
039 1 0216693816 STIM_END_RESP_START
039 1 0217133204 LICK
039 1 0217133688 REWARD_START
039 1 0217893840 RESP_END
039 1 0217164200 REWARD_END
040 0 0219700240 STIM_START
040 0 0220798884 STIM_END_RESP_START
040 0 0221998928 RESP_END
041 1 0223797264 STIM_START
041 1 0224221500 LICK
041 1 0224354500 LICK
041 1 0224514336 LICK
041 1 0224895908 STIM_END_RESP_START
041 1 0226095952 RESP_END
042 1 0227908308 STIM_START
042 1 0229006956 STIM_END_RESP_START
042 1 0230207000 RESP_END
043 0 0231840620 STIM_START
043 0 0232939268 STIM_END_RESP_START
043 0 0234139312 RESP_END
044 0 0236010544 STIM_START
044 0 0237109188 STIM_END_RESP_START
044 0 0238309232 RESP_END
045 0 0240071708 STIM_START
045 0 0241170352 STIM_END_RESP_START
045 0 0242370396 RESP_END
046 1 0244487328 STIM_START
046 1 0245585976 STIM_END_RESP_START
046 1 0246786016 RESP_END
047 1 0248796128 STIM_START
047 1 0249894776 STIM_END_RESP_START
047 1 0251094820 RESP_END
048 0 0252770324 STIM_START
048 0 0253868972 STIM_END_RESP_START
048 0 0255069016 RESP_END
049 1 0256903332 STIM_START
049 1 0258001980 STIM_END_RESP_START
049 1 0259202016 RESP_END
050 1 0261054376 STIM_START
050 1 0261297636 LICK
050 1 0261492392 LICK
050 1 0262153012 STIM_END_RESP_START
050 1 0263353056 RESP_END
051 0 0265380112 STIM_START
051 0 0266478760 STIM_END_RESP_START
051 0 0267678800 RESP_END
052 1 0269428260 STIM_START
052 1 0270526908 STIM_END_RESP_START
052 1 0271726928 RESP_END
053 0 0274979520 STIM_START
053 0 0276078176 STIM_END_RESP_START
053 0 0277278220 RESP_END
054 1 0279071572 STIM_START
054 1 0279971644 LICK
054 1 0280170228 STIM_END_RESP_START
054 1 0281370272 RESP_END
055 0 0286905168 STIM_START
055 0 0287110056 LICK
055 0 0288003820 STIM_END_RESP_START
055 0 0288057832 LICK
055 0 0288058316 TIMEOUT_START
055 0 0289203836 RESP_END
055 0 0295058820 TIMEOUT_END
056 1 0296808212 STIM_START
056 1 0297906860 STIM_END_RESP_START
056 1 0299106904 RESP_END
057 0 0301035108 STIM_START
057 0 0302133760 STIM_END_RESP_START
057 0 0302788176 LICK
057 0 0302788668 TIMEOUT_START
057 0 0303333780 RESP_END
057 0 0309789168 TIMEOUT_END
058 0 0312982700 STIM_START
058 0 0314081348 STIM_END_RESP_START
058 0 0314225076 LICK
058 0 0314225560 TIMEOUT_START
058 0 0315281380 RESP_END
058 0 0321226068 TIMEOUT_END
059 0 0323049572 STIM_START
059 0 0324148216 STIM_END_RESP_START
059 0 0324445228 LICK
059 0 0324445712 TIMEOUT_START
059 0 0325348232 RESP_END
059 0 0331446216 TIMEOUT_END
060 1 0334554660 STIM_START
060 1 0335002920 LICK
060 1 0335383636 LICK
060 1 0335564248 LICK
060 1 0335653320 STIM_END_RESP_START
060 1 0335736196 LICK
060 1 0335736680 REWARD_START
060 1 0336125516 LICK
060 1 0336398124 LICK
060 1 0336537540 LICK
060 1 0336853336 RESP_END
060 1 0335767192 REWARD_END
061 0 0340322712 STIM_START
061 0 0341421360 STIM_END_RESP_START
061 0 0342621404 RESP_END
062 1 0344611564 STIM_START
062 1 0344706624 LICK
062 1 0345710196 STIM_END_RESP_START
062 1 0346910240 RESP_END
063 0 0348508796 STIM_START
063 0 0349607448 STIM_END_RESP_START
063 0 0350807492 RESP_END
064 1 0352644832 STIM_START
064 1 0353519720 LICK
064 1 0353683636 LICK
064 1 0353743488 STIM_END_RESP_START
064 1 0353856964 LICK
064 1 0353857448 REWARD_START
064 1 0354030264 LICK
064 1 0354253804 LICK
064 1 0354387532 LICK
064 1 0354518220 LICK
064 1 0354657496 LICK
064 1 0354943508 RESP_END
064 1 0353887960 REWARD_END
065 1 0356871744 STIM_START
065 1 0357133596 LICK
065 1 0357292416 LICK
065 1 0357809956 LICK
065 1 0357970376 STIM_END_RESP_START
065 1 0357978336 LICK
065 1 0357978832 REWARD_START
065 1 0358125852 LICK
065 1 0358259124 LICK
065 1 0358383068 LICK
065 1 0358516760 LICK
065 1 0358658380 LICK
065 1 0358821152 LICK
065 1 0359022156 LICK
065 1 0359170392 RESP_END
065 1 0358009344 REWARD_END
066 0 0361013740 STIM_START
066 0 0361840868 LICK
066 0 0362112364 STIM_END_RESP_START
066 0 0362457036 LICK
066 0 0362457528 TIMEOUT_START
066 0 0362614556 LICK
066 0 0362615044 TIMEOUT_START
066 0 0362768708 LICK
066 0 0362769188 TIMEOUT_START
066 0 0363097476 LICK
066 0 0363097960 TIMEOUT_START
066 0 0363312408 RESP_END
066 0 0370098464 TIMEOUT_END
067 1 0371699840 STIM_START
067 1 0372676432 LICK
067 1 0372798472 STIM_END_RESP_START
067 1 0372848992 LICK
067 1 0372849476 REWARD_START
067 1 0373008784 LICK
067 1 0373208232 LICK
067 1 0373478800 LICK
067 1 0373636608 LICK
067 1 0373998512 RESP_END
067 1 0372879988 REWARD_END
068 0 0375615120 STIM_START
068 0 0376693584 LICK
068 0 0376713752 STIM_END_RESP_START
068 0 0376859388 LICK
068 0 0376859880 TIMEOUT_START
068 0 0377046808 LICK
068 0 0377047300 TIMEOUT_START
068 0 0377215752 LICK
068 0 0377216244 TIMEOUT_START
068 0 0377382788 LICK
068 0 0377383280 TIMEOUT_START
068 0 0377564396 LICK
068 0 0377564880 TIMEOUT_START
068 0 0377727108 LICK
068 0 0377727592 TIMEOUT_START
068 0 0377913768 RESP_END
068 0 0384728112 TIMEOUT_END
069 0 0386783644 STIM_START
069 0 0387882300 STIM_END_RESP_START
069 0 0388158772 LICK
069 0 0388159260 TIMEOUT_START
069 0 0388345072 LICK
069 0 0388345556 TIMEOUT_START
069 0 0388519208 LICK
069 0 0388519692 TIMEOUT_START
069 0 0388694736 LICK
069 0 0388695228 TIMEOUT_START
069 0 0388883960 LICK
069 0 0388884444 TIMEOUT_START
069 0 0389082328 RESP_END
069 0 0395884956 TIMEOUT_END
070 1 0397930200 STIM_START
070 1 0399028856 STIM_END_RESP_START
070 1 0400107500 LICK
070 1 0400107992 REWARD_START
070 1 0400228884 RESP_END
070 1 0400138488 REWARD_END
071 1 0403131892 STIM_START
071 1 0404230544 STIM_END_RESP_START
071 1 0405011624 LICK
071 1 0405012112 REWARD_START
071 1 0405352200 LICK
071 1 0405430560 RESP_END
071 1 0405042624 REWARD_END
072 0 0407151052 STIM_START
072 0 0408249700 STIM_END_RESP_START
072 0 0408705052 LICK
072 0 0408705536 TIMEOUT_START
072 0 0409110896 LICK
072 0 0409111384 TIMEOUT_START
072 0 0409449744 RESP_END
072 0 0416111892 TIMEOUT_END
073 0 0418115840 STIM_START
073 0 0419214488 STIM_END_RESP_START
073 0 0419391740 LICK
073 0 0419392228 TIMEOUT_START
073 0 0419627512 LICK
073 0 0419627996 TIMEOUT_START
073 0 0419839488 LICK
073 0 0419839972 TIMEOUT_START
073 0 0420094088 LICK
073 0 0420094568 TIMEOUT_START
073 0 0420229108 LICK
073 0 0420229596 TIMEOUT_START
073 0 0420366496 LICK
073 0 0420366980 TIMEOUT_START
073 0 0420414536 RESP_END
073 0 0427367476 TIMEOUT_END
074 1 0429085580 STIM_START
074 1 0430149920 LICK
074 1 0430184240 STIM_END_RESP_START
074 1 0430297936 LICK
074 1 0430298424 REWARD_START
074 1 0430448612 LICK
074 1 0430685088 LICK
074 1 0430812860 LICK
074 1 0430949892 LICK
074 1 0431100872 LICK
074 1 0431384264 RESP_END
074 1 0430328920 REWARD_END
075 0 0433120704 STIM_START
075 0 0434219352 STIM_END_RESP_START
075 0 0435419396 RESP_END
076 1 0437409508 STIM_START
076 1 0438426432 LICK
076 1 0438508164 STIM_END_RESP_START
076 1 0438616308 LICK
076 1 0438616792 REWARD_START
076 1 0438784548 LICK
076 1 0439040432 LICK
076 1 0439178104 LICK
076 1 0439332232 LICK
076 1 0439708180 RESP_END
076 1 0438647308 REWARD_END
077 0 0441647424 STIM_START
077 0 0442746072 STIM_END_RESP_START
077 0 0443946116 RESP_END
078 0 0445780460 STIM_START
078 0 0446879108 STIM_END_RESP_START
078 0 0447219096 LICK
078 0 0447219584 TIMEOUT_START
078 0 0447367784 LICK
078 0 0447368272 TIMEOUT_START
078 0 0447500136 LICK
078 0 0447500628 TIMEOUT_START
078 0 0447809152 LICK
078 0 0447809644 TIMEOUT_START
078 0 0447968676 LICK
078 0 0447969160 TIMEOUT_START
078 0 0448079140 RESP_END
078 0 0454969676 TIMEOUT_END
079 0 0456823128 STIM_START
079 0 0457921776 STIM_END_RESP_START
079 0 0458361172 LICK
079 0 0458361656 TIMEOUT_START
079 0 0458539080 LICK
079 0 0458539564 TIMEOUT_START
079 0 0458752776 LICK
079 0 0458753264 TIMEOUT_START
079 0 0458917520 LICK
079 0 0458918008 TIMEOUT_START
079 0 0459121804 RESP_END
079 0 0465918516 TIMEOUT_END
080 1 0467987732 STIM_START
080 1 0469086380 STIM_END_RESP_START
080 1 0469688168 LICK
080 1 0469688660 REWARD_START
080 1 0469870916 LICK
080 1 0470054128 LICK
080 1 0470223208 LICK
080 1 0470286416 RESP_END
080 1 0469719160 REWARD_END
081 0 0472724920 STIM_START
081 0 0473823568 STIM_END_RESP_START
081 0 0474027364 LICK
081 0 0474027848 TIMEOUT_START
081 0 0474215648 LICK
081 0 0474216132 TIMEOUT_START
081 0 0474389324 LICK
081 0 0474389812 TIMEOUT_START
081 0 0474566332 LICK
081 0 0474566820 TIMEOUT_START
081 0 0474736656 LICK
081 0 0474737140 TIMEOUT_START
081 0 0475023600 RESP_END
081 0 0481737640 TIMEOUT_END
082 0 0483617808 STIM_START
082 0 0484716452 STIM_END_RESP_START
082 0 0485916496 RESP_END
083 1 0487860636 STIM_START
083 1 0488959288 STIM_END_RESP_START
083 1 0489286668 LICK
083 1 0489287152 REWARD_START
083 1 0489464924 LICK
083 1 0489709928 LICK
083 1 0489846844 LICK
083 1 0489991944 LICK
083 1 0490159328 RESP_END
083 1 0489317648 REWARD_END
084 0 0491995676 STIM_START
084 0 0493094324 STIM_END_RESP_START
084 0 0493953304 LICK
084 0 0493953788 TIMEOUT_START
084 0 0494140996 LICK
084 0 0494141488 TIMEOUT_START
084 0 0494294344 RESP_END
084 0 0501141984 TIMEOUT_END
085 0 0503210120 STIM_START
085 0 0504308776 STIM_END_RESP_START
085 0 0505508816 RESP_END
086 0 0507280260 STIM_START
086 0 0508378908 STIM_END_RESP_START
086 0 0509578952 RESP_END
087 1 0511354340 STIM_START
087 1 0512452992 STIM_END_RESP_START
087 1 0512581892 LICK
087 1 0512582376 REWARD_START
087 1 0512770668 LICK
087 1 0512945664 LICK
087 1 0513137040 LICK
087 1 0513329364 LICK
087 1 0513507000 LICK
087 1 0513629012 LICK
087 1 0513653016 RESP_END
087 1 0512612892 REWARD_END
088 1 0515713056 STIM_START
088 1 0516811700 STIM_END_RESP_START
088 1 0518011744 RESP_END
089 0 0519622336 STIM_START
089 0 0520720988 STIM_END_RESP_START
089 0 0521921028 RESP_END
090 1 0523993084 STIM_START
090 1 0525091736 STIM_END_RESP_START
090 1 0525308856 LICK
090 1 0525309344 REWARD_START
090 1 0525498768 LICK
090 1 0525636600 LICK
090 1 0525858644 LICK
090 1 0525986492 LICK
090 1 0526120832 LICK
090 1 0526278708 LICK
090 1 0526291764 RESP_END
090 1 0525339840 REWARD_END
091 0 0528147036 STIM_START
091 0 0529245688 STIM_END_RESP_START
091 0 0530445728 RESP_END
092 1 0532496812 STIM_START
092 1 0533595460 STIM_END_RESP_START
092 1 0533629236 LICK
092 1 0533629720 REWARD_START
092 1 0533816944 LICK
092 1 0534063576 LICK
092 1 0534198632 LICK
092 1 0534344460 LICK
092 1 0534795496 RESP_END
092 1 0533660232 REWARD_END
093 1 0536581876 STIM_START
093 1 0537680524 STIM_END_RESP_START
093 1 0537980232 LICK
093 1 0537980716 REWARD_START
093 1 0538119312 LICK
093 1 0538358084 LICK
093 1 0538486804 LICK
093 1 0538630012 LICK
093 1 0538880568 RESP_END
093 1 0538011232 REWARD_END
094 1 0540665028 STIM_START
094 1 0541763680 STIM_END_RESP_START
094 1 0542258704 LICK
094 1 0542259188 REWARD_START
094 1 0542396628 LICK
094 1 0542528308 LICK
094 1 0542650232 LICK
094 1 0542783968 LICK
094 1 0542945680 LICK
094 1 0542963724 RESP_END
094 1 0542289704 REWARD_END
095 0 0544942768 STIM_START
095 0 0546041416 STIM_END_RESP_START
095 0 0547241460 RESP_END
096 1 0548896032 STIM_START
096 1 0549994680 STIM_END_RESP_START
096 1 0550502624 LICK
096 1 0550503104 REWARD_START
096 1 0550652652 LICK
096 1 0550780688 LICK
096 1 0550901588 LICK
096 1 0551034184 LICK
096 1 0551180916 LICK
096 1 0551194724 RESP_END
096 1 0550533616 REWARD_END
097 0 0553032020 STIM_START
097 0 0554130668 STIM_END_RESP_START
097 0 0554559924 LICK
097 0 0554560408 TIMEOUT_START
097 0 0554738232 LICK
097 0 0554738724 TIMEOUT_START
097 0 0554904908 LICK
097 0 0554905396 TIMEOUT_START
097 0 0555060924 LICK
097 0 0555061412 TIMEOUT_START
097 0 0555330712 RESP_END
097 0 0562061920 TIMEOUT_END
098 1 0563665168 STIM_START
098 1 0564582804 LICK
098 1 0564741916 LICK
098 1 0564763788 STIM_END_RESP_START
098 1 0564905724 LICK
098 1 0564906216 REWARD_START
098 1 0565069884 LICK
098 1 0565211156 LICK
098 1 0565327436 LICK
098 1 0565462568 LICK
098 1 0565621972 LICK
098 1 0565963816 RESP_END
098 1 0564936728 REWARD_END
099 1 0567770228 STIM_START
099 1 0568868880 STIM_END_RESP_START
099 1 0570068916 RESP_END
100 0 0571825324 STIM_START
100 0 0572923972 STIM_END_RESP_START
100 0 0574124012 RESP_END
101 1 0576022272 STIM_START
101 1 0577120924 STIM_END_RESP_START
101 1 0577445332 LICK
101 1 0577445820 REWARD_START
101 1 0577594580 LICK
101 1 0577838480 LICK
101 1 0577971900 LICK
101 1 0578118904 LICK
101 1 0578320944 RESP_END
101 1 0577476332 REWARD_END
102 1 0579959548 STIM_START
102 1 0581058196 STIM_END_RESP_START
102 1 0581210416 LICK
102 1 0581210900 REWARD_START
102 1 0581374540 LICK
102 1 0581526776 LICK
102 1 0581655228 LICK
102 1 0581814672 LICK
102 1 0582004376 LICK
102 1 0582258232 RESP_END
102 1 0581241416 REWARD_END
103 1 0584027604 STIM_START
103 1 0585126252 STIM_END_RESP_START
103 1 0585254700 LICK
103 1 0585255192 REWARD_START
103 1 0585416228 LICK
103 1 0585548212 LICK
103 1 0585683608 LICK
103 1 0585829052 LICK
103 1 0586010000 LICK
103 1 0586326276 RESP_END
103 1 0585285692 REWARD_END
104 0 0588060792 STIM_START
104 0 0589159444 STIM_END_RESP_START
104 0 0589180568 LICK
104 0 0589181060 TIMEOUT_START
104 0 0589341412 LICK
104 0 0589341904 TIMEOUT_START
104 0 0589499804 LICK
104 0 0589500288 TIMEOUT_START
104 0 0589664976 LICK
104 0 0589665464 TIMEOUT_START
104 0 0589832448 LICK
104 0 0589832932 TIMEOUT_START
104 0 0590359456 RESP_END
104 0 0596833432 TIMEOUT_END
105 0 0598636948 STIM_START
105 0 0599735600 STIM_END_RESP_START
105 0 0600935644 RESP_END
106 0 0602573188 STIM_START
106 0 0603671840 STIM_END_RESP_START
106 0 0604871884 RESP_END
107 1 0606818092 STIM_START
107 1 0607916740 STIM_END_RESP_START
107 1 0609116788 RESP_END
108 0 0611030032 STIM_START
108 0 0612128676 STIM_END_RESP_START
108 0 0612404100 LICK
108 0 0612404588 TIMEOUT_START
108 0 0612618960 LICK
108 0 0612619452 TIMEOUT_START
108 0 0612828328 LICK
108 0 0612828812 TIMEOUT_START
108 0 0613002376 LICK
108 0 0613002864 TIMEOUT_START
108 0 0613188028 LICK
108 0 0613188512 TIMEOUT_START
108 0 0613328720 RESP_END
108 0 0620189016 TIMEOUT_END
109 0 0621794016 STIM_START
109 0 0622892668 STIM_END_RESP_START
109 0 0623171280 LICK
109 0 0623171768 TIMEOUT_START
109 0 0623376444 LICK
109 0 0623376928 TIMEOUT_START
109 0 0623572028 LICK
109 0 0623572512 TIMEOUT_START
109 0 0623775408 LICK
109 0 0623775900 TIMEOUT_START
109 0 0623983112 LICK
109 0 0623983600 TIMEOUT_START
109 0 0624092708 RESP_END
109 0 0630984104 TIMEOUT_END
110 0 0632708824 STIM_START
110 0 0633807476 STIM_END_RESP_START
110 0 0635007520 RESP_END
111 1 0636728008 STIM_START
111 1 0637666080 LICK
111 1 0637806572 LICK
111 1 0637826660 STIM_END_RESP_START
111 1 0638205916 LICK
111 1 0638206412 REWARD_START
111 1 0638429500 LICK
111 1 0638690960 LICK
111 1 0638826516 LICK
111 1 0639026708 RESP_END
111 1 0638236912 REWARD_END
112 1 0640805108 STIM_START
112 1 0641903756 STIM_END_RESP_START
112 1 0641958592 LICK
112 1 0641959084 REWARD_START
112 1 0642125464 LICK
112 1 0642264992 LICK
112 1 0642388632 LICK
112 1 0642531800 LICK
112 1 0642688476 LICK
112 1 0642879584 LICK
112 1 0643103784 RESP_END
112 1 0641989592 REWARD_END
113 1 0645083900 STIM_START
113 1 0646142888 LICK
113 1 0646182532 STIM_END_RESP_START
113 1 0646321944 LICK
113 1 0646322436 REWARD_START
113 1 0646470260 LICK
113 1 0646605652 LICK
113 1 0646721860 LICK
113 1 0646857708 LICK
113 1 0646993868 LICK
113 1 0647382548 RESP_END
113 1 0646352936 REWARD_END
114 0 0649146988 STIM_START
114 0 0650245640 STIM_END_RESP_START
114 0 0651445680 RESP_END
115 1 0653340936 STIM_START
115 1 0654439584 STIM_END_RESP_START
115 1 0654502232 LICK
115 1 0654502720 REWARD_START
115 1 0654657252 LICK
115 1 0654898684 LICK
115 1 0655033208 LICK
115 1 0655160712 LICK
115 1 0655303208 LICK
115 1 0655459420 LICK
115 1 0655639632 RESP_END
115 1 0654533232 REWARD_END
116 0 0657338144 STIM_START
116 0 0658436792 STIM_END_RESP_START
116 0 0659636836 RESP_END
117 1 0661545024 STIM_START
117 1 0662321468 LICK
117 1 0662486508 LICK
117 1 0662638040 LICK
117 1 0662643660 STIM_END_RESP_START
117 1 0662783736 LICK
117 1 0662784228 REWARD_START
117 1 0662921804 LICK
117 1 0663055684 LICK
117 1 0663176264 LICK
117 1 0663311980 LICK
117 1 0663453676 LICK
117 1 0663843688 RESP_END
117 1 0662814740 REWARD_END
118 1 0665646048 STIM_START
118 1 0666744696 STIM_END_RESP_START
118 1 0667701804 LICK
118 1 0667702292 REWARD_START
118 1 0667842284 LICK
118 1 0667944708 RESP_END
118 1 0667732800 REWARD_END
119 0 0670128660 STIM_START
119 0 0671227312 STIM_END_RESP_START
119 0 0671383428 LICK
119 0 0671383916 TIMEOUT_START
119 0 0671572016 LICK
119 0 0671572500 TIMEOUT_START
119 0 0671726608 LICK
119 0 0671727096 TIMEOUT_START
119 0 0671884924 LICK
119 0 0671885412 TIMEOUT_START
119 0 0672196808 LICK
119 0 0672197288 TIMEOUT_START
119 0 0672427328 RESP_END
119 0 0679197796 TIMEOUT_END
120 0 0681133408 STIM_START
120 0 0682232056 STIM_END_RESP_START
120 0 0682373868 LICK
120 0 0682374360 TIMEOUT_START
120 0 0682553556 LICK
120 0 0682554040 TIMEOUT_START
120 0 0682731344 LICK
120 0 0682731836 TIMEOUT_START
120 0 0682911788 LICK
120 0 0682912272 TIMEOUT_START
120 0 0683090772 LICK
120 0 0683091260 TIMEOUT_START
120 0 0683305284 LICK
120 0 0683305764 TIMEOUT_START
120 0 0683432096 RESP_END
120 0 0690306276 TIMEOUT_END
121 0 0692124108 STIM_START
121 0 0693222756 STIM_END_RESP_START
121 0 0694422800 RESP_END
122 1 0696277116 STIM_START
122 1 0697375768 STIM_END_RESP_START
122 1 0697530424 LICK
122 1 0697530908 REWARD_START
122 1 0697732344 LICK
122 1 0697916320 LICK
122 1 0698110840 LICK
122 1 0698280108 LICK
122 1 0698485280 LICK
122 1 0698575788 RESP_END
122 1 0697561404 REWARD_END
123 1 0701006384 STIM_START
123 1 0701731996 LICK
123 1 0701900860 LICK
123 1 0702062616 LICK
123 1 0702105012 STIM_END_RESP_START
123 1 0702232148 LICK
123 1 0702232644 REWARD_START
123 1 0702394648 LICK
123 1 0702525872 LICK
123 1 0702655812 LICK
123 1 0702807552 LICK
123 1 0702958840 LICK
123 1 0703305048 RESP_END
123 1 0702263152 REWARD_END
124 1 0705195312 STIM_START
124 1 0705581996 LICK
124 1 0705942652 LICK
124 1 0706094980 LICK
124 1 0706252520 LICK
124 1 0706293956 STIM_END_RESP_START
124 1 0706415728 LICK
124 1 0706416212 REWARD_START
124 1 0706581752 LICK
124 1 0706713580 LICK
124 1 0706844084 LICK
124 1 0706986496 LICK
124 1 0707133116 LICK
124 1 0707494004 RESP_END
124 1 0706446728 REWARD_END
125 0 0709133568 STIM_START
125 0 0710076216 LICK
125 0 0710232212 STIM_END_RESP_START
125 0 0710264976 LICK
125 0 0710265460 TIMEOUT_START
125 0 0710465536 LICK
125 0 0710466024 TIMEOUT_START
125 0 0710650868 LICK
125 0 0710651360 TIMEOUT_START
125 0 0711432228 RESP_END
125 0 0717651856 TIMEOUT_END
126 1 0719511012 STIM_START
126 1 0720609664 STIM_END_RESP_START
126 1 0720720804 LICK
126 1 0720721296 REWARD_START
126 1 0720907888 LICK
126 1 0721073180 LICK
126 1 0721259804 LICK
126 1 0721441168 LICK
126 1 0721613500 LICK
126 1 0721767296 LICK
126 1 0721809688 RESP_END
126 1 0720751796 REWARD_END
127 0 0724298244 STIM_START
127 0 0725385008 LICK
127 0 0725396892 STIM_END_RESP_START
127 0 0725596736 LICK
127 0 0725597228 TIMEOUT_START
127 0 0725758876 LICK
127 0 0725759368 TIMEOUT_START
127 0 0726596912 RESP_END
127 0 0732759868 TIMEOUT_END
128 0 0734397088 STIM_START
128 0 0735495740 STIM_END_RESP_START
128 0 0736695784 RESP_END
129 1 0738335280 STIM_START
129 1 0738753176 LICK
129 1 0739325236 LICK
129 1 0739433936 STIM_END_RESP_START
129 1 0739512796 LICK
129 1 0739513284 REWARD_START
129 1 0739671444 LICK
129 1 0739806908 LICK
129 1 0739927584 LICK
129 1 0740071936 LICK
129 1 0740222312 LICK
129 1 0740633980 RESP_END
129 1 0739543796 REWARD_END
130 1 0742501296 STIM_START
130 1 0743336468 LICK
130 1 0743511820 LICK
130 1 0743599952 STIM_END_RESP_START
130 1 0743678292 LICK
130 1 0743678780 REWARD_START
130 1 0743827284 LICK
130 1 0743962684 LICK
130 1 0744098004 LICK
130 1 0744235676 LICK
130 1 0744425756 LICK
130 1 0744799988 RESP_END
130 1 0743709296 REWARD_END
131 1 0746600336 STIM_START
131 1 0747680068 LICK
131 1 0747698956 STIM_END_RESP_START
131 1 0747876056 LICK
131 1 0747876548 REWARD_START
131 1 0748037024 LICK
131 1 0748175872 LICK
131 1 0748304784 LICK
131 1 0748454060 LICK
131 1 0748898988 RESP_END
131 1 0747907056 REWARD_END
132 0 0750792264 STIM_START
132 0 0751890912 STIM_END_RESP_START
132 0 0752084388 LICK
132 0 0752084872 TIMEOUT_START
132 0 0752272444 LICK
132 0 0752272928 TIMEOUT_START
132 0 0752435440 LICK
132 0 0752435924 TIMEOUT_START
132 0 0752620508 LICK
132 0 0752621000 TIMEOUT_START
132 0 0752804948 LICK
132 0 0752805432 TIMEOUT_START
132 0 0753090944 RESP_END
132 0 0759805944 TIMEOUT_END
133 0 0761590208 STIM_START
133 0 0762688860 STIM_END_RESP_START
133 0 0763149464 LICK
133 0 0763149948 TIMEOUT_START
133 0 0763314816 LICK
133 0 0763315312 TIMEOUT_START
133 0 0763646012 LICK
133 0 0763646500 TIMEOUT_START
133 0 0763831740 LICK
133 0 0763832228 TIMEOUT_START
133 0 0763888904 RESP_END
133 0 0770832740 TIMEOUT_END
134 0 0772630920 STIM_START
134 0 0773729572 STIM_END_RESP_START
134 0 0774239136 LICK
134 0 0774239628 TIMEOUT_START
134 0 0774443488 LICK
134 0 0774443972 TIMEOUT_START
134 0 0774621352 LICK
134 0 0774621836 TIMEOUT_START
134 0 0774807720 LICK
134 0 0774808204 TIMEOUT_START
134 0 0774929588 RESP_END
134 0 0781808708 TIMEOUT_END
135 1 0783465812 STIM_START
135 1 0784564460 STIM_END_RESP_START
135 1 0784736760 LICK
135 1 0784737248 REWARD_START
135 1 0784919492 LICK
135 1 0785083256 LICK
135 1 0785353324 LICK
135 1 0785495180 LICK
135 1 0785764508 RESP_END
135 1 0784767764 REWARD_END
136 0 0787712684 STIM_START
136 0 0788780676 LICK
136 0 0788811312 STIM_END_RESP_START
136 0 0788956832 LICK
136 0 0788957320 TIMEOUT_START
136 0 0789109452 LICK
136 0 0789109944 TIMEOUT_START
136 0 0789283220 LICK
136 0 0789283704 TIMEOUT_START
136 0 0789456784 LICK
136 0 0789457272 TIMEOUT_START
136 0 0790011356 RESP_END
136 0 0796457780 TIMEOUT_END
137 1 0798461704 STIM_START
137 1 0799560356 STIM_END_RESP_START
137 1 0800760384 RESP_END
138 0 0802714564 STIM_START
138 0 0803813212 STIM_END_RESP_START
138 0 0803907920 LICK
138 0 0803908404 TIMEOUT_START
138 0 0804088452 LICK
138 0 0804088944 TIMEOUT_START
138 0 0804289576 LICK
138 0 0804290060 TIMEOUT_START
138 0 0804488292 LICK
138 0 0804488776 TIMEOUT_START
138 0 0804670440 LICK
138 0 0804670932 TIMEOUT_START
138 0 0804874696 LICK
138 0 0804875180 TIMEOUT_START
138 0 0805013228 RESP_END
138 0 0811875696 TIMEOUT_END
139 0 0813933068 STIM_START
139 0 0815031720 STIM_END_RESP_START
139 0 0816231728 RESP_END
140 1 0818293756 STIM_START
140 1 0819392408 STIM_END_RESP_START
140 1 0819467212 LICK
140 1 0819467700 REWARD_START
140 1 0819666092 LICK
140 1 0819855608 LICK
140 1 0820049108 LICK
140 1 0820217572 LICK
140 1 0820385764 LICK
140 1 0820588868 LICK
140 1 0820592456 RESP_END
140 1 0819498196 REWARD_END
141 1 0823039020 STIM_START
141 1 0824137672 STIM_END_RESP_START
141 1 0824357348 LICK
141 1 0824357836 REWARD_START
141 1 0824531940 LICK
141 1 0824671052 LICK
141 1 0824792496 LICK
141 1 0824930780 LICK
141 1 0825083660 LICK
141 1 0825273364 LICK
141 1 0825337716 RESP_END
141 1 0824388348 REWARD_END
142 0 0827407752 STIM_START
142 0 0828506404 STIM_END_RESP_START
142 0 0829706448 RESP_END
143 1 0831293008 STIM_START
143 1 0832267256 LICK
143 1 0832391652 STIM_END_RESP_START
143 1 0832428284 LICK
143 1 0832428768 REWARD_START
143 1 0832567208 LICK
143 1 0832698892 LICK
143 1 0832810916 LICK
143 1 0832945516 LICK
143 1 0833084588 LICK
143 1 0833280544 LICK
143 1 0833591676 RESP_END
143 1 0832459284 REWARD_END
144 1 0835476976 STIM_START
144 1 0836459920 LICK
144 1 0836575612 STIM_END_RESP_START
144 1 0836614460 LICK
144 1 0836614944 REWARD_START
144 1 0836755516 LICK
144 1 0836881380 LICK
144 1 0837008064 LICK
144 1 0837144712 LICK
144 1 0837286092 LICK
144 1 0837775628 RESP_END
144 1 0836645460 REWARD_END
145 1 0839374316 STIM_START
145 1 0840105580 LICK
145 1 0840281412 LICK
145 1 0840451680 LICK
145 1 0840472964 STIM_END_RESP_START
145 1 0840610244 LICK
145 1 0840610728 REWARD_START
145 1 0840768296 LICK
145 1 0840896728 LICK
145 1 0841024124 LICK
145 1 0841157804 LICK
145 1 0841297868 LICK
145 1 0841673008 RESP_END
145 1 0840641240 REWARD_END
146 0 0843376424 STIM_START
146 0 0844475072 STIM_END_RESP_START
146 0 0845675116 RESP_END
147 1 0847588364 STIM_START
147 1 0848546100 LICK
147 1 0848686976 STIM_END_RESP_START
147 1 0848704028 LICK
147 1 0848704508 REWARD_START
147 1 0848849980 LICK
147 1 0848977440 LICK
147 1 0849097140 LICK
147 1 0849227188 LICK
147 1 0849374344 LICK
147 1 0849887004 RESP_END
147 1 0848735020 REWARD_END
148 0 0851833252 STIM_START
148 0 0852931900 STIM_END_RESP_START
148 0 0854131944 RESP_END
149 1 0856123080 STIM_START
149 1 0856990648 LICK
149 1 0857136088 LICK
149 1 0857221724 STIM_END_RESP_START
149 1 0857414380 LICK
149 1 0857414876 REWARD_START
149 1 0857553100 LICK
149 1 0857686868 LICK
149 1 0857809980 LICK
149 1 0857943132 LICK
149 1 0858096016 LICK
149 1 0858256972 LICK
149 1 0858421740 RESP_END
149 1 0857445388 REWARD_END
150 1 0860205168 STIM_START
150 1 0861303816 STIM_END_RESP_START
150 1 0862503852 RESP_END
151 0 0864398064 STIM_START
151 0 0865496716 STIM_END_RESP_START
151 0 0866696760 RESP_END
152 0 0868531080 STIM_START
152 0 0869629732 STIM_END_RESP_START
152 0 0870829776 RESP_END
153 1 0872875840 STIM_START
153 1 0873794400 LICK
153 1 0873965360 LICK
153 1 0873974484 STIM_END_RESP_START
153 1 0874114704 LICK
153 1 0874115196 REWARD_START
153 1 0874253104 LICK
153 1 0874394796 LICK
153 1 0874541944 LICK
153 1 0874680944 LICK
153 1 0874837120 LICK
153 1 0874978740 LICK
153 1 0875110004 LICK
153 1 0875174512 RESP_END
153 1 0874145708 REWARD_END
154 0 0877494264 STIM_START
154 0 0878592916 STIM_END_RESP_START
154 0 0879792956 RESP_END
155 1 0881620280 STIM_START
155 1 0882718932 STIM_END_RESP_START
155 1 0883114364 LICK
155 1 0883114852 REWARD_START
155 1 0883249816 LICK
155 1 0883500732 LICK
155 1 0883634988 LICK
155 1 0883777400 LICK
155 1 0883918964 RESP_END
155 1 0883145364 REWARD_END
156 0 0885861132 STIM_START
156 0 0886246856 LICK
156 0 0886419052 LICK
156 0 0886577692 LICK
156 0 0886959760 STIM_END_RESP_START
156 0 0887050896 LICK
156 0 0887051388 TIMEOUT_START
156 0 0887216856 LICK
156 0 0887217344 TIMEOUT_START
156 0 0887382524 LICK
156 0 0887383008 TIMEOUT_START
156 0 0887548500 LICK
156 0 0887548988 TIMEOUT_START
156 0 0888159796 RESP_END
156 0 0894549488 TIMEOUT_END
157 1 0896155704 STIM_START
157 1 0897119904 LICK
157 1 0897254360 STIM_END_RESP_START
157 1 0897283896 LICK
157 1 0897284384 REWARD_START
157 1 0897438360 LICK
157 1 0897574028 LICK
157 1 0897701720 LICK
157 1 0897842756 LICK
157 1 0897998064 LICK
157 1 0898454376 RESP_END
157 1 0897314880 REWARD_END
158 1 0900330700 STIM_START
158 1 0900575188 LICK
158 1 0900741380 LICK
158 1 0900917480 LICK
158 1 0901070268 LICK
158 1 0901219752 LICK
158 1 0901429340 STIM_END_RESP_START
158 1 0901524340 LICK
158 1 0901524832 REWARD_START
158 1 0901701536 LICK
158 1 0901833064 LICK
158 1 0901958076 LICK
158 1 0902083944 LICK
158 1 0902224376 LICK
158 1 0902384280 LICK
158 1 0902629372 RESP_END
158 1 0901555328 REWARD_END
159 1 0904517644 STIM_START
159 1 0904847648 LICK
159 1 0905394792 LICK
159 1 0905597736 LICK
159 1 0905616284 STIM_END_RESP_START
159 1 0905775980 LICK
159 1 0905776476 REWARD_START
159 1 0905928300 LICK
159 1 0906058580 LICK
159 1 0906185596 LICK
159 1 0906333236 LICK
159 1 0906492412 LICK
159 1 0906816320 RESP_END
159 1 0905806972 REWARD_END
160 0 0908573736 STIM_START
160 0 0909561452 LICK
160 0 0909672376 STIM_END_RESP_START
160 0 0909714336 LICK
160 0 0909714828 TIMEOUT_START
160 0 0909894024 LICK
160 0 0909894512 TIMEOUT_START
160 0 0910076328 LICK
160 0 0910076816 TIMEOUT_START
160 0 0910252776 LICK
160 0 0910253268 TIMEOUT_START
160 0 0910449512 LICK
160 0 0910450004 TIMEOUT_START
160 0 0910872404 RESP_END
160 0 0917450512 TIMEOUT_END
161 1 0919413628 STIM_START
161 1 0920512280 STIM_END_RESP_START
161 1 0920758836 LICK
161 1 0920759328 REWARD_START
161 1 0920981180 LICK
161 1 0921173956 LICK
161 1 0921443000 LICK
161 1 0921603052 LICK
161 1 0921712300 RESP_END
161 1 0920789840 REWARD_END
162 0 0923472712 STIM_START
162 0 0924571360 STIM_END_RESP_START
162 0 0925044808 LICK
162 0 0925045292 TIMEOUT_START
162 0 0925197152 LICK
162 0 0925197644 TIMEOUT_START
162 0 0925355496 LICK
162 0 0925355980 TIMEOUT_START
162 0 0925771404 RESP_END
162 0 0932356500 TIMEOUT_END
163 0 0934357564 STIM_START
163 0 0935456216 STIM_END_RESP_START
163 0 0935886076 LICK
163 0 0935886560 TIMEOUT_START
163 0 0936073820 LICK
163 0 0936074312 TIMEOUT_START
163 0 0936422660 LICK
163 0 0936423148 TIMEOUT_START
163 0 0936642684 LICK
163 0 0936643168 TIMEOUT_START
163 0 0936656268 RESP_END
163 0 0943643684 TIMEOUT_END
164 1 0945359324 STIM_START
164 1 0946457980 STIM_END_RESP_START
164 1 0946830924 LICK
164 1 0946831420 REWARD_START
164 1 0947218492 LICK
164 1 0947579240 LICK
164 1 0947658020 RESP_END
164 1 0946861928 REWARD_END
165 0 0950237396 STIM_START
165 0 0951324092 LICK
165 0 0951336052 STIM_END_RESP_START
165 0 0951493084 LICK
165 0 0951493572 TIMEOUT_START
165 0 0951832756 LICK
165 0 0951833240 TIMEOUT_START
165 0 0952001008 LICK
165 0 0952001492 TIMEOUT_START
165 0 0952360888 LICK
165 0 0952361380 TIMEOUT_START
165 0 0952536088 RESP_END
165 0 0959361876 TIMEOUT_END
166 0 0961341952 STIM_START
166 0 0962440604 STIM_END_RESP_START
166 0 0963339448 LICK
166 0 0963339936 TIMEOUT_START
166 0 0963640648 RESP_END
166 0 0970340440 TIMEOUT_END
167 0 0972272812 STIM_START
167 0 0973371464 STIM_END_RESP_START
167 0 0973606228 LICK
167 0 0973606712 TIMEOUT_START
167 0 0973804004 LICK
167 0 0973804488 TIMEOUT_START
167 0 0973998432 LICK
167 0 0973998920 TIMEOUT_START
167 0 0974184280 LICK
167 0 0974184772 TIMEOUT_START
167 0 0974359504 LICK
167 0 0974359996 TIMEOUT_START
167 0 0974545552 LICK
167 0 0974546044 TIMEOUT_START
167 0 0974571492 RESP_END
167 0 0981546552 TIMEOUT_END
168 1 0983522188 STIM_START
168 1 0984620840 STIM_END_RESP_START
168 1 0985820880 RESP_END
169 0 0987595256 STIM_START
169 0 0987693512 LICK
169 0 0988693896 STIM_END_RESP_START
169 0 0989893940 RESP_END
170 1 0991818180 STIM_START
170 1 0992916832 STIM_END_RESP_START
170 1 0994116876 RESP_END
171 0 0996183908 STIM_START
171 0 0997282556 STIM_END_RESP_START
171 0 0998482604 RESP_END
172 0 1000100172 STIM_START
172 0 1001057884 LICK
172 0 1001198812 STIM_END_RESP_START
172 0 1001633156 LICK
172 0 1001633688 TIMEOUT_START
172 0 1001826188 LICK
172 0 1001826728 TIMEOUT_START
172 0 1002017712 LICK
172 0 1002018248 TIMEOUT_START
172 0 1002232464 LICK
172 0 1002233004 TIMEOUT_START
172 0 1002398832 RESP_END
172 0 1009233556 TIMEOUT_END
173 1 1011314616 STIM_START
173 1 1012413252 STIM_END_RESP_START
173 1 1013579768 LICK
173 1 1013580308 REWARD_START
173 1 1013613268 RESP_END
173 1 1013610868 REWARD_END
174 0 1016468360 STIM_START
174 0 1017566988 STIM_END_RESP_START
174 0 1017647972 LICK
174 0 1017648512 TIMEOUT_START
174 0 1017823284 LICK
174 0 1017823816 TIMEOUT_START
174 0 1017987448 LICK
174 0 1017987980 TIMEOUT_START
174 0 1018165804 LICK
174 0 1018166340 TIMEOUT_START
174 0 1018767016 RESP_END
174 0 1025166892 TIMEOUT_END
175 0 1027011664 STIM_START
175 0 1028110288 STIM_END_RESP_START
175 0 1029310308 RESP_END
176 0 1030927916 STIM_START
176 0 1031965908 LICK
176 0 1032026556 STIM_END_RESP_START
176 0 1033226580 RESP_END
177 1 1034896140 STIM_START
177 1 1035994764 STIM_END_RESP_START
177 1 1037194792 RESP_END
178 1 1039168024 STIM_START
178 1 1040266652 STIM_END_RESP_START
178 1 1040438136 LICK
178 1 1040438676 REWARD_START
178 1 1040627236 LICK
178 1 1040810044 LICK
178 1 1040984952 LICK
178 1 1041248724 LICK
178 1 1041398468 LICK
178 1 1041466692 RESP_END
178 1 1040469232 REWARD_END
179 0 1043637536 STIM_START
179 0 1044736164 STIM_END_RESP_START
179 0 1045936184 RESP_END
180 0 1047913368 STIM_START
180 0 1049012000 STIM_END_RESP_START
180 0 1050212020 RESP_END
181 0 1052087368 STIM_START
181 0 1053185988 STIM_END_RESP_START
181 0 1054386008 RESP_END
182 1 1056103492 STIM_START
182 1 1057202116 STIM_END_RESP_START
182 1 1058402140 RESP_END
183 0 1060041764 STIM_START
183 0 1061140420 STIM_END_RESP_START
183 0 1062340444 RESP_END
184 1 1064151788 STIM_START
184 1 1065250416 STIM_END_RESP_START
184 1 1065312172 LICK
184 1 1065312708 REWARD_START
184 1 1065492308 LICK
184 1 1065747816 LICK
184 1 1065891908 LICK
184 1 1066041516 LICK
184 1 1066450444 RESP_END
184 1 1065343264 REWARD_END
185 1 1068205908 STIM_START
185 1 1069304536 STIM_END_RESP_START
185 1 1069504444 LICK
185 1 1069504980 REWARD_START
185 1 1069650856 LICK
185 1 1069790104 LICK
185 1 1069910828 LICK
185 1 1070054724 LICK
185 1 1070199220 LICK
185 1 1070504580 RESP_END
185 1 1069535540 REWARD_END
186 1 1072352912 STIM_START
186 1 1073451540 STIM_END_RESP_START
186 1 1073498960 LICK
186 1 1073499496 REWARD_START
186 1 1073664240 LICK
186 1 1073792140 LICK
186 1 1073915656 LICK
186 1 1074047488 LICK
186 1 1074190548 LICK
186 1 1074378128 LICK
186 1 1074651556 RESP_END
186 1 1073530056 REWARD_END
187 0 1076556824 STIM_START
187 0 1077461204 LICK
187 0 1077655448 STIM_END_RESP_START
187 0 1078831840 LICK
187 0 1078832380 TIMEOUT_START
187 0 1078855488 RESP_END
187 0 1085832932 TIMEOUT_END
188 0 1087502612 STIM_START
188 0 1088601240 STIM_END_RESP_START
188 0 1089801268 RESP_END
189 0 1091661588 STIM_START
189 0 1092760216 STIM_END_RESP_START
189 0 1093960240 RESP_END
190 1 1095558868 STIM_START
190 1 1096362648 LICK
190 1 1096657512 STIM_END_RESP_START
190 1 1097115844 LICK
190 1 1097116376 REWARD_START
190 1 1097285384 LICK
190 1 1097424084 LICK
190 1 1097555036 LICK
190 1 1097694072 LICK
190 1 1097857528 RESP_END
190 1 1097146936 REWARD_END
191 1 1099481132 STIM_START
191 1 1100579760 STIM_END_RESP_START
191 1 1101026460 LICK
191 1 1101026988 REWARD_START
191 1 1101167788 LICK
191 1 1101301092 LICK
191 1 1101424888 LICK
191 1 1101555692 LICK
191 1 1101705156 LICK
191 1 1101779776 RESP_END
191 1 1101057548 REWARD_END
192 1 1103767900 STIM_START
192 1 1104506872 LICK
192 1 1104866540 STIM_END_RESP_START
192 1 1104897816 LICK
192 1 1104898352 REWARD_START
192 1 1105079084 LICK
192 1 1105215776 LICK
192 1 1105351852 LICK
192 1 1105491684 LICK
192 1 1105647520 LICK
192 1 1106066548 RESP_END
192 1 1104928912 REWARD_END
193 0 1107774112 STIM_START
193 0 1108872740 STIM_END_RESP_START
193 0 1110072760 RESP_END
194 0 1111735340 STIM_START
194 0 1112833964 STIM_END_RESP_START
194 0 1113338208 LICK
194 0 1113338740 TIMEOUT_START
194 0 1114033976 RESP_END
194 0 1120339308 TIMEOUT_END
195 1 1121999920 STIM_START
195 1 1123098552 STIM_END_RESP_START
195 1 1123111260 LICK
195 1 1123111792 REWARD_START
195 1 1123320848 LICK
195 1 1123580040 LICK
195 1 1123716036 LICK
195 1 1123868272 LICK
195 1 1124198000 LICK
195 1 1124298600 RESP_END
195 1 1123142364 REWARD_END
196 1 1126234780 STIM_START
196 1 1127270432 LICK
196 1 1127333400 STIM_END_RESP_START
196 1 1127455596 LICK
196 1 1127456136 REWARD_START
196 1 1127643648 LICK
196 1 1127789216 LICK
196 1 1127927592 LICK
196 1 1128064436 LICK
196 1 1128228652 LICK
196 1 1128533448 RESP_END
196 1 1127486692 REWARD_END
197 1 1130479676 STIM_START
197 1 1131332256 LICK
197 1 1131494192 LICK
197 1 1131578328 STIM_END_RESP_START
197 1 1131661456 LICK
197 1 1131661988 REWARD_START
197 1 1131807080 LICK
197 1 1131938912 LICK
197 1 1132066032 LICK
197 1 1132201888 LICK
197 1 1132342332 LICK
197 1 1132778344 RESP_END
197 1 1131692548 REWARD_END
198 0 1134527764 STIM_START
198 0 1135626396 STIM_END_RESP_START
198 0 1135738456 LICK
198 0 1135738996 TIMEOUT_START
198 0 1135912868 LICK
198 0 1135913408 TIMEOUT_START
198 0 1136265944 LICK
198 0 1136266484 TIMEOUT_START
198 0 1136420388 LICK
198 0 1136420924 TIMEOUT_START
198 0 1136579276 LICK
198 0 1136579812 TIMEOUT_START
198 0 1136826408 RESP_END
198 0 1143580372 TIMEOUT_END
199 1 1145643356 STIM_START
199 1 1146741984 STIM_END_RESP_START
199 1 1146896240 LICK
199 1 1146896776 REWARD_START
199 1 1147062976 LICK
199 1 1147202280 LICK
199 1 1147332860 LICK
199 1 1147478376 LICK
199 1 1147632776 LICK
199 1 1147942004 RESP_END
199 1 1146927336 REWARD_END
200 1 1149832296 STIM_START
200 1 1150930920 STIM_END_RESP_START
200 1 1152130944 RESP_END
201 1 1154040208 STIM_START
201 1 1155138836 STIM_END_RESP_START
201 1 1155230624 LICK
201 1 1155231160 REWARD_START
201 1 1155412708 LICK
201 1 1155661844 LICK
201 1 1155799216 LICK
201 1 1155948372 LICK
201 1 1156105120 LICK
201 1 1156338880 RESP_END
201 1 1155261720 REWARD_END
202 0 1158205184 STIM_START
202 0 1159303816 STIM_END_RESP_START
202 0 1160503840 RESP_END
203 0 1162463040 STIM_START
203 0 1163392588 LICK
203 0 1163561684 STIM_END_RESP_START
203 0 1163920868 LICK
203 0 1163921396 TIMEOUT_START
203 0 1164083236 LICK
203 0 1164083768 TIMEOUT_START
203 0 1164761724 RESP_END
203 0 1171084336 TIMEOUT_END
204 0 1175088776 STIM_START
204 0 1176187404 STIM_END_RESP_START
204 0 1176488780 LICK
204 0 1176489320 TIMEOUT_START
204 0 1176861404 LICK
204 0 1176861944 TIMEOUT_START
204 0 1177055364 LICK
204 0 1177055900 TIMEOUT_START
204 0 1177228044 LICK
204 0 1177228584 TIMEOUT_START
204 0 1177387452 RESP_END
204 0 1184229148 TIMEOUT_END
205 1 1185978620 STIM_START
205 1 1186782980 LICK
205 1 1186967124 LICK
205 1 1187077248 STIM_END_RESP_START
205 1 1187139192 LICK
205 1 1187139732 REWARD_START
205 1 1187318724 LICK
205 1 1187480252 LICK
205 1 1187616708 LICK
205 1 1187763524 LICK
205 1 1188277288 RESP_END
205 1 1187170288 REWARD_END
206 1 1190110668 STIM_START
206 1 1191209296 STIM_END_RESP_START
206 1 1191295196 LICK
206 1 1191295728 REWARD_START
206 1 1191459976 LICK
206 1 1191599580 LICK
206 1 1191727576 LICK
206 1 1191875832 LICK
206 1 1192027988 LICK
206 1 1192409320 RESP_END
206 1 1191326288 REWARD_END
207 0 1194132780 STIM_START
207 0 1195136560 LICK
207 0 1195231436 STIM_END_RESP_START
207 0 1195309268 LICK
207 0 1195309804 TIMEOUT_START
207 0 1195469264 LICK
207 0 1195469796 TIMEOUT_START
207 0 1195631700 LICK
207 0 1195632232 TIMEOUT_START
207 0 1195817556 LICK
207 0 1195818092 TIMEOUT_START
207 0 1196431456 RESP_END
207 0 1202818644 TIMEOUT_END
208 1 1204743912 STIM_START
208 1 1205573704 LICK
208 1 1205842540 STIM_END_RESP_START
208 1 1205993760 LICK
208 1 1205994292 REWARD_START
208 1 1206162108 LICK
208 1 1206305592 LICK
208 1 1206454632 LICK
208 1 1206597496 LICK
208 1 1207042580 RESP_END
208 1 1206024852 REWARD_END
209 0 1208843976 STIM_START
209 0 1209344136 LICK
209 0 1209919144 LICK
209 0 1209942596 STIM_END_RESP_START
209 0 1210085492 LICK
209 0 1210086024 TIMEOUT_START
209 0 1210240996 LICK
209 0 1210241532 TIMEOUT_START
209 0 1210553128 LICK
209 0 1210553668 TIMEOUT_START
209 0 1211142616 RESP_END
209 0 1217554216 TIMEOUT_END
210 0 1219606004 STIM_START
210 0 1220704640 STIM_END_RESP_START
210 0 1220709396 LICK
210 0 1220709936 TIMEOUT_START
210 0 1220909388 LICK
210 0 1220909920 TIMEOUT_START
210 0 1221081684 LICK
210 0 1221082220 TIMEOUT_START
210 0 1221270712 LICK
210 0 1221271244 TIMEOUT_START
210 0 1221445284 LICK
210 0 1221445820 TIMEOUT_START
210 0 1221637820 LICK
210 0 1221638360 TIMEOUT_START
210 0 1221830836 LICK
210 0 1221831368 TIMEOUT_START
210 0 1221904656 RESP_END
210 0 1228831924 TIMEOUT_END
211 0 1230494840 STIM_START
211 0 1231593504 STIM_END_RESP_START
211 0 1231999916 LICK
211 0 1232000456 TIMEOUT_START
211 0 1232188888 LICK
211 0 1232189420 TIMEOUT_START
211 0 1232787556 LICK
211 0 1232788088 TIMEOUT_START
211 0 1232793536 RESP_END
211 0 1239788652 TIMEOUT_END
212 1 1241830160 STIM_START
212 1 1242928792 STIM_END_RESP_START
212 1 1243204340 LICK
212 1 1243204880 REWARD_START
212 1 1243409692 LICK
212 1 1243626432 LICK
212 1 1243881608 LICK
212 1 1244023332 LICK
212 1 1244128824 RESP_END
212 1 1243235440 REWARD_END
213 0 1246092992 STIM_START
213 0 1247191624 STIM_END_RESP_START
213 0 1248391648 RESP_END
214 0 1250382816 STIM_START
214 0 1251481444 STIM_END_RESP_START
214 0 1252681472 RESP_END
215 0 1254697604 STIM_START
215 0 1255796232 STIM_END_RESP_START
215 0 1256996256 RESP_END
216 1 1258670780 STIM_START
216 1 1259769408 STIM_END_RESP_START
216 1 1260247896 LICK
216 1 1260248432 REWARD_START
216 1 1260429448 LICK
216 1 1260683092 LICK
216 1 1260959300 LICK
216 1 1260969420 RESP_END
216 1 1260278992 REWARD_END
217 1 1262755872 STIM_START
217 1 1263791248 LICK
217 1 1263854504 STIM_END_RESP_START
217 1 1263967548 LICK
217 1 1263968084 REWARD_START
217 1 1264132600 LICK
217 1 1264271456 LICK
217 1 1264402792 LICK
217 1 1264540424 LICK
217 1 1264687124 LICK
217 1 1264856276 LICK
217 1 1265054524 RESP_END
217 1 1263998644 REWARD_END
218 1 1266803952 STIM_START
218 1 1267873652 LICK
218 1 1267902580 STIM_END_RESP_START
218 1 1268008076 LICK
218 1 1268008612 REWARD_START
218 1 1268170888 LICK
218 1 1268312388 LICK
218 1 1268441104 LICK
218 1 1268577260 LICK
218 1 1268719068 LICK
218 1 1269102632 RESP_END
218 1 1268039172 REWARD_END
219 0 1270833124 STIM_START
219 0 1271931756 STIM_END_RESP_START
219 0 1273131780 RESP_END
220 0 1275107964 STIM_START
220 0 1276206592 STIM_END_RESP_START
220 0 1277406620 RESP_END
221 1 1279249932 STIM_START
221 1 1280210844 LICK
221 1 1280348568 STIM_END_RESP_START
221 1 1280370728 LICK
221 1 1280371260 REWARD_START
221 1 1280522712 LICK
221 1 1280666188 LICK
221 1 1280787332 LICK
221 1 1280917408 LICK
221 1 1281059404 LICK
221 1 1281548592 RESP_END
221 1 1280401816 REWARD_END
222 1 1283517792 STIM_START
222 1 1284616420 STIM_END_RESP_START
222 1 1284657756 LICK
222 1 1284658292 REWARD_START
222 1 1284822904 LICK
222 1 1284957996 LICK
222 1 1285087020 LICK
222 1 1285222648 LICK
222 1 1285365664 LICK
222 1 1285816436 RESP_END
222 1 1284688844 REWARD_END
223 1 1287838568 STIM_START
223 1 1288568156 LICK
223 1 1288724348 LICK
223 1 1288937204 STIM_END_RESP_START
223 1 1289162640 LICK
223 1 1289163176 REWARD_START
223 1 1289315692 LICK
223 1 1289450932 LICK
223 1 1289577720 LICK
223 1 1289710496 LICK
223 1 1289856928 LICK
223 1 1290137252 RESP_END
223 1 1289193740 REWARD_END
224 0 1291826752 STIM_START
224 0 1292925384 STIM_END_RESP_START
224 0 1292994840 LICK
224 0 1292995372 TIMEOUT_START
224 0 1293182712 LICK
224 0 1293183252 TIMEOUT_START
224 0 1294125396 RESP_END
224 0 1300183812 TIMEOUT_END
225 0 1302031396 STIM_START
225 0 1303130020 STIM_END_RESP_START
225 0 1304330044 RESP_END
226 0 1306200380 STIM_START
226 0 1307299008 STIM_END_RESP_START
226 0 1307373416 LICK
226 0 1307373956 TIMEOUT_START
226 0 1307736884 LICK
226 0 1307737424 TIMEOUT_START
226 0 1308116008 LICK
226 0 1308116540 TIMEOUT_START
226 0 1308301708 LICK
226 0 1308302240 TIMEOUT_START
226 0 1308499040 RESP_END
226 0 1315302796 TIMEOUT_END
227 1 1317005332 STIM_START
227 1 1318092652 LICK
227 1 1318103964 STIM_END_RESP_START
227 1 1318279800 LICK
227 1 1318280340 REWARD_START
227 1 1318455276 LICK
227 1 1318644300 LICK
227 1 1318996104 LICK
227 1 1319270684 LICK
227 1 1319304000 RESP_END
227 1 1318310892 REWARD_END
228 1 1321202240 STIM_START
228 1 1321960924 LICK
228 1 1322120264 LICK
228 1 1322279732 LICK
228 1 1322300888 STIM_END_RESP_START
228 1 1322619336 LICK
228 1 1322619868 REWARD_START
228 1 1322788844 LICK
228 1 1323039532 LICK
228 1 1323184936 LICK
228 1 1323319088 LICK
228 1 1323500924 RESP_END
228 1 1322650428 REWARD_END
229 0 1325481092 STIM_START
229 0 1326579756 STIM_END_RESP_START
229 0 1326826060 LICK
229 0 1326826596 TIMEOUT_START
229 0 1327000368 LICK
229 0 1327000908 TIMEOUT_START
229 0 1327350912 LICK
229 0 1327351444 TIMEOUT_START
229 0 1327779784 RESP_END
229 0 1334352008 TIMEOUT_END
230 0 1336357944 STIM_START
230 0 1337456564 STIM_END_RESP_START
230 0 1338656588 RESP_END
231 1 1340593816 STIM_START
231 1 1341438204 LICK
231 1 1341593160 LICK
231 1 1341692444 STIM_END_RESP_START
231 1 1341936800 LICK
231 1 1341937332 REWARD_START
231 1 1342107176 LICK
231 1 1342304460 LICK
231 1 1342479076 LICK
231 1 1342892488 RESP_END
231 1 1341967892 REWARD_END
232 0 1345438996 STIM_START
232 0 1346410832 LICK
232 0 1346537624 STIM_END_RESP_START
232 0 1346587256 LICK
232 0 1346587792 TIMEOUT_START
232 0 1346754144 LICK
232 0 1346754680 TIMEOUT_START
232 0 1346922596 LICK
232 0 1346923128 TIMEOUT_START
232 0 1347088600 LICK
232 0 1347089132 TIMEOUT_START
232 0 1347273992 LICK
232 0 1347274524 TIMEOUT_START
232 0 1347448592 LICK
232 0 1347449128 TIMEOUT_START
232 0 1347636024 LICK
232 0 1347636556 TIMEOUT_START
232 0 1347737660 RESP_END
232 0 1354637108 TIMEOUT_END
233 1 1356392732 STIM_START
233 1 1357491360 STIM_END_RESP_START
233 1 1358309472 LICK
233 1 1358310004 REWARD_START
233 1 1358447976 LICK
233 1 1358595244 LICK
233 1 1358691384 RESP_END
233 1 1358340564 REWARD_END
234 1 1361098048 STIM_START
234 1 1362196676 STIM_END_RESP_START
234 1 1362406680 LICK
234 1 1362407212 REWARD_START
234 1 1362564904 LICK
234 1 1362699084 LICK
234 1 1362825236 LICK
234 1 1362959032 LICK
234 1 1363112900 LICK
234 1 1363396724 RESP_END
234 1 1362437772 REWARD_END
235 1 1365875316 STIM_START
235 1 1366442812 LICK
235 1 1366831056 LICK
235 1 1366973964 STIM_END_RESP_START
235 1 1367012716 LICK
235 1 1367013248 REWARD_START
235 1 1367192100 LICK
235 1 1367335888 LICK
235 1 1367465548 LICK
235 1 1367603940 LICK
235 1 1367760992 LICK
235 1 1368173988 RESP_END
235 1 1367043808 REWARD_END
236 0 1370256980 STIM_START
236 0 1370994608 LICK
236 0 1371183700 LICK
236 0 1371350056 LICK
236 0 1371355612 STIM_END_RESP_START
236 0 1371526576 LICK
236 0 1371527108 TIMEOUT_START
236 0 1371695180 LICK
236 0 1371695712 TIMEOUT_START
236 0 1371874688 LICK
236 0 1371875220 TIMEOUT_START
236 0 1372555640 RESP_END
236 0 1378875776 TIMEOUT_END
237 0 1380520540 STIM_START
237 0 1381619168 STIM_END_RESP_START
237 0 1381820504 LICK
237 0 1381821036 TIMEOUT_START
237 0 1382022416 LICK
237 0 1382022948 TIMEOUT_START
237 0 1382375800 LICK
237 0 1382376332 TIMEOUT_START
237 0 1382819212 RESP_END
237 0 1389376896 TIMEOUT_END
238 1 1391280568 STIM_START
238 1 1392362588 LICK
238 1 1392379212 STIM_END_RESP_START
238 1 1392590760 LICK
238 1 1392591300 REWARD_START
238 1 1392779816 LICK
238 1 1393212816 LICK
238 1 1393484024 LICK
238 1 1393579240 RESP_END
238 1 1392621860 REWARD_END
239 0 1395546416 STIM_START
239 0 1396645048 STIM_END_RESP_START
239 0 1397561020 LICK
239 0 1397561560 TIMEOUT_START
239 0 1397758640 LICK
239 0 1397759180 TIMEOUT_START
239 0 1397845064 RESP_END
239 0 1404759740 TIMEOUT_END
240 0 1406442268 STIM_START
240 0 1407540908 STIM_END_RESP_START
240 0 1407558680 LICK
240 0 1407559212 TIMEOUT_START
240 0 1407752484 LICK
240 0 1407753016 TIMEOUT_START
240 0 1407942300 LICK
240 0 1407942840 TIMEOUT_START
240 0 1408156692 LICK
240 0 1408157224 TIMEOUT_START
240 0 1408450048 LICK
240 0 1408450584 TIMEOUT_START
240 0 1408620288 LICK
240 0 1408620824 TIMEOUT_START
240 0 1408740924 RESP_END
240 0 1415621384 TIMEOUT_END
241 1 1417349072 STIM_START
241 1 1418447700 STIM_END_RESP_START
241 1 1418533004 LICK
241 1 1418533536 REWARD_START
241 1 1418739088 LICK
241 1 1418891128 LICK
241 1 1419014660 LICK
241 1 1419156008 LICK
241 1 1419321516 LICK
241 1 1419647732 RESP_END
241 1 1418564096 REWARD_END
242 0 1421683836 STIM_START
242 0 1422734604 LICK
242 0 1422782488 STIM_END_RESP_START
242 0 1422910844 LICK
242 0 1422911376 TIMEOUT_START
242 0 1423122700 LICK
242 0 1423123232 TIMEOUT_START
242 0 1423302184 LICK
242 0 1423302724 TIMEOUT_START
242 0 1423982528 RESP_END
242 0 1430303280 TIMEOUT_END
243 0 1432176172 STIM_START
243 0 1433274800 STIM_END_RESP_START
243 0 1433395576 LICK
243 0 1433396108 TIMEOUT_START
243 0 1433644608 LICK
243 0 1433645144 TIMEOUT_START
243 0 1433806612 LICK
243 0 1433807148 TIMEOUT_START
243 0 1433991680 LICK
243 0 1433992216 TIMEOUT_START
243 0 1434375512 LICK
243 0 1434376044 TIMEOUT_START
243 0 1434474824 RESP_END
243 0 1441376604 TIMEOUT_END
244 1 1445040608 STIM_START
244 1 1445951064 LICK
244 1 1446139240 STIM_END_RESP_START
244 1 1446358780 LICK
244 1 1446359320 REWARD_START
244 1 1446574820 LICK
244 1 1446855244 LICK
244 1 1447001940 LICK
244 1 1447160620 LICK
244 1 1447339276 RESP_END
244 1 1446389880 REWARD_END
245 0 1449228532 STIM_START
245 0 1450327160 STIM_END_RESP_START
245 0 1451527184 RESP_END
246 1 1453125844 STIM_START
246 1 1454224472 STIM_END_RESP_START
246 1 1454586660 LICK
246 1 1454587200 REWARD_START
246 1 1454744592 LICK
246 1 1454985992 LICK
246 1 1455119544 LICK
246 1 1455250492 LICK
246 1 1455405680 LICK
246 1 1455424492 RESP_END
246 1 1454617760 REWARD_END
247 0 1457262852 STIM_START
247 0 1458361480 STIM_END_RESP_START
247 0 1459561504 RESP_END
248 1 1461193092 STIM_START
248 1 1462291720 STIM_END_RESP_START
248 1 1463491744 RESP_END
249 1 1465470936 STIM_START
249 1 1466569564 STIM_END_RESP_START
249 1 1466711476 LICK
249 1 1466712012 REWARD_START
249 1 1466887148 LICK
249 1 1467149704 LICK
249 1 1467291628 LICK
249 1 1467435408 LICK
249 1 1467769588 RESP_END
249 1 1466742572 REWARD_END
250 1 1469549004 STIM_START
250 1 1470647632 STIM_END_RESP_START
250 1 1470853584 LICK
250 1 1470854120 REWARD_START
250 1 1471025972 LICK
250 1 1471166292 LICK
250 1 1471289816 LICK
250 1 1471422788 LICK
250 1 1471565424 LICK
250 1 1471847656 RESP_END
250 1 1470884676 REWARD_END
251 0 1473630068 STIM_START
251 0 1474728720 STIM_END_RESP_START
251 0 1475928740 RESP_END
252 0 1477828996 STIM_START
252 0 1478927628 STIM_END_RESP_START
252 0 1480127648 RESP_END
253 0 1482048904 STIM_START
253 0 1483147532 STIM_END_RESP_START
253 0 1484347556 RESP_END
254 1 1486214872 STIM_START
254 1 1487256368 LICK
254 1 1487313504 STIM_END_RESP_START
254 1 1488513532 RESP_END
255 0 1490312920 STIM_START
255 0 1491411548 STIM_END_RESP_START
255 0 1492611572 RESP_END
256 0 1494585756 STIM_START
256 0 1495684384 STIM_END_RESP_START
256 0 1496884408 RESP_END
257 1 1498802652 STIM_START
257 1 1499901284 STIM_END_RESP_START
257 1 1500332960 LICK
257 1 1500333500 REWARD_START
257 1 1500494712 LICK
257 1 1500747792 LICK
257 1 1500879100 LICK
257 1 1501026856 LICK
257 1 1501101332 RESP_END
257 1 1500364060 REWARD_END
258 0 1503045504 STIM_START
258 0 1504144136 STIM_END_RESP_START
258 0 1505344156 RESP_END
259 0 1507384268 STIM_START
259 0 1508482896 STIM_END_RESP_START
259 0 1509682920 RESP_END
260 1 1511683092 STIM_START
260 1 1512703076 LICK
260 1 1512781708 STIM_END_RESP_START
260 1 1512878312 LICK
260 1 1512878844 REWARD_START
260 1 1513020632 LICK
260 1 1513158364 LICK
260 1 1513283944 LICK
260 1 1513415440 LICK
260 1 1513555952 LICK
260 1 1513981724 RESP_END
260 1 1512909404 REWARD_END
261 1 1515999880 STIM_START
261 1 1517098508 STIM_END_RESP_START
261 1 1518298536 RESP_END
262 0 1520034016 STIM_START
262 0 1521132644 STIM_END_RESP_START
262 0 1522332664 RESP_END
263 1 1524194980 STIM_START
263 1 1524876004 LICK
263 1 1525056604 LICK
263 1 1525293616 STIM_END_RESP_START
263 1 1525843284 LICK
263 1 1525843816 REWARD_START
263 1 1526493640 RESP_END
263 1 1525874376 REWARD_END
264 1 1528313004 STIM_START
264 1 1529411632 STIM_END_RESP_START
264 1 1530611652 RESP_END
265 1 1532350116 STIM_START
265 1 1532757636 LICK
265 1 1533013876 LICK
265 1 1533141512 LICK
265 1 1533275632 LICK
265 1 1533430804 LICK
265 1 1533448736 STIM_END_RESP_START
265 1 1534648776 RESP_END
266 0 1536534044 STIM_START
266 0 1537632668 STIM_END_RESP_START
266 0 1537668156 LICK
266 0 1537668684 TIMEOUT_START
266 0 1538832696 RESP_END
266 0 1544669252 TIMEOUT_END
267 1 1546712768 STIM_START
267 1 1547811396 STIM_END_RESP_START
267 1 1547921776 LICK
267 1 1547922308 REWARD_START
267 1 1548098276 LICK
267 1 1548243724 LICK
267 1 1548369456 LICK
267 1 1548518868 LICK
267 1 1548667656 LICK
267 1 1549011432 RESP_END
267 1 1547952868 REWARD_END
268 1 1550626996 STIM_START
268 1 1551725624 STIM_END_RESP_START
268 1 1551821284 LICK
268 1 1551821820 REWARD_START
268 1 1551996792 LICK
268 1 1552137540 LICK
268 1 1552276268 LICK
268 1 1552420808 LICK
268 1 1552580096 LICK
268 1 1552925656 RESP_END
268 1 1551852380 REWARD_END
269 1 1554786028 STIM_START
269 1 1555721692 LICK
269 1 1555884680 STIM_END_RESP_START
269 1 1555886704 LICK
269 1 1555887252 REWARD_START
269 1 1556046832 LICK
269 1 1556186280 LICK
269 1 1556321520 LICK
269 1 1556465684 LICK
269 1 1556620040 LICK
269 1 1557084728 RESP_END
269 1 1555917812 REWARD_END
270 0 1558785160 STIM_START
270 0 1559257108 LICK
270 0 1559670852 LICK
270 0 1559843616 LICK
270 0 1559883804 STIM_END_RESP_START
270 0 1560177036 LICK
270 0 1560177568 TIMEOUT_START
270 0 1560351148 LICK
270 0 1560351684 TIMEOUT_START
270 0 1560519712 LICK
270 0 1560520244 TIMEOUT_START
270 0 1560691752 LICK
270 0 1560692284 TIMEOUT_START
270 0 1561083824 RESP_END
270 0 1567692852 TIMEOUT_END
271 1 1569669996 STIM_START
271 1 1570768628 STIM_END_RESP_START
271 1 1571131196 LICK
271 1 1571131736 REWARD_START
271 1 1571296656 LICK
271 1 1571432928 LICK
271 1 1571566236 LICK
271 1 1571706784 LICK
271 1 1571968644 RESP_END
271 1 1571162300 REWARD_END
272 1 1573813988 STIM_START
272 1 1574689856 LICK
272 1 1574840092 LICK
272 1 1574912648 STIM_END_RESP_START
272 1 1574986948 LICK
272 1 1574987480 REWARD_START
272 1 1575128244 LICK
272 1 1575262072 LICK
272 1 1575388936 LICK
272 1 1575527404 LICK
272 1 1575677740 LICK
272 1 1576112696 RESP_END
272 1 1575018040 REWARD_END
273 0 1578132800 STIM_START
273 0 1578593848 LICK
273 0 1579136284 LICK
273 0 1579231428 STIM_END_RESP_START
273 0 1579500372 LICK
273 0 1579500908 TIMEOUT_START
273 0 1580431444 RESP_END
273 0 1586501476 TIMEOUT_END
274 0 1588316492 STIM_START
274 0 1589415124 STIM_END_RESP_START
274 0 1589580044 LICK
274 0 1589580576 TIMEOUT_START
274 0 1589778116 LICK
274 0 1589778656 TIMEOUT_START
274 0 1589974520 LICK
274 0 1589975056 TIMEOUT_START
274 0 1590362376 LICK
274 0 1590362908 TIMEOUT_START
274 0 1590562096 LICK
274 0 1590562628 TIMEOUT_START
274 0 1590615168 RESP_END
274 0 1597563192 TIMEOUT_END
275 1 1599446048 STIM_START
275 1 1600410568 LICK
275 1 1600544688 STIM_END_RESP_START
275 1 1600611288 LICK
275 1 1600611828 REWARD_START
275 1 1600792976 LICK
275 1 1600987232 LICK
275 1 1601255024 LICK
275 1 1601401720 LICK
275 1 1601744736 RESP_END
275 1 1600642388 REWARD_END
276 0 1603727868 STIM_START
276 0 1604826496 STIM_END_RESP_START
276 0 1606026520 RESP_END
277 1 1607741996 STIM_START
277 1 1608840640 STIM_END_RESP_START
277 1 1608843528 LICK
277 1 1608844068 REWARD_START
277 1 1609018008 LICK
277 1 1609277052 LICK
277 1 1609411556 LICK
277 1 1609556216 LICK
277 1 1609740836 LICK
277 1 1610040664 RESP_END
277 1 1608874628 REWARD_END
278 0 1611846068 STIM_START
278 0 1612944696 STIM_END_RESP_START
278 0 1614144720 RESP_END
279 1 1615854220 STIM_START
279 1 1616799240 LICK
279 1 1616952848 STIM_END_RESP_START
279 1 1617105568 LICK
279 1 1617106104 REWARD_START
279 1 1617274632 LICK
279 1 1617399868 LICK
279 1 1617523996 LICK
279 1 1617651880 LICK
279 1 1617790236 LICK
279 1 1618152868 RESP_END
279 1 1617136664 REWARD_END
280 1 1620229948 STIM_START
280 1 1621328576 STIM_END_RESP_START
280 1 1621417776 LICK
280 1 1621418316 REWARD_START
280 1 1621576420 LICK
280 1 1621820396 LICK
280 1 1621960336 LICK
280 1 1622094404 LICK
280 1 1622246380 LICK
280 1 1622528608 RESP_END
280 1 1621448876 REWARD_END
281 1 1624566688 STIM_START
281 1 1625427428 LICK
281 1 1625665328 STIM_END_RESP_START
281 1 1626061704 LICK
281 1 1626062240 REWARD_START
281 1 1626276012 LICK
281 1 1626411480 LICK
281 1 1626527584 LICK
281 1 1626656896 LICK
281 1 1626796012 LICK
281 1 1626865360 RESP_END
281 1 1626092800 REWARD_END
282 0 1628599820 STIM_START
282 0 1629698448 STIM_END_RESP_START
282 0 1629812612 LICK
282 0 1629813152 TIMEOUT_START
282 0 1630221792 LICK
282 0 1630222324 TIMEOUT_START
282 0 1630898468 RESP_END
282 0 1637222888 TIMEOUT_END
283 0 1638806464 STIM_START
283 0 1639905092 STIM_END_RESP_START
283 0 1641105112 RESP_END
284 0 1642700780 STIM_START
284 0 1643799408 STIM_END_RESP_START
284 0 1644999432 RESP_END
285 1 1646796808 STIM_START
285 1 1647895428 STIM_END_RESP_START
285 1 1648010948 LICK
285 1 1648011484 REWARD_START
285 1 1648195644 LICK
285 1 1648462184 LICK
285 1 1648602208 LICK
285 1 1648772232 LICK
285 1 1649095452 RESP_END
285 1 1648042044 REWARD_END
286 1 1651135588 STIM_START
286 1 1652142524 LICK
286 1 1652234220 STIM_END_RESP_START
286 1 1652311116 LICK
286 1 1652311648 REWARD_START
286 1 1652457532 LICK
286 1 1652706056 LICK
286 1 1652983216 LICK
286 1 1653147628 LICK
286 1 1653434248 RESP_END
286 1 1652342208 REWARD_END
287 1 1655046868 STIM_START
287 1 1655960676 LICK
287 1 1656115072 LICK
287 1 1656145492 STIM_END_RESP_START
287 1 1656433696 LICK
287 1 1656434228 REWARD_START
287 1 1656591644 LICK
287 1 1656723012 LICK
287 1 1656851056 LICK
287 1 1656983080 LICK
287 1 1657128980 LICK
287 1 1657345516 RESP_END
287 1 1656464788 REWARD_END
288 0 1659129928 STIM_START
288 0 1660228548 STIM_END_RESP_START
288 0 1661428576 RESP_END
289 1 1663079128 STIM_START
289 1 1664133824 LICK
289 1 1664177768 STIM_END_RESP_START
289 1 1664465192 LICK
289 1 1664465724 REWARD_START
289 1 1664636076 LICK
289 1 1664776288 LICK
289 1 1664899244 LICK
289 1 1665031644 LICK
289 1 1665173716 LICK
289 1 1665377812 RESP_END
289 1 1664496284 REWARD_END
290 0 1667209156 STIM_START
290 0 1668307784 STIM_END_RESP_START
290 0 1669507812 RESP_END
291 1 1671105428 STIM_START
291 1 1672204056 STIM_END_RESP_START
291 1 1672309216 LICK
291 1 1672309748 REWARD_START
291 1 1672466492 LICK
291 1 1672604020 LICK
291 1 1672731888 LICK
291 1 1672873208 LICK
291 1 1673025060 LICK
291 1 1673193948 LICK
291 1 1673404104 RESP_END
291 1 1672340308 REWARD_END
292 0 1675124592 STIM_START
292 0 1675963556 LICK
292 0 1676223248 STIM_END_RESP_START
292 0 1676325516 LICK
292 0 1676326056 TIMEOUT_START
292 0 1676855088 LICK
292 0 1676855628 TIMEOUT_START
292 0 1677036756 LICK
292 0 1677037292 TIMEOUT_START
292 0 1677423284 RESP_END
292 0 1684037860 TIMEOUT_END
293 1 1685894600 STIM_START
293 1 1686993228 STIM_END_RESP_START
293 1 1687359096 LICK
293 1 1687359636 REWARD_START
293 1 1687586340 LICK
293 1 1687761144 LICK
293 1 1687927364 LICK
293 1 1688066672 LICK
293 1 1688193268 RESP_END
293 1 1687390192 REWARD_END
294 0 1690054552 STIM_START
294 0 1691153180 STIM_END_RESP_START
294 0 1692353204 RESP_END
295 1 1694232524 STIM_START
295 1 1694828380 LICK
295 1 1695331160 STIM_END_RESP_START
295 1 1695348012 LICK
295 1 1695348544 REWARD_START
295 1 1695503496 LICK
295 1 1695635516 LICK
295 1 1695752508 LICK
295 1 1696008816 LICK
295 1 1696159764 LICK
295 1 1696531188 RESP_END
295 1 1695379100 REWARD_END
296 0 1698437436 STIM_START
296 0 1699499824 LICK
296 0 1699536072 STIM_END_RESP_START
296 0 1699669384 LICK
296 0 1699669916 TIMEOUT_START
296 0 1699851224 LICK
296 0 1699851760 TIMEOUT_START
296 0 1700376572 LICK
296 0 1700377108 TIMEOUT_START
296 0 1700736096 RESP_END
296 0 1707377672 TIMEOUT_END
297 0 1709382204 STIM_START
297 0 1710480832 STIM_END_RESP_START
297 0 1710619024 LICK
297 0 1710619552 TIMEOUT_START
297 0 1710977220 LICK
297 0 1710977752 TIMEOUT_START
297 0 1711362700 LICK
297 0 1711363236 TIMEOUT_START
297 0 1711540752 LICK
297 0 1711541292 TIMEOUT_START
297 0 1711680848 RESP_END
297 0 1718541848 TIMEOUT_END
298 1 1720520700 STIM_START
298 1 1721619324 STIM_END_RESP_START
298 1 1721837140 LICK
298 1 1721837676 REWARD_START
298 1 1722057368 LICK
298 1 1722316324 LICK
298 1 1722449936 LICK
298 1 1722608504 LICK
298 1 1722819348 RESP_END
298 1 1721868228 REWARD_END
299 1 1724687684 STIM_START
299 1 1725786312 STIM_END_RESP_START
299 1 1726331432 LICK
299 1 1726331972 REWARD_START
299 1 1726488748 LICK
299 1 1726624644 LICK
299 1 1726747136 LICK
299 1 1726876608 LICK
299 1 1726986360 RESP_END
299 1 1726362524 REWARD_END
300 0 1728698864 STIM_START
300 0 1729797492 STIM_END_RESP_START
300 0 1730997516 RESP_END
301 1 1732789912 STIM_START
301 1 1733888540 STIM_END_RESP_START
301 1 1734114692 LICK
301 1 1734115224 REWARD_START
301 1 1734278548 LICK
301 1 1734421796 LICK
301 1 1734543864 LICK
301 1 1734682796 LICK
301 1 1734825776 LICK
301 1 1735088584 RESP_END
301 1 1734145784 REWARD_END
302 1 1736773060 STIM_START
302 1 1737871688 STIM_END_RESP_START
302 1 1737893880 LICK
302 1 1737894420 REWARD_START
302 1 1738074360 LICK
302 1 1738213360 LICK
302 1 1738346096 LICK
302 1 1738482860 LICK
302 1 1738633196 LICK
302 1 1739071716 RESP_END
302 1 1737924976 REWARD_END
303 1 1740803208 STIM_START
303 1 1741781544 LICK
303 1 1741901832 STIM_END_RESP_START
303 1 1742161952 LICK
303 1 1742162484 REWARD_START
303 1 1742370680 LICK
303 1 1742529868 LICK
303 1 1742658424 LICK
303 1 1742792800 LICK
303 1 1742933616 LICK
303 1 1743101868 RESP_END
303 1 1742193040 REWARD_END
304 0 1744792436 STIM_START
304 0 1745891064 STIM_END_RESP_START
304 0 1746274584 LICK
304 0 1746275112 TIMEOUT_START
304 0 1746584048 LICK
304 0 1746584584 TIMEOUT_START
304 0 1746923460 LICK
304 0 1746923996 TIMEOUT_START
304 0 1747091100 RESP_END
304 0 1753924560 TIMEOUT_END
305 0 1755652268 STIM_START
305 0 1756750896 STIM_END_RESP_START
305 0 1757950916 RESP_END
306 0 1760028980 STIM_START
306 0 1761127608 STIM_END_RESP_START
306 0 1761519796 LICK
306 0 1761520332 TIMEOUT_START
306 0 1761711236 LICK
306 0 1761711764 TIMEOUT_START
306 0 1761891596 LICK
306 0 1761892128 TIMEOUT_START
306 0 1762096164 LICK
306 0 1762096696 TIMEOUT_START
306 0 1762286376 LICK
306 0 1762286916 TIMEOUT_START
306 0 1762327640 RESP_END
306 0 1769287468 TIMEOUT_END
307 1 1770980756 STIM_START
307 1 1772079384 STIM_END_RESP_START
307 1 1772823808 LICK
307 1 1772824340 REWARD_START
307 1 1773279424 RESP_END
307 1 1772854896 REWARD_END
308 0 1775061812 STIM_START
308 0 1776160440 STIM_END_RESP_START
308 0 1777360464 RESP_END
309 1 1779096976 STIM_START
309 1 1780195608 STIM_END_RESP_START
309 1 1781108728 LICK
309 1 1781109268 REWARD_START
309 1 1781368852 LICK
309 1 1781395632 RESP_END
309 1 1781139828 REWARD_END
310 1 1783733320 STIM_START
310 1 1784831956 STIM_END_RESP_START
310 1 1784839672 LICK
310 1 1784840212 REWARD_START
310 1 1785028396 LICK
310 1 1785171684 LICK
310 1 1785296836 LICK
310 1 1785559288 LICK
310 1 1785725252 LICK
310 1 1786031976 RESP_END
310 1 1784870756 REWARD_END
311 1 1787772464 STIM_START
311 1 1788850132 LICK
311 1 1788871100 STIM_END_RESP_START
311 1 1789024000 LICK
311 1 1789024540 REWARD_START
311 1 1789180524 LICK
311 1 1789308832 LICK
311 1 1789441460 LICK
311 1 1789577312 LICK
311 1 1789730228 LICK
311 1 1790071128 RESP_END
311 1 1789055100 REWARD_END
312 0 1792020328 STIM_START
312 0 1793118956 STIM_END_RESP_START
312 0 1794318980 RESP_END
313 0 1796237240 STIM_START
313 0 1797335868 STIM_END_RESP_START
313 0 1797395940 LICK
313 0 1797396472 TIMEOUT_START
313 0 1797760844 LICK
313 0 1797761380 TIMEOUT_START
313 0 1798133444 LICK
313 0 1798133984 TIMEOUT_START
313 0 1798535892 RESP_END
313 0 1805134552 TIMEOUT_END
314 1 1806809460 STIM_START
314 1 1807908088 STIM_END_RESP_START
314 1 1808472832 LICK
314 1 1808473372 REWARD_START
314 1 1808670812 LICK
314 1 1808870076 LICK
314 1 1809108108 RESP_END
314 1 1808503932 REWARD_END
315 0 1811093312 STIM_START
315 0 1812191944 STIM_END_RESP_START
315 0 1812635412 LICK
315 0 1812635948 TIMEOUT_START
315 0 1812807180 LICK
315 0 1812807716 TIMEOUT_START
315 0 1813144632 LICK
315 0 1813145164 TIMEOUT_START
315 0 1813391992 RESP_END
315 0 1820145732 TIMEOUT_END
316 0 1822024080 STIM_START
316 0 1823122708 STIM_END_RESP_START
316 0 1824322732 RESP_END
317 1 1826085220 STIM_START
317 1 1827183848 STIM_END_RESP_START
317 1 1828383876 RESP_END
318 0 1830184212 STIM_START
318 0 1831282844 STIM_END_RESP_START
318 0 1832482868 RESP_END
319 1 1834101472 STIM_START
319 1 1835200104 STIM_END_RESP_START
319 1 1835627800 LICK
319 1 1835628332 REWARD_START
319 1 1835798580 LICK
319 1 1836177348 LICK
319 1 1836321128 LICK
319 1 1836400116 RESP_END
319 1 1835658892 REWARD_END
320 1 1838046704 STIM_START
320 1 1838628908 LICK
320 1 1838821764 LICK
320 1 1838984972 LICK
320 1 1839145340 STIM_END_RESP_START
320 1 1839151368 LICK
320 1 1839151908 REWARD_START
320 1 1839326756 LICK
320 1 1839474360 LICK
320 1 1839602412 LICK
320 1 1839744248 LICK
320 1 1839883664 LICK
320 1 1840028424 LICK
320 1 1840345356 RESP_END
320 1 1839182472 REWARD_END
321 1 1841930092 STIM_START
321 1 1843028720 STIM_END_RESP_START
321 1 1843178520 LICK
321 1 1843179056 REWARD_START
321 1 1843346868 LICK
321 1 1843484320 LICK
321 1 1843616596 LICK
321 1 1843752148 LICK
321 1 1843904264 LICK
321 1 1844228740 RESP_END
321 1 1843209620 REWARD_END
322 0 1845830296 STIM_START
322 0 1846928924 STIM_END_RESP_START
322 0 1848128948 RESP_END
323 1 1850205016 STIM_START
323 1 1851303644 STIM_END_RESP_START
323 1 1851506032 LICK
323 1 1851506564 REWARD_START
323 1 1851666716 LICK
323 1 1851803212 LICK
323 1 1851941412 LICK
323 1 1852082800 LICK
323 1 1852233984 LICK
323 1 1852503684 RESP_END
323 1 1851537124 REWARD_END
324 0 1854400920 STIM_START
324 0 1855499548 STIM_END_RESP_START
324 0 1855635524 LICK
324 0 1855636056 TIMEOUT_START
324 0 1855810064 LICK
324 0 1855810604 TIMEOUT_START
324 0 1855977600 LICK
324 0 1855978136 TIMEOUT_START
324 0 1856699576 RESP_END
324 0 1862978708 TIMEOUT_END
325 0 1864954196 STIM_START
325 0 1866052824 STIM_END_RESP_START
325 0 1867252848 RESP_END
326 1 1868927408 STIM_START
326 1 1870026036 STIM_END_RESP_START
326 1 1870295316 LICK
326 1 1870295848 REWARD_START
326 1 1870498532 LICK
326 1 1870768640 LICK
326 1 1870922276 LICK
326 1 1871226048 RESP_END
326 1 1870326408 REWARD_END
327 1 1873230212 STIM_START
327 1 1874301796 LICK
327 1 1874328860 STIM_END_RESP_START
327 1 1875024832 LICK
327 1 1875025368 REWARD_START
327 1 1875191704 LICK
327 1 1875334008 LICK
327 1 1875453112 LICK
327 1 1875528896 RESP_END
327 1 1875055932 REWARD_END
328 1 1877555036 STIM_START
328 1 1878511104 LICK
328 1 1878653672 STIM_END_RESP_START
328 1 1878675044 LICK
328 1 1878675584 REWARD_START
328 1 1878829424 LICK
328 1 1878971288 LICK
328 1 1879112616 LICK
328 1 1879260784 LICK
328 1 1879430504 LICK
328 1 1879853700 RESP_END
328 1 1878706140 REWARD_END
329 0 1881917712 STIM_START
329 0 1883016340 STIM_END_RESP_START
329 0 1884216364 RESP_END
330 0 1885950828 STIM_START
330 0 1887049460 STIM_END_RESP_START
330 0 1888249484 RESP_END
331 0 1890046872 STIM_START
331 0 1891145500 STIM_END_RESP_START
331 0 1892345528 RESP_END
332 1 1894019088 STIM_START
332 1 1895117712 STIM_END_RESP_START
332 1 1895156916 LICK
332 1 1895157448 REWARD_START
332 1 1895345436 LICK
332 1 1895592176 LICK
332 1 1895737136 LICK
332 1 1895895892 LICK
332 1 1896317724 RESP_END
332 1 1895188008 REWARD_END
333 1 1898121160 STIM_START
333 1 1899093580 LICK
333 1 1899219808 STIM_END_RESP_START
333 1 1899275604 LICK
333 1 1899276136 REWARD_START
333 1 1899435292 LICK
333 1 1899577896 LICK
333 1 1899720300 LICK
333 1 1899876940 LICK
333 1 1900419828 RESP_END
333 1 1899306700 REWARD_END
334 0 1902225196 STIM_START
334 0 1903323824 STIM_END_RESP_START
334 0 1904523852 RESP_END
335 1 1906200344 STIM_START
335 1 1906909960 LICK
335 1 1907243644 LICK
335 1 1907298980 STIM_END_RESP_START
335 1 1907401248 LICK
335 1 1907401788 REWARD_START
335 1 1907552912 LICK
335 1 1907688048 LICK
335 1 1907817412 LICK
335 1 1907952468 LICK
335 1 1908101292 LICK
335 1 1908499000 RESP_END
335 1 1907432344 REWARD_END
336 1 1910441204 STIM_START
336 1 1911536924 LICK
336 1 1911539852 STIM_END_RESP_START
336 1 1911721328 LICK
336 1 1911721860 REWARD_START
336 1 1911874960 LICK
336 1 1912009592 LICK
336 1 1912148284 LICK
336 1 1912294380 LICK
336 1 1912460724 LICK
336 1 1912739880 RESP_END
336 1 1911752424 REWARD_END
337 0 1914681088 STIM_START
337 0 1915779716 STIM_END_RESP_START
337 0 1916979744 RESP_END
338 0 1919059800 STIM_START
338 0 1920125536 LICK
338 0 1920158424 STIM_END_RESP_START
338 0 1920328772 LICK
338 0 1920329300 TIMEOUT_START
338 0 1920502076 LICK
338 0 1920502608 TIMEOUT_START
338 0 1920663624 LICK
338 0 1920664156 TIMEOUT_START
338 0 1920815384 LICK
338 0 1920815912 TIMEOUT_START
338 0 1920973324 LICK
338 0 1920973864 TIMEOUT_START
338 0 1921138148 LICK
338 0 1921138680 TIMEOUT_START
338 0 1921317360 LICK
338 0 1921317900 TIMEOUT_START
338 0 1921358468 RESP_END
338 0 1928318452 TIMEOUT_END
339 0 1930196328 STIM_START
339 0 1931294956 STIM_END_RESP_START
339 0 1932494984 RESP_END
340 1 1934271424 STIM_START
340 1 1935370056 STIM_END_RESP_START
340 1 1935799484 LICK
340 1 1935800016 REWARD_START
340 1 1935977796 LICK
340 1 1936121992 LICK
340 1 1936253704 LICK
340 1 1936398012 LICK
340 1 1936570100 RESP_END
340 1 1935830576 REWARD_END
341 1 1938360472 STIM_START
341 1 1939459100 STIM_END_RESP_START
341 1 1939788820 LICK
341 1 1939789356 REWARD_START
341 1 1939929028 LICK
341 1 1940061468 LICK
341 1 1940187724 LICK
341 1 1940316596 LICK
341 1 1940459312 LICK
341 1 1940659120 RESP_END
341 1 1939819916 REWARD_END
342 1 1942643312 STIM_START
342 1 1943469840 LICK
342 1 1943741936 STIM_END_RESP_START
342 1 1943984492 LICK
342 1 1943985024 REWARD_START
342 1 1944140060 LICK
342 1 1944269540 LICK
342 1 1944399736 LICK
342 1 1944535632 LICK
342 1 1944716876 LICK
342 1 1944941948 RESP_END
342 1 1944015588 REWARD_END
343 0 1946927144 STIM_START
343 0 1948025764 STIM_END_RESP_START
343 0 1949225792 RESP_END
344 1 1951127100 STIM_START
344 1 1952160516 LICK
344 1 1952225720 STIM_END_RESP_START
344 1 1952456108 LICK
344 1 1952456640 REWARD_START
344 1 1952598900 LICK
344 1 1952732020 LICK
344 1 1952857372 LICK
344 1 1952990608 LICK
344 1 1953141284 LICK
344 1 1953425752 RESP_END
344 1 1952487200 REWARD_END
345 0 1955031336 STIM_START
345 0 1956079220 LICK
345 0 1956129952 STIM_END_RESP_START
345 0 1956262324 LICK
345 0 1956262856 TIMEOUT_START
345 0 1956586072 LICK
345 0 1956586612 TIMEOUT_START
345 0 1956906804 LICK
345 0 1956907340 TIMEOUT_START
345 0 1957081936 LICK
345 0 1957082476 TIMEOUT_START
345 0 1957329968 RESP_END
345 0 1964083024 TIMEOUT_END
346 0 1965960156 STIM_START
346 0 1967058788 STIM_END_RESP_START
346 0 1968258812 RESP_END
347 1 1970293912 STIM_START
347 1 1971392540 STIM_END_RESP_START
347 1 1971684036 LICK
347 1 1971684576 REWARD_START
347 1 1971863380 LICK
347 1 1972037152 LICK
347 1 1972226712 LICK
347 1 1972374016 LICK
347 1 1972496740 LICK
347 1 1972592560 RESP_END
347 1 1971715136 REWARD_END
348 1 1974339008 STIM_START
348 1 1975437660 STIM_END_RESP_START
348 1 1975440884 LICK
348 1 1975441424 REWARD_START
348 1 1975599000 LICK
348 1 1975731020 LICK
348 1 1975859372 LICK
348 1 1976001972 LICK
348 1 1976637668 RESP_END
348 1 1975471980 REWARD_END
349 0 1978345180 STIM_START
349 0 1979443812 STIM_END_RESP_START
349 0 1980643832 RESP_END
350 1 1982314352 STIM_START
350 1 1983079228 LICK
350 1 1983235112 LICK
350 1 1983412984 STIM_END_RESP_START
350 1 1983540368 LICK
350 1 1983540900 REWARD_START
350 1 1983691604 LICK
350 1 1983823392 LICK
350 1 1983954964 LICK
350 1 1984085128 LICK
350 1 1984237588 LICK
350 1 1984612996 RESP_END
350 1 1983571460 REWARD_END
351 0 1986421416 STIM_START
351 0 1987520048 STIM_END_RESP_START
351 0 1988720072 RESP_END
352 1 1990376656 STIM_START
352 1 1991428848 LICK
352 1 1991475272 STIM_END_RESP_START
352 1 1991603440 LICK
352 1 1991603976 REWARD_START
352 1 1991763260 LICK
352 1 1991903416 LICK
352 1 1992027088 LICK
352 1 1992159376 LICK
352 1 1992299572 LICK
352 1 1992675288 RESP_END
352 1 1991634536 REWARD_END
353 0 1994454692 STIM_START
353 0 1995553320 STIM_END_RESP_START
353 0 1996753348 RESP_END
354 0 1998569748 STIM_START
354 0 1999044344 LICK
354 0 1999221476 LICK
354 0 1999537108 LICK
354 0 1999668384 STIM_END_RESP_START
354 0 1999690388 LICK
354 0 1999690928 TIMEOUT_START
354 0 1999860496 LICK
354 0 1999861036 TIMEOUT_START
354 0 2000017628 LICK
354 0 2000018156 TIMEOUT_START
354 0 2000209576 LICK
354 0 2000210112 TIMEOUT_START
354 0 2000433204 LICK
354 0 2000433736 TIMEOUT_START
354 0 2000868396 RESP_END
354 0 2007434308 TIMEOUT_END
355 1 2009095040 STIM_START
355 1 2010193668 STIM_END_RESP_START
355 1 2010499180 LICK
355 1 2010499716 REWARD_START
355 1 2010680796 LICK
355 1 2010825592 LICK
355 1 2010945596 LICK
355 1 2011088420 LICK
355 1 2011393708 RESP_END
355 1 2010530276 REWARD_END
356 1 2013241016 STIM_START
356 1 2014339644 STIM_END_RESP_START
356 1 2014364772 LICK
356 1 2014365308 REWARD_START
356 1 2014521968 LICK
356 1 2014655692 LICK
356 1 2014772024 LICK
356 1 2014904688 LICK
356 1 2015055812 LICK
356 1 2015539692 RESP_END
356 1 2014395868 REWARD_END
357 0 2017379028 STIM_START
357 0 2018477656 STIM_END_RESP_START
357 0 2018556992 LICK
357 0 2018557524 TIMEOUT_START
357 0 2018727696 LICK
357 0 2018728236 TIMEOUT_START
357 0 2018893544 LICK
357 0 2018894080 TIMEOUT_START
357 0 2019677672 RESP_END
357 0 2025894644 TIMEOUT_END
358 0 2027707532 STIM_START
358 0 2028806160 STIM_END_RESP_START
358 0 2029366856 LICK
358 0 2029367396 TIMEOUT_START
358 0 2030006180 RESP_END
358 0 2036367952 TIMEOUT_END
359 0 2038435564 STIM_START
359 0 2039534192 STIM_END_RESP_START
359 0 2039970152 LICK
359 0 2039970684 TIMEOUT_START
359 0 2040330220 LICK
359 0 2040330760 TIMEOUT_START
359 0 2040692404 LICK
359 0 2040692944 TIMEOUT_START
359 0 2040734236 RESP_END
359 0 2047693496 TIMEOUT_END
360 1 2049679980 STIM_START
360 1 2050701844 LICK
360 1 2050778600 STIM_END_RESP_START
360 1 2050937216 LICK
360 1 2050937748 REWARD_START
360 1 2051116656 LICK
360 1 2051265324 LICK
360 1 2051403564 LICK
360 1 2051572712 LICK
360 1 2051978620 RESP_END
360 1 2050968308 REWARD_END
361 0 2053920824 STIM_START
361 0 2055019444 STIM_END_RESP_START
361 0 2055901148 LICK
361 0 2055901684 TIMEOUT_START
361 0 2056219484 RESP_END
361 0 2062902244 TIMEOUT_END
362 0 2064644844 STIM_START
362 0 2065743472 STIM_END_RESP_START
362 0 2065861092 LICK
362 0 2065861624 TIMEOUT_START
362 0 2066037868 LICK
362 0 2066038396 TIMEOUT_START
362 0 2066403328 LICK
362 0 2066403864 TIMEOUT_START
362 0 2066943496 RESP_END
362 0 2073404432 TIMEOUT_END
363 1 2075461804 STIM_START
363 1 2076560464 STIM_END_RESP_START
363 1 2076743780 LICK
363 1 2076744312 REWARD_START
363 1 2076921344 LICK
363 1 2077176396 LICK
363 1 2077319720 LICK
363 1 2077760508 RESP_END
363 1 2076774872 REWARD_END
364 0 2079666708 STIM_START
364 0 2080700592 LICK
364 0 2080765364 STIM_END_RESP_START
364 0 2080869056 LICK
364 0 2080869596 TIMEOUT_START
364 0 2081039016 LICK
364 0 2081039556 TIMEOUT_START
364 0 2081234344 LICK
364 0 2081234876 TIMEOUT_START
364 0 2081408168 LICK
364 0 2081408700 TIMEOUT_START
364 0 2081965392 RESP_END
364 0 2088409256 TIMEOUT_END
365 0 2090392724 STIM_START
365 0 2091491356 STIM_END_RESP_START
365 0 2092475544 LICK
365 0 2092476076 TIMEOUT_START
365 0 2092691372 RESP_END
365 0 2099476648 TIMEOUT_END
366 0 2101295580 STIM_START
366 0 2102394208 STIM_END_RESP_START
366 0 2103594232 RESP_END
367 1 2105543484 STIM_START
367 1 2106642112 STIM_END_RESP_START
367 1 2107842136 RESP_END
368 0 2109592568 STIM_START
368 0 2110691212 STIM_END_RESP_START
368 0 2111381620 LICK
368 0 2111382152 TIMEOUT_START
368 0 2111569300 LICK
368 0 2111569832 TIMEOUT_START
368 0 2111764556 LICK
368 0 2111765088 TIMEOUT_START
368 0 2111891252 RESP_END
368 0 2118765656 TIMEOUT_END
369 1 2120810004 STIM_START
369 1 2121908632 STIM_END_RESP_START
369 1 2123108656 RESP_END
370 1 2124765256 STIM_START
370 1 2125863876 STIM_END_RESP_START
370 1 2126005828 LICK
370 1 2126006364 REWARD_START
370 1 2126192092 LICK
370 1 2126442172 LICK
370 1 2126578100 LICK
370 1 2126741640 LICK
370 1 2127063912 RESP_END
370 1 2126036920 REWARD_END
371 1 2128790368 STIM_START
371 1 2129888996 STIM_END_RESP_START
371 1 2130028732 LICK
371 1 2130029264 REWARD_START
371 1 2130180420 LICK
371 1 2130314716 LICK
371 1 2130446088 LICK
371 1 2130586000 LICK
371 1 2130734744 LICK
371 1 2130894300 LICK
371 1 2131089024 RESP_END
371 1 2130059820 REWARD_END
372 0 2132814504 STIM_START
372 0 2133662620 LICK
372 0 2133819068 LICK
372 0 2133913152 STIM_END_RESP_START
372 0 2134193956 LICK
372 0 2134194496 TIMEOUT_START
372 0 2135113176 RESP_END
372 0 2141195036 TIMEOUT_END
373 1 2142819428 STIM_START
373 1 2143478512 LICK
373 1 2143639228 LICK
373 1 2143791116 LICK
373 1 2143918092 STIM_END_RESP_START
373 1 2143943212 LICK
373 1 2143943752 REWARD_START
373 1 2144103596 LICK
373 1 2144249156 LICK
373 1 2144383260 LICK
373 1 2144520556 LICK
373 1 2145118128 RESP_END
373 1 2143974308 REWARD_END
374 0 2147083240 STIM_START
374 0 2148181868 STIM_END_RESP_START
374 0 2148393864 LICK
374 0 2148394404 TIMEOUT_START
374 0 2148748020 LICK
374 0 2148748560 TIMEOUT_START
374 0 2149381884 RESP_END
374 0 2155749124 TIMEOUT_END
375 1 2157808304 STIM_START
375 1 2158906936 STIM_END_RESP_START
375 1 2159050156 LICK
375 1 2159050692 REWARD_START
375 1 2159236488 LICK
375 1 2159501064 LICK
375 1 2159643368 LICK
375 1 2160106948 RESP_END
375 1 2159081252 REWARD_END
376 1 2162189040 STIM_START
376 1 2163160272 LICK
376 1 2163287684 STIM_END_RESP_START
376 1 2163325832 LICK
376 1 2163326368 REWARD_START
376 1 2163471948 LICK
376 1 2163606676 LICK
376 1 2163730492 LICK
376 1 2163859132 LICK
376 1 2164002760 LICK
376 1 2164487732 RESP_END
376 1 2163356928 REWARD_END
377 1 2166494796 STIM_START
377 1 2167336676 LICK
377 1 2167494392 LICK
377 1 2167593440 STIM_END_RESP_START
377 1 2167801684 LICK
377 1 2167802224 REWARD_START
377 1 2167942048 LICK
377 1 2168182460 LICK
377 1 2168457088 LICK
377 1 2168633668 LICK
377 1 2168793468 RESP_END
377 1 2167832784 REWARD_END
378 0 2170417028 STIM_START
378 0 2171380828 LICK
378 0 2171515648 STIM_END_RESP_START
378 0 2171560032 LICK
378 0 2171560564 TIMEOUT_START
378 0 2172715676 RESP_END
378 0 2178561132 TIMEOUT_END
379 1 2180365020 STIM_START
379 1 2181352024 LICK
379 1 2181463656 STIM_END_RESP_START
379 1 2181554884 LICK
379 1 2181555424 REWARD_START
379 1 2181735936 LICK
379 1 2181998992 LICK
379 1 2182145076 LICK
379 1 2182302624 LICK
379 1 2182663700 RESP_END
379 1 2181585980 REWARD_END
380 0 2184663812 STIM_START
380 0 2185080224 LICK
380 0 2185624288 LICK
380 0 2185762456 STIM_END_RESP_START
380 0 2185786456 LICK
380 0 2185786988 TIMEOUT_START
380 0 2186111260 LICK
380 0 2186111792 TIMEOUT_START
380 0 2186962492 RESP_END
380 0 2193112360 TIMEOUT_END
381 0 2194911452 STIM_START
381 0 2196010084 STIM_END_RESP_START
381 0 2196037644 LICK
381 0 2196038176 TIMEOUT_START
381 0 2196199356 LICK
381 0 2196199896 TIMEOUT_START
381 0 2196371920 LICK
381 0 2196372452 TIMEOUT_START
381 0 2196733360 LICK
381 0 2196733896 TIMEOUT_START
381 0 2196946600 LICK
381 0 2196947136 TIMEOUT_START
381 0 2197210108 RESP_END
381 0 2203947700 TIMEOUT_END
382 1 2205831220 STIM_START
382 1 2206805024 LICK
382 1 2206929840 STIM_END_RESP_START
382 1 2207256368 LICK
382 1 2207256908 REWARD_START
382 1 2207707648 LICK
382 1 2208005816 LICK
382 1 2208129888 RESP_END
382 1 2207287468 REWARD_END
383 1 2209821428 STIM_START
383 1 2210920060 STIM_END_RESP_START
383 1 2212120084 RESP_END
384 0 2216035928 STIM_START
384 0 2217134556 STIM_END_RESP_START
384 0 2217258892 LICK
384 0 2217259432 TIMEOUT_START
384 0 2218334600 RESP_END
384 0 2224259980 TIMEOUT_END
385 0 2226166692 STIM_START
385 0 2227265324 STIM_END_RESP_START
385 0 2228072588 LICK
385 0 2228073124 TIMEOUT_START
385 0 2228271328 LICK
385 0 2228271856 TIMEOUT_START
385 0 2228465364 RESP_END
385 0 2235272416 TIMEOUT_END
386 1 2237174384 STIM_START
386 1 2238273016 STIM_END_RESP_START
386 1 2238572892 LICK
386 1 2238573428 REWARD_START
386 1 2238719272 LICK
386 1 2238958688 LICK
386 1 2239098408 LICK
386 1 2239244764 LICK
386 1 2239473060 RESP_END
386 1 2238603988 REWARD_END
387 1 2241131588 STIM_START
387 1 2242230212 STIM_END_RESP_START
387 1 2242274180 LICK
387 1 2242274720 REWARD_START
387 1 2242427544 LICK
387 1 2242567456 LICK
387 1 2242689800 LICK
387 1 2242825500 LICK
387 1 2242972576 LICK
387 1 2243430248 RESP_END
387 1 2242305280 REWARD_END
388 1 2245031868 STIM_START
388 1 2245741680 LICK
388 1 2245913276 LICK
388 1 2246078188 LICK
388 1 2246130488 STIM_END_RESP_START
388 1 2246249988 LICK
388 1 2246250528 REWARD_START
388 1 2246404496 LICK
388 1 2246541116 LICK
388 1 2246674148 LICK
388 1 2246950172 LICK
388 1 2247330512 RESP_END
388 1 2246281080 REWARD_END
389 0 2249377648 STIM_START
389 0 2250476276 STIM_END_RESP_START
389 0 2250511428 LICK
389 0 2250511960 TIMEOUT_START
389 0 2250691328 LICK
389 0 2250691868 TIMEOUT_START
389 0 2250853748 LICK
389 0 2250854284 TIMEOUT_START
389 0 2251062720 LICK
389 0 2251063252 TIMEOUT_START
389 0 2251243740 LICK
389 0 2251244272 TIMEOUT_START
389 0 2251415820 LICK
389 0 2251416356 TIMEOUT_START
389 0 2251676320 RESP_END
389 0 2258416912 TIMEOUT_END
390 0 2260500144 STIM_START
390 0 2261598772 STIM_END_RESP_START
390 0 2261719436 LICK
390 0 2261719968 TIMEOUT_START
390 0 2262798804 RESP_END
390 0 2268720532 TIMEOUT_END
391 0 2270427184 STIM_START
391 0 2271525808 STIM_END_RESP_START
391 0 2272432780 LICK
391 0 2272433320 TIMEOUT_START
391 0 2272725840 RESP_END
391 0 2279433876 TIMEOUT_END
392 1 2281263108 STIM_START
392 1 2282361736 STIM_END_RESP_START
392 1 2282607144 LICK
392 1 2282607684 REWARD_START
392 1 2282803780 LICK
392 1 2282996028 LICK
392 1 2283164116 LICK
392 1 2283354656 LICK
392 1 2283555968 LICK
392 1 2283561776 RESP_END
392 1 2282638240 REWARD_END
393 1 2285688704 STIM_START
393 1 2286787340 STIM_END_RESP_START
393 1 2286815244 LICK
393 1 2286815780 REWARD_START
393 1 2286985532 LICK
393 1 2287126172 LICK
393 1 2287261220 LICK
393 1 2287411560 LICK
393 1 2287584692 LICK
393 1 2287987372 RESP_END
393 1 2286846340 REWARD_END
394 1 2289938620 STIM_START
394 1 2290969068 LICK
394 1 2291037252 STIM_END_RESP_START
394 1 2291148748 LICK
394 1 2291149292 REWARD_START
394 1 2291308716 LICK
394 1 2291446016 LICK
394 1 2291581780 LICK
394 1 2291718208 LICK
394 1 2291869832 LICK
394 1 2292237272 RESP_END
394 1 2291179852 REWARD_END
395 0 2294138544 STIM_START
395 0 2295128508 LICK
395 0 2295237192 STIM_END_RESP_START
395 0 2295293548 LICK
395 0 2295294084 TIMEOUT_START
395 0 2295476300 LICK
395 0 2295476832 TIMEOUT_START
395 0 2295658100 LICK
395 0 2295658640 TIMEOUT_START
395 0 2295822380 LICK
395 0 2295822912 TIMEOUT_START
395 0 2296437204 RESP_END
395 0 2302823472 TIMEOUT_END
396 1 2304498996 STIM_START
396 1 2305597624 STIM_END_RESP_START
396 1 2305756948 LICK
396 1 2305757488 REWARD_START
396 1 2305932572 LICK
396 1 2306070400 LICK
396 1 2306192320 LICK
396 1 2306341488 LICK
396 1 2306493688 LICK
396 1 2306797648 RESP_END
396 1 2305788048 REWARD_END
397 1 2308536144 STIM_START
397 1 2309634772 STIM_END_RESP_START
397 1 2309903756 LICK
397 1 2309904288 REWARD_START
397 1 2310074988 LICK
397 1 2310212392 LICK
397 1 2310353856 LICK
397 1 2310502572 LICK
397 1 2310685524 LICK
397 1 2310834784 RESP_END
397 1 2309934848 REWARD_END
398 0 2312704072 STIM_START
398 0 2313756108 LICK
398 0 2313802728 STIM_END_RESP_START
398 0 2313937768 LICK
398 0 2313938308 TIMEOUT_START
398 0 2314287520 LICK
398 0 2314288052 TIMEOUT_START
398 0 2315002752 RESP_END
398 0 2321288608 TIMEOUT_END
399 0 2323097548 STIM_START
399 0 2324196188 STIM_END_RESP_START
399 0 2324211556 LICK
399 0 2324212096 TIMEOUT_START
399 0 2324570536 LICK
399 0 2324571068 TIMEOUT_START
399 0 2324749808 LICK
399 0 2324750348 TIMEOUT_START
399 0 2324926296 LICK
399 0 2324926832 TIMEOUT_START
399 0 2325089128 LICK
399 0 2325089668 TIMEOUT_START
399 0 2325257044 LICK
399 0 2325257580 TIMEOUT_START
399 0 2325396212 RESP_END
399 0 2332258136 TIMEOUT_END
400 0 2334015344 STIM_START
400 0 2335113976 STIM_END_RESP_START
400 0 2335657972 LICK
400 0 2335658512 TIMEOUT_START
400 0 2336194812 LICK
400 0 2336195344 TIMEOUT_START
400 0 2336313996 RESP_END
400 0 2343195908 TIMEOUT_END
401 1 2347236380 STIM_START
401 1 2348335000 STIM_END_RESP_START
401 1 2349535028 RESP_END
402 1 2351235532 STIM_START
402 1 2352334160 STIM_END_RESP_START
402 1 2353534188 RESP_END
403 0 2355249660 STIM_START
403 0 2356348288 STIM_END_RESP_START
403 0 2357548316 RESP_END
404 1 2359163932 STIM_START
404 1 2360262556 STIM_END_RESP_START
404 1 2361462580 RESP_END
405 0 2363093232 STIM_START
405 0 2364191860 STIM_END_RESP_START
405 0 2365391884 RESP_END
406 1 2367070424 STIM_START
406 1 2368169052 STIM_END_RESP_START
406 1 2369369068 RESP_END
407 1 2370969668 STIM_START
407 1 2372068288 STIM_END_RESP_START
407 1 2373268316 RESP_END
408 0 2375298480 STIM_START
408 0 2376397108 STIM_END_RESP_START
408 0 2377597132 RESP_END
USER_EXIT