001 1 0004329596 STIM_START
001 1 0004588168 LICK
001 1 0005209716 LICK
001 1 0005375780 LICK
001 1 0005428256 STIM_END_RESP_START
001 1 0005522428 LICK
001 1 0005522824 REWARD_START
001 1 0005685608 LICK
001 1 0005942972 LICK
001 1 0006087404 LICK
001 1 0006398912 LICK
001 1 0006628272 RESP_END
001 1 0005573236 REWARD_END
002 1 0010565152 STIM_START
002 1 0010636908 LICK
002 1 0011265116 LICK
002 1 0011423184 LICK
002 1 0011589504 LICK
002 1 0011663808 STIM_END_RESP_START
002 1 0011758564 LICK
002 1 0011759004 REWARD_START
002 1 0011926740 LICK
002 1 0012070412 LICK
002 1 0012191532 LICK
002 1 0012336868 LICK
002 1 0012494976 LICK
002 1 0012863832 RESP_END
002 1 0011809464 REWARD_END
003 1 0018876152 STIM_START
003 1 0019026228 LICK
003 1 0019697300 LICK
003 1 0019844084 LICK
003 1 0019974796 STIM_END_RESP_START
003 1 0019996204 LICK
003 1 0019996640 REWARD_START
003 1 0020159240 LICK
003 1 0020302080 LICK
003 1 0020421084 LICK
003 1 0020556248 LICK
003 1 0021174840 RESP_END
003 1 0020047104 REWARD_END
004 0 0025421344 STIM_START
004 0 0025644652 LICK
004 0 0026519992 STIM_END_RESP_START
004 0 0027720016 RESP_END
005 0 0029709184 STIM_START
005 0 0030189924 LICK
005 0 0030807852 STIM_END_RESP_START
005 0 0032007876 RESP_END
006 0 0033678380 STIM_START
006 0 0034014164 LICK
006 0 0034777024 STIM_END_RESP_START
006 0 0035977052 RESP_END
007 1 0038045168 STIM_START
007 1 0039143800 STIM_END_RESP_START
007 1 0040343824 RESP_END
008 1 0042393976 STIM_START
008 1 0042815272 LICK
008 1 0043006992 LICK
008 1 0043185988 LICK
008 1 0043333848 LICK
008 1 0043475120 LICK
008 1 0043492616 STIM_END_RESP_START
008 1 0043648448 LICK
008 1 0043648880 REWARD_START
008 1 0043833556 LICK
008 1 0044033952 LICK
008 1 0044692636 RESP_END
008 1 0043699344 REWARD_END
009 0 0046321280 STIM_START
009 0 0047419912 STIM_END_RESP_START
009 0 0048619940 RESP_END
010 1 0050470280 STIM_START
010 1 0050857216 LICK
010 1 0051568924 STIM_END_RESP_START
010 1 0052291652 LICK
010 1 0052292088 REWARD_START
010 1 0052768960 RESP_END
010 1 0052342544 REWARD_END
011 1 0054828060 STIM_START
011 1 0055926688 STIM_END_RESP_START
011 1 0057126712 RESP_END
012 1 0059096924 STIM_START
012 1 0060195560 STIM_END_RESP_START
012 1 0061395584 RESP_END
013 0 0063170044 STIM_START
013 0 0064268676 STIM_END_RESP_START
013 0 0065468700 RESP_END
014 1 0067339064 STIM_START
014 1 0068437696 STIM_END_RESP_START
014 1 0069637720 RESP_END
015 0 0071671856 STIM_START
015 0 0072770484 STIM_END_RESP_START
015 0 0073970508 RESP_END
016 1 0075760920 STIM_START
016 1 0076814392 LICK
016 1 0076859580 STIM_END_RESP_START
016 1 0076994920 LICK
016 1 0076995360 REWARD_START
016 1 0077168280 LICK
016 1 0077347812 LICK
016 1 0077599648 LICK
016 1 0077844576 LICK
016 1 0077978684 LICK
016 1 0078059592 RESP_END
016 1 0077045824 REWARD_END
017 1 0082666636 STIM_START
017 1 0082886432 LICK
017 1 0083059316 LICK
017 1 0083659664 LICK
017 1 0083765280 STIM_END_RESP_START
017 1 0083816604 LICK
017 1 0083817044 REWARD_START
017 1 0083990008 LICK
017 1 0084244952 LICK
017 1 0084372584 LICK
017 1 0084511196 LICK
017 1 0084965300 RESP_END
017 1 0083867500 REWARD_END
018 1 0086548936 STIM_START
018 1 0086750576 LICK
018 1 0087647592 STIM_END_RESP_START
018 1 0087766156 LICK
018 1 0087766592 REWARD_START
018 1 0087942732 LICK
018 1 0088206808 LICK
018 1 0088331288 LICK
018 1 0088466224 LICK
018 1 0088847628 RESP_END
018 1 0087817052 REWARD_END
019 0 0090710944 STIM_START
019 0 0091382468 LICK
019 0 0091526500 LICK
019 0 0091681596 LICK
019 0 0091809576 STIM_END_RESP_START
019 0 0091852160 LICK
019 0 0091852596 TIMEOUT_START
019 0 0092031296 LICK
019 0 0092031732 TIMEOUT_START
019 0 0092205420 LICK
019 0 0092205856 TIMEOUT_START
019 0 0092876288 LICK
019 0 0092876724 TIMEOUT_START
019 0 0093009608 RESP_END
019 0 0099877192 TIMEOUT_END
020 1 0101481072 STIM_START
020 1 0101946732 LICK
020 1 0102124164 LICK
020 1 0102295392 LICK
020 1 0102461652 LICK
020 1 0102579700 STIM_END_RESP_START
020 1 0103779744 RESP_END
021 0 0105541136 STIM_START
021 0 0106639780 STIM_END_RESP_START
021 0 0107839820 RESP_END
022 0 0109461448 STIM_START
022 0 0110560096 STIM_END_RESP_START
022 0 0111760136 RESP_END
023 0 0113631472 STIM_START
023 0 0114730120 STIM_END_RESP_START
023 0 0115930160 RESP_END
024 1 0117662628 STIM_START
024 1 0118007636 LICK
024 1 0118185188 LICK
024 1 0118356104 LICK
024 1 0118507696 LICK
024 1 0118681936 LICK
024 1 0118761288 STIM_END_RESP_START
024 1 0118870220 LICK
024 1 0118870708 REWARD_START
024 1 0119070396 LICK
024 1 0119607276 LICK
024 1 0119781924 LICK
024 1 0119907396 LICK
024 1 0119961312 RESP_END
024 1 0118921208 REWARD_END
025 1 0122251128 STIM_START
025 1 0122576360 LICK
025 1 0123025176 LICK
025 1 0123192908 LICK
025 1 0123349780 STIM_END_RESP_START
025 1 0123368380 LICK
025 1 0123368872 REWARD_START
025 1 0123522188 LICK
025 1 0123668652 LICK
025 1 0123792248 LICK
025 1 0123930792 LICK
025 1 0124549804 RESP_END
025 1 0123419376 REWARD_END
026 0 0126360196 STIM_START
026 0 0126451328 LICK
026 0 0127458844 STIM_END_RESP_START
026 0 0128658888 RESP_END
027 1 0130442340 STIM_START
027 1 0130802124 LICK
027 1 0130966420 LICK
027 1 0131148528 LICK
027 1 0131299444 LICK
027 1 0131458344 LICK
027 1 0131541008 STIM_END_RESP_START
027 1 0131649296 LICK
027 1 0131649784 REWARD_START
027 1 0131826756 LICK
027 1 0132082516 LICK
027 1 0132218664 LICK
027 1 0132360096 LICK
027 1 0132741040 RESP_END
027 1 0131700284 REWARD_END
028 1 0134686176 STIM_START
028 1 0134783544 LICK
028 1 0135370640 LICK
028 1 0135540024 LICK
028 1 0135689992 LICK
028 1 0135784836 STIM_END_RESP_START
028 1 0135850292 LICK
028 1 0135850776 REWARD_START
028 1 0136005232 LICK
028 1 0136144508 LICK
028 1 0136274092 LICK
028 1 0136406680 LICK
028 1 0136984880 RESP_END
028 1 0135901288 REWARD_END
029 0 0138624500 STIM_START
029 0 0138693536 LICK
029 0 0139723148 STIM_END_RESP_START
029 0 0140923192 RESP_END
030 0 0142838444 STIM_START
030 0 0143181180 LICK
030 0 0143937080 STIM_END_RESP_START
030 0 0145137124 RESP_END
031 1 0146745748 STIM_START
031 1 0147202784 LICK
031 1 0147386604 LICK
031 1 0147544088 LICK
031 1 0147716212 LICK
031 1 0147844388 STIM_END_RESP_START
031 1 0147893704 LICK
031 1 0147894188 REWARD_START
031 1 0148104056 LICK
031 1 0148245632 LICK
031 1 0148371704 LICK
031 1 0148502212 LICK
031 1 0148648484 LICK
031 1 0148791192 LICK
031 1 0149044416 RESP_END
031 1 0147944700 REWARD_END
032 1 0151785728 STIM_START
032 1 0151891492 LICK
032 1 0152044264 LICK
032 1 0152245836 LICK
032 1 0152401088 LICK
032 1 0152568568 LICK
032 1 0152732348 LICK
032 1 0152884388 STIM_END_RESP_START
032 1 0152901284 LICK
032 1 0152901772 REWARD_START
032 1 0153092760 LICK
032 1 0153226444 LICK
032 1 0153353648 LICK
032 1 0153487000 LICK
032 1 0153642796 LICK
032 1 0154084432 RESP_END
032 1 0152952280 REWARD_END
033 0 0158516600 STIM_START
033 0 0158901896 LICK
033 0 0159615244 STIM_END_RESP_START
033 0 0160815292 RESP_END
034 0 0162733580 STIM_START
034 0 0163832228 STIM_END_RESP_START
034 0 0165032276 RESP_END
035 0 0167121284 STIM_START
035 0 0167452784 LICK
035 0 0167613896 LICK
035 0 0167792416 LICK
035 0 0168219924 STIM_END_RESP_START
035 0 0169419968 RESP_END
036 1 0171404136 STIM_START
036 1 0171766424 LICK
036 1 0171967556 LICK
036 1 0172137884 LICK
036 1 0172334408 LICK
036 1 0172502796 STIM_END_RESP_START
036 1 0172518480 LICK
036 1 0172518964 REWARD_START
036 1 0172699060 LICK
036 1 0172954720 LICK
036 1 0173089812 LICK
036 1 0173231276 LICK
036 1 0173392124 LICK
036 1 0173702820 RESP_END
036 1 0172569468 REWARD_END
037 0 0177345004 STIM_START
037 0 0177678312 LICK
037 0 0177839628 LICK
037 0 0178017228 LICK
037 0 0178443644 STIM_END_RESP_START
037 0 0179643688 RESP_END
038 0 0181714784 STIM_START
038 0 0182059984 LICK
038 0 0182216968 LICK
038 0 0182813424 STIM_END_RESP_START
038 0 0184013468 RESP_END
039 1 0185785860 STIM_START
039 1 0186053552 LICK
039 1 0186198924 LICK
039 1 0186350496 LICK
039 1 0186527928 LICK
039 1 0186691920 LICK
039 1 0186867740 LICK
039 1 0186884516 STIM_END_RESP_START
039 1 0187731936 LICK
039 1 0187732428 REWARD_START
039 1 0187958292 LICK
039 1 0188084536 RESP_END
039 1 0187782932 REWARD_END
040 1 0190560264 STIM_START
040 1 0190791932 LICK
040 1 0191658900 STIM_END_RESP_START
040 1 0192858944 RESP_END
041 1 0194915948 STIM_START
041 1 0195212120 LICK
041 1 0195381772 LICK
041 1 0196014584 STIM_END_RESP_START
041 1 0197214628 RESP_END
042 0 0199131868 STIM_START
042 0 0199421728 LICK
042 0 0200230532 STIM_END_RESP_START
042 0 0201430576 RESP_END
043 1 0203222984 STIM_START
043 1 0203624368 LICK
043 1 0203841572 LICK
043 1 0203997256 LICK
043 1 0204173876 LICK
043 1 0204321632 STIM_END_RESP_START
043 1 0204352108 LICK
043 1 0204352596 REWARD_START
043 1 0204575804 LICK
043 1 0204742064 LICK
043 1 0204897156 LICK
043 1 0205019700 LICK
043 1 0205157164 LICK
043 1 0205521652 RESP_END
043 1 0204403104 REWARD_END
044 0 0207214148 STIM_START
044 0 0207412656 LICK
044 0 0208312804 STIM_END_RESP_START
044 0 0209512848 RESP_END
045 0 0211318240 STIM_START
045 0 0212416888 STIM_END_RESP_START
045 0 0213616932 RESP_END
046 1 0215584136 STIM_START
046 1 0215859984 LICK
046 1 0216022528 LICK
046 1 0216195512 LICK
046 1 0216355152 LICK
046 1 0216502600 LICK
046 1 0216672324 LICK
046 1 0216682784 STIM_END_RESP_START
046 1 0216867612 LICK
046 1 0216868104 REWARD_START
046 1 0217019256 LICK
046 1 0217273592 LICK
046 1 0217408188 LICK
046 1 0217551548 LICK
046 1 0217865152 LICK
046 1 0217882792 RESP_END
046 1 0216918608 REWARD_END
047 0 0219640276 STIM_START
047 0 0219911284 LICK
047 0 0220738908 STIM_END_RESP_START
047 0 0221938952 RESP_END
048 0 0223743352 STIM_START
048 0 0224069196 LICK
048 0 0224243052 LICK
048 0 0224700940 LICK
048 0 0224841992 STIM_END_RESP_START
048 0 0224851672 LICK
048 0 0224852160 TIMEOUT_START
048 0 0226042036 RESP_END
048 0 0231852664 TIMEOUT_END
049 1 0233754284 STIM_START
049 1 0233960488 LICK
049 1 0234120516 LICK
049 1 0234296284 LICK
049 1 0234484296 LICK
049 1 0234642936 LICK
049 1 0234809888 LICK
049 1 0234852940 STIM_END_RESP_START
049 1 0234978348 LICK
049 1 0234978836 REWARD_START
049 1 0235169016 LICK
049 1 0235311276 LICK
049 1 0235432748 LICK
049 1 0235570388 LICK
049 1 0236052968 RESP_END
049 1 0235029340 REWARD_END
050 0 0238665460 STIM_START
050 0 0239764112 STIM_END_RESP_START
050 0 0240964156 RESP_END
051 0 0242695604 STIM_START
051 0 0243210048 LICK
051 0 0243453236 LICK
051 0 0243623500 LICK
051 0 0243780136 LICK
051 0 0243794240 STIM_END_RESP_START
051 0 0243939292 LICK
051 0 0243939784 TIMEOUT_START
051 0 0244137048 LICK
051 0 0244137532 TIMEOUT_START
051 0 0244329876 LICK
051 0 0244330360 TIMEOUT_START
051 0 0244474924 LICK
051 0 0244475408 TIMEOUT_START
051 0 0244994276 RESP_END
051 0 0251475904 TIMEOUT_END
052 0 0253441720 STIM_START
052 0 0253862116 LICK
052 0 0254065888 LICK
052 0 0254224152 LICK
052 0 0254432312 LICK
052 0 0254540344 STIM_END_RESP_START
052 0 0254869900 LICK
052 0 0254870384 TIMEOUT_START
052 0 0255043788 LICK
052 0 0255044272 TIMEOUT_START
052 0 0255740384 RESP_END
052 0 0262044784 TIMEOUT_END
053 1 0263753336 STIM_START
053 1 0264194668 LICK
053 1 0264378964 LICK
053 1 0264767604 LICK
053 1 0264851992 STIM_END_RESP_START
053 1 0264940496 LICK
053 1 0264940988 REWARD_START
053 1 0265135200 LICK
053 1 0265388280 LICK
053 1 0265527728 LICK
053 1 0265674052 LICK
053 1 0266052040 RESP_END
053 1 0264991492 REWARD_END
054 0 0267812468 STIM_START
054 0 0268116296 LICK
054 0 0268301512 LICK
054 0 0268911112 STIM_END_RESP_START
054 0 0270111152 RESP_END
055 1 0271824644 STIM_START
055 1 0272125592 LICK
055 1 0272294976 LICK
055 1 0272472464 LICK
055 1 0272635316 LICK
055 1 0272803552 LICK
055 1 0272923296 STIM_END_RESP_START
055 1 0272976480 LICK
055 1 0272976968 REWARD_START
055 1 0273134688 LICK
055 1 0273271976 LICK
055 1 0273400584 LICK
055 1 0273536364 LICK
055 1 0273683816 LICK
055 1 0274123320 RESP_END
055 1 0273027472 REWARD_END
056 0 0276160396 STIM_START
056 0 0276191576 LICK
056 0 0276804444 LICK
056 0 0276945328 LICK
056 0 0277105700 LICK
056 0 0277256724 LICK
056 0 0277259064 STIM_END_RESP_START
056 0 0277440812 LICK
056 0 0277441296 TIMEOUT_START
056 0 0277614112 LICK
056 0 0277614604 TIMEOUT_START
056 0 0277784032 LICK
056 0 0277784516 TIMEOUT_START
056 0 0278459076 RESP_END
056 0 0284785024 TIMEOUT_END
057 0 0286414124 STIM_START
057 0 0287512776 STIM_END_RESP_START
057 0 0288712820 RESP_END
058 1 0290743956 STIM_START
058 1 0291261020 LICK
058 1 0291443412 LICK
058 1 0291599000 LICK
058 1 0291763572 LICK
058 1 0291842576 STIM_END_RESP_START
058 1 0291945840 LICK
058 1 0291946324 REWARD_START
058 1 0292105112 LICK
058 1 0292238088 LICK
058 1 0292365448 LICK
058 1 0292513468 LICK
058 1 0292665936 LICK
058 1 0293042596 RESP_END
058 1 0291996836 REWARD_END
059 0 0298204944 STIM_START
059 0 0298414952 LICK
059 0 0298588140 LICK
059 0 0298801072 LICK
059 0 0298961216 LICK
059 0 0299160600 LICK
059 0 0299303600 STIM_END_RESP_START
059 0 0299356936 LICK
059 0 0299357428 TIMEOUT_START
059 0 0299536720 LICK
059 0 0299537204 TIMEOUT_START
059 0 0299715892 LICK
059 0 0299716376 TIMEOUT_START
059 0 0299907896 LICK
059 0 0299908384 TIMEOUT_START
059 0 0300116364 LICK
059 0 0300116848 TIMEOUT_START
059 0 0300310328 LICK
059 0 0300310820 TIMEOUT_START
059 0 0300503616 RESP_END
059 0 0307311316 TIMEOUT_END
060 1 0309134868 STIM_START
060 1 0309470648 LICK
060 1 0309595856 LICK
060 1 0309803628 LICK
060 1 0309976884 LICK
060 1 0310136596 LICK
060 1 0310233512 STIM_END_RESP_START
060 1 0310292364 LICK
060 1 0310292856 REWARD_START
060 1 0310457404 LICK
060 1 0310619044 LICK
060 1 0310749208 LICK
060 1 0310877012 LICK
060 1 0311024500 LICK
060 1 0311433560 RESP_END
060 1 0310343360 REWARD_END
061 0 0313346836 STIM_START
061 0 0313623884 LICK
061 0 0313824568 LICK
061 0 0314445464 STIM_END_RESP_START
061 0 0315645512 RESP_END
062 0 0317495840 STIM_START
062 0 0318566800 LICK
062 0 0318594472 STIM_END_RESP_START
062 0 0318798616 LICK
062 0 0318799104 TIMEOUT_START
062 0 0318967284 LICK
062 0 0318967768 TIMEOUT_START
062 0 0319794516 RESP_END
062 0 0325968272 TIMEOUT_END
063 1 0328034152 STIM_START
063 1 0328421332 LICK
063 1 0328615468 LICK
063 1 0328806616 LICK
063 1 0328966024 LICK
063 1 0329132812 STIM_END_RESP_START
063 1 0329133296 LICK
063 1 0329133780 REWARD_START
063 1 0329295692 LICK
063 1 0329433028 LICK
063 1 0329560960 LICK
063 1 0329699464 LICK
063 1 0329849724 LICK
063 1 0330332844 RESP_END
063 1 0329184304 REWARD_END
064 1 0332175224 STIM_START
064 1 0332436340 LICK
064 1 0332633604 LICK
064 1 0332802924 LICK
064 1 0332984152 LICK
064 1 0333157908 LICK
064 1 0333273880 STIM_END_RESP_START
064 1 0333323912 LICK
064 1 0333324404 REWARD_START
064 1 0333481624 LICK
064 1 0333622928 LICK
064 1 0333751960 LICK
064 1 0333884324 LICK
064 1 0334030148 LICK
064 1 0334473900 RESP_END
064 1 0333374908 REWARD_END
065 0 0336161444 STIM_START
065 0 0336303988 LICK
065 0 0336481532 LICK
065 0 0337260084 STIM_END_RESP_START
065 0 0338460128 RESP_END
066 0 0340078748 STIM_START
066 0 0340274588 LICK
066 0 0340441412 LICK
066 0 0341177384 STIM_END_RESP_START
066 0 0342377420 RESP_END
067 0 0344177784 STIM_START
067 0 0344656172 LICK
067 0 0344824292 LICK
067 0 0344997880 LICK
067 0 0345161936 LICK
067 0 0345276432 STIM_END_RESP_START
067 0 0345346848 LICK
067 0 0345347336 TIMEOUT_START
067 0 0345526916 LICK
067 0 0345527408 TIMEOUT_START
067 0 0345681108 LICK
067 0 0345681592 TIMEOUT_START
067 0 0345837512 LICK
067 0 0345838004 TIMEOUT_START
067 0 0346026328 LICK
067 0 0346026812 TIMEOUT_START
067 0 0346193380 LICK
067 0 0346193864 TIMEOUT_START
067 0 0346373300 LICK
067 0 0346373780 TIMEOUT_START
067 0 0346476440 RESP_END
067 0 0353374280 TIMEOUT_END
068 1 0355389332 STIM_START
068 1 0355953780 LICK
068 1 0356203484 LICK
068 1 0356367916 LICK
068 1 0356487968 STIM_END_RESP_START
068 1 0356530608 LICK
068 1 0356531092 REWARD_START
068 1 0356729192 LICK
068 1 0356992096 LICK
068 1 0357128628 LICK
068 1 0357259888 LICK
068 1 0357423576 LICK
068 1 0357688016 RESP_END
068 1 0356581604 REWARD_END
069 0 0359518388 STIM_START
069 0 0360075324 LICK
069 0 0360289340 LICK
069 0 0360501372 LICK
069 0 0360617028 STIM_END_RESP_START
069 0 0360709096 LICK
069 0 0360709584 TIMEOUT_START
069 0 0360920724 LICK
069 0 0360921212 TIMEOUT_START
069 0 0361111688 LICK
069 0 0361112172 TIMEOUT_START
069 0 0361280460 LICK
069 0 0361280948 TIMEOUT_START
069 0 0361470740 LICK
069 0 0361471232 TIMEOUT_START
069 0 0361817040 RESP_END
069 0 0368471740 TIMEOUT_END
070 1 0370535140 STIM_START
070 1 0370810300 LICK
070 1 0370995940 LICK
070 1 0371158628 LICK
070 1 0371334172 LICK
070 1 0371499680 LICK
070 1 0371633784 STIM_END_RESP_START
070 1 0371655548 LICK
070 1 0371656040 REWARD_START
070 1 0371850972 LICK
070 1 0372124272 LICK
070 1 0372261224 LICK
070 1 0372392712 LICK
070 1 0372554776 LICK
070 1 0372833812 RESP_END
070 1 0371706544 REWARD_END
071 0 0374819048 STIM_START
071 0 0375041908 LICK
071 0 0375917700 STIM_END_RESP_START
071 0 0377117744 RESP_END
072 0 0378971044 STIM_START
072 0 0379361064 LICK
072 0 0380069692 STIM_END_RESP_START
072 0 0381269736 RESP_END
073 0 0382908360 STIM_START
073 0 0383803176 LICK
073 0 0383982612 LICK
073 0 0384007012 STIM_END_RESP_START
073 0 0384154636 LICK
073 0 0384155120 TIMEOUT_START
073 0 0384319416 LICK
073 0 0384319908 TIMEOUT_START
073 0 0384501996 LICK
073 0 0384502480 TIMEOUT_START
073 0 0384683676 LICK
073 0 0384684168 TIMEOUT_START
073 0 0384887236 LICK
073 0 0384887720 TIMEOUT_START
073 0 0385207036 RESP_END
073 0 0391888232 TIMEOUT_END
074 1 0393787264 STIM_START
074 1 0394205584 LICK
074 1 0394385576 LICK
074 1 0394573256 LICK
074 1 0394739908 LICK
074 1 0394885908 STIM_END_RESP_START
074 1 0394888596 LICK
074 1 0394889088 REWARD_START
074 1 0395082504 LICK
074 1 0395244524 LICK
074 1 0395387732 LICK
074 1 0395510468 LICK
074 1 0395646388 LICK
074 1 0395799836 LICK
074 1 0396085932 RESP_END
074 1 0394939604 REWARD_END
075 1 0397857404 STIM_START
075 1 0398373048 LICK
075 1 0398552772 LICK
075 1 0398707372 LICK
075 1 0398887388 LICK
075 1 0398956044 STIM_END_RESP_START
075 1 0399072560 LICK
075 1 0399073044 REWARD_START
075 1 0399241236 LICK
075 1 0399388388 LICK
075 1 0399518056 LICK
075 1 0399652200 LICK
075 1 0399795792 LICK
075 1 0400156064 RESP_END
075 1 0399123560 REWARD_END
076 1 0402220156 STIM_START
076 1 0402488968 LICK
076 1 0402684448 LICK
076 1 0402851940 LICK
076 1 0403027232 LICK
076 1 0403205604 LICK
076 1 0403318812 STIM_END_RESP_START
076 1 0403381420 LICK
076 1 0403381904 REWARD_START
076 1 0403584096 LICK
076 1 0403735312 LICK
076 1 0403855420 LICK
076 1 0403994604 LICK
076 1 0404142668 LICK
076 1 0404518828 RESP_END
076 1 0403432408 REWARD_END
077 0 0406485044 STIM_START
077 0 0407055604 LICK
077 0 0407256348 LICK
077 0 0407438720 LICK
077 0 0407583684 STIM_END_RESP_START
077 0 0407603620 LICK
077 0 0407604104 TIMEOUT_START
077 0 0407802980 LICK
077 0 0407803464 TIMEOUT_START
077 0 0407970896 LICK
077 0 0407971380 TIMEOUT_START
077 0 0408783720 RESP_END
077 0 0414971888 TIMEOUT_END
078 1 0417033388 STIM_START
078 1 0417432736 LICK
078 1 0417605612 LICK
078 1 0417772228 LICK
078 1 0417951392 LICK
078 1 0418132044 STIM_END_RESP_START
078 1 0418137316 LICK
078 1 0418137804 REWARD_START
078 1 0418335532 LICK
078 1 0418473624 LICK
078 1 0418602988 LICK
078 1 0418736412 LICK
078 1 0418889748 LICK
078 1 0419332092 RESP_END
078 1 0418188320 REWARD_END
079 1 0421108504 STIM_START
079 1 0421227772 LICK
079 1 0421853164 LICK
079 1 0422028276 LICK
079 1 0422195828 LICK
079 1 0422207132 STIM_END_RESP_START
079 1 0422364184 LICK
079 1 0422364668 REWARD_START
079 1 0422517336 LICK
079 1 0422654464 LICK
079 1 0422784032 LICK
079 1 0422919484 LICK
079 1 0423212696 LICK
079 1 0423407156 RESP_END
079 1 0422415172 REWARD_END
080 0 0425028800 STIM_START
080 0 0426127448 STIM_END_RESP_START
080 0 0427327484 RESP_END
081 1 0429155844 STIM_START
081 1 0430004260 LICK
081 1 0430185188 LICK
081 1 0430254476 STIM_END_RESP_START
081 1 0430334912 LICK
081 1 0430335400 REWARD_START
081 1 0430508360 LICK
081 1 0430657676 LICK
081 1 0430782944 LICK
081 1 0430925612 LICK
081 1 0431070492 LICK
081 1 0431454512 RESP_END
081 1 0430385908 REWARD_END
082 1 0433221972 STIM_START
082 1 0433456376 LICK
082 1 0433652712 LICK
082 1 0433838020 LICK
082 1 0434039556 LICK
082 1 0434245712 LICK
082 1 0434320628 STIM_END_RESP_START
082 1 0434428280 LICK
082 1 0434428764 REWARD_START
082 1 0434642884 LICK
082 1 0434780940 LICK
082 1 0434909696 LICK
082 1 0435044868 LICK
082 1 0435192516 LICK
082 1 0435520668 RESP_END
082 1 0434479276 REWARD_END
083 0 0437258072 STIM_START
083 0 0437950428 LICK
083 0 0438356740 STIM_END_RESP_START
083 0 0439556784 RESP_END
084 1 0441215332 STIM_START
084 1 0441520004 LICK
084 1 0441999016 LICK
084 1 0442160704 LICK
084 1 0442313988 STIM_END_RESP_START
084 1 0442379600 LICK
084 1 0442380080 REWARD_START
084 1 0442546756 LICK
084 1 0442696952 LICK
084 1 0442819940 LICK
084 1 0442953944 LICK
084 1 0443088048 LICK
084 1 0443514004 RESP_END
084 1 0442430592 REWARD_END
085 1 0445349408 STIM_START
085 1 0445610372 LICK
085 1 0445839136 LICK
085 1 0446015812 LICK
085 1 0446208524 LICK
085 1 0446372996 LICK
085 1 0446448064 STIM_END_RESP_START
085 1 0446538412 LICK
085 1 0446538904 REWARD_START
085 1 0446692824 LICK
085 1 0446830652 LICK
085 1 0446958116 LICK
085 1 0447090180 LICK
085 1 0447233840 LICK
085 1 0447648088 RESP_END
085 1 0446589408 REWARD_END
086 0 0451052592 STIM_START
086 0 0451252360 LICK
086 0 0452151236 STIM_END_RESP_START
086 0 0453351280 RESP_END
087 0 0455294436 STIM_START
087 0 0455494980 LICK
087 0 0456393068 STIM_END_RESP_START
087 0 0457593108 RESP_END
088 0 0459319632 STIM_START
088 0 0459727864 LICK
088 0 0459926184 LICK
088 0 0460101572 LICK
088 0 0460263560 LICK
088 0 0460418272 STIM_END_RESP_START
088 0 0460427016 LICK
088 0 0460427504 TIMEOUT_START
088 0 0460586420 LICK
088 0 0460586904 TIMEOUT_START
088 0 0460761944 LICK
088 0 0460762436 TIMEOUT_START
088 0 0460941260 LICK
088 0 0460941748 TIMEOUT_START
088 0 0461109908 LICK
088 0 0461110400 TIMEOUT_START
088 0 0461618288 RESP_END
088 0 0468110908 TIMEOUT_END
089 1 0470067752 STIM_START
089 1 0470385824 LICK
089 1 0470558236 LICK
089 1 0470739608 LICK
089 1 0470909384 LICK
089 1 0471081120 LICK
089 1 0471166392 STIM_END_RESP_START
089 1 0471264064 LICK
089 1 0471264552 REWARD_START
089 1 0471422276 LICK
089 1 0471575040 LICK
089 1 0471706984 LICK
089 1 0471844272 LICK
089 1 0471996852 LICK
089 1 0472366424 RESP_END
089 1 0471315060 REWARD_END
090 0 0473973020 STIM_START
090 0 0474308596 LICK
090 0 0475071648 STIM_END_RESP_START
090 0 0476271692 RESP_END
091 0 0478098136 STIM_START
091 0 0478402012 LICK
091 0 0478579076 LICK
091 0 0479196768 STIM_END_RESP_START
091 0 0480396816 RESP_END
092 1 0482240140 STIM_START
092 1 0482606888 LICK
092 1 0482777884 LICK
092 1 0482953292 LICK
092 1 0483129612 LICK
092 1 0483290196 LICK
092 1 0483338788 STIM_END_RESP_START
092 1 0483461568 LICK
092 1 0483462052 REWARD_START
092 1 0483626872 LICK
092 1 0483760528 LICK
092 1 0483885028 LICK
092 1 0484023468 LICK
092 1 0484174984 LICK
092 1 0484538824 RESP_END
092 1 0483512564 REWARD_END
093 1 0486533992 STIM_START
093 1 0486759748 LICK
093 1 0486971272 LICK
093 1 0487147748 LICK
093 1 0487319896 LICK
093 1 0487490860 LICK
093 1 0487632660 STIM_END_RESP_START
093 1 0487657312 LICK
093 1 0487657804 REWARD_START
093 1 0487817352 LICK
093 1 0487956912 LICK
093 1 0488088440 LICK
093 1 0488224708 LICK
093 1 0488373948 LICK
093 1 0488832684 RESP_END
093 1 0487708308 REWARD_END
094 1 0490655044 STIM_START
094 1 0490880560 LICK
094 1 0491093940 LICK
094 1 0491273212 LICK
094 1 0491448240 LICK
094 1 0491617000 LICK
094 1 0491753688 STIM_END_RESP_START
094 1 0491784572 LICK
094 1 0491785056 REWARD_START
094 1 0491939556 LICK
094 1 0492069908 LICK
094 1 0492199916 LICK
094 1 0492331752 LICK
094 1 0492489632 LICK
094 1 0492953716 RESP_END
094 1 0491835568 REWARD_END
095 0 0494580344 STIM_START
095 0 0494773116 LICK
095 0 0494906596 LICK
095 0 0495509904 LICK
095 0 0495671932 LICK
095 0 0495678988 STIM_END_RESP_START
095 0 0495861160 LICK
095 0 0495861644 TIMEOUT_START
095 0 0496044092 LICK
095 0 0496044576 TIMEOUT_START
095 0 0496249008 LICK
095 0 0496249492 TIMEOUT_START
095 0 0496473112 LICK
095 0 0496473600 TIMEOUT_START
095 0 0496639668 LICK
095 0 0496640160 TIMEOUT_START
095 0 0496879004 RESP_END
095 0 0503640660 TIMEOUT_END
096 1 0505270528 STIM_START
096 1 0505723596 LICK
096 1 0505918540 LICK
096 1 0506106232 LICK
096 1 0506283200 LICK
096 1 0506369160 STIM_END_RESP_START
096 1 0506459208 LICK
096 1 0506459692 REWARD_START
096 1 0506623940 LICK
096 1 0506756872 LICK
096 1 0506878324 LICK
096 1 0507011848 LICK
096 1 0507164996 LICK
096 1 0507517628 LICK
096 1 0507569200 RESP_END
096 1 0506510200 REWARD_END
097 1 0509157848 STIM_START
097 1 0509505976 LICK
097 1 0510256500 STIM_END_RESP_START
097 1 0510556360 LICK
097 1 0510556848 REWARD_START
097 1 0510734736 LICK
097 1 0510872472 LICK
097 1 0510993084 LICK
097 1 0511135124 LICK
097 1 0511301196 LICK
097 1 0511456524 RESP_END
097 1 0510607356 REWARD_END
098 0 0513135024 STIM_START
098 0 0513315288 LICK
098 0 0513459232 LICK
098 0 0514233680 STIM_END_RESP_START
098 0 0515433724 RESP_END
099 1 0517164236 STIM_START
099 1 0517443012 LICK
099 1 0517643960 LICK
099 1 0517837476 LICK
099 1 0517996780 LICK
099 1 0518163472 LICK
099 1 0518262884 STIM_END_RESP_START
099 1 0518316068 LICK
099 1 0518316556 REWARD_START
099 1 0518481108 LICK
099 1 0518623060 LICK
099 1 0518751512 LICK
099 1 0518900452 LICK
099 1 0519043168 LICK
099 1 0519206776 LICK
099 1 0519462908 RESP_END
099 1 0518367060 REWARD_END
100 1 0521465060 STIM_START
100 1 0521655636 LICK
100 1 0521872276 LICK
100 1 0522064872 LICK
100 1 0522239796 LICK
100 1 0522424052 LICK
100 1 0522563704 STIM_END_RESP_START
100 1 0522585880 LICK
100 1 0522586372 REWARD_START
100 1 0522749252 LICK
100 1 0522891084 LICK
100 1 0523014320 LICK
100 1 0523149712 LICK
100 1 0523319200 LICK
100 1 0523763752 RESP_END
100 1 0522636876 REWARD_END
101 0 0525597124 STIM_START
101 0 0525763032 LICK
101 0 0525954792 LICK
101 0 0526695760 STIM_END_RESP_START
101 0 0527895800 RESP_END
102 0 0529944872 STIM_START
102 0 0531043524 STIM_END_RESP_START
102 0 0532243568 RESP_END
103 1 0534157832 STIM_START
103 1 0534634488 LICK
103 1 0534836216 LICK
103 1 0535020104 LICK
103 1 0535172108 LICK
103 1 0535256468 STIM_END_RESP_START
103 1 0535335032 LICK
103 1 0535335520 REWARD_START
103 1 0535521068 LICK
103 1 0535784540 LICK
103 1 0535920768 LICK
103 1 0536053896 LICK
103 1 0536207576 LICK
103 1 0536456492 RESP_END
103 1 0535386024 REWARD_END
USER_EXIT