001 0 0002473500 STIM_START
001 0 0002643416 LICK
001 0 0003535348 LICK
001 0 0003572168 STIM_END_RESP_START
001 0 0003711228 LICK
001 0 0003711620 TIMEOUT_START
001 0 0004772188 RESP_END
001 0 0010712028 TIMEOUT_END
002 1 0012518520 STIM_START
002 1 0013193580 LICK
002 1 0013383816 LICK
002 1 0013578188 LICK
002 1 0013617192 STIM_END_RESP_START
002 1 0013782560 LICK
002 1 0013782996 REWARD_START
002 1 0013964984 LICK
002 1 0014231456 LICK
002 1 0014372724 LICK
002 1 0014817240 RESP_END
002 1 0013843464 REWARD_END
003 1 0016869404 STIM_START
003 1 0017008492 LICK
003 1 0017968056 STIM_END_RESP_START
003 1 0018531612 LICK
003 1 0018532048 REWARD_START
003 1 0018688776 LICK
003 1 0018830024 LICK
003 1 0018948264 LICK
003 1 0019101788 LICK
003 1 0019168064 RESP_END
003 1 0018592512 REWARD_END
004 1 0023739128 STIM_START
004 1 0024837800 STIM_END_RESP_START
004 1 0025759972 LICK
004 1 0025760408 REWARD_START
004 1 0025909616 LICK
004 1 0026037816 RESP_END
004 1 0025820872 REWARD_END
005 0 0028950976 STIM_START
005 0 0030049644 STIM_END_RESP_START
005 0 0031249668 RESP_END
006 1 0032858264 STIM_START
006 1 0033956932 STIM_END_RESP_START
006 1 0033988356 LICK
006 1 0033988800 REWARD_START
006 1 0034128244 LICK
006 1 0034250120 LICK
006 1 0034384500 LICK
006 1 0034532104 LICK
006 1 0034674368 LICK
006 1 0034847344 LICK
006 1 0035156952 RESP_END
006 1 0034049248 REWARD_END
007 1 0036903496 STIM_START
007 1 0038002152 STIM_END_RESP_START
007 1 0038013416 LICK
007 1 0038013852 REWARD_START
007 1 0038156388 LICK
007 1 0038301484 LICK
007 1 0038438892 LICK
007 1 0038592612 LICK
007 1 0038740140 LICK
007 1 0038938488 LICK
007 1 0039095960 LICK
007 1 0039202168 RESP_END
007 1 0038074316 REWARD_END
008 1 0041648780 STIM_START
008 1 0042348160 LICK
008 1 0042513416 LICK
008 1 0042658592 LICK
008 1 0042747436 STIM_END_RESP_START
008 1 0042960976 LICK
008 1 0042961412 REWARD_START
008 1 0043116868 LICK
008 1 0043255220 LICK
008 1 0043384548 LICK
008 1 0043527228 LICK
008 1 0043842424 LICK
008 1 0043947464 RESP_END
008 1 0043021860 REWARD_END
009 0 0045593092 STIM_START
009 0 0046691768 STIM_END_RESP_START
009 0 0047891792 RESP_END
010 1 0049700176 STIM_START
010 1 0050221648 LICK
010 1 0050345364 LICK
010 1 0050467752 LICK
010 1 0050645204 LICK
010 1 0050793344 LICK
010 1 0050798848 STIM_END_RESP_START
010 1 0051135744 LICK
010 1 0051136184 REWARD_START
010 1 0051286872 LICK
010 1 0051417216 LICK
010 1 0051552320 LICK
010 1 0051705716 LICK
010 1 0051845972 LICK
010 1 0051998892 RESP_END
010 1 0051196652 REWARD_END
011 1 0054063980 STIM_START
011 1 0054426872 LICK
011 1 0055162648 STIM_END_RESP_START
011 1 0055168396 LICK
011 1 0055168832 REWARD_START
011 1 0055299880 LICK
011 1 0055437788 LICK
011 1 0055578564 LICK
011 1 0055720592 LICK
011 1 0055898248 LICK
011 1 0056053096 LICK
011 1 0056362668 RESP_END
011 1 0055229292 REWARD_END
012 0 0057951416 STIM_START
012 0 0058511064 LICK
012 0 0058668432 LICK
012 0 0058813684 LICK
012 0 0059050088 STIM_END_RESP_START
012 0 0059316852 LICK
012 0 0059317292 TIMEOUT_START
012 0 0059485632 LICK
012 0 0059486068 TIMEOUT_START
012 0 0059643316 LICK
012 0 0059643752 TIMEOUT_START
012 0 0059825116 LICK
012 0 0059825560 TIMEOUT_START
012 0 0060250132 RESP_END
012 0 0066826008 TIMEOUT_END
013 0 0068613644 STIM_START
013 0 0069712312 STIM_END_RESP_START
013 0 0070912336 RESP_END
014 1 0072862616 STIM_START
014 1 0073600716 LICK
014 1 0073745484 LICK
014 1 0073914220 LICK
014 1 0073961276 STIM_END_RESP_START
014 1 0074089072 LICK
014 1 0074089516 REWARD_START
014 1 0074265664 LICK
014 1 0074401844 LICK
014 1 0074535656 LICK
014 1 0074667180 LICK
014 1 0074977860 LICK
014 1 0075161288 RESP_END
014 1 0074149964 REWARD_END
015 0 0076989684 STIM_START
015 0 0078088356 STIM_END_RESP_START
015 0 0079288384 RESP_END
016 1 0081218608 STIM_START
016 1 0082018232 LICK
016 1 0082155048 LICK
016 1 0082316124 LICK
016 1 0082317260 STIM_END_RESP_START
016 1 0082499420 LICK
016 1 0082499860 REWARD_START
016 1 0082654396 LICK
016 1 0082786972 LICK
016 1 0082913652 LICK
016 1 0083048088 LICK
016 1 0083198012 LICK
016 1 0083351644 LICK
016 1 0083517288 RESP_END
016 1 0082560308 REWARD_END
017 0 0085426632 STIM_START
017 0 0086525300 STIM_END_RESP_START
017 0 0087725328 RESP_END
018 1 0089432852 STIM_START
018 1 0090531524 STIM_END_RESP_START
018 1 0091731548 RESP_END
019 1 0093468972 STIM_START
019 1 0094567644 STIM_END_RESP_START
019 1 0095767672 RESP_END
020 1 0097855828 STIM_START
020 1 0098954500 STIM_END_RESP_START
020 1 0100040680 LICK
020 1 0100041172 REWARD_START
020 1 0100154524 RESP_END
020 1 0100101664 REWARD_END
021 0 0102619108 STIM_START
021 0 0103717756 STIM_END_RESP_START
021 0 0104917800 RESP_END
022 1 0106887032 STIM_START
022 1 0107985680 STIM_END_RESP_START
022 1 0108162632 LICK
022 1 0108163120 REWARD_START
022 1 0108302692 LICK
022 1 0108437104 LICK
022 1 0108552592 LICK
022 1 0108688668 LICK
022 1 0108842796 LICK
022 1 0108996436 LICK
022 1 0109185708 RESP_END
022 1 0108223612 REWARD_END
023 1 0111273740 STIM_START
023 1 0112372392 STIM_END_RESP_START
023 1 0112541532 LICK
023 1 0112542024 REWARD_START
023 1 0112698272 LICK
023 1 0112836848 LICK
023 1 0112952988 LICK
023 1 0113095404 LICK
023 1 0113242132 LICK
023 1 0113553808 LICK
023 1 0113572416 RESP_END
023 1 0112602520 REWARD_END
024 1 0115449812 STIM_START
024 1 0116532664 LICK
024 1 0116548492 STIM_END_RESP_START
024 1 0116659652 LICK
024 1 0116660136 REWARD_START
024 1 0116796924 LICK
024 1 0116931636 LICK
024 1 0117050912 LICK
024 1 0117188788 LICK
024 1 0117342308 LICK
024 1 0117484712 LICK
024 1 0117748508 RESP_END
024 1 0116720652 REWARD_END
025 0 0119394120 STIM_START
025 0 0120492768 STIM_END_RESP_START
025 0 0121692812 RESP_END
026 1 0123541164 STIM_START
026 1 0124062852 LICK
026 1 0124212764 LICK
026 1 0124367452 LICK
026 1 0124549780 LICK
026 1 0124639824 STIM_END_RESP_START
026 1 0124678784 LICK
026 1 0124679272 REWARD_START
026 1 0124812732 LICK
026 1 0124957232 LICK
026 1 0125087348 LICK
026 1 0125227288 LICK
026 1 0125369932 LICK
026 1 0125839852 RESP_END
026 1 0124739768 REWARD_END
027 1 0128046776 STIM_START
027 1 0129120656 LICK
027 1 0129145432 STIM_END_RESP_START
027 1 0129251208 LICK
027 1 0129251696 REWARD_START
027 1 0129374432 LICK
027 1 0129511636 LICK
027 1 0129636976 LICK
027 1 0129782160 LICK
027 1 0129935380 LICK
027 1 0130093680 LICK
027 1 0130345448 RESP_END
027 1 0129312192 REWARD_END
028 1 0132308740 STIM_START
028 1 0133401668 LICK
028 1 0133407404 STIM_END_RESP_START
028 1 0133556224 LICK
028 1 0133556712 REWARD_START
028 1 0133702880 LICK
028 1 0133836860 LICK
028 1 0133962772 LICK
028 1 0134101760 LICK
028 1 0134607416 RESP_END
028 1 0133617208 REWARD_END
029 0 0136445744 STIM_START
029 0 0137544392 STIM_END_RESP_START
029 0 0138744436 RESP_END
030 1 0140718692 STIM_START
030 1 0141782028 LICK
030 1 0141817340 STIM_END_RESP_START
030 1 0141909636 LICK
030 1 0141910128 REWARD_START
030 1 0142043176 LICK
030 1 0142172520 LICK
030 1 0142309052 LICK
030 1 0142440884 LICK
030 1 0142591036 LICK
030 1 0143017380 RESP_END
030 1 0141970624 REWARD_END
031 1 0144708880 STIM_START
031 1 0145410896 LICK
031 1 0145553996 LICK
031 1 0145696580 LICK
031 1 0145807528 STIM_END_RESP_START
031 1 0145809768 LICK
031 1 0145810256 REWARD_START
031 1 0145947016 LICK
031 1 0146084124 LICK
031 1 0146217208 LICK
031 1 0146368300 LICK
031 1 0146518076 LICK
031 1 0147007568 RESP_END
031 1 0145870776 REWARD_END
032 1 0149043788 STIM_START
032 1 0149562776 LICK
032 1 0149727044 LICK
032 1 0149888252 LICK
032 1 0150067024 LICK
032 1 0150142440 STIM_END_RESP_START
032 1 0150206624 LICK
032 1 0150207108 REWARD_START
032 1 0150345064 LICK
032 1 0150478784 LICK
032 1 0150613852 LICK
032 1 0150752196 LICK
032 1 0151061716 LICK
032 1 0151342460 RESP_END
032 1 0150267620 REWARD_END
033 0 0152966068 STIM_START
033 0 0154064720 STIM_END_RESP_START
033 0 0155264760 RESP_END
034 0 0157027240 STIM_START
034 0 0158125888 STIM_END_RESP_START
034 0 0159325932 RESP_END
035 0 0161065388 STIM_START
035 0 0162164036 STIM_END_RESP_START
035 0 0163364080 RESP_END
036 1 0165234440 STIM_START
036 1 0165684200 LICK
036 1 0165816504 LICK
036 1 0165953492 LICK
036 1 0166113272 LICK
036 1 0166280828 LICK
036 1 0166333116 STIM_END_RESP_START
036 1 0166453832 LICK
036 1 0166454324 REWARD_START
036 1 0166628940 LICK
036 1 0166889608 LICK
036 1 0167181748 LICK
036 1 0167488188 LICK
036 1 0167533156 RESP_END
036 1 0166514816 REWARD_END
037 0 0169234648 STIM_START
037 0 0169315156 LICK
037 0 0170028856 LICK
037 0 0170167960 LICK
037 0 0170318560 LICK
037 0 0170333320 STIM_END_RESP_START
037 0 0170489060 LICK
037 0 0170489540 TIMEOUT_START
037 0 0170667504 LICK
037 0 0170667988 TIMEOUT_START
037 0 0170830192 LICK
037 0 0170830672 TIMEOUT_START
037 0 0171533352 RESP_END
037 0 0177831176 TIMEOUT_END
038 1 0179709192 STIM_START
038 1 0180297256 LICK
038 1 0180471944 LICK
038 1 0180638768 LICK
038 1 0180799688 LICK
038 1 0180807860 STIM_END_RESP_START
038 1 0180964224 LICK
038 1 0180964712 REWARD_START
038 1 0181169248 LICK
038 1 0181426004 LICK
038 1 0181711548 LICK
038 1 0181871180 LICK
038 1 0182007888 RESP_END
038 1 0181025208 REWARD_END
039 0 0184267708 STIM_START
039 0 0185366356 STIM_END_RESP_START
039 0 0186566400 RESP_END
040 0 0188340912 STIM_START
040 0 0189439564 STIM_END_RESP_START
040 0 0190639612 RESP_END
041 0 0192313160 STIM_START
041 0 0193411808 STIM_END_RESP_START
041 0 0194611852 RESP_END
042 1 0196200524 STIM_START
042 1 0196822952 LICK
042 1 0196963584 LICK
042 1 0197114816 LICK
042 1 0197273848 LICK
042 1 0197299184 STIM_END_RESP_START
042 1 0197462516 LICK
042 1 0197463000 REWARD_START
042 1 0197616904 LICK
042 1 0197758284 LICK
042 1 0197889764 LICK
042 1 0198036080 LICK
042 1 0198182964 LICK
042 1 0198334404 LICK
042 1 0198499208 RESP_END
042 1 0197523500 REWARD_END
043 0 0200318576 STIM_START
043 0 0201417228 STIM_END_RESP_START
043 0 0202617272 RESP_END
044 1 0204344784 STIM_START
044 1 0205074124 LICK
044 1 0205228164 LICK
044 1 0205370996 LICK
044 1 0205443436 STIM_END_RESP_START
044 1 0205523420 LICK
044 1 0205523904 REWARD_START
044 1 0205708764 LICK
044 1 0205849812 LICK
044 1 0205981908 LICK
044 1 0206114840 LICK
044 1 0206263356 LICK
044 1 0206643468 RESP_END
044 1 0205584424 REWARD_END
045 1 0209207000 STIM_START
045 1 0210118248 LICK
045 1 0210278200 LICK
045 1 0210305664 STIM_END_RESP_START
045 1 0210443228 LICK
045 1 0210443716 REWARD_START
045 1 0210576116 LICK
045 1 0210706072 LICK
045 1 0210847880 LICK
045 1 0210996628 LICK
045 1 0211133040 LICK
045 1 0211505684 RESP_END
045 1 0210504208 REWARD_END
046 0 0213367048 STIM_START
046 0 0214465696 STIM_END_RESP_START
046 0 0215665740 RESP_END
047 0 0217700876 STIM_START
047 0 0218799524 STIM_END_RESP_START
047 0 0219999568 RESP_END
048 0 0221910836 STIM_START
048 0 0223009484 STIM_END_RESP_START
048 0 0224209528 RESP_END
049 1 0228957396 STIM_START
049 1 0229451036 LICK
049 1 0229825260 LICK
049 1 0230004760 LICK
049 1 0230056044 STIM_END_RESP_START
049 1 0230366376 LICK
049 1 0230366860 REWARD_START
049 1 0230554452 LICK
049 1 0230698036 LICK
049 1 0230830780 LICK
049 1 0231118944 LICK
049 1 0231256100 RESP_END
049 1 0230427372 REWARD_END
050 0 0234178220 STIM_START
050 0 0235276872 STIM_END_RESP_START
050 0 0236476916 RESP_END
051 0 0238126512 STIM_START
051 0 0239225160 STIM_END_RESP_START
051 0 0240425204 RESP_END
052 1 0242237576 STIM_START
052 1 0242756484 LICK
052 1 0242918596 LICK
052 1 0243071884 LICK
052 1 0243247920 LICK
052 1 0243336220 STIM_END_RESP_START
052 1 0243435460 LICK
052 1 0243435952 REWARD_START
052 1 0243610564 LICK
052 1 0243749752 LICK
052 1 0244006552 LICK
052 1 0244164976 LICK
052 1 0244536244 RESP_END
052 1 0243496444 REWARD_END
053 0 0246300768 STIM_START
053 0 0247399412 STIM_END_RESP_START
053 0 0248599456 RESP_END
054 0 0250526744 STIM_START
054 0 0251625388 STIM_END_RESP_START
054 0 0252825432 RESP_END
055 1 0254781628 STIM_START
055 1 0255409908 LICK
055 1 0255551428 LICK
055 1 0255710740 LICK
055 1 0255875912 LICK
055 1 0255880272 STIM_END_RESP_START
055 1 0256041832 LICK
055 1 0256042320 REWARD_START
055 1 0256203496 LICK
055 1 0256456988 LICK
055 1 0256732636 LICK
055 1 0257080316 RESP_END
055 1 0256102812 REWARD_END
056 1 0259053552 STIM_START
056 1 0259583592 LICK
056 1 0259729660 LICK
056 1 0259878772 LICK
056 1 0260152204 STIM_END_RESP_START
056 1 0260237972 LICK
056 1 0260238464 REWARD_START
056 1 0260416872 LICK
056 1 0260681788 LICK
056 1 0260833680 LICK
056 1 0260989476 LICK
056 1 0261134620 LICK
056 1 0261352212 RESP_END
056 1 0260298956 REWARD_END
057 1 0263674028 STIM_START
057 1 0264555992 LICK
057 1 0264719584 LICK
057 1 0264772692 STIM_END_RESP_START
057 1 0264892844 LICK
057 1 0264893328 REWARD_START
057 1 0265032156 LICK
057 1 0265166108 LICK
057 1 0265294300 LICK
057 1 0265434816 LICK
057 1 0265972732 RESP_END
057 1 0264953836 REWARD_END
058 0 0267903948 STIM_START
058 0 0269002596 STIM_END_RESP_START
058 0 0270202636 RESP_END
059 1 0271837312 STIM_START
059 1 0272284528 LICK
059 1 0272412820 LICK
059 1 0272555156 LICK
059 1 0272718612 LICK
059 1 0272911996 LICK
059 1 0272935976 STIM_END_RESP_START
059 1 0273100120 LICK
059 1 0273100608 REWARD_START
059 1 0273271336 LICK
059 1 0273404988 LICK
059 1 0273543228 LICK
059 1 0273820500 LICK
059 1 0273997232 LICK
059 1 0274136016 RESP_END
059 1 0273161120 REWARD_END
060 0 0276257032 STIM_START
060 0 0277355680 STIM_END_RESP_START
060 0 0278390376 LICK
060 0 0278390868 TIMEOUT_START
060 0 0278554552 LICK
060 0 0278555040 TIMEOUT_START
060 0 0278555700 RESP_END
060 0 0285555540 TIMEOUT_END
061 1 0287552556 STIM_START
061 1 0288115056 LICK
061 1 0288300256 LICK
061 1 0288483164 LICK
061 1 0288651224 STIM_END_RESP_START
061 1 0288846496 LICK
061 1 0288846984 REWARD_START
061 1 0289010064 LICK
061 1 0289251728 LICK
061 1 0289395012 LICK
061 1 0289540720 LICK
061 1 0289851248 RESP_END
061 1 0288907480 REWARD_END
062 0 0291652652 STIM_START
062 0 0292751300 STIM_END_RESP_START
062 0 0293951344 RESP_END
063 1 0295660880 STIM_START
063 1 0296145424 LICK
063 1 0296296908 LICK
063 1 0296451796 LICK
063 1 0296630780 LICK
063 1 0296759532 STIM_END_RESP_START
063 1 0296810876 LICK
063 1 0296811364 REWARD_START
063 1 0297005304 LICK
063 1 0297147296 LICK
063 1 0297274804 LICK
063 1 0297415244 LICK
063 1 0297557024 LICK
063 1 0297959580 RESP_END
063 1 0296871876 REWARD_END
064 0 0300347292 STIM_START
064 0 0301445944 STIM_END_RESP_START
064 0 0302645988 RESP_END
065 1 0304565244 STIM_START
065 1 0305431240 LICK
065 1 0305554780 LICK
065 1 0305663884 STIM_END_RESP_START
065 1 0305696388 LICK
065 1 0305696880 REWARD_START
065 1 0305841528 LICK
065 1 0305991732 LICK
065 1 0306122232 LICK
065 1 0306257784 LICK
065 1 0306401596 LICK
065 1 0306707396 LICK
065 1 0306863900 RESP_END
065 1 0305757376 REWARD_END
066 0 0309407492 STIM_START
066 0 0310506144 STIM_END_RESP_START
066 0 0310643268 LICK
066 0 0310643760 TIMEOUT_START
066 0 0310786600 LICK
066 0 0310787092 TIMEOUT_START
066 0 0311706180 RESP_END
066 0 0317787588 TIMEOUT_END
067 1 0319534372 STIM_START
067 1 0320268208 LICK
067 1 0320450412 LICK
067 1 0320633004 STIM_END_RESP_START
067 1 0320646464 LICK
067 1 0320646948 REWARD_START
067 1 0320810272 LICK
067 1 0321064336 LICK
067 1 0321201928 LICK
067 1 0321345708 LICK
067 1 0321655944 LICK
067 1 0321833040 RESP_END
067 1 0320707460 REWARD_END
068 1 0323656456 STIM_START
068 1 0324181032 LICK
068 1 0324333640 LICK
068 1 0324481872 LICK
068 1 0324755120 STIM_END_RESP_START
068 1 0324836012 LICK
068 1 0324836500 REWARD_START
068 1 0324976180 LICK
068 1 0325111184 LICK
068 1 0325248052 LICK
068 1 0325381532 LICK
068 1 0325541036 LICK
068 1 0325951584 LICK
068 1 0325955140 RESP_END
068 1 0324896996 REWARD_END
069 1 0328058240 STIM_START
069 1 0329156892 STIM_END_RESP_START
069 1 0330018376 LICK
069 1 0330018868 REWARD_START
069 1 0330164888 LICK
069 1 0330300276 LICK
069 1 0330356936 RESP_END
069 1 0330079364 REWARD_END
070 0 0333093256 STIM_START
070 0 0334191904 STIM_END_RESP_START
070 0 0334347576 LICK
070 0 0334348060 TIMEOUT_START
070 0 0334493948 LICK
070 0 0334494432 TIMEOUT_START
070 0 0335391924 RESP_END
070 0 0341494932 TIMEOUT_END
071 1 0343180192 STIM_START
071 1 0343756292 LICK
071 1 0343933292 LICK
071 1 0344121972 LICK
071 1 0344278852 STIM_END_RESP_START
071 1 0344281468 LICK
071 1 0344281956 REWARD_START
071 1 0344454956 LICK
071 1 0344700336 LICK
071 1 0344841236 LICK
071 1 0344990056 LICK
071 1 0345319860 LICK
071 1 0345478900 RESP_END
071 1 0344342476 REWARD_END
072 0 0347899532 STIM_START
072 0 0348998180 STIM_END_RESP_START
072 0 0350198224 RESP_END
073 0 0351944732 STIM_START
073 0 0353043376 STIM_END_RESP_START
073 0 0354243420 RESP_END
074 0 0356070808 STIM_START
074 0 0356291244 LICK
074 0 0357169488 STIM_END_RESP_START
074 0 0358369532 RESP_END
075 1 0360057084 STIM_START
075 1 0360588772 LICK
075 1 0360738992 LICK
075 1 0360889592 LICK
075 1 0361057732 LICK
075 1 0361155720 STIM_END_RESP_START
075 1 0361227216 LICK
075 1 0361227708 REWARD_START
075 1 0361391728 LICK
075 1 0361550040 LICK
075 1 0361794696 LICK
075 1 0361937024 LICK
075 1 0362259552 LICK
075 1 0362355748 RESP_END
075 1 0361288200 REWARD_END
076 0 0364226068 STIM_START
076 0 0365324716 STIM_END_RESP_START
076 0 0366524764 RESP_END
077 1 0368439056 STIM_START
077 1 0369043020 LICK
077 1 0369205044 LICK
077 1 0369362484 LICK
077 1 0369537720 STIM_END_RESP_START
077 1 0369539476 LICK
077 1 0369539968 REWARD_START
077 1 0369698544 LICK
077 1 0369833516 LICK
077 1 0369963292 LICK
077 1 0370100164 LICK
077 1 0370250964 LICK
077 1 0370737760 RESP_END
077 1 0369600472 REWARD_END
078 1 0373182392 STIM_START
078 1 0373655672 LICK
078 1 0373812572 LICK
078 1 0374001012 LICK
078 1 0374197684 LICK
078 1 0374281028 STIM_END_RESP_START
078 1 0374423404 LICK
078 1 0374423896 REWARD_START
078 1 0374619428 LICK
078 1 0374888732 LICK
078 1 0375026972 LICK
078 1 0375175612 LICK
078 1 0375481060 RESP_END
078 1 0374484392 REWARD_END
079 1 0377568172 STIM_START
079 1 0378666828 STIM_END_RESP_START
079 1 0379866872 RESP_END
080 0 0381821072 STIM_START
080 0 0382919720 STIM_END_RESP_START
080 0 0384119760 RESP_END
081 0 0386127964 STIM_START
081 0 0387226608 STIM_END_RESP_START
081 0 0388426648 RESP_END
082 1 0390023288 STIM_START
082 1 0390478972 LICK
082 1 0390623660 LICK
082 1 0390770576 LICK
082 1 0390928264 LICK
082 1 0391095248 LICK
082 1 0391121936 STIM_END_RESP_START
082 1 0391266572 LICK
082 1 0391267056 REWARD_START
082 1 0391443132 LICK
082 1 0391582292 LICK
082 1 0391724772 LICK
082 1 0391861648 LICK
082 1 0392151772 LICK
082 1 0392321972 RESP_END
082 1 0391327568 REWARD_END
083 1 0394668728 STIM_START
083 1 0395242868 LICK
083 1 0395396160 LICK
083 1 0395572972 LICK
083 1 0395736544 LICK
083 1 0395767360 STIM_END_RESP_START
083 1 0396102408 LICK
083 1 0396102900 REWARD_START
083 1 0396258588 LICK
083 1 0396395120 LICK
083 1 0396523780 LICK
083 1 0396667768 LICK
083 1 0396825244 LICK
083 1 0396967400 RESP_END
083 1 0396163396 REWARD_END
084 1 0399128452 STIM_START
084 1 0400227100 STIM_END_RESP_START
084 1 0400499332 LICK
084 1 0400499820 REWARD_START
084 1 0400667068 LICK
084 1 0400828396 LICK
084 1 0400948696 LICK
084 1 0401237392 LICK
084 1 0401427116 RESP_END
084 1 0400560316 REWARD_END
085 0 0403016824 STIM_START
085 0 0404115476 STIM_END_RESP_START
085 0 0405315512 RESP_END
086 0 0407032988 STIM_START
086 0 0408131640 STIM_END_RESP_START
086 0 0409331676 RESP_END
087 0 0411282908 STIM_START
087 0 0412381556 STIM_END_RESP_START
087 0 0413518624 LICK
087 0 0413519112 TIMEOUT_START
087 0 0413581584 RESP_END
087 0 0420519616 TIMEOUT_END
088 1 0422375716 STIM_START
088 1 0422878772 LICK
088 1 0423025036 LICK
088 1 0423187608 LICK
088 1 0423384540 LICK
088 1 0423474372 STIM_END_RESP_START
088 1 0423711836 LICK
088 1 0423712324 REWARD_START
088 1 0423876588 LICK
088 1 0424014148 LICK
088 1 0424148440 LICK
088 1 0424281972 LICK
088 1 0424574088 LICK
088 1 0424674384 RESP_END
088 1 0423772832 REWARD_END
089 0 0426795464 STIM_START
089 0 0427894116 STIM_END_RESP_START
089 0 0428058684 LICK
089 0 0428059164 TIMEOUT_START
089 0 0428211964 LICK
089 0 0428212452 TIMEOUT_START
089 0 0428362608 LICK
089 0 0428363096 TIMEOUT_START
089 0 0429054400 LICK
089 0 0429054884 TIMEOUT_START
089 0 0429094144 RESP_END
089 0 0436055392 TIMEOUT_END
090 1 0441101384 STIM_START
090 1 0441653392 LICK
090 1 0441834884 LICK
090 1 0442026120 LICK
090 1 0442200032 STIM_END_RESP_START
090 1 0442467044 LICK
090 1 0442467536 REWARD_START
090 1 0442641160 LICK
090 1 0442785732 LICK
090 1 0442919132 LICK
090 1 0443047688 LICK
090 1 0443191580 LICK
090 1 0443400076 RESP_END
090 1 0442528028 REWARD_END
091 1 0445324348 STIM_START
091 1 0446226204 LICK
091 1 0446384760 LICK
091 1 0446422984 STIM_END_RESP_START
091 1 0446537472 LICK
091 1 0446537964 REWARD_START
091 1 0446690052 LICK
091 1 0446824576 LICK
091 1 0446964452 LICK
091 1 0447104172 LICK
091 1 0447257088 LICK
091 1 0447577448 LICK
091 1 0447623000 RESP_END
091 1 0446598460 REWARD_END
092 0 0449568280 STIM_START
092 0 0450666932 STIM_END_RESP_START
092 0 0451866972 RESP_END
093 0 0453697292 STIM_START
093 0 0454795940 STIM_END_RESP_START
093 0 0455338532 LICK
093 0 0455339024 TIMEOUT_START
093 0 0455995960 RESP_END
093 0 0462339536 TIMEOUT_END
094 1 0464082976 STIM_START
094 1 0464606076 LICK
094 1 0464756564 LICK
094 1 0464922296 LICK
094 1 0465117572 LICK
094 1 0465181624 STIM_END_RESP_START
094 1 0465492300 LICK
094 1 0465492784 REWARD_START
094 1 0465659292 LICK
094 1 0465791224 LICK
094 1 0465923892 LICK
094 1 0466053556 LICK
094 1 0466341112 LICK
094 1 0466381648 RESP_END
094 1 0465553296 REWARD_END
095 1 0468599604 STIM_START
095 1 0469151848 LICK
095 1 0469350536 LICK
095 1 0469567916 LICK
095 1 0469698268 STIM_END_RESP_START
095 1 0470008600 LICK
095 1 0470009092 REWARD_START
095 1 0470199396 LICK
095 1 0470452128 LICK
095 1 0470588028 LICK
095 1 0470732252 LICK
095 1 0470873560 LICK
095 1 0470898304 RESP_END
095 1 0470069592 REWARD_END
096 0 0472895436 STIM_START
096 0 0473994088 STIM_END_RESP_START
096 0 0475194132 RESP_END
097 0 0476969576 STIM_START
097 0 0478068228 STIM_END_RESP_START
097 0 0479268272 RESP_END
098 1 0481217472 STIM_START
098 1 0481594392 LICK
098 1 0482013972 LICK
098 1 0482180952 LICK
098 1 0482316128 STIM_END_RESP_START
098 1 0482355724 LICK
098 1 0482356208 REWARD_START
098 1 0482533852 LICK
098 1 0482796680 LICK
098 1 0482947696 LICK
098 1 0483225196 LICK
098 1 0483516148 RESP_END
098 1 0482416708 REWARD_END
099 0 0485797040 STIM_START
099 0 0486895692 STIM_END_RESP_START
099 0 0488095728 RESP_END
100 1 0489865212 STIM_START
100 1 0490344920 LICK
100 1 0490486048 LICK
100 1 0490641276 LICK
100 1 0490818472 LICK
100 1 0490963880 STIM_END_RESP_START
100 1 0490987864 LICK
100 1 0490988352 REWARD_START
100 1 0491146524 LICK
100 1 0491302852 LICK
100 1 0491565340 LICK
100 1 0491717612 LICK
100 1 0492163904 RESP_END
100 1 0491048864 REWARD_END
101 0 0494604512 STIM_START
101 0 0495703160 STIM_END_RESP_START
101 0 0496476284 LICK
101 0 0496476768 TIMEOUT_START
101 0 0496903200 RESP_END
101 0 0503477288 TIMEOUT_END
102 1 0505292792 STIM_START
102 1 0505559188 LICK
102 1 0505918488 LICK
102 1 0506116512 LICK
102 1 0506391448 STIM_END_RESP_START
102 1 0506485256 LICK
102 1 0506485740 REWARD_START
102 1 0506631720 LICK
102 1 0506896784 LICK
102 1 0507184904 LICK
102 1 0507470444 LICK
102 1 0507591492 RESP_END
102 1 0506546244 REWARD_END
103 1 0509634600 STIM_START
103 1 0510710704 LICK
103 1 0510733252 STIM_END_RESP_START
103 1 0510855364 LICK
103 1 0510855852 REWARD_START
103 1 0510997368 LICK
103 1 0511130340 LICK
103 1 0511265772 LICK
103 1 0511397948 LICK
103 1 0511546916 LICK
103 1 0511879676 LICK
103 1 0511933264 RESP_END
103 1 0510916364 REWARD_END
104 0 0514320016 STIM_START
104 0 0515418664 STIM_END_RESP_START
104 0 0516618708 RESP_END
105 1 0518528016 STIM_START
105 1 0519416668 LICK
105 1 0519543968 LICK
105 1 0519626652 STIM_END_RESP_START
105 1 0519673832 LICK
105 1 0519674324 REWARD_START
105 1 0519807980 LICK
105 1 0519940380 LICK
105 1 0520069708 LICK
105 1 0520207256 LICK
105 1 0520478132 LICK
105 1 0520826688 RESP_END
105 1 0519734824 REWARD_END
106 1 0522432360 STIM_START
106 1 0522906672 LICK
106 1 0523052408 LICK
106 1 0523218660 LICK
106 1 0523530992 STIM_END_RESP_START
106 1 0523609064 LICK
106 1 0523609556 REWARD_START
106 1 0523762784 LICK
106 1 0524053256 LICK
106 1 0524320556 LICK
106 1 0524470068 LICK
106 1 0524636560 LICK
106 1 0524731012 RESP_END
106 1 0523670056 REWARD_END
107 0 0526676272 STIM_START
107 0 0527774920 STIM_END_RESP_START
107 0 0528974964 RESP_END
108 1 0531024104 STIM_START
108 1 0531417640 LICK
108 1 0531581252 LICK
108 1 0531744936 LICK
108 1 0531943248 LICK
108 1 0532122776 STIM_END_RESP_START
108 1 0532127444 LICK
108 1 0532127936 REWARD_START
108 1 0532279920 LICK
108 1 0532536380 LICK
108 1 0532825148 LICK
108 1 0533117972 LICK
108 1 0533322792 RESP_END
108 1 0532188444 REWARD_END
109 1 0535090280 STIM_START
109 1 0536043432 LICK
109 1 0536188924 STIM_END_RESP_START
109 1 0536195432 LICK
109 1 0536195916 REWARD_START
109 1 0536346728 LICK
109 1 0536497588 LICK
109 1 0536617548 LICK
109 1 0536765192 LICK
109 1 0536907416 LICK
109 1 0537092076 LICK
109 1 0537247044 LICK
109 1 0537388940 RESP_END
109 1 0536256424 REWARD_END
110 0 0539225276 STIM_START
110 0 0540323928 STIM_END_RESP_START
110 0 0541523964 RESP_END
111 0 0543134640 STIM_START
111 0 0544233292 STIM_END_RESP_START
111 0 0545433336 RESP_END
112 0 0547407552 STIM_START
112 0 0548506200 STIM_END_RESP_START
112 0 0549305716 LICK
112 0 0549306200 TIMEOUT_START
112 0 0549706224 RESP_END
112 0 0556306708 TIMEOUT_END
113 1 0558044860 STIM_START
113 1 0558642664 LICK
113 1 0558788684 LICK
113 1 0558964468 LICK
113 1 0559141728 LICK
113 1 0559143528 STIM_END_RESP_START
113 1 0559337628 LICK
113 1 0559338116 REWARD_START
113 1 0559500116 LICK
113 1 0559789796 LICK
113 1 0560218700 LICK
113 1 0560343572 RESP_END
113 1 0559398628 REWARD_END
114 1 0563859908 STIM_START
114 1 0563993872 LICK
114 1 0564164544 LICK
114 1 0564329324 LICK
114 1 0564710952 LICK
114 1 0564860476 LICK
114 1 0564958568 STIM_END_RESP_START
114 1 0565006008 LICK
114 1 0565006496 REWARD_START
114 1 0565177280 LICK
114 1 0565437944 LICK
114 1 0565583588 LICK
114 1 0565738856 LICK
114 1 0566158604 RESP_END
114 1 0565066992 REWARD_END
115 1 0568995760 STIM_START
115 1 0569832816 LICK
115 1 0570010600 LICK
115 1 0570094428 STIM_END_RESP_START
115 1 0570180800 LICK
115 1 0570181284 REWARD_START
115 1 0570325920 LICK
115 1 0570455444 LICK
115 1 0570583852 LICK
115 1 0570731920 LICK
115 1 0570866712 LICK
115 1 0571294448 RESP_END
115 1 0570241796 REWARD_END
116 0 0573253708 STIM_START
116 0 0574352356 STIM_END_RESP_START
116 0 0575552400 RESP_END
117 1 0577641492 STIM_START
117 1 0578069812 LICK
117 1 0578207236 LICK
117 1 0578355060 LICK
117 1 0578532332 LICK
117 1 0578740156 STIM_END_RESP_START
117 1 0578877280 LICK
117 1 0578877772 REWARD_START
117 1 0579040396 LICK
117 1 0579316640 LICK
117 1 0579462808 LICK
117 1 0579615120 LICK
117 1 0579759728 LICK
117 1 0579940200 RESP_END
117 1 0578938268 REWARD_END
118 1 0582583560 STIM_START
118 1 0583163972 LICK
118 1 0583312784 LICK
118 1 0583464512 LICK
118 1 0583644360 LICK
118 1 0583682212 STIM_END_RESP_START
118 1 0583796280 LICK
118 1 0583796772 REWARD_START
118 1 0583942444 LICK
118 1 0584075104 LICK
118 1 0584209996 LICK
118 1 0584882256 RESP_END
118 1 0583857268 REWARD_END
119 0 0586902440 STIM_START
119 0 0588001092 STIM_END_RESP_START
119 0 0589201136 RESP_END
120 0 0590912608 STIM_START
120 0 0592011252 STIM_END_RESP_START
120 0 0593211296 RESP_END
121 0 0594800056 STIM_START
121 0 0595898704 STIM_END_RESP_START
121 0 0597098752 RESP_END
122 1 0599385508 STIM_START
122 1 0600484156 STIM_END_RESP_START
122 1 0600555884 LICK
122 1 0600556372 REWARD_START
122 1 0600699408 LICK
122 1 0600842136 LICK
122 1 0600976036 LICK
122 1 0601124272 LICK
122 1 0601275032 LICK
122 1 0601407748 LICK
122 1 0601684196 RESP_END
122 1 0600616884 REWARD_END
123 1 0603763280 STIM_START
123 1 0604546800 LICK
123 1 0604690492 LICK
123 1 0604848280 LICK
123 1 0604861924 STIM_END_RESP_START
123 1 0605201968 LICK
123 1 0605202460 REWARD_START
123 1 0605352904 LICK
123 1 0605491040 LICK
123 1 0605623996 LICK
123 1 0605768684 LICK
123 1 0605914924 LICK
123 1 0606061944 RESP_END
123 1 0605262956 REWARD_END
124 0 0608063152 STIM_START
124 0 0609161808 STIM_END_RESP_START
124 0 0610361852 RESP_END
125 0 0612291120 STIM_START
125 0 0613389772 STIM_END_RESP_START
125 0 0614589816 RESP_END
126 1 0616260428 STIM_START
126 1 0616856696 LICK
126 1 0617010080 LICK
126 1 0617171892 LICK
126 1 0617359084 STIM_END_RESP_START
126 1 0617369780 LICK
126 1 0617370264 REWARD_START
126 1 0617532104 LICK
126 1 0617958228 LICK
126 1 0618256668 LICK
126 1 0618417776 LICK
126 1 0618559104 RESP_END
126 1 0617430776 REWARD_END
127 1 0621003768 STIM_START
127 1 0621504836 LICK
127 1 0621652640 LICK
127 1 0621785084 LICK
127 1 0621948308 LICK
127 1 0622102416 STIM_END_RESP_START
127 1 0622113332 LICK
127 1 0622113824 REWARD_START
127 1 0622294032 LICK
127 1 0622567824 LICK
127 1 0622719980 LICK
127 1 0622860348 LICK
127 1 0623302464 RESP_END
127 1 0622174336 REWARD_END
128 1 0625266656 STIM_START
128 1 0625728460 LICK
128 1 0625869496 LICK
128 1 0626012560 LICK
128 1 0626177556 LICK
128 1 0626365308 STIM_END_RESP_START
128 1 0626366240 LICK
128 1 0626366744 REWARD_START
128 1 0626532676 LICK
128 1 0626684568 LICK
128 1 0626834148 LICK
128 1 0626986836 LICK
128 1 0627117568 LICK
128 1 0627289752 LICK
128 1 0627565332 RESP_END
128 1 0626427240 REWARD_END
129 0 0629404696 STIM_START
129 0 0630503340 STIM_END_RESP_START
129 0 0631703384 RESP_END
130 0 0633733580 STIM_START
130 0 0634157132 LICK
130 0 0634301964 LICK
130 0 0634453960 LICK
130 0 0634832228 STIM_END_RESP_START
130 0 0635017520 LICK
130 0 0635018004 TIMEOUT_START
130 0 0636032248 RESP_END
130 0 0642018516 TIMEOUT_END
131 0 0643821540 STIM_START
131 0 0644920192 STIM_END_RESP_START
131 0 0646120236 RESP_END
132 1 0648151324 STIM_START
132 1 0648630296 LICK
132 1 0648776452 LICK
132 1 0648978608 LICK
132 1 0649174840 LICK
132 1 0649249968 STIM_END_RESP_START
132 1 0649597756 LICK
132 1 0649598252 REWARD_START
132 1 0649916356 LICK
132 1 0650067580 LICK
132 1 0650196600 LICK
132 1 0650326680 LICK
132 1 0650450000 RESP_END
132 1 0649658748 REWARD_END
133 0 0653030540 STIM_START
133 0 0654129188 STIM_END_RESP_START
133 0 0654316388 LICK
133 0 0654316884 TIMEOUT_START
133 0 0654488120 LICK
133 0 0654488612 TIMEOUT_START
133 0 0655329216 RESP_END
133 0 0661489120 TIMEOUT_END
134 0 0663259372 STIM_START
134 0 0664358024 STIM_END_RESP_START
134 0 0664788072 LICK
134 0 0664788556 TIMEOUT_START
134 0 0665558044 RESP_END
134 0 0671789064 TIMEOUT_END
135 0 0673623972 STIM_START
135 0 0674722624 STIM_END_RESP_START
135 0 0675420444 LICK
135 0 0675420928 TIMEOUT_START
135 0 0675922660 RESP_END
135 0 0682421444 TIMEOUT_END
136 1 0684252244 STIM_START
136 1 0684883992 LICK
136 1 0685031096 LICK
136 1 0685210152 LICK
136 1 0685350896 STIM_END_RESP_START
136 1 0685401684 LICK
136 1 0685402172 REWARD_START
136 1 0685616904 LICK
136 1 0685901612 LICK
136 1 0686036556 LICK
136 1 0686163420 LICK
136 1 0686327448 LICK
136 1 0686482072 LICK
136 1 0686550940 RESP_END
136 1 0685462668 REWARD_END
137 0 0688495296 STIM_START
137 0 0689593948 STIM_END_RESP_START
137 0 0689798864 LICK
137 0 0689799356 TIMEOUT_START
137 0 0689956668 LICK
137 0 0689957156 TIMEOUT_START
137 0 0690142272 LICK
137 0 0690142760 TIMEOUT_START
137 0 0690307172 LICK
137 0 0690307656 TIMEOUT_START
137 0 0690793968 RESP_END
137 0 0697308176 TIMEOUT_END
138 1 0699164572 STIM_START
138 1 0699929016 LICK
138 1 0700094976 LICK
138 1 0700263224 STIM_END_RESP_START
138 1 0700911604 LICK
138 1 0700912096 REWARD_START
138 1 0701463240 RESP_END
138 1 0700972608 REWARD_END
139 1 0703130784 STIM_START
139 1 0704034952 LICK
139 1 0704229436 STIM_END_RESP_START
139 1 0704330108 LICK
139 1 0704330592 REWARD_START
139 1 0704474776 LICK
139 1 0704618668 LICK
139 1 0704907700 LICK
139 1 0705356780 LICK
139 1 0705429456 RESP_END
139 1 0704391108 REWARD_END
140 0 0708392496 STIM_START
140 0 0709491148 STIM_END_RESP_START
140 0 0710691192 RESP_END
141 1 0712678388 STIM_START
141 1 0713278664 LICK
141 1 0713421448 LICK
141 1 0713577340 LICK
141 1 0713765208 LICK
141 1 0713777044 STIM_END_RESP_START
141 1 0713969040 LICK
141 1 0713969524 REWARD_START
141 1 0714193032 LICK
141 1 0714462488 LICK
141 1 0714745992 LICK
141 1 0714977088 RESP_END
141 1 0714030036 REWARD_END
142 0 0717187000 STIM_START
142 0 0718285652 STIM_END_RESP_START
142 0 0719485696 RESP_END
143 1 0721492852 STIM_START
143 1 0721960240 LICK
143 1 0722098064 LICK
143 1 0722257216 LICK
143 1 0722424996 LICK
143 1 0722591516 STIM_END_RESP_START
143 1 0722608640 LICK
143 1 0722609124 REWARD_START
143 1 0722790496 LICK
143 1 0723066552 LICK
143 1 0723346448 LICK
143 1 0723671780 LICK
143 1 0723791532 RESP_END
143 1 0722669628 REWARD_END
144 0 0725429144 STIM_START
144 0 0726527796 STIM_END_RESP_START
144 0 0727727844 RESP_END
145 1 0729656080 STIM_START
145 1 0730230640 LICK
145 1 0730373448 LICK
145 1 0730519308 LICK
145 1 0730693780 LICK
145 1 0730754736 STIM_END_RESP_START
145 1 0730883528 LICK
145 1 0730884012 REWARD_START
145 1 0731054440 LICK
145 1 0731197392 LICK
145 1 0731348520 LICK
145 1 0731491952 LICK
145 1 0731954784 RESP_END
145 1 0730944532 REWARD_END
146 0 0733545464 STIM_START
146 0 0734644116 STIM_END_RESP_START
146 0 0735844160 RESP_END
147 0 0737795368 STIM_START
147 0 0738894016 STIM_END_RESP_START
147 0 0740094064 RESP_END
148 1 0742083308 STIM_START
148 1 0742767628 LICK
148 1 0742900068 LICK
148 1 0743033392 LICK
148 1 0743176548 LICK
148 1 0743181984 STIM_END_RESP_START
148 1 0743347552 LICK
148 1 0743348040 REWARD_START
148 1 0743507720 LICK
148 1 0743659160 LICK
148 1 0743911936 LICK
148 1 0744067136 LICK
148 1 0744382008 RESP_END
148 1 0743408552 REWARD_END
149 0 0746341224 STIM_START
149 0 0747439876 STIM_END_RESP_START
149 0 0748639920 RESP_END
150 1 0750235600 STIM_START
150 1 0750883780 LICK
150 1 0751010212 LICK
150 1 0751143624 LICK
150 1 0751324252 LICK
150 1 0751334244 STIM_END_RESP_START
150 1 0751497080 LICK
150 1 0751497576 REWARD_START
150 1 0751644272 LICK
150 1 0751785812 LICK
150 1 0751935736 LICK
150 1 0752361036 LICK
150 1 0752514672 LICK
150 1 0752534268 RESP_END
150 1 0751558072 REWARD_END
151 1 0754414572 STIM_START
151 1 0755370512 LICK
151 1 0755505784 LICK
151 1 0755513228 STIM_END_RESP_START
151 1 0755655696 LICK
151 1 0755656184 REWARD_START
151 1 0755820144 LICK
151 1 0755966200 LICK
151 1 0756108660 LICK
151 1 0756713244 RESP_END
151 1 0755716680 REWARD_END
152 1 0758437800 STIM_START
152 1 0759381072 LICK
152 1 0759521360 LICK
152 1 0759536456 STIM_END_RESP_START
152 1 0759668756 LICK
152 1 0759669244 REWARD_START
152 1 0759817728 LICK
152 1 0759956728 LICK
152 1 0760097244 LICK
152 1 0760234544 LICK
152 1 0760699092 LICK
152 1 0760736496 RESP_END
152 1 0759729740 REWARD_END
153 0 0762586848 STIM_START
153 0 0763685500 STIM_END_RESP_START
153 0 0764885544 RESP_END
154 1 0766632984 STIM_START
154 1 0767228480 LICK
154 1 0767375200 LICK
154 1 0767528360 LICK
154 1 0767695332 LICK
154 1 0767731640 STIM_END_RESP_START
154 1 0767871980 LICK
154 1 0767872476 REWARD_START
154 1 0768062560 LICK
154 1 0768341540 LICK
154 1 0768629436 LICK
154 1 0768779664 LICK
154 1 0768931656 RESP_END
154 1 0767932976 REWARD_END
155 0 0770533360 STIM_START
155 0 0771632016 STIM_END_RESP_START
155 0 0772832060 RESP_END
156 0 0774881180 STIM_START
156 0 0775979832 STIM_END_RESP_START
156 0 0777179880 RESP_END
157 1 0778869420 STIM_START
157 1 0779354512 LICK
157 1 0779499656 LICK
157 1 0779682700 LICK
157 1 0779843600 LICK
157 1 0779968072 STIM_END_RESP_START
157 1 0780014728 LICK
157 1 0780015216 REWARD_START
157 1 0780154536 LICK
157 1 0780298792 LICK
157 1 0780436384 LICK
157 1 0780586344 LICK
157 1 0781168108 RESP_END
157 1 0780075728 REWARD_END
158 0 0783010424 STIM_START
158 0 0784109076 STIM_END_RESP_START
158 0 0785309124 RESP_END
159 1 0787024688 STIM_START
159 1 0787546680 LICK
159 1 0787704880 LICK
159 1 0787850388 LICK
159 1 0788013096 LICK
159 1 0788123320 STIM_END_RESP_START
159 1 0788201056 LICK
159 1 0788201548 REWARD_START
159 1 0788368032 LICK
159 1 0788632024 LICK
159 1 0788928152 LICK
159 1 0789228868 LICK
159 1 0789323360 RESP_END
159 1 0788262044 REWARD_END
160 0 0791281608 STIM_START
160 0 0792380256 STIM_END_RESP_START
160 0 0793580300 RESP_END
161 1 0795608428 STIM_START
161 1 0796144580 LICK
161 1 0796273376 LICK
161 1 0796417020 LICK
161 1 0796578872 LICK
161 1 0796707092 STIM_END_RESP_START
161 1 0796774696 LICK
161 1 0796775180 REWARD_START
161 1 0796941284 LICK
161 1 0797220884 LICK
161 1 0797511820 LICK
161 1 0797907132 RESP_END
161 1 0796835696 REWARD_END
162 0 0800130040 STIM_START
162 0 0801228692 STIM_END_RESP_START
162 0 0802428736 RESP_END
163 0 0804505836 STIM_START
163 0 0805604484 STIM_END_RESP_START
163 0 0806804528 RESP_END
164 1 0808676860 STIM_START
164 1 0809099456 LICK
164 1 0809240024 LICK
164 1 0809439072 LICK
164 1 0809612500 LICK
164 1 0809769564 LICK
164 1 0809775500 STIM_END_RESP_START
164 1 0809938988 LICK
164 1 0809939476 REWARD_START
164 1 0810106956 LICK
164 1 0810245404 LICK
164 1 0810374580 LICK
164 1 0810517256 LICK
164 1 0810975536 RESP_END
164 1 0809999972 REWARD_END
165 0 0813068564 STIM_START
165 0 0814167212 STIM_END_RESP_START
165 0 0815367256 RESP_END
166 0 0817102792 STIM_START
166 0 0818201444 STIM_END_RESP_START
166 0 0819401488 RESP_END
167 1 0821089044 STIM_START
167 1 0821572360 LICK
167 1 0821719948 LICK
167 1 0821863332 LICK
167 1 0822044772 LICK
167 1 0822187712 STIM_END_RESP_START
167 1 0822229036 LICK
167 1 0822229524 REWARD_START
167 1 0822396884 LICK
167 1 0822538988 LICK
167 1 0822804156 LICK
167 1 0822959956 LICK
167 1 0823104948 LICK
167 1 0823276184 LICK
167 1 0823387736 RESP_END
167 1 0822290020 REWARD_END
168 1 0825452836 STIM_START
168 1 0825785492 LICK
168 1 0825943964 LICK
168 1 0826101200 LICK
168 1 0826408348 LICK
168 1 0826551504 STIM_END_RESP_START
168 1 0826572516 LICK
168 1 0826573012 REWARD_START
168 1 0826728012 LICK
168 1 0826902128 LICK
168 1 0827053608 LICK
168 1 0827191048 LICK
168 1 0827477616 LICK
168 1 0827751540 RESP_END
168 1 0826633504 REWARD_END
169 0 0829716700 STIM_START
169 0 0830815348 STIM_END_RESP_START
169 0 0832015396 RESP_END
170 1 0833754932 STIM_START
170 1 0834609652 LICK
170 1 0834731064 LICK
170 1 0834853596 STIM_END_RESP_START
170 1 0834863836 LICK
170 1 0834864336 REWARD_START
170 1 0835014344 LICK
170 1 0835155832 LICK
170 1 0835415176 LICK
170 1 0835566620 LICK
170 1 0835898608 LICK
170 1 0836053636 RESP_END
170 1 0834924848 REWARD_END
171 0 0837814040 STIM_START
171 0 0838912692 STIM_END_RESP_START
171 0 0840112732 RESP_END
172 0 0841803324 STIM_START
172 0 0842901972 STIM_END_RESP_START
172 0 0844102016 RESP_END
173 0 0846137116 STIM_START
173 0 0847235764 STIM_END_RESP_START
173 0 0848435808 RESP_END
174 1 0850993364 STIM_START
174 1 0851441236 LICK
174 1 0852012176 LICK
174 1 0852092024 STIM_END_RESP_START
174 1 0852369312 LICK
174 1 0852369804 REWARD_START
174 1 0852509908 LICK
174 1 0852647236 LICK
174 1 0852781944 LICK
174 1 0852930192 LICK
174 1 0853095936 LICK
174 1 0853255568 LICK
174 1 0853292072 RESP_END
174 1 0852430296 REWARD_END
175 0 0855771612 STIM_START
175 0 0856870260 STIM_END_RESP_START
175 0 0858070308 RESP_END
176 0 0859664996 STIM_START
176 0 0860763644 STIM_END_RESP_START
176 0 0861963688 RESP_END
177 1 0863615336 STIM_START
177 1 0864232924 LICK
177 1 0864379712 LICK
177 1 0864559024 LICK
177 1 0864713992 STIM_END_RESP_START
177 1 0864742396 LICK
177 1 0864742888 REWARD_START
177 1 0864904260 LICK
177 1 0865166812 LICK
177 1 0865466652 LICK
177 1 0865772604 LICK
177 1 0865914012 RESP_END
177 1 0864803384 REWARD_END
178 0 0868077936 STIM_START
178 0 0869176584 STIM_END_RESP_START
178 0 0870376628 RESP_END
179 0 0872388872 STIM_START
179 0 0873487524 STIM_END_RESP_START
179 0 0874687568 RESP_END
180 1 0876476916 STIM_START
180 1 0877048436 LICK
180 1 0877202956 LICK
180 1 0877351484 LICK
180 1 0877493680 LICK
180 1 0877575580 STIM_END_RESP_START
180 1 0877653392 LICK
180 1 0877653880 REWARD_START
180 1 0877799268 LICK
180 1 0877939652 LICK
180 1 0878061276 LICK
180 1 0878203016 LICK
180 1 0878345684 LICK
180 1 0878531368 LICK
180 1 0878677392 LICK
180 1 0878775612 RESP_END
180 1 0877714392 REWARD_END
181 0 0880845728 STIM_START
181 0 0881944376 STIM_END_RESP_START
181 0 0883144420 RESP_END
182 0 0884835012 STIM_START
182 0 0885933664 STIM_END_RESP_START
182 0 0886264340 LICK
182 0 0886264824 TIMEOUT_START
182 0 0887133704 RESP_END
182 0 0893265332 TIMEOUT_END
183 0 0895245556 STIM_START
183 0 0896344208 STIM_END_RESP_START
183 0 0897544252 RESP_END
184 1 0899171832 STIM_START
184 1 0899704912 LICK
184 1 0899869036 LICK
184 1 0900036716 LICK
184 1 0900270484 STIM_END_RESP_START
184 1 0900294880 LICK
184 1 0900295364 REWARD_START
184 1 0900449108 LICK
184 1 0900717740 LICK
184 1 0901002708 LICK
184 1 0901285112 LICK
184 1 0901470512 RESP_END
184 1 0900355880 REWARD_END
185 0 0903437796 STIM_START
185 0 0904536444 STIM_END_RESP_START
185 0 0904836940 LICK
185 0 0904837428 TIMEOUT_START
185 0 0904984376 LICK
185 0 0904984864 TIMEOUT_START
185 0 0905736492 RESP_END
185 0 0911985364 TIMEOUT_END
186 1 0913875348 STIM_START
186 1 0914576904 LICK
186 1 0914739632 LICK
186 1 0914974004 STIM_END_RESP_START
186 1 0915110188 LICK
186 1 0915110676 REWARD_START
186 1 0915274924 LICK
186 1 0915424880 LICK
186 1 0915832808 LICK
186 1 0915986788 LICK
186 1 0916145928 LICK
186 1 0916174032 RESP_END
186 1 0915171192 REWARD_END
187 1 0919151988 STIM_START
187 1 0919574968 LICK
187 1 0919738652 LICK
187 1 0920080756 LICK
187 1 0920250640 STIM_END_RESP_START
187 1 0920287684 LICK
187 1 0920288168 REWARD_START
187 1 0920469444 LICK
187 1 0920626536 LICK
187 1 0920913900 LICK
187 1 0921072880 LICK
187 1 0921450684 RESP_END
187 1 0920348688 REWARD_END
188 0 0923825412 STIM_START
188 0 0924924064 STIM_END_RESP_START
188 0 0926124108 RESP_END
189 1 0927819704 STIM_START
189 1 0928250760 LICK
189 1 0928542104 LICK
189 1 0928693312 LICK
189 1 0928918340 STIM_END_RESP_START
189 1 0929249924 LICK
189 1 0929250416 REWARD_START
189 1 0929420160 LICK
189 1 0929703876 LICK
189 1 0929990980 LICK
189 1 0930118388 RESP_END
189 1 0929310912 REWARD_END
190 1 0932823708 STIM_START
190 1 0933409620 LICK
190 1 0933565780 LICK
190 1 0933728544 LICK
190 1 0933913552 LICK
190 1 0933922352 STIM_END_RESP_START
190 1 0934113844 LICK
190 1 0934114336 REWARD_START
190 1 0934273540 LICK
190 1 0934411732 LICK
190 1 0934555032 LICK
190 1 0934700356 LICK
190 1 0935013280 LICK
190 1 0935122376 RESP_END
190 1 0934174832 REWARD_END
191 1 0936967780 STIM_START
191 1 0937601608 LICK
191 1 0937757072 LICK
191 1 0937929528 LICK
191 1 0938066448 STIM_END_RESP_START
191 1 0938331544 LICK
191 1 0938332032 REWARD_START
191 1 0938496392 LICK
191 1 0938636688 LICK
191 1 0938783308 LICK
191 1 0938947412 LICK
191 1 0939094492 LICK
191 1 0939266468 RESP_END
191 1 0938392544 REWARD_END
192 0 0940915084 STIM_START
192 0 0942013736 STIM_END_RESP_START
192 0 0943213784 RESP_END
193 1 0945167020 STIM_START
193 1 0945576300 LICK
193 1 0945733500 LICK
193 1 0946121256 LICK
193 1 0946265672 STIM_END_RESP_START
193 1 0946291528 LICK
193 1 0946292020 REWARD_START
193 1 0946460152 LICK
193 1 0946617668 LICK
193 1 0946938596 LICK
193 1 0947100884 LICK
193 1 0947262444 LICK
193 1 0947465708 RESP_END
193 1 0946352516 REWARD_END
194 0 0949404884 STIM_START
194 0 0950503536 STIM_END_RESP_START
194 0 0951703580 RESP_END
195 1 0953453080 STIM_START
195 1 0953916344 LICK
195 1 0954061880 LICK
195 1 0954229640 LICK
195 1 0954409792 LICK
195 1 0954551732 STIM_END_RESP_START
195 1 0954747680 LICK
195 1 0954748172 REWARD_START
195 1 0954885552 LICK
195 1 0955020656 LICK
195 1 0955175764 LICK
195 1 0955325036 LICK
195 1 0955751768 RESP_END
195 1 0954808668 REWARD_END
196 1 0957821860 STIM_START
196 1 0958474508 LICK
196 1 0958620012 LICK
196 1 0958762536 LICK
196 1 0958915412 LICK
196 1 0958920496 STIM_END_RESP_START
196 1 0959108384 LICK
196 1 0959108872 REWARD_START
196 1 0959288272 LICK
196 1 0959437796 LICK
196 1 0959604264 LICK
196 1 0959754676 LICK
196 1 0959910588 LICK
196 1 0960120528 RESP_END
196 1 0959169388 REWARD_END
197 0 0962061792 STIM_START
197 0 0963160444 STIM_END_RESP_START
197 0 0964360492 RESP_END
198 0 0966148984 STIM_START
198 0 0967247632 STIM_END_RESP_START
198 0 0968447676 RESP_END
199 1 0970323004 STIM_START
199 1 0970690716 LICK
199 1 0971050204 LICK
199 1 0971390284 LICK
199 1 0971421664 STIM_END_RESP_START
199 1 0971577328 LICK
199 1 0971577820 REWARD_START
199 1 0971723644 LICK
199 1 0971858848 LICK
199 1 0972006264 LICK
199 1 0972165860 LICK
199 1 0972499156 LICK
199 1 0972621680 RESP_END
199 1 0971638316 REWARD_END
200 0 0974710752 STIM_START
200 0 0975809404 STIM_END_RESP_START
200 0 0977009452 RESP_END
201 0 0978719004 STIM_START
201 0 0979817656 STIM_END_RESP_START
201 0 0981017700 RESP_END
202 1 0982964912 STIM_START
202 1 0983386320 LICK
202 1 0983532772 LICK
202 1 0983685884 LICK
202 1 0983880352 LICK
202 1 0984063556 STIM_END_RESP_START
202 1 0984067860 LICK
202 1 0984068348 REWARD_START
202 1 0984247168 LICK
202 1 0984394012 LICK
202 1 0984538472 LICK
202 1 0984687556 LICK
202 1 0985263596 RESP_END
202 1 0984128856 REWARD_END
203 0 0987458548 STIM_START
203 0 0988557200 STIM_END_RESP_START
203 0 0989757244 RESP_END
204 1 0991505728 STIM_START
204 1 0992353792 LICK
204 1 0992526488 LICK
204 1 0992604388 STIM_END_RESP_START
204 1 0992699348 LICK
204 1 0992699844 REWARD_START
204 1 0992849308 LICK
204 1 0993128960 LICK
204 1 0993401720 LICK
204 1 0993552452 LICK
204 1 0993804416 RESP_END
204 1 0992760340 REWARD_END
205 1 0996271020 STIM_START
205 1 0997221528 LICK
205 1 0997369660 STIM_END_RESP_START
205 1 0998569704 RESP_END
206 0 1000451060 STIM_START
206 0 1001549724 STIM_END_RESP_START
206 0 1002749748 RESP_END
207 0 1004503224 STIM_START
207 0 1005601892 STIM_END_RESP_START
207 0 1006801908 RESP_END
208 1 1008731164 STIM_START
208 1 1009526628 LICK
208 1 1009707976 LICK
208 1 1009829816 STIM_END_RESP_START
208 1 1009862560 LICK
208 1 1009863096 REWARD_START
208 1 1010018168 LICK
208 1 1010298708 LICK
208 1 1010601320 LICK
208 1 1010742100 LICK
208 1 1011029864 RESP_END
208 1 1009923656 REWARD_END
209 1 1012839216 STIM_START
209 1 1013541672 LICK
209 1 1013692708 LICK
209 1 1013842304 LICK
209 1 1013937876 STIM_END_RESP_START
209 1 1014009620 LICK
209 1 1014010160 REWARD_START
209 1 1014191992 LICK
209 1 1014462556 LICK
209 1 1014621848 LICK
209 1 1014914068 LICK
209 1 1015137888 RESP_END
209 1 1014070716 REWARD_END
210 0 1017204028 STIM_START
210 0 1018302696 STIM_END_RESP_START
210 0 1019502720 RESP_END
211 0 1021159332 STIM_START
211 0 1022258000 STIM_END_RESP_START
211 0 1023458028 RESP_END
212 0 1025094592 STIM_START
212 0 1026193256 STIM_END_RESP_START
212 0 1027393280 RESP_END
213 1 1029485388 STIM_START
213 1 1029960292 LICK
213 1 1030098012 LICK
213 1 1030237072 LICK
213 1 1030367196 LICK
213 1 1030532076 LICK
213 1 1030584020 STIM_END_RESP_START
213 1 1030902628 LICK
213 1 1030903164 REWARD_START
213 1 1031187704 LICK
213 1 1031339632 LICK
213 1 1031471316 LICK
213 1 1031626280 LICK
213 1 1031784068 RESP_END
213 1 1030963720 REWARD_END
214 1 1033707356 STIM_START
214 1 1034806028 STIM_END_RESP_START
214 1 1035105416 LICK
214 1 1035105952 REWARD_START
214 1 1035231592 LICK
214 1 1035361460 LICK
214 1 1035496544 LICK
214 1 1035647224 LICK
214 1 1035802412 LICK
214 1 1036006052 RESP_END
214 1 1035166508 REWARD_END
215 1 1038068228 STIM_START
215 1 1039070968 LICK
215 1 1039166904 STIM_END_RESP_START
215 1 1039219016 LICK
215 1 1039219552 REWARD_START
215 1 1039337080 LICK
215 1 1039468044 LICK
215 1 1039601524 LICK
215 1 1039743300 LICK
215 1 1040052880 LICK
215 1 1040366936 RESP_END
215 1 1039280108 REWARD_END
216 0 1042314064 STIM_START
216 0 1043412728 STIM_END_RESP_START
216 0 1044612752 RESP_END
217 1 1046502048 STIM_START
217 1 1047426976 LICK
217 1 1047560648 LICK
217 1 1047600708 STIM_END_RESP_START
217 1 1047665136 LICK
217 1 1047665676 REWARD_START
217 1 1047789800 LICK
217 1 1047924264 LICK
217 1 1048065652 LICK
217 1 1048216976 LICK
217 1 1048363068 LICK
217 1 1048719488 LICK
217 1 1048800756 RESP_END
217 1 1047726236 REWARD_END
218 0 1050781996 STIM_START
218 0 1051880660 STIM_END_RESP_START
218 0 1053080680 RESP_END
219 1 1056886712 STIM_START
219 1 1057678948 LICK
219 1 1057810384 LICK
219 1 1057933604 LICK
219 1 1057985360 STIM_END_RESP_START
219 1 1058075804 LICK
219 1 1058076336 REWARD_START
219 1 1058219080 LICK
219 1 1058354196 LICK
219 1 1058489828 LICK
219 1 1058635796 LICK
219 1 1059185392 RESP_END
219 1 1058136892 REWARD_END
220 0 1061150616 STIM_START
220 0 1062249284 STIM_END_RESP_START
220 0 1063449308 RESP_END
221 1 1065284688 STIM_START
221 1 1066051296 LICK
221 1 1066187060 LICK
221 1 1066322548 LICK
221 1 1066383348 STIM_END_RESP_START
221 1 1066481976 LICK
221 1 1066482508 REWARD_START
221 1 1066639696 LICK
221 1 1066785732 LICK
221 1 1067060360 LICK
221 1 1067217672 LICK
221 1 1067583372 RESP_END
221 1 1066543064 REWARD_END
222 0 1069724392 STIM_START
222 0 1070823056 STIM_END_RESP_START
222 0 1072023080 RESP_END
223 1 1073653668 STIM_START
223 1 1074295132 LICK
223 1 1074437712 LICK
223 1 1074594004 LICK
223 1 1074752308 STIM_END_RESP_START
223 1 1074945976 LICK
223 1 1074946512 REWARD_START
223 1 1075121256 LICK
223 1 1075277116 LICK
223 1 1075402688 LICK
223 1 1075554776 LICK
223 1 1075711300 LICK
223 1 1075952336 RESP_END
223 1 1075007072 REWARD_END
224 1 1077614964 STIM_START
224 1 1078615740 LICK
224 1 1078713608 STIM_END_RESP_START
224 1 1078738544 LICK
224 1 1078739080 REWARD_START
224 1 1078882240 LICK
224 1 1079014572 LICK
224 1 1079148916 LICK
224 1 1079297956 LICK
224 1 1079450564 LICK
224 1 1079913620 RESP_END
224 1 1078799640 REWARD_END
225 1 1081654136 STIM_START
225 1 1082690592 LICK
225 1 1082752812 STIM_END_RESP_START
225 1 1082834056 LICK
225 1 1082834588 REWARD_START
225 1 1082968616 LICK
225 1 1083112352 LICK
225 1 1083258400 LICK
225 1 1083417964 LICK
225 1 1083952848 RESP_END
225 1 1082895148 REWARD_END
226 0 1085778232 STIM_START
226 0 1086876896 STIM_END_RESP_START
226 0 1088076920 RESP_END
227 1 1090066108 STIM_START
227 1 1090701836 LICK
227 1 1090836968 LICK
227 1 1090976856 LICK
227 1 1091128328 LICK
227 1 1091164764 STIM_END_RESP_START
227 1 1091304952 LICK
227 1 1091305488 REWARD_START
227 1 1091424184 LICK
227 1 1091555840 LICK
227 1 1091696392 LICK
227 1 1091843008 LICK
227 1 1092019900 LICK
227 1 1092364812 RESP_END
227 1 1091366048 REWARD_END
228 0 1094048372 STIM_START
228 0 1095147036 STIM_END_RESP_START
228 0 1096347064 RESP_END
229 1 1097984712 STIM_START
229 1 1098708068 LICK
229 1 1098836060 LICK
229 1 1098974952 LICK
229 1 1099083376 STIM_END_RESP_START
229 1 1099164244 LICK
229 1 1099164784 REWARD_START
229 1 1099329100 LICK
229 1 1099481068 LICK
229 1 1099603416 LICK
229 1 1099742460 LICK
229 1 1099895024 LICK
229 1 1100283412 RESP_END
229 1 1099225344 REWARD_END
230 1 1102027820 STIM_START
230 1 1102834676 LICK
230 1 1102971704 LICK
230 1 1103112712 LICK
230 1 1103126484 STIM_END_RESP_START
230 1 1103275720 LICK
230 1 1103276260 REWARD_START
230 1 1103453620 LICK
230 1 1103603232 LICK
230 1 1103744360 LICK
230 1 1103899508 LICK
230 1 1104047992 LICK
230 1 1104231784 LICK
230 1 1104326504 RESP_END
230 1 1103336820 REWARD_END
231 1 1106414584 STIM_START
231 1 1107465928 LICK
231 1 1107513256 STIM_END_RESP_START
231 1 1107622696 LICK
231 1 1107623232 REWARD_START
231 1 1107779276 LICK
231 1 1107918140 LICK
231 1 1108057676 LICK
231 1 1108206008 LICK
231 1 1108365712 LICK
231 1 1108713280 RESP_END
231 1 1107683788 REWARD_END
232 0 1110624564 STIM_START
232 0 1111723232 STIM_END_RESP_START
232 0 1112923256 RESP_END
233 0 1114640744 STIM_START
233 0 1115739408 STIM_END_RESP_START
233 0 1116939436 RESP_END
234 0 1118570132 STIM_START
234 0 1119668800 STIM_END_RESP_START
234 0 1120868824 RESP_END
235 1 1122842008 STIM_START
235 1 1123364400 LICK
235 1 1123511932 LICK
235 1 1123653548 LICK
235 1 1123811304 LICK
235 1 1123940648 STIM_END_RESP_START
235 1 1123998428 LICK
235 1 1123998968 REWARD_START
235 1 1124184720 LICK
235 1 1124459000 LICK
235 1 1124764692 LICK
235 1 1125074964 LICK
235 1 1125140672 RESP_END
235 1 1124059528 REWARD_END
236 1 1126982020 STIM_START
236 1 1127791380 LICK
236 1 1127938260 LICK
236 1 1128080692 STIM_END_RESP_START
236 1 1128099232 LICK
236 1 1128099764 REWARD_START
236 1 1128264684 LICK
236 1 1128412220 LICK
236 1 1128683836 LICK
236 1 1128989868 LICK
236 1 1129280740 RESP_END
236 1 1128160328 REWARD_END
237 1 1131131120 STIM_START
237 1 1132159488 LICK
237 1 1132229792 STIM_END_RESP_START
237 1 1132313096 LICK
237 1 1132313636 REWARD_START
237 1 1132481100 LICK
237 1 1132624316 LICK
237 1 1132753824 LICK
237 1 1133429832 RESP_END
237 1 1132374196 REWARD_END
238 0 1135145336 STIM_START
238 0 1136244000 STIM_END_RESP_START
238 0 1137444024 RESP_END
239 1 1139094620 STIM_START
239 1 1140080164 LICK
239 1 1140193300 STIM_END_RESP_START
239 1 1140212100 LICK
239 1 1140212632 REWARD_START
239 1 1140343480 LICK
239 1 1140474976 LICK
239 1 1140613712 LICK
239 1 1140766244 LICK
239 1 1141393332 RESP_END
239 1 1140273200 REWARD_END
240 0 1143220708 STIM_START
240 0 1144319376 STIM_END_RESP_START
240 0 1145519400 RESP_END
241 1 1147508576 STIM_START
241 1 1148055840 LICK
241 1 1148190228 LICK
241 1 1148324204 LICK
241 1 1148477844 LICK
241 1 1148607240 STIM_END_RESP_START
241 1 1148663412 LICK
241 1 1148663948 REWARD_START
241 1 1148820880 LICK
241 1 1148966016 LICK
241 1 1149112416 LICK
241 1 1149406532 LICK
241 1 1149717444 LICK
241 1 1149807280 RESP_END
241 1 1148724508 REWARD_END
242 0 1151867336 STIM_START
242 0 1152966004 STIM_END_RESP_START
242 0 1154166028 RESP_END
243 0 1155834656 STIM_START
243 0 1156933324 STIM_END_RESP_START
243 0 1158133348 RESP_END
244 1 1159849804 STIM_START
244 1 1160473560 LICK
244 1 1160616652 LICK
244 1 1160771908 LICK
244 1 1160943676 LICK
244 1 1160948460 STIM_END_RESP_START
244 1 1161295512 LICK
244 1 1161296048 REWARD_START
244 1 1161459200 LICK
244 1 1161722932 LICK
244 1 1161885600 LICK
244 1 1162148480 RESP_END
244 1 1161356608 REWARD_END
245 0 1164374448 STIM_START
245 0 1165473116 STIM_END_RESP_START
245 0 1166673140 RESP_END
246 0 1168390664 STIM_START
246 0 1169489328 STIM_END_RESP_START
246 0 1170689352 RESP_END
247 1 1172698496 STIM_START
247 1 1173168084 LICK
247 1 1173474284 LICK
247 1 1173797156 STIM_END_RESP_START
247 1 1173883204 LICK
247 1 1173883740 REWARD_START
247 1 1174040140 LICK
247 1 1174193368 LICK
247 1 1174336268 LICK
247 1 1174641228 LICK
247 1 1174958100 LICK
247 1 1174997204 RESP_END
247 1 1173944300 REWARD_END
248 1 1176719736 STIM_START
248 1 1177760380 LICK
248 1 1177818384 STIM_END_RESP_START
248 1 1177907920 LICK
248 1 1177908460 REWARD_START
248 1 1178066592 LICK
248 1 1178211652 LICK
248 1 1178346060 LICK
248 1 1178646888 LICK
248 1 1179018432 RESP_END
248 1 1177969020 REWARD_END
249 0 1180697956 STIM_START
249 0 1181796624 STIM_END_RESP_START
249 0 1182996648 RESP_END
250 0 1184889996 STIM_START
250 0 1185988660 STIM_END_RESP_START
250 0 1187188680 RESP_END
251 1 1189243740 STIM_START
251 1 1189719492 LICK
251 1 1189858964 LICK
251 1 1190003384 LICK
251 1 1190160792 LICK
251 1 1190332012 LICK
251 1 1190342396 STIM_END_RESP_START
251 1 1190509104 LICK
251 1 1190509644 REWARD_START
251 1 1190711732 LICK
251 1 1190850380 LICK
251 1 1191002280 LICK
251 1 1191314492 LICK
251 1 1191542444 RESP_END
251 1 1190570200 REWARD_END
252 0 1193333908 STIM_START
252 0 1194432576 STIM_END_RESP_START
252 0 1195632592 RESP_END
253 0 1197364088 STIM_START
253 0 1198462752 STIM_END_RESP_START
253 0 1199662776 RESP_END
254 0 1201411256 STIM_START
254 0 1202509920 STIM_END_RESP_START
254 0 1203709940 RESP_END
255 1 1205537316 STIM_START
255 1 1206162188 LICK
255 1 1206321972 LICK
255 1 1206466384 LICK
255 1 1206635972 STIM_END_RESP_START
255 1 1206638860 LICK
255 1 1206639400 REWARD_START
255 1 1206837228 LICK
255 1 1206984004 LICK
255 1 1207128348 LICK
255 1 1207428948 LICK
255 1 1207835984 RESP_END
255 1 1206699956 REWARD_END
256 1 1209824260 STIM_START
256 1 1210922920 STIM_END_RESP_START
256 1 1211119716 LICK
256 1 1211120252 REWARD_START
256 1 1211262164 LICK
256 1 1211397108 LICK
256 1 1211533560 LICK
256 1 1211687348 LICK
256 1 1212032852 LICK
256 1 1212122956 RESP_END
256 1 1211180812 REWARD_END
257 1 1214133076 STIM_START
257 1 1215231744 STIM_END_RESP_START
257 1 1216431772 RESP_END
258 0 1218341008 STIM_START
258 0 1219439676 STIM_END_RESP_START
258 0 1219486604 LICK
258 0 1219487144 TIMEOUT_START
258 0 1219668316 LICK
258 0 1219668848 TIMEOUT_START
258 0 1219800348 LICK
258 0 1219800876 TIMEOUT_START
258 0 1219949400 LICK
258 0 1219949940 TIMEOUT_START
258 0 1220639692 RESP_END
258 0 1226950504 TIMEOUT_END
259 0 1228571812 STIM_START
259 0 1229670480 STIM_END_RESP_START
259 0 1230870496 RESP_END
260 1 1232662944 STIM_START
260 1 1233385068 LICK
260 1 1233556328 LICK
260 1 1233761596 STIM_END_RESP_START
260 1 1234140604 LICK
260 1 1234141136 REWARD_START
260 1 1234326888 LICK
260 1 1234477684 LICK
260 1 1234637236 LICK
260 1 1234925740 LICK
260 1 1234961640 RESP_END
260 1 1234201700 REWARD_END
261 0 1236742072 STIM_START
261 0 1237840744 STIM_END_RESP_START
261 0 1239040764 RESP_END
262 0 1241053924 STIM_START
262 0 1242152592 STIM_END_RESP_START
262 0 1243352620 RESP_END
263 0 1246518424 STIM_START
263 0 1247617092 STIM_END_RESP_START
263 0 1248817108 RESP_END
264 1 1250872212 STIM_START
264 1 1251970880 STIM_END_RESP_START
264 1 1253163264 LICK
264 1 1253163800 REWARD_START
264 1 1253224396 RESP_END
264 1 1253224360 REWARD_END
265 1 1255685496 STIM_START
265 1 1256362328 LICK
265 1 1256505196 LICK
265 1 1256655508 LICK
265 1 1256784144 STIM_END_RESP_START
265 1 1256808140 LICK
265 1 1256808680 REWARD_START
265 1 1256984404 LICK
265 1 1257131292 LICK
265 1 1257442284 LICK
265 1 1257606884 LICK
265 1 1257984192 RESP_END
265 1 1256869240 REWARD_END
266 0 1259829544 STIM_START
266 0 1260928212 STIM_END_RESP_START
266 0 1262128236 RESP_END
267 1 1264199324 STIM_START
267 1 1265297992 STIM_END_RESP_START
267 1 1265366548 LICK
267 1 1265367088 REWARD_START
267 1 1265493708 LICK
267 1 1265629244 LICK
267 1 1265763360 LICK
267 1 1265918052 LICK
267 1 1266498024 RESP_END
267 1 1265427644 REWARD_END
268 0 1268372352 STIM_START
268 0 1269471020 STIM_END_RESP_START
268 0 1270671048 RESP_END
269 0 1272421484 STIM_START
269 0 1273520152 STIM_END_RESP_START
269 0 1274720172 RESP_END
270 0 1276436716 STIM_START
270 0 1277535384 STIM_END_RESP_START
270 0 1278260884 LICK
270 0 1278261420 TIMEOUT_START
270 0 1278435896 LICK
270 0 1278436436 TIMEOUT_START
270 0 1278735428 RESP_END
270 0 1285437004 TIMEOUT_END
271 1 1287322736 STIM_START
271 1 1288139600 LICK
271 1 1288279968 LICK
271 1 1288421388 STIM_END_RESP_START
271 1 1288436416 LICK
271 1 1288436956 REWARD_START
271 1 1288606932 LICK
271 1 1288883448 LICK
271 1 1289178888 LICK
271 1 1289621424 RESP_END
271 1 1288497512 REWARD_END
272 0 1291651568 STIM_START
272 0 1292750232 STIM_END_RESP_START
272 0 1293950256 RESP_END
273 0 1295789604 STIM_START
273 0 1296888272 STIM_END_RESP_START
273 0 1298088296 RESP_END
274 0 1299784864 STIM_START
274 0 1300883532 STIM_END_RESP_START
274 0 1301349892 LICK
274 0 1301350432 TIMEOUT_START
274 0 1301499092 LICK
274 0 1301499624 TIMEOUT_START
274 0 1302083560 RESP_END
274 0 1308500196 TIMEOUT_END
275 1 1310426144 STIM_START
275 1 1311112008 LICK
275 1 1311268848 LICK
275 1 1311436632 LICK
275 1 1311524808 STIM_END_RESP_START
275 1 1311840976 LICK
275 1 1311841512 REWARD_START
275 1 1311983376 LICK
275 1 1312127376 LICK
275 1 1312265688 LICK
275 1 1312724840 RESP_END
275 1 1311902068 REWARD_END
276 0 1314485292 STIM_START
276 0 1315583948 STIM_END_RESP_START
276 0 1316783976 RESP_END
277 1 1318435580 STIM_START
277 1 1318989376 LICK
277 1 1319136792 LICK
277 1 1319286028 LICK
277 1 1319433956 LICK
277 1 1319534252 STIM_END_RESP_START
277 1 1319645340 LICK
277 1 1319645876 REWARD_START
277 1 1319826876 LICK
277 1 1319974212 LICK
277 1 1320281300 LICK
277 1 1320582808 LICK
277 1 1320734264 RESP_END
277 1 1319706432 REWARD_END
278 1 1322717500 STIM_START
278 1 1323816164 STIM_END_RESP_START
278 1 1325016192 RESP_END
279 1 1326863500 STIM_START
279 1 1327921584 LICK
279 1 1327962140 STIM_END_RESP_START
279 1 1328056484 LICK
279 1 1328057016 REWARD_START
279 1 1328194752 LICK
279 1 1328338432 LICK
279 1 1328483348 LICK
279 1 1328793736 LICK
279 1 1328963868 LICK
279 1 1329162160 RESP_END
279 1 1328117572 REWARD_END
280 0 1330803840 STIM_START
280 0 1331902508 STIM_END_RESP_START
280 0 1333102524 RESP_END
281 1 1334771132 STIM_START
281 1 1335869800 STIM_END_RESP_START
281 1 1336022408 LICK
281 1 1336022940 REWARD_START
281 1 1336151056 LICK
281 1 1336277272 LICK
281 1 1336550912 LICK
281 1 1336707012 LICK
281 1 1337035872 LICK
281 1 1337069844 RESP_END
281 1 1336083504 REWARD_END
282 0 1338909168 STIM_START
282 0 1340007836 STIM_END_RESP_START
282 0 1341207860 RESP_END
283 0 1343274976 STIM_START
283 0 1344373644 STIM_END_RESP_START
283 0 1345043624 LICK
283 0 1345044156 TIMEOUT_START
283 0 1345206256 LICK
283 0 1345206792 TIMEOUT_START
283 0 1345573660 RESP_END
283 0 1352207364 TIMEOUT_END
284 1 1353823372 STIM_START
284 1 1354922040 STIM_END_RESP_START
284 1 1355128472 LICK
284 1 1355129012 REWARD_START
284 1 1355268268 LICK
284 1 1355405788 LICK
284 1 1355540648 LICK
284 1 1356122072 RESP_END
284 1 1355189572 REWARD_END
285 1 1358066308 STIM_START
285 1 1358692220 LICK
285 1 1358857196 LICK
285 1 1359012812 LICK
285 1 1359164964 STIM_END_RESP_START
285 1 1360364988 RESP_END
286 1 1362003568 STIM_START
286 1 1363051448 LICK
286 1 1363102224 STIM_END_RESP_START
286 1 1363195444 LICK
286 1 1363195984 REWARD_START
286 1 1363315324 LICK
286 1 1363450068 LICK
286 1 1363580764 LICK
286 1 1363877144 LICK
286 1 1364039128 LICK
286 1 1364302244 RESP_END
286 1 1363256540 REWARD_END
287 0 1366125640 STIM_START
287 0 1367224300 STIM_END_RESP_START
287 0 1368424324 RESP_END
288 0 1370096908 STIM_START
288 0 1371195572 STIM_END_RESP_START
288 0 1372395596 RESP_END
289 0 1374190056 STIM_START
289 0 1375288724 STIM_END_RESP_START
289 0 1375670624 LICK
289 0 1375671156 TIMEOUT_START
289 0 1375830880 LICK
289 0 1375831420 TIMEOUT_START
289 0 1376488764 RESP_END
289 0 1382831976 TIMEOUT_END
USER_EXIT