001 1 0170395620 STIM_START
001 1 0170899024 LICK
001 1 0171065072 LICK
001 1 0171469884 LICK
001 1 0171494300 STIM_END_RESP_START
001 1 0171637288 LICK
001 1 0171637780 REWARD_START
001 1 0171814356 LICK
001 1 0171993592 LICK
001 1 0172132856 LICK
001 1 0172289952 LICK
001 1 0172453148 LICK
001 1 0172606028 LICK
001 1 0172694320 RESP_END
001 1 0171688284 REWARD_END
002 1 0174458832 STIM_START
002 1 0174586640 LICK
002 1 0175158032 LICK
002 1 0175329232 LICK
002 1 0175529360 LICK
002 1 0175557500 STIM_END_RESP_START
002 1 0175722072 LICK
002 1 0175722564 REWARD_START
002 1 0175869328 LICK
002 1 0176032520 LICK
002 1 0176179140 LICK
002 1 0176303388 LICK
002 1 0176450192 LICK
002 1 0176757532 RESP_END
002 1 0175773068 REWARD_END
003 1 0179095372 STIM_START
003 1 0179862784 LICK
003 1 0180030688 LICK
003 1 0180186556 LICK
003 1 0180194036 STIM_END_RESP_START
003 1 0180359784 LICK
003 1 0180360272 REWARD_START
003 1 0180514792 LICK
003 1 0180657056 LICK
003 1 0180793484 LICK
003 1 0180921164 LICK
003 1 0181394052 RESP_END
003 1 0180410776 REWARD_END
004 0 0183339336 STIM_START
004 0 0184437988 STIM_END_RESP_START
004 0 0184462380 LICK
004 0 0184462860 TIMEOUT_START
004 0 0184611580 LICK
004 0 0184612072 TIMEOUT_START
004 0 0184750524 LICK
004 0 0184751008 TIMEOUT_START
004 0 0184888756 LICK
004 0 0184889240 TIMEOUT_START
004 0 0185044336 LICK
004 0 0185044820 TIMEOUT_START
004 0 0185212936 LICK
004 0 0185213420 TIMEOUT_START
004 0 0185360412 LICK
004 0 0185360896 TIMEOUT_START
004 0 0185638008 RESP_END
004 0 0192361400 TIMEOUT_END
005 1 0194403236 STIM_START
005 1 0194762256 LICK
005 1 0194952812 LICK
005 1 0195151592 LICK
005 1 0195311980 LICK
005 1 0195476548 LICK
005 1 0195501884 STIM_END_RESP_START
005 1 0195618316 LICK
005 1 0195618800 REWARD_START
005 1 0195764284 LICK
005 1 0195903164 LICK
005 1 0196028628 LICK
005 1 0196180180 LICK
005 1 0196314776 LICK
005 1 0196701904 RESP_END
005 1 0195669312 REWARD_END
006 1 0198304676 STIM_START
006 1 0198795924 LICK
006 1 0199009056 LICK
006 1 0199170432 LICK
006 1 0199350988 LICK
006 1 0199403320 STIM_END_RESP_START
006 1 0199523584 LICK
006 1 0199524072 REWARD_START
006 1 0199699864 LICK
006 1 0199853848 LICK
006 1 0199984488 LICK
006 1 0200117384 LICK
006 1 0200249888 LICK
006 1 0200603336 RESP_END
006 1 0199574584 REWARD_END
007 0 0204004876 STIM_START
007 0 0205103560 STIM_END_RESP_START
007 0 0206303604 RESP_END
008 1 0208012120 STIM_START
008 1 0208342276 LICK
008 1 0208509232 LICK
008 1 0208882528 LICK
008 1 0209059172 LICK
008 1 0209110788 STIM_END_RESP_START
008 1 0209259296 LICK
008 1 0209259788 REWARD_START
008 1 0209397824 LICK
008 1 0209540532 LICK
008 1 0209682876 LICK
008 1 0209814244 LICK
008 1 0209964652 LICK
008 1 0210310828 RESP_END
008 1 0209310296 REWARD_END
009 1 0211959504 STIM_START
009 1 0212198724 LICK
009 1 0212705392 LICK
009 1 0212873300 LICK
009 1 0213005024 LICK
009 1 0213058148 STIM_END_RESP_START
009 1 0213125856 LICK
009 1 0213126348 REWARD_START
009 1 0213278864 LICK
009 1 0213403752 LICK
009 1 0213534588 LICK
009 1 0213676468 LICK
009 1 0213825016 LICK
009 1 0213978284 LICK
009 1 0214258196 RESP_END
009 1 0213176848 REWARD_END
010 1 0216133584 STIM_START
010 1 0216418136 LICK
010 1 0216575956 LICK
010 1 0216766120 LICK
010 1 0216915544 LICK
010 1 0217076760 LICK
010 1 0217232232 STIM_END_RESP_START
010 1 0217275508 LICK
010 1 0217275996 REWARD_START
010 1 0217387864 LICK
010 1 0217506432 LICK
010 1 0217639004 LICK
010 1 0217761888 LICK
010 1 0217884476 LICK
010 1 0218024184 LICK
010 1 0218191284 LICK
010 1 0218353452 LICK
010 1 0218432248 RESP_END
010 1 0217326500 REWARD_END
011 0 0220933920 STIM_START
011 0 0221273236 LICK
011 0 0222032572 STIM_END_RESP_START
011 0 0223232616 RESP_END
012 1 0224817336 STIM_START
012 1 0225066632 LICK
012 1 0225230912 LICK
012 1 0225399892 LICK
012 1 0225583536 LICK
012 1 0225759484 LICK
012 1 0225916008 STIM_END_RESP_START
012 1 0225943364 LICK
012 1 0225943852 REWARD_START
012 1 0226133848 LICK
012 1 0226268184 LICK
012 1 0226399752 LICK
012 1 0226558236 LICK
012 1 0227116028 RESP_END
012 1 0225994356 REWARD_END
013 1 0228930484 STIM_START
013 1 0229289736 LICK
013 1 0229780912 LICK
013 1 0229947356 LICK
013 1 0230029136 STIM_END_RESP_START
013 1 0230109160 LICK
013 1 0230109652 REWARD_START
013 1 0230290076 LICK
013 1 0230455932 LICK
013 1 0230597648 LICK
013 1 0230727584 LICK
013 1 0231229172 RESP_END
013 1 0230160156 REWARD_END
014 1 0233339260 STIM_START
014 1 0233642320 LICK
014 1 0234323360 LICK
014 1 0234437940 STIM_END_RESP_START
014 1 0234474152 LICK
014 1 0234474644 REWARD_START
014 1 0234650452 LICK
014 1 0234859880 LICK
014 1 0234986940 LICK
014 1 0235113532 LICK
014 1 0235637988 RESP_END
014 1 0234525152 REWARD_END
015 0 0237467392 STIM_START
015 0 0237599508 LICK
015 0 0238566064 STIM_END_RESP_START
015 0 0239766108 RESP_END
016 1 0241688376 STIM_START
016 1 0242430376 LICK
016 1 0242558912 LICK
016 1 0242672836 LICK
016 1 0242787028 STIM_END_RESP_START
016 1 0242802636 LICK
016 1 0242803128 REWARD_START
016 1 0242946064 LICK
016 1 0243093028 LICK
016 1 0243222640 LICK
016 1 0243356168 LICK
016 1 0243498120 LICK
016 1 0243838576 LICK
016 1 0243987076 RESP_END
016 1 0242853632 REWARD_END
017 0 0246634556 STIM_START
017 0 0247733236 STIM_END_RESP_START
017 0 0248933280 RESP_END
018 0 0250644812 STIM_START
018 0 0251743500 STIM_END_RESP_START
018 0 0252943544 RESP_END
019 0 0254671072 STIM_START
019 0 0255769760 STIM_END_RESP_START
019 0 0256969804 RESP_END
020 1 0259059872 STIM_START
020 1 0259444944 LICK
020 1 0259648492 LICK
020 1 0259837668 LICK
020 1 0260015548 LICK
020 1 0260158528 STIM_END_RESP_START
020 1 0260200488 LICK
020 1 0260200972 REWARD_START
020 1 0260349480 LICK
020 1 0260483960 LICK
020 1 0260614556 LICK
020 1 0260747448 LICK
020 1 0260901068 LICK
020 1 0261358552 RESP_END
020 1 0260251472 REWARD_END
021 1 0263015196 STIM_START
021 1 0263255836 LICK
021 1 0263399524 LICK
021 1 0263887036 LICK
021 1 0264036308 LICK
021 1 0264113868 STIM_END_RESP_START
021 1 0264200576 LICK
021 1 0264201060 REWARD_START
021 1 0264365720 LICK
021 1 0264519208 LICK
021 1 0264649332 LICK
021 1 0264777292 LICK
021 1 0264924936 LICK
021 1 0265313888 RESP_END
021 1 0264251568 REWARD_END
022 0 0267282168 STIM_START
022 0 0268380816 STIM_END_RESP_START
022 0 0269580856 RESP_END
023 1 0271528104 STIM_START
023 1 0271821732 LICK
023 1 0271976616 LICK
023 1 0272142680 LICK
023 1 0272305792 LICK
023 1 0272450188 LICK
023 1 0272610288 LICK
023 1 0272626776 STIM_END_RESP_START
023 1 0272788876 LICK
023 1 0272789360 REWARD_START
023 1 0272921216 LICK
023 1 0273052732 LICK
023 1 0273192524 LICK
023 1 0273321288 LICK
023 1 0273467180 LICK
023 1 0273826812 RESP_END
023 1 0272839872 REWARD_END
024 0 0275712152 STIM_START
024 0 0276810840 STIM_END_RESP_START
024 0 0278010876 RESP_END
025 0 0279662488 STIM_START
025 0 0280761136 STIM_END_RESP_START
025 0 0281961180 RESP_END
026 1 0283827584 STIM_START
026 1 0284270900 LICK
026 1 0284533060 LICK
026 1 0284678584 LICK
026 1 0284819204 LICK
026 1 0284926264 STIM_END_RESP_START
026 1 0284978848 LICK
026 1 0284979340 REWARD_START
026 1 0285115408 LICK
026 1 0285252472 LICK
026 1 0285376564 LICK
026 1 0285519968 LICK
026 1 0285680888 LICK
026 1 0285814956 LICK
026 1 0286126308 RESP_END
026 1 0285029844 REWARD_END
027 0 0287971696 STIM_START
027 0 0289070348 STIM_END_RESP_START
027 0 0290270392 RESP_END
028 0 0295373912 STIM_START
028 0 0296472600 STIM_END_RESP_START
028 0 0297268804 LICK
028 0 0297269296 TIMEOUT_START
028 0 0297378612 LICK
028 0 0297379100 TIMEOUT_START
028 0 0297672620 RESP_END
028 0 0304379596 TIMEOUT_END
029 0 0307796296 STIM_START
029 0 0308894944 STIM_END_RESP_START
029 0 0310094988 RESP_END
030 1 0312067220 STIM_START
030 1 0312581516 LICK
030 1 0312784072 LICK
030 1 0312960628 LICK
030 1 0313154180 LICK
030 1 0313165872 STIM_END_RESP_START
030 1 0313342484 LICK
030 1 0313342972 REWARD_START
030 1 0313503460 LICK
030 1 0313627972 LICK
030 1 0313761092 LICK
030 1 0313911656 LICK
030 1 0314047632 LICK
030 1 0314365912 RESP_END
030 1 0313393488 REWARD_END
031 0 0316017564 STIM_START
031 0 0317116248 STIM_END_RESP_START
031 0 0318316296 RESP_END
032 0 0320363436 STIM_START
032 0 0321462124 STIM_END_RESP_START
032 0 0322662168 RESP_END
033 1 0324273820 STIM_START
033 1 0324545364 LICK
033 1 0324708068 LICK
033 1 0324884832 LICK
033 1 0325074040 LICK
033 1 0325229228 LICK
033 1 0325372488 STIM_END_RESP_START
033 1 0325412420 LICK
033 1 0325412912 REWARD_START
033 1 0325582488 LICK
033 1 0325736312 LICK
033 1 0325870908 LICK
033 1 0326006196 LICK
033 1 0326140040 LICK
033 1 0326291284 LICK
033 1 0326442316 LICK
033 1 0326572524 RESP_END
033 1 0325463416 REWARD_END
034 1 0328317032 STIM_START
034 1 0328970956 LICK
034 1 0329167900 LICK
034 1 0329317584 LICK
034 1 0329415708 STIM_END_RESP_START
034 1 0329509584 LICK
034 1 0329510072 REWARD_START
034 1 0329615804 LICK
034 1 0329730372 LICK
034 1 0329854064 LICK
034 1 0329999868 LICK
034 1 0330139744 LICK
034 1 0330271956 LICK
034 1 0330615724 RESP_END
034 1 0329560580 REWARD_END
035 1 0332373232 STIM_START
035 1 0333344868 LICK
035 1 0333471908 STIM_END_RESP_START
035 1 0333489252 LICK
035 1 0333489736 REWARD_START
035 1 0333672168 LICK
035 1 0333853224 LICK
035 1 0333973724 LICK
035 1 0334100120 LICK
035 1 0334241856 LICK
035 1 0334568012 LICK
035 1 0334671928 RESP_END
035 1 0333540240 REWARD_END
036 0 0336554276 STIM_START
036 0 0337618224 LICK
036 0 0337652940 STIM_END_RESP_START
036 0 0337764796 LICK
036 0 0337765280 TIMEOUT_START
036 0 0337916044 LICK
036 0 0337916528 TIMEOUT_START
036 0 0338101332 LICK
036 0 0338101816 TIMEOUT_START
036 0 0338297512 LICK
036 0 0338298000 TIMEOUT_START
036 0 0338852972 RESP_END
036 0 0345298504 TIMEOUT_END
037 1 0346992952 STIM_START
037 1 0347494892 LICK
037 1 0347714388 LICK
037 1 0347877476 LICK
037 1 0348048716 LICK
037 1 0348091604 STIM_END_RESP_START
037 1 0348189692 LICK
037 1 0348190180 REWARD_START
037 1 0348347564 LICK
037 1 0348469308 LICK
037 1 0348604280 LICK
037 1 0348754736 LICK
037 1 0348888840 LICK
037 1 0349048508 LICK
037 1 0349291636 RESP_END
037 1 0348240684 REWARD_END
038 0 0351179004 STIM_START
038 0 0352277656 STIM_END_RESP_START
038 0 0353477696 RESP_END
039 1 0355209256 STIM_START
039 1 0355564268 LICK
039 1 0355743216 LICK
039 1 0355949140 LICK
039 1 0356096068 LICK
039 1 0356284916 LICK
039 1 0356307920 STIM_END_RESP_START
039 1 0356464776 LICK
039 1 0356465260 REWARD_START
039 1 0356629644 LICK
039 1 0356769016 LICK
039 1 0356903084 LICK
039 1 0357051144 LICK
039 1 0357191548 LICK
039 1 0357507944 RESP_END
039 1 0356515768 REWARD_END
040 1 0359285428 STIM_START
040 1 0359545772 LICK
040 1 0359686432 LICK
040 1 0360124768 LICK
040 1 0360288016 LICK
040 1 0360384116 STIM_END_RESP_START
040 1 0360467256 LICK
040 1 0360467744 REWARD_START
040 1 0360611700 LICK
040 1 0360756700 LICK
040 1 0361030676 LICK
040 1 0361186588 LICK
040 1 0361584148 RESP_END
040 1 0360518248 REWARD_END
041 1 0363243740 STIM_START
041 1 0363506468 LICK
041 1 0363635580 LICK
041 1 0363780692 LICK
041 1 0364112656 LICK
041 1 0364262612 LICK
041 1 0364342408 STIM_END_RESP_START
041 1 0364438800 LICK
041 1 0364439288 REWARD_START
041 1 0364605568 LICK
041 1 0364750716 LICK
041 1 0364881400 LICK
041 1 0365025640 LICK
041 1 0365183752 LICK
041 1 0365344180 LICK
041 1 0365542440 RESP_END
041 1 0364489796 REWARD_END
042 0 0367120120 STIM_START
042 0 0368218808 STIM_END_RESP_START
042 0 0369418852 RESP_END
043 1 0371226304 STIM_START
043 1 0371539528 LICK
043 1 0371718016 LICK
043 1 0371901360 LICK
043 1 0372063432 LICK
043 1 0372237604 LICK
043 1 0372324976 STIM_END_RESP_START
043 1 0372402148 LICK
043 1 0372402640 REWARD_START
043 1 0372567332 LICK
043 1 0372702116 LICK
043 1 0372828672 LICK
043 1 0372974268 LICK
043 1 0373126544 LICK
043 1 0373525012 RESP_END
043 1 0372453144 REWARD_END
044 1 0375242636 STIM_START
044 1 0376140660 LICK
044 1 0376299408 LICK
044 1 0376341296 STIM_END_RESP_START
044 1 0376429316 LICK
044 1 0376429808 REWARD_START
044 1 0376552216 LICK
044 1 0376681756 LICK
044 1 0376802140 LICK
044 1 0376937608 LICK
044 1 0377070456 LICK
044 1 0377541328 RESP_END
044 1 0376480312 REWARD_END
045 1 0379203840 STIM_START
045 1 0379958348 LICK
045 1 0380104672 LICK
045 1 0380243168 LICK
045 1 0380302520 STIM_END_RESP_START
045 1 0380399284 LICK
045 1 0380399776 REWARD_START
045 1 0380575272 LICK
045 1 0380725716 LICK
045 1 0380867720 LICK
045 1 0381009860 LICK
045 1 0381161452 LICK
045 1 0381502544 RESP_END
045 1 0380450284 REWARD_END
046 0 0383978240 STIM_START
046 0 0384941792 LICK
046 0 0385076912 STIM_END_RESP_START
046 0 0385136856 LICK
046 0 0385137340 TIMEOUT_START
046 0 0385321024 LICK
046 0 0385321508 TIMEOUT_START
046 0 0385442920 LICK
046 0 0385443400 TIMEOUT_START
046 0 0385602204 LICK
046 0 0385602692 TIMEOUT_START
046 0 0385772500 LICK
046 0 0385772988 TIMEOUT_START
046 0 0385936700 LICK
046 0 0385937184 TIMEOUT_START
046 0 0386276944 RESP_END
046 0 0392937696 TIMEOUT_END
047 1 0394960260 STIM_START
047 1 0395443540 LICK
047 1 0395630308 LICK
047 1 0395795380 LICK
047 1 0395972220 LICK
047 1 0396058920 STIM_END_RESP_START
047 1 0396134176 LICK
047 1 0396134668 REWARD_START
047 1 0396257264 LICK
047 1 0396389008 LICK
047 1 0396515424 LICK
047 1 0396651500 LICK
047 1 0397258940 RESP_END
047 1 0396185172 REWARD_END
048 1 0399167296 STIM_START
048 1 0399462164 LICK
048 1 0399670104 LICK
048 1 0399845808 LICK
048 1 0400028748 LICK
048 1 0400199936 LICK
048 1 0400265960 STIM_END_RESP_START
048 1 0400352028 LICK
048 1 0400352516 REWARD_START
048 1 0400512020 LICK
048 1 0400645860 LICK
048 1 0400775528 LICK
048 1 0400912928 LICK
048 1 0401465988 RESP_END
048 1 0400403020 REWARD_END
049 1 0403149576 STIM_START
049 1 0404117360 LICK
049 1 0404243864 LICK
049 1 0404248252 STIM_END_RESP_START
049 1 0404387280 LICK
049 1 0404387768 REWARD_START
049 1 0404515680 LICK
049 1 0404651040 LICK
049 1 0404770296 LICK
049 1 0404895696 LICK
049 1 0405192952 LICK
049 1 0405448288 RESP_END
049 1 0404438280 REWARD_END
050 0 0407249736 STIM_START
050 0 0408348388 STIM_END_RESP_START
050 0 0409548432 RESP_END
051 1 0411198068 STIM_START
051 1 0411480692 LICK
051 1 0411911224 LICK
051 1 0412035936 LICK
051 1 0412146060 LICK
051 1 0412296716 STIM_END_RESP_START
051 1 0412300116 LICK
051 1 0412300608 REWARD_START
051 1 0412445556 LICK
051 1 0412572492 LICK
051 1 0412702256 LICK
051 1 0412841660 LICK
051 1 0412979412 LICK
051 1 0413496740 RESP_END
051 1 0412351116 REWARD_END
052 0 0415298232 STIM_START
052 0 0416396884 STIM_END_RESP_START
052 0 0417596928 RESP_END
053 0 0419346408 STIM_START
053 0 0420445056 STIM_END_RESP_START
053 0 0421645100 RESP_END
054 0 0423558456 STIM_START
054 0 0424606624 LICK
054 0 0424657132 STIM_END_RESP_START
054 0 0424741472 LICK
054 0 0424741964 TIMEOUT_START
054 0 0425601480 LICK
054 0 0425601964 TIMEOUT_START
054 0 0425857148 RESP_END
054 0 0432602472 TIMEOUT_END
055 1 0434572392 STIM_START
055 1 0435082604 LICK
055 1 0435433988 LICK
055 1 0435596708 LICK
055 1 0435671052 STIM_END_RESP_START
055 1 0435735416 LICK
055 1 0435735908 REWARD_START
055 1 0435883384 LICK
055 1 0436011708 LICK
055 1 0436141076 LICK
055 1 0436289364 LICK
055 1 0436871092 RESP_END
055 1 0435786416 REWARD_END
056 0 0438965256 STIM_START
056 0 0440063900 STIM_END_RESP_START
056 0 0441263908 RESP_END
057 0 0443333072 STIM_START
057 0 0444431760 STIM_END_RESP_START
057 0 0445631804 RESP_END
058 0 0447547096 STIM_START
058 0 0447887372 LICK
058 0 0448074376 LICK
058 0 0448394224 LICK
058 0 0448595420 LICK
058 0 0448645756 STIM_END_RESP_START
058 0 0448776872 LICK
058 0 0448777364 TIMEOUT_START
058 0 0448961524 LICK
058 0 0448962012 TIMEOUT_START
058 0 0449150964 LICK
058 0 0449151456 TIMEOUT_START
058 0 0449659072 LICK
058 0 0449659556 TIMEOUT_START
058 0 0449845804 RESP_END
058 0 0456660068 TIMEOUT_END
059 1 0458292464 STIM_START
059 1 0458718944 LICK
059 1 0459052636 LICK
059 1 0459232412 LICK
059 1 0459391120 STIM_END_RESP_START
059 1 0459407276 LICK
059 1 0459407768 REWARD_START
059 1 0459570388 LICK
059 1 0459715940 LICK
059 1 0459846492 LICK
059 1 0459982184 LICK
059 1 0460591140 RESP_END
059 1 0459458272 REWARD_END
060 1 0462660212 STIM_START
060 1 0463404584 LICK
060 1 0463571572 LICK
060 1 0463754624 LICK
060 1 0463758864 STIM_END_RESP_START
060 1 0463924244 LICK
060 1 0463924728 REWARD_START
060 1 0464070764 LICK
060 1 0464205128 LICK
060 1 0464335548 LICK
060 1 0464490436 LICK
060 1 0464958884 RESP_END
060 1 0463975232 REWARD_END
061 1 0466949168 STIM_START
061 1 0467746040 LICK
061 1 0467916412 LICK
061 1 0468031336 LICK
061 1 0468047816 STIM_END_RESP_START
061 1 0468154476 LICK
061 1 0468154964 REWARD_START
061 1 0468317584 LICK
061 1 0468458316 LICK
061 1 0468592388 LICK
061 1 0468734916 LICK
061 1 0469212784 LICK
061 1 0469247856 RESP_END
061 1 0468205468 REWARD_END
062 0 0471047280 STIM_START
062 0 0471702884 LICK
062 0 0471849324 LICK
062 0 0472027924 LICK
062 0 0472145972 STIM_END_RESP_START
062 0 0472190220 LICK
062 0 0472190704 TIMEOUT_START
062 0 0472372740 LICK
062 0 0472373224 TIMEOUT_START
062 0 0472529156 LICK
062 0 0472529640 TIMEOUT_START
062 0 0472685384 LICK
062 0 0472685872 TIMEOUT_START
062 0 0473346008 RESP_END
062 0 0479686368 TIMEOUT_END
063 0 0481402084 STIM_START
063 0 0482500736 STIM_END_RESP_START
063 0 0483700780 RESP_END
064 1 0485556232 STIM_START
064 1 0485992672 LICK
064 1 0486192016 LICK
064 1 0486380432 LICK
064 1 0486556524 LICK
064 1 0486654900 STIM_END_RESP_START
064 1 0486728280 LICK
064 1 0486728772 REWARD_START
064 1 0486901624 LICK
064 1 0487031040 LICK
064 1 0487161116 LICK
064 1 0487307888 LICK
064 1 0487854912 RESP_END
064 1 0486779276 REWARD_END
065 0 0489970952 STIM_START
065 0 0491069604 STIM_END_RESP_START
065 0 0492269648 RESP_END
066 1 0494103056 STIM_START
066 1 0494440020 LICK
066 1 0494630432 LICK
066 1 0494843708 LICK
066 1 0495014152 LICK
066 1 0495187544 LICK
066 1 0495201724 STIM_END_RESP_START
066 1 0495372096 LICK
066 1 0495372588 REWARD_START
066 1 0495530004 LICK
066 1 0495657320 LICK
066 1 0495791044 LICK
066 1 0495942144 LICK
066 1 0496401752 RESP_END
066 1 0495423096 REWARD_END
067 1 0498177272 STIM_START
067 1 0498445848 LICK
067 1 0498618380 LICK
067 1 0498767288 LICK
067 1 0498949868 LICK
067 1 0499149640 LICK
067 1 0499275928 STIM_END_RESP_START
067 1 0499309928 LICK
067 1 0499310416 REWARD_START
067 1 0499467748 LICK
067 1 0499611476 LICK
067 1 0499743916 LICK
067 1 0499904576 LICK
067 1 0500475944 RESP_END
067 1 0499360924 REWARD_END
068 1 0502302376 STIM_START
068 1 0502512040 LICK
068 1 0502638804 LICK
068 1 0502780380 LICK
068 1 0503087480 LICK
068 1 0503282576 LICK
068 1 0503401036 STIM_END_RESP_START
068 1 0503521680 LICK
068 1 0503522164 REWARD_START
068 1 0503711388 LICK
068 1 0503870932 LICK
068 1 0504012896 LICK
068 1 0504329352 LICK
068 1 0504601068 RESP_END
068 1 0503572676 REWARD_END
069 0 0506549356 STIM_START
069 0 0507648048 STIM_END_RESP_START
069 0 0508848084 RESP_END
070 0 0510894216 STIM_START
070 0 0511992868 STIM_END_RESP_START
070 0 0513192912 RESP_END
071 0 0514879512 STIM_START
071 0 0515978156 STIM_END_RESP_START
071 0 0517178204 RESP_END
072 1 0519217384 STIM_START
072 1 0519518672 LICK
072 1 0519663716 LICK
072 1 0519868096 LICK
072 1 0520027436 LICK
072 1 0520192568 LICK
072 1 0520316044 STIM_END_RESP_START
072 1 0520350568 LICK
072 1 0520351060 REWARD_START
072 1 0520534112 LICK
072 1 0520667800 LICK
072 1 0520803960 LICK
072 1 0520951900 LICK
072 1 0521516072 RESP_END
072 1 0520401564 REWARD_END
073 1 0523670120 STIM_START
073 1 0523973800 LICK
073 1 0524175832 LICK
073 1 0524366436 LICK
073 1 0524545016 LICK
073 1 0524711104 LICK
073 1 0524768776 STIM_END_RESP_START
073 1 0524868960 LICK
073 1 0524869444 REWARD_START
073 1 0525045780 LICK
073 1 0525179320 LICK
073 1 0525332616 LICK
073 1 0525486176 LICK
073 1 0525968820 RESP_END
073 1 0524919952 REWARD_END
074 1 0527814216 STIM_START
074 1 0528392556 LICK
074 1 0528572112 LICK
074 1 0528718288 LICK
074 1 0528855700 LICK
074 1 0528912896 STIM_END_RESP_START
074 1 0529048788 LICK
074 1 0529049272 REWARD_START
074 1 0529257752 LICK
074 1 0529387724 LICK
074 1 0529535488 LICK
074 1 0529674524 LICK
074 1 0530112940 RESP_END
074 1 0529099784 REWARD_END
075 0 0531804500 STIM_START
075 0 0532903148 STIM_END_RESP_START
075 0 0534103188 RESP_END
076 1 0535912600 STIM_START
076 1 0536187144 LICK
076 1 0536319860 LICK
076 1 0536479856 LICK
076 1 0536640924 LICK
076 1 0536837668 LICK
076 1 0537011264 STIM_END_RESP_START
076 1 0537023280 LICK
076 1 0537023780 REWARD_START
076 1 0537208968 LICK
076 1 0537369736 LICK
076 1 0537509752 LICK
076 1 0537655084 LICK
076 1 0538211288 RESP_END
076 1 0537074288 REWARD_END
077 0 0541708740 STIM_START
077 0 0542807392 STIM_END_RESP_START
077 0 0544007432 RESP_END
078 1 0545896852 STIM_START
078 1 0546215344 LICK
078 1 0546592424 LICK
078 1 0546771620 LICK
078 1 0546948028 LICK
078 1 0546995516 STIM_END_RESP_START
078 1 0547103208 LICK
078 1 0547103692 REWARD_START
078 1 0547263888 LICK
078 1 0547392532 LICK
078 1 0547516360 LICK
078 1 0547663968 LICK
078 1 0547810628 LICK
078 1 0548195556 RESP_END
078 1 0547154208 REWARD_END
079 0 0550433468 STIM_START
079 0 0551532156 STIM_END_RESP_START
079 0 0552732200 RESP_END
080 0 0554682448 STIM_START
080 0 0555781136 STIM_END_RESP_START
080 0 0556981172 RESP_END
081 0 0558989328 STIM_START
081 0 0560088008 STIM_END_RESP_START
081 0 0561288052 RESP_END
082 1 0562881760 STIM_START
082 1 0563318392 LICK
082 1 0563505564 LICK
082 1 0563664056 LICK
082 1 0563827360 LICK
082 1 0563980424 STIM_END_RESP_START
082 1 0563993548 LICK
082 1 0563994040 REWARD_START
082 1 0564144408 LICK
082 1 0564279768 LICK
082 1 0564412088 LICK
082 1 0564555872 LICK
082 1 0564702532 LICK
082 1 0565180456 RESP_END
082 1 0564044544 REWARD_END
083 1 0567024856 STIM_START
083 1 0567251908 LICK
083 1 0567427384 LICK
083 1 0567629348 LICK
083 1 0567811572 LICK
083 1 0567969820 LICK
083 1 0568123540 STIM_END_RESP_START
083 1 0568130008 LICK
083 1 0568130492 REWARD_START
083 1 0568299768 LICK
083 1 0568428260 LICK
083 1 0568557944 LICK
083 1 0568706260 LICK
083 1 0569323560 RESP_END
083 1 0568181016 REWARD_END
084 1 0570984172 STIM_START
084 1 0571727800 LICK
084 1 0571891548 LICK
084 1 0572044496 LICK
084 1 0572082828 STIM_END_RESP_START
084 1 0572192748 LICK
084 1 0572193240 REWARD_START
084 1 0572328704 LICK
084 1 0572461868 LICK
084 1 0572591044 LICK
084 1 0572725112 LICK
084 1 0572875680 LICK
084 1 0573282872 RESP_END
084 1 0572243744 REWARD_END
085 0 0574872588 STIM_START
085 0 0575971232 STIM_END_RESP_START
085 0 0577171280 RESP_END
086 0 0578882840 STIM_START
086 0 0579981492 STIM_END_RESP_START
086 0 0581181536 RESP_END
087 1 0583114796 STIM_START
087 1 0583587564 LICK
087 1 0583748160 LICK
087 1 0583946608 LICK
087 1 0584092428 LICK
087 1 0584213452 STIM_END_RESP_START
087 1 0584291040 LICK
087 1 0584291532 REWARD_START
087 1 0584464452 LICK
087 1 0584602908 LICK
087 1 0584735316 LICK
087 1 0584885572 LICK
087 1 0585413480 RESP_END
087 1 0584342040 REWARD_END
088 1 0587601504 STIM_START
088 1 0587784804 LICK
088 1 0588419172 LICK
088 1 0588597928 LICK
088 1 0588700160 STIM_END_RESP_START
088 1 0588740020 LICK
088 1 0588740508 REWARD_START
088 1 0588907152 LICK
088 1 0589043652 LICK
088 1 0589171160 LICK
088 1 0589305992 LICK
088 1 0589764744 LICK
088 1 0589900196 RESP_END
088 1 0588791020 REWARD_END
089 0 0592024300 STIM_START
089 0 0593122952 STIM_END_RESP_START
089 0 0594322996 RESP_END
090 0 0595934636 STIM_START
090 0 0597033288 STIM_END_RESP_START
090 0 0598233332 RESP_END
091 0 0600142696 STIM_START
091 0 0601241348 STIM_END_RESP_START
091 0 0602441396 RESP_END
092 1 0604394744 STIM_START
092 1 0604653592 LICK
092 1 0605042984 LICK
092 1 0605202072 LICK
092 1 0605354180 LICK
092 1 0605493408 STIM_END_RESP_START
092 1 0605517684 LICK
092 1 0605518176 REWARD_START
092 1 0605681048 LICK
092 1 0605814656 LICK
092 1 0605946524 LICK
092 1 0606097468 LICK
092 1 0606693424 RESP_END
092 1 0605568684 REWARD_END
093 1 0608582676 STIM_START
093 1 0609018004 LICK
093 1 0609194404 LICK
093 1 0609431500 LICK
093 1 0609607628 LICK
093 1 0609681324 STIM_END_RESP_START
093 1 0609783240 LICK
093 1 0609783724 REWARD_START
093 1 0609935644 LICK
093 1 0610068996 LICK
093 1 0610206780 LICK
093 1 0610352412 LICK
093 1 0610483412 LICK
093 1 0610836540 LICK
093 1 0610881340 RESP_END
093 1 0609834236 REWARD_END
094 1 0612628892 STIM_START
094 1 0613347768 LICK
094 1 0613490512 LICK
094 1 0613666916 LICK
094 1 0613727548 STIM_END_RESP_START
094 1 0613858928 LICK
094 1 0613859424 REWARD_START
094 1 0614051932 LICK
094 1 0614237120 LICK
094 1 0614382532 LICK
094 1 0614669176 LICK
094 1 0614927592 RESP_END
094 1 0613909928 REWARD_END
095 0 0616565264 STIM_START
095 0 0617663952 STIM_END_RESP_START
095 0 0618863996 RESP_END
096 0 0620553564 STIM_START
096 0 0621652216 STIM_END_RESP_START
096 0 0622852260 RESP_END
097 1 0624623728 STIM_START
097 1 0625039276 LICK
097 1 0625377420 LICK
097 1 0625571724 LICK
097 1 0625722412 STIM_END_RESP_START
097 1 0625812612 LICK
097 1 0625813100 REWARD_START
097 1 0625968352 LICK
097 1 0626101188 LICK
097 1 0626242960 LICK
097 1 0626922456 RESP_END
097 1 0625863604 REWARD_END
098 0 0629220348 STIM_START
098 0 0630318996 STIM_END_RESP_START
098 0 0631519044 RESP_END
099 0 0633427328 STIM_START
099 0 0634525980 STIM_END_RESP_START
099 0 0635726024 RESP_END
100 1 0637501488 STIM_START
100 1 0637998588 LICK
100 1 0638169584 LICK
100 1 0638328484 LICK
100 1 0638489248 LICK
100 1 0638600144 STIM_END_RESP_START
100 1 0638648300 LICK
100 1 0638648796 REWARD_START
100 1 0638789340 LICK
100 1 0638920872 LICK
100 1 0639057636 LICK
100 1 0639207024 LICK
100 1 0639682236 LICK
100 1 0639800168 RESP_END
100 1 0638699304 REWARD_END
101 0 0641824420 STIM_START
101 0 0641934100 LICK
101 0 0642113236 LICK
101 0 0642923100 STIM_END_RESP_START
101 0 0644123144 RESP_END
102 0 0645935512 STIM_START
102 0 0647034160 STIM_END_RESP_START
102 0 0648234208 RESP_END
USER_EXIT