001 0 0009378292 STIM_START
001 0 0010476944 STIM_END_RESP_START
001 0 0011676968 RESP_END
002 1 0013613232 STIM_START
002 1 0014711900 STIM_END_RESP_START
002 1 0014932676 LICK
002 1 0014933120 REWARD_START
002 1 0015135804 LICK
002 1 0015337224 LICK
002 1 0015688800 LICK
002 1 0015911932 RESP_END
002 1 0015023576 REWARD_END
003 1 0017556572 STIM_START
003 1 0018655244 STIM_END_RESP_START
003 1 0019855260 RESP_END
004 1 0021968260 STIM_START
004 1 0023066928 STIM_END_RESP_START
004 1 0023142728 LICK
004 1 0023143164 REWARD_START
004 1 0023338792 LICK
004 1 0023524028 LICK
004 1 0023679716 LICK
004 1 0024019492 LICK
004 1 0024266944 RESP_END
004 1 0023233620 REWARD_END
005 0 0026237104 STIM_START
005 0 0027335772 STIM_END_RESP_START
005 0 0028535792 RESP_END
006 0 0030556964 STIM_START
006 0 0031655632 STIM_END_RESP_START
006 0 0032855660 RESP_END
007 0 0034563248 STIM_START
007 0 0035661880 STIM_END_RESP_START
007 0 0036861900 RESP_END
008 1 0038870024 STIM_START
008 1 0039968688 STIM_END_RESP_START
008 1 0041168716 RESP_END
009 0 0042938196 STIM_START
009 0 0044036828 STIM_END_RESP_START
009 0 0045236852 RESP_END
010 0 0047108160 STIM_START
010 0 0048206824 STIM_END_RESP_START
010 0 0049406848 RESP_END
011 0 0051261220 STIM_START
011 0 0052359852 STIM_END_RESP_START
011 0 0053559880 RESP_END
012 1 0055306340 STIM_START
012 1 0056405008 STIM_END_RESP_START
012 1 0057605028 RESP_END
013 0 0060176588 STIM_START
013 0 0061275220 STIM_END_RESP_START
013 0 0062475240 RESP_END
014 1 0064307656 STIM_START
014 1 0065406324 STIM_END_RESP_START
014 1 0065737584 LICK
014 1 0065738028 REWARD_START
014 1 0066606340 RESP_END
014 1 0065828480 REWARD_END
015 1 0068363756 STIM_START
015 1 0069462428 STIM_END_RESP_START
015 1 0070662452 RESP_END
016 0 0072590724 STIM_START
016 0 0073689356 STIM_END_RESP_START
016 0 0074889384 RESP_END
017 1 0076506068 STIM_START
017 1 0077604700 STIM_END_RESP_START
017 1 0078804728 RESP_END
018 0 0080510304 STIM_START
018 0 0081608940 STIM_END_RESP_START
018 0 0082808964 RESP_END
019 1 0084715224 STIM_START
019 1 0085813856 STIM_END_RESP_START
019 1 0086126724 LICK
019 1 0086127160 REWARD_START
019 1 0087013900 RESP_END
019 1 0086217620 REWARD_END
020 0 0088805288 STIM_START
020 0 0089903960 STIM_END_RESP_START
020 0 0091103984 RESP_END
021 1 0093059184 STIM_START
021 1 0094157852 STIM_END_RESP_START
021 1 0095228792 LICK
021 1 0095229236 REWARD_START
021 1 0095357876 RESP_END
021 1 0095319696 REWARD_END
022 0 0097334100 STIM_START
022 0 0098432772 STIM_END_RESP_START
022 0 0099549816 LICK
022 0 0099550260 TIMEOUT_START
022 0 0099632816 RESP_END
022 0 0106550712 TIMEOUT_END
023 0 0111148624 STIM_START
023 0 0111468464 LICK
023 0 0111651648 LICK
023 0 0112247288 STIM_END_RESP_START
023 0 0113447332 RESP_END
024 1 0115129828 STIM_START
024 1 0115166508 LICK
024 1 0115248436 LICK
024 1 0115375804 LICK
024 1 0116034112 LICK
024 1 0116218092 LICK
024 1 0116228464 STIM_END_RESP_START
024 1 0116377784 LICK
024 1 0116378268 REWARD_START
024 1 0116552072 LICK
024 1 0116716372 LICK
024 1 0116896672 LICK
024 1 0117172548 LICK
024 1 0117316552 LICK
024 1 0117428508 RESP_END
024 1 0116468784 REWARD_END
025 0 0119393712 STIM_START
025 0 0119984740 LICK
025 0 0120492368 STIM_END_RESP_START
025 0 0121692412 RESP_END
026 1 0125067944 STIM_START
026 1 0125088464 LICK
026 1 0126166584 STIM_END_RESP_START
026 1 0126734776 LICK
026 1 0126735260 REWARD_START
026 1 0127366600 RESP_END
026 1 0126825780 REWARD_END
027 1 0129136020 STIM_START
027 1 0129325436 LICK
027 1 0130234684 STIM_END_RESP_START
027 1 0130283852 LICK
027 1 0130284336 REWARD_START
027 1 0130462836 LICK
027 1 0130668904 LICK
027 1 0130815828 LICK
027 1 0131005832 LICK
027 1 0131434720 RESP_END
027 1 0130374852 REWARD_END
028 1 0141996640 STIM_START
028 1 0142267220 LICK
028 1 0142506332 LICK
028 1 0143095276 STIM_END_RESP_START
028 1 0144295320 RESP_END
029 0 0148311080 STIM_START
029 0 0149409724 STIM_END_RESP_START
029 0 0150609768 RESP_END
030 1 0152496152 STIM_START
030 1 0152635112 LICK
030 1 0153594792 STIM_END_RESP_START
030 1 0153621744 LICK
030 1 0153622228 REWARD_START
030 1 0153888596 LICK
030 1 0154047824 LICK
030 1 0154627396 LICK
030 1 0154794832 RESP_END
030 1 0153712744 REWARD_END
031 0 0156597212 STIM_START
031 0 0157695868 STIM_END_RESP_START
031 0 0158895912 RESP_END
032 0 0160563552 STIM_START
032 0 0161607068 LICK
032 0 0161662212 STIM_END_RESP_START
032 0 0161831468 LICK
032 0 0161831960 TIMEOUT_START
032 0 0162862240 RESP_END
032 0 0168832460 TIMEOUT_END
033 1 0173714692 STIM_START
033 1 0174813340 STIM_END_RESP_START
033 1 0176013384 RESP_END
034 0 0177664024 STIM_START
034 0 0178762664 STIM_END_RESP_START
034 0 0179962708 RESP_END
035 1 0181995876 STIM_START
035 1 0182424084 LICK
035 1 0182586808 LICK
035 1 0183094520 STIM_END_RESP_START
035 1 0184294564 RESP_END
036 0 0186291736 STIM_START
036 0 0187390384 STIM_END_RESP_START
036 0 0188590428 RESP_END
037 1 0190257952 STIM_START
037 1 0191135460 LICK
037 1 0191317132 LICK
037 1 0191356588 STIM_END_RESP_START
037 1 0192556620 RESP_END
038 0 0194198236 STIM_START
038 0 0195296884 STIM_END_RESP_START
038 0 0196496928 RESP_END
039 0 0198261364 STIM_START
039 0 0199360012 STIM_END_RESP_START
039 0 0200560052 RESP_END
040 1 0202365432 STIM_START
040 1 0202809916 LICK
040 1 0202995620 LICK
040 1 0203464072 STIM_END_RESP_START
040 1 0204664116 RESP_END
041 0 0206582420 STIM_START
041 0 0207681072 STIM_END_RESP_START
041 0 0208881112 RESP_END
042 0 0210906252 STIM_START
042 0 0212004900 STIM_END_RESP_START
042 0 0213204936 RESP_END
043 1 0215134248 STIM_START
043 1 0216232892 STIM_END_RESP_START
043 1 0216330340 LICK
043 1 0216330824 REWARD_START
043 1 0216563464 LICK
043 1 0216739404 LICK
043 1 0216915456 LICK
043 1 0217107284 LICK
043 1 0217432936 RESP_END
043 1 0216421324 REWARD_END
044 1 0219468024 STIM_START
044 1 0219667716 LICK
044 1 0220566664 STIM_END_RESP_START
044 1 0221766708 RESP_END
045 0 0223595084 STIM_START
045 0 0224693732 STIM_END_RESP_START
045 0 0225893776 RESP_END
046 1 0227760120 STIM_START
046 1 0228300436 LICK
046 1 0228858764 STIM_END_RESP_START
046 1 0230058808 RESP_END
047 0 0232063912 STIM_START
047 0 0233162560 STIM_END_RESP_START
047 0 0234362604 RESP_END
048 0 0236288920 STIM_START
048 0 0237387568 STIM_END_RESP_START
048 0 0238587612 RESP_END
049 0 0240576768 STIM_START
049 0 0241675420 STIM_END_RESP_START
049 0 0242875464 RESP_END
050 1 0244783744 STIM_START
050 1 0245882396 STIM_END_RESP_START
050 1 0246300844 LICK
050 1 0246301328 REWARD_START
050 1 0246503288 LICK
050 1 0247082440 RESP_END
050 1 0246391836 REWARD_END
051 0 0249003684 STIM_START
051 0 0250102336 STIM_END_RESP_START
051 0 0251302376 RESP_END
052 0 0252972940 STIM_START
052 0 0254071588 STIM_END_RESP_START
052 0 0255271632 RESP_END
053 1 0256961172 STIM_START
053 1 0258059824 STIM_END_RESP_START
053 1 0259259864 RESP_END
054 0 0260947432 STIM_START
054 0 0261938804 LICK
054 0 0262046064 STIM_END_RESP_START
054 0 0262115468 LICK
054 0 0262115952 TIMEOUT_START
054 0 0262314556 LICK
054 0 0262315044 TIMEOUT_START
054 0 0263246092 RESP_END
054 0 0269315540 TIMEOUT_END
055 0 0271116208 STIM_START
055 0 0272214856 STIM_END_RESP_START
055 0 0273414900 RESP_END
056 1 0275262280 STIM_START
056 1 0275831604 LICK
056 1 0276044444 LICK
056 1 0276209288 LICK
056 1 0276360940 STIM_END_RESP_START
056 1 0276412776 LICK
056 1 0276413260 REWARD_START
056 1 0276569868 LICK
056 1 0277186920 LICK
056 1 0277366644 LICK
056 1 0277560964 RESP_END
056 1 0276503768 REWARD_END
057 0 0279366328 STIM_START
057 0 0280006616 LICK
057 0 0280203196 LICK
057 0 0280396176 LICK
057 0 0280464976 STIM_END_RESP_START
057 0 0280591028 LICK
057 0 0280591516 TIMEOUT_START
057 0 0281664996 RESP_END
057 0 0287592016 TIMEOUT_END
058 0 0289497236 STIM_START
058 0 0290595888 STIM_END_RESP_START
058 0 0291795924 RESP_END
059 0 0293827096 STIM_START
059 0 0294925748 STIM_END_RESP_START
059 0 0296125792 RESP_END
060 1 0298193856 STIM_START
060 1 0299037532 LICK
060 1 0299259040 LICK
060 1 0299292508 STIM_END_RESP_START
060 1 0299434292 LICK
060 1 0299434780 REWARD_START
060 1 0299901140 LICK
060 1 0300492528 RESP_END
060 1 0299525296 REWARD_END
061 0 0302361856 STIM_START
061 0 0303460500 STIM_END_RESP_START
061 0 0304660544 RESP_END
062 1 0306348116 STIM_START
062 1 0306970896 LICK
062 1 0307167596 LICK
062 1 0307351404 LICK
062 1 0307446768 STIM_END_RESP_START
062 1 0308646808 RESP_END
063 1 0310635972 STIM_START
063 1 0311088236 LICK
063 1 0311708120 LICK
063 1 0311734612 STIM_END_RESP_START
063 1 0311890508 LICK
063 1 0311891000 REWARD_START
063 1 0312079844 LICK
063 1 0312934628 RESP_END
063 1 0311981512 REWARD_END
064 0 0314760016 STIM_START
064 0 0315858664 STIM_END_RESP_START
064 0 0317058708 RESP_END
065 1 0319009952 STIM_START
065 1 0320108600 STIM_END_RESP_START
065 1 0320128236 LICK
065 1 0320128716 REWARD_START
065 1 0320307172 LICK
065 1 0320477952 LICK
065 1 0320628452 LICK
065 1 0320952180 LICK
065 1 0321308628 RESP_END
065 1 0320219220 REWARD_END
066 1 0324152800 STIM_START
066 1 0324505664 LICK
066 1 0325039864 LICK
066 1 0325210224 LICK
066 1 0325251460 STIM_END_RESP_START
066 1 0325372112 LICK
066 1 0325372600 REWARD_START
066 1 0325539444 LICK
066 1 0325701264 LICK
066 1 0325862880 LICK
066 1 0326026828 LICK
066 1 0326198672 LICK
066 1 0326372216 LICK
066 1 0326451500 RESP_END
066 1 0325463108 REWARD_END
067 1 0328891132 STIM_START
067 1 0329249300 LICK
067 1 0329568884 LICK
067 1 0329740116 LICK
067 1 0329925456 LICK
067 1 0329989804 STIM_END_RESP_START
067 1 0330129140 LICK
067 1 0330129632 REWARD_START
067 1 0330313480 LICK
067 1 0330524920 LICK
067 1 0330698428 LICK
067 1 0330898372 LICK
067 1 0331052580 LICK
067 1 0331189848 RESP_END
067 1 0330220140 REWARD_END
068 0 0333096100 STIM_START
068 0 0333433328 LICK
068 0 0334147608 LICK
068 0 0334194744 STIM_END_RESP_START
068 0 0335019636 LICK
068 0 0335020128 TIMEOUT_START
068 0 0335213804 LICK
068 0 0335214288 TIMEOUT_START
068 0 0335394764 RESP_END
068 0 0342214796 TIMEOUT_END
069 1 0343837224 STIM_START
069 1 0344305804 LICK
069 1 0344493172 LICK
069 1 0344653280 LICK
069 1 0344935872 STIM_END_RESP_START
069 1 0346135916 RESP_END
070 0 0348281940 STIM_START
070 0 0349380584 STIM_END_RESP_START
070 0 0350580628 RESP_END
071 1 0352578760 STIM_START
071 1 0352859764 LICK
071 1 0353006472 LICK
071 1 0353188448 LICK
071 1 0353597360 LICK
071 1 0353677412 STIM_END_RESP_START
071 1 0353803120 LICK
071 1 0353803612 REWARD_START
071 1 0354005956 LICK
071 1 0354277472 LICK
071 1 0354449124 LICK
071 1 0354877436 RESP_END
071 1 0353894108 REWARD_END
072 1 0356520076 STIM_START
072 1 0356746476 LICK
072 1 0357400288 LICK
072 1 0357586704 LICK
072 1 0357618712 STIM_END_RESP_START
072 1 0357747184 LICK
072 1 0357747668 REWARD_START
072 1 0357940736 LICK
072 1 0358131924 LICK
072 1 0358323412 LICK
072 1 0358467412 LICK
072 1 0358637704 LICK
072 1 0358793352 LICK
072 1 0358818760 RESP_END
072 1 0357838188 REWARD_END
073 0 0360937780 STIM_START
073 0 0362036432 STIM_END_RESP_START
073 0 0363236476 RESP_END
074 0 0364846108 STIM_START
074 0 0365556472 LICK
074 0 0365758440 LICK
074 0 0365944732 STIM_END_RESP_START
074 0 0367144780 RESP_END
075 1 0368943248 STIM_START
075 1 0369305884 LICK
075 1 0369478260 LICK
075 1 0369774180 LICK
075 1 0369976964 LICK
075 1 0370041920 STIM_END_RESP_START
075 1 0370464452 LICK
075 1 0370464944 REWARD_START
075 1 0370640808 LICK
075 1 0370808932 LICK
075 1 0371241944 RESP_END
075 1 0370555444 REWARD_END
076 0 0372908496 STIM_START
076 0 0374007148 STIM_END_RESP_START
076 0 0375207192 RESP_END
077 0 0377194384 STIM_START
077 0 0378293032 STIM_END_RESP_START
077 0 0379493076 RESP_END
078 1 0381266500 STIM_START
078 1 0381822512 LICK
078 1 0381988304 LICK
078 1 0382172488 LICK
078 1 0382328128 LICK
078 1 0382365168 STIM_END_RESP_START
078 1 0382541112 LICK
078 1 0382541600 REWARD_START
078 1 0382720400 LICK
078 1 0382903124 LICK
078 1 0383091808 LICK
078 1 0383327136 LICK
078 1 0383565192 RESP_END
078 1 0382632112 REWARD_END
079 0 0387099584 STIM_START
079 0 0387490472 LICK
079 0 0388198236 STIM_END_RESP_START
079 0 0389337636 LICK
079 0 0389338124 TIMEOUT_START
079 0 0389398248 RESP_END
079 0 0396338624 TIMEOUT_END
080 1 0398022412 STIM_START
080 1 0398510888 LICK
080 1 0398711056 LICK
080 1 0398884972 LICK
080 1 0399091652 LICK
080 1 0399121064 STIM_END_RESP_START
080 1 0399297564 LICK
080 1 0399298052 REWARD_START
080 1 0399498212 LICK
080 1 0399653792 LICK
080 1 0399825564 LICK
080 1 0399996116 LICK
080 1 0400152976 LICK
080 1 0400321104 RESP_END
080 1 0399388564 REWARD_END
081 1 0402912556 STIM_START
081 1 0403343924 LICK
081 1 0404001400 LICK
081 1 0404011200 STIM_END_RESP_START
081 1 0404191472 LICK
081 1 0404191956 REWARD_START
081 1 0404502356 LICK
081 1 0404687588 LICK
081 1 0404859204 LICK
081 1 0405073032 LICK
081 1 0405211232 RESP_END
081 1 0404282472 REWARD_END
082 0 0407309400 STIM_START
082 0 0408408048 STIM_END_RESP_START
082 0 0409608092 RESP_END
083 0 0411657120 STIM_START
083 0 0412755768 STIM_END_RESP_START
083 0 0413955812 RESP_END
084 1 0415944020 STIM_START
084 1 0416350408 LICK
084 1 0416550212 LICK
084 1 0417042684 STIM_END_RESP_START
084 1 0418240336 LICK
084 1 0418240828 REWARD_START
084 1 0418331372 RESP_END
084 1 0418331336 REWARD_END
085 1 0420399644 STIM_START
085 1 0420874460 LICK
085 1 0421065304 LICK
085 1 0421498304 STIM_END_RESP_START
085 1 0422698348 RESP_END
086 0 0424512724 STIM_START
086 0 0425611360 STIM_END_RESP_START
086 0 0425622524 LICK
086 0 0425623024 TIMEOUT_START
086 0 0425811712 LICK
086 0 0425812204 TIMEOUT_START
086 0 0426077736 LICK
086 0 0426078224 TIMEOUT_START
086 0 0426252896 LICK
086 0 0426253384 TIMEOUT_START
086 0 0426811404 RESP_END
086 0 0433253888 TIMEOUT_END
087 0 0434872376 STIM_START
087 0 0435884488 LICK
087 0 0435971012 STIM_END_RESP_START
087 0 0436056184 LICK
087 0 0436056668 TIMEOUT_START
087 0 0437171048 RESP_END
087 0 0443057188 TIMEOUT_END
088 0 0445060180 STIM_START
088 0 0445284228 LICK
088 0 0445443228 LICK
088 0 0446158808 STIM_END_RESP_START
088 0 0447358852 RESP_END
089 1 0449154256 STIM_START
089 1 0449561912 LICK
089 1 0449752248 LICK
089 1 0449960412 LICK
089 1 0450161444 LICK
089 1 0450252896 STIM_END_RESP_START
089 1 0450509352 LICK
089 1 0450509844 REWARD_START
089 1 0450694892 LICK
089 1 0450858456 LICK
089 1 0451060524 LICK
089 1 0451221796 LICK
089 1 0451432088 LICK
089 1 0451452916 RESP_END
089 1 0450600352 REWARD_END
090 1 0454470936 STIM_START
090 1 0454846000 LICK
090 1 0455038292 LICK
090 1 0455214592 LICK
090 1 0455395620 LICK
090 1 0455569572 STIM_END_RESP_START
090 1 0455719348 LICK
090 1 0455719832 REWARD_START
090 1 0455917356 LICK
090 1 0456097508 LICK
090 1 0456283196 LICK
090 1 0456468500 LICK
090 1 0456639164 LICK
090 1 0456769616 RESP_END
090 1 0455810336 REWARD_END
091 1 0459075432 STIM_START
091 1 0459372488 LICK
091 1 0460174076 STIM_END_RESP_START
091 1 0460272496 LICK
091 1 0460272988 REWARD_START
091 1 0460462632 LICK
091 1 0460663408 LICK
091 1 0460847768 LICK
091 1 0461033492 LICK
091 1 0461192020 LICK
091 1 0461374124 RESP_END
091 1 0460363504 REWARD_END
092 0 0463044716 STIM_START
092 0 0464143356 STIM_END_RESP_START
092 0 0465343400 RESP_END
093 1 0467072868 STIM_START
093 1 0467606564 LICK
093 1 0467774908 LICK
093 1 0468171512 STIM_END_RESP_START
093 1 0469371560 RESP_END
094 0 0471206924 STIM_START
094 0 0472305568 STIM_END_RESP_START
094 0 0473505612 RESP_END
095 1 0475312076 STIM_START
095 1 0475759836 LICK
095 1 0475942488 LICK
095 1 0476190116 LICK
095 1 0476396720 LICK
095 1 0476410744 STIM_END_RESP_START
095 1 0476599180 LICK
095 1 0476599672 REWARD_START
095 1 0476773236 LICK
095 1 0476943300 LICK
095 1 0477113704 LICK
095 1 0477326232 LICK
095 1 0477610780 RESP_END
095 1 0476690176 REWARD_END
096 0 0479241316 STIM_START
096 0 0479689568 LICK
096 0 0480339960 STIM_END_RESP_START
096 0 0481540004 RESP_END
097 1 0484748688 STIM_START
097 1 0485183560 LICK
097 1 0485347964 LICK
097 1 0485555876 LICK
097 1 0485847352 STIM_END_RESP_START
097 1 0485951252 LICK
097 1 0485951744 REWARD_START
097 1 0486139016 LICK
097 1 0486472952 LICK
097 1 0486684956 LICK
097 1 0486862072 LICK
097 1 0487047396 RESP_END
097 1 0486042256 REWARD_END
098 0 0488794912 STIM_START
098 0 0489321184 LICK
098 0 0489893576 STIM_END_RESP_START
098 0 0491093624 RESP_END
099 1 0492750152 STIM_START
099 1 0492971936 LICK
099 1 0493682488 LICK
099 1 0493848792 STIM_END_RESP_START
099 1 0493865508 LICK
099 1 0493866000 REWARD_START
099 1 0494085140 LICK
099 1 0495048820 RESP_END
099 1 0493956496 REWARD_END
100 1 0496775364 STIM_START
100 1 0497100860 LICK
100 1 0497302712 LICK
100 1 0497874024 STIM_END_RESP_START
100 1 0499074072 RESP_END
101 1 0500853448 STIM_START
101 1 0501343852 LICK
101 1 0501952088 STIM_END_RESP_START
101 1 0502174388 LICK
101 1 0502174880 REWARD_START
101 1 0502345940 LICK
101 1 0503152108 RESP_END
101 1 0502265380 REWARD_END
102 0 0505123364 STIM_START
102 0 0506222012 STIM_END_RESP_START
102 0 0507422060 RESP_END
103 1 0509492132 STIM_START
103 1 0510379908 LICK
103 1 0510557452 LICK
103 1 0510590772 STIM_END_RESP_START
103 1 0510722668 LICK
103 1 0510723160 REWARD_START
103 1 0510891308 LICK
103 1 0511030604 LICK
103 1 0511186320 LICK
103 1 0511379704 LICK
103 1 0511691560 LICK
103 1 0511790792 RESP_END
103 1 0510813676 REWARD_END
104 0 0518004952 STIM_START
104 0 0518389748 LICK
104 0 0518993500 LICK
104 0 0519103612 STIM_END_RESP_START
104 0 0519179880 LICK
104 0 0519180372 TIMEOUT_START
104 0 0519619888 LICK
104 0 0519620372 TIMEOUT_START
104 0 0519794836 LICK
104 0 0519795320 TIMEOUT_START
104 0 0520303660 RESP_END
104 0 0526795824 TIMEOUT_END
105 1 0528530364 STIM_START
105 1 0529015148 LICK
105 1 0529178160 LICK
105 1 0529629032 STIM_END_RESP_START
105 1 0529828696 LICK
105 1 0529829184 REWARD_START
105 1 0530004904 LICK
105 1 0530183980 LICK
105 1 0530829044 RESP_END
105 1 0529919688 REWARD_END
106 1 0532511584 STIM_START
106 1 0532810028 LICK
106 1 0533464880 LICK
106 1 0533610228 STIM_END_RESP_START
106 1 0533635112 LICK
106 1 0533635596 REWARD_START
106 1 0533822932 LICK
106 1 0533988112 LICK
106 1 0534182628 LICK
106 1 0534337940 LICK
106 1 0534501008 LICK
106 1 0534703692 LICK
106 1 0534810244 RESP_END
106 1 0533726100 REWARD_END
107 1 0536740556 STIM_START
107 1 0537009520 LICK
107 1 0537839212 STIM_END_RESP_START
107 1 0538392308 LICK
107 1 0538392800 REWARD_START
107 1 0539039252 RESP_END
107 1 0538483308 REWARD_END
108 0 0540809684 STIM_START
108 0 0541908332 STIM_END_RESP_START
108 0 0543108376 RESP_END
109 0 0545056632 STIM_START
109 0 0546155284 STIM_END_RESP_START
109 0 0547355328 RESP_END
110 0 0548962932 STIM_START
110 0 0550061584 STIM_END_RESP_START
110 0 0551261628 RESP_END
111 1 0554427404 STIM_START
111 1 0554923112 LICK
111 1 0555084072 LICK
111 1 0555526060 STIM_END_RESP_START
111 1 0556726104 RESP_END
112 1 0559431416 STIM_START
112 1 0559869172 LICK
112 1 0560062028 LICK
112 1 0560530068 STIM_END_RESP_START
112 1 0560951252 LICK
112 1 0560951744 REWARD_START
112 1 0561132440 LICK
112 1 0561730104 RESP_END
112 1 0561042252 REWARD_END
113 1 0563467592 STIM_START
113 1 0564500488 LICK
113 1 0564566228 STIM_END_RESP_START
113 1 0564643512 LICK
113 1 0564644004 REWARD_START
113 1 0564935396 LICK
113 1 0565105084 LICK
113 1 0565292316 LICK
113 1 0565629628 LICK
113 1 0565766260 RESP_END
113 1 0564734500 REWARD_END
114 0 0568704324 STIM_START
114 0 0568963512 LICK
114 0 0569802964 STIM_END_RESP_START
114 0 0570121628 LICK
114 0 0570122116 TIMEOUT_START
114 0 0570341616 LICK
114 0 0570342104 TIMEOUT_START
114 0 0571002988 RESP_END
114 0 0577342608 TIMEOUT_END
115 1 0579138816 STIM_START
115 1 0579816428 LICK
115 1 0579992952 LICK
115 1 0580178736 LICK
115 1 0580237452 STIM_END_RESP_START
115 1 0580760668 LICK
115 1 0580761156 REWARD_START
115 1 0580968200 LICK
115 1 0581437480 RESP_END
115 1 0580851660 REWARD_END
116 0 0583380788 STIM_START
116 0 0584193104 LICK
116 0 0584479460 STIM_END_RESP_START
116 0 0585679504 RESP_END
117 1 0587387940 STIM_START
117 1 0587952228 LICK
117 1 0588110868 LICK
117 1 0588283188 LICK
117 1 0588486572 STIM_END_RESP_START
117 1 0588662896 LICK
117 1 0588663380 REWARD_START
117 1 0588915080 LICK
117 1 0589169452 LICK
117 1 0589373040 LICK
117 1 0589580988 LICK
117 1 0589686604 RESP_END
117 1 0588753888 REWARD_END
118 0 0591830664 STIM_START
118 0 0592465264 LICK
118 0 0592929304 STIM_END_RESP_START
118 0 0594129348 RESP_END
119 0 0596078584 STIM_START
119 0 0597177232 STIM_END_RESP_START
119 0 0597642080 LICK
119 0 0597642572 TIMEOUT_START
119 0 0597835736 LICK
119 0 0597836228 TIMEOUT_START
119 0 0598377256 RESP_END
119 0 0604836728 TIMEOUT_END
120 1 0606509088 STIM_START
120 1 0607282992 LICK
120 1 0607458380 LICK
120 1 0607607724 STIM_END_RESP_START
120 1 0607628412 LICK
120 1 0607628896 REWARD_START
120 1 0607820176 LICK
120 1 0608017468 LICK
120 1 0608215288 LICK
120 1 0608409276 LICK
120 1 0608560796 LICK
120 1 0608730208 LICK
120 1 0608807748 RESP_END
120 1 0607719408 REWARD_END
121 0 0610953788 STIM_START
121 0 0612052440 STIM_END_RESP_START
121 0 0612243280 LICK
121 0 0612243772 TIMEOUT_START
121 0 0612447208 LICK
121 0 0612447700 TIMEOUT_START
121 0 0613252460 RESP_END
121 0 0619448208 TIMEOUT_END
122 0 0621218472 STIM_START
122 0 0621277052 LICK
122 0 0621477464 LICK
122 0 0621881152 LICK
122 0 0622317120 STIM_END_RESP_START
122 0 0622657148 LICK
122 0 0622657640 TIMEOUT_START
122 0 0622891920 LICK
122 0 0622892412 TIMEOUT_START
122 0 0623122792 LICK
122 0 0623123276 TIMEOUT_START
122 0 0623517160 RESP_END
122 0 0630123792 TIMEOUT_END
123 1 0631723956 STIM_START
123 1 0632149132 LICK
123 1 0632324844 LICK
123 1 0632527368 LICK
123 1 0632822600 STIM_END_RESP_START
123 1 0632986868 LICK
123 1 0632987356 REWARD_START
123 1 0633149044 LICK
123 1 0633366092 LICK
123 1 0633600248 LICK
123 1 0634022644 RESP_END
123 1 0633077864 REWARD_END
124 1 0637472036 STIM_START
124 1 0637731836 LICK
124 1 0637952356 LICK
124 1 0638490548 LICK
124 1 0638570700 STIM_END_RESP_START
124 1 0638681760 LICK
124 1 0638682252 REWARD_START
124 1 0638873856 LICK
124 1 0639075080 LICK
124 1 0639267812 LICK
124 1 0639676204 LICK
124 1 0639770740 RESP_END
124 1 0638772752 REWARD_END
125 0 0642177380 STIM_START
125 0 0643276028 STIM_END_RESP_START
125 0 0644476076 RESP_END
126 0 0646518240 STIM_START
126 0 0647616892 STIM_END_RESP_START
126 0 0648816936 RESP_END
127 1 0650443540 STIM_START
127 1 0650740332 LICK
127 1 0651347608 LICK
127 1 0651531180 LICK
127 1 0651542180 STIM_END_RESP_START
127 1 0651706976 LICK
127 1 0651707468 REWARD_START
127 1 0652168516 LICK
127 1 0652742200 RESP_END
127 1 0651797976 REWARD_END
128 0 0654972112 STIM_START
128 0 0656070764 STIM_END_RESP_START
128 0 0657270808 RESP_END
129 0 0659221980 STIM_START
129 0 0660320632 STIM_END_RESP_START
129 0 0661520676 RESP_END
130 0 0663219216 STIM_START
130 0 0664317860 STIM_END_RESP_START
130 0 0664650232 LICK
130 0 0664650716 TIMEOUT_START
130 0 0664866116 LICK
130 0 0664866600 TIMEOUT_START
130 0 0665517900 RESP_END
130 0 0671867100 TIMEOUT_END
131 1 0673663756 STIM_START
131 1 0673964740 LICK
131 1 0674699932 LICK
131 1 0674762400 STIM_END_RESP_START
131 1 0674860376 LICK
131 1 0674860860 REWARD_START
131 1 0675072860 LICK
131 1 0675227260 LICK
131 1 0675397420 LICK
131 1 0675962424 RESP_END
131 1 0674951364 REWARD_END
132 1 0678629836 STIM_START
132 1 0679148360 LICK
132 1 0679728484 STIM_END_RESP_START
132 1 0679784444 LICK
132 1 0679784936 REWARD_START
132 1 0679968784 LICK
132 1 0680928524 RESP_END
132 1 0679875440 REWARD_END
133 1 0682966628 STIM_START
133 1 0683883812 LICK
133 1 0684065288 STIM_END_RESP_START
133 1 0684068948 LICK
133 1 0684069432 REWARD_START
133 1 0684235608 LICK
133 1 0684910380 LICK
133 1 0685071036 LICK
133 1 0685255508 LICK
133 1 0685265308 RESP_END
133 1 0684159948 REWARD_END
134 0 0687367372 STIM_START
134 0 0688466024 STIM_END_RESP_START
134 0 0689666068 RESP_END
135 0 0691614268 STIM_START
135 0 0692429312 LICK
135 0 0692619100 LICK
135 0 0692712936 STIM_END_RESP_START
135 0 0693912980 RESP_END
136 1 0695970096 STIM_START
136 1 0696650832 LICK
136 1 0696814416 LICK
136 1 0696985512 LICK
136 1 0697068736 STIM_END_RESP_START
136 1 0698268780 RESP_END
137 0 0700315884 STIM_START
137 0 0701414536 STIM_END_RESP_START
137 0 0702614580 RESP_END
138 0 0704204196 STIM_START
138 0 0705130144 LICK
138 0 0705302840 STIM_END_RESP_START
138 0 0706502884 RESP_END
139 0 0708435128 STIM_START
139 0 0709533780 STIM_END_RESP_START
139 0 0710733820 RESP_END
140 1 0712771952 STIM_START
140 1 0713462160 LICK
140 1 0713826860 LICK
140 1 0713870584 STIM_END_RESP_START
140 1 0714096828 LICK
140 1 0714097316 REWARD_START
140 1 0714254992 LICK
140 1 0714669720 LICK
140 1 0715070620 RESP_END
140 1 0714187824 REWARD_END
141 1 0716666312 STIM_START
141 1 0717272928 LICK
141 1 0717429956 LICK
141 1 0717764964 STIM_END_RESP_START
141 1 0718965004 RESP_END
142 0 0720960184 STIM_START
142 0 0722058844 STIM_END_RESP_START
142 0 0723258888 RESP_END
143 1 0724947428 STIM_START
143 1 0725662184 LICK
143 1 0725843284 LICK
143 1 0726032648 LICK
143 1 0726046096 STIM_END_RESP_START
143 1 0726217964 LICK
143 1 0726218452 REWARD_START
143 1 0726384132 LICK
143 1 0726973420 LICK
143 1 0727161080 LICK
143 1 0727246136 RESP_END
143 1 0726308968 REWARD_END
144 0 0728862768 STIM_START
144 0 0729798564 LICK
144 0 0729961436 STIM_END_RESP_START
144 0 0731161480 RESP_END
145 0 0732951844 STIM_START
145 0 0734023568 LICK
145 0 0734050488 STIM_END_RESP_START
145 0 0734206828 LICK
145 0 0734207320 TIMEOUT_START
145 0 0734432168 LICK
145 0 0734432656 TIMEOUT_START
145 0 0735250512 RESP_END
145 0 0741433156 TIMEOUT_END
146 0 0743226584 STIM_START
146 0 0744010716 LICK
146 0 0744179088 LICK
146 0 0744325228 STIM_END_RESP_START
146 0 0745525272 RESP_END
147 1 0747401540 STIM_START
147 1 0748061920 LICK
147 1 0748244340 LICK
147 1 0748409516 LICK
147 1 0748500184 STIM_END_RESP_START
147 1 0749700228 RESP_END
148 0 0751600552 STIM_START
148 0 0752365996 LICK
148 0 0752699200 STIM_END_RESP_START
148 0 0753899244 RESP_END
149 0 0755919456 STIM_START
149 0 0756589880 LICK
149 0 0757018084 STIM_END_RESP_START
149 0 0757202096 LICK
149 0 0757202580 TIMEOUT_START
149 0 0757368416 LICK
149 0 0757368904 TIMEOUT_START
149 0 0758218096 RESP_END
149 0 0764369412 TIMEOUT_END
150 0 0766325936 STIM_START
150 0 0767424588 STIM_END_RESP_START
150 0 0767447108 LICK
150 0 0767447596 TIMEOUT_START
150 0 0767619404 LICK
150 0 0767619888 TIMEOUT_START
150 0 0768624632 RESP_END
150 0 0774620396 TIMEOUT_END
151 1 0776575700 STIM_START
151 1 0776715292 LICK
151 1 0777557576 LICK
151 1 0777674360 STIM_END_RESP_START
151 1 0777731940 LICK
151 1 0777732432 REWARD_START
151 1 0778874388 RESP_END
151 1 0777822940 REWARD_END
152 0 0780825596 STIM_START
152 0 0781924248 STIM_END_RESP_START
152 0 0783124292 RESP_END
153 1 0784891708 STIM_START
153 1 0785724376 LICK
153 1 0785892260 LICK
153 1 0785990352 STIM_END_RESP_START
153 1 0787190400 RESP_END
154 1 0789109668 STIM_START
154 1 0789841432 LICK
154 1 0790010196 LICK
154 1 0790208316 STIM_END_RESP_START
154 1 0790463508 LICK
154 1 0790463996 REWARD_START
154 1 0790749544 LICK
154 1 0790934200 LICK
154 1 0791408336 RESP_END
154 1 0790554500 REWARD_END
155 1 0793426552 STIM_START
155 1 0794202688 LICK
155 1 0794342544 LICK
155 1 0794525208 STIM_END_RESP_START
155 1 0795725252 RESP_END
156 0 0797467720 STIM_START
156 0 0798566368 STIM_END_RESP_START
156 0 0799170336 LICK
156 0 0799170832 TIMEOUT_START
156 0 0799766380 RESP_END
156 0 0806171340 TIMEOUT_END
157 1 0808197884 STIM_START
157 1 0808973980 LICK
157 1 0809138004 LICK
157 1 0809296536 STIM_END_RESP_START
157 1 0810496580 RESP_END
158 0 0812428804 STIM_START
158 0 0813349828 LICK
158 0 0813516624 LICK
158 0 0813527472 STIM_END_RESP_START
158 0 0813727788 LICK
158 0 0813728272 TIMEOUT_START
158 0 0813925004 LICK
158 0 0813925496 TIMEOUT_START
158 0 0814727484 RESP_END
158 0 0820926000 TIMEOUT_END
159 0 0822988176 STIM_START
159 0 0823941564 LICK
159 0 0824086828 STIM_END_RESP_START
159 0 0824244932 LICK
159 0 0824245424 TIMEOUT_START
159 0 0824392344 LICK
159 0 0824392836 TIMEOUT_START
159 0 0824941452 LICK
159 0 0824941944 TIMEOUT_START
159 0 0825286864 RESP_END
159 0 0831942452 TIMEOUT_END
160 1 0833992984 STIM_START
160 1 0834635272 LICK
160 1 0834797448 LICK
160 1 0834966092 LICK
160 1 0835091628 STIM_END_RESP_START
160 1 0836291676 RESP_END
161 1 0838170984 STIM_START
161 1 0838979156 LICK
161 1 0839269648 STIM_END_RESP_START
161 1 0839819708 LICK
161 1 0839820192 REWARD_START
161 1 0839974876 LICK
161 1 0840469696 RESP_END
161 1 0839910708 REWARD_END
162 1 0842296044 STIM_START
162 1 0843103808 LICK
162 1 0843262132 LICK
162 1 0843394708 STIM_END_RESP_START
162 1 0843433180 LICK
162 1 0843433664 REWARD_START
162 1 0843676456 LICK
162 1 0843848764 LICK
162 1 0844594740 RESP_END
162 1 0843524180 REWARD_END
163 0 0846502048 STIM_START
163 0 0847058940 LICK
163 0 0847205280 LICK
163 0 0847600692 STIM_END_RESP_START
163 0 0848800728 RESP_END
164 0 0850855864 STIM_START
164 0 0851954516 STIM_END_RESP_START
164 0 0853154560 RESP_END
165 0 0855225588 STIM_START
165 0 0856324240 STIM_END_RESP_START
165 0 0857524280 RESP_END
166 1 0859258824 STIM_START
166 1 0860074524 LICK
166 1 0860253992 LICK
166 1 0860357484 STIM_END_RESP_START
166 1 0861557528 RESP_END
167 0 0863193108 STIM_START
167 0 0864291756 STIM_END_RESP_START
167 0 0865491800 RESP_END
168 1 0867364112 STIM_START
168 1 0868158256 LICK
168 1 0868289900 LICK
168 1 0868462776 STIM_END_RESP_START
168 1 0869662820 RESP_END
169 1 0871260456 STIM_START
169 1 0872088924 LICK
169 1 0872303948 LICK
169 1 0872359124 STIM_END_RESP_START
169 1 0872524028 LICK
169 1 0872524512 REWARD_START
169 1 0872680852 LICK
169 1 0873005492 LICK
169 1 0873180824 LICK
169 1 0873559156 RESP_END
169 1 0872615016 REWARD_END
170 1 0875148812 STIM_START
170 1 0875861256 LICK
170 1 0875986052 LICK
170 1 0876247452 STIM_END_RESP_START
170 1 0876957132 LICK
170 1 0876957616 REWARD_START
170 1 0877447472 RESP_END
170 1 0877048132 REWARD_END
171 0 0879343804 STIM_START
171 0 0880442456 STIM_END_RESP_START
171 0 0881642496 RESP_END
172 0 0883711584 STIM_START
172 0 0884810240 STIM_END_RESP_START
172 0 0886010280 RESP_END
173 0 0887635856 STIM_START
173 0 0888734508 STIM_END_RESP_START
173 0 0889934552 RESP_END
174 1 0891565140 STIM_START
174 1 0892188960 LICK
174 1 0892342516 LICK
174 1 0892533160 LICK
174 1 0892663796 STIM_END_RESP_START
174 1 0892705276 LICK
174 1 0892705760 REWARD_START
174 1 0892911104 LICK
174 1 0893256344 LICK
174 1 0893687936 LICK
174 1 0893854020 LICK
174 1 0893863816 RESP_END
174 1 0892796264 REWARD_END
175 0 0897142480 STIM_START
175 0 0898241120 STIM_END_RESP_START
175 0 0899441164 RESP_END
176 1 0901089780 STIM_START
176 1 0901983980 LICK
176 1 0902188432 STIM_END_RESP_START
176 1 0902877988 LICK
176 1 0902878480 REWARD_START
176 1 0903059592 LICK
176 1 0903388464 RESP_END
176 1 0902968980 REWARD_END
177 1 0905072032 STIM_START
177 1 0905760232 LICK
177 1 0906170676 STIM_END_RESP_START
177 1 0906344476 LICK
177 1 0906344964 REWARD_START
177 1 0906489204 LICK
177 1 0907370724 RESP_END
177 1 0906435460 REWARD_END
178 0 0909008308 STIM_START
178 0 0910106948 STIM_END_RESP_START
178 0 0911306992 RESP_END
179 0 0912961592 STIM_START
179 0 0914060232 STIM_END_RESP_START
179 0 0915260280 RESP_END
180 0 0916911860 STIM_START
180 0 0918010512 STIM_END_RESP_START
180 0 0918379144 LICK
180 0 0918379640 TIMEOUT_START
180 0 0918564824 LICK
180 0 0918565316 TIMEOUT_START
180 0 0918737220 LICK
180 0 0918737704 TIMEOUT_START
180 0 0918903984 LICK
180 0 0918904472 TIMEOUT_START
180 0 0919210552 RESP_END
180 0 0925904976 TIMEOUT_END
181 1 0927602088 STIM_START
181 1 0928700756 STIM_END_RESP_START
181 1 0928737648 LICK
181 1 0928738136 REWARD_START
181 1 0928911816 LICK
181 1 0929088532 LICK
181 1 0929262876 LICK
181 1 0929803016 LICK
181 1 0929900788 RESP_END
181 1 0928828648 REWARD_END
182 1 0931627264 STIM_START
182 1 0931953912 LICK
182 1 0932144092 LICK
182 1 0932363240 LICK
182 1 0932725912 STIM_END_RESP_START
182 1 0932966608 LICK
182 1 0932967092 REWARD_START
182 1 0933194012 LICK
182 1 0933422736 LICK
182 1 0933610020 LICK
182 1 0933925928 RESP_END
182 1 0933057604 REWARD_END
183 0 0935751360 STIM_START
183 0 0936327196 LICK
183 0 0936472152 LICK
183 0 0936850024 STIM_END_RESP_START
183 0 0938050068 RESP_END
184 0 0940024200 STIM_START
184 0 0941122852 STIM_END_RESP_START
184 0 0942322896 RESP_END
185 1 0944334076 STIM_START
185 1 0945432724 STIM_END_RESP_START
185 1 0946632772 RESP_END
186 0 0948460136 STIM_START
186 0 0949084612 LICK
186 0 0949558812 STIM_END_RESP_START
186 0 0950758856 RESP_END
187 0 0952569188 STIM_START
187 0 0953667840 STIM_END_RESP_START
187 0 0954867884 RESP_END
188 1 0956815168 STIM_START
188 1 0957781036 LICK
188 1 0957913816 STIM_END_RESP_START
188 1 0957969180 LICK
188 1 0957969672 REWARD_START
188 1 0959113860 RESP_END
188 1 0958060180 REWARD_END
189 0 0961131948 STIM_START
189 0 0962230596 STIM_END_RESP_START
189 0 0963430644 RESP_END
190 0 0967140780 STIM_START
190 0 0968239432 STIM_END_RESP_START
190 0 0969439480 RESP_END
191 0 0971347812 STIM_START
191 0 0972308596 LICK
191 0 0972446444 STIM_END_RESP_START
191 0 0973646488 RESP_END
192 1 0975441828 STIM_START
192 1 0975997152 LICK
192 1 0976119828 LICK
192 1 0976278560 LICK
192 1 0976540472 STIM_END_RESP_START
192 1 0977094780 LICK
192 1 0977095268 REWARD_START
192 1 0977740496 RESP_END
192 1 0977185776 REWARD_END
193 1 0979708776 STIM_START
193 1 0980807432 STIM_END_RESP_START
193 1 0981107936 LICK
193 1 0981108424 REWARD_START
193 1 0981263792 LICK
193 1 0981446256 LICK
193 1 0981635168 LICK
193 1 0981833064 LICK
193 1 0982007468 RESP_END
193 1 0981198932 REWARD_END
194 1 0983868784 STIM_START
194 1 0984585000 LICK
194 1 0984731824 LICK
194 1 0984893696 LICK
194 1 0984967452 STIM_END_RESP_START
194 1 0986167496 RESP_END
195 0 0988200652 STIM_START
195 0 0989299300 STIM_END_RESP_START
195 0 0990499344 RESP_END
196 1 0992306732 STIM_START
196 1 0993202896 LICK
196 1 0993405384 STIM_END_RESP_START
196 1 0993720560 LICK
196 1 0993721044 REWARD_START
196 1 0993887672 LICK
196 1 0994605400 RESP_END
196 1 0993811560 REWARD_END
197 1 0996546656 STIM_START
197 1 0997645304 STIM_END_RESP_START
197 1 0998845348 RESP_END
198 1 1000535884 STIM_START
198 1 1001360836 LICK
198 1 1001517288 LICK
198 1 1001634552 STIM_END_RESP_START
198 1 1001688804 LICK
198 1 1001689344 REWARD_START
198 1 1002834604 RESP_END
198 1 1001779896 REWARD_END
199 0 1006661544 STIM_START
199 0 1007125252 LICK
199 0 1007760188 STIM_END_RESP_START
199 0 1008960212 RESP_END
200 0 1010648776 STIM_START
200 0 1011747444 STIM_END_RESP_START
200 0 1012947468 RESP_END
201 0 1014557104 STIM_START
201 0 1015420496 LICK
201 0 1015655756 STIM_END_RESP_START
201 0 1016855784 RESP_END
202 1 1018632256 STIM_START
202 1 1019491916 LICK
202 1 1019661180 LICK
202 1 1019730916 STIM_END_RESP_START
202 1 1020723140 LICK
202 1 1020723684 REWARD_START
202 1 1020922976 LICK
202 1 1020930952 RESP_END
202 1 1020814248 REWARD_END
203 0 1022591504 STIM_START
203 0 1023690140 STIM_END_RESP_START
203 0 1024890168 RESP_END
204 0 1026847412 STIM_START
204 0 1027946080 STIM_END_RESP_START
204 0 1029146100 RESP_END
205 1 1031214152 STIM_START
205 1 1031995840 LICK
205 1 1032143900 LICK
205 1 1032312812 STIM_END_RESP_START
205 1 1033512836 RESP_END
206 1 1035292288 STIM_START
206 1 1035917784 LICK
206 1 1036071100 LICK
206 1 1036390944 STIM_END_RESP_START
206 1 1037121212 LICK
206 1 1037121752 REWARD_START
206 1 1037285016 LICK
206 1 1037590984 RESP_END
206 1 1037212308 REWARD_END
207 1 1039291552 STIM_START
207 1 1040390204 STIM_END_RESP_START
207 1 1040403644 LICK
207 1 1040404176 REWARD_START
207 1 1040586964 LICK
207 1 1040764716 LICK
207 1 1040927916 LICK
207 1 1041111780 LICK
207 1 1041488836 LICK
207 1 1041590232 RESP_END
207 1 1040494732 REWARD_END
208 0 1047181068 STIM_START
208 0 1047765076 LICK
208 0 1048279708 STIM_END_RESP_START
208 0 1049479736 RESP_END
209 1 1051276232 STIM_START
209 1 1052042916 LICK
209 1 1052208936 LICK
209 1 1052374888 STIM_END_RESP_START
209 1 1052392916 LICK
209 1 1052393448 REWARD_START
209 1 1053574900 RESP_END
209 1 1052484020 REWARD_END
210 1 1055667912 STIM_START
210 1 1056390304 LICK
210 1 1056551256 LICK
210 1 1056766572 STIM_END_RESP_START
210 1 1057966596 RESP_END
211 1 1059614252 STIM_START
211 1 1060319596 LICK
211 1 1060471336 LICK
211 1 1060712908 STIM_END_RESP_START
211 1 1061912932 RESP_END
212 0 1063851184 STIM_START
212 0 1064949852 STIM_END_RESP_START
212 0 1066149872 RESP_END
213 1 1067959272 STIM_START
213 1 1068340248 LICK
213 1 1068905580 LICK
213 1 1069057936 STIM_END_RESP_START
213 1 1069083700 LICK
213 1 1069084232 REWARD_START
213 1 1069259596 LICK
213 1 1070257984 RESP_END
213 1 1069174796 REWARD_END
214 1 1072318044 STIM_START
214 1 1073016500 LICK
214 1 1073221436 LICK
214 1 1073416716 STIM_END_RESP_START
214 1 1074616740 RESP_END
215 1 1076591896 STIM_START
215 1 1077143616 LICK
215 1 1077286364 LICK
215 1 1077475356 LICK
215 1 1077690556 STIM_END_RESP_START
215 1 1078890580 RESP_END
216 0 1080811892 STIM_START
216 0 1081910556 STIM_END_RESP_START
216 0 1083110580 RESP_END
217 0 1084758128 STIM_START
217 0 1085856796 STIM_END_RESP_START
217 0 1087056812 RESP_END
218 1 1090673080 STIM_START
218 1 1091469048 LICK
218 1 1091614328 LICK
218 1 1091771728 STIM_END_RESP_START
218 1 1091797076 LICK
218 1 1091797612 REWARD_START
218 1 1092971744 RESP_END
218 1 1091888176 REWARD_END
219 1 1094894056 STIM_START
219 1 1095992724 STIM_END_RESP_START
219 1 1097192748 RESP_END
220 1 1099183920 STIM_START
220 1 1100282552 STIM_END_RESP_START
220 1 1100518612 LICK
220 1 1100519148 REWARD_START
220 1 1100687684 LICK
220 1 1101059660 LICK
220 1 1101482592 RESP_END
220 1 1100609712 REWARD_END
221 0 1103345916 STIM_START
221 0 1104444548 STIM_END_RESP_START
221 0 1105644572 RESP_END
222 1 1107393160 STIM_START
222 1 1108491824 STIM_END_RESP_START
222 1 1108726948 LICK
222 1 1108727480 REWARD_START
222 1 1108895824 LICK
222 1 1109057132 LICK
222 1 1109235916 LICK
222 1 1109691848 RESP_END
222 1 1108818040 REWARD_END
223 0 1111597104 STIM_START
223 0 1112695764 STIM_END_RESP_START
223 0 1113050976 LICK
223 0 1113051512 TIMEOUT_START
223 0 1113228176 LICK
223 0 1113228716 TIMEOUT_START
223 0 1113895784 RESP_END
223 0 1120229268 TIMEOUT_END
224 0 1121940736 STIM_START
224 0 1123039400 STIM_END_RESP_START
224 0 1124239428 RESP_END
225 1 1126172728 STIM_START
225 1 1127180700 LICK
225 1 1127271364 STIM_END_RESP_START
225 1 1127805636 LICK
225 1 1127806176 REWARD_START
225 1 1128040164 LICK
225 1 1128217052 LICK
225 1 1128414228 LICK
225 1 1128471400 RESP_END
225 1 1127896740 REWARD_END
226 1 1131652064 STIM_START
226 1 1131990700 LICK
226 1 1132143120 LICK
226 1 1132750720 STIM_END_RESP_START
226 1 1132879824 LICK
226 1 1132880364 REWARD_START
226 1 1133062884 LICK
226 1 1133241516 LICK
226 1 1133950748 RESP_END
226 1 1132970920 REWARD_END
227 0 1135876048 STIM_START
227 0 1136605332 LICK
227 0 1136739184 LICK
227 0 1136974676 STIM_END_RESP_START
227 0 1138174704 RESP_END
228 1 1140473548 STIM_START
228 1 1141363540 LICK
228 1 1141518164 LICK
228 1 1141572216 STIM_END_RESP_START
228 1 1141685524 LICK
228 1 1141686056 REWARD_START
228 1 1142004224 LICK
228 1 1142173304 LICK
228 1 1142339004 LICK
228 1 1142537352 LICK
228 1 1142772236 RESP_END
228 1 1141776616 REWARD_END
229 0 1145649356 STIM_START
229 0 1146448788 LICK
229 0 1146748028 STIM_END_RESP_START
229 0 1147948052 RESP_END
230 0 1149737440 STIM_START
230 0 1150836108 STIM_END_RESP_START
230 0 1152036132 RESP_END
231 1 1153852548 STIM_START
231 1 1154486772 LICK
231 1 1154618204 LICK
231 1 1154802828 LICK
231 1 1154951212 STIM_END_RESP_START
231 1 1156151228 RESP_END
232 1 1158083532 STIM_START
232 1 1159182196 STIM_END_RESP_START
232 1 1160382220 RESP_END
233 0 1162150580 STIM_START
233 0 1163249244 STIM_END_RESP_START
233 0 1164449268 RESP_END
234 0 1166339612 STIM_START
234 0 1167438240 STIM_END_RESP_START
234 0 1168638264 RESP_END
235 0 1171737132 STIM_START
235 0 1172835784 STIM_END_RESP_START
235 0 1174035812 RESP_END
236 1 1175863216 STIM_START
236 1 1176849812 LICK
236 1 1176961880 STIM_END_RESP_START
236 1 1177035428 LICK
236 1 1177035968 REWARD_START
236 1 1178161908 RESP_END
236 1 1177126528 REWARD_END
237 0 1180154108 STIM_START
237 0 1181252776 STIM_END_RESP_START
237 0 1181379140 LICK
237 0 1181379676 TIMEOUT_START
237 0 1181545672 LICK
237 0 1181546204 TIMEOUT_START
237 0 1182452804 RESP_END
237 0 1188546772 TIMEOUT_END
238 1 1190636528 STIM_START
238 1 1191735196 STIM_END_RESP_START
238 1 1191768012 LICK
238 1 1191768552 REWARD_START
238 1 1191907704 LICK
238 1 1192135204 LICK
238 1 1192505856 LICK
238 1 1192659536 LICK
238 1 1192829024 LICK
238 1 1192935216 RESP_END
238 1 1191859112 REWARD_END
239 1 1195884268 STIM_START
239 1 1196243228 LICK
239 1 1196414828 LICK
239 1 1196982924 STIM_END_RESP_START
239 1 1198182948 RESP_END
240 1 1200206112 STIM_START
240 1 1201304776 STIM_END_RESP_START
240 1 1201718288 LICK
240 1 1201718824 REWARD_START
240 1 1201858136 LICK
240 1 1202504820 RESP_END
240 1 1201809392 REWARD_END
241 0 1204473000 STIM_START
241 0 1205571668 STIM_END_RESP_START
241 0 1206771688 RESP_END
242 1 1208807816 STIM_START
242 1 1209847344 LICK
242 1 1209906468 STIM_END_RESP_START
242 1 1209999196 LICK
242 1 1209999736 REWARD_START
242 1 1210652348 LICK
242 1 1210896624 LICK
242 1 1211106496 RESP_END
242 1 1210090296 REWARD_END
243 1 1213183604 STIM_START
243 1 1213949252 LICK
243 1 1214103612 LICK
243 1 1214282256 STIM_END_RESP_START
243 1 1215482280 RESP_END
244 1 1217190816 STIM_START
244 1 1218289484 STIM_END_RESP_START
244 1 1218708212 LICK
244 1 1218708752 REWARD_START
244 1 1218894340 LICK
244 1 1219085748 LICK
244 1 1219299764 LICK
244 1 1219489524 RESP_END
244 1 1218799304 REWARD_END
245 0 1224009656 STIM_START
245 0 1225108320 STIM_END_RESP_START
245 0 1226308348 RESP_END
246 0 1228302496 STIM_START
246 0 1229401164 STIM_END_RESP_START
246 0 1229695220 LICK
246 0 1229695752 TIMEOUT_START
246 0 1229894336 LICK
246 0 1229894872 TIMEOUT_START
246 0 1230373836 LICK
246 0 1230374372 TIMEOUT_START
246 0 1230601196 RESP_END
246 0 1237374936 TIMEOUT_END
247 0 1239030680 STIM_START
247 0 1240129308 STIM_END_RESP_START
247 0 1241329332 RESP_END
248 1 1243398448 STIM_START
248 1 1244497116 STIM_END_RESP_START
248 1 1244819780 LICK
248 1 1244820312 REWARD_START
248 1 1244973948 LICK
248 1 1245575032 LICK
248 1 1245697160 RESP_END
248 1 1244910880 REWARD_END
249 0 1247534520 STIM_START
249 0 1248633188 STIM_END_RESP_START
249 0 1249833216 RESP_END
250 1 1251522760 STIM_START
250 1 1252621428 STIM_END_RESP_START
250 1 1253156116 LICK
250 1 1253156648 REWARD_START
250 1 1253373220 LICK
250 1 1253821480 RESP_END
250 1 1253247208 REWARD_END
251 1 1255826548 STIM_START
251 1 1256925216 STIM_END_RESP_START
251 1 1258125236 RESP_END
252 1 1260112480 STIM_START
252 1 1261211144 STIM_END_RESP_START
252 1 1261451672 LICK
252 1 1261452204 REWARD_START
252 1 1261606116 LICK
252 1 1261776044 LICK
252 1 1262411172 RESP_END
252 1 1261542780 REWARD_END
253 0 1264357396 STIM_START
253 0 1265456056 STIM_END_RESP_START
253 0 1266656080 RESP_END
254 1 1268653208 STIM_START
254 1 1269751876 STIM_END_RESP_START
254 1 1269782668 LICK
254 1 1269783200 REWARD_START
254 1 1269938580 LICK
254 1 1270121524 LICK
254 1 1270951896 RESP_END
254 1 1269873768 REWARD_END
255 0 1272722340 STIM_START
255 0 1273821004 STIM_END_RESP_START
255 0 1275021032 RESP_END
256 1 1276988280 STIM_START
256 1 1277955852 LICK
256 1 1278086948 STIM_END_RESP_START
256 1 1278128180 LICK
256 1 1278128716 REWARD_START
256 1 1278314896 LICK
256 1 1278480744 LICK
256 1 1278650880 LICK
256 1 1278787216 LICK
256 1 1278940704 LICK
256 1 1279095380 LICK
256 1 1279286976 RESP_END
256 1 1278219292 REWARD_END
257 0 1283386608 STIM_START
257 0 1283751452 LICK
257 0 1284485248 STIM_END_RESP_START
257 0 1284606136 LICK
257 0 1284606668 TIMEOUT_START
257 0 1284808288 LICK
257 0 1284808824 TIMEOUT_START
257 0 1284992404 LICK
257 0 1284992932 TIMEOUT_START
257 0 1285685300 RESP_END
257 0 1291993488 TIMEOUT_END
258 0 1294017900 STIM_START
258 0 1294746408 LICK
258 0 1294871936 LICK
258 0 1295116540 STIM_END_RESP_START
258 0 1295966708 LICK
258 0 1295967248 TIMEOUT_START
258 0 1296316568 RESP_END
258 0 1302967812 TIMEOUT_END
259 0 1304895892 STIM_START
259 0 1305994548 STIM_END_RESP_START
259 0 1307194572 RESP_END
260 1 1308860132 STIM_START
260 1 1309526496 LICK
260 1 1309705620 LICK
260 1 1309958800 STIM_END_RESP_START
260 1 1310387328 LICK
260 1 1310387864 REWARD_START
260 1 1310641512 LICK
260 1 1311158840 RESP_END
260 1 1310478440 REWARD_END
261 1 1314365584 STIM_START
261 1 1314766908 LICK
261 1 1315464232 STIM_END_RESP_START
261 1 1316664252 RESP_END
262 1 1318571588 STIM_START
262 1 1319670256 STIM_END_RESP_START
262 1 1320870280 RESP_END
263 0 1322586772 STIM_START
263 0 1323685440 STIM_END_RESP_START
263 0 1324885464 RESP_END
264 1 1326939560 STIM_START
264 1 1327919520 LICK
264 1 1328038208 STIM_END_RESP_START
264 1 1328075868 LICK
264 1 1328076404 REWARD_START
264 1 1328672664 LICK
264 1 1329238244 RESP_END
264 1 1328166960 REWARD_END
265 0 1331085584 STIM_START
265 0 1332184256 STIM_END_RESP_START
265 0 1333384276 RESP_END
266 1 1335319528 STIM_START
266 1 1336418192 STIM_END_RESP_START
266 1 1337618216 RESP_END
267 1 1339650300 STIM_START
267 1 1340748968 STIM_END_RESP_START
267 1 1341948992 RESP_END
268 1 1343796384 STIM_START
268 1 1344630332 LICK
268 1 1344826752 LICK
268 1 1344895028 STIM_END_RESP_START
268 1 1345247308 LICK
268 1 1345247840 REWARD_START
268 1 1346095056 RESP_END
268 1 1345338416 REWARD_END
269 0 1348071300 STIM_START
269 0 1349169968 STIM_END_RESP_START
269 0 1350369988 RESP_END
270 1 1352062508 STIM_START
270 1 1353161172 STIM_END_RESP_START
270 1 1354361196 RESP_END
271 1 1355957860 STIM_START
271 1 1357020292 LICK
271 1 1357056504 STIM_END_RESP_START
271 1 1357216760 LICK
271 1 1357217296 REWARD_START
271 1 1357396332 LICK
271 1 1357862664 LICK
271 1 1358039660 LICK
271 1 1358256548 RESP_END
271 1 1357307852 REWARD_END
272 1 1359921144 STIM_START
272 1 1360780808 LICK
272 1 1360928372 LICK
272 1 1361019808 STIM_END_RESP_START
272 1 1362219832 RESP_END
273 0 1363922284 STIM_START
273 0 1365020944 STIM_END_RESP_START
273 0 1366220968 RESP_END
274 0 1368152264 STIM_START
274 0 1369250932 STIM_END_RESP_START
274 0 1370450956 RESP_END
275 0 1372300324 STIM_START
275 0 1373204196 LICK
275 0 1373398976 STIM_END_RESP_START
275 0 1374599004 RESP_END
276 1 1376294528 STIM_START
276 1 1377393192 STIM_END_RESP_START
276 1 1377438884 LICK
276 1 1377439416 REWARD_START
276 1 1377623420 LICK
276 1 1378593224 RESP_END
276 1 1377529976 REWARD_END
277 1 1380365620 STIM_START
277 1 1381464284 STIM_END_RESP_START
277 1 1382664308 RESP_END
278 1 1384273988 STIM_START
278 1 1385372644 STIM_END_RESP_START
278 1 1386572668 RESP_END
279 0 1393777580 STIM_START
279 0 1394876244 STIM_END_RESP_START
279 0 1395362172 LICK
279 0 1395362704 TIMEOUT_START
279 0 1396076284 RESP_END
279 0 1402363256 TIMEOUT_END
280 0 1404769436 STIM_START
280 0 1405690208 LICK
280 0 1405866124 LICK
280 0 1405868088 STIM_END_RESP_START
280 0 1406589900 LICK
280 0 1406590440 TIMEOUT_START
280 0 1407068112 RESP_END
280 0 1413590988 TIMEOUT_END
281 1 1415490676 STIM_START
281 1 1416589344 STIM_END_RESP_START
281 1 1416899840 LICK
281 1 1416900372 REWARD_START
281 1 1417789360 RESP_END
281 1 1416990936 REWARD_END
282 1 1419449940 STIM_START
282 1 1420506632 LICK
282 1 1420548604 STIM_END_RESP_START
282 1 1421101944 LICK
282 1 1421102488 REWARD_START
282 1 1421748644 RESP_END
282 1 1421193052 REWARD_END
283 1 1423928576 STIM_START
283 1 1424452972 LICK
283 1 1425027240 STIM_END_RESP_START
283 1 1426227264 RESP_END
284 0 1430599604 STIM_START
284 0 1431698272 STIM_END_RESP_START
284 0 1432898296 RESP_END
285 1 1434546872 STIM_START
285 1 1435645540 STIM_END_RESP_START
285 1 1435709744 LICK
285 1 1435710276 REWARD_START
285 1 1435871004 LICK
285 1 1436845580 RESP_END
285 1 1435800844 REWARD_END
286 1 1438766792 STIM_START
286 1 1439841500 LICK
286 1 1439865436 STIM_END_RESP_START
286 1 1440262416 LICK
286 1 1440262948 REWARD_START
286 1 1440523708 LICK
286 1 1440743972 LICK
286 1 1441065452 RESP_END
286 1 1440353512 REWARD_END
287 0 1442971800 STIM_START
287 0 1444070468 STIM_END_RESP_START
287 0 1444860680 LICK
287 0 1444861220 TIMEOUT_START
287 0 1445066520 LICK
287 0 1445067060 TIMEOUT_START
287 0 1445270488 RESP_END
287 0 1452067620 TIMEOUT_END
288 0 1453963672 STIM_START
288 0 1454250396 LICK
288 0 1454458072 LICK
288 0 1455062348 STIM_END_RESP_START
288 0 1455565088 LICK
288 0 1455565620 TIMEOUT_START
288 0 1456262392 RESP_END
288 0 1462566188 TIMEOUT_END
289 0 1464565952 STIM_START
289 0 1465664616 STIM_END_RESP_START
289 0 1466864632 RESP_END
290 1 1468500252 STIM_START
290 1 1469598904 STIM_END_RESP_START
290 1 1470798928 RESP_END
291 0 1472549512 STIM_START
291 0 1473648180 STIM_END_RESP_START
291 0 1474848204 RESP_END
292 1 1476876272 STIM_START
292 1 1477974936 STIM_END_RESP_START
292 1 1479174964 RESP_END
293 0 1480787612 STIM_START
293 0 1481886276 STIM_END_RESP_START
293 0 1482200492 LICK
293 0 1482201024 TIMEOUT_START
293 0 1482383836 LICK
293 0 1482384368 TIMEOUT_START
293 0 1483086316 RESP_END
293 0 1489384920 TIMEOUT_END
294 0 1491386920 STIM_START
294 0 1492485588 STIM_END_RESP_START
294 0 1492873532 LICK
294 0 1492874068 TIMEOUT_START
294 0 1493685636 RESP_END
294 0 1499874636 TIMEOUT_END
295 0 1501469868 STIM_START
295 0 1502568536 STIM_END_RESP_START
295 0 1503768552 RESP_END
296 1 1505804660 STIM_START
296 1 1506903328 STIM_END_RESP_START
296 1 1507009652 LICK
296 1 1507010188 REWARD_START
296 1 1507168384 LICK
296 1 1507359156 LICK
296 1 1508103360 RESP_END
296 1 1507100756 REWARD_END
297 0 1510090536 STIM_START
297 0 1511189204 STIM_END_RESP_START
297 0 1511541828 LICK
297 0 1511542360 TIMEOUT_START
297 0 1512389224 RESP_END
297 0 1518542920 TIMEOUT_END
298 0 1520450120 STIM_START
298 0 1521548788 STIM_END_RESP_START
298 0 1522748812 RESP_END
299 0 1524505400 STIM_START
299 0 1525604036 STIM_END_RESP_START
299 0 1525800552 LICK
299 0 1525801088 TIMEOUT_START
299 0 1526804084 RESP_END
299 0 1532801628 TIMEOUT_END
300 1 1534666132 STIM_START
300 1 1535410692 LICK
300 1 1535580636 LICK
300 1 1535764772 STIM_END_RESP_START
300 1 1536964796 RESP_END
301 1 1538692432 STIM_START
301 1 1539791100 STIM_END_RESP_START
301 1 1540991124 RESP_END
302 0 1542700568 STIM_START
302 0 1543799232 STIM_END_RESP_START
302 0 1544999260 RESP_END
303 1 1547088396 STIM_START
303 1 1548187060 STIM_END_RESP_START
303 1 1549387088 RESP_END
304 0 1551564984 STIM_START
304 0 1552663648 STIM_END_RESP_START
304 0 1553262524 LICK
304 0 1553263064 TIMEOUT_START
304 0 1553444356 LICK
304 0 1553444896 TIMEOUT_START
304 0 1553863704 RESP_END
304 0 1560445456 TIMEOUT_END
305 0 1562345092 STIM_START
305 0 1563443720 STIM_END_RESP_START
305 0 1564643744 RESP_END
306 1 1566594008 STIM_START
306 1 1567485308 LICK
306 1 1567639012 LICK
306 1 1567692648 STIM_END_RESP_START
306 1 1568892680 RESP_END
307 0 1570583256 STIM_START
307 0 1571681888 STIM_END_RESP_START
307 0 1572881912 RESP_END
308 0 1574776228 STIM_START
308 0 1575874896 STIM_END_RESP_START
308 0 1577074920 RESP_END
309 1 1578971176 STIM_START
309 1 1579480752 LICK
309 1 1579644048 LICK
309 1 1580069820 STIM_END_RESP_START
309 1 1581269844 RESP_END
310 1 1583153220 STIM_START
310 1 1583971008 LICK
310 1 1584121688 LICK
310 1 1584251872 STIM_END_RESP_START
310 1 1585451896 RESP_END
311 0 1587152428 STIM_START
311 0 1588251096 STIM_END_RESP_START
311 0 1589451124 RESP_END
312 1 1591211588 STIM_START
312 1 1592264092 LICK
312 1 1592310252 STIM_END_RESP_START
312 1 1592398760 LICK
312 1 1592399300 REWARD_START
312 1 1592556988 LICK
312 1 1593510268 RESP_END
312 1 1592489860 REWARD_END
313 0 1595139900 STIM_START
313 0 1596238568 STIM_END_RESP_START
313 0 1596398496 LICK
313 0 1596399036 TIMEOUT_START
313 0 1596532248 LICK
313 0 1596532784 TIMEOUT_START
313 0 1597438588 RESP_END
313 0 1603533336 TIMEOUT_END
314 0 1605349700 STIM_START
314 0 1606448364 STIM_END_RESP_START
314 0 1607648388 RESP_END
315 0 1609500708 STIM_START
315 0 1610599368 STIM_END_RESP_START
315 0 1610762864 LICK
315 0 1610763400 TIMEOUT_START
315 0 1610885256 LICK
315 0 1610885788 TIMEOUT_START
315 0 1611799412 RESP_END
315 0 1617886352 TIMEOUT_END
316 1 1619605680 STIM_START
316 1 1620704348 STIM_END_RESP_START
316 1 1621904368 RESP_END
317 0 1623675844 STIM_START
317 0 1624774512 STIM_END_RESP_START
317 0 1625337416 LICK
317 0 1625337956 TIMEOUT_START
317 0 1625974544 RESP_END
317 0 1632338520 TIMEOUT_END
318 1 1633946444 STIM_START
318 1 1635045108 STIM_END_RESP_START
318 1 1635490872 LICK
318 1 1635491408 REWARD_START
318 1 1635657032 LICK
318 1 1635822268 LICK
318 1 1636003968 LICK
318 1 1636197512 LICK
318 1 1636245128 RESP_END
318 1 1635581980 REWARD_END
319 1 1639086340 STIM_START
319 1 1639862256 LICK
319 1 1640014528 LICK
319 1 1640184980 STIM_END_RESP_START
319 1 1641069984 LICK
319 1 1641070516 REWARD_START
319 1 1641385000 RESP_END
319 1 1641161084 REWARD_END
320 0 1643212436 STIM_START
320 0 1644125860 LICK
320 0 1644311096 STIM_END_RESP_START
320 0 1645511120 RESP_END
321 0 1647517280 STIM_START
321 0 1648615948 STIM_END_RESP_START
321 0 1649499716 LICK
321 0 1649500252 TIMEOUT_START
321 0 1649815976 RESP_END
321 0 1656500816 TIMEOUT_END
322 1 1658548076 STIM_START
322 1 1659646744 STIM_END_RESP_START
322 1 1660014644 LICK
322 1 1660015176 REWARD_START
322 1 1660224112 LICK
322 1 1660846764 RESP_END
322 1 1660105756 REWARD_END
323 0 1662891844 STIM_START
323 0 1663990476 STIM_END_RESP_START
323 0 1665190500 RESP_END
324 0 1667098848 STIM_START
324 0 1668197512 STIM_END_RESP_START
324 0 1669397536 RESP_END
325 1 1671374716 STIM_START
325 1 1672473384 STIM_END_RESP_START
325 1 1672839144 LICK
325 1 1672839680 REWARD_START
325 1 1673065720 LICK
325 1 1673251812 LICK
325 1 1673673424 RESP_END
325 1 1672930252 REWARD_END
326 1 1675332032 STIM_START
326 1 1676430700 STIM_END_RESP_START
326 1 1677539780 LICK
326 1 1677540316 REWARD_START
326 1 1677630916 RESP_END
326 1 1677630880 REWARD_END
327 0 1679610892 STIM_START
327 0 1680709556 STIM_END_RESP_START
327 0 1681384340 LICK
327 0 1681384876 TIMEOUT_START
327 0 1681909576 RESP_END
327 0 1688385432 TIMEOUT_END
328 0 1690389988 STIM_START
328 0 1691488656 STIM_END_RESP_START
328 0 1692688676 RESP_END
329 1 1694422180 STIM_START
329 1 1695520844 STIM_END_RESP_START
329 1 1696069944 LICK
329 1 1696070476 REWARD_START
329 1 1696720892 RESP_END
329 1 1696161036 REWARD_END
330 0 1698436416 STIM_START
330 0 1699535080 STIM_END_RESP_START
330 0 1700735104 RESP_END
331 0 1702440556 STIM_START
331 0 1703539220 STIM_END_RESP_START
331 0 1704739244 RESP_END
332 0 1706387840 STIM_START
332 0 1707486508 STIM_END_RESP_START
332 0 1708686532 RESP_END
333 1 1710534952 STIM_START
333 1 1711633616 STIM_END_RESP_START
333 1 1711898880 LICK
333 1 1711899412 REWARD_START
333 1 1712056836 LICK
333 1 1712833652 RESP_END
333 1 1711989976 REWARD_END
334 0 1714815808 STIM_START
334 0 1715914476 STIM_END_RESP_START
334 0 1717114500 RESP_END
335 0 1719182588 STIM_START
335 0 1720281256 STIM_END_RESP_START
335 0 1721481284 RESP_END
336 1 1723371596 STIM_START
336 1 1724470252 STIM_END_RESP_START
336 1 1725670276 RESP_END
337 0 1727369768 STIM_START
337 0 1728468432 STIM_END_RESP_START
337 0 1729668460 RESP_END
338 0 1731297112 STIM_START
338 0 1732395780 STIM_END_RESP_START
338 0 1733595804 RESP_END
339 0 1735643928 STIM_START
339 0 1736742596 STIM_END_RESP_START
339 0 1737942616 RESP_END
340 1 1739597148 STIM_START
340 1 1740695816 STIM_END_RESP_START
340 1 1741895840 RESP_END
341 1 1743944996 STIM_START
341 1 1744884200 LICK
341 1 1745031548 LICK
341 1 1745043636 STIM_END_RESP_START
341 1 1746243656 RESP_END
342 1 1747970188 STIM_START
342 1 1749068852 STIM_END_RESP_START
342 1 1750268872 RESP_END
343 0 1752178128 STIM_START
343 0 1753276796 STIM_END_RESP_START
343 0 1754476824 RESP_END
344 1 1756346120 STIM_START
344 1 1757444788 STIM_END_RESP_START
344 1 1758644812 RESP_END
345 0 1760540136 STIM_START
345 0 1761638804 STIM_END_RESP_START
345 0 1762838824 RESP_END
346 1 1764591352 STIM_START
346 1 1765690016 STIM_END_RESP_START
346 1 1766294868 LICK
346 1 1766295400 REWARD_START
346 1 1766444228 LICK
346 1 1766890040 RESP_END
346 1 1766385972 REWARD_END
347 0 1768719380 STIM_START
347 0 1769818040 STIM_END_RESP_START
347 0 1771018064 RESP_END
348 0 1772724596 STIM_START
348 0 1773823224 STIM_END_RESP_START
348 0 1775023248 RESP_END
349 0 1776616936 STIM_START
349 0 1777715604 STIM_END_RESP_START
349 0 1778915628 RESP_END
350 1 1780870852 STIM_START
350 1 1781969520 STIM_END_RESP_START
350 1 1783169544 RESP_END
351 1 1785016884 STIM_START
351 1 1786115552 STIM_END_RESP_START
351 1 1787315576 RESP_END
352 0 1789086032 STIM_START
352 0 1790184700 STIM_END_RESP_START
352 0 1791384728 RESP_END
353 0 1793134184 STIM_START
353 0 1794232852 STIM_END_RESP_START
353 0 1795432876 RESP_END
354 1 1797144392 STIM_START
354 1 1798243060 STIM_END_RESP_START
354 1 1799443084 RESP_END
355 1 1801217556 STIM_START
355 1 1802316224 STIM_END_RESP_START
355 1 1803516248 RESP_END
356 1 1805126848 STIM_START
356 1 1806225512 STIM_END_RESP_START
356 1 1807425532 RESP_END
357 0 1809034188 STIM_START
357 0 1810132856 STIM_END_RESP_START
357 0 1811332880 RESP_END
358 1 1812950504 STIM_START
358 1 1814049172 STIM_END_RESP_START
358 1 1815249196 RESP_END
359 0 1816897792 STIM_START
359 0 1817996460 STIM_END_RESP_START
359 0 1819196484 RESP_END
360 1 1821024864 STIM_START
360 1 1822123532 STIM_END_RESP_START
360 1 1823323556 RESP_END
361 1 1825076012 STIM_START
361 1 1826174676 STIM_END_RESP_START
361 1 1827374704 RESP_END
362 0 1828962372 STIM_START
362 0 1830061032 STIM_END_RESP_START
362 0 1831261056 RESP_END
363 1 1833248244 STIM_START
363 1 1834346912 STIM_END_RESP_START
363 1 1835546940 RESP_END
364 1 1837317408 STIM_START
364 1 1838416076 STIM_END_RESP_START
364 1 1839616096 RESP_END
365 0 1841231660 STIM_START
365 0 1842330328 STIM_END_RESP_START
365 0 1843530352 RESP_END
366 1 1846598284 STIM_START
366 1 1847179328 LICK
366 1 1847318836 LICK
366 1 1847495136 LICK
366 1 1847696936 STIM_END_RESP_START
366 1 1848896960 RESP_END
367 0 1851671204 STIM_START
367 0 1851995408 LICK
367 0 1852769844 STIM_END_RESP_START
367 0 1853331528 LICK
367 0 1853332060 TIMEOUT_START
367 0 1853498692 LICK
367 0 1853499224 TIMEOUT_START
367 0 1853969888 RESP_END
367 0 1860499780 TIMEOUT_END
368 0 1865293912 STIM_START
368 0 1866392572 STIM_END_RESP_START
368 0 1867592596 RESP_END
369 0 1869511828 STIM_START
369 0 1870610496 STIM_END_RESP_START
369 0 1871810516 RESP_END
370 1 1873462096 STIM_START
370 1 1874121492 LICK
370 1 1874289612 LICK
370 1 1874560764 STIM_END_RESP_START
370 1 1875760788 RESP_END
371 1 1877818912 STIM_START
371 1 1877839488 LICK
371 1 1877985492 LICK
371 1 1878777620 LICK
371 1 1878917580 STIM_END_RESP_START
371 1 1878956704 LICK
371 1 1878957248 REWARD_START
371 1 1880117628 RESP_END
371 1 1879047808 REWARD_END
372 0 1882175684 STIM_START
372 0 1883274316 STIM_END_RESP_START
372 0 1884474336 RESP_END
373 0 1888967604 STIM_START
373 0 1889835692 LICK
373 0 1890002524 LICK
373 0 1890066268 STIM_END_RESP_START
373 0 1891266292 RESP_END
374 1 1893125616 STIM_START
374 1 1893473948 LICK
374 1 1893619852 LICK
374 1 1894224272 STIM_END_RESP_START
374 1 1894548592 LICK
374 1 1894549124 REWARD_START
374 1 1894687244 LICK
374 1 1895424304 RESP_END
374 1 1894639684 REWARD_END
375 1 1897147836 STIM_START
375 1 1898024160 LICK
375 1 1898212288 LICK
375 1 1898246492 STIM_END_RESP_START
375 1 1899446508 RESP_END
376 0 1901426720 STIM_START
376 0 1902162504 LICK
376 0 1902525376 STIM_END_RESP_START
376 0 1903725404 RESP_END
377 1 1905686588 STIM_START
377 1 1906287368 LICK
377 1 1906476932 LICK
377 1 1906785264 STIM_END_RESP_START
377 1 1907985292 RESP_END
378 0 1910046392 STIM_START
378 0 1910957280 LICK
378 0 1911084224 LICK
378 0 1911145024 STIM_END_RESP_START
378 0 1912345048 RESP_END
379 1 1914151452 STIM_START
379 1 1914865112 LICK
379 1 1915042204 LICK
379 1 1915250092 STIM_END_RESP_START
379 1 1916450116 RESP_END
380 1 1919310276 STIM_START
380 1 1920040100 LICK
380 1 1920238012 LICK
380 1 1920408912 STIM_END_RESP_START
380 1 1920893444 LICK
380 1 1920893984 REWARD_START
380 1 1921608932 RESP_END
380 1 1920984536 REWARD_END
381 0 1923460332 STIM_START
381 0 1924559000 STIM_END_RESP_START
381 0 1925759024 RESP_END
382 1 1927411612 STIM_START
382 1 1928510280 STIM_END_RESP_START
382 1 1929105256 LICK
382 1 1929105796 REWARD_START
382 1 1929344504 LICK
382 1 1929710320 RESP_END
382 1 1929196364 REWARD_END
383 0 1931409816 STIM_START
383 0 1932207096 LICK
383 0 1932508452 STIM_END_RESP_START
383 0 1933708480 RESP_END
384 1 1935655740 STIM_START
384 1 1936754408 STIM_END_RESP_START
384 1 1937954432 RESP_END
385 1 1939724892 STIM_START
385 1 1940412376 LICK
385 1 1940585836 LICK
385 1 1940795844 LICK
385 1 1940823544 STIM_END_RESP_START
385 1 1940963404 LICK
385 1 1940963940 REWARD_START
385 1 1941140416 LICK
385 1 1941487140 LICK
385 1 1942023588 RESP_END
385 1 1941054512 REWARD_END
386 1 1944948604 STIM_START
386 1 1946047272 STIM_END_RESP_START
386 1 1947247296 RESP_END
387 0 1948862956 STIM_START
387 0 1949961588 STIM_END_RESP_START
387 0 1951161612 RESP_END
388 0 1952755308 STIM_START
388 0 1953853976 STIM_END_RESP_START
388 0 1955054004 RESP_END
389 0 1956821468 STIM_START
389 0 1957920096 STIM_END_RESP_START
389 0 1959120120 RESP_END
390 1 1960912540 STIM_START
390 1 1961780052 LICK
390 1 1961929528 LICK
390 1 1962011192 STIM_END_RESP_START
390 1 1963211216 RESP_END
391 1 1965248368 STIM_START
391 1 1966347040 STIM_END_RESP_START
391 1 1967547060 RESP_END
392 0 1969336488 STIM_START
392 0 1970356852 LICK
392 0 1970435140 STIM_END_RESP_START
392 0 1970517212 LICK
392 0 1970517744 TIMEOUT_START
392 0 1970710712 LICK
392 0 1970711248 TIMEOUT_START
392 0 1970900148 LICK
392 0 1970900684 TIMEOUT_START
392 0 1971635168 RESP_END
392 0 1977901240 TIMEOUT_END
393 1 1979904844 STIM_START
393 1 1981003508 STIM_END_RESP_START
393 1 1982203536 RESP_END
USER_EXIT