001 1 0190106008 STIM_START
001 1 0190751180 LICK
001 1 0191204632 STIM_END_RESP_START
001 1 0191663016 LICK
001 1 0191663508 REWARD_START
001 1 0191840044 LICK
001 1 0192032748 LICK
001 1 0192218396 LICK
001 1 0192404672 RESP_END
001 1 0191694008 REWARD_END
002 1 0194512720 STIM_START
002 1 0195611368 STIM_END_RESP_START
002 1 0196811412 RESP_END
003 1 0199355892 STIM_START
003 1 0200454544 STIM_END_RESP_START
003 1 0201654584 RESP_END
004 0 0203674680 STIM_START
004 0 0204773324 STIM_END_RESP_START
004 0 0205973372 RESP_END
005 0 0207928552 STIM_START
005 0 0208327088 LICK
005 0 0209027204 STIM_END_RESP_START
005 0 0209148328 LICK
005 0 0209148812 TIMEOUT_START
005 0 0209321040 LICK
005 0 0209321524 TIMEOUT_START
005 0 0209507784 LICK
005 0 0209508272 TIMEOUT_START
005 0 0210227232 RESP_END
005 0 0216508776 TIMEOUT_END
006 1 0218392004 STIM_START
006 1 0219490652 STIM_END_RESP_START
006 1 0220690696 RESP_END
007 0 0222409184 STIM_START
007 0 0223507836 STIM_END_RESP_START
007 0 0224707880 RESP_END
008 0 0226580144 STIM_START
008 0 0227639324 LICK
008 0 0227678780 STIM_END_RESP_START
008 0 0228878824 RESP_END
009 0 0230759132 STIM_START
009 0 0231857780 STIM_END_RESP_START
009 0 0233057820 RESP_END
010 1 0235127844 STIM_START
010 1 0235877388 LICK
010 1 0236056476 LICK
010 1 0236226500 STIM_END_RESP_START
010 1 0236604520 LICK
010 1 0236605004 REWARD_START
010 1 0236788224 LICK
010 1 0237133160 LICK
010 1 0237426536 RESP_END
010 1 0236635520 REWARD_END
011 0 0239073160 STIM_START
011 0 0240171812 STIM_END_RESP_START
011 0 0241371856 RESP_END
012 1 0243022376 STIM_START
012 1 0244121024 STIM_END_RESP_START
012 1 0245321068 RESP_END
013 0 0247107492 STIM_START
013 0 0248206140 STIM_END_RESP_START
013 0 0249406184 RESP_END
014 1 0252794644 STIM_START
014 1 0253690808 LICK
014 1 0253893300 STIM_END_RESP_START
014 1 0254685792 LICK
014 1 0254686284 REWARD_START
014 1 0254862848 LICK
014 1 0255030628 LICK
014 1 0255093316 RESP_END
014 1 0254716792 REWARD_END
015 1 0257432072 STIM_START
015 1 0258380000 LICK
015 1 0258530728 STIM_END_RESP_START
015 1 0258536780 LICK
015 1 0258537272 REWARD_START
015 1 0258715056 LICK
015 1 0258891756 LICK
015 1 0259093332 LICK
015 1 0259421088 LICK
015 1 0259730768 RESP_END
015 1 0258567784 REWARD_END
016 0 0261608040 STIM_START
016 0 0262659180 LICK
016 0 0262706684 STIM_END_RESP_START
016 0 0262788132 LICK
016 0 0262788616 TIMEOUT_START
016 0 0262909152 LICK
016 0 0262909632 TIMEOUT_START
016 0 0263083732 LICK
016 0 0263084220 TIMEOUT_START
016 0 0263268184 LICK
016 0 0263268672 TIMEOUT_START
016 0 0263453988 LICK
016 0 0263454472 TIMEOUT_START
016 0 0263906708 RESP_END
016 0 0270454984 TIMEOUT_END
017 1 0272070468 STIM_START
017 1 0272622512 LICK
017 1 0272811512 LICK
017 1 0273169108 STIM_END_RESP_START
017 1 0273496932 LICK
017 1 0273497424 REWARD_START
017 1 0273684044 LICK
017 1 0273844732 LICK
017 1 0274007292 LICK
017 1 0274177988 LICK
017 1 0274369156 RESP_END
017 1 0273527920 REWARD_END
018 1 0276053664 STIM_START
018 1 0276343140 LICK
018 1 0276500060 LICK
018 1 0276672204 LICK
018 1 0276863724 LICK
018 1 0277085240 LICK
018 1 0277152312 STIM_END_RESP_START
018 1 0277233200 LICK
018 1 0277233692 REWARD_START
018 1 0277405556 LICK
018 1 0277558408 LICK
018 1 0277710072 LICK
018 1 0278352360 RESP_END
018 1 0277264200 REWARD_END
019 0 0280204672 STIM_START
019 0 0280435264 LICK
019 0 0280647156 LICK
019 0 0280829328 LICK
019 0 0281026176 LICK
019 0 0281203596 LICK
019 0 0281303312 STIM_END_RESP_START
019 0 0281390396 LICK
019 0 0281390880 TIMEOUT_START
019 0 0281557896 LICK
019 0 0281558388 TIMEOUT_START
019 0 0281731088 LICK
019 0 0281731572 TIMEOUT_START
019 0 0281913660 LICK
019 0 0281914144 TIMEOUT_START
019 0 0282294148 LICK
019 0 0282294640 TIMEOUT_START
019 0 0282503352 RESP_END
019 0 0289295136 TIMEOUT_END
020 0 0292831504 STIM_START
020 0 0292955008 LICK
020 0 0293908388 LICK
020 0 0293930168 STIM_END_RESP_START
020 0 0294115068 LICK
020 0 0294115560 TIMEOUT_START
020 0 0294308304 LICK
020 0 0294308788 TIMEOUT_START
020 0 0294439980 LICK
020 0 0294440464 TIMEOUT_START
020 0 0294585832 LICK
020 0 0294586316 TIMEOUT_START
020 0 0295130200 RESP_END
020 0 0301586820 TIMEOUT_END
021 0 0303173052 STIM_START
021 0 0304271704 STIM_END_RESP_START
021 0 0305471748 RESP_END
022 1 0307100340 STIM_START
022 1 0307862628 LICK
022 1 0308047848 LICK
022 1 0308198996 STIM_END_RESP_START
022 1 0308222228 LICK
022 1 0308222712 REWARD_START
022 1 0308422328 LICK
022 1 0308581436 LICK
022 1 0308764768 LICK
022 1 0309003400 LICK
022 1 0309399020 RESP_END
022 1 0308253228 REWARD_END
023 1 0311019624 STIM_START
023 1 0311675540 LICK
023 1 0311801744 LICK
023 1 0311997120 LICK
023 1 0312118276 STIM_END_RESP_START
023 1 0313318316 RESP_END
024 0 0315087728 STIM_START
024 0 0316186376 STIM_END_RESP_START
024 0 0316373092 LICK
024 0 0316373580 TIMEOUT_START
024 0 0316539952 LICK
024 0 0316540436 TIMEOUT_START
024 0 0317386392 RESP_END
024 0 0323540932 TIMEOUT_END
025 1 0325549160 STIM_START
025 1 0326214304 LICK
025 1 0326385304 LICK
025 1 0326563648 LICK
025 1 0326647804 STIM_END_RESP_START
025 1 0326726748 LICK
025 1 0326727232 REWARD_START
025 1 0326892332 LICK
025 1 0327062920 LICK
025 1 0327236892 LICK
025 1 0327406456 LICK
025 1 0327623048 LICK
025 1 0327847820 RESP_END
025 1 0326757748 REWARD_END
026 1 0332753444 STIM_START
026 1 0333263396 LICK
026 1 0333436324 LICK
026 1 0333852080 STIM_END_RESP_START
026 1 0334066308 LICK
026 1 0334066800 REWARD_START
026 1 0334240672 LICK
026 1 0334404360 LICK
026 1 0334561040 LICK
026 1 0334752400 LICK
026 1 0335052120 RESP_END
026 1 0334097308 REWARD_END
027 1 0336910496 STIM_START
027 1 0337369220 LICK
027 1 0337545016 LICK
027 1 0337723108 LICK
027 1 0337906272 LICK
027 1 0338009136 STIM_END_RESP_START
027 1 0338064944 LICK
027 1 0338065432 REWARD_START
027 1 0338247244 LICK
027 1 0338381048 LICK
027 1 0338532144 LICK
027 1 0338691960 LICK
027 1 0339209168 RESP_END
027 1 0338095940 REWARD_END
028 0 0341347156 STIM_START
028 0 0342296624 LICK
028 0 0342445820 STIM_END_RESP_START
028 0 0342472388 LICK
028 0 0342472876 TIMEOUT_START
028 0 0342663308 LICK
028 0 0342663792 TIMEOUT_START
028 0 0343645844 RESP_END
028 0 0349664292 TIMEOUT_END
029 1 0351620836 STIM_START
029 1 0352192164 LICK
029 1 0352370172 LICK
029 1 0352575780 LICK
029 1 0352719488 STIM_END_RESP_START
029 1 0352740544 LICK
029 1 0352741028 REWARD_START
029 1 0352916616 LICK
029 1 0353077948 LICK
029 1 0353242016 LICK
029 1 0353919508 RESP_END
029 1 0352771544 REWARD_END
030 0 0355879656 STIM_START
030 0 0356978304 STIM_END_RESP_START
030 0 0357832324 LICK
030 0 0357832816 TIMEOUT_START
030 0 0358020176 LICK
030 0 0358020660 TIMEOUT_START
030 0 0358178352 RESP_END
030 0 0365021176 TIMEOUT_END
031 1 0366745628 STIM_START
031 1 0367147968 LICK
031 1 0367312676 LICK
031 1 0367491904 LICK
031 1 0367678808 LICK
031 1 0367844248 STIM_END_RESP_START
031 1 0367863624 LICK
031 1 0367864116 REWARD_START
031 1 0368025880 LICK
031 1 0368197044 LICK
031 1 0368365544 LICK
031 1 0368556280 LICK
031 1 0369044288 RESP_END
031 1 0367894612 REWARD_END
032 1 0370758792 STIM_START
032 1 0370910148 LICK
032 1 0371086260 LICK
032 1 0371857452 STIM_END_RESP_START
032 1 0372801188 LICK
032 1 0372801676 REWARD_START
032 1 0372989216 LICK
032 1 0373057468 RESP_END
032 1 0372832184 REWARD_END
033 1 0375738792 STIM_START
033 1 0376254936 LICK
033 1 0376449052 LICK
033 1 0376612700 LICK
033 1 0376781212 LICK
033 1 0376837420 STIM_END_RESP_START
033 1 0376979828 LICK
033 1 0376980316 REWARD_START
033 1 0377175620 LICK
033 1 0377331804 LICK
033 1 0377475772 LICK
033 1 0378037440 RESP_END
033 1 0377010828 REWARD_END
034 0 0379852828 STIM_START
034 0 0380266796 LICK
034 0 0380424376 LICK
034 0 0380951488 STIM_END_RESP_START
034 0 0382151532 RESP_END
035 0 0385565984 STIM_START
035 0 0386664632 STIM_END_RESP_START
035 0 0387864676 RESP_END
036 1 0389854820 STIM_START
036 1 0390440156 LICK
036 1 0390566608 LICK
036 1 0390759964 LICK
036 1 0390953448 STIM_END_RESP_START
036 1 0390960252 LICK
036 1 0390960744 REWARD_START
036 1 0391835096 LICK
036 1 0392022756 LICK
036 1 0392153468 RESP_END
036 1 0390991248 REWARD_END
037 1 0394039752 STIM_START
037 1 0395138400 STIM_END_RESP_START
037 1 0395166544 LICK
037 1 0395167036 REWARD_START
037 1 0395357200 LICK
037 1 0395514024 LICK
037 1 0395679608 LICK
037 1 0396338444 RESP_END
037 1 0395197532 REWARD_END
038 1 0400592936 STIM_START
038 1 0401218212 LICK
038 1 0401371632 LICK
038 1 0401555020 LICK
038 1 0401691580 STIM_END_RESP_START
038 1 0401738644 LICK
038 1 0401739136 REWARD_START
038 1 0401897148 LICK
038 1 0402065656 LICK
038 1 0402237764 LICK
038 1 0402869564 LICK
038 1 0402891612 RESP_END
038 1 0401769632 REWARD_END
039 0 0405026568 STIM_START
039 0 0406054504 LICK
039 0 0406125200 STIM_END_RESP_START
039 0 0406207968 LICK
039 0 0406208456 TIMEOUT_START
039 0 0406397888 LICK
039 0 0406398380 TIMEOUT_START
039 0 0407325232 RESP_END
039 0 0413398884 TIMEOUT_END
040 1 0415114420 STIM_START
040 1 0416213068 STIM_END_RESP_START
040 1 0416229416 LICK
040 1 0416229900 REWARD_START
040 1 0416434236 LICK
040 1 0416598264 LICK
040 1 0416776552 LICK
040 1 0417413116 RESP_END
040 1 0416260396 REWARD_END
041 0 0419077692 STIM_START
041 0 0419399964 LICK
041 0 0420176328 STIM_END_RESP_START
041 0 0420216520 LICK
041 0 0420217008 TIMEOUT_START
041 0 0420416808 LICK
041 0 0420417288 TIMEOUT_START
041 0 0420593380 LICK
041 0 0420593868 TIMEOUT_START
041 0 0420809568 LICK
041 0 0420810056 TIMEOUT_START
041 0 0421376356 RESP_END
041 0 0427810556 TIMEOUT_END
042 0 0429863736 STIM_START
042 0 0430885508 LICK
042 0 0430962372 STIM_END_RESP_START
042 0 0431080540 LICK
042 0 0431081024 TIMEOUT_START
042 0 0431276356 LICK
042 0 0431276840 TIMEOUT_START
042 0 0432162388 RESP_END
042 0 0438277344 TIMEOUT_END
043 1 0440193256 STIM_START
043 1 0440709244 LICK
043 1 0440886672 LICK
043 1 0441077244 LICK
043 1 0441226216 LICK
043 1 0441291912 STIM_END_RESP_START
043 1 0441391904 LICK
043 1 0441392396 REWARD_START
043 1 0441584776 LICK
043 1 0441737652 LICK
043 1 0441898044 LICK
043 1 0442138444 LICK
043 1 0442307028 LICK
043 1 0442491944 RESP_END
043 1 0441422892 REWARD_END
044 1 0447605388 STIM_START
044 1 0448297404 LICK
044 1 0448473308 LICK
044 1 0448701728 LICK
044 1 0448704032 STIM_END_RESP_START
044 1 0449904064 RESP_END
045 0 0451921188 STIM_START
045 0 0453019840 STIM_END_RESP_START
045 0 0454219880 RESP_END
046 1 0455990320 STIM_START
046 1 0456528780 LICK
046 1 0456723944 LICK
046 1 0456923600 LICK
046 1 0457088976 STIM_END_RESP_START
046 1 0457123320 LICK
046 1 0457123804 REWARD_START
046 1 0457411524 LICK
046 1 0457576772 LICK
046 1 0457729768 LICK
046 1 0457884316 LICK
046 1 0458241120 LICK
046 1 0458289016 RESP_END
046 1 0457154320 REWARD_END
047 1 0459871652 STIM_START
047 1 0460938180 LICK
047 1 0460970300 STIM_END_RESP_START
047 1 0461112700 LICK
047 1 0461113184 REWARD_START
047 1 0461305608 LICK
047 1 0461478628 LICK
047 1 0461653732 LICK
047 1 0461874988 LICK
047 1 0462170344 RESP_END
047 1 0461143700 REWARD_END
048 0 0464157476 STIM_START
048 0 0465256124 STIM_END_RESP_START
048 0 0466456168 RESP_END
049 1 0468482300 STIM_START
049 1 0468851428 LICK
049 1 0469026280 LICK
049 1 0469209116 LICK
049 1 0469580928 STIM_END_RESP_START
049 1 0469589672 LICK
049 1 0469590164 REWARD_START
049 1 0469762596 LICK
049 1 0469927348 LICK
049 1 0470075380 LICK
049 1 0470226168 LICK
049 1 0470391828 LICK
049 1 0470626092 LICK
049 1 0470780968 RESP_END
049 1 0469620668 REWARD_END
050 0 0472386572 STIM_START
050 0 0473485204 STIM_END_RESP_START
050 0 0474685248 RESP_END
051 1 0476300848 STIM_START
051 1 0476700500 LICK
051 1 0476911760 LICK
051 1 0477097612 LICK
051 1 0477274704 LICK
051 1 0477399496 STIM_END_RESP_START
051 1 0477482600 LICK
051 1 0477483088 REWARD_START
051 1 0477651304 LICK
051 1 0477816508 LICK
051 1 0477961428 LICK
051 1 0478119048 LICK
051 1 0478599512 RESP_END
051 1 0477513596 REWARD_END
052 0 0480488840 STIM_START
052 0 0480757416 LICK
052 0 0481587492 STIM_END_RESP_START
052 0 0482787536 RESP_END
053 1 0484414096 STIM_START
053 1 0485493440 LICK
053 1 0485512740 STIM_END_RESP_START
053 1 0486712760 RESP_END
054 0 0488753904 STIM_START
054 0 0489399032 LICK
054 0 0489619852 LICK
054 0 0489812240 LICK
054 0 0489852556 STIM_END_RESP_START
054 0 0490150956 LICK
054 0 0490151440 TIMEOUT_START
054 0 0490352072 LICK
054 0 0490352556 TIMEOUT_START
054 0 0490568992 LICK
054 0 0490569476 TIMEOUT_START
054 0 0490793316 LICK
054 0 0490793804 TIMEOUT_START
054 0 0490962664 LICK
054 0 0490963156 TIMEOUT_START
054 0 0491052592 RESP_END
054 0 0497963660 TIMEOUT_END
055 0 0499892472 STIM_START
055 0 0500991100 STIM_END_RESP_START
055 0 0502191144 RESP_END
056 1 0504265220 STIM_START
056 1 0504685496 LICK
056 1 0505287708 LICK
056 1 0505363864 STIM_END_RESP_START
056 1 0505474076 LICK
056 1 0505474560 REWARD_START
056 1 0505691648 LICK
056 1 0505847868 LICK
056 1 0506563888 RESP_END
056 1 0505505060 REWARD_END
057 0 0508525144 STIM_START
057 0 0509623796 STIM_END_RESP_START
057 0 0510823840 RESP_END
058 1 0512531328 STIM_START
058 1 0513084200 LICK
058 1 0513287316 LICK
058 1 0513629984 STIM_END_RESP_START
058 1 0514830028 RESP_END
059 0 0516421616 STIM_START
059 0 0517520264 STIM_END_RESP_START
059 0 0518156704 LICK
059 0 0518157188 TIMEOUT_START
059 0 0518318944 LICK
059 0 0518319436 TIMEOUT_START
059 0 0518495296 LICK
059 0 0518495780 TIMEOUT_START
059 0 0518690684 LICK
059 0 0518691176 TIMEOUT_START
059 0 0518720284 RESP_END
059 0 0525691680 TIMEOUT_END
060 0 0527710040 STIM_START
060 0 0528808688 STIM_END_RESP_START
060 0 0530008728 RESP_END
061 1 0531759172 STIM_START
061 1 0532328072 LICK
061 1 0532494456 LICK
061 1 0532857812 STIM_END_RESP_START
061 1 0534057852 RESP_END
062 1 0535887184 STIM_START
062 1 0536985832 STIM_END_RESP_START
062 1 0537047276 LICK
062 1 0537047760 REWARD_START
062 1 0537288532 LICK
062 1 0537479264 LICK
062 1 0537691572 LICK
062 1 0537884884 LICK
062 1 0538059040 LICK
062 1 0538185876 RESP_END
062 1 0537078276 REWARD_END
063 1 0540163064 STIM_START
063 1 0541047760 LICK
063 1 0541214284 LICK
063 1 0541261716 STIM_END_RESP_START
063 1 0541393584 LICK
063 1 0541394076 REWARD_START
063 1 0541561836 LICK
063 1 0541728744 LICK
063 1 0541897296 LICK
063 1 0542461760 RESP_END
063 1 0541424584 REWARD_END
064 0 0544846436 STIM_START
064 0 0545144764 LICK
064 0 0545332876 LICK
064 0 0545570012 LICK
064 0 0545945092 STIM_END_RESP_START
064 0 0547145136 RESP_END
065 1 0548752740 STIM_START
065 1 0549166596 LICK
065 1 0549851392 STIM_END_RESP_START
065 1 0549937084 LICK
065 1 0549937576 REWARD_START
065 1 0550136768 LICK
065 1 0550334524 LICK
065 1 0550515540 LICK
065 1 0550684048 LICK
065 1 0551051420 RESP_END
065 1 0549968072 REWARD_END
066 1 0553069496 STIM_START
066 1 0553920644 LICK
066 1 0554087808 LICK
066 1 0554168128 STIM_END_RESP_START
066 1 0554238060 LICK
066 1 0554238548 REWARD_START
066 1 0554386560 LICK
066 1 0554543768 LICK
066 1 0554691944 LICK
066 1 0554851084 LICK
066 1 0555368144 RESP_END
066 1 0554269064 REWARD_END
067 1 0557084744 STIM_START
067 1 0557461576 LICK
067 1 0557963596 LICK
067 1 0558126056 LICK
067 1 0558183388 STIM_END_RESP_START
067 1 0558283316 LICK
067 1 0558283808 REWARD_START
067 1 0558434960 LICK
067 1 0558574340 LICK
067 1 0558716868 LICK
067 1 0558863424 LICK
067 1 0559035528 LICK
067 1 0559383408 RESP_END
067 1 0558314316 REWARD_END
068 0 0561833012 STIM_START
068 0 0562397684 LICK
068 0 0562592876 LICK
068 0 0562786152 LICK
068 0 0562931648 STIM_END_RESP_START
068 0 0562942928 LICK
068 0 0562943432 TIMEOUT_START
068 0 0563107576 LICK
068 0 0563108068 TIMEOUT_START
068 0 0563276476 LICK
068 0 0563276968 TIMEOUT_START
068 0 0563456816 LICK
068 0 0563457304 TIMEOUT_START
068 0 0563655888 LICK
068 0 0563656372 TIMEOUT_START
068 0 0564131692 RESP_END
068 0 0570656876 TIMEOUT_END
069 1 0572275448 STIM_START
069 1 0572728632 LICK
069 1 0572910480 LICK
069 1 0573077924 LICK
069 1 0573250244 LICK
069 1 0573374088 STIM_END_RESP_START
069 1 0573413764 LICK
069 1 0573414252 REWARD_START
069 1 0573577616 LICK
069 1 0573742636 LICK
069 1 0573898924 LICK
069 1 0574056660 LICK
069 1 0574221980 LICK
069 1 0574574136 RESP_END
069 1 0573444772 REWARD_END
070 1 0578386060 STIM_START
070 1 0578669528 LICK
070 1 0578844888 LICK
070 1 0579022396 LICK
070 1 0579224500 LICK
070 1 0579412184 LICK
070 1 0579484732 STIM_END_RESP_START
070 1 0579591520 LICK
070 1 0579592004 REWARD_START
070 1 0579773040 LICK
070 1 0579921560 LICK
070 1 0580074392 LICK
070 1 0580247152 LICK
070 1 0580418464 LICK
070 1 0580594024 LICK
070 1 0580684760 RESP_END
070 1 0579622520 REWARD_END
071 1 0583264196 STIM_START
071 1 0583645580 LICK
071 1 0583771492 LICK
071 1 0583930716 LICK
071 1 0584124320 LICK
071 1 0584316868 LICK
071 1 0584362848 STIM_END_RESP_START
071 1 0584524368 LICK
071 1 0584524864 REWARD_START
071 1 0584724156 LICK
071 1 0584879352 LICK
071 1 0585112140 LICK
071 1 0585562868 RESP_END
071 1 0584555368 REWARD_END
072 0 0588330116 STIM_START
072 0 0589428768 STIM_END_RESP_START
072 0 0590628808 RESP_END
073 1 0592323304 STIM_START
073 1 0592737040 LICK
073 1 0592942512 LICK
073 1 0593338184 LICK
073 1 0593421928 STIM_END_RESP_START
073 1 0593518700 LICK
073 1 0593519188 REWARD_START
073 1 0593667088 LICK
073 1 0593824440 LICK
073 1 0593966776 LICK
073 1 0594119320 LICK
073 1 0594285884 LICK
073 1 0594621964 RESP_END
073 1 0593549704 REWARD_END
074 0 0596746044 STIM_START
074 0 0597190608 LICK
074 0 0597844684 STIM_END_RESP_START
074 0 0599044728 RESP_END
075 0 0601089776 STIM_START
075 0 0601214200 LICK
075 0 0602188432 STIM_END_RESP_START
075 0 0603388476 RESP_END
076 1 0605286712 STIM_START
076 1 0606385360 STIM_END_RESP_START
076 1 0607585408 RESP_END
077 0 0609230972 STIM_START
077 0 0610329624 STIM_END_RESP_START
077 0 0611529660 RESP_END
078 0 0613361020 STIM_START
078 0 0614459676 STIM_END_RESP_START
078 0 0615659716 RESP_END
079 0 0618608708 STIM_START
079 0 0619707352 STIM_END_RESP_START
079 0 0620907396 RESP_END
080 1 0623964260 STIM_START
080 1 0624304456 LICK
080 1 0624533256 LICK
080 1 0624735896 LICK
080 1 0624940864 LICK
080 1 0625062924 STIM_END_RESP_START
080 1 0625111152 LICK
080 1 0625111640 REWARD_START
080 1 0625302280 LICK
080 1 0625470220 LICK
080 1 0625658776 LICK
080 1 0626262964 RESP_END
080 1 0625142156 REWARD_END
081 0 0628020388 STIM_START
081 0 0629119040 STIM_END_RESP_START
081 0 0630319080 RESP_END
082 1 0632190348 STIM_START
082 1 0633014240 LICK
082 1 0633214624 LICK
082 1 0633288988 STIM_END_RESP_START
082 1 0633378808 LICK
082 1 0633379300 REWARD_START
082 1 0633560236 LICK
082 1 0633726464 LICK
082 1 0633871796 LICK
082 1 0634038860 LICK
082 1 0634218436 LICK
082 1 0634489020 RESP_END
082 1 0633409796 REWARD_END
083 0 0637266244 STIM_START
083 0 0637646044 LICK
083 0 0638364896 STIM_END_RESP_START
083 0 0639564940 RESP_END
084 1 0641266460 STIM_START
084 1 0641667236 LICK
084 1 0642101956 LICK
084 1 0642298000 LICK
084 1 0642365116 STIM_END_RESP_START
084 1 0642496836 LICK
084 1 0642497320 REWARD_START
084 1 0642665720 LICK
084 1 0642822280 LICK
084 1 0642988092 LICK
084 1 0643565144 RESP_END
084 1 0642527832 REWARD_END
085 1 0645586264 STIM_START
085 1 0645973028 LICK
085 1 0646549628 LICK
085 1 0646684920 STIM_END_RESP_START
085 1 0646723804 LICK
085 1 0646724288 REWARD_START
085 1 0646894200 LICK
085 1 0647042636 LICK
085 1 0647190468 LICK
085 1 0647353480 LICK
085 1 0647544968 LICK
085 1 0647884948 RESP_END
085 1 0646754800 REWARD_END
086 1 0649696312 STIM_START
086 1 0649962852 LICK
086 1 0650143396 LICK
086 1 0650345008 LICK
086 1 0650523520 LICK
086 1 0650694004 LICK
086 1 0650794964 STIM_END_RESP_START
086 1 0650857876 LICK
086 1 0650858364 REWARD_START
086 1 0651045640 LICK
086 1 0651198868 LICK
086 1 0651362588 LICK
086 1 0651531628 LICK
086 1 0651994976 RESP_END
086 1 0650888876 REWARD_END
087 0 0653900260 STIM_START
087 0 0654998912 STIM_END_RESP_START
087 0 0656198960 RESP_END
088 1 0658235076 STIM_START
088 1 0658645888 LICK
088 1 0659098196 LICK
088 1 0659295596 LICK
088 1 0659333700 STIM_END_RESP_START
088 1 0659458248 LICK
088 1 0659458732 REWARD_START
088 1 0659620240 LICK
088 1 0659787408 LICK
088 1 0659942452 LICK
088 1 0660130040 LICK
088 1 0660519996 LICK
088 1 0660533740 RESP_END
088 1 0659489244 REWARD_END
089 0 0662784604 STIM_START
089 0 0663093632 LICK
089 0 0663883248 STIM_END_RESP_START
089 0 0665083292 RESP_END
090 1 0666989528 STIM_START
090 1 0667370364 LICK
090 1 0667761380 LICK
090 1 0667931640 LICK
090 1 0668088156 STIM_END_RESP_START
090 1 0668102696 LICK
090 1 0668103184 REWARD_START
090 1 0668276712 LICK
090 1 0668444388 LICK
090 1 0669288180 RESP_END
090 1 0668133680 REWARD_END
091 0 0670899812 STIM_START
091 0 0671998452 STIM_END_RESP_START
091 0 0673198496 RESP_END
092 1 0674807116 STIM_START
092 1 0675531840 LICK
092 1 0675719604 LICK
092 1 0675895936 LICK
092 1 0675905776 STIM_END_RESP_START
092 1 0676061724 LICK
092 1 0676062216 REWARD_START
092 1 0676237484 LICK
092 1 0676426924 LICK
092 1 0676613404 LICK
092 1 0676800264 LICK
092 1 0676963156 LICK
092 1 0677105820 RESP_END
092 1 0676092724 REWARD_END
093 0 0680143732 STIM_START
093 0 0681242380 STIM_END_RESP_START
093 0 0682442424 RESP_END
094 1 0684436528 STIM_START
094 1 0685375832 LICK
094 1 0685535168 STIM_END_RESP_START
094 1 0685584940 LICK
094 1 0685585432 REWARD_START
094 1 0685808808 LICK
094 1 0685997724 LICK
094 1 0686218864 LICK
094 1 0686735188 RESP_END
094 1 0685615940 REWARD_END
095 0 0688671464 STIM_START
095 0 0689770116 STIM_END_RESP_START
095 0 0690970160 RESP_END
096 0 0692899360 STIM_START
096 0 0693998008 STIM_END_RESP_START
096 0 0695198056 RESP_END
097 1 0697026408 STIM_START
097 1 0697503528 LICK
097 1 0697693940 LICK
097 1 0697887660 LICK
097 1 0698049496 LICK
097 1 0698125052 STIM_END_RESP_START
097 1 0698238040 LICK
097 1 0698238528 REWARD_START
097 1 0698409964 LICK
097 1 0698583968 LICK
097 1 0698764952 LICK
097 1 0699325100 RESP_END
097 1 0698269044 REWARD_END
098 0 0701128436 STIM_START
098 0 0702227088 STIM_END_RESP_START
098 0 0703427132 RESP_END
099 1 0705495156 STIM_START
099 1 0706073064 LICK
099 1 0706255588 LICK
099 1 0706452692 LICK
099 1 0706593808 STIM_END_RESP_START
099 1 0706936608 LICK
099 1 0706937100 REWARD_START
099 1 0707131256 LICK
099 1 0707297220 LICK
099 1 0707492960 LICK
099 1 0707657516 LICK
099 1 0707793840 RESP_END
099 1 0706967596 REWARD_END
100 0 0710019732 STIM_START
100 0 0710369364 LICK
100 0 0710558296 LICK
100 0 0710765384 LICK
100 0 0711010388 LICK
100 0 0711118352 STIM_END_RESP_START
100 0 0711235580 LICK
100 0 0711236068 TIMEOUT_START
100 0 0711431308 LICK
100 0 0711431792 TIMEOUT_START
100 0 0711617256 LICK
100 0 0711617748 TIMEOUT_START
100 0 0711809108 LICK
100 0 0711809596 TIMEOUT_START
100 0 0712318392 RESP_END
100 0 0718810108 TIMEOUT_END
101 1 0720452184 STIM_START
101 1 0721550844 STIM_END_RESP_START
101 1 0721553048 LICK
101 1 0721553540 REWARD_START
101 1 0721720184 LICK
101 1 0721910424 LICK
101 1 0722087576 LICK
101 1 0722265376 LICK
101 1 0722460008 LICK
101 1 0722750884 RESP_END
101 1 0721584048 REWARD_END
102 0 0725279412 STIM_START
102 0 0726378064 STIM_END_RESP_START
102 0 0727578112 RESP_END
103 0 0729253624 STIM_START
103 0 0730352272 STIM_END_RESP_START
103 0 0731552320 RESP_END
104 1 0733181908 STIM_START
104 1 0733547628 LICK
104 1 0733721512 LICK
104 1 0733918528 LICK
104 1 0734280528 STIM_END_RESP_START
104 1 0734314572 LICK
104 1 0734315060 REWARD_START
104 1 0734475052 LICK
104 1 0734648448 LICK
104 1 0734823288 LICK
104 1 0735013376 LICK
104 1 0735480564 RESP_END
104 1 0734345576 REWARD_END
105 0 0737264940 STIM_START
105 0 0738004820 LICK
105 0 0738190920 LICK
105 0 0738363596 STIM_END_RESP_START
105 0 0738379240 LICK
105 0 0738379724 TIMEOUT_START
105 0 0739395176 LICK
105 0 0739395664 TIMEOUT_START
105 0 0739563632 RESP_END
105 0 0746396176 TIMEOUT_END
106 0 0748371708 STIM_START
106 0 0749470356 STIM_END_RESP_START
106 0 0750670404 RESP_END
107 0 0752600564 STIM_START
107 0 0753149224 LICK
107 0 0753356364 LICK
107 0 0753699208 STIM_END_RESP_START
107 0 0754899252 RESP_END
108 1 0756969296 STIM_START
108 1 0758067944 STIM_END_RESP_START
108 1 0759267988 RESP_END
109 1 0761296080 STIM_START
109 1 0762394728 STIM_END_RESP_START
109 1 0763594776 RESP_END
110 1 0765430060 STIM_START
110 1 0766528716 STIM_END_RESP_START
110 1 0767728760 RESP_END
111 0 0769714952 STIM_START
111 0 0770813604 STIM_END_RESP_START
111 0 0772013652 RESP_END
112 0 0774022796 STIM_START
112 0 0775121448 STIM_END_RESP_START
112 0 0776321492 RESP_END
113 0 0778079880 STIM_START
113 0 0779178532 STIM_END_RESP_START
113 0 0780378576 RESP_END
114 1 0782410680 STIM_START
114 1 0782984704 LICK
114 1 0783189664 LICK
114 1 0783362192 LICK
114 1 0783509348 STIM_END_RESP_START
114 1 0783575188 LICK
114 1 0783575676 REWARD_START
114 1 0783782212 LICK
114 1 0783963988 LICK
114 1 0784129236 LICK
114 1 0784304972 LICK
114 1 0784709364 RESP_END
114 1 0783606192 REWARD_END
115 0 0787312776 STIM_START
115 0 0788411424 STIM_END_RESP_START
115 0 0789611464 RESP_END
116 1 0791298992 STIM_START
116 1 0792391616 LICK
116 1 0792397628 STIM_END_RESP_START
116 1 0792589008 LICK
116 1 0792589500 REWARD_START
116 1 0792796332 LICK
116 1 0792980692 LICK
116 1 0793148396 LICK
116 1 0793346260 LICK
116 1 0793597648 RESP_END
116 1 0792620008 REWARD_END
117 0 0795592824 STIM_START
117 0 0796691476 STIM_END_RESP_START
117 0 0797891512 RESP_END
118 0 0799747812 STIM_START
118 0 0800846464 STIM_END_RESP_START
118 0 0802046504 RESP_END
119 1 0803725052 STIM_START
119 1 0804310772 LICK
119 1 0804498720 LICK
119 1 0804671192 LICK
119 1 0804823688 STIM_END_RESP_START
119 1 0804845524 LICK
119 1 0804846016 REWARD_START
119 1 0805024980 LICK
119 1 0805206904 LICK
119 1 0805375300 LICK
119 1 0805575660 LICK
119 1 0805737720 LICK
119 1 0805926628 LICK
119 1 0806023716 RESP_END
119 1 0804876512 REWARD_END
120 0 0807751204 STIM_START
120 0 0808849856 STIM_END_RESP_START
120 0 0810049900 RESP_END
121 0 0811738432 STIM_START
121 0 0812837084 STIM_END_RESP_START
121 0 0814037128 RESP_END
122 0 0815793516 STIM_START
122 0 0816892168 STIM_END_RESP_START
122 0 0818092212 RESP_END
123 1 0819689864 STIM_START
123 1 0820788512 STIM_END_RESP_START
123 1 0821988556 RESP_END
124 1 0823619128 STIM_START
124 1 0824717780 STIM_END_RESP_START
124 1 0825124968 LICK
124 1 0825125452 REWARD_START
124 1 0825349592 LICK
124 1 0825535848 LICK
124 1 0825917820 RESP_END
124 1 0825155964 REWARD_END
125 1 0827613320 STIM_START
125 1 0828525488 LICK
125 1 0828711948 STIM_END_RESP_START
125 1 0828718896 LICK
125 1 0828719396 REWARD_START
125 1 0828909472 LICK
125 1 0829090032 LICK
125 1 0829252888 LICK
125 1 0829911988 RESP_END
125 1 0828749896 REWARD_END
126 0 0832134888 STIM_START
126 0 0833233536 STIM_END_RESP_START
126 0 0833499612 LICK
126 0 0833500096 TIMEOUT_START
126 0 0833700204 LICK
126 0 0833700688 TIMEOUT_START
126 0 0833894696 LICK
126 0 0833895180 TIMEOUT_START
126 0 0834433564 RESP_END
126 0 0840895696 TIMEOUT_END
127 1 0842734128 STIM_START
127 1 0843518112 LICK
127 1 0843681816 LICK
127 1 0843832788 STIM_END_RESP_START
127 1 0843858120 LICK
127 1 0843858604 REWARD_START
127 1 0844047872 LICK
127 1 0844217164 LICK
127 1 0844369228 LICK
127 1 0844531928 LICK
127 1 0844699512 LICK
127 1 0845032828 RESP_END
127 1 0843889116 REWARD_END
128 1 0846772272 STIM_START
128 1 0847193396 LICK
128 1 0847783012 LICK
128 1 0847870924 STIM_END_RESP_START
128 1 0847952532 LICK
128 1 0847953024 REWARD_START
128 1 0848135032 LICK
128 1 0848292164 LICK
128 1 0848442052 LICK
128 1 0848618060 LICK
128 1 0848800672 LICK
128 1 0848997776 LICK
128 1 0849070964 RESP_END
128 1 0847983532 REWARD_END
129 1 0850955256 STIM_START
129 1 0851441192 LICK
129 1 0851635900 LICK
129 1 0851829216 LICK
129 1 0852006564 LICK
129 1 0852053880 STIM_END_RESP_START
129 1 0852180916 LICK
129 1 0852181404 REWARD_START
129 1 0852341172 LICK
129 1 0852495844 LICK
129 1 0852652092 LICK
129 1 0852810580 LICK
129 1 0852985380 LICK
129 1 0853169552 LICK
129 1 0853253916 RESP_END
129 1 0852211900 REWARD_END
130 0 0855584668 STIM_START
130 0 0856683316 STIM_END_RESP_START
130 0 0857883360 RESP_END
131 1 0859877488 STIM_START
131 1 0860595588 LICK
131 1 0860827448 LICK
131 1 0860976124 STIM_END_RESP_START
131 1 0861011296 LICK
131 1 0861011780 REWARD_START
131 1 0861186068 LICK
131 1 0861350436 LICK
131 1 0861508096 LICK
131 1 0861669472 LICK
131 1 0861874272 LICK
131 1 0862022676 LICK
131 1 0862176140 RESP_END
131 1 0861042292 REWARD_END
132 0 0863917648 STIM_START
132 0 0865016296 STIM_END_RESP_START
132 0 0865157964 LICK
132 0 0865158452 TIMEOUT_START
132 0 0865349292 LICK
132 0 0865349784 TIMEOUT_START
132 0 0865510084 LICK
132 0 0865510572 TIMEOUT_START
132 0 0865688156 LICK
132 0 0865688648 TIMEOUT_START
132 0 0866216312 RESP_END
132 0 0872689148 TIMEOUT_END
133 0 0874363080 STIM_START
133 0 0875461732 STIM_END_RESP_START
133 0 0875555952 LICK
133 0 0875556436 TIMEOUT_START
133 0 0875738728 LICK
133 0 0875739216 TIMEOUT_START
133 0 0875931448 LICK
133 0 0875931940 TIMEOUT_START
133 0 0876182728 LICK
133 0 0876183216 TIMEOUT_START
133 0 0876350880 LICK
133 0 0876351368 TIMEOUT_START
133 0 0876578096 LICK
133 0 0876578580 TIMEOUT_START
133 0 0876661764 RESP_END
133 0 0883579092 TIMEOUT_END
134 1 0885662480 STIM_START
134 1 0886485224 LICK
134 1 0886662192 LICK
134 1 0886761136 STIM_END_RESP_START
134 1 0886847732 LICK
134 1 0886848220 REWARD_START
134 1 0887005736 LICK
134 1 0887161796 LICK
134 1 0887319720 LICK
134 1 0887483372 LICK
134 1 0887653092 LICK
134 1 0887961184 RESP_END
134 1 0886878732 REWARD_END
135 0 0889767552 STIM_START
135 0 0890232816 LICK
135 0 0890405936 LICK
135 0 0890586632 LICK
135 0 0890787280 LICK
135 0 0890866204 STIM_END_RESP_START
135 0 0890990304 LICK
135 0 0890990796 TIMEOUT_START
135 0 0892066248 RESP_END
135 0 0897991296 TIMEOUT_END
136 0 0899675624 STIM_START
136 0 0900774276 STIM_END_RESP_START
136 0 0901974320 RESP_END
137 0 0903743708 STIM_START
137 0 0904842356 STIM_END_RESP_START
137 0 0906042400 RESP_END
138 1 0908085468 STIM_START
138 1 0909184116 STIM_END_RESP_START
138 1 0909677188 LICK
138 1 0909677680 REWARD_START
138 1 0909882804 LICK
138 1 0910149000 LICK
138 1 0910341332 LICK
138 1 0910384148 RESP_END
138 1 0909708188 REWARD_END
139 1 0912470268 STIM_START
139 1 0913198724 LICK
139 1 0913369072 LICK
139 1 0913552912 LICK
139 1 0913568900 STIM_END_RESP_START
139 1 0913721620 LICK
139 1 0913722104 REWARD_START
139 1 0913907200 LICK
139 1 0914057616 LICK
139 1 0914217212 LICK
139 1 0914376228 LICK
139 1 0914768932 RESP_END
139 1 0913752620 REWARD_END
140 1 0916450444 STIM_START
140 1 0916926256 LICK
140 1 0917079560 LICK
140 1 0917269088 LICK
140 1 0917439852 LICK
140 1 0917549100 STIM_END_RESP_START
140 1 0917602580 LICK
140 1 0917603068 REWARD_START
140 1 0917771168 LICK
140 1 0917931400 LICK
140 1 0918094260 LICK
140 1 0918239744 LICK
140 1 0918397516 LICK
140 1 0918749144 RESP_END
140 1 0917633580 REWARD_END
141 0 0920461624 STIM_START
141 0 0920733012 LICK
141 0 0920915972 LICK
141 0 0921560280 STIM_END_RESP_START
141 0 0922760328 RESP_END
142 0 0924656596 STIM_START
142 0 0925755244 STIM_END_RESP_START
142 0 0926955292 RESP_END
143 0 0928620768 STIM_START
143 0 0929719416 STIM_END_RESP_START
143 0 0930919460 RESP_END
144 1 0934269968 STIM_START
144 1 0934621596 LICK
144 1 0935002624 LICK
144 1 0935191212 LICK
144 1 0935351220 LICK
144 1 0935368588 STIM_END_RESP_START
144 1 0935524232 LICK
144 1 0935524728 REWARD_START
144 1 0935683436 LICK
144 1 0935860288 LICK
144 1 0936047096 LICK
144 1 0936261384 LICK
144 1 0936568604 RESP_END
144 1 0935555224 REWARD_END
145 0 0938352100 STIM_START
145 0 0939450752 STIM_END_RESP_START
145 0 0940650800 RESP_END
146 1 0942419204 STIM_START
146 1 0942849684 LICK
146 1 0943034820 LICK
146 1 0943214956 LICK
146 1 0943419336 LICK
146 1 0943517864 STIM_END_RESP_START
146 1 0943593232 LICK
146 1 0943593728 REWARD_START
146 1 0943772576 LICK
146 1 0943954244 LICK
146 1 0944130780 LICK
146 1 0944309912 LICK
146 1 0944486188 LICK
146 1 0944717904 RESP_END
146 1 0943624228 REWARD_END
147 1 0947149548 STIM_START
147 1 0948027600 LICK
147 1 0948223564 LICK
147 1 0948248212 STIM_END_RESP_START
147 1 0948416736 LICK
147 1 0948417220 REWARD_START
147 1 0948603048 LICK
147 1 0948780244 LICK
147 1 0948953028 LICK
147 1 0949134472 LICK
147 1 0949448244 RESP_END
147 1 0948447736 REWARD_END
148 0 0951310512 STIM_START
148 0 0952409164 STIM_END_RESP_START
148 0 0953609200 RESP_END
149 1 0955618332 STIM_START
149 1 0956007052 LICK
149 1 0956207500 LICK
149 1 0956419800 LICK
149 1 0956638984 LICK
149 1 0956716980 STIM_END_RESP_START
149 1 0956822912 LICK
149 1 0956823404 REWARD_START
149 1 0956993748 LICK
149 1 0957166380 LICK
149 1 0957339060 LICK
149 1 0957508288 LICK
149 1 0957689760 LICK
149 1 0957916992 RESP_END
149 1 0956853920 REWARD_END
150 1 0959921148 STIM_START
150 1 0961019800 STIM_END_RESP_START
150 1 0962219848 RESP_END
151 1 0966223588 STIM_START
151 1 0967322240 STIM_END_RESP_START
151 1 0968522280 RESP_END
152 0 0970311588 STIM_START
152 0 0971410240 STIM_END_RESP_START
152 0 0972610284 RESP_END
153 1 0974305844 STIM_START
153 1 0975404496 STIM_END_RESP_START
153 1 0976604540 RESP_END
154 1 0978374960 STIM_START
154 1 0978767724 LICK
154 1 0978957888 LICK
154 1 0979135436 LICK
154 1 0979320684 LICK
154 1 0979473596 STIM_END_RESP_START
154 1 0979511876 LICK
154 1 0979512372 REWARD_START
154 1 0979695104 LICK
154 1 0979879688 LICK
154 1 0980059832 LICK
154 1 0980240632 LICK
154 1 0980673608 RESP_END
154 1 0979542880 REWARD_END
155 0 0982721696 STIM_START
155 0 0983820344 STIM_END_RESP_START
155 0 0985020384 RESP_END
156 0 0986718888 STIM_START
156 0 0987817536 STIM_END_RESP_START
156 0 0989017584 RESP_END
157 0 0990608232 STIM_START
157 0 0991706884 STIM_END_RESP_START
157 0 0992906928 RESP_END
158 1 0994682344 STIM_START
158 1 0995780996 STIM_END_RESP_START
158 1 0996981040 RESP_END
159 0 0998728432 STIM_START
159 0 0999827060 STIM_END_RESP_START
159 0 0999829976 LICK
159 0 0999830472 TIMEOUT_START
159 0 1000053316 LICK
159 0 1000053852 TIMEOUT_START
159 0 1000265100 LICK
159 0 1000265628 TIMEOUT_START
159 0 1000812840 LICK
159 0 1000813368 TIMEOUT_START
159 0 1001006888 LICK
159 0 1001007428 TIMEOUT_START
159 0 1001027092 RESP_END
159 0 1008007972 TIMEOUT_END
160 0 1009889028 STIM_START
160 0 1010987692 STIM_END_RESP_START
160 0 1012187716 RESP_END
161 0 1013979060 STIM_START
161 0 1015077688 STIM_END_RESP_START
161 0 1015142116 LICK
161 0 1015142656 TIMEOUT_START
161 0 1015334572 LICK
161 0 1015335112 TIMEOUT_START
161 0 1015545712 LICK
161 0 1015546252 TIMEOUT_START
161 0 1015765804 LICK
161 0 1015766344 TIMEOUT_START
161 0 1016174128 LICK
161 0 1016174664 TIMEOUT_START
161 0 1016277704 RESP_END
161 0 1023175216 TIMEOUT_END
162 1 1025184632 STIM_START
162 1 1025654612 LICK
162 1 1025843488 LICK
162 1 1026052964 LICK
162 1 1026228372 LICK
162 1 1026283280 STIM_END_RESP_START
162 1 1026617312 LICK
162 1 1026617852 REWARD_START
162 1 1026816588 LICK
162 1 1027064388 LICK
162 1 1027483308 RESP_END
162 1 1026648408 REWARD_END
163 1 1029530416 STIM_START
163 1 1030583456 LICK
163 1 1030629060 STIM_END_RESP_START
163 1 1030785276 LICK
163 1 1030785808 REWARD_START
163 1 1030972092 LICK
163 1 1031131684 LICK
163 1 1031289684 LICK
163 1 1031453372 LICK
163 1 1031829088 RESP_END
163 1 1030816364 REWARD_END
164 1 1035270500 STIM_START
164 1 1036135160 LICK
164 1 1036303780 LICK
164 1 1036369152 STIM_END_RESP_START
164 1 1037569176 RESP_END
165 0 1039211748 STIM_START
165 0 1040310416 STIM_END_RESP_START
165 0 1041510436 RESP_END
166 0 1043399736 STIM_START
166 0 1044498360 STIM_END_RESP_START
166 0 1044731044 LICK
166 0 1044731576 TIMEOUT_START
166 0 1044862624 LICK
166 0 1044863164 TIMEOUT_START
166 0 1045698388 RESP_END
166 0 1051863712 TIMEOUT_END
167 0 1053667368 STIM_START
167 0 1054452268 LICK
167 0 1054623720 LICK
167 0 1054766020 STIM_END_RESP_START
167 0 1054821928 LICK
167 0 1054822464 TIMEOUT_START
167 0 1055549540 LICK
167 0 1055550068 TIMEOUT_START
167 0 1055776556 LICK
167 0 1055777096 TIMEOUT_START
167 0 1055966052 RESP_END
167 0 1062777648 TIMEOUT_END
168 1 1064809016 STIM_START
168 1 1065907684 STIM_END_RESP_START
168 1 1065929088 LICK
168 1 1065929620 REWARD_START
168 1 1066538420 LICK
168 1 1066710608 LICK
168 1 1066898412 LICK
168 1 1067107708 RESP_END
168 1 1065960176 REWARD_END
169 0 1068837108 STIM_START
169 0 1069595400 LICK
169 0 1069756672 LICK
169 0 1069935736 STIM_END_RESP_START
169 0 1070970596 LICK
169 0 1070971136 TIMEOUT_START
169 0 1071115564 LICK
169 0 1071116096 TIMEOUT_START
169 0 1071135768 RESP_END
169 0 1078116644 TIMEOUT_END
170 0 1079716024 STIM_START
170 0 1080548208 LICK
170 0 1080814672 STIM_END_RESP_START
170 0 1082014692 RESP_END
171 0 1084033824 STIM_START
171 0 1085132452 STIM_END_RESP_START
171 0 1086332480 RESP_END
172 1 1088105932 STIM_START
172 1 1089204560 STIM_END_RESP_START
172 1 1089361856 LICK
172 1 1089362392 REWARD_START
172 1 1089546444 LICK
172 1 1089735100 LICK
172 1 1089901708 LICK
172 1 1090079036 LICK
172 1 1090404580 RESP_END
172 1 1089392952 REWARD_END
173 1 1092743348 STIM_START
173 1 1093366920 LICK
173 1 1093537904 LICK
173 1 1093716448 LICK
173 1 1093841984 STIM_END_RESP_START
173 1 1093894472 LICK
173 1 1093895000 REWARD_START
173 1 1094083140 LICK
173 1 1094261436 LICK
173 1 1094459708 LICK
173 1 1094628332 LICK
173 1 1095042000 RESP_END
173 1 1093925560 REWARD_END
174 0 1097341808 STIM_START
174 0 1098440436 STIM_END_RESP_START
174 0 1099640460 RESP_END
USER_EXIT