001 1 0012440972 STIM_START
001 1 0012836412 LICK
001 1 0013258400 LICK
001 1 0013378964 LICK
001 1 0013496088 LICK
001 1 0013539628 STIM_END_RESP_START
001 1 0013688072 LICK
001 1 0013688508 REWARD_START
001 1 0013836500 LICK
001 1 0013967572 LICK
001 1 0014090180 LICK
001 1 0014211052 LICK
001 1 0014368864 LICK
001 1 0014520148 LICK
001 1 0014739648 RESP_END
001 1 0013718972 REWARD_END
002 1 0016619920 STIM_START
002 1 0016887016 LICK
002 1 0017026588 LICK
002 1 0017521940 LICK
002 1 0017665048 LICK
002 1 0017718568 STIM_END_RESP_START
002 1 0017860472 LICK
002 1 0017860916 REWARD_START
002 1 0018015172 LICK
002 1 0018139760 LICK
002 1 0018248884 LICK
002 1 0018376532 LICK
002 1 0018520652 LICK
002 1 0018918592 RESP_END
002 1 0017891364 REWARD_END
003 1 0024694204 STIM_START
003 1 0025703028 LICK
003 1 0025792860 STIM_END_RESP_START
003 1 0025825452 LICK
003 1 0025825888 REWARD_START
003 1 0025939676 LICK
003 1 0026068972 LICK
003 1 0026180240 LICK
003 1 0026306200 LICK
003 1 0026449108 LICK
003 1 0026628832 LICK
003 1 0026992872 RESP_END
003 1 0025856352 REWARD_END
004 0 0028618544 STIM_START
004 0 0028890608 LICK
004 0 0029032736 LICK
004 0 0029195132 LICK
004 0 0029361500 LICK
004 0 0029520048 LICK
004 0 0029717172 STIM_END_RESP_START
004 0 0029806192 LICK
004 0 0029806632 TIMEOUT_START
004 0 0029977396 LICK
004 0 0029977840 TIMEOUT_START
004 0 0030138856 LICK
004 0 0030139292 TIMEOUT_START
004 0 0030280100 LICK
004 0 0030280536 TIMEOUT_START
004 0 0030461448 LICK
004 0 0030461884 TIMEOUT_START
004 0 0030609072 LICK
004 0 0030609512 TIMEOUT_START
004 0 0030917200 RESP_END
004 0 0037609968 TIMEOUT_END
005 1 0039655260 STIM_START
005 1 0040184052 LICK
005 1 0040664956 LICK
005 1 0040753900 STIM_END_RESP_START
005 1 0040858308 LICK
005 1 0040858752 REWARD_START
005 1 0041017704 LICK
005 1 0041261116 LICK
005 1 0041388884 LICK
005 1 0041529484 LICK
005 1 0041953924 RESP_END
005 1 0040889212 REWARD_END
006 0 0043691340 STIM_START
006 0 0044789972 STIM_END_RESP_START
006 0 0045990000 RESP_END
007 1 0047714556 STIM_START
007 1 0048813188 STIM_END_RESP_START
007 1 0048989444 LICK
007 1 0048989884 REWARD_START
007 1 0049102264 LICK
007 1 0049342748 LICK
007 1 0049475412 LICK
007 1 0049613464 LICK
007 1 0049952292 LICK
007 1 0050013208 RESP_END
007 1 0049020348 REWARD_END
008 1 0051875488 STIM_START
008 1 0052974120 STIM_END_RESP_START
008 1 0053048084 LICK
008 1 0053048524 REWARD_START
008 1 0053178388 LICK
008 1 0053305524 LICK
008 1 0053428408 LICK
008 1 0053560944 LICK
008 1 0053713256 LICK
008 1 0054174152 RESP_END
008 1 0053078984 REWARD_END
009 1 0059786976 STIM_START
009 1 0060190576 LICK
009 1 0060830988 LICK
009 1 0060885608 STIM_END_RESP_START
009 1 0061033408 LICK
009 1 0061033852 REWARD_START
009 1 0061210528 LICK
009 1 0061349488 LICK
009 1 0061471764 LICK
009 1 0061614968 LICK
009 1 0061766828 LICK
009 1 0062085652 RESP_END
009 1 0061064304 REWARD_END
010 0 0063682284 STIM_START
010 0 0063905208 LICK
010 0 0064448536 LICK
010 0 0064780916 STIM_END_RESP_START
010 0 0064972156 LICK
010 0 0064972592 TIMEOUT_START
010 0 0065130108 LICK
010 0 0065130552 TIMEOUT_START
010 0 0065336428 LICK
010 0 0065336864 TIMEOUT_START
010 0 0065980948 RESP_END
010 0 0072337312 TIMEOUT_END
011 0 0074248624 STIM_START
011 0 0074892052 LICK
011 0 0075347268 STIM_END_RESP_START
011 0 0075456596 LICK
011 0 0075457032 TIMEOUT_START
011 0 0075688024 LICK
011 0 0075688460 TIMEOUT_START
011 0 0075861544 LICK
011 0 0075861980 TIMEOUT_START
011 0 0076023748 LICK
011 0 0076024192 TIMEOUT_START
011 0 0076418184 LICK
011 0 0076418624 TIMEOUT_START
011 0 0076547304 RESP_END
011 0 0083419080 TIMEOUT_END
012 1 0085701808 STIM_START
012 1 0085979260 LICK
012 1 0086705792 LICK
012 1 0086800460 STIM_END_RESP_START
012 1 0087086028 LICK
012 1 0087086472 REWARD_START
012 1 0087284300 LICK
012 1 0087426648 LICK
012 1 0087543560 LICK
012 1 0087684420 LICK
012 1 0087841348 LICK
012 1 0088000508 RESP_END
012 1 0087116920 REWARD_END
013 1 0090205400 STIM_START
013 1 0090692160 LICK
013 1 0091304052 STIM_END_RESP_START
013 1 0091455088 LICK
013 1 0091455532 REWARD_START
013 1 0091802720 LICK
013 1 0091930264 LICK
013 1 0092220588 LICK
013 1 0092504104 RESP_END
013 1 0091485996 REWARD_END
014 0 0096598708 STIM_START
014 0 0097697340 STIM_END_RESP_START
014 0 0098897368 RESP_END
015 1 0100964420 STIM_START
015 1 0101412136 LICK
015 1 0102063084 STIM_END_RESP_START
015 1 0102156556 LICK
015 1 0102157040 REWARD_START
015 1 0102387540 LICK
015 1 0102532356 LICK
015 1 0102649828 LICK
015 1 0102785308 LICK
015 1 0103263116 RESP_END
015 1 0102187556 REWARD_END
016 0 0105225304 STIM_START
016 0 0106323948 STIM_END_RESP_START
016 0 0107523988 RESP_END
017 0 0109418248 STIM_START
017 0 0109898752 LICK
017 0 0110069040 LICK
017 0 0110516884 STIM_END_RESP_START
017 0 0110573108 LICK
017 0 0110573596 TIMEOUT_START
017 0 0110781516 LICK
017 0 0110782000 TIMEOUT_START
017 0 0110959680 LICK
017 0 0110960164 TIMEOUT_START
017 0 0111303408 LICK
017 0 0111303896 TIMEOUT_START
017 0 0111716896 RESP_END
017 0 0118304396 TIMEOUT_END
018 1 0120045488 STIM_START
018 1 0120571948 LICK
018 1 0121144116 STIM_END_RESP_START
018 1 0121288412 LICK
018 1 0121288900 REWARD_START
018 1 0121496480 LICK
018 1 0121751268 LICK
018 1 0121888256 LICK
018 1 0122031540 LICK
018 1 0122344144 RESP_END
018 1 0121319408 REWARD_END
019 0 0124131548 STIM_START
019 0 0125230200 STIM_END_RESP_START
019 0 0126430244 RESP_END
020 0 0128260612 STIM_START
020 0 0129359260 STIM_END_RESP_START
020 0 0130559304 RESP_END
021 1 0132571416 STIM_START
021 1 0132974416 LICK
021 1 0133596812 LICK
021 1 0133670052 STIM_END_RESP_START
021 1 0133805708 LICK
021 1 0133806200 REWARD_START
021 1 0133939672 LICK
021 1 0134070828 LICK
021 1 0134188244 LICK
021 1 0134320940 LICK
021 1 0134452660 LICK
021 1 0134786672 LICK
021 1 0134870096 RESP_END
021 1 0133836704 REWARD_END
022 0 0136787324 STIM_START
022 0 0137885972 STIM_END_RESP_START
022 0 0139086016 RESP_END
023 0 0141096152 STIM_START
023 0 0141570196 LICK
023 0 0142140552 LICK
023 0 0142194804 STIM_END_RESP_START
023 0 0142258532 LICK
023 0 0142259016 TIMEOUT_START
023 0 0142392044 LICK
023 0 0142392536 TIMEOUT_START
023 0 0142555460 LICK
023 0 0142555944 TIMEOUT_START
023 0 0142719616 LICK
023 0 0142720108 TIMEOUT_START
023 0 0143054648 LICK
023 0 0143055136 TIMEOUT_START
023 0 0143243348 LICK
023 0 0143243832 TIMEOUT_START
023 0 0143394848 RESP_END
023 0 0150244340 TIMEOUT_END
024 1 0152024940 STIM_START
024 1 0152439792 LICK
024 1 0152569428 LICK
024 1 0152776272 LICK
024 1 0152960508 LICK
024 1 0153123576 STIM_END_RESP_START
024 1 0153394152 LICK
024 1 0153394648 REWARD_START
024 1 0153622588 LICK
024 1 0153872364 LICK
024 1 0153997460 LICK
024 1 0154136104 LICK
024 1 0154298428 LICK
024 1 0154323604 RESP_END
024 1 0153425144 REWARD_END
025 0 0155921288 STIM_START
025 0 0156519092 LICK
025 0 0157019948 STIM_END_RESP_START
025 0 0157022456 LICK
025 0 0157022944 TIMEOUT_START
025 0 0157244536 LICK
025 0 0157245024 TIMEOUT_START
025 0 0157429024 LICK
025 0 0157429508 TIMEOUT_START
025 0 0157611368 LICK
025 0 0157611852 TIMEOUT_START
025 0 0157940444 LICK
025 0 0157940936 TIMEOUT_START
025 0 0158121924 LICK
025 0 0158122412 TIMEOUT_START
025 0 0158219976 RESP_END
025 0 0165122916 TIMEOUT_END
026 1 0166828172 STIM_START
026 1 0167411120 LICK
026 1 0167906444 LICK
026 1 0167926820 STIM_END_RESP_START
026 1 0168088876 LICK
026 1 0168089360 REWARD_START
026 1 0168271324 LICK
026 1 0168519432 LICK
026 1 0168649636 LICK
026 1 0168785332 LICK
026 1 0168958840 LICK
026 1 0169126836 RESP_END
026 1 0168119868 REWARD_END
027 0 0170893280 STIM_START
027 0 0171991928 STIM_END_RESP_START
027 0 0173191972 RESP_END
028 0 0175099204 STIM_START
028 0 0175694160 LICK
028 0 0176197856 STIM_END_RESP_START
028 0 0177397896 RESP_END
029 0 0179326072 STIM_START
029 0 0180424724 STIM_END_RESP_START
029 0 0180637072 LICK
029 0 0180637556 TIMEOUT_START
029 0 0181624756 RESP_END
029 0 0187638064 TIMEOUT_END
030 1 0189318044 STIM_START
030 1 0189776388 LICK
030 1 0190416692 STIM_END_RESP_START
030 1 0190754164 LICK
030 1 0190754648 REWARD_START
030 1 0190928492 LICK
030 1 0191168112 LICK
030 1 0191295932 LICK
030 1 0191434088 LICK
030 1 0191590760 LICK
030 1 0191616736 RESP_END
030 1 0190785164 REWARD_END
031 1 0193293300 STIM_START
031 1 0193482144 LICK
031 1 0193656524 LICK
031 1 0194022224 LICK
031 1 0194331044 LICK
031 1 0194391952 STIM_END_RESP_START
031 1 0194501412 LICK
031 1 0194501904 REWARD_START
031 1 0194656272 LICK
031 1 0194787992 LICK
031 1 0194906360 LICK
031 1 0195034548 LICK
031 1 0195167932 LICK
031 1 0195311712 LICK
031 1 0195592000 RESP_END
031 1 0194532400 REWARD_END
032 1 0197575108 STIM_START
032 1 0198522296 LICK
032 1 0198673740 STIM_END_RESP_START
032 1 0198689748 LICK
032 1 0198690240 REWARD_START
032 1 0198832340 LICK
032 1 0198964404 LICK
032 1 0199082300 LICK
032 1 0199212840 LICK
032 1 0199496532 LICK
032 1 0199826032 LICK
032 1 0199873764 RESP_END
032 1 0198720732 REWARD_END
033 0 0201481412 STIM_START
033 0 0202580064 STIM_END_RESP_START
033 0 0203780104 RESP_END
034 1 0205851232 STIM_START
034 1 0206647028 LICK
034 1 0206949864 STIM_END_RESP_START
034 1 0206964100 LICK
034 1 0206964584 REWARD_START
034 1 0207116004 LICK
034 1 0207268008 LICK
034 1 0207640788 LICK
034 1 0207787784 LICK
034 1 0208149880 RESP_END
034 1 0206995100 REWARD_END
035 0 0209893272 STIM_START
035 0 0210338224 LICK
035 0 0210820140 LICK
035 0 0210991924 STIM_END_RESP_START
035 0 0211000488 LICK
035 0 0211000968 TIMEOUT_START
035 0 0211167308 LICK
035 0 0211167792 TIMEOUT_START
035 0 0211374684 LICK
035 0 0211375172 TIMEOUT_START
035 0 0211521492 LICK
035 0 0211521980 TIMEOUT_START
035 0 0211690620 LICK
035 0 0211691100 TIMEOUT_START
035 0 0211882416 LICK
035 0 0211882900 TIMEOUT_START
035 0 0212051784 LICK
035 0 0212052272 TIMEOUT_START
035 0 0212191964 RESP_END
035 0 0219052764 TIMEOUT_END
036 0 0220918000 STIM_START
036 0 0222016640 STIM_END_RESP_START
036 0 0222612308 LICK
036 0 0222612800 TIMEOUT_START
036 0 0222790368 LICK
036 0 0222790860 TIMEOUT_START
036 0 0223216688 RESP_END
036 0 0229791352 TIMEOUT_END
037 0 0231537236 STIM_START
037 0 0231928692 LICK
037 0 0232518512 LICK
037 0 0232635868 STIM_END_RESP_START
037 0 0232707112 LICK
037 0 0232707596 TIMEOUT_START
037 0 0233086796 LICK
037 0 0233087288 TIMEOUT_START
037 0 0233271940 LICK
037 0 0233272432 TIMEOUT_START
037 0 0233835896 RESP_END
037 0 0240272932 TIMEOUT_END
038 1 0242325260 STIM_START
038 1 0242955704 LICK
038 1 0243328636 LICK
038 1 0243423912 STIM_END_RESP_START
038 1 0243498236 LICK
038 1 0243498720 REWARD_START
038 1 0243709024 LICK
038 1 0243953604 LICK
038 1 0244091504 LICK
038 1 0244623928 RESP_END
038 1 0243529236 REWARD_END
039 0 0246643024 STIM_START
039 0 0247741676 STIM_END_RESP_START
039 0 0248941720 RESP_END
040 1 0250812004 STIM_START
040 1 0251238832 LICK
040 1 0251718888 LICK
040 1 0251910656 STIM_END_RESP_START
040 1 0252044588 LICK
040 1 0252045072 REWARD_START
040 1 0252457180 LICK
040 1 0252582628 LICK
040 1 0252715520 LICK
040 1 0252863428 LICK
040 1 0253110692 RESP_END
040 1 0252075588 REWARD_END
041 0 0255051912 STIM_START
041 0 0255294208 LICK
041 0 0256150564 STIM_END_RESP_START
041 0 0256415304 LICK
041 0 0256415792 TIMEOUT_START
041 0 0256587576 LICK
041 0 0256588064 TIMEOUT_START
041 0 0256771560 LICK
041 0 0256772044 TIMEOUT_START
041 0 0256979132 LICK
041 0 0256979616 TIMEOUT_START
041 0 0257161080 LICK
041 0 0257161572 TIMEOUT_START
041 0 0257350588 RESP_END
041 0 0264162080 TIMEOUT_END
042 0 0266200500 STIM_START
042 0 0267299152 STIM_END_RESP_START
042 0 0267452756 LICK
042 0 0267453240 TIMEOUT_START
042 0 0267659744 LICK
042 0 0267660228 TIMEOUT_START
042 0 0268499172 RESP_END
042 0 0274660732 TIMEOUT_END
043 1 0276522104 STIM_START
043 1 0277620752 STIM_END_RESP_START
043 1 0277703968 LICK
043 1 0277704452 REWARD_START
043 1 0278397892 LICK
043 1 0278532872 LICK
043 1 0278675284 LICK
043 1 0278820788 RESP_END
043 1 0277734968 REWARD_END
044 1 0281726772 STIM_START
044 1 0282271552 LICK
044 1 0282825412 STIM_END_RESP_START
044 1 0282912272 LICK
044 1 0282912756 REWARD_START
044 1 0283083124 LICK
044 1 0283313552 LICK
044 1 0283434868 LICK
044 1 0283574520 LICK
044 1 0283716856 LICK
044 1 0284025440 RESP_END
044 1 0282943268 REWARD_END
045 1 0286011648 STIM_START
045 1 0286431928 LICK
045 1 0286557276 LICK
045 1 0286712208 LICK
045 1 0286902348 LICK
045 1 0287110284 STIM_END_RESP_START
045 1 0287673484 LICK
045 1 0287673972 REWARD_START
045 1 0287813472 LICK
045 1 0287957612 LICK
045 1 0288083568 LICK
045 1 0288222800 LICK
045 1 0288310312 RESP_END
045 1 0287704488 REWARD_END
046 0 0292018424 STIM_START
046 0 0293117072 STIM_END_RESP_START
046 0 0293429432 LICK
046 0 0293429920 TIMEOUT_START
046 0 0293797636 LICK
046 0 0293798124 TIMEOUT_START
046 0 0293988192 LICK
046 0 0293988684 TIMEOUT_START
046 0 0294317116 RESP_END
046 0 0300989180 TIMEOUT_END
047 1 0302920312 STIM_START
047 1 0303402244 LICK
047 1 0303941164 LICK
047 1 0304018960 STIM_END_RESP_START
047 1 0304344940 LICK
047 1 0304345432 REWARD_START
047 1 0304517060 LICK
047 1 0304707824 LICK
047 1 0304960836 LICK
047 1 0305086948 LICK
047 1 0305219004 RESP_END
047 1 0304375928 REWARD_END
048 1 0307263064 STIM_START
048 1 0307673688 LICK
048 1 0308251504 LICK
048 1 0308361700 STIM_END_RESP_START
048 1 0308454720 LICK
048 1 0308455204 REWARD_START
048 1 0308638780 LICK
048 1 0308771556 LICK
048 1 0308898340 LICK
048 1 0309183548 LICK
048 1 0309561724 RESP_END
048 1 0308485720 REWARD_END
049 0 0311179372 STIM_START
049 0 0312278016 STIM_END_RESP_START
049 0 0313478060 RESP_END
050 1 0315076636 STIM_START
050 1 0315595200 LICK
050 1 0315940828 LICK
050 1 0316117280 LICK
050 1 0316175252 STIM_END_RESP_START
050 1 0316262188 LICK
050 1 0316262680 REWARD_START
050 1 0316419356 LICK
050 1 0316556040 LICK
050 1 0316676836 LICK
050 1 0316807264 LICK
050 1 0316941104 LICK
050 1 0317086740 LICK
050 1 0317375296 RESP_END
050 1 0316293176 REWARD_END
051 1 0319347496 STIM_START
051 1 0319738876 LICK
051 1 0320116872 LICK
051 1 0320312576 LICK
051 1 0320446136 STIM_END_RESP_START
051 1 0320667496 LICK
051 1 0320667984 REWARD_START
051 1 0320840916 LICK
051 1 0320981012 LICK
051 1 0321100472 LICK
051 1 0321232112 LICK
051 1 0321524600 LICK
051 1 0321646176 RESP_END
051 1 0320698480 REWARD_END
052 1 0323247852 STIM_START
052 1 0324308320 LICK
052 1 0324346484 STIM_END_RESP_START
052 1 0324494644 LICK
052 1 0324495132 REWARD_START
052 1 0324649964 LICK
052 1 0324783248 LICK
052 1 0324915296 LICK
052 1 0325043564 LICK
052 1 0325179300 LICK
052 1 0325342608 LICK
052 1 0325546516 RESP_END
052 1 0324525644 REWARD_END
053 0 0327360832 STIM_START
053 0 0328459480 STIM_END_RESP_START
053 0 0329659524 RESP_END
054 0 0331704640 STIM_START
054 0 0332803288 STIM_END_RESP_START
054 0 0334003328 RESP_END
055 1 0335834648 STIM_START
055 1 0336867660 LICK
055 1 0336933300 STIM_END_RESP_START
055 1 0337074592 LICK
055 1 0337075076 REWARD_START
055 1 0337200748 LICK
055 1 0337329628 LICK
055 1 0337456824 LICK
055 1 0337588128 LICK
055 1 0337730732 LICK
055 1 0338133336 RESP_END
055 1 0337105588 REWARD_END
056 0 0340042608 STIM_START
056 0 0341141260 STIM_END_RESP_START
056 0 0342341304 RESP_END
057 0 0343938900 STIM_START
057 0 0345037552 STIM_END_RESP_START
057 0 0346237596 RESP_END
058 1 0347864176 STIM_START
058 1 0348664592 LICK
058 1 0348833812 LICK
058 1 0348962824 STIM_END_RESP_START
058 1 0348991980 LICK
058 1 0348992464 REWARD_START
058 1 0349143472 LICK
058 1 0349279668 LICK
058 1 0349399252 LICK
058 1 0349526340 LICK
058 1 0349659912 LICK
058 1 0349826900 LICK
058 1 0350162860 RESP_END
058 1 0349022976 REWARD_END
059 0 0352218904 STIM_START
059 0 0353317552 STIM_END_RESP_START
059 0 0354517596 RESP_END
060 1 0356146264 STIM_START
060 1 0356650436 LICK
060 1 0357145064 LICK
060 1 0357244912 STIM_END_RESP_START
060 1 0357471872 LICK
060 1 0357472364 REWARD_START
060 1 0357635464 LICK
060 1 0357875616 LICK
060 1 0358010140 LICK
060 1 0358146976 LICK
060 1 0358302132 LICK
060 1 0358444940 RESP_END
060 1 0357502872 REWARD_END
061 1 0360062472 STIM_START
061 1 0360305652 LICK
061 1 0360476712 LICK
061 1 0360804416 LICK
061 1 0360991460 LICK
061 1 0361157408 LICK
061 1 0361161104 STIM_END_RESP_START
061 1 0361496076 LICK
061 1 0361496560 REWARD_START
061 1 0361667368 LICK
061 1 0361803416 LICK
061 1 0361928580 LICK
061 1 0362204932 LICK
061 1 0362361136 RESP_END
061 1 0361527076 REWARD_END
062 0 0364026756 STIM_START
062 0 0365005860 LICK
062 0 0365125400 STIM_END_RESP_START
062 0 0365202048 LICK
062 0 0365202536 TIMEOUT_START
062 0 0365406144 LICK
062 0 0365406632 TIMEOUT_START
062 0 0365768020 LICK
062 0 0365768504 TIMEOUT_START
062 0 0366325444 RESP_END
062 0 0372769008 TIMEOUT_END
063 0 0374513140 STIM_START
063 0 0375611792 STIM_END_RESP_START
063 0 0376811836 RESP_END
064 1 0378760964 STIM_START
064 1 0379399180 LICK
064 1 0379734920 LICK
064 1 0379859620 STIM_END_RESP_START
064 1 0379921592 LICK
064 1 0379922080 REWARD_START
064 1 0380099444 LICK
064 1 0380268564 LICK
064 1 0380445792 LICK
064 1 0380616756 LICK
064 1 0380759368 LICK
064 1 0380875200 LICK
064 1 0381014640 LICK
064 1 0381059636 RESP_END
064 1 0379952592 REWARD_END
065 1 0382810076 STIM_START
065 1 0383031592 LICK
065 1 0383617696 LICK
065 1 0383820780 LICK
065 1 0383908720 STIM_END_RESP_START
065 1 0383992724 LICK
065 1 0383993220 REWARD_START
065 1 0384182708 LICK
065 1 0384324208 LICK
065 1 0384444140 LICK
065 1 0384578312 LICK
065 1 0384718636 LICK
065 1 0384869356 LICK
065 1 0385108764 RESP_END
065 1 0384023720 REWARD_END
066 1 0386790300 STIM_START
066 1 0387225360 LICK
066 1 0387770808 LICK
066 1 0387888944 STIM_END_RESP_START
066 1 0387942168 LICK
066 1 0387942660 REWARD_START
066 1 0388112212 LICK
066 1 0388250340 LICK
066 1 0388374712 LICK
066 1 0388508616 LICK
066 1 0388666428 LICK
066 1 0388829124 LICK
066 1 0389088960 RESP_END
066 1 0387973160 REWARD_END
067 0 0393146680 STIM_START
067 0 0393648512 LICK
067 0 0393996652 LICK
067 0 0394245320 STIM_END_RESP_START
067 0 0394346592 LICK
067 0 0394347076 TIMEOUT_START
067 0 0394523560 LICK
067 0 0394524052 TIMEOUT_START
067 0 0394687416 LICK
067 0 0394687908 TIMEOUT_START
067 0 0394848288 LICK
067 0 0394848772 TIMEOUT_START
067 0 0395016308 LICK
067 0 0395016792 TIMEOUT_START
067 0 0395241244 LICK
067 0 0395241732 TIMEOUT_START
067 0 0395445368 RESP_END
067 0 0402242228 TIMEOUT_END
068 1 0403987576 STIM_START
068 1 0404530964 LICK
068 1 0404867492 LICK
068 1 0405086216 STIM_END_RESP_START
068 1 0405234524 LICK
068 1 0405235016 REWARD_START
068 1 0405418344 LICK
068 1 0405556476 LICK
068 1 0405690208 LICK
068 1 0405852596 LICK
068 1 0406286256 RESP_END
068 1 0405265516 REWARD_END
069 0 0408248440 STIM_START
069 0 0409347092 STIM_END_RESP_START
069 0 0410547128 RESP_END
070 1 0412480344 STIM_START
070 1 0412930260 LICK
070 1 0413302236 LICK
070 1 0413486688 LICK
070 1 0413578976 STIM_END_RESP_START
070 1 0413678484 LICK
070 1 0413678976 REWARD_START
070 1 0413847500 LICK
070 1 0413985964 LICK
070 1 0414108092 LICK
070 1 0414250456 LICK
070 1 0414422716 LICK
070 1 0414779004 RESP_END
070 1 0413709472 REWARD_END
071 1 0416544520 STIM_START
071 1 0417484636 LICK
071 1 0417643160 STIM_END_RESP_START
071 1 0417857388 LICK
071 1 0417857876 REWARD_START
071 1 0418027960 LICK
071 1 0418267272 LICK
071 1 0418401980 LICK
071 1 0418537148 LICK
071 1 0418702088 LICK
071 1 0418843192 RESP_END
071 1 0417888372 REWARD_END
072 1 0423907600 STIM_START
072 1 0424108524 LICK
072 1 0424665440 LICK
072 1 0424867668 LICK
072 1 0425006260 STIM_END_RESP_START
072 1 0425051260 LICK
072 1 0425051744 REWARD_START
072 1 0426206304 RESP_END
072 1 0425082256 REWARD_END
073 0 0432943700 STIM_START
073 0 0433471160 LICK
073 0 0434042332 STIM_END_RESP_START
073 0 0434120932 LICK
073 0 0434121420 TIMEOUT_START
073 0 0434303012 LICK
073 0 0434303496 TIMEOUT_START
073 0 0434484916 LICK
073 0 0434485404 TIMEOUT_START
073 0 0434866768 LICK
073 0 0434867260 TIMEOUT_START
073 0 0435055720 LICK
073 0 0435056208 TIMEOUT_START
073 0 0435242376 RESP_END
073 0 0442056716 TIMEOUT_END
074 0 0444095296 STIM_START
074 0 0445193944 STIM_END_RESP_START
074 0 0446393992 RESP_END
075 1 0448321232 STIM_START
075 1 0449419880 STIM_END_RESP_START
075 1 0450619924 RESP_END
076 0 0452695944 STIM_START
076 0 0453794596 STIM_END_RESP_START
076 0 0454994640 RESP_END
077 1 0456731124 STIM_START
077 1 0457238220 LICK
077 1 0457440396 LICK
077 1 0457804552 LICK
077 1 0457829760 STIM_END_RESP_START
077 1 0458211868 LICK
077 1 0458212360 REWARD_START
077 1 0458438444 LICK
077 1 0458695544 LICK
077 1 0458825700 LICK
077 1 0458962472 LICK
077 1 0459029808 RESP_END
077 1 0458242868 REWARD_END
078 0 0461224664 STIM_START
078 0 0462323312 STIM_END_RESP_START
078 0 0463523356 RESP_END
079 0 0465551476 STIM_START
079 0 0466650124 STIM_END_RESP_START
079 0 0467850160 RESP_END
080 0 0469536636 STIM_START
080 0 0470635288 STIM_END_RESP_START
080 0 0471507028 LICK
080 0 0471507516 TIMEOUT_START
080 0 0471682428 LICK
080 0 0471682912 TIMEOUT_START
080 0 0471835332 RESP_END
080 0 0478683420 TIMEOUT_END
081 1 0480705188 STIM_START
081 1 0481333620 LICK
081 1 0481674516 LICK
081 1 0481803812 STIM_END_RESP_START
081 1 0482027916 LICK
081 1 0482028404 REWARD_START
081 1 0482232184 LICK
081 1 0482407560 LICK
081 1 0482569816 LICK
081 1 0482688664 LICK
081 1 0482815648 LICK
081 1 0482964652 LICK
081 1 0483003848 RESP_END
081 1 0482058916 REWARD_END
082 0 0485013008 STIM_START
082 0 0486111660 STIM_END_RESP_START
082 0 0487311704 RESP_END
083 1 0488940308 STIM_START
083 1 0489480464 LICK
083 1 0489846164 LICK
083 1 0490038108 LICK
083 1 0490038940 STIM_END_RESP_START
083 1 0490243888 LICK
083 1 0490244380 REWARD_START
083 1 0490400368 LICK
083 1 0490536260 LICK
083 1 0490657964 LICK
083 1 0490792824 LICK
083 1 0490938120 LICK
083 1 0491238968 RESP_END
083 1 0490274876 REWARD_END
084 1 0493204156 STIM_START
084 1 0494146076 LICK
084 1 0494302776 STIM_END_RESP_START
084 1 0494492684 LICK
084 1 0494493168 REWARD_START
084 1 0494651252 LICK
084 1 0494792380 LICK
084 1 0494909228 LICK
084 1 0495035408 LICK
084 1 0495166900 LICK
084 1 0495317016 LICK
084 1 0495491244 LICK
084 1 0495502824 RESP_END
084 1 0494523668 REWARD_END
085 1 0497826592 STIM_START
085 1 0498925244 STIM_END_RESP_START
085 1 0499012140 LICK
085 1 0499012636 REWARD_START
085 1 0499187804 LICK
085 1 0499325628 LICK
085 1 0499449844 LICK
085 1 0499583224 LICK
085 1 0499733444 LICK
085 1 0500125280 RESP_END
085 1 0499043144 REWARD_END
086 0 0501890672 STIM_START
086 0 0502950728 LICK
086 0 0502989324 STIM_END_RESP_START
086 0 0504189336 RESP_END
087 1 0505849908 STIM_START
087 1 0506145852 LICK
087 1 0506412880 LICK
087 1 0506948564 STIM_END_RESP_START
087 1 0508148596 RESP_END
088 0 0510256652 STIM_START
088 0 0511355308 STIM_END_RESP_START
088 0 0512555352 RESP_END
089 1 0514181904 STIM_START
089 1 0515280556 STIM_END_RESP_START
089 1 0516480596 RESP_END
090 0 0518147104 STIM_START
090 0 0519245748 STIM_END_RESP_START
090 0 0520445792 RESP_END
091 0 0522236204 STIM_START
091 0 0523334860 STIM_END_RESP_START
091 0 0524534904 RESP_END
092 0 0526519096 STIM_START
092 0 0527617744 STIM_END_RESP_START
092 0 0528817784 RESP_END
093 1 0530844816 STIM_START
093 1 0531943464 STIM_END_RESP_START
093 1 0532697848 LICK
093 1 0532698340 REWARD_START
093 1 0533124948 LICK
093 1 0533143484 RESP_END
093 1 0532728852 REWARD_END
094 1 0536881568 STIM_START
094 1 0537920892 LICK
094 1 0537980208 STIM_END_RESP_START
094 1 0538119128 LICK
094 1 0538119616 REWARD_START
094 1 0538309120 LICK
094 1 0538577444 LICK
094 1 0538709548 LICK
094 1 0539011472 LICK
094 1 0539180256 RESP_END
094 1 0538150112 REWARD_END
095 0 0540907684 STIM_START
095 0 0542006332 STIM_END_RESP_START
095 0 0543206368 RESP_END
096 1 0545061724 STIM_START
096 1 0545576412 LICK
096 1 0545752048 LICK
096 1 0545930980 LICK
096 1 0546082776 LICK
096 1 0546160384 STIM_END_RESP_START
096 1 0546255728 LICK
096 1 0546256216 REWARD_START
096 1 0546411816 LICK
096 1 0546656084 LICK
096 1 0546789052 LICK
096 1 0546919636 LICK
096 1 0547360428 RESP_END
096 1 0546286712 REWARD_END
097 1 0549178788 STIM_START
097 1 0549649712 LICK
097 1 0549992360 LICK
097 1 0550185644 LICK
097 1 0550277444 STIM_END_RESP_START
097 1 0550341472 LICK
097 1 0550341968 REWARD_START
097 1 0550504696 LICK
097 1 0550645512 LICK
097 1 0550773776 LICK
097 1 0551027808 LICK
097 1 0551181596 LICK
097 1 0551477476 RESP_END
097 1 0550372464 REWARD_END
098 1 0553377664 STIM_START
098 1 0553846436 LICK
098 1 0554188340 LICK
098 1 0554476324 STIM_END_RESP_START
098 1 0554540324 LICK
098 1 0554540808 REWARD_START
098 1 0554714624 LICK
098 1 0554854420 LICK
098 1 0554980592 LICK
098 1 0555255372 LICK
098 1 0555424672 LICK
098 1 0555676364 RESP_END
098 1 0554571324 REWARD_END
099 0 0557707504 STIM_START
099 0 0558806156 STIM_END_RESP_START
099 0 0560006200 RESP_END
100 0 0561801528 STIM_START
100 0 0562900176 STIM_END_RESP_START
100 0 0564100224 RESP_END
101 0 0565729796 STIM_START
101 0 0566828448 STIM_END_RESP_START
101 0 0568028492 RESP_END
102 1 0569838880 STIM_START
102 1 0570937528 STIM_END_RESP_START
102 1 0572137572 RESP_END
103 1 0574006892 STIM_START
103 1 0575105540 STIM_END_RESP_START
103 1 0576305584 RESP_END
104 0 0578180836 STIM_START
104 0 0579279488 STIM_END_RESP_START
104 0 0580479528 RESP_END
105 0 0582308912 STIM_START
105 0 0583407556 STIM_END_RESP_START
105 0 0584607600 RESP_END
106 0 0586405900 STIM_START
106 0 0587504544 STIM_END_RESP_START
106 0 0588704592 RESP_END
107 1 0590619856 STIM_START
107 1 0591705896 LICK
107 1 0591718512 STIM_END_RESP_START
107 1 0591875516 LICK
107 1 0591876000 REWARD_START
107 1 0592018004 LICK
107 1 0592155976 LICK
107 1 0592280592 LICK
107 1 0592918524 RESP_END
107 1 0591906512 REWARD_END
108 1 0594700928 STIM_START
108 1 0595215152 LICK
108 1 0595747740 LICK
108 1 0595799568 STIM_END_RESP_START
108 1 0595942060 LICK
108 1 0595942556 REWARD_START
108 1 0596104020 LICK
108 1 0596354260 LICK
108 1 0596496136 LICK
108 1 0596999612 RESP_END
108 1 0595973064 REWARD_END
109 1 0599203504 STIM_START
109 1 0599908688 LICK
109 1 0600088648 LICK
109 1 0600253232 LICK
109 1 0600302148 STIM_END_RESP_START
109 1 0600600056 LICK
109 1 0600600540 REWARD_START
109 1 0600759960 LICK
109 1 0600898772 LICK
109 1 0601028932 LICK
109 1 0601167512 LICK
109 1 0601308184 LICK
109 1 0601502188 RESP_END
109 1 0600631056 REWARD_END
110 0 0603245652 STIM_START
110 0 0604344300 STIM_END_RESP_START
110 0 0605544344 RESP_END
111 0 0607496504 STIM_START
111 0 0608595152 STIM_END_RESP_START
111 0 0609795200 RESP_END
112 1 0611563644 STIM_START
112 1 0612547144 LICK
112 1 0612662304 STIM_END_RESP_START
112 1 0612893424 LICK
112 1 0612893920 REWARD_START
112 1 0613075304 LICK
112 1 0613207708 LICK
112 1 0613332592 LICK
112 1 0613463364 LICK
112 1 0613610060 LICK
112 1 0613862352 RESP_END
112 1 0612924432 REWARD_END
113 1 0615545844 STIM_START
113 1 0615993220 LICK
113 1 0616412544 LICK
113 1 0616644488 STIM_END_RESP_START
113 1 0616772376 LICK
113 1 0616772868 REWARD_START
113 1 0616929492 LICK
113 1 0617067656 LICK
113 1 0617204292 LICK
113 1 0617335372 LICK
113 1 0617485408 LICK
113 1 0617844508 RESP_END
113 1 0616803364 REWARD_END
114 0 0619829700 STIM_START
114 0 0620928348 STIM_END_RESP_START
114 0 0622128392 RESP_END
115 0 0623793916 STIM_START
115 0 0624892568 STIM_END_RESP_START
115 0 0626092616 RESP_END
116 1 0627829076 STIM_START
116 1 0628673212 LICK
116 1 0628927712 STIM_END_RESP_START
116 1 0629053124 LICK
116 1 0629053616 REWARD_START
116 1 0629216876 LICK
116 1 0629350912 LICK
116 1 0629473108 LICK
116 1 0629605700 LICK
116 1 0629752320 LICK
116 1 0630127732 RESP_END
116 1 0629084128 REWARD_END
117 0 0631933088 STIM_START
117 0 0633031740 STIM_END_RESP_START
117 0 0634231776 RESP_END
118 0 0636004184 STIM_START
118 0 0637102836 STIM_END_RESP_START
118 0 0638302880 RESP_END
119 1 0640094284 STIM_START
119 1 0640958344 LICK
119 1 0641192932 STIM_END_RESP_START
119 1 0641288912 LICK
119 1 0641289404 REWARD_START
119 1 0641455044 LICK
119 1 0641587312 LICK
119 1 0641704680 LICK
119 1 0641838932 LICK
119 1 0641998632 LICK
119 1 0642392972 RESP_END
119 1 0641319908 REWARD_END
120 1 0644158364 STIM_START
120 1 0645205692 LICK
120 1 0645257016 STIM_END_RESP_START
120 1 0645395080 LICK
120 1 0645395572 REWARD_START
120 1 0645553852 LICK
120 1 0645806888 LICK
120 1 0645947144 LICK
120 1 0646089512 LICK
120 1 0646278240 LICK
120 1 0646457040 RESP_END
120 1 0645426080 REWARD_END
121 0 0648382316 STIM_START
121 0 0649480968 STIM_END_RESP_START
121 0 0650681016 RESP_END
122 1 0652630208 STIM_START
122 1 0653062068 LICK
122 1 0653412464 LICK
122 1 0653728844 STIM_END_RESP_START
122 1 0653758224 LICK
122 1 0653758716 REWARD_START
122 1 0653914360 LICK
122 1 0654048688 LICK
122 1 0654173200 LICK
122 1 0654303404 LICK
122 1 0654444604 LICK
122 1 0654928888 RESP_END
122 1 0653789216 REWARD_END
123 1 0656964976 STIM_START
123 1 0657441056 LICK
123 1 0657849260 LICK
123 1 0658045628 LICK
123 1 0658063624 STIM_END_RESP_START
123 1 0658217296 LICK
123 1 0658217780 REWARD_START
123 1 0658395340 LICK
123 1 0658531880 LICK
123 1 0658658848 LICK
123 1 0658795116 LICK
123 1 0658959108 LICK
123 1 0659263644 RESP_END
123 1 0658248296 REWARD_END
124 0 0660902220 STIM_START
124 0 0662000872 STIM_END_RESP_START
124 0 0663200916 RESP_END
125 1 0664786544 STIM_START
125 1 0665582496 LICK
125 1 0665885184 STIM_END_RESP_START
125 1 0665908528 LICK
125 1 0665909012 REWARD_START
125 1 0666054184 LICK
125 1 0666186424 LICK
125 1 0666309112 LICK
125 1 0666446108 LICK
125 1 0666605884 LICK
125 1 0667085220 RESP_END
125 1 0665939524 REWARD_END
126 1 0668990508 STIM_START
126 1 0669744900 LICK
126 1 0670089160 STIM_END_RESP_START
126 1 0670095248 LICK
126 1 0670095748 REWARD_START
126 1 0670264380 LICK
126 1 0670402392 LICK
126 1 0670529132 LICK
126 1 0670804436 LICK
126 1 0671289192 RESP_END
126 1 0670126260 REWARD_END
127 0 0673057608 STIM_START
127 0 0674156256 STIM_END_RESP_START
127 0 0675356300 RESP_END
128 1 0677343460 STIM_START
128 1 0678094652 LICK
128 1 0678271468 LICK
128 1 0678427464 LICK
128 1 0678442104 STIM_END_RESP_START
128 1 0678596788 LICK
128 1 0678597272 REWARD_START
128 1 0678779204 LICK
128 1 0678919680 LICK
128 1 0679046620 LICK
128 1 0679185912 LICK
128 1 0679362656 LICK
128 1 0679642148 RESP_END
128 1 0678627788 REWARD_END
129 0 0681560392 STIM_START
129 0 0682659044 STIM_END_RESP_START
129 0 0683859088 RESP_END
130 0 0685465660 STIM_START
130 0 0686564300 STIM_END_RESP_START
130 0 0687764344 RESP_END
131 0 0689372932 STIM_START
131 0 0690471580 STIM_END_RESP_START
131 0 0691671628 RESP_END
132 1 0693734700 STIM_START
132 1 0694732608 LICK
132 1 0694833356 STIM_END_RESP_START
132 1 0695071272 LICK
132 1 0695071764 REWARD_START
132 1 0695228244 LICK
132 1 0695360500 LICK
132 1 0695492284 LICK
132 1 0695632876 LICK
132 1 0695807188 LICK
132 1 0696033396 RESP_END
132 1 0695102272 REWARD_END
133 0 0697919688 STIM_START
133 0 0699018340 STIM_END_RESP_START
133 0 0700218384 RESP_END
134 0 0702229476 STIM_START
134 0 0703328128 STIM_END_RESP_START
134 0 0704528172 RESP_END
135 0 0706516320 STIM_START
135 0 0707614972 STIM_END_RESP_START
135 0 0708815020 RESP_END
136 1 0710522520 STIM_START
136 1 0711136832 LICK
136 1 0711621168 STIM_END_RESP_START
136 1 0711663428 LICK
136 1 0711663920 REWARD_START
136 1 0711833272 LICK
136 1 0712086740 LICK
136 1 0712233812 LICK
136 1 0712396552 LICK
136 1 0712821192 RESP_END
136 1 0711694420 REWARD_END
137 0 0714569616 STIM_START
137 0 0714986632 LICK
137 0 0715180856 LICK
137 0 0715528264 LICK
137 0 0715668256 STIM_END_RESP_START
137 0 0716078712 LICK
137 0 0716079204 TIMEOUT_START
137 0 0716434144 LICK
137 0 0716434636 TIMEOUT_START
137 0 0716636448 LICK
137 0 0716636936 TIMEOUT_START
137 0 0716815124 LICK
137 0 0716815616 TIMEOUT_START
137 0 0716868276 RESP_END
137 0 0723816112 TIMEOUT_END
138 1 0725733224 STIM_START
138 1 0726672496 LICK
138 1 0726831880 STIM_END_RESP_START
138 1 0727036204 LICK
138 1 0727036692 REWARD_START
138 1 0727205000 LICK
138 1 0727347420 LICK
138 1 0727473400 LICK
138 1 0727602764 LICK
138 1 0727764820 LICK
138 1 0728031916 RESP_END
138 1 0727067208 REWARD_END
139 1 0729920116 STIM_START
139 1 0730962056 LICK
139 1 0731018776 STIM_END_RESP_START
139 1 0731332904 LICK
139 1 0731333388 REWARD_START
139 1 0731509544 LICK
139 1 0731649536 LICK
139 1 0731774088 LICK
139 1 0731911716 LICK
139 1 0732076996 LICK
139 1 0732218820 RESP_END
139 1 0731363908 REWARD_END
140 0 0734126160 STIM_START
140 0 0735224804 STIM_END_RESP_START
140 0 0736424852 RESP_END
141 0 0738299068 STIM_START
141 0 0739397716 STIM_END_RESP_START
141 0 0740597756 RESP_END
142 0 0742327204 STIM_START
142 0 0743425856 STIM_END_RESP_START
142 0 0744625896 RESP_END
143 1 0746619036 STIM_START
143 1 0747461396 LICK
143 1 0747717668 STIM_END_RESP_START
143 1 0747991624 LICK
143 1 0747992116 REWARD_START
143 1 0748158540 LICK
143 1 0748295112 LICK
143 1 0748423260 LICK
143 1 0748560480 LICK
143 1 0748723020 LICK
143 1 0748917712 RESP_END
143 1 0748022624 REWARD_END
144 0 0750704132 STIM_START
144 0 0751802784 STIM_END_RESP_START
144 0 0753002832 RESP_END
145 1 0754936036 STIM_START
145 1 0755827540 LICK
145 1 0756017240 LICK
145 1 0756034660 STIM_END_RESP_START
145 1 0756371424 LICK
145 1 0756371916 REWARD_START
145 1 0756550896 LICK
145 1 0756695364 LICK
145 1 0756825632 LICK
145 1 0756958976 LICK
145 1 0757105644 LICK
145 1 0757234680 RESP_END
145 1 0756402412 REWARD_END
146 0 0758863312 STIM_START
146 0 0759961964 STIM_END_RESP_START
146 0 0761162008 RESP_END
147 0 0763098176 STIM_START
147 0 0764196820 STIM_END_RESP_START
147 0 0765396864 RESP_END
148 0 0767412004 STIM_START
148 0 0768510652 STIM_END_RESP_START
148 0 0769710700 RESP_END
149 1 0771678868 STIM_START
149 1 0772523088 LICK
149 1 0772777504 STIM_END_RESP_START
149 1 0772854836 LICK
149 1 0772855320 REWARD_START
149 1 0773023836 LICK
149 1 0773162384 LICK
149 1 0773280112 LICK
149 1 0773415536 LICK
149 1 0773559848 LICK
149 1 0773895644 LICK
149 1 0773977544 RESP_END
149 1 0772885820 REWARD_END
150 1 0776011628 STIM_START
150 1 0776490216 LICK
150 1 0777110260 STIM_END_RESP_START
150 1 0777236348 LICK
150 1 0777236840 REWARD_START
150 1 0777412856 LICK
150 1 0777548376 LICK
150 1 0777669768 LICK
150 1 0777941956 LICK
150 1 0778310276 RESP_END
150 1 0777267340 REWARD_END
151 1 0780282528 STIM_START
151 1 0780821876 LICK
151 1 0781162216 LICK
151 1 0781381172 STIM_END_RESP_START
151 1 0781535184 LICK
151 1 0781535680 REWARD_START
151 1 0781700192 LICK
151 1 0781841004 LICK
151 1 0782090220 LICK
151 1 0782230204 LICK
151 1 0782412476 LICK
151 1 0782581184 RESP_END
151 1 0781566176 REWARD_END
152 0 0784485464 STIM_START
152 0 0785584108 STIM_END_RESP_START
152 0 0786784156 RESP_END
153 0 0788712468 STIM_START
153 0 0789811112 STIM_END_RESP_START
153 0 0791011160 RESP_END
154 0 0792902328 STIM_START
154 0 0794000980 STIM_END_RESP_START
154 0 0795201024 RESP_END
155 1 0796812660 STIM_START
155 1 0797911312 STIM_END_RESP_START
155 1 0798048848 LICK
155 1 0798049340 REWARD_START
155 1 0798233088 LICK
155 1 0798374816 LICK
155 1 0798494136 LICK
155 1 0798636996 LICK
155 1 0798805616 LICK
155 1 0799111360 RESP_END
155 1 0798079848 REWARD_END
156 1 0801208340 STIM_START
156 1 0801679608 LICK
156 1 0802006756 LICK
156 1 0802175604 LICK
156 1 0802306972 STIM_END_RESP_START
156 1 0802546092 LICK
156 1 0802546580 REWARD_START
156 1 0802703796 LICK
156 1 0802838008 LICK
156 1 0802974744 LICK
156 1 0803115936 LICK
156 1 0803281296 LICK
156 1 0803507008 RESP_END
156 1 0802577096 REWARD_END
157 0 0805143576 STIM_START
157 0 0806242220 STIM_END_RESP_START
157 0 0807442268 RESP_END
158 0 0809447432 STIM_START
158 0 0810355100 LICK
158 0 0810546068 STIM_END_RESP_START
158 0 0810718968 LICK
158 0 0810719460 TIMEOUT_START
158 0 0811055160 LICK
158 0 0811055644 TIMEOUT_START
158 0 0811397784 LICK
158 0 0811398276 TIMEOUT_START
158 0 0811746100 RESP_END
158 0 0818398780 TIMEOUT_END
159 1 0820418184 STIM_START
159 1 0820802252 LICK
159 1 0821234996 LICK
159 1 0821418696 LICK
159 1 0821516812 STIM_END_RESP_START
159 1 0821581144 LICK
159 1 0821581628 REWARD_START
159 1 0821769236 LICK
159 1 0821907932 LICK
159 1 0822034328 LICK
159 1 0822172240 LICK
159 1 0822336300 LICK
159 1 0822715936 LICK
159 1 0822716860 RESP_END
159 1 0821612144 REWARD_END
160 0 0824387436 STIM_START
160 0 0825486088 STIM_END_RESP_START
160 0 0826686132 RESP_END
161 1 0828293740 STIM_START
161 1 0829142724 LICK
161 1 0829392388 STIM_END_RESP_START
161 1 0829495012 LICK
161 1 0829495504 REWARD_START
161 1 0829670460 LICK
161 1 0829806884 LICK
161 1 0829931768 LICK
161 1 0830064280 LICK
161 1 0830222388 LICK
161 1 0830592420 RESP_END
161 1 0829526008 REWARD_END
162 0 0832575588 STIM_START
162 0 0833674232 STIM_END_RESP_START
162 0 0834874276 RESP_END
163 1 0836843424 STIM_START
163 1 0837679176 LICK
163 1 0837942060 STIM_END_RESP_START
163 1 0838052196 LICK
163 1 0838052684 REWARD_START
163 1 0838220516 LICK
163 1 0838361256 LICK
163 1 0838483908 LICK
163 1 0838621772 LICK
163 1 0838783984 LICK
163 1 0839142088 RESP_END
163 1 0838083196 REWARD_END
164 0 0841192172 STIM_START
164 0 0842290820 STIM_END_RESP_START
164 0 0843490864 RESP_END
165 1 0845481016 STIM_START
165 1 0845902376 LICK
165 1 0846205112 LICK
165 1 0846572112 LICK
165 1 0846579652 STIM_END_RESP_START
165 1 0846924024 LICK
165 1 0846924508 REWARD_START
165 1 0847068752 LICK
165 1 0847210100 LICK
165 1 0847334572 LICK
165 1 0847475088 LICK
165 1 0847651064 LICK
165 1 0847779680 RESP_END
165 1 0846955024 REWARD_END
166 1 0849845764 STIM_START
166 1 0850944412 STIM_END_RESP_START
166 1 0851142420 LICK
166 1 0851142912 REWARD_START
166 1 0851315464 LICK
166 1 0851459960 LICK
166 1 0851578632 LICK
166 1 0851717368 LICK
166 1 0851872068 LICK
166 1 0852144432 RESP_END
166 1 0851173412 REWARD_END
167 0 0854173532 STIM_START
167 0 0855272180 STIM_END_RESP_START
167 0 0856472224 RESP_END
168 1 0858320528 STIM_START
168 1 0859204992 LICK
168 1 0859419184 STIM_END_RESP_START
168 1 0859548916 LICK
168 1 0859549404 REWARD_START
168 1 0859720764 LICK
168 1 0859856772 LICK
168 1 0859982448 LICK
168 1 0860119136 LICK
168 1 0860281684 LICK
168 1 0860619208 RESP_END
168 1 0859579916 REWARD_END
169 1 0862457592 STIM_START
169 1 0862869564 LICK
169 1 0863247264 LICK
169 1 0863441636 LICK
169 1 0863556220 STIM_END_RESP_START
169 1 0863824728 LICK
169 1 0863825220 REWARD_START
169 1 0864023268 LICK
169 1 0864167048 LICK
169 1 0864300508 LICK
169 1 0864439580 LICK
169 1 0864601028 LICK
169 1 0864756244 RESP_END
169 1 0863855720 REWARD_END
170 0 0866497680 STIM_START
170 0 0867596328 STIM_END_RESP_START
170 0 0868796368 RESP_END
171 0 0870414988 STIM_START
171 0 0871513636 STIM_END_RESP_START
171 0 0872713680 RESP_END
172 1 0874707824 STIM_START
172 1 0875184568 LICK
172 1 0875569168 LICK
172 1 0875806476 STIM_END_RESP_START
172 1 0875936356 LICK
172 1 0875936848 REWARD_START
172 1 0876121828 LICK
172 1 0876261964 LICK
172 1 0876391368 LICK
172 1 0876534844 LICK
172 1 0876702856 LICK
172 1 0877006508 RESP_END
172 1 0875967356 REWARD_END
173 1 0879065572 STIM_START
173 1 0879506752 LICK
173 1 0880001740 LICK
173 1 0880164228 STIM_END_RESP_START
173 1 0880768944 LICK
173 1 0880769432 REWARD_START
173 1 0880973996 LICK
173 1 0881118532 LICK
173 1 0881254384 LICK
173 1 0881364244 RESP_END
173 1 0880799928 REWARD_END
174 1 0883506224 STIM_START
174 1 0883978572 LICK
174 1 0884604868 STIM_END_RESP_START
174 1 0884620664 LICK
174 1 0884621152 REWARD_START
174 1 0884789344 LICK
174 1 0884929140 LICK
174 1 0885060372 LICK
174 1 0885202096 LICK
174 1 0885804904 RESP_END
174 1 0884651664 REWARD_END
175 0 0887651188 STIM_START
175 0 0888749840 STIM_END_RESP_START
175 0 0889949884 RESP_END
176 1 0891658360 STIM_START
176 1 0892668976 LICK
176 1 0892757016 STIM_END_RESP_START
176 1 0892860920 LICK
176 1 0892861404 REWARD_START
176 1 0893025944 LICK
176 1 0893281144 LICK
176 1 0893425800 LICK
176 1 0893592592 LICK
176 1 0893957044 RESP_END
176 1 0892891920 REWARD_END
177 0 0895592676 STIM_START
177 0 0896691328 STIM_END_RESP_START
177 0 0897891372 RESP_END
178 0 0899680744 STIM_START
178 0 0900779396 STIM_END_RESP_START
178 0 0901979440 RESP_END
179 1 0903933580 STIM_START
179 1 0904709112 LICK
179 1 0905032228 STIM_END_RESP_START
179 1 0905065484 LICK
179 1 0905065968 REWARD_START
179 1 0905218440 LICK
179 1 0905464356 LICK
179 1 0905600096 LICK
179 1 0905740268 LICK
179 1 0906232264 RESP_END
179 1 0905096468 REWARD_END
180 1 0908177512 STIM_START
180 1 0908536876 LICK
180 1 0908888960 LICK
180 1 0909241296 LICK
180 1 0909276168 STIM_END_RESP_START
180 1 0909592584 LICK
180 1 0909593068 REWARD_START
180 1 0909766036 LICK
180 1 0909911400 LICK
180 1 0910043352 LICK
180 1 0910184620 LICK
180 1 0910366584 LICK
180 1 0910476212 RESP_END
180 1 0909623568 REWARD_END
181 0 0912280552 STIM_START
181 0 0913379200 STIM_END_RESP_START
181 0 0914579248 RESP_END
182 0 0916625320 STIM_START
182 0 0917723968 STIM_END_RESP_START
182 0 0918924016 RESP_END
183 1 0920954120 STIM_START
183 1 0921429392 LICK
183 1 0921773180 LICK
183 1 0922052744 STIM_END_RESP_START
183 1 0922126012 LICK
183 1 0922126504 REWARD_START
183 1 0922299604 LICK
183 1 0922549868 LICK
183 1 0922690304 LICK
183 1 0922864428 LICK
183 1 0923252776 RESP_END
183 1 0922157008 REWARD_END
184 0 0924996244 STIM_START
184 0 0926094896 STIM_END_RESP_START
184 0 0927294940 RESP_END
185 1 0929224136 STIM_START
185 1 0929656348 LICK
185 1 0930023140 LICK
185 1 0930322780 STIM_END_RESP_START
185 1 0930367968 LICK
185 1 0930368456 REWARD_START
185 1 0930541176 LICK
185 1 0930791824 LICK
185 1 0930931652 LICK
185 1 0931087984 LICK
185 1 0931522828 RESP_END
185 1 0930398972 REWARD_END
186 0 0933604888 STIM_START
186 0 0934703540 STIM_END_RESP_START
186 0 0935903584 RESP_END
187 0 0937632052 STIM_START
187 0 0938730700 STIM_END_RESP_START
187 0 0939930748 RESP_END
188 1 0941787000 STIM_START
188 1 0942385580 LICK
188 1 0942732444 LICK
188 1 0942885656 STIM_END_RESP_START
188 1 0943079352 LICK
188 1 0943079844 REWARD_START
188 1 0943261480 LICK
188 1 0943401664 LICK
188 1 0943528712 LICK
188 1 0943669344 LICK
188 1 0943843540 LICK
188 1 0944085676 RESP_END
188 1 0943110344 REWARD_END
189 1 0945861120 STIM_START
189 1 0946367448 LICK
189 1 0946756468 LICK
189 1 0946959752 STIM_END_RESP_START
189 1 0947099808 LICK
189 1 0947100296 REWARD_START
189 1 0947425260 LICK
189 1 0947683576 LICK
189 1 0947824168 LICK
189 1 0947971736 LICK
189 1 0948159792 RESP_END
189 1 0947130812 REWARD_END
190 0 0950029056 STIM_START
190 0 0951127704 STIM_END_RESP_START
190 0 0952327752 RESP_END
191 0 0954277952 STIM_START
191 0 0955376600 STIM_END_RESP_START
191 0 0956576644 RESP_END
192 0 0958430952 STIM_START
192 0 0959529604 STIM_END_RESP_START
192 0 0960729652 RESP_END
193 1 0962539016 STIM_START
193 1 0963114312 LICK
193 1 0963487696 LICK
193 1 0963637652 STIM_END_RESP_START
193 1 0964014244 LICK
193 1 0964014728 REWARD_START
193 1 0964180216 LICK
193 1 0964317968 LICK
193 1 0964453204 LICK
193 1 0964604000 LICK
193 1 0964837676 RESP_END
193 1 0964045244 REWARD_END
194 0 0967040636 STIM_START
194 0 0968139288 STIM_END_RESP_START
194 0 0969339328 RESP_END
195 0 0971069720 STIM_START
195 0 0972168372 STIM_END_RESP_START
195 0 0973368416 RESP_END
196 0 0975340596 STIM_START
196 0 0976439244 STIM_END_RESP_START
196 0 0977639288 RESP_END
197 1 0979635432 STIM_START
197 1 0980330172 LICK
197 1 0980716108 LICK
197 1 0980734084 STIM_END_RESP_START
197 1 0981066804 LICK
197 1 0981067292 REWARD_START
197 1 0981240132 LICK
197 1 0981376636 LICK
197 1 0981504104 LICK
197 1 0981643512 LICK
197 1 0981798360 LICK
197 1 0981934120 RESP_END
197 1 0981097788 REWARD_END
198 1 0983938248 STIM_START
198 1 0984440148 LICK
198 1 0984829408 LICK
198 1 0985036900 STIM_END_RESP_START
198 1 0985197368 LICK
198 1 0985197864 REWARD_START
198 1 0985374208 LICK
198 1 0985516208 LICK
198 1 0985643556 LICK
198 1 0985773380 LICK
198 1 0985933004 LICK
198 1 0986236924 RESP_END
198 1 0985228360 REWARD_END
199 0 0987956360 STIM_START
199 0 0989055012 STIM_END_RESP_START
199 0 0990255052 RESP_END
200 0 0991982572 STIM_START
200 0 0993081224 STIM_END_RESP_START
200 0 0994281272 RESP_END
201 1 0995972728 STIM_START
201 1 0996915424 LICK
201 1 0997071376 STIM_END_RESP_START
201 1 0997271528 LICK
201 1 0997272020 REWARD_START
201 1 0997446180 LICK
201 1 0997586888 LICK
201 1 0997710868 LICK
201 1 0997995120 LICK
201 1 0998271396 RESP_END
201 1 0997302520 REWARD_END
202 1 1000040800 STIM_START
202 1 1000977524 LICK
202 1 1001139452 STIM_END_RESP_START
202 1 1001146452 LICK
202 1 1001146992 REWARD_START
202 1 1001305488 LICK
202 1 1001443764 LICK
202 1 1001570140 LICK
202 1 1001706400 LICK
202 1 1001854732 LICK
202 1 1002339484 RESP_END
202 1 1001177552 REWARD_END
203 0 1004359612 STIM_START
203 0 1005458240 STIM_END_RESP_START
203 0 1006658264 RESP_END
204 1 1008706372 STIM_START
204 1 1009182860 LICK
204 1 1009559540 LICK
204 1 1009805016 STIM_END_RESP_START
204 1 1009876204 LICK
204 1 1009876736 REWARD_START
204 1 1010051736 LICK
204 1 1010186940 LICK
204 1 1010312596 LICK
204 1 1010450868 LICK
204 1 1010610800 LICK
204 1 1011005060 RESP_END
204 1 1009907292 REWARD_END
205 1 1012666584 STIM_START
205 1 1013182476 LICK
205 1 1013682784 LICK
205 1 1013765236 STIM_END_RESP_START
205 1 1014024092 LICK
205 1 1014024632 REWARD_START
205 1 1014212436 LICK
205 1 1014352684 LICK
205 1 1014492296 LICK
205 1 1014626892 LICK
205 1 1014787660 LICK
205 1 1014965288 RESP_END
205 1 1014055192 REWARD_END
206 1 1016553948 STIM_START
206 1 1016993836 LICK
206 1 1017542524 LICK
206 1 1017652576 STIM_END_RESP_START
206 1 1017889120 LICK
206 1 1017889652 REWARD_START
206 1 1018078532 LICK
206 1 1018231904 LICK
206 1 1018362180 LICK
206 1 1018510960 LICK
206 1 1018852620 RESP_END
206 1 1017920208 REWARD_END
207 0 1020672980 STIM_START
207 0 1021771608 STIM_END_RESP_START
207 0 1022971632 RESP_END
208 0 1024631220 STIM_START
208 0 1025729848 STIM_END_RESP_START
208 0 1026929868 RESP_END
209 1 1028857120 STIM_START
209 1 1029535600 LICK
209 1 1029955768 STIM_END_RESP_START
209 1 1030733068 LICK
209 1 1030733600 REWARD_START
209 1 1030906368 LICK
209 1 1031045628 LICK
209 1 1031155792 RESP_END
209 1 1030764156 REWARD_END
210 1 1033376692 STIM_START
210 1 1033901780 LICK
210 1 1034268004 LICK
210 1 1034429948 LICK
210 1 1034475340 STIM_END_RESP_START
210 1 1034792148 LICK
210 1 1034792684 REWARD_START
210 1 1034977680 LICK
210 1 1035122516 LICK
210 1 1035262464 LICK
210 1 1035407720 LICK
210 1 1035675380 RESP_END
210 1 1034823244 REWARD_END
211 0 1037401788 STIM_START
211 0 1038500416 STIM_END_RESP_START
211 0 1039700440 RESP_END
212 1 1041559800 STIM_START
212 1 1042029508 LICK
212 1 1042402240 LICK
212 1 1042658460 STIM_END_RESP_START
212 1 1042749420 LICK
212 1 1042749960 REWARD_START
212 1 1042928052 LICK
212 1 1043069072 LICK
212 1 1043203856 LICK
212 1 1043359308 LICK
212 1 1043858484 RESP_END
212 1 1042780520 REWARD_END
213 1 1045639896 STIM_START
213 1 1046738524 STIM_END_RESP_START
213 1 1046863916 LICK
213 1 1046864452 REWARD_START
213 1 1047034032 LICK
213 1 1047181748 LICK
213 1 1047320144 LICK
213 1 1047474388 LICK
213 1 1047938540 RESP_END
213 1 1046895012 REWARD_END
214 0 1049638040 STIM_START
214 0 1050736664 STIM_END_RESP_START
214 0 1051936680 RESP_END
215 1 1053633272 STIM_START
215 1 1054036444 LICK
215 1 1054409244 LICK
215 1 1054582644 LICK
215 1 1054731920 STIM_END_RESP_START
215 1 1054807648 LICK
215 1 1054808184 REWARD_START
215 1 1054979052 LICK
215 1 1055130604 LICK
215 1 1055273580 LICK
215 1 1055931960 RESP_END
215 1 1054838736 REWARD_END
216 0 1057699332 STIM_START
216 0 1058797960 STIM_END_RESP_START
216 0 1059997988 RESP_END
217 0 1061687548 STIM_START
217 0 1062786176 STIM_END_RESP_START
217 0 1063986196 RESP_END
218 0 1065802600 STIM_START
218 0 1066901228 STIM_END_RESP_START
218 0 1068101252 RESP_END
219 1 1069858712 STIM_START
219 1 1070957340 STIM_END_RESP_START
219 1 1071662984 LICK
219 1 1071663520 REWARD_START
219 1 1071824956 LICK
219 1 1071974076 LICK
219 1 1072097156 LICK
219 1 1072157356 RESP_END
219 1 1071694080 REWARD_END
220 0 1074363252 STIM_START
220 0 1075461880 STIM_END_RESP_START
220 0 1076661900 RESP_END
221 0 1078276580 STIM_START
221 0 1079375208 STIM_END_RESP_START
221 0 1080575232 RESP_END
222 0 1082246812 STIM_START
222 0 1083345436 STIM_END_RESP_START
222 0 1084545460 RESP_END
223 1 1086429752 STIM_START
223 1 1087195512 LICK
223 1 1087363544 LICK
223 1 1087527596 LICK
223 1 1087528400 STIM_END_RESP_START
223 1 1087907416 LICK
223 1 1087907956 REWARD_START
223 1 1088093164 LICK
223 1 1088240660 LICK
223 1 1088378976 LICK
223 1 1088558328 LICK
223 1 1088728440 RESP_END
223 1 1087938508 REWARD_END
224 0 1090612708 STIM_START
224 0 1091711336 STIM_END_RESP_START
224 0 1092911360 RESP_END
225 0 1094930492 STIM_START
225 0 1096029152 STIM_END_RESP_START
225 0 1097229172 RESP_END
226 1 1099142420 STIM_START
226 1 1100241048 STIM_END_RESP_START
226 1 1101441072 RESP_END
227 1 1103209496 STIM_START
227 1 1104308116 STIM_END_RESP_START
227 1 1105508140 RESP_END
228 1 1107600232 STIM_START
228 1 1108698860 STIM_END_RESP_START
228 1 1109898884 RESP_END
229 0 1111775172 STIM_START
229 0 1112873800 STIM_END_RESP_START
229 0 1114073824 RESP_END
230 1 1115841276 STIM_START
230 1 1116939904 STIM_END_RESP_START
230 1 1118139928 RESP_END
231 1 1119933364 STIM_START
231 1 1121031996 STIM_END_RESP_START
231 1 1122232020 RESP_END
232 1 1123988512 STIM_START
232 1 1125087132 STIM_END_RESP_START
232 1 1126287160 RESP_END
233 0 1128201420 STIM_START
233 0 1129300048 STIM_END_RESP_START
233 0 1130500064 RESP_END
234 1 1132283504 STIM_START
234 1 1133382132 STIM_END_RESP_START
234 1 1134582160 RESP_END
235 1 1136629236 STIM_START
235 1 1137727864 STIM_END_RESP_START
235 1 1138927888 RESP_END
236 0 1140920084 STIM_START
236 0 1142018712 STIM_END_RESP_START
236 0 1143218740 RESP_END
237 1 1145049128 STIM_START
237 1 1146147752 STIM_END_RESP_START
237 1 1147347776 RESP_END
238 0 1149279028 STIM_START
238 0 1150377660 STIM_END_RESP_START
238 0 1151577684 RESP_END
239 0 1153331172 STIM_START
239 0 1154429804 STIM_END_RESP_START
239 0 1155629824 RESP_END
240 0 1157384256 STIM_START
240 0 1158482916 STIM_END_RESP_START
240 0 1159682940 RESP_END
241 1 1161676092 STIM_START
241 1 1162774724 STIM_END_RESP_START
241 1 1163974744 RESP_END
242 0 1165810128 STIM_START
242 0 1166908756 STIM_END_RESP_START
242 0 1168108784 RESP_END
243 1 1169696392 STIM_START
243 1 1170795020 STIM_END_RESP_START
243 1 1171995044 RESP_END
244 1 1174009212 STIM_START
244 1 1175107844 STIM_END_RESP_START
244 1 1176307864 RESP_END
245 1 1178278132 STIM_START
245 1 1179376764 STIM_END_RESP_START
245 1 1180576788 RESP_END
246 0 1182307196 STIM_START
246 0 1183405828 STIM_END_RESP_START
246 0 1184605852 RESP_END
247 1 1186372312 STIM_START
247 1 1187470940 STIM_END_RESP_START
247 1 1188670964 RESP_END
248 1 1190586220 STIM_START
248 1 1191684848 STIM_END_RESP_START
248 1 1192884872 RESP_END
249 0 1194617400 STIM_START
249 0 1195716032 STIM_END_RESP_START
249 0 1195913612 LICK
249 0 1195914144 TIMEOUT_START
249 0 1196059156 LICK
249 0 1196059692 TIMEOUT_START
249 0 1196199680 LICK
249 0 1196200220 TIMEOUT_START
249 0 1196916076 RESP_END
249 0 1203200772 TIMEOUT_END
250 0 1205003844 STIM_START
250 0 1206102472 STIM_END_RESP_START
250 0 1207302496 RESP_END
251 1 1209089936 STIM_START
251 1 1210188564 STIM_END_RESP_START
251 1 1211388592 RESP_END
252 0 1213276928 STIM_START
252 0 1214375552 STIM_END_RESP_START
252 0 1215575580 RESP_END
253 0 1217465872 STIM_START
253 0 1218564500 STIM_END_RESP_START
253 0 1219764520 RESP_END
254 1 1221717780 STIM_START
254 1 1222816412 STIM_END_RESP_START
254 1 1224016432 RESP_END
255 0 1225723888 STIM_START
255 0 1226822516 STIM_END_RESP_START
255 0 1228022540 RESP_END
256 1 1230062660 STIM_START
256 1 1231161284 STIM_END_RESP_START
256 1 1232361308 RESP_END
257 0 1234011948 STIM_START
257 0 1235110576 STIM_END_RESP_START
USER_EXIT