001 0 0002905784 STIM_START
001 0 0004004436 STIM_END_RESP_START
001 0 0005204480 RESP_END
002 1 0007102692 STIM_START
002 1 0007454096 LICK
002 1 0007551648 LICK
002 1 0007686592 LICK
002 1 0007894648 LICK
002 1 0008201328 STIM_END_RESP_START
002 1 0008406656 LICK
002 1 0008407052 REWARD_START
002 1 0008580828 LICK
002 1 0008882652 LICK
002 1 0009049600 LICK
002 1 0009215904 LICK
002 1 0009401340 RESP_END
002 1 0008437464 REWARD_END
003 0 0011368584 STIM_START
003 0 0012467252 STIM_END_RESP_START
003 0 0012738636 LICK
003 0 0012739072 TIMEOUT_START
003 0 0012920272 LICK
003 0 0012920708 TIMEOUT_START
003 0 0013099152 LICK
003 0 0013099588 TIMEOUT_START
003 0 0013291448 LICK
003 0 0013291888 TIMEOUT_START
003 0 0013667268 RESP_END
003 0 0020292340 TIMEOUT_END
004 1 0022412352 STIM_START
004 1 0023511016 STIM_END_RESP_START
004 1 0023819004 LICK
004 1 0023819444 REWARD_START
004 1 0024025412 LICK
004 1 0024282548 LICK
004 1 0024417900 LICK
004 1 0024569124 LICK
004 1 0024711052 RESP_END
004 1 0023849888 REWARD_END
005 1 0026430484 STIM_START
005 1 0027416252 LICK
005 1 0027529144 STIM_END_RESP_START
005 1 0027607652 LICK
005 1 0027608096 REWARD_START
005 1 0027743600 LICK
005 1 0027882928 LICK
005 1 0028003540 LICK
005 1 0028142384 LICK
005 1 0028729192 RESP_END
005 1 0027638552 REWARD_END
006 1 0030698424 STIM_START
006 1 0031797056 STIM_END_RESP_START
006 1 0032969172 LICK
006 1 0032969608 REWARD_START
006 1 0033000104 RESP_END
006 1 0033000072 REWARD_END
007 0 0035494604 STIM_START
007 0 0036593240 STIM_END_RESP_START
007 0 0037793264 RESP_END
008 1 0040760348 STIM_START
008 1 0041858976 STIM_END_RESP_START
008 1 0041892620 LICK
008 1 0041893064 REWARD_START
008 1 0042250896 LICK
008 1 0042503148 LICK
008 1 0042648140 LICK
008 1 0042797456 LICK
008 1 0043059008 RESP_END
008 1 0041923524 REWARD_END
009 0 0044916300 STIM_START
009 0 0046014932 STIM_END_RESP_START
009 0 0047214960 RESP_END
010 1 0050024204 STIM_START
010 1 0050986620 LICK
010 1 0051122856 STIM_END_RESP_START
010 1 0051351408 LICK
010 1 0051351852 REWARD_START
010 1 0051520228 LICK
010 1 0051696924 LICK
010 1 0051856404 LICK
010 1 0051986876 LICK
010 1 0052119152 LICK
010 1 0052322872 RESP_END
010 1 0051382300 REWARD_END
011 0 0054295080 STIM_START
011 0 0055393712 STIM_END_RESP_START
011 0 0056593736 RESP_END
012 0 0060119052 STIM_START
012 0 0061217680 STIM_END_RESP_START
012 0 0062417704 RESP_END
013 0 0064175216 STIM_START
013 0 0065273840 STIM_END_RESP_START
013 0 0066473868 RESP_END
014 1 0068284288 STIM_START
014 1 0068916092 LICK
014 1 0069270840 LICK
014 1 0069382952 STIM_END_RESP_START
014 1 0069675284 LICK
014 1 0069675720 REWARD_START
014 1 0069864048 LICK
014 1 0070125548 LICK
014 1 0070263440 LICK
014 1 0070582992 RESP_END
014 1 0069706184 REWARD_END
015 1 0072462272 STIM_START
015 1 0073560908 STIM_END_RESP_START
015 1 0073677220 LICK
015 1 0073677656 REWARD_START
015 1 0073835656 LICK
015 1 0074091236 LICK
015 1 0074249840 LICK
015 1 0074760948 RESP_END
015 1 0073708124 REWARD_END
016 1 0076744132 STIM_START
016 1 0077594448 LICK
016 1 0077736896 LICK
016 1 0077842784 STIM_END_RESP_START
016 1 0077852680 LICK
016 1 0077853120 REWARD_START
016 1 0078012856 LICK
016 1 0078147120 LICK
016 1 0078277156 LICK
016 1 0079042820 RESP_END
016 1 0077883584 REWARD_END
017 0 0080737352 STIM_START
017 0 0081836016 STIM_END_RESP_START
017 0 0083036044 RESP_END
018 0 0084805448 STIM_START
018 0 0085904116 STIM_END_RESP_START
018 0 0087104140 RESP_END
019 1 0088782656 STIM_START
019 1 0089677572 LICK
019 1 0089881304 STIM_END_RESP_START
019 1 0090018636 LICK
019 1 0090019080 REWARD_START
019 1 0090150204 LICK
019 1 0090408940 LICK
019 1 0090554008 LICK
019 1 0091081348 RESP_END
019 1 0090049548 REWARD_END
020 0 0092940692 STIM_START
020 0 0094039324 STIM_END_RESP_START
020 0 0095239352 RESP_END
021 1 0097311440 STIM_START
021 1 0098410072 STIM_END_RESP_START
021 1 0098505280 LICK
021 1 0098505720 REWARD_START
021 1 0098676832 LICK
021 1 0098924176 LICK
021 1 0099065964 LICK
021 1 0099610092 RESP_END
021 1 0098536168 REWARD_END
022 1 0101289624 STIM_START
022 1 0102388276 STIM_END_RESP_START
022 1 0102562600 LICK
022 1 0102563088 REWARD_START
022 1 0102687896 LICK
022 1 0102928860 LICK
022 1 0103068500 LICK
022 1 0103588288 RESP_END
022 1 0102593580 REWARD_END
023 0 0105431688 STIM_START
023 0 0106530336 STIM_END_RESP_START
023 0 0107730376 RESP_END
024 0 0109640640 STIM_START
024 0 0110739288 STIM_END_RESP_START
024 0 0111939328 RESP_END
025 0 0113675760 STIM_START
025 0 0114774408 STIM_END_RESP_START
025 0 0115974452 RESP_END
026 1 0117764848 STIM_START
026 1 0118559844 LICK
026 1 0118726392 LICK
026 1 0118863480 STIM_END_RESP_START
026 1 0118897592 LICK
026 1 0118898080 REWARD_START
026 1 0119067972 LICK
026 1 0119209056 LICK
026 1 0119336404 LICK
026 1 0119476320 LICK
026 1 0120063508 RESP_END
026 1 0118928576 REWARD_END
027 0 0121809048 STIM_START
027 0 0122907696 STIM_END_RESP_START
027 0 0124107732 RESP_END
028 0 0125805264 STIM_START
028 0 0126903912 STIM_END_RESP_START
028 0 0128103956 RESP_END
029 1 0129879388 STIM_START
029 1 0130785980 LICK
029 1 0130957464 LICK
029 1 0130978048 STIM_END_RESP_START
029 1 0131308668 LICK
029 1 0131309152 REWARD_START
029 1 0131468228 LICK
029 1 0131715284 LICK
029 1 0131852348 LICK
029 1 0131996884 LICK
029 1 0132178076 RESP_END
029 1 0131339664 REWARD_END
030 1 0134188160 STIM_START
030 1 0134698256 LICK
030 1 0135286792 STIM_END_RESP_START
030 1 0135336332 LICK
030 1 0135336812 REWARD_START
030 1 0135480868 LICK
030 1 0135730500 LICK
030 1 0135861912 LICK
030 1 0136486828 RESP_END
030 1 0135367324 REWARD_END
031 0 0138069516 STIM_START
031 0 0139168164 STIM_END_RESP_START
031 0 0140368204 RESP_END
032 0 0142165616 STIM_START
032 0 0143264264 STIM_END_RESP_START
032 0 0144464308 RESP_END
033 0 0146192776 STIM_START
033 0 0147291424 STIM_END_RESP_START
033 0 0148491468 RESP_END
034 1 0150479600 STIM_START
034 1 0151168572 LICK
034 1 0151501404 LICK
034 1 0151578236 STIM_END_RESP_START
034 1 0151658448 LICK
034 1 0151658940 REWARD_START
034 1 0151807112 LICK
034 1 0151947404 LICK
034 1 0152078552 LICK
034 1 0152206696 LICK
034 1 0152778260 RESP_END
034 1 0151689436 REWARD_END
035 0 0154764460 STIM_START
035 0 0155863112 STIM_END_RESP_START
035 0 0157063148 RESP_END
036 0 0158838588 STIM_START
036 0 0159937240 STIM_END_RESP_START
036 0 0161137284 RESP_END
037 1 0162993540 STIM_START
037 1 0163916164 LICK
037 1 0164092188 STIM_END_RESP_START
037 1 0164253108 LICK
037 1 0164253592 REWARD_START
037 1 0164404360 LICK
037 1 0164654556 LICK
037 1 0164946500 LICK
037 1 0165292224 RESP_END
037 1 0164284100 REWARD_END
038 1 0167221472 STIM_START
038 1 0168052404 LICK
038 1 0168236616 LICK
038 1 0168320124 STIM_END_RESP_START
038 1 0168372852 LICK
038 1 0168373340 REWARD_START
038 1 0168522280 LICK
038 1 0168663188 LICK
038 1 0168786244 LICK
038 1 0168920540 LICK
038 1 0169520168 RESP_END
038 1 0168403848 REWARD_END
039 1 0171294584 STIM_START
039 1 0171918408 LICK
039 1 0172111212 LICK
039 1 0172280628 LICK
039 1 0172393228 STIM_END_RESP_START
039 1 0172443712 LICK
039 1 0172444196 REWARD_START
039 1 0172612820 LICK
039 1 0172751768 LICK
039 1 0172872260 LICK
039 1 0173009256 LICK
039 1 0173593252 RESP_END
039 1 0172474688 REWARD_END
040 0 0175535540 STIM_START
040 0 0176634188 STIM_END_RESP_START
040 0 0177834232 RESP_END
041 0 0179793380 STIM_START
041 0 0180892032 STIM_END_RESP_START
041 0 0182092072 RESP_END
042 1 0184165164 STIM_START
042 1 0185263820 STIM_END_RESP_START
042 1 0185273908 LICK
042 1 0185274408 REWARD_START
042 1 0185453132 LICK
042 1 0185693544 LICK
042 1 0185827268 LICK
042 1 0186463832 RESP_END
042 1 0185304912 REWARD_END
043 0 0188226288 STIM_START
043 0 0189324936 STIM_END_RESP_START
043 0 0190524980 RESP_END
044 1 0192199540 STIM_START
044 1 0192923992 LICK
044 1 0193096068 LICK
044 1 0193275284 LICK
044 1 0193298176 STIM_END_RESP_START
044 1 0193401632 LICK
044 1 0193402124 REWARD_START
044 1 0193551692 LICK
044 1 0193681800 LICK
044 1 0193806700 LICK
044 1 0193941080 LICK
044 1 0194498220 RESP_END
044 1 0193432620 REWARD_END
045 0 0196124788 STIM_START
045 0 0197223440 STIM_END_RESP_START
045 0 0198423472 RESP_END
046 1 0200474596 STIM_START
046 1 0201119696 LICK
046 1 0201389676 LICK
046 1 0201573248 STIM_END_RESP_START
046 1 0201580800 LICK
046 1 0201581288 REWARD_START
046 1 0201719780 LICK
046 1 0201857868 LICK
046 1 0201983188 LICK
046 1 0202129692 LICK
046 1 0202773276 RESP_END
046 1 0201611804 REWARD_END
047 1 0204643544 STIM_START
047 1 0205245272 LICK
047 1 0205417724 LICK
047 1 0205625832 LICK
047 1 0205742180 STIM_END_RESP_START
047 1 0205770284 LICK
047 1 0205770772 REWARD_START
047 1 0205912736 LICK
047 1 0206054884 LICK
047 1 0206174828 LICK
047 1 0206311520 LICK
047 1 0206942204 RESP_END
047 1 0205801280 REWARD_END
048 0 0208703704 STIM_START
048 0 0209802352 STIM_END_RESP_START
048 0 0211002392 RESP_END
049 0 0212780820 STIM_START
049 0 0213879468 STIM_END_RESP_START
049 0 0215079512 RESP_END
050 1 0216855900 STIM_START
050 1 0217954552 STIM_END_RESP_START
050 1 0217969268 LICK
050 1 0217969760 REWARD_START
050 1 0218127684 LICK
050 1 0218377156 LICK
050 1 0218512744 LICK
050 1 0218658152 LICK
050 1 0219154588 RESP_END
050 1 0218000264 REWARD_END
051 0 0221159768 STIM_START
051 0 0222258420 STIM_END_RESP_START
051 0 0223458464 RESP_END
052 1 0225496544 STIM_START
052 1 0226507156 LICK
052 1 0226595192 STIM_END_RESP_START
052 1 0226649204 LICK
052 1 0226649688 REWARD_START
052 1 0226789924 LICK
052 1 0227046152 LICK
052 1 0227193752 LICK
052 1 0227795212 RESP_END
052 1 0226680200 REWARD_END
053 1 0229735468 STIM_START
053 1 0230721756 LICK
053 1 0230834132 STIM_END_RESP_START
053 1 0230866000 LICK
053 1 0230866484 REWARD_START
053 1 0230987076 LICK
053 1 0231121520 LICK
053 1 0231245084 LICK
053 1 0231379156 LICK
053 1 0232034152 RESP_END
053 1 0230896996 REWARD_END
054 1 0233956356 STIM_START
054 1 0235055000 STIM_END_RESP_START
054 1 0235211200 LICK
054 1 0235211684 REWARD_START
054 1 0235362356 LICK
054 1 0235610888 LICK
054 1 0235751868 LICK
054 1 0236255040 RESP_END
054 1 0235242200 REWARD_END
055 0 0238096408 STIM_START
055 0 0239195048 STIM_END_RESP_START
055 0 0240395096 RESP_END
056 1 0242406188 STIM_START
056 1 0243305088 LICK
056 1 0243449184 LICK
056 1 0243504836 STIM_END_RESP_START
056 1 0243763888 LICK
056 1 0243764380 REWARD_START
056 1 0243923796 LICK
056 1 0244056348 LICK
056 1 0244189320 LICK
056 1 0244328048 LICK
056 1 0244704864 RESP_END
056 1 0243794888 REWARD_END
057 1 0246609184 STIM_START
057 1 0247079608 LICK
057 1 0247398672 LICK
057 1 0247555436 LICK
057 1 0247698884 LICK
057 1 0247707836 STIM_END_RESP_START
057 1 0247873448 LICK
057 1 0247873940 REWARD_START
057 1 0248035192 LICK
057 1 0248174688 LICK
057 1 0248302156 LICK
057 1 0248442632 LICK
057 1 0248907856 RESP_END
057 1 0247904436 REWARD_END
058 1 0250732228 STIM_START
058 1 0251629320 LICK
058 1 0251830864 STIM_END_RESP_START
058 1 0251963600 LICK
058 1 0251964084 REWARD_START
058 1 0252124372 LICK
058 1 0252256732 LICK
058 1 0252388384 LICK
058 1 0253030892 RESP_END
058 1 0251994600 REWARD_END
059 0 0255084964 STIM_START
059 0 0256183612 STIM_END_RESP_START
059 0 0257383656 RESP_END
060 1 0259072180 STIM_START
060 1 0259461252 LICK
060 1 0259829368 LICK
060 1 0259986728 LICK
060 1 0260130812 LICK
060 1 0260170812 STIM_END_RESP_START
060 1 0260307780 LICK
060 1 0260308272 REWARD_START
060 1 0260458716 LICK
060 1 0260601876 LICK
060 1 0260723996 LICK
060 1 0260864664 LICK
060 1 0261370840 RESP_END
060 1 0260338768 REWARD_END
061 1 0263247204 STIM_START
061 1 0264286564 LICK
061 1 0264345848 STIM_END_RESP_START
061 1 0264457780 LICK
061 1 0264458268 REWARD_START
061 1 0264587904 LICK
061 1 0264720180 LICK
061 1 0264848896 LICK
061 1 0265545876 RESP_END
061 1 0264488772 REWARD_END
062 0 0267172456 STIM_START
062 0 0268271104 STIM_END_RESP_START
062 0 0269471148 RESP_END
063 0 0271470324 STIM_START
063 0 0272568972 STIM_END_RESP_START
063 0 0273769016 RESP_END
064 0 0275838108 STIM_START
064 0 0276936760 STIM_END_RESP_START
064 0 0278136796 RESP_END
065 1 0280204836 STIM_START
065 1 0281118356 LICK
065 1 0281303484 STIM_END_RESP_START
065 1 0281464372 LICK
065 1 0281464864 REWARD_START
065 1 0281622464 LICK
065 1 0281869292 LICK
065 1 0282016144 LICK
065 1 0282503504 RESP_END
065 1 0281495372 REWARD_END
066 0 0284505704 STIM_START
066 0 0285604352 STIM_END_RESP_START
066 0 0286804396 RESP_END
067 0 0288880408 STIM_START
067 0 0289979056 STIM_END_RESP_START
067 0 0291179100 RESP_END
068 1 0292789720 STIM_START
068 1 0293217664 LICK
068 1 0293399080 LICK
068 1 0293586284 LICK
068 1 0293743648 LICK
068 1 0293888372 STIM_END_RESP_START
068 1 0293911408 LICK
068 1 0293911900 REWARD_START
068 1 0294093456 LICK
068 1 0294226848 LICK
068 1 0294355464 LICK
068 1 0294495128 LICK
068 1 0295088396 RESP_END
068 1 0293942396 REWARD_END
069 0 0296854824 STIM_START
069 0 0297953472 STIM_END_RESP_START
069 0 0299153516 RESP_END
070 0 0300970916 STIM_START
070 0 0302069568 STIM_END_RESP_START
070 0 0303269612 RESP_END
071 0 0305305676 STIM_START
071 0 0306404320 STIM_END_RESP_START
071 0 0307604364 RESP_END
072 1 0309645444 STIM_START
072 1 0310276384 LICK
072 1 0310449172 LICK
072 1 0310603616 LICK
072 1 0310744080 STIM_END_RESP_START
072 1 0310958544 LICK
072 1 0310959032 REWARD_START
072 1 0311109120 LICK
072 1 0311374908 LICK
072 1 0311525624 LICK
072 1 0311944112 RESP_END
072 1 0310989548 REWARD_END
073 0 0313780488 STIM_START
073 0 0314879136 STIM_END_RESP_START
073 0 0316079180 RESP_END
074 0 0318027392 STIM_START
074 0 0319126044 STIM_END_RESP_START
074 0 0320326092 RESP_END
075 0 0322384180 STIM_START
075 0 0323482828 STIM_END_RESP_START
075 0 0324682872 RESP_END
076 1 0326643044 STIM_START
076 1 0327741688 STIM_END_RESP_START
076 1 0327750768 LICK
076 1 0327751256 REWARD_START
076 1 0327903564 LICK
076 1 0328158608 LICK
076 1 0328296048 LICK
076 1 0328430268 LICK
076 1 0328941724 RESP_END
076 1 0327781760 REWARD_END
077 1 0330928876 STIM_START
077 1 0331449024 LICK
077 1 0331619180 LICK
077 1 0331786572 LICK
077 1 0331964612 LICK
077 1 0332027528 STIM_END_RESP_START
077 1 0332129740 LICK
077 1 0332130228 REWARD_START
077 1 0332263484 LICK
077 1 0332399324 LICK
077 1 0332528660 LICK
077 1 0333227576 RESP_END
077 1 0332160740 REWARD_END
078 0 0335113880 STIM_START
078 0 0336212528 STIM_END_RESP_START
078 0 0337412572 RESP_END
079 0 0339298860 STIM_START
079 0 0340397508 STIM_END_RESP_START
079 0 0341597552 RESP_END
080 0 0343317048 STIM_START
080 0 0344231300 LICK
080 0 0344379632 LICK
080 0 0344415680 STIM_END_RESP_START
080 0 0344893812 LICK
080 0 0344894296 TIMEOUT_START
080 0 0345615720 RESP_END
080 0 0351894808 TIMEOUT_END
081 1 0353659580 STIM_START
081 1 0354504840 LICK
081 1 0354665356 LICK
081 1 0354758212 STIM_END_RESP_START
081 1 0354837788 LICK
081 1 0354838276 REWARD_START
081 1 0354995260 LICK
081 1 0355133688 LICK
081 1 0355264724 LICK
081 1 0355554244 LICK
081 1 0355958252 RESP_END
081 1 0354868788 REWARD_END
082 1 0357552948 STIM_START
082 1 0358403128 LICK
082 1 0358533516 LICK
082 1 0358651592 STIM_END_RESP_START
082 1 0358706880 LICK
082 1 0358707372 REWARD_START
082 1 0358874400 LICK
082 1 0359013900 LICK
082 1 0359147744 LICK
082 1 0359282404 LICK
082 1 0359851616 RESP_END
082 1 0358737880 REWARD_END
083 1 0361558100 STIM_START
083 1 0362474620 LICK
083 1 0362615260 LICK
083 1 0362656728 STIM_END_RESP_START
083 1 0362790588 LICK
083 1 0362791080 REWARD_START
083 1 0362937632 LICK
083 1 0363077160 LICK
083 1 0363206220 LICK
083 1 0363349956 LICK
083 1 0363856744 RESP_END
083 1 0362821584 REWARD_END
084 0 0365768044 STIM_START
084 0 0366866692 STIM_END_RESP_START
084 0 0368066740 RESP_END
085 0 0369762280 STIM_START
085 0 0370860928 STIM_END_RESP_START
085 0 0372060972 RESP_END
086 0 0373771488 STIM_START
086 0 0374870136 STIM_END_RESP_START
086 0 0376070180 RESP_END
087 1 0377767664 STIM_START
087 1 0378440584 LICK
087 1 0378866296 STIM_END_RESP_START
087 1 0379151064 LICK
087 1 0379151556 REWARD_START
087 1 0379298644 LICK
087 1 0379550780 LICK
087 1 0379697996 LICK
087 1 0379838104 LICK
087 1 0380066324 RESP_END
087 1 0379182064 REWARD_END
088 0 0381719940 STIM_START
088 0 0382818592 STIM_END_RESP_START
088 0 0384018636 RESP_END
089 0 0385973780 STIM_START
089 0 0387072428 STIM_END_RESP_START
089 0 0388272472 RESP_END
090 1 0390150752 STIM_START
090 1 0391114264 LICK
090 1 0391249396 STIM_END_RESP_START
090 1 0391270676 LICK
090 1 0391271164 REWARD_START
090 1 0391406764 LICK
090 1 0391656012 LICK
090 1 0391798092 LICK
090 1 0392449444 RESP_END
090 1 0391301676 REWARD_END
091 1 0394514580 STIM_START
091 1 0395047808 LICK
091 1 0395212380 LICK
091 1 0395382768 LICK
091 1 0395550564 LICK
091 1 0395613220 STIM_END_RESP_START
091 1 0395710924 LICK
091 1 0395711408 REWARD_START
091 1 0395860252 LICK
091 1 0395993336 LICK
091 1 0396126268 LICK
091 1 0396268680 LICK
091 1 0396813232 RESP_END
091 1 0395741924 REWARD_END
092 1 0398619636 STIM_START
092 1 0399430260 LICK
092 1 0399581896 LICK
092 1 0399718284 STIM_END_RESP_START
092 1 0399728832 LICK
092 1 0399729316 REWARD_START
092 1 0399879980 LICK
092 1 0400010452 LICK
092 1 0400140688 LICK
092 1 0400918300 RESP_END
092 1 0399759832 REWARD_END
093 0 0402732700 STIM_START
093 0 0403831348 STIM_END_RESP_START
093 0 0405031396 RESP_END
094 1 0406879724 STIM_START
094 1 0407800156 LICK
094 1 0407978352 STIM_END_RESP_START
094 1 0407983736 LICK
094 1 0407984228 REWARD_START
094 1 0408186852 LICK
094 1 0408429432 LICK
094 1 0408563576 LICK
094 1 0409178380 RESP_END
094 1 0408014740 REWARD_END
095 1 0410821984 STIM_START
095 1 0411444416 LICK
095 1 0411618212 LICK
095 1 0411753208 LICK
095 1 0411896256 LICK
095 1 0411920624 STIM_END_RESP_START
095 1 0412064336 LICK
095 1 0412064828 REWARD_START
095 1 0412229880 LICK
095 1 0412363152 LICK
095 1 0412485852 LICK
095 1 0412629580 LICK
095 1 0413120660 RESP_END
095 1 0412095332 REWARD_END
096 1 0414707300 STIM_START
096 1 0415411320 LICK
096 1 0415703020 LICK
096 1 0415805936 STIM_END_RESP_START
096 1 0415869972 LICK
096 1 0415870460 REWARD_START
096 1 0416039236 LICK
096 1 0416178388 LICK
096 1 0416311464 LICK
096 1 0417005948 RESP_END
096 1 0415900956 REWARD_END
097 0 0418783428 STIM_START
097 0 0419882080 STIM_END_RESP_START
097 0 0421082120 RESP_END
098 0 0423118216 STIM_START
098 0 0423514592 LICK
098 0 0424216872 STIM_END_RESP_START
098 0 0425416912 RESP_END
099 1 0427281184 STIM_START
099 1 0427734720 LICK
099 1 0428341756 LICK
099 1 0428379824 STIM_END_RESP_START
099 1 0428674916 LICK
099 1 0428675408 REWARD_START
099 1 0428837452 LICK
099 1 0428988204 LICK
099 1 0429113480 LICK
099 1 0429247128 LICK
099 1 0429579864 RESP_END
099 1 0428705904 REWARD_END
100 0 0431422180 STIM_START
100 0 0432520828 STIM_END_RESP_START
100 0 0433720872 RESP_END
101 1 0435739068 STIM_START
101 1 0436345452 LICK
101 1 0436498420 LICK
101 1 0436680576 LICK
101 1 0436837716 STIM_END_RESP_START
101 1 0436873260 LICK
101 1 0436873744 REWARD_START
101 1 0437025324 LICK
101 1 0437281852 LICK
101 1 0437428204 LICK
101 1 0438037736 RESP_END
101 1 0436904240 REWARD_END
102 0 0439711232 STIM_START
102 0 0440809880 STIM_END_RESP_START
102 0 0442009924 RESP_END
103 0 0443692440 STIM_START
103 0 0444791088 STIM_END_RESP_START
103 0 0445991132 RESP_END
104 0 0447831496 STIM_START
104 0 0448930148 STIM_END_RESP_START
104 0 0450130192 RESP_END
105 1 0452078408 STIM_START
105 1 0452901200 LICK
105 1 0453064628 LICK
105 1 0453177044 STIM_END_RESP_START
105 1 0453237364 LICK
105 1 0453237856 REWARD_START
105 1 0453414552 LICK
105 1 0453672748 LICK
105 1 0453816340 LICK
105 1 0454377092 RESP_END
105 1 0453268360 REWARD_END
106 1 0456298348 STIM_START
106 1 0457396996 STIM_END_RESP_START
106 1 0458597044 RESP_END
107 0 0460193624 STIM_START
107 0 0461292276 STIM_END_RESP_START
107 0 0462492316 RESP_END
108 0 0464242776 STIM_START
108 0 0465341420 STIM_END_RESP_START
108 0 0466541464 RESP_END
109 1 0468459752 STIM_START
109 1 0469281992 LICK
109 1 0469485520 LICK
109 1 0469558408 STIM_END_RESP_START
109 1 0469643688 LICK
109 1 0469644176 REWARD_START
109 1 0469766844 LICK
109 1 0469908420 LICK
109 1 0470032028 LICK
109 1 0470170648 LICK
109 1 0470758440 RESP_END
109 1 0469674688 REWARD_END
110 0 0472829456 STIM_START
110 0 0473928108 STIM_END_RESP_START
110 0 0475128152 RESP_END
111 1 0477218196 STIM_START
111 1 0477854288 LICK
111 1 0478057076 LICK
111 1 0478197860 LICK
111 1 0478316848 STIM_END_RESP_START
111 1 0478347696 LICK
111 1 0478348184 REWARD_START
111 1 0478511044 LICK
111 1 0478647320 LICK
111 1 0478768488 LICK
111 1 0479039660 LICK
111 1 0479516896 RESP_END
111 1 0478378700 REWARD_END
112 0 0481236340 STIM_START
112 0 0482334992 STIM_END_RESP_START
112 0 0483535036 RESP_END
113 0 0485191632 STIM_START
113 0 0486290280 STIM_END_RESP_START
113 0 0487490324 RESP_END
114 0 0489325684 STIM_START
114 0 0490424336 STIM_END_RESP_START
114 0 0491624372 RESP_END
115 1 0493661452 STIM_START
115 1 0494384324 LICK
115 1 0494568072 LICK
115 1 0494737052 LICK
115 1 0494760108 STIM_END_RESP_START
115 1 0495073024 LICK
115 1 0495073516 REWARD_START
115 1 0495232212 LICK
115 1 0495369956 LICK
115 1 0495505668 LICK
115 1 0495651332 LICK
115 1 0495960144 RESP_END
115 1 0495104032 REWARD_END
116 1 0497983232 STIM_START
116 1 0498888404 LICK
116 1 0499051556 LICK
116 1 0499081884 STIM_END_RESP_START
116 1 0499173276 LICK
116 1 0499173768 REWARD_START
116 1 0499313264 LICK
116 1 0499448288 LICK
116 1 0499586936 LICK
116 1 0500281912 RESP_END
116 1 0499204268 REWARD_END
117 0 0502185204 STIM_START
117 0 0503283852 STIM_END_RESP_START
117 0 0504483900 RESP_END
118 1 0506120476 STIM_START
118 1 0506609180 LICK
118 1 0506754680 LICK
118 1 0506916812 LICK
118 1 0507081832 LICK
118 1 0507219116 STIM_END_RESP_START
118 1 0507272748 LICK
118 1 0507273244 REWARD_START
118 1 0507442356 LICK
118 1 0507574720 LICK
118 1 0507699064 LICK
118 1 0507839956 LICK
118 1 0508419144 RESP_END
118 1 0507303752 REWARD_END
119 0 0510045800 STIM_START
119 0 0511144452 STIM_END_RESP_START
119 0 0512344500 RESP_END
120 1 0514222768 STIM_START
120 1 0514579516 LICK
120 1 0514933792 LICK
120 1 0515114824 LICK
120 1 0515271464 LICK
120 1 0515321424 STIM_END_RESP_START
120 1 0515466016 LICK
120 1 0515466508 REWARD_START
120 1 0515636132 LICK
120 1 0515775888 LICK
120 1 0515902900 LICK
120 1 0516051684 LICK
120 1 0516521452 RESP_END
120 1 0515497004 REWARD_END
121 1 0518347784 STIM_START
121 1 0519446428 STIM_END_RESP_START
121 1 0519478028 LICK
121 1 0519478520 REWARD_START
121 1 0519624652 LICK
121 1 0519878144 LICK
121 1 0520027384 LICK
121 1 0520646464 RESP_END
121 1 0519509036 REWARD_END
122 0 0522297016 STIM_START
122 0 0523395664 STIM_END_RESP_START
122 0 0524595712 RESP_END
123 0 0526571880 STIM_START
123 0 0527670528 STIM_END_RESP_START
123 0 0528870572 RESP_END
124 0 0530706948 STIM_START
124 0 0531805600 STIM_END_RESP_START
124 0 0533005640 RESP_END
125 1 0534841028 STIM_START
125 1 0535491436 LICK
125 1 0535654480 LICK
125 1 0535939656 STIM_END_RESP_START
125 1 0536075200 LICK
125 1 0536075692 REWARD_START
125 1 0536229488 LICK
125 1 0536490044 LICK
125 1 0536642280 LICK
125 1 0537139692 RESP_END
125 1 0536106188 REWARD_END
126 1 0538886168 STIM_START
126 1 0539631396 LICK
126 1 0539965004 LICK
126 1 0539984824 STIM_END_RESP_START
126 1 0540129036 LICK
126 1 0540129528 REWARD_START
126 1 0540268876 LICK
126 1 0540411964 LICK
126 1 0540543972 LICK
126 1 0540692312 LICK
126 1 0541184872 RESP_END
126 1 0540160044 REWARD_END
127 0 0543075072 STIM_START
127 0 0544173724 STIM_END_RESP_START
127 0 0545373768 RESP_END
128 0 0547093236 STIM_START
128 0 0548191888 STIM_END_RESP_START
128 0 0549391932 RESP_END
129 1 0551263224 STIM_START
129 1 0551876928 LICK
129 1 0552062092 LICK
129 1 0552246112 LICK
129 1 0552361876 STIM_END_RESP_START
129 1 0552427528 LICK
129 1 0552428012 REWARD_START
129 1 0552605720 LICK
129 1 0552745208 LICK
129 1 0552883780 LICK
129 1 0553561920 RESP_END
129 1 0552458508 REWARD_END
130 1 0555580028 STIM_START
130 1 0556071276 LICK
130 1 0556220548 LICK
130 1 0556385388 LICK
130 1 0556678672 STIM_END_RESP_START
130 1 0556882692 LICK
130 1 0556883184 REWARD_START
130 1 0557025220 LICK
130 1 0557163500 LICK
130 1 0557297196 LICK
130 1 0557427048 LICK
130 1 0557878724 RESP_END
130 1 0556913700 REWARD_END
131 0 0559809944 STIM_START
131 0 0560908596 STIM_END_RESP_START
131 0 0562108640 RESP_END
132 1 0563976940 STIM_START
132 1 0564822348 LICK
132 1 0564973056 LICK
132 1 0565075604 STIM_END_RESP_START
132 1 0565120268 LICK
132 1 0565120752 REWARD_START
132 1 0565271836 LICK
132 1 0565536368 LICK
132 1 0565682432 LICK
132 1 0566275640 RESP_END
132 1 0565151268 REWARD_END
133 0 0568003148 STIM_START
133 0 0569101800 STIM_END_RESP_START
133 0 0570301844 RESP_END
134 1 0571998352 STIM_START
134 1 0572696712 LICK
134 1 0572845476 LICK
134 1 0573006948 LICK
134 1 0573097004 STIM_END_RESP_START
134 1 0573157696 LICK
134 1 0573158184 REWARD_START
134 1 0573303152 LICK
134 1 0573436960 LICK
134 1 0573566764 LICK
134 1 0573706708 LICK
134 1 0574297048 RESP_END
134 1 0573188700 REWARD_END
135 0 0576301172 STIM_START
135 0 0577399824 STIM_END_RESP_START
135 0 0578599864 RESP_END
136 1 0580449152 STIM_START
136 1 0581026640 LICK
136 1 0581324412 LICK
136 1 0581493248 LICK
136 1 0581547792 STIM_END_RESP_START
136 1 0581814992 LICK
136 1 0581815484 REWARD_START
136 1 0581979000 LICK
136 1 0582118304 LICK
136 1 0582246764 LICK
136 1 0582747820 RESP_END
136 1 0581845992 REWARD_END
137 0 0584690068 STIM_START
137 0 0585788720 STIM_END_RESP_START
137 0 0586988764 RESP_END
138 0 0588723240 STIM_START
138 0 0589821884 STIM_END_RESP_START
138 0 0591021932 RESP_END
139 0 0592899160 STIM_START
139 0 0593997804 STIM_END_RESP_START
139 0 0595197848 RESP_END
140 1 0596976336 STIM_START
140 1 0597391540 LICK
140 1 0597704176 LICK
140 1 0597871212 LICK
140 1 0598019948 LICK
140 1 0598074984 STIM_END_RESP_START
140 1 0598191688 LICK
140 1 0598192180 REWARD_START
140 1 0598351588 LICK
140 1 0598618248 LICK
140 1 0598765708 LICK
140 1 0599275028 RESP_END
140 1 0598222688 REWARD_END
141 0 0600897580 STIM_START
141 0 0601996224 STIM_END_RESP_START
141 0 0603196268 RESP_END
142 1 0605172464 STIM_START
142 1 0605668752 LICK
142 1 0605846032 LICK
142 1 0605999460 LICK
142 1 0606154700 LICK
142 1 0606271120 STIM_END_RESP_START
142 1 0606304216 LICK
142 1 0606304708 REWARD_START
142 1 0606461560 LICK
142 1 0606608672 LICK
142 1 0606737996 LICK
142 1 0607471160 RESP_END
142 1 0606335208 REWARD_END
143 1 0609309476 STIM_START
143 1 0609699864 LICK
143 1 0609854432 LICK
143 1 0610005552 LICK
143 1 0610171784 LICK
143 1 0610319304 LICK
143 1 0610408136 STIM_END_RESP_START
143 1 0610477872 LICK
143 1 0610478368 REWARD_START
143 1 0610820456 LICK
143 1 0611082028 LICK
143 1 0611220624 LICK
143 1 0611369052 LICK
143 1 0611608152 RESP_END
143 1 0610508864 REWARD_END
144 0 0613532416 STIM_START
144 0 0614631068 STIM_END_RESP_START
144 0 0615831112 RESP_END
145 1 0617918112 STIM_START
145 1 0618518380 LICK
145 1 0618685952 LICK
145 1 0618855012 LICK
145 1 0619016732 STIM_END_RESP_START
145 1 0619043868 LICK
145 1 0619044356 REWARD_START
145 1 0619213084 LICK
145 1 0619355076 LICK
145 1 0619484824 LICK
145 1 0619620332 LICK
145 1 0620216772 RESP_END
145 1 0619074852 REWARD_END
146 1 0622176052 STIM_START
146 1 0622947576 LICK
146 1 0623099808 LICK
146 1 0623274708 STIM_END_RESP_START
146 1 0623418288 LICK
146 1 0623418780 REWARD_START
146 1 0623582188 LICK
146 1 0623720060 LICK
146 1 0623849336 LICK
146 1 0623993916 LICK
146 1 0624474756 RESP_END
146 1 0623449280 REWARD_END
147 1 0626458848 STIM_START
147 1 0627147468 LICK
147 1 0627332196 LICK
147 1 0627481796 LICK
147 1 0627557512 STIM_END_RESP_START
147 1 0627659348 LICK
147 1 0627659840 REWARD_START
147 1 0627825944 LICK
147 1 0628084036 LICK
147 1 0628225644 LICK
147 1 0628757544 RESP_END
147 1 0627690352 REWARD_END
148 0 0630385152 STIM_START
148 0 0631483804 STIM_END_RESP_START
