001 1 0009868516 STIM_START
001 1 0010967208 STIM_END_RESP_START
001 1 0012167232 RESP_END
002 0 0013751028 STIM_START
002 0 0014849696 STIM_END_RESP_START
002 0 0015850360 LICK
002 0 0015850800 TIMEOUT_START
002 0 0016049744 RESP_END
002 0 0022851260 TIMEOUT_END
003 1 0024645328 STIM_START
003 1 0025668236 LICK
003 1 0025744024 STIM_END_RESP_START
003 1 0025854176 LICK
003 1 0025854612 REWARD_START
003 1 0026072352 LICK
003 1 0026264596 LICK
003 1 0026475160 LICK
003 1 0026944056 RESP_END
003 1 0025935076 REWARD_END
004 1 0029211080 STIM_START
004 1 0030309752 STIM_END_RESP_START
004 1 0030597692 LICK
004 1 0030598132 REWARD_START
004 1 0030772504 LICK
004 1 0030957396 LICK
004 1 0031114828 LICK
004 1 0031284736 LICK
004 1 0031509772 RESP_END
004 1 0030678596 REWARD_END
005 1 0033498156 STIM_START
005 1 0034596856 STIM_END_RESP_START
005 1 0035796884 RESP_END
006 0 0037604304 STIM_START
006 0 0038703016 STIM_END_RESP_START
006 0 0039903040 RESP_END
007 0 0041853316 STIM_START
007 0 0042952024 STIM_END_RESP_START
007 0 0044152052 RESP_END
008 0 0045761832 STIM_START
008 0 0046860540 STIM_END_RESP_START
008 0 0048060564 RESP_END
009 1 0050023884 STIM_START
009 1 0051122592 STIM_END_RESP_START
009 1 0052322620 RESP_END
010 1 0054154084 STIM_START
010 1 0055252792 STIM_END_RESP_START
010 1 0056452816 RESP_END
011 1 0058661860 STIM_START
011 1 0059760528 STIM_END_RESP_START
011 1 0060960556 RESP_END
012 0 0062636256 STIM_START
012 0 0063734928 STIM_END_RESP_START
012 0 0064934952 RESP_END
013 1 0066709492 STIM_START
013 1 0067808200 STIM_END_RESP_START
013 1 0069008224 RESP_END
014 1 0070908608 STIM_START
014 1 0072007276 STIM_END_RESP_START
014 1 0072027788 LICK
014 1 0072028232 REWARD_START
014 1 0073207316 RESP_END
014 1 0072108692 REWARD_END
015 1 0074997892 STIM_START
015 1 0076096564 STIM_END_RESP_START
015 1 0076894704 LICK
015 1 0076895140 REWARD_START
015 1 0077296592 RESP_END
015 1 0076975604 REWARD_END
016 0 0078964264 STIM_START
016 0 0080062936 STIM_END_RESP_START
016 0 0081262960 RESP_END
017 1 0083009580 STIM_START
017 1 0084108284 STIM_END_RESP_START
017 1 0085308308 RESP_END
018 0 0087274584 STIM_START
018 0 0088245696 LICK
018 0 0088373260 STIM_END_RESP_START
018 0 0088428564 LICK
018 0 0088429004 TIMEOUT_START
018 0 0088584676 LICK
018 0 0088585112 TIMEOUT_START
018 0 0088739776 LICK
018 0 0088740220 TIMEOUT_START
018 0 0088908064 LICK
018 0 0088908500 TIMEOUT_START
018 0 0089573280 RESP_END
018 0 0095908960 TIMEOUT_END
019 0 0097731472 STIM_START
019 0 0098830140 STIM_END_RESP_START
019 0 0100030168 RESP_END
020 1 0101963564 STIM_START
020 1 0102865540 LICK
020 1 0103062252 STIM_END_RESP_START
020 1 0104262292 RESP_END
021 1 0106320492 STIM_START
021 1 0107419176 STIM_END_RESP_START
021 1 0107445104 LICK
021 1 0107445596 REWARD_START
021 1 0107629744 LICK
021 1 0108619208 RESP_END
021 1 0107526100 REWARD_END
022 0 0110349804 STIM_START
022 0 0111448492 STIM_END_RESP_START
022 0 0112648532 RESP_END
023 0 0114700788 STIM_START
023 0 0115799476 STIM_END_RESP_START
023 0 0116999520 RESP_END
024 1 0118770116 STIM_START
024 1 0119868808 STIM_END_RESP_START
024 1 0121068848 RESP_END
025 1 0122879300 STIM_START
025 1 0123977992 STIM_END_RESP_START
025 1 0124490472 LICK
025 1 0124490964 REWARD_START
025 1 0124906432 LICK
025 1 0125068500 LICK
025 1 0125178012 RESP_END
025 1 0124571468 REWARD_END
026 1 0127250200 STIM_START
026 1 0128348888 STIM_END_RESP_START
026 1 0129548928 RESP_END
027 0 0131363396 STIM_START
027 0 0132462084 STIM_END_RESP_START
027 0 0133662124 RESP_END
028 1 0135452648 STIM_START
028 1 0136551336 STIM_END_RESP_START
028 1 0136849316 LICK
028 1 0136849808 REWARD_START
028 1 0137045612 LICK
028 1 0137226864 LICK
028 1 0137406368 LICK
028 1 0137751356 RESP_END
028 1 0136930316 REWARD_END
029 0 0139471980 STIM_START
029 0 0140570672 STIM_END_RESP_START
029 0 0141770712 RESP_END
030 1 0143700080 STIM_START
030 1 0144798764 STIM_END_RESP_START
030 1 0145998804 RESP_END
031 1 0147947116 STIM_START
031 1 0149045808 STIM_END_RESP_START
031 1 0150245848 RESP_END
032 1 0151860584 STIM_START
032 1 0152959272 STIM_END_RESP_START
032 1 0154159316 RESP_END
033 0 0156214576 STIM_START
033 0 0157313264 STIM_END_RESP_START
033 0 0158513304 RESP_END
034 0 0160200896 STIM_START
034 0 0161299584 STIM_END_RESP_START
034 0 0162499624 RESP_END
035 0 0164131348 STIM_START
035 0 0164797420 LICK
035 0 0164965928 LICK
035 0 0165146988 LICK
035 0 0165230036 STIM_END_RESP_START
035 0 0166430052 RESP_END
036 1 0169618064 STIM_START
036 1 0170138860 LICK
036 1 0170716752 STIM_END_RESP_START
036 1 0171916796 RESP_END
037 1 0173839088 STIM_START
037 1 0174419728 LICK
037 1 0174937768 STIM_END_RESP_START
037 1 0176137808 RESP_END
038 0 0178148076 STIM_START
038 0 0179246764 STIM_END_RESP_START
038 0 0180240952 LICK
038 0 0180241440 TIMEOUT_START
038 0 0180446788 RESP_END
038 0 0187241936 TIMEOUT_END
039 1 0188987492 STIM_START
039 1 0190086176 STIM_END_RESP_START
039 1 0191286212 RESP_END
040 1 0193081752 STIM_START
040 1 0194180440 STIM_END_RESP_START
040 1 0195380484 RESP_END
041 0 0197169004 STIM_START
041 0 0198267692 STIM_END_RESP_START
041 0 0199379832 LICK
041 0 0199380324 TIMEOUT_START
041 0 0199467700 RESP_END
041 0 0206380824 TIMEOUT_END
042 0 0208181180 STIM_START
042 0 0209279868 STIM_END_RESP_START
042 0 0210479912 RESP_END
043 0 0212115600 STIM_START
043 0 0213214288 STIM_END_RESP_START
043 0 0214414324 RESP_END
044 1 0216291780 STIM_START
044 1 0217390464 STIM_END_RESP_START
044 1 0218590508 RESP_END
045 0 0220342048 STIM_START
045 0 0221440736 STIM_END_RESP_START
045 0 0222640776 RESP_END
046 0 0224266488 STIM_START
046 0 0225365172 STIM_END_RESP_START
046 0 0226565216 RESP_END
047 1 0228585484 STIM_START
047 1 0229684164 STIM_END_RESP_START
047 1 0230884208 RESP_END
048 1 0232556908 STIM_START
048 1 0233655592 STIM_END_RESP_START
048 1 0234855636 RESP_END
049 0 0236685096 STIM_START
049 0 0237783784 STIM_END_RESP_START
049 0 0238983828 RESP_END
050 0 0240839264 STIM_START
050 0 0241937952 STIM_END_RESP_START
050 0 0243137992 RESP_END
051 1 0245169216 STIM_START
051 1 0246267900 STIM_END_RESP_START
051 1 0247467944 RESP_END
052 1 0249196536 STIM_START
052 1 0250295228 STIM_END_RESP_START
052 1 0251495272 RESP_END
053 1 0253221884 STIM_START
053 1 0254320572 STIM_END_RESP_START
053 1 0255520616 RESP_END
054 0 0257327132 STIM_START
054 0 0258425812 STIM_END_RESP_START
054 0 0259625852 RESP_END
055 0 0261236552 STIM_START
055 0 0262335240 STIM_END_RESP_START
055 0 0263535284 RESP_END
056 0 0265271856 STIM_START
056 0 0266370544 STIM_END_RESP_START
056 0 0267570588 RESP_END
057 1 0269498936 STIM_START
057 1 0270597620 STIM_END_RESP_START
057 1 0271797664 RESP_END
058 1 0273463360 STIM_START
058 1 0274562044 STIM_END_RESP_START
058 1 0275762084 RESP_END
059 1 0277590576 STIM_START
059 1 0278689264 STIM_END_RESP_START
059 1 0279889308 RESP_END
060 0 0281962520 STIM_START
060 0 0283061204 STIM_END_RESP_START
060 0 0284261244 RESP_END
061 0 0286189656 STIM_START
061 0 0287288344 STIM_END_RESP_START
061 0 0288488384 RESP_END
062 1 0292553152 STIM_START
062 1 0293651840 STIM_END_RESP_START
062 1 0294851884 RESP_END
063 0 0296453692 STIM_START
063 0 0297552380 STIM_END_RESP_START
063 0 0298752424 RESP_END
064 0 0300587836 STIM_START
064 0 0301686524 STIM_END_RESP_START
064 0 0302886568 RESP_END
065 0 0304813936 STIM_START
065 0 0305912624 STIM_END_RESP_START
065 0 0307112652 RESP_END
066 1 0308978112 STIM_START
066 1 0310076800 STIM_END_RESP_START
066 1 0311276844 RESP_END
067 1 0312888564 STIM_START
067 1 0313987252 STIM_END_RESP_START
067 1 0315187296 RESP_END
068 1 0316802996 STIM_START
068 1 0317901684 STIM_END_RESP_START
068 1 0319101728 RESP_END
069 0 0321152988 STIM_START
069 0 0322251676 STIM_END_RESP_START
069 0 0323451720 RESP_END
070 0 0325508924 STIM_START
070 0 0326607612 STIM_END_RESP_START
070 0 0327807656 RESP_END
071 0 0329657092 STIM_START
071 0 0330755780 STIM_END_RESP_START
071 0 0331955824 RESP_END
072 1 0333554568 STIM_START
072 1 0334653256 STIM_END_RESP_START
072 1 0335853300 RESP_END
073 1 0337865548 STIM_START
073 1 0338964236 STIM_END_RESP_START
073 1 0340164280 RESP_END
074 1 0341878912 STIM_START
074 1 0342977600 STIM_END_RESP_START
074 1 0344177636 RESP_END
075 0 0345928200 STIM_START
075 0 0347026888 STIM_END_RESP_START
075 0 0348226928 RESP_END
076 0 0350217260 STIM_START
076 0 0351315940 STIM_END_RESP_START
076 0 0352515984 RESP_END
077 0 0354469300 STIM_START
077 0 0355567988 STIM_END_RESP_START
077 0 0356768036 RESP_END
078 1 0358595448 STIM_START
078 1 0359694136 STIM_END_RESP_START
078 1 0360894180 RESP_END
079 0 0362751604 STIM_START
079 0 0363850296 STIM_END_RESP_START
079 0 0365050336 RESP_END
080 1 0367121584 STIM_START
080 1 0368220268 STIM_END_RESP_START
080 1 0369420312 RESP_END
081 0 0371295740 STIM_START
081 0 0372394432 STIM_END_RESP_START
081 0 0373594476 RESP_END
082 0 0375460856 STIM_START
082 0 0376559544 STIM_END_RESP_START
082 0 0377759588 RESP_END
083 0 0379708988 STIM_START
083 0 0380807676 STIM_END_RESP_START
083 0 0382007720 RESP_END
084 1 0383843268 STIM_START
084 1 0384941956 STIM_END_RESP_START
084 1 0386142000 RESP_END
085 0 0388208064 STIM_START
085 0 0389306752 STIM_END_RESP_START
085 0 0390506796 RESP_END
086 0 0392271348 STIM_START
086 0 0393370036 STIM_END_RESP_START
086 0 0394570080 RESP_END
087 1 0396340632 STIM_START
087 1 0397210320 LICK
087 1 0397388516 LICK
087 1 0397439308 STIM_END_RESP_START
087 1 0397565172 LICK
087 1 0397565656 REWARD_START
087 1 0398639336 RESP_END
087 1 0397646168 REWARD_END
088 0 0400563716 STIM_START
088 0 0401662404 STIM_END_RESP_START
088 0 0402862444 RESP_END
089 1 0404475240 STIM_START
089 1 0405573932 STIM_END_RESP_START
089 1 0406773976 RESP_END
090 0 0408570444 STIM_START
090 0 0409669136 STIM_END_RESP_START
090 0 0410869176 RESP_END
091 1 0412557788 STIM_START
091 1 0413656476 STIM_END_RESP_START
091 1 0414856520 RESP_END
092 1 0416909744 STIM_START
092 1 0418008436 STIM_END_RESP_START
092 1 0419208480 RESP_END
093 1 0420996020 STIM_START
093 1 0422094704 STIM_END_RESP_START
093 1 0423294748 RESP_END
094 0 0425088264 STIM_START
094 0 0426186948 STIM_END_RESP_START
094 0 0427386992 RESP_END
095 0 0429364284 STIM_START
095 0 0430462964 STIM_END_RESP_START
095 0 0431663008 RESP_END
096 1 0433313704 STIM_START
096 1 0434412388 STIM_END_RESP_START
096 1 0435612432 RESP_END
097 1 0437447908 STIM_START
097 1 0438546596 STIM_END_RESP_START
097 1 0439746640 RESP_END
098 1 0441335396 STIM_START
098 1 0442434084 STIM_END_RESP_START
098 1 0443634128 RESP_END
099 0 0445441548 STIM_START
099 0 0446540236 STIM_END_RESP_START
099 0 0447740280 RESP_END
100 0 0449488924 STIM_START
100 0 0450587604 STIM_END_RESP_START
100 0 0451787648 RESP_END
101 0 0453697056 STIM_START
101 0 0454795744 STIM_END_RESP_START
101 0 0455995792 RESP_END
102 1 0457653420 STIM_START
102 1 0458752108 STIM_END_RESP_START
102 1 0459952152 RESP_END
103 1 0461728656 STIM_START
103 1 0462827340 STIM_END_RESP_START
103 1 0464027388 RESP_END
104 1 0465759976 STIM_START
104 1 0466858668 STIM_END_RESP_START
104 1 0468058712 RESP_END
105 0 0469877204 STIM_START
105 0 0470975888 STIM_END_RESP_START
105 0 0472175932 RESP_END
106 1 0473805660 STIM_START
106 1 0474904348 STIM_END_RESP_START
106 1 0474990120 LICK
106 1 0474990612 REWARD_START
106 1 0475175268 LICK
106 1 0476104364 RESP_END
106 1 0475071116 REWARD_END
107 1 0478043736 STIM_START
107 1 0479142428 STIM_END_RESP_START
107 1 0480342472 RESP_END
108 0 0482254864 STIM_START
108 0 0483353544 STIM_END_RESP_START
108 0 0484553592 RESP_END
109 1 0486168316 STIM_START
109 1 0486677300 LICK
109 1 0486888040 LICK
109 1 0487267000 STIM_END_RESP_START
109 1 0488467044 RESP_END
110 1 0490199652 STIM_START
110 1 0491298340 STIM_END_RESP_START
110 1 0492498388 RESP_END
111 1 0494206980 STIM_START
111 1 0495305664 STIM_END_RESP_START
111 1 0496505708 RESP_END
112 0 0498137440 STIM_START
112 0 0499236128 STIM_END_RESP_START
112 0 0500436168 RESP_END
113 0 0502406456 STIM_START
113 0 0503505144 STIM_END_RESP_START
113 0 0504611616 LICK
113 0 0504612108 TIMEOUT_START
113 0 0504705164 RESP_END
113 0 0511612616 TIMEOUT_END
114 0 0513376716 STIM_START
114 0 0514475404 STIM_END_RESP_START
114 0 0515675448 RESP_END
115 1 0517567848 STIM_START
115 1 0518666540 STIM_END_RESP_START
115 1 0519866580 RESP_END
116 0 0521576172 STIM_START
116 0 0522674860 STIM_END_RESP_START
116 0 0523874904 RESP_END
117 0 0525772316 STIM_START
117 0 0526871004 STIM_END_RESP_START
117 0 0528071044 RESP_END
118 1 0529888600 STIM_START
118 1 0530987288 STIM_END_RESP_START
118 1 0532187332 RESP_END
119 1 0533921852 STIM_START
119 1 0535020532 STIM_END_RESP_START
119 1 0536220576 RESP_END
120 1 0538151924 STIM_START
120 1 0538350348 LICK
120 1 0538532392 LICK
120 1 0539250612 STIM_END_RESP_START
120 1 0540450656 RESP_END
121 0 0542273144 STIM_START
121 0 0543371832 STIM_END_RESP_START
121 0 0544571876 RESP_END
122 1 0546441304 STIM_START
122 1 0547539996 STIM_END_RESP_START
122 1 0548740032 RESP_END
123 0 0550815232 STIM_START
123 0 0551913920 STIM_END_RESP_START
123 0 0553113964 RESP_END
124 1 0555003376 STIM_START
124 1 0556102064 STIM_END_RESP_START
124 1 0557302108 RESP_END
125 0 0558950800 STIM_START
125 0 0560049488 STIM_END_RESP_START
125 0 0561249532 RESP_END
126 0 0563117956 STIM_START
126 0 0564216648 STIM_END_RESP_START
126 0 0565416692 RESP_END
127 0 0567445892 STIM_START
127 0 0568544580 STIM_END_RESP_START
127 0 0569744624 RESP_END
128 1 0571356332 STIM_START
128 1 0572455020 STIM_END_RESP_START
128 1 0573655068 RESP_END
129 1 0575282772 STIM_START
129 1 0576381460 STIM_END_RESP_START
129 1 0577179136 LICK
129 1 0577179620 REWARD_START
129 1 0577367076 LICK
129 1 0577581476 RESP_END
129 1 0577260132 REWARD_END
130 1 0579448976 STIM_START
130 1 0580547664 STIM_END_RESP_START
130 1 0581747704 RESP_END
131 0 0583561196 STIM_START
131 0 0584659884 STIM_END_RESP_START
131 0 0585859928 RESP_END
132 0 0587772296 STIM_START
132 0 0588870988 STIM_END_RESP_START
132 0 0590071032 RESP_END
133 1 0591860564 STIM_START
133 1 0592959252 STIM_END_RESP_START
133 1 0594159296 RESP_END
134 1 0595949808 STIM_START
134 1 0597048500 STIM_END_RESP_START
134 1 0598248544 RESP_END
135 1 0599902224 STIM_START
135 1 0601000908 STIM_END_RESP_START
135 1 0602200952 RESP_END
136 0 0604150268 STIM_START
136 0 0605248956 STIM_END_RESP_START
136 0 0606449004 RESP_END
137 1 0608445296 STIM_START
137 1 0609543988 STIM_END_RESP_START
137 1 0610744028 RESP_END
138 0 0612694376 STIM_START
138 0 0613793068 STIM_END_RESP_START
138 0 0614993116 RESP_END
139 0 0617043296 STIM_START
139 0 0618141984 STIM_END_RESP_START
139 0 0619342032 RESP_END
140 1 0621389244 STIM_START
140 1 0622487936 STIM_END_RESP_START
140 1 0623687980 RESP_END
141 0 0625716200 STIM_START
141 0 0626814888 STIM_END_RESP_START
141 0 0628014936 RESP_END
142 0 0630085132 STIM_START
142 0 0631183820 STIM_END_RESP_START
142 0 0632383864 RESP_END
143 0 0633975648 STIM_START
143 0 0635074340 STIM_END_RESP_START
143 0 0636274384 RESP_END
144 1 0638166824 STIM_START
144 1 0639265516 STIM_END_RESP_START
144 1 0640465560 RESP_END
145 1 0642078212 STIM_START
145 1 0643176900 STIM_END_RESP_START
145 1 0644376944 RESP_END
146 0 0646066616 STIM_START
146 0 0647165304 STIM_END_RESP_START
146 0 0648365352 RESP_END
147 1 0650273724 STIM_START
147 1 0651372412 STIM_END_RESP_START
147 1 0652572460 RESP_END
148 0 0654524804 STIM_START
148 0 0655623492 STIM_END_RESP_START
148 0 0656823536 RESP_END
149 1 0658814816 STIM_START
149 1 0659913504 STIM_END_RESP_START
149 1 0661113548 RESP_END
150 1 0662905000 STIM_START
150 1 0664003688 STIM_END_RESP_START
150 1 0665203728 RESP_END
151 1 0667110152 STIM_START
151 1 0668208840 STIM_END_RESP_START
151 1 0669408884 RESP_END
152 0 0671254348 STIM_START
152 0 0672353036 STIM_END_RESP_START
152 0 0673553080 RESP_END
153 1 0675602300 STIM_START
153 1 0676700988 STIM_END_RESP_START
153 1 0677901032 RESP_END
154 0 0679969240 STIM_START
154 0 0681067928 STIM_END_RESP_START
154 0 0682267968 RESP_END
155 1 0684084468 STIM_START
155 1 0685183156 STIM_END_RESP_START
155 1 0686383200 RESP_END
156 1 0688270552 STIM_START
156 1 0689369240 STIM_END_RESP_START
156 1 0690569284 RESP_END
157 0 0692188052 STIM_START
157 0 0693286736 STIM_END_RESP_START
157 0 0694486780 RESP_END
158 0 0696374192 STIM_START
158 0 0697472876 STIM_END_RESP_START
158 0 0698672916 RESP_END
159 0 0700561308 STIM_START
159 0 0701659996 STIM_END_RESP_START
159 0 0702860040 RESP_END
160 1 0704626592 STIM_START
160 1 0705725280 STIM_END_RESP_START
160 1 0706925324 RESP_END
USER_EXIT