001 0 0005384500 STIM_START
001 0 0006483192 STIM_END_RESP_START
001 0 0007683236 RESP_END
002 0 0009520728 STIM_START
002 0 0010619420 STIM_END_RESP_START
002 0 0011819444 RESP_END
003 1 0013617008 STIM_START
003 1 0014174772 LICK
003 1 0014345324 LICK
003 1 0014515136 LICK
003 1 0014707276 LICK
003 1 0014715712 STIM_END_RESP_START
003 1 0014889592 LICK
003 1 0014890032 REWARD_START
003 1 0015143312 LICK
003 1 0015288416 LICK
003 1 0015425972 LICK
003 1 0015915728 RESP_END
003 1 0014960480 REWARD_END
004 1 0018231664 STIM_START
004 1 0019330372 STIM_END_RESP_START
004 1 0020530400 RESP_END
005 1 0023014108 STIM_START
005 1 0023767752 LICK
005 1 0024112796 STIM_END_RESP_START
005 1 0025312820 RESP_END
006 0 0027198204 STIM_START
006 0 0028296876 STIM_END_RESP_START
006 0 0029496900 RESP_END
007 1 0031312440 STIM_START
007 1 0031900564 LICK
007 1 0032411116 STIM_END_RESP_START
007 1 0033385096 LICK
007 1 0033385536 REWARD_START
007 1 0033569612 LICK
007 1 0033611132 RESP_END
007 1 0033455984 REWARD_END
008 1 0037906796 STIM_START
008 1 0039005504 STIM_END_RESP_START
008 1 0039328504 LICK
008 1 0039328944 REWARD_START
008 1 0039465616 LICK
008 1 0039626744 LICK
008 1 0039765392 LICK
008 1 0040071416 LICK
008 1 0040205536 RESP_END
008 1 0039399396 REWARD_END
009 1 0042152864 STIM_START
009 1 0042955420 LICK
009 1 0043094172 LICK
009 1 0043230496 LICK
009 1 0043251552 STIM_END_RESP_START
009 1 0043427128 LICK
009 1 0043427564 REWARD_START
009 1 0043566140 LICK
009 1 0043702020 LICK
009 1 0043833052 LICK
009 1 0044451572 RESP_END
009 1 0043498020 REWARD_END
010 0 0046315060 STIM_START
010 0 0047413732 STIM_END_RESP_START
010 0 0048613756 RESP_END
011 0 0050244496 STIM_START
011 0 0051343168 STIM_END_RESP_START
011 0 0052543192 RESP_END
012 1 0054570464 STIM_START
012 1 0055156784 LICK
012 1 0055291316 LICK
012 1 0055433672 LICK
012 1 0055610788 LICK
012 1 0055669144 STIM_END_RESP_START
012 1 0055828024 LICK
012 1 0055828460 REWARD_START
012 1 0055986984 LICK
012 1 0056124884 LICK
012 1 0056262520 LICK
012 1 0056400348 LICK
012 1 0056869168 RESP_END
012 1 0055898916 REWARD_END
013 1 0058598820 STIM_START
013 1 0059537492 LICK
013 1 0059697524 STIM_END_RESP_START
013 1 0059713964 LICK
013 1 0059714400 REWARD_START
013 1 0059869544 LICK
013 1 0059999520 LICK
013 1 0060135484 LICK
013 1 0060275092 LICK
013 1 0060897548 RESP_END
013 1 0059784856 REWARD_END
014 0 0062706072 STIM_START
014 0 0063804784 STIM_END_RESP_START
014 0 0065004812 RESP_END
015 0 0067015060 STIM_START
015 0 0068113764 STIM_END_RESP_START
015 0 0069313792 RESP_END
016 0 0071342044 STIM_START
016 0 0072440716 STIM_END_RESP_START
016 0 0073640744 RESP_END
017 1 0075420320 STIM_START
017 1 0076193512 LICK
017 1 0076519012 STIM_END_RESP_START
017 1 0076548308 LICK
017 1 0076548744 REWARD_START
017 1 0076726372 LICK
017 1 0076866964 LICK
017 1 0077011268 LICK
017 1 0077151444 LICK
017 1 0077305124 LICK
017 1 0077719060 RESP_END
017 1 0076619204 REWARD_END
018 0 0079559484 STIM_START
018 0 0080658196 STIM_END_RESP_START
018 0 0081858224 RESP_END
019 0 0083808584 STIM_START
019 0 0084907292 STIM_END_RESP_START
019 0 0086107320 RESP_END
020 1 0088063644 STIM_START
020 1 0088612520 LICK
020 1 0088766256 LICK
020 1 0088927176 LICK
020 1 0089162348 STIM_END_RESP_START
020 1 0089263676 LICK
020 1 0089264116 REWARD_START
020 1 0089439448 LICK
020 1 0089578604 LICK
020 1 0089714288 LICK
020 1 0089850140 LICK
020 1 0090362388 RESP_END
020 1 0089334588 REWARD_END
021 1 0092205836 STIM_START
021 1 0092938848 LICK
021 1 0093095992 LICK
021 1 0093275944 LICK
021 1 0093304520 STIM_END_RESP_START
021 1 0093426344 LICK
021 1 0093426788 REWARD_START
021 1 0093556144 LICK
021 1 0093681836 LICK
021 1 0093822540 LICK
021 1 0093965864 LICK
021 1 0094504544 RESP_END
021 1 0093497240 REWARD_END
022 1 0096352052 STIM_START
022 1 0097450720 STIM_END_RESP_START
022 1 0097684152 LICK
022 1 0097684596 REWARD_START
022 1 0097876856 LICK
022 1 0098006088 LICK
022 1 0098130020 LICK
022 1 0098264080 LICK
022 1 0098409112 LICK
022 1 0098650756 RESP_END
022 1 0097755048 REWARD_END
023 0 0100650040 STIM_START
023 0 0101748720 STIM_END_RESP_START
023 0 0102948764 RESP_END
024 1 0105856000 STIM_START
024 1 0106285744 LICK
024 1 0106652740 LICK
024 1 0106835720 LICK
024 1 0106954704 STIM_END_RESP_START
024 1 0107008080 LICK
024 1 0107008560 REWARD_START
024 1 0107163416 LICK
024 1 0107297280 LICK
024 1 0107440940 LICK
024 1 0107581988 LICK
024 1 0108154728 RESP_END
024 1 0107079076 REWARD_END
025 1 0110176968 STIM_START
025 1 0110634728 LICK
025 1 0110761592 LICK
025 1 0110912936 LICK
025 1 0111079152 LICK
025 1 0111254908 LICK
025 1 0111275672 STIM_END_RESP_START
025 1 0111412776 LICK
025 1 0111413264 REWARD_START
025 1 0111551516 LICK
025 1 0111687388 LICK
025 1 0111823660 LICK
025 1 0111985800 LICK
025 1 0112475704 RESP_END
025 1 0111483776 REWARD_END
026 0 0114422032 STIM_START
026 0 0115520720 STIM_END_RESP_START
026 0 0116720764 RESP_END
027 0 0118472372 STIM_START
027 0 0119571060 STIM_END_RESP_START
027 0 0120771104 RESP_END
028 0 0122550644 STIM_START
028 0 0123649332 STIM_END_RESP_START
028 0 0124849372 RESP_END
029 1 0126839616 STIM_START
029 1 0127434568 LICK
029 1 0127589292 LICK
029 1 0127938320 STIM_END_RESP_START
029 1 0127940148 LICK
029 1 0127940648 REWARD_START
029 1 0128110428 LICK
029 1 0128253372 LICK
029 1 0128401392 LICK
029 1 0128549868 LICK
029 1 0129138348 RESP_END
029 1 0128011148 REWARD_END
030 0 0130747100 STIM_START
030 0 0131845788 STIM_END_RESP_START
030 0 0131933992 LICK
030 0 0131934480 TIMEOUT_START
030 0 0132053968 LICK
030 0 0132054456 TIMEOUT_START
030 0 0132194508 LICK
030 0 0132194992 TIMEOUT_START
030 0 0133045832 RESP_END
030 0 0139195500 TIMEOUT_END
031 1 0141596520 STIM_START
031 1 0142104424 LICK
031 1 0142246908 LICK
031 1 0142411472 LICK
031 1 0142583984 LICK
031 1 0142695220 STIM_END_RESP_START
031 1 0142779376 LICK
031 1 0142779864 REWARD_START
031 1 0142962900 LICK
031 1 0143101212 LICK
031 1 0143242648 LICK
031 1 0143895244 RESP_END
031 1 0142850368 REWARD_END
032 0 0146459892 STIM_START
032 0 0147558580 STIM_END_RESP_START
032 0 0148758620 RESP_END
033 1 0150732932 STIM_START
033 1 0151483008 LICK
033 1 0151630984 LICK
033 1 0151798508 LICK
033 1 0151831640 STIM_END_RESP_START
033 1 0151978424 LICK
033 1 0151978912 REWARD_START
033 1 0152146140 LICK
033 1 0152284256 LICK
033 1 0152421280 LICK
033 1 0152564036 LICK
033 1 0153031676 RESP_END
033 1 0152049432 REWARD_END
034 1 0154880128 STIM_START
034 1 0155278928 LICK
034 1 0155429420 LICK
034 1 0155978832 STIM_END_RESP_START
034 1 0156176016 LICK
034 1 0156176504 REWARD_START
034 1 0156334628 LICK
034 1 0156464384 LICK
034 1 0156589192 LICK
034 1 0156722688 LICK
034 1 0156892824 LICK
034 1 0157178876 RESP_END
034 1 0156247016 REWARD_END
035 0 0159128200 STIM_START
035 0 0160226888 STIM_END_RESP_START
035 0 0161426928 RESP_END
036 1 0163457192 STIM_START
036 1 0163964288 LICK
036 1 0164109984 LICK
036 1 0164266404 LICK
036 1 0164428728 LICK
036 1 0164555888 STIM_END_RESP_START
036 1 0164593116 LICK
036 1 0164593600 REWARD_START
036 1 0164745392 LICK
036 1 0164881396 LICK
036 1 0165024556 LICK
036 1 0165313324 LICK
036 1 0165453804 LICK
036 1 0165755940 RESP_END
036 1 0164664116 REWARD_END
037 0 0167784108 STIM_START
037 0 0168882792 STIM_END_RESP_START
037 0 0170082836 RESP_END
038 0 0171802516 STIM_START
038 0 0172901204 STIM_END_RESP_START
038 0 0174101244 RESP_END
039 1 0175891704 STIM_START
039 1 0176306712 LICK
039 1 0176448052 LICK
039 1 0176632204 LICK
039 1 0176804972 LICK
039 1 0176974264 LICK
039 1 0176990396 STIM_END_RESP_START
039 1 0177153556 LICK
039 1 0177154040 REWARD_START
039 1 0177331800 LICK
039 1 0177464084 LICK
039 1 0177614632 LICK
039 1 0178190416 RESP_END
039 1 0177224556 REWARD_END
040 1 0180254688 STIM_START
040 1 0180718264 LICK
040 1 0180853140 LICK
040 1 0181001768 LICK
040 1 0181168916 LICK
040 1 0181353380 STIM_END_RESP_START
040 1 0181373908 LICK
040 1 0181374396 REWARD_START
040 1 0181567584 LICK
040 1 0181858244 LICK
040 1 0181997832 LICK
040 1 0182145424 LICK
040 1 0182553408 RESP_END
040 1 0181444900 REWARD_END
041 1 0184536708 STIM_START
041 1 0185239532 LICK
041 1 0185406728 LICK
041 1 0185565920 LICK
041 1 0185635420 STIM_END_RESP_START
041 1 0185737368 LICK
041 1 0185737852 REWARD_START
041 1 0185916236 LICK
041 1 0186067116 LICK
041 1 0186201976 LICK
041 1 0186336920 LICK
041 1 0186835436 RESP_END
041 1 0185808372 REWARD_END
042 0 0188463144 STIM_START
042 0 0189561828 STIM_END_RESP_START
042 0 0190761872 RESP_END
043 0 0192351636 STIM_START
043 0 0193450324 STIM_END_RESP_START
043 0 0194251484 LICK
043 0 0194251976 TIMEOUT_START
043 0 0194423276 LICK
043 0 0194423760 TIMEOUT_START
043 0 0194650340 RESP_END
043 0 0201424268 TIMEOUT_END
044 0 0203283936 STIM_START
044 0 0204382624 STIM_END_RESP_START
044 0 0205582672 RESP_END
045 1 0207474100 STIM_START
045 1 0207946716 LICK
045 1 0208107612 LICK
045 1 0208310864 LICK
045 1 0208478068 LICK
045 1 0208572792 STIM_END_RESP_START
045 1 0208670276 LICK
045 1 0208670768 REWARD_START
045 1 0208840080 LICK
045 1 0208987792 LICK
045 1 0209124716 LICK
045 1 0209772804 RESP_END
045 1 0208741280 REWARD_END
046 0 0211916956 STIM_START
046 0 0213015640 STIM_END_RESP_START
046 0 0214009944 LICK
046 0 0214010428 TIMEOUT_START
046 0 0214140512 LICK
046 0 0214141000 TIMEOUT_START
046 0 0214215676 RESP_END
046 0 0221141504 TIMEOUT_END
047 1 0222861248 STIM_START
047 1 0223333716 LICK
047 1 0223503460 LICK
047 1 0223662364 LICK
047 1 0223851428 LICK
047 1 0223959956 STIM_END_RESP_START
047 1 0224027672 LICK
047 1 0224028156 REWARD_START
047 1 0224196544 LICK
047 1 0224335472 LICK
047 1 0224482400 LICK
047 1 0224773820 LICK
047 1 0224921048 LICK
047 1 0225160000 RESP_END
047 1 0224098656 REWARD_END
048 1 0227241172 STIM_START
048 1 0227645208 LICK
048 1 0227793996 LICK
048 1 0228166728 LICK
048 1 0228307984 LICK
048 1 0228339864 STIM_END_RESP_START
048 1 0228474760 LICK
048 1 0228475252 REWARD_START
048 1 0228645984 LICK
048 1 0228785628 LICK
048 1 0228926564 LICK
048 1 0229069272 LICK
048 1 0229539880 RESP_END
048 1 0228545752 REWARD_END
049 0 0231607108 STIM_START
049 0 0232705792 STIM_END_RESP_START
049 0 0233905836 RESP_END
050 1 0235573456 STIM_START
050 1 0236020552 LICK
050 1 0236156188 LICK
050 1 0236497376 LICK
050 1 0236654508 LICK
050 1 0236672144 STIM_END_RESP_START
050 1 0236862284 LICK
050 1 0236862776 REWARD_START
050 1 0237049960 LICK
050 1 0237199304 LICK
050 1 0237335952 LICK
050 1 0237872168 RESP_END
050 1 0236933276 REWARD_END
051 0 0240512776 STIM_START
051 0 0241611468 STIM_END_RESP_START
051 0 0242811512 RESP_END
052 0 0244699904 STIM_START
052 0 0245798596 STIM_END_RESP_START
052 0 0246998636 RESP_END
053 1 0248671324 STIM_START
053 1 0249103144 LICK
053 1 0249451528 LICK
053 1 0249668512 LICK
053 1 0249770020 STIM_END_RESP_START
053 1 0249858676 LICK
053 1 0249859164 REWARD_START
053 1 0250065672 LICK
053 1 0250340712 LICK
053 1 0250485740 LICK
053 1 0250627472 LICK
053 1 0250970064 RESP_END
053 1 0249929676 REWARD_END
054 0 0252621708 STIM_START
054 0 0253720396 STIM_END_RESP_START
054 0 0254920440 RESP_END
055 0 0256810848 STIM_START
055 0 0257877688 LICK
055 0 0257909524 STIM_END_RESP_START
055 0 0258062364 LICK
055 0 0258062848 TIMEOUT_START
055 0 0258259224 LICK
055 0 0258259704 TIMEOUT_START
055 0 0258446384 LICK
055 0 0258446868 TIMEOUT_START
055 0 0258629884 LICK
055 0 0258630368 TIMEOUT_START
055 0 0259090408 LICK
055 0 0259090896 TIMEOUT_START
055 0 0259109544 RESP_END
055 0 0266091396 TIMEOUT_END
056 1 0267729184 STIM_START
056 1 0268191296 LICK
056 1 0268827896 STIM_END_RESP_START
056 1 0269115812 LICK
056 1 0269116296 REWARD_START
056 1 0269311520 LICK
056 1 0269498848 LICK
056 1 0269630156 LICK
056 1 0269765540 LICK
056 1 0270027932 RESP_END
056 1 0269186816 REWARD_END
057 0 0272005216 STIM_START
057 0 0273103900 STIM_END_RESP_START
057 0 0274303936 RESP_END
058 1 0276073540 STIM_START
058 1 0276471648 LICK
058 1 0276626456 LICK
058 1 0276988888 LICK
058 1 0277149576 LICK
058 1 0277172224 STIM_END_RESP_START
058 1 0277316008 LICK
058 1 0277316492 REWARD_START
058 1 0277458048 LICK
058 1 0277597544 LICK
058 1 0277732900 LICK
058 1 0277883352 LICK
058 1 0278372268 RESP_END
058 1 0277387008 REWARD_END
059 1 0280496360 STIM_START
059 1 0280904784 LICK
059 1 0281505016 LICK
059 1 0281595040 STIM_END_RESP_START
059 1 0281669060 LICK
059 1 0281669544 REWARD_START
059 1 0281842604 LICK
059 1 0281974960 LICK
059 1 0282108384 LICK
059 1 0282241048 LICK
059 1 0282395628 LICK
059 1 0282536904 LICK
059 1 0282795088 RESP_END
059 1 0281740064 REWARD_END
060 0 0284609572 STIM_START
060 0 0285708252 STIM_END_RESP_START
060 0 0286908296 RESP_END
061 1 0288738768 STIM_START
061 1 0289317484 LICK
061 1 0289837444 STIM_END_RESP_START
061 1 0289972688 LICK
061 1 0289973172 REWARD_START
061 1 0290131832 LICK
061 1 0290293208 LICK
061 1 0290428232 LICK
061 1 0290562448 LICK
061 1 0290697152 LICK
061 1 0291019408 LICK
061 1 0291037464 RESP_END
061 1 0290043692 REWARD_END
062 1 0293096760 STIM_START
062 1 0293475788 LICK
062 1 0294006192 LICK
062 1 0294159496 LICK
062 1 0294195444 STIM_END_RESP_START
062 1 0294326472 LICK
062 1 0294326960 REWARD_START
062 1 0294490588 LICK
062 1 0294624276 LICK
062 1 0294760312 LICK
062 1 0294908192 LICK
062 1 0295374676 LICK
062 1 0295395456 RESP_END
062 1 0294397480 REWARD_END
063 0 0297732380 STIM_START
063 0 0298831068 STIM_END_RESP_START
063 0 0300031112 RESP_END
064 1 0301845612 STIM_START
064 1 0302199316 LICK
064 1 0302543324 LICK
064 1 0302703752 LICK
064 1 0302877572 LICK
064 1 0302944300 STIM_END_RESP_START
064 1 0303047632 LICK
064 1 0303048128 REWARD_START
064 1 0303219960 LICK
064 1 0303350912 LICK
064 1 0303483512 LICK
064 1 0303627016 LICK
064 1 0304144344 RESP_END
064 1 0303118628 REWARD_END
065 0 0307009608 STIM_START
065 0 0308108296 STIM_END_RESP_START
065 0 0309308332 RESP_END
066 0 0310938048 STIM_START
066 0 0312036736 STIM_END_RESP_START
066 0 0313236784 RESP_END
067 0 0314881484 STIM_START
067 0 0315980168 STIM_END_RESP_START
067 0 0317180212 RESP_END
068 1 0320725636 STIM_START
068 1 0321243204 LICK
068 1 0321412464 LICK
068 1 0321660056 LICK
068 1 0321824332 STIM_END_RESP_START
068 1 0321917048 LICK
068 1 0321917532 REWARD_START
068 1 0322097248 LICK
068 1 0322235224 LICK
068 1 0322370928 LICK
068 1 0322518376 LICK
068 1 0323024364 RESP_END
068 1 0321988052 REWARD_END
069 0 0325595084 STIM_START
069 0 0326693772 STIM_END_RESP_START
069 0 0327893816 RESP_END
070 1 0329963952 STIM_START
070 1 0331062640 STIM_END_RESP_START
070 1 0332262684 RESP_END
071 1 0334332924 STIM_START
071 1 0334903096 LICK
071 1 0335431608 STIM_END_RESP_START
071 1 0335491440 LICK
071 1 0335491924 REWARD_START
071 1 0335654512 LICK
071 1 0335794536 LICK
071 1 0335933808 LICK
071 1 0336062900 LICK
071 1 0336631656 RESP_END
071 1 0335562428 REWARD_END
072 1 0338938564 STIM_START
072 1 0339793144 LICK
072 1 0340037256 STIM_END_RESP_START
072 1 0340173932 LICK
072 1 0340174416 REWARD_START
072 1 0340354792 LICK
072 1 0340484692 LICK
072 1 0340622964 LICK
072 1 0340770720 LICK
072 1 0341237304 RESP_END
072 1 0340244932 REWARD_END
073 0 0343147656 STIM_START
073 0 0344246344 STIM_END_RESP_START
073 0 0345446380 RESP_END
074 1 0347235956 STIM_START
074 1 0347590084 LICK
074 1 0348209172 LICK
074 1 0348334648 STIM_END_RESP_START
074 1 0348341708 LICK
074 1 0348342200 REWARD_START
074 1 0348479944 LICK
074 1 0348607468 LICK
074 1 0348744092 LICK
074 1 0349031328 LICK
074 1 0349534664 RESP_END
074 1 0348412700 REWARD_END
075 1 0351351168 STIM_START
075 1 0351893440 LICK
075 1 0352061584 LICK
075 1 0352207816 LICK
075 1 0352366616 LICK
075 1 0352449856 STIM_END_RESP_START
075 1 0352544860 LICK
075 1 0352545344 REWARD_START
075 1 0352701228 LICK
075 1 0352837016 LICK
075 1 0352976960 LICK
075 1 0353256388 LICK
075 1 0353649896 RESP_END
075 1 0352615860 REWARD_END
076 0 0355633188 STIM_START
076 0 0356731872 STIM_END_RESP_START
076 0 0357931916 RESP_END
077 1 0359939196 STIM_START
077 1 0360948576 LICK
077 1 0361037880 STIM_END_RESP_START
077 1 0361096088 LICK
077 1 0361096580 REWARD_START
077 1 0361230340 LICK
077 1 0361348380 LICK
077 1 0361485936 LICK
077 1 0361624404 LICK
077 1 0362237912 RESP_END
077 1 0361167080 REWARD_END
078 0 0364221228 STIM_START
078 0 0365319916 STIM_END_RESP_START
078 0 0366519960 RESP_END
079 1 0368593192 STIM_START
079 1 0369274352 LICK
079 1 0369397496 LICK
079 1 0369539140 LICK
079 1 0369691892 STIM_END_RESP_START
079 1 0369696152 LICK
079 1 0369696636 REWARD_START
079 1 0369841796 LICK
079 1 0369970080 LICK
079 1 0370100472 LICK
079 1 0370236776 LICK
079 1 0370891932 RESP_END
079 1 0369767160 REWARD_END
080 0 0372614504 STIM_START
080 0 0373713192 STIM_END_RESP_START
080 0 0374913236 RESP_END
081 0 0376647792 STIM_START
081 0 0377746480 STIM_END_RESP_START
081 0 0378946516 RESP_END
082 0 0380996712 STIM_START
082 0 0382095400 STIM_END_RESP_START
082 0 0383295440 RESP_END
083 1 0385144952 STIM_START
083 1 0385726048 LICK
083 1 0385893068 LICK
083 1 0386063340 LICK
083 1 0386243628 STIM_END_RESP_START
083 1 0386250316 LICK
083 1 0386250808 REWARD_START
083 1 0386422348 LICK
083 1 0386550680 LICK
083 1 0386692608 LICK
083 1 0386839492 LICK
083 1 0387443672 RESP_END
083 1 0386321312 REWARD_END
084 1 0389672640 STIM_START
084 1 0390617488 LICK
084 1 0390768224 LICK
084 1 0390771332 STIM_END_RESP_START
084 1 0390934208 LICK
084 1 0390934700 REWARD_START
084 1 0391070672 LICK
084 1 0391202152 LICK
084 1 0391327008 LICK
084 1 0391459224 LICK
084 1 0391622068 LICK
084 1 0391971380 RESP_END
084 1 0391005220 REWARD_END
085 1 0393774928 STIM_START
085 1 0394873616 STIM_END_RESP_START
085 1 0395039604 LICK
085 1 0395040100 REWARD_START
085 1 0395182700 LICK
085 1 0395378024 LICK
085 1 0395516380 LICK
085 1 0395660832 LICK
085 1 0395838180 LICK
085 1 0396073644 RESP_END
085 1 0395110600 REWARD_END
086 0 0397659408 STIM_START
086 0 0398758100 STIM_END_RESP_START
086 0 0399958144 RESP_END
087 1 0403805308 STIM_START
087 1 0404237016 LICK
087 1 0404393856 LICK
087 1 0404556612 LICK
087 1 0404737200 LICK
087 1 0404903992 STIM_END_RESP_START
087 1 0404928608 LICK
087 1 0404929096 REWARD_START
087 1 0405084288 LICK
087 1 0405216084 LICK
087 1 0405357056 LICK
087 1 0405499624 LICK
087 1 0405969740 LICK
087 1 0406104036 RESP_END
087 1 0404999596 REWARD_END
088 0 0408085304 STIM_START
088 0 0409183996 STIM_END_RESP_START
088 0 0410384044 RESP_END
089 1 0412011768 STIM_START
089 1 0412462104 LICK
089 1 0412614340 LICK
089 1 0412987452 LICK
089 1 0413110452 STIM_END_RESP_START
089 1 0413143884 LICK
089 1 0413144376 REWARD_START
089 1 0413313060 LICK
089 1 0413441536 LICK
089 1 0413576596 LICK
089 1 0413725300 LICK
089 1 0414310480 RESP_END
089 1 0413214876 REWARD_END
090 1 0417214736 STIM_START
090 1 0417709520 LICK
090 1 0417881144 LICK
090 1 0418069608 LICK
090 1 0418262388 LICK
090 1 0418313436 STIM_END_RESP_START
090 1 0418441136 LICK
090 1 0418441624 REWARD_START
090 1 0418626012 LICK
090 1 0418757340 LICK
090 1 0418896272 LICK
090 1 0419048960 LICK
090 1 0419187460 LICK
090 1 0419513460 RESP_END
090 1 0418512128 REWARD_END
091 0 0421331912 STIM_START
091 0 0422430600 STIM_END_RESP_START
091 0 0423630640 RESP_END
092 0 0425598048 STIM_START
092 0 0426696736 STIM_END_RESP_START
092 0 0427896776 RESP_END
093 0 0429827108 STIM_START
093 0 0430925788 STIM_END_RESP_START
093 0 0432125832 RESP_END
094 1 0433972292 STIM_START
094 1 0434547888 LICK
094 1 0435070972 STIM_END_RESP_START
094 1 0435382920 LICK
094 1 0435383412 REWARD_START
094 1 0435549432 LICK
094 1 0435693960 LICK
094 1 0435975304 LICK
094 1 0436270988 RESP_END
094 1 0435453924 REWARD_END
095 0 0438248328 STIM_START
095 0 0439347020 STIM_END_RESP_START
095 0 0440547064 RESP_END
096 0 0443417324 STIM_START
096 0 0444516012 STIM_END_RESP_START
096 0 0445716056 RESP_END
097 0 0447367692 STIM_START
097 0 0448466380 STIM_END_RESP_START
097 0 0449138896 LICK
097 0 0449139380 TIMEOUT_START
097 0 0449666412 RESP_END
097 0 0456139888 TIMEOUT_END
098 1 0457975400 STIM_START
098 1 0458643900 LICK
098 1 0458816756 LICK
098 1 0458994228 LICK
098 1 0459074112 STIM_END_RESP_START
098 1 0459183344 LICK
098 1 0459183832 REWARD_START
098 1 0459342224 LICK
098 1 0459482208 LICK
098 1 0459621892 LICK
098 1 0459767748 LICK
098 1 0460274156 RESP_END
098 1 0459254352 REWARD_END
099 1 0462427256 STIM_START
099 1 0462835800 LICK
099 1 0463525964 STIM_END_RESP_START
099 1 0463616944 LICK
099 1 0463617436 REWARD_START
099 1 0463753472 LICK
099 1 0463887112 LICK
099 1 0464020992 LICK
099 1 0464164844 LICK
099 1 0464726012 RESP_END
099 1 0463687936 REWARD_END
100 1 0466704316 STIM_START
100 1 0467140376 LICK
100 1 0467311352 LICK
100 1 0467499856 LICK
100 1 0467803024 STIM_END_RESP_START
100 1 0467876520 LICK
100 1 0467877012 REWARD_START
100 1 0468031244 LICK
100 1 0468157912 LICK
100 1 0468288540 LICK
100 1 0468433408 LICK
100 1 0468908584 LICK
100 1 0469003072 RESP_END
100 1 0467947508 REWARD_END
101 0 0470793552 STIM_START
101 0 0471892240 STIM_END_RESP_START
101 0 0473092284 RESP_END
102 1 0474983688 STIM_START
102 1 0475396540 LICK
102 1 0475974524 LICK
102 1 0476082384 STIM_END_RESP_START
102 1 0476155348 LICK
102 1 0476155836 REWARD_START
102 1 0476303600 LICK
102 1 0476435244 LICK
102 1 0476568064 LICK
102 1 0476714044 LICK
102 1 0477282420 RESP_END
102 1 0476226340 REWARD_END
103 1 0479030948 STIM_START
103 1 0479919148 LICK
103 1 0480050584 LICK
103 1 0480129640 STIM_END_RESP_START
103 1 0480190968 LICK
103 1 0480191452 REWARD_START
103 1 0480338848 LICK
103 1 0480471564 LICK
103 1 0480603040 LICK
103 1 0480746856 LICK
103 1 0481329684 RESP_END
103 1 0480261972 REWARD_END
104 0 0483517760 STIM_START
104 0 0484616452 STIM_END_RESP_START
104 0 0485816496 RESP_END
105 0 0487486172 STIM_START
105 0 0488584860 STIM_END_RESP_START
105 0 0489784908 RESP_END
106 1 0491460584 STIM_START
106 1 0491861440 LICK
106 1 0492021892 LICK
106 1 0492200832 LICK
106 1 0492371056 LICK
106 1 0492552244 LICK
106 1 0492559288 STIM_END_RESP_START
106 1 0492736080 LICK
106 1 0492736572 REWARD_START
106 1 0492894956 LICK
106 1 0493037432 LICK
106 1 0493175788 LICK
106 1 0493759328 RESP_END
106 1 0492807084 REWARD_END
107 0 0495667748 STIM_START
107 0 0496766436 STIM_END_RESP_START
107 0 0497966480 RESP_END
108 0 0499676012 STIM_START
108 0 0500774700 STIM_END_RESP_START
108 0 0501974748 RESP_END
109 1 0503842196 STIM_START
109 1 0504239004 LICK
109 1 0504380700 LICK
109 1 0504525712 LICK
109 1 0504693956 LICK
109 1 0504871280 LICK
109 1 0504940900 STIM_END_RESP_START
109 1 0505036464 LICK
109 1 0505036956 REWARD_START
109 1 0505213336 LICK
109 1 0505486660 LICK
109 1 0505642004 LICK
109 1 0506140940 RESP_END
109 1 0505107452 REWARD_END
110 0 0508197136 STIM_START
110 0 0509295828 STIM_END_RESP_START
110 0 0510495872 RESP_END
111 0 0512354292 STIM_START
111 0 0513452980 STIM_END_RESP_START
111 0 0514653024 RESP_END
112 0 0516282724 STIM_START
112 0 0517381412 STIM_END_RESP_START
112 0 0518581456 RESP_END
113 1 0520172248 STIM_START
113 1 0520708016 LICK
113 1 0520850240 LICK
113 1 0521015504 LICK
113 1 0521177376 LICK
113 1 0521270956 STIM_END_RESP_START
113 1 0521353540 LICK
113 1 0521354024 REWARD_START
113 1 0521531296 LICK
113 1 0521665672 LICK
113 1 0521805728 LICK
113 1 0521947800 LICK
113 1 0522450508 LICK
113 1 0522471004 RESP_END
113 1 0521424544 REWARD_END
114 1 0524669020 STIM_START
114 1 0525149944 LICK
114 1 0525319384 LICK
114 1 0525520968 LICK
114 1 0525693960 LICK
114 1 0525767728 STIM_END_RESP_START
114 1 0525867196 LICK
114 1 0525867680 REWARD_START
114 1 0526043208 LICK
114 1 0526182000 LICK
114 1 0526321988 LICK
114 1 0526463188 LICK
114 1 0526797312 LICK
114 1 0526967768 RESP_END
114 1 0525938196 REWARD_END
115 0 0528711368 STIM_START
115 0 0529810056 STIM_END_RESP_START
115 0 0531010100 RESP_END
116 0 0533080228 STIM_START
116 0 0534178912 STIM_END_RESP_START
116 0 0535378956 RESP_END
117 0 0536991720 STIM_START
117 0 0538090408 STIM_END_RESP_START
117 0 0539290452 RESP_END
118 1 0541186804 STIM_START
118 1 0541697712 LICK
118 1 0541866636 LICK
118 1 0542038360 LICK
118 1 0542251604 LICK
118 1 0542285496 STIM_END_RESP_START
118 1 0542415784 LICK
118 1 0542416276 REWARD_START
118 1 0542593764 LICK
118 1 0542725368 LICK
118 1 0542869708 LICK
118 1 0543020764 LICK
118 1 0543485536 RESP_END
118 1 0542486776 REWARD_END
119 1 0545823468 STIM_START
119 1 0546350844 LICK
119 1 0546530724 LICK
119 1 0546735620 LICK
119 1 0546922168 STIM_END_RESP_START
119 1 0546938624 LICK
119 1 0546939116 REWARD_START
119 1 0547118980 LICK
119 1 0547266160 LICK
119 1 0547396792 LICK
119 1 0547523604 LICK
119 1 0547665752 LICK
119 1 0548122208 RESP_END
119 1 0547009616 REWARD_END
120 0 0550176428 STIM_START
120 0 0551275116 STIM_END_RESP_START
120 0 0552475160 RESP_END
121 1 0554102868 STIM_START
121 1 0554573252 LICK
121 1 0554743668 LICK
121 1 0555129612 LICK
121 1 0555201584 STIM_END_RESP_START
121 1 0555298952 LICK
121 1 0555299440 REWARD_START
121 1 0555492864 LICK
121 1 0555633460 LICK
121 1 0555764904 LICK
121 1 0555907736 LICK
121 1 0556401616 RESP_END
121 1 0555369960 REWARD_END
122 0 0559201916 STIM_START
122 0 0560300604 STIM_END_RESP_START
122 0 0561500652 RESP_END
123 1 0563370084 STIM_START
123 1 0564215068 LICK
123 1 0564353708 LICK
123 1 0564468776 STIM_END_RESP_START
123 1 0564564196 LICK
123 1 0564564680 REWARD_START
123 1 0564748724 LICK
123 1 0564879544 LICK
123 1 0565019140 LICK
123 1 0565173944 LICK
123 1 0565668824 RESP_END
123 1 0564635180 REWARD_END
124 1 0567380472 STIM_START
124 1 0568246356 LICK
124 1 0568404100 LICK
124 1 0568479152 STIM_END_RESP_START
124 1 0568560648 LICK
124 1 0568561132 REWARD_START
124 1 0568744412 LICK
124 1 0568894368 LICK
124 1 0569029352 LICK
124 1 0569163836 LICK
124 1 0569310380 LICK
124 1 0569679192 RESP_END
124 1 0568631632 REWARD_END
125 0 0571645516 STIM_START
125 0 0572744204 STIM_END_RESP_START
125 0 0573944248 RESP_END
126 1 0575856584 STIM_START
126 1 0576254512 LICK
126 1 0576424124 LICK
126 1 0576596748 LICK
126 1 0576785392 LICK
126 1 0576955280 STIM_END_RESP_START
126 1 0576960704 LICK
126 1 0576961188 REWARD_START
126 1 0577155596 LICK
126 1 0577294368 LICK
126 1 0577428300 LICK
126 1 0577574816 LICK
126 1 0578155328 RESP_END
126 1 0577031704 REWARD_END
127 0 0579812032 STIM_START
127 0 0580910724 STIM_END_RESP_START
127 0 0582110768 RESP_END
128 0 0583727520 STIM_START
128 0 0584826208 STIM_END_RESP_START
128 0 0586026252 RESP_END
129 1 0587863692 STIM_START
129 1 0588361136 LICK
129 1 0588515408 LICK
129 1 0588698116 LICK
129 1 0588877692 LICK
129 1 0588962380 STIM_END_RESP_START
129 1 0589272116 LICK
129 1 0589272600 REWARD_START
129 1 0589437152 LICK
129 1 0589578260 LICK
129 1 0589718432 LICK
129 1 0590162412 RESP_END
129 1 0589343104 REWARD_END
130 1 0592043824 STIM_START
130 1 0592421968 LICK
130 1 0592581380 LICK
130 1 0592741048 LICK
130 1 0592920716 LICK
130 1 0593099592 LICK
130 1 0593142516 STIM_END_RESP_START
130 1 0593288776 LICK
130 1 0593289268 REWARD_START
130 1 0593454548 LICK
130 1 0593582936 LICK
130 1 0593738888 LICK
130 1 0593882360 LICK
130 1 0594029928 LICK
130 1 0594213144 LICK
130 1 0594342532 RESP_END
130 1 0593359764 REWARD_END
131 0 0596410692 STIM_START
131 0 0597509384 STIM_END_RESP_START
131 0 0598709428 RESP_END
132 1 0600662784 STIM_START
132 1 0601103812 LICK
132 1 0601263736 LICK
132 1 0601454404 LICK
132 1 0601654048 LICK
132 1 0601761468 STIM_END_RESP_START
132 1 0601860792 LICK
132 1 0601861284 REWARD_START
132 1 0602040432 LICK
132 1 0602170092 LICK
132 1 0602301832 LICK
132 1 0602460024 LICK
132 1 0602961504 RESP_END
132 1 0601931784 REWARD_END
133 0 0604866904 STIM_START
133 0 0605965592 STIM_END_RESP_START
133 0 0607165640 RESP_END
134 1 0608753380 STIM_START
134 1 0609852068 STIM_END_RESP_START
134 1 0609994228 LICK
134 1 0609994712 REWARD_START
134 1 0610167840 LICK
134 1 0610311868 LICK
134 1 0610447608 LICK
134 1 0610593128 LICK
134 1 0611052084 RESP_END
134 1 0610065216 REWARD_END
135 0 0612657900 STIM_START
135 0 0613756588 STIM_END_RESP_START
135 0 0613946536 LICK
135 0 0613947024 TIMEOUT_START
135 0 0614080212 LICK
135 0 0614080704 TIMEOUT_START
135 0 0614234588 LICK
135 0 0614235076 TIMEOUT_START
135 0 0614394212 LICK
135 0 0614394700 TIMEOUT_START
135 0 0614594036 LICK
135 0 0614594520 TIMEOUT_START
135 0 0614956620 RESP_END
135 0 0621595028 TIMEOUT_END
136 0 0623225604 STIM_START
136 0 0624324292 STIM_END_RESP_START
136 0 0624559772 LICK
136 0 0624560264 TIMEOUT_START
136 0 0625524312 RESP_END
136 0 0631560768 TIMEOUT_END
137 1 0633375844 STIM_START
137 1 0633933936 LICK
137 1 0634340572 LICK
137 1 0634474540 STIM_END_RESP_START
137 1 0634523328 LICK
137 1 0634523820 REWARD_START
137 1 0634693392 LICK
137 1 0634863404 LICK
137 1 0635001456 LICK
137 1 0635147700 LICK
137 1 0635674584 RESP_END
137 1 0634594340 REWARD_END
138 0 0637570988 STIM_START
138 0 0637688676 LICK
138 0 0638669668 STIM_END_RESP_START
138 0 0639869712 RESP_END
139 1 0641721124 STIM_START
139 1 0642213680 LICK
139 1 0642400500 LICK
139 1 0642579796 LICK
139 1 0642747184 LICK
139 1 0642819836 STIM_END_RESP_START
139 1 0642916040 LICK
139 1 0642916532 REWARD_START
139 1 0643087912 LICK
139 1 0643231164 LICK
139 1 0643362788 LICK
139 1 0643524472 LICK
139 1 0643681532 LICK
139 1 0644019884 RESP_END
139 1 0642987032 REWARD_END
140 0 0646238920 STIM_START
140 0 0647337612 STIM_END_RESP_START
140 0 0648537656 RESP_END
141 0 0650170356 STIM_START
141 0 0651269044 STIM_END_RESP_START
141 0 0652469088 RESP_END
142 0 0654422404 STIM_START
142 0 0655521092 STIM_END_RESP_START
142 0 0656721136 RESP_END
143 1 0658690496 STIM_START
143 1 0659097812 LICK
143 1 0659288524 LICK
143 1 0659445176 LICK
143 1 0659608112 LICK
143 1 0659789164 STIM_END_RESP_START
143 1 0659792860 LICK
143 1 0659793356 REWARD_START
143 1 0659967820 LICK
143 1 0660099432 LICK
143 1 0660233008 LICK
143 1 0660382248 LICK
143 1 0660557160 LICK
143 1 0660989196 RESP_END
143 1 0659863864 REWARD_END
144 0 0663115288 STIM_START
144 0 0664213976 STIM_END_RESP_START
144 0 0664476144 LICK
144 0 0664476628 TIMEOUT_START
144 0 0664644248 LICK
144 0 0664644740 TIMEOUT_START
144 0 0664804876 LICK
144 0 0664805360 TIMEOUT_START
144 0 0665414004 RESP_END
144 0 0671805868 TIMEOUT_END
145 1 0673673036 STIM_START
145 1 0674243400 LICK
145 1 0674412128 LICK
145 1 0674604968 LICK
145 1 0674771740 STIM_END_RESP_START
145 1 0674808260 LICK
145 1 0674808744 REWARD_START
145 1 0674985964 LICK
145 1 0675198048 LICK
145 1 0675335220 LICK
145 1 0675475476 LICK
145 1 0675971788 RESP_END
145 1 0674879248 REWARD_END
146 1 0678017052 STIM_START
146 1 0678800224 LICK
146 1 0678984496 LICK
146 1 0679115728 STIM_END_RESP_START
146 1 0679163024 LICK
146 1 0679163512 REWARD_START
146 1 0679332404 LICK
146 1 0679460312 LICK
146 1 0679595708 LICK
146 1 0679736568 LICK
146 1 0680315752 RESP_END
146 1 0679234032 REWARD_END
147 0 0681939480 STIM_START
147 0 0683038168 STIM_END_RESP_START
147 0 0684238212 RESP_END
148 0 0686114612 STIM_START
148 0 0687213300 STIM_END_RESP_START
148 0 0688413344 RESP_END
149 1 0690182908 STIM_START
149 1 0690684428 LICK
149 1 0690821540 LICK
149 1 0690974780 LICK
149 1 0691171084 LICK
149 1 0691281600 STIM_END_RESP_START
149 1 0691356972 LICK
149 1 0691357460 REWARD_START
149 1 0691546248 LICK
149 1 0691701176 LICK
149 1 0691992788 LICK
149 1 0692150676 LICK
149 1 0692481632 RESP_END
149 1 0691427960 REWARD_END
150 1 0694283180 STIM_START
150 1 0694865672 LICK
150 1 0695037916 LICK
150 1 0695200320 LICK
150 1 0695375000 LICK
150 1 0695381860 STIM_END_RESP_START
150 1 0695618748 LICK
150 1 0695619236 REWARD_START
150 1 0695911132 LICK
150 1 0696045324 LICK
150 1 0696177084 LICK
150 1 0696349716 LICK
150 1 0696581876 RESP_END
150 1 0695689756 REWARD_END
151 1 0698564188 STIM_START
151 1 0699297720 LICK
151 1 0699454164 LICK
151 1 0699617868 LICK
151 1 0699662888 STIM_END_RESP_START
151 1 0699774560 LICK
151 1 0699775052 REWARD_START
151 1 0699925596 LICK
151 1 0700057916 LICK
151 1 0700200108 LICK
151 1 0700350820 LICK
151 1 0700862920 RESP_END
151 1 0699845564 REWARD_END
152 0 0702630440 STIM_START
152 0 0703729128 STIM_END_RESP_START
152 0 0704046444 LICK
152 0 0704046928 TIMEOUT_START
152 0 0704929144 RESP_END
152 0 0711047428 TIMEOUT_END
153 0 0712920480 STIM_START
153 0 0714019168 STIM_END_RESP_START
153 0 0715219212 RESP_END
154 0 0717053720 STIM_START
154 0 0718152408 STIM_END_RESP_START
154 0 0718292124 LICK
154 0 0718292612 TIMEOUT_START
154 0 0719352432 RESP_END
154 0 0725293120 TIMEOUT_END
155 1 0727163988 STIM_START
155 1 0727635684 LICK
155 1 0727803852 LICK
155 1 0728007000 LICK
155 1 0728199940 LICK
155 1 0728262680 STIM_END_RESP_START
155 1 0728399312 LICK
155 1 0728399800 REWARD_START
155 1 0728582392 LICK
155 1 0728745468 LICK
155 1 0729053312 LICK
155 1 0729363548 LICK
155 1 0729462700 RESP_END
155 1 0728470320 REWARD_END
156 0 0731959388 STIM_START
156 0 0733058076 STIM_END_RESP_START
156 0 0733086752 LICK
156 0 0733087236 TIMEOUT_START
156 0 0733645336 LICK
156 0 0733645828 TIMEOUT_START
156 0 0734258116 RESP_END
156 0 0740646324 TIMEOUT_END
157 1 0742630976 STIM_START
157 1 0743221044 LICK
157 1 0743624080 LICK
157 1 0743729688 STIM_END_RESP_START
157 1 0743795148 LICK
157 1 0743795636 REWARD_START
157 1 0743962536 LICK
157 1 0744101300 LICK
157 1 0744374060 LICK
157 1 0744524584 LICK
157 1 0744929732 RESP_END
157 1 0743866140 REWARD_END
158 1 0746620368 STIM_START
158 1 0747691860 LICK
158 1 0747719052 STIM_END_RESP_START
158 1 0747839032 LICK
158 1 0747839524 REWARD_START
158 1 0747994164 LICK
158 1 0748159788 LICK
158 1 0748293456 LICK
158 1 0748604280 LICK
158 1 0748919088 RESP_END
158 1 0747910040 REWARD_END
159 0 0752000148 STIM_START
159 0 0753098836 STIM_END_RESP_START
159 0 0754298880 RESP_END
160 1 0756251236 STIM_START
160 1 0756832104 LICK
160 1 0757349928 STIM_END_RESP_START
160 1 0757582896 LICK
160 1 0757583384 REWARD_START
160 1 0757721208 LICK
160 1 0757878120 LICK
160 1 0758005408 LICK
160 1 0758140908 LICK
160 1 0758549960 RESP_END
160 1 0757653888 REWARD_END
161 0 0760408368 STIM_START
161 0 0761507056 STIM_END_RESP_START
161 0 0762707100 RESP_END
162 0 0764586532 STIM_START
162 0 0765685224 STIM_END_RESP_START
162 0 0766885268 RESP_END
163 1 0768514988 STIM_START
163 1 0768963172 LICK
163 1 0769128288 LICK
163 1 0769279436 LICK
163 1 0769459184 LICK
163 1 0769613684 STIM_END_RESP_START
163 1 0769642960 LICK
163 1 0769643444 REWARD_START
163 1 0769823540 LICK
163 1 0769985788 LICK
163 1 0770124056 LICK
163 1 0770281532 LICK
163 1 0770436272 LICK
163 1 0770813724 RESP_END
163 1 0769713948 REWARD_END
164 1 0773791856 STIM_START
164 1 0774563992 LICK
164 1 0774735228 LICK
164 1 0774890560 STIM_END_RESP_START
164 1 0774909568 LICK
164 1 0774910060 REWARD_START
164 1 0775091060 LICK
164 1 0775248264 LICK
164 1 0775386736 LICK
164 1 0776090600 RESP_END
164 1 0774980576 REWARD_END
165 0 0779059720 STIM_START
165 0 0780158408 STIM_END_RESP_START
165 0 0781358452 RESP_END
166 0 0782968196 STIM_START
166 0 0784066888 STIM_END_RESP_START
166 0 0785266932 RESP_END
167 1 0787025444 STIM_START
167 1 0787463888 LICK
167 1 0787627908 LICK
167 1 0788124132 STIM_END_RESP_START
167 1 0788296580 LICK
167 1 0788297072 REWARD_START
167 1 0788466212 LICK
167 1 0788621828 LICK
167 1 0788925004 LICK
167 1 0789246268 LICK
167 1 0789324152 RESP_END
167 1 0788367572 REWARD_END
168 0 0791686108 STIM_START
168 0 0792784796 STIM_END_RESP_START
168 0 0793984840 RESP_END
169 1 0796002076 STIM_START
169 1 0796526032 LICK
169 1 0796724220 LICK
169 1 0796910844 LICK
169 1 0797100776 STIM_END_RESP_START
169 1 0797120528 LICK
169 1 0797121012 REWARD_START
169 1 0797320636 LICK
169 1 0797503384 LICK
169 1 0797635920 LICK
169 1 0797768724 LICK
169 1 0797920200 LICK
169 1 0798300804 RESP_END
169 1 0797191512 REWARD_END
170 1 0799993448 STIM_START
170 1 0800856520 LICK
170 1 0801092136 STIM_END_RESP_START
170 1 0801243264 LICK
170 1 0801243748 REWARD_START
170 1 0801410484 LICK
170 1 0801582552 LICK
170 1 0801721280 LICK
170 1 0802040728 LICK
170 1 0802208712 LICK
170 1 0802292168 RESP_END
170 1 0801314268 REWARD_END
171 0 0804093660 STIM_START
171 0 0805192348 STIM_END_RESP_START
171 0 0806392392 RESP_END
172 0 0808163912 STIM_START
172 0 0809262596 STIM_END_RESP_START
172 0 0810462644 RESP_END
173 1 0812362116 STIM_START
173 1 0812773160 LICK
173 1 0813460820 STIM_END_RESP_START
173 1 0813601324 LICK
173 1 0813601812 REWARD_START
173 1 0813766116 LICK
173 1 0813915040 LICK
173 1 0814049564 LICK
173 1 0814371140 LICK
173 1 0814554700 LICK
173 1 0814660836 RESP_END
173 1 0813672328 REWARD_END
174 0 0816576212 STIM_START
174 0 0817674900 STIM_END_RESP_START
174 0 0818874948 RESP_END
175 0 0820549600 STIM_START
175 0 0821648288 STIM_END_RESP_START
175 0 0822848332 RESP_END
176 0 0824747728 STIM_START
176 0 0825846416 STIM_END_RESP_START
176 0 0827046460 RESP_END
177 1 0828997740 STIM_START
177 1 0830036868 LICK
177 1 0830096448 STIM_END_RESP_START
177 1 0831296496 RESP_END
178 1 0833044072 STIM_START
178 1 0833658928 LICK
178 1 0833856184 LICK
178 1 0834034468 LICK
178 1 0834142752 STIM_END_RESP_START
178 1 0834221048 LICK
178 1 0834221540 REWARD_START
178 1 0834434220 LICK
178 1 0834655212 LICK
178 1 0834802592 LICK
178 1 0834939964 LICK
178 1 0835105280 LICK
178 1 0835342792 RESP_END
178 1 0834292044 REWARD_END
179 0 0837268184 STIM_START
179 0 0838366872 STIM_END_RESP_START
179 0 0839566920 RESP_END
180 1 0841316484 STIM_START
180 1 0842250592 LICK
180 1 0842405160 LICK
180 1 0842415188 STIM_END_RESP_START
180 1 0842573324 LICK
180 1 0842573808 REWARD_START
180 1 0842920524 LICK
180 1 0843060548 LICK
180 1 0843218244 LICK
180 1 0843615228 RESP_END
180 1 0842644308 REWARD_END
181 0 0845226940 STIM_START
181 0 0846325628 STIM_END_RESP_START
181 0 0847525672 RESP_END
182 0 0849519960 STIM_START
182 0 0850618648 STIM_END_RESP_START
182 0 0851818692 RESP_END
183 0 0853473376 STIM_START
183 0 0854572060 STIM_END_RESP_START
183 0 0855772100 RESP_END
184 1 0857830316 STIM_START
184 1 0858301748 LICK
184 1 0858812052 LICK
184 1 0858929016 STIM_END_RESP_START
184 1 0858995452 LICK
184 1 0858995944 REWARD_START
184 1 0859426456 LICK
184 1 0859555736 LICK
184 1 0859699036 LICK
184 1 0860129044 RESP_END
184 1 0859066448 REWARD_END
185 1 0861780724 STIM_START
185 1 0862879412 STIM_END_RESP_START
185 1 0862930344 LICK
185 1 0862930832 REWARD_START
185 1 0863079340 LICK
185 1 0863226368 LICK
185 1 0863369728 LICK
185 1 0863527536 LICK
185 1 0863667404 LICK
185 1 0864079456 RESP_END
185 1 0863001332 REWARD_END
186 0 0865884964 STIM_START
186 0 0866983652 STIM_END_RESP_START
186 0 0868183696 RESP_END
187 1 0870198908 STIM_START
187 1 0871025808 LICK
187 1 0871200148 LICK
187 1 0871297600 STIM_END_RESP_START
187 1 0871347408 LICK
187 1 0871347892 REWARD_START
187 1 0871526188 LICK
187 1 0871659280 LICK
187 1 0871803280 LICK
187 1 0872497644 RESP_END
187 1 0871418412 REWARD_END
188 0 0874086388 STIM_START
188 0 0875185076 STIM_END_RESP_START
188 0 0876385124 RESP_END
189 1 0877995896 STIM_START
189 1 0878882100 LICK
189 1 0879039092 LICK
189 1 0879094588 STIM_END_RESP_START
189 1 0879425456 LICK
189 1 0879425948 REWARD_START
189 1 0879592584 LICK
189 1 0879742236 LICK
189 1 0879874824 LICK
189 1 0880034304 LICK
189 1 0880294600 RESP_END
189 1 0879496448 REWARD_END
190 0 0882263928 STIM_START
190 0 0883362616 STIM_END_RESP_START
190 0 0884562660 RESP_END
191 1 0886618868 STIM_START
191 1 0887502336 LICK
191 1 0887656172 LICK
191 1 0887717544 STIM_END_RESP_START
191 1 0887822388 LICK
191 1 0887822876 REWARD_START
191 1 0888000128 LICK
191 1 0888167444 LICK
191 1 0888315924 LICK
191 1 0888470356 LICK
191 1 0888798072 LICK
191 1 0888917564 RESP_END
191 1 0887893376 REWARD_END
192 0 0890875952 STIM_START
192 0 0891974636 STIM_END_RESP_START
192 0 0893174684 RESP_END
193 0 0895044092 STIM_START
193 0 0896142780 STIM_END_RESP_START
193 0 0897342824 RESP_END
194 0 0899056416 STIM_START
194 0 0900155104 STIM_END_RESP_START
194 0 0901355148 RESP_END
195 1 0903099760 STIM_START
195 1 0904198448 STIM_END_RESP_START
195 1 0904911356 LICK
195 1 0904911840 REWARD_START
195 1 0905164664 LICK
195 1 0905292060 LICK
195 1 0905398472 RESP_END
195 1 0904982360 REWARD_END
196 1 0907427716 STIM_START
196 1 0908526392 STIM_END_RESP_START
196 1 0908542664 LICK
196 1 0908543160 REWARD_START
196 1 0908718140 LICK
196 1 0908894760 LICK
196 1 0909726416 RESP_END
196 1 0908613664 REWARD_END
197 1 0911409156 STIM_START
197 1 0912507840 STIM_END_RESP_START
197 1 0912690804 LICK
197 1 0912691296 REWARD_START
197 1 0912869356 LICK
197 1 0913045368 LICK
197 1 0913200684 LICK
197 1 0913348704 LICK
197 1 0913707872 RESP_END
197 1 0912761808 REWARD_END
198 0 0915627176 STIM_START
198 0 0916725868 STIM_END_RESP_START
198 0 0917925912 RESP_END
199 1 0919513712 STIM_START
199 1 0919941268 LICK
199 1 0920612388 STIM_END_RESP_START
199 1 0921299024 LICK
199 1 0921299512 REWARD_START
199 1 0921475736 LICK
199 1 0921624332 LICK
199 1 0921775956 LICK
199 1 0921812408 RESP_END
199 1 0921370032 REWARD_END
200 1 0923934556 STIM_START
200 1 0925033248 STIM_END_RESP_START
200 1 0925188580 LICK
200 1 0925189064 REWARD_START
200 1 0925354468 LICK
200 1 0925499760 LICK
200 1 0925640152 LICK
200 1 0925795800 LICK
200 1 0925955924 LICK
200 1 0926233292 RESP_END
200 1 0925259584 REWARD_END
201 1 0928184648 STIM_START
201 1 0929283336 STIM_END_RESP_START
201 1 0929422328 LICK
201 1 0929422824 REWARD_START
201 1 0929596436 LICK
201 1 0929733916 LICK
201 1 0929898476 LICK
201 1 0930071456 LICK
201 1 0930483356 RESP_END
201 1 0929493324 REWARD_END
202 0 0932224952 STIM_START
202 0 0933323640 STIM_END_RESP_START
202 0 0934523688 RESP_END
203 1 0936218300 STIM_START
203 1 0937316988 STIM_END_RESP_START
203 1 0937607316 LICK
203 1 0937607804 REWARD_START
203 1 0937833144 LICK
203 1 0937962016 LICK
203 1 0938106480 LICK
203 1 0938517012 RESP_END
203 1 0937678324 REWARD_END
204 1 0940383504 STIM_START
204 1 0941188000 LICK
204 1 0941332460 LICK
204 1 0941468652 LICK
204 1 0941482188 STIM_END_RESP_START
204 1 0941638120 LICK
204 1 0941638608 REWARD_START
204 1 0941805248 LICK
204 1 0941943496 LICK
204 1 0942082072 LICK
204 1 0942225236 LICK
204 1 0942682228 RESP_END
204 1 0941709112 REWARD_END
205 0 0944650536 STIM_START
205 0 0945749224 STIM_END_RESP_START
205 0 0946949268 RESP_END
206 1 0948969484 STIM_START
206 1 0950066684 LICK
206 1 0950068176 STIM_END_RESP_START
206 1 0950231652 LICK
206 1 0950232148 REWARD_START
206 1 0950402748 LICK
206 1 0950545584 LICK
206 1 0950682296 LICK
206 1 0951268200 RESP_END
206 1 0950302664 REWARD_END
207 1 0952961856 STIM_START
207 1 0954060544 STIM_END_RESP_START
207 1 0954101680 LICK
207 1 0954102172 REWARD_START
207 1 0954267104 LICK
207 1 0954435480 LICK
207 1 0954572372 LICK
207 1 0954717696 LICK
207 1 0955260588 RESP_END
207 1 0954172676 REWARD_END
208 0 0957179008 STIM_START
208 0 0958277700 STIM_END_RESP_START
208 0 0959477740 RESP_END
209 1 0961267228 STIM_START
209 1 0962170244 LICK
209 1 0962337584 LICK
209 1 0962365916 STIM_END_RESP_START
209 1 0962501016 LICK
209 1 0962501504 REWARD_START
209 1 0962649008 LICK
209 1 0962787628 LICK
209 1 0962929612 LICK
209 1 0963091816 LICK
209 1 0963565944 RESP_END
209 1 0962572024 REWARD_END
210 0 0965692084 STIM_START
210 0 0966790772 STIM_END_RESP_START
210 0 0967990816 RESP_END
211 0 0969645476 STIM_START
211 0 0970744164 STIM_END_RESP_START
211 0 0971204660 LICK
211 0 0971205144 TIMEOUT_START
211 0 0971944196 RESP_END
211 0 0978205640 TIMEOUT_END
212 0 0979835684 STIM_START
212 0 0980934372 STIM_END_RESP_START
212 0 0981349292 LICK
212 0 0981349784 TIMEOUT_START
212 0 0981519316 LICK
212 0 0981519808 TIMEOUT_START
212 0 0982134388 RESP_END
212 0 0988520304 TIMEOUT_END
213 1 0990261588 STIM_START
213 1 0990838652 LICK
213 1 0991360296 STIM_END_RESP_START
213 1 0991534980 LICK
213 1 0991535476 REWARD_START
213 1 0991708180 LICK
213 1 0991922576 LICK
213 1 0992241152 LICK
213 1 0992560316 RESP_END
213 1 0991605980 REWARD_END
214 0 0995137912 STIM_START
214 0 0996236604 STIM_END_RESP_START
214 0 0997436648 RESP_END
215 1 0999371024 STIM_START
215 1 0999916184 LICK
215 1 1000469720 STIM_END_RESP_START
215 1 1000768920 LICK
215 1 1000769452 REWARD_START
215 1 1000956076 LICK
215 1 1001115784 LICK
215 1 1001247384 LICK
215 1 1001398972 LICK
215 1 1001669748 RESP_END
215 1 1000840016 REWARD_END
216 0 1003458268 STIM_START
216 0 1004556976 STIM_END_RESP_START
216 0 1005756996 RESP_END
217 1 1007596456 STIM_START
217 1 1008695164 STIM_END_RESP_START
217 1 1008931372 LICK
217 1 1008931912 REWARD_START
217 1 1009744612 LICK
217 1 1009895196 RESP_END
217 1 1009002468 REWARD_END
218 0 1011762604 STIM_START
218 0 1012861308 STIM_END_RESP_START
218 0 1014061320 RESP_END
219 1 1015813912 STIM_START
219 1 1016727916 LICK
219 1 1016883884 LICK
219 1 1016912616 STIM_END_RESP_START
219 1 1017033884 LICK
219 1 1017034420 REWARD_START
219 1 1017256220 LICK
219 1 1017382476 LICK
219 1 1017515748 LICK
219 1 1017849420 LICK
219 1 1018112644 RESP_END
219 1 1017104984 REWARD_END
220 0 1020102912 STIM_START
220 0 1021201616 STIM_END_RESP_START
220 0 1022401640 RESP_END
221 0 1024259112 STIM_START
221 0 1025357808 STIM_END_RESP_START
221 0 1026557828 RESP_END
222 1 1028451280 STIM_START
222 1 1029549984 STIM_END_RESP_START
222 1 1029574320 LICK
222 1 1029574860 REWARD_START
222 1 1029749252 LICK
222 1 1029915708 LICK
222 1 1030086980 LICK
222 1 1030226320 LICK
222 1 1030750016 RESP_END
222 1 1029645424 REWARD_END
223 1 1032593424 STIM_START
223 1 1033131292 LICK
223 1 1033310612 LICK
223 1 1033692100 STIM_END_RESP_START
223 1 1033858188 LICK
223 1 1033858720 REWARD_START
223 1 1034019208 LICK
223 1 1034191968 LICK
223 1 1034372192 LICK
223 1 1034535384 LICK
223 1 1034684932 LICK
223 1 1034892136 RESP_END
223 1 1033929280 REWARD_END
224 1 1036639744 STIM_START
224 1 1037425748 LICK
224 1 1037738424 STIM_END_RESP_START
224 1 1038938448 RESP_END
225 0 1040678056 STIM_START
225 0 1041776760 STIM_END_RESP_START
225 0 1042266056 LICK
225 0 1042266592 TIMEOUT_START
225 0 1042410432 LICK
225 0 1042410972 TIMEOUT_START
225 0 1042603620 LICK
225 0 1042604156 TIMEOUT_START
225 0 1042976788 RESP_END
225 0 1049604704 TIMEOUT_END
226 1 1051527460 STIM_START
226 1 1052454196 LICK
226 1 1052626136 STIM_END_RESP_START
226 1 1052829872 LICK
226 1 1052830400 REWARD_START
226 1 1053026940 LICK
226 1 1053206964 LICK
226 1 1053384684 LICK
226 1 1053562784 LICK
226 1 1053731216 LICK
226 1 1053826180 RESP_END
226 1 1052900964 REWARD_END
227 0 1056730416 STIM_START
227 0 1057829120 STIM_END_RESP_START
227 0 1059029140 RESP_END
228 1 1060719792 STIM_START
228 1 1061761248 LICK
228 1 1061818488 STIM_END_RESP_START
228 1 1062008256 LICK
228 1 1062008788 REWARD_START
228 1 1062205500 LICK
228 1 1062380716 LICK
228 1 1062519568 LICK
228 1 1062665500 LICK
228 1 1063018532 RESP_END
228 1 1062079352 REWARD_END
229 0 1065027804 STIM_START
229 0 1066126508 STIM_END_RESP_START
229 0 1067326532 RESP_END
230 1 1069001180 STIM_START
230 1 1069921456 LICK
230 1 1070096364 LICK
230 1 1070099876 STIM_END_RESP_START
230 1 1070257556 LICK
230 1 1070258088 REWARD_START
230 1 1070438296 LICK
230 1 1070564416 LICK
230 1 1070708876 LICK
230 1 1070853300 LICK
230 1 1071299888 RESP_END
230 1 1070328652 REWARD_END
231 1 1073065468 STIM_START
231 1 1074164172 STIM_END_RESP_START
231 1 1074427296 LICK
231 1 1074427828 REWARD_START
231 1 1074609964 LICK
231 1 1074766792 LICK
231 1 1074926840 LICK
231 1 1075084836 LICK
231 1 1075364220 RESP_END
231 1 1074498392 REWARD_END
232 0 1077075796 STIM_START
232 0 1078174500 STIM_END_RESP_START
232 0 1079374524 RESP_END
233 0 1081173044 STIM_START
233 0 1082271744 STIM_END_RESP_START
233 0 1083471768 RESP_END
234 0 1085547920 STIM_START
234 0 1086646624 STIM_END_RESP_START
234 0 1087846648 RESP_END
235 1 1089741080 STIM_START
235 1 1090839784 STIM_END_RESP_START
235 1 1091138608 LICK
235 1 1091139140 REWARD_START
235 1 1092039796 RESP_END
235 1 1091209704 REWARD_END
236 1 1094002144 STIM_START
236 1 1095100848 STIM_END_RESP_START
236 1 1095171544 LICK
236 1 1095172076 REWARD_START
236 1 1095312008 LICK
236 1 1095439536 LICK
236 1 1095585168 LICK
236 1 1095766748 LICK
236 1 1095925020 LICK
236 1 1096300888 RESP_END
236 1 1095242640 REWARD_END
237 0 1098749644 STIM_START
237 0 1099848348 STIM_END_RESP_START
237 0 1101048376 RESP_END
238 1 1102984672 STIM_START
238 1 1103795032 LICK
238 1 1104003844 LICK
238 1 1104083356 STIM_END_RESP_START
238 1 1104227124 LICK
238 1 1104227664 REWARD_START
238 1 1105283376 RESP_END
238 1 1104298228 REWARD_END
239 1 1107135888 STIM_START
239 1 1108234556 STIM_END_RESP_START
239 1 1108433524 LICK
239 1 1108434060 REWARD_START
239 1 1108615976 LICK
239 1 1108781492 LICK
239 1 1108924396 LICK
239 1 1109092140 LICK
239 1 1109434600 RESP_END
239 1 1108504624 REWARD_END
240 0 1111394940 STIM_START
240 0 1112493644 STIM_END_RESP_START
240 0 1113693668 RESP_END
241 1 1115769876 STIM_START
241 1 1116666516 LICK
241 1 1116813728 LICK
241 1 1116868548 STIM_END_RESP_START
241 1 1116992964 LICK
241 1 1116993496 REWARD_START
241 1 1117144540 LICK
241 1 1117340152 LICK
241 1 1117470360 LICK
241 1 1117613540 LICK
241 1 1117795804 LICK
241 1 1118068584 RESP_END
241 1 1117064056 REWARD_END
242 0 1121004760 STIM_START
242 0 1122103464 STIM_END_RESP_START
242 0 1123303488 RESP_END
243 0 1124960192 STIM_START
243 0 1126058896 STIM_END_RESP_START
243 0 1127258924 RESP_END
244 1 1129089428 STIM_START
244 1 1129896332 LICK
244 1 1130188136 STIM_END_RESP_START
244 1 1131388160 RESP_END
245 0 1133388448 STIM_START
245 0 1134405504 LICK
245 0 1134487136 STIM_END_RESP_START
245 0 1135687156 RESP_END
246 1 1137636468 STIM_START
246 1 1138182060 LICK
246 1 1138735140 STIM_END_RESP_START
246 1 1139221132 LICK
246 1 1139221672 REWARD_START
246 1 1139935156 RESP_END
246 1 1139292232 REWARD_END
247 0 1142002412 STIM_START
247 0 1143101120 STIM_END_RESP_START
247 0 1144301144 RESP_END
248 1 1146321428 STIM_START
248 1 1147420132 STIM_END_RESP_START
248 1 1147590236 LICK
248 1 1147590772 REWARD_START
248 1 1147751212 LICK
248 1 1147936632 LICK
248 1 1148083104 LICK
248 1 1148250964 LICK
248 1 1148620156 RESP_END
248 1 1147661340 REWARD_END
249 0 1150269820 STIM_START
249 0 1151368488 STIM_END_RESP_START
249 0 1151793932 LICK
249 0 1151794472 TIMEOUT_START
249 0 1152568504 RESP_END
249 0 1158795028 TIMEOUT_END
250 1 1160440012 STIM_START
250 1 1161538716 STIM_END_RESP_START
250 1 1162003580 LICK
250 1 1162004112 REWARD_START
250 1 1162738728 RESP_END
250 1 1162074676 REWARD_END
251 0 1164348476 STIM_START
251 0 1165447184 STIM_END_RESP_START
251 0 1165962388 LICK
251 0 1165962920 TIMEOUT_START
251 0 1166161960 LICK
251 0 1166162492 TIMEOUT_START
251 0 1166315228 LICK
251 0 1166315768 TIMEOUT_START
251 0 1166647220 RESP_END
251 0 1173316324 TIMEOUT_END
252 1 1175557488 STIM_START
252 1 1176069492 LICK
252 1 1176274860 LICK
252 1 1176464552 LICK
252 1 1176656184 STIM_END_RESP_START
252 1 1176671552 LICK
252 1 1176672084 REWARD_START
252 1 1176979396 LICK
252 1 1177143960 LICK
252 1 1177292664 LICK
252 1 1177781720 LICK
252 1 1177856224 RESP_END
252 1 1176742648 REWARD_END
253 1 1180916244 STIM_START
253 1 1182014952 STIM_END_RESP_START
253 1 1182187340 LICK
253 1 1182187880 REWARD_START
253 1 1182361744 LICK
253 1 1182574148 LICK
253 1 1182708600 LICK
253 1 1183214972 RESP_END
253 1 1182258444 REWARD_END
254 1 1185010432 STIM_START
254 1 1186109140 STIM_END_RESP_START
254 1 1187309164 RESP_END
255 0 1189320548 STIM_START
255 0 1190419252 STIM_END_RESP_START
255 0 1190595468 LICK
255 0 1190596004 TIMEOUT_START
255 0 1191619272 RESP_END
255 0 1197596568 TIMEOUT_END
256 0 1199314828 STIM_START
256 0 1200413532 STIM_END_RESP_START
256 0 1201613556 RESP_END
257 1 1203228324 STIM_START
257 1 1204327028 STIM_END_RESP_START
257 1 1204383460 LICK
257 1 1204384000 REWARD_START
257 1 1204557992 LICK
257 1 1204754452 LICK
257 1 1204955460 LICK
257 1 1205088544 LICK
257 1 1205229820 LICK
257 1 1205527060 RESP_END
257 1 1204454560 REWARD_END
258 0 1207578264 STIM_START
258 0 1208676932 STIM_END_RESP_START
258 0 1209144084 LICK
258 0 1209144620 TIMEOUT_START
258 0 1209876972 RESP_END
258 0 1216145180 TIMEOUT_END
259 1 1217776408 STIM_START
259 1 1218875116 STIM_END_RESP_START
259 1 1218959288 LICK
259 1 1218959828 REWARD_START
259 1 1219804484 LICK
259 1 1219993620 LICK
259 1 1220075160 RESP_END
259 1 1219030392 REWARD_END
260 1 1222195296 STIM_START
260 1 1223294000 STIM_END_RESP_START
260 1 1223561100 LICK
260 1 1223561640 REWARD_START
260 1 1223730424 LICK
260 1 1223927448 LICK
260 1 1224104600 LICK
260 1 1224494040 RESP_END
260 1 1223632204 REWARD_END
261 1 1226403384 STIM_START
261 1 1226993008 LICK
261 1 1227502084 STIM_END_RESP_START
261 1 1227699368 LICK
261 1 1227699900 REWARD_START
261 1 1227894964 LICK
261 1 1228087656 LICK
261 1 1228238492 LICK
261 1 1228384512 LICK
261 1 1228702116 RESP_END
261 1 1227770464 REWARD_END
262 0 1231006068 STIM_START
262 0 1232104772 STIM_END_RESP_START
262 0 1233304796 RESP_END
263 1 1235197152 STIM_START
263 1 1236295860 STIM_END_RESP_START
263 1 1237495884 RESP_END
264 0 1239187592 STIM_START
264 0 1240286296 STIM_END_RESP_START
264 0 1241486312 RESP_END
265 1 1243155972 STIM_START
265 1 1244254676 STIM_END_RESP_START
265 1 1244607108 LICK
265 1 1244607652 REWARD_START
265 1 1244783260 LICK
265 1 1244971068 LICK
265 1 1245155876 LICK
265 1 1245298244 LICK
265 1 1245454716 RESP_END
265 1 1244678216 REWARD_END
266 1 1247399028 STIM_START
266 1 1248497732 STIM_END_RESP_START
266 1 1249697748 RESP_END
267 0 1251712068 STIM_START
267 0 1252810772 STIM_END_RESP_START
267 0 1254010792 RESP_END
268 1 1255729340 STIM_START
268 1 1256784724 LICK
268 1 1256828012 STIM_END_RESP_START
268 1 1256936096 LICK
268 1 1256936636 REWARD_START
268 1 1257105504 LICK
268 1 1257282084 LICK
268 1 1257473348 LICK
268 1 1257627128 LICK
268 1 1258028068 RESP_END
268 1 1257007200 REWARD_END
269 0 1259829616 STIM_START
269 0 1260928316 STIM_END_RESP_START
269 0 1262128340 RESP_END
270 1 1263797008 STIM_START
270 1 1264895712 STIM_END_RESP_START
270 1 1265145736 LICK
270 1 1265146276 REWARD_START
270 1 1265324128 LICK
270 1 1265725724 LICK
270 1 1265913916 LICK
270 1 1266091560 LICK
270 1 1266095732 RESP_END
270 1 1265216840 REWARD_END
271 0 1267756372 STIM_START
271 0 1268223200 LICK
271 0 1268855068 STIM_END_RESP_START
271 0 1270055092 RESP_END
272 0 1272129312 STIM_START
272 0 1273228016 STIM_END_RESP_START
272 0 1274428040 RESP_END
273 0 1276479264 STIM_START
273 0 1277577972 STIM_END_RESP_START
273 0 1278777996 RESP_END
274 1 1280767304 STIM_START
274 1 1281866008 STIM_END_RESP_START
274 1 1282024960 LICK
274 1 1282025496 REWARD_START
274 1 1282183660 LICK
274 1 1282612736 LICK
274 1 1282806120 LICK
274 1 1283008912 LICK
274 1 1283066024 RESP_END
274 1 1282096052 REWARD_END
275 0 1284927480 STIM_START
275 0 1286026184 STIM_END_RESP_START
275 0 1287226208 RESP_END
276 1 1289291412 STIM_START
276 1 1290390116 STIM_END_RESP_START
276 1 1290657000 LICK
276 1 1290657532 REWARD_START
276 1 1290816380 LICK
276 1 1290984012 LICK
276 1 1291590164 RESP_END
276 1 1290728092 REWARD_END
277 0 1293619408 STIM_START
277 0 1294718112 STIM_END_RESP_START
277 0 1295918140 RESP_END
278 0 1298366884 STIM_START
278 0 1299465588 STIM_END_RESP_START
278 0 1300665612 RESP_END
279 0 1302663840 STIM_START
279 0 1303075820 LICK
279 0 1303762536 STIM_END_RESP_START
279 0 1304095900 LICK
279 0 1304096436 TIMEOUT_START
279 0 1304284204 LICK
279 0 1304284736 TIMEOUT_START
279 0 1304461436 LICK
279 0 1304461968 TIMEOUT_START
279 0 1304656392 LICK
279 0 1304656928 TIMEOUT_START
279 0 1304962548 RESP_END
279 0 1311657488 TIMEOUT_END
280 1 1313381444 STIM_START
280 1 1314480148 STIM_END_RESP_START
280 1 1315220884 LICK
280 1 1315221416 REWARD_START
280 1 1315680172 RESP_END
280 1 1315291980 REWARD_END
281 1 1318776164 STIM_START
281 1 1319874868 STIM_END_RESP_START
281 1 1321074892 RESP_END
282 0 1323181036 STIM_START
282 0 1324279740 STIM_END_RESP_START
282 0 1325479764 RESP_END
283 1 1327370204 STIM_START
283 1 1328468908 STIM_END_RESP_START
283 1 1329668932 RESP_END
284 0 1331259724 STIM_START
284 0 1332358428 STIM_END_RESP_START
284 0 1333558448 RESP_END
285 1 1335651584 STIM_START
285 1 1336750252 STIM_END_RESP_START
285 1 1337950276 RESP_END
286 0 1339825744 STIM_START
286 0 1340924448 STIM_END_RESP_START
286 0 1342124472 RESP_END
287 0 1344163708 STIM_START
287 0 1345262412 STIM_END_RESP_START
287 0 1345989376 LICK
287 0 1345989912 TIMEOUT_START
287 0 1346462444 RESP_END
287 0 1352990476 TIMEOUT_END
288 0 1354931280 STIM_START
288 0 1356029984 STIM_END_RESP_START
288 0 1357230004 RESP_END
289 1 1358900608 STIM_START
289 1 1359999312 STIM_END_RESP_START
289 1 1360433616 LICK
289 1 1360434148 REWARD_START
289 1 1360637552 LICK
289 1 1360817732 LICK
289 1 1361010212 LICK
289 1 1361199332 RESP_END
289 1 1360504712 REWARD_END
290 0 1364188440 STIM_START
290 0 1365287148 STIM_END_RESP_START
290 0 1366487172 RESP_END
291 1 1368308632 STIM_START
291 1 1369407340 STIM_END_RESP_START
291 1 1370607364 RESP_END
292 1 1372569664 STIM_START
292 1 1373668368 STIM_END_RESP_START
292 1 1374868384 RESP_END
293 1 1376877696 STIM_START
293 1 1377976396 STIM_END_RESP_START
293 1 1379176412 RESP_END
294 0 1380775200 STIM_START
294 0 1380868392 LICK
294 0 1381043760 LICK
294 0 1381873896 STIM_END_RESP_START
294 0 1383073920 RESP_END
295 1 1384794488 STIM_START
295 1 1385893192 STIM_END_RESP_START
295 1 1387093216 RESP_END
296 0 1388689000 STIM_START
296 0 1389787668 STIM_END_RESP_START
296 0 1390987692 RESP_END
297 1 1392693352 STIM_START
297 1 1393792056 STIM_END_RESP_START
297 1 1394405044 LICK
297 1 1394405580 REWARD_START
297 1 1394567388 LICK
297 1 1394792012 LICK
297 1 1394992080 RESP_END
297 1 1394476144 REWARD_END
298 0 1396673728 STIM_START
298 0 1397772400 STIM_END_RESP_START
298 0 1398972416 RESP_END
299 0 1400941744 STIM_START
299 0 1402040448 STIM_END_RESP_START
299 0 1403240472 RESP_END
300 0 1405176852 STIM_START
300 0 1406275552 STIM_END_RESP_START
300 0 1406707456 LICK
300 0 1406707996 TIMEOUT_START
300 0 1407475600 RESP_END
300 0 1413708552 TIMEOUT_END
301 1 1415668664 STIM_START
301 1 1416767368 STIM_END_RESP_START
301 1 1417281600 LICK
301 1 1417282132 REWARD_START
301 1 1417472656 LICK
301 1 1417644052 LICK
301 1 1417967380 RESP_END
301 1 1417352692 REWARD_END
302 1 1420268276 STIM_START
302 1 1421366980 STIM_END_RESP_START
302 1 1422567004 RESP_END
303 0 1424339560 STIM_START
303 0 1425438268 STIM_END_RESP_START
303 0 1426638292 RESP_END
304 1 1428314996 STIM_START
304 1 1429413700 STIM_END_RESP_START
304 1 1430613724 RESP_END
305 0 1432332300 STIM_START
305 0 1433431000 STIM_END_RESP_START
305 0 1434631024 RESP_END
306 0 1436241772 STIM_START
306 0 1437340476 STIM_END_RESP_START
306 0 1438540500 RESP_END
307 0 1440218120 STIM_START
307 0 1441316816 STIM_END_RESP_START
307 0 1442516840 RESP_END
308 1 1444212536 STIM_START
308 1 1445311240 STIM_END_RESP_START
308 1 1446511264 RESP_END
309 1 1448507520 STIM_START
309 1 1449373564 LICK
309 1 1449563652 LICK
309 1 1449606224 STIM_END_RESP_START
309 1 1450510032 LICK
309 1 1450510572 REWARD_START
309 1 1450806268 RESP_END
309 1 1450581136 REWARD_END
310 1 1452467936 STIM_START
310 1 1453566644 STIM_END_RESP_START
310 1 1454766668 RESP_END
311 0 1456462288 STIM_START
311 0 1457560992 STIM_END_RESP_START
311 0 1458761016 RESP_END
312 0 1460431720 STIM_START
312 0 1461530424 STIM_END_RESP_START
312 0 1462730448 RESP_END
313 0 1464441000 STIM_START
313 0 1465539704 STIM_END_RESP_START
313 0 1466739732 RESP_END
314 1 1468414348 STIM_START
314 1 1469513056 STIM_END_RESP_START
314 1 1470713080 RESP_END
315 1 1472402716 STIM_START
315 1 1473501420 STIM_END_RESP_START
315 1 1474701448 RESP_END
316 0 1476619888 STIM_START
316 0 1477718592 STIM_END_RESP_START
316 0 1478498296 LICK
316 0 1478498832 TIMEOUT_START
316 0 1478918612 RESP_END
316 0 1485499396 TIMEOUT_END
317 0 1487521220 STIM_START
317 0 1488619928 STIM_END_RESP_START
317 0 1489819952 RESP_END
318 1 1491811188 STIM_START
318 1 1492909896 STIM_END_RESP_START
318 1 1494109924 RESP_END
319 1 1496059308 STIM_START
319 1 1497157972 STIM_END_RESP_START
319 1 1498358000 RESP_END
320 1 1500014696 STIM_START
320 1 1501113404 STIM_END_RESP_START
320 1 1502313424 RESP_END
321 0 1504271716 STIM_START
321 0 1505370420 STIM_END_RESP_START
321 0 1506570444 RESP_END
322 1 1508341064 STIM_START
322 1 1509439768 STIM_END_RESP_START
322 1 1509847196 LICK
322 1 1509847732 REWARD_START
322 1 1510028044 LICK
322 1 1510639808 RESP_END
322 1 1509918296 REWARD_END
323 0 1512665016 STIM_START
323 0 1513763720 STIM_END_RESP_START
323 0 1514963748 RESP_END
324 1 1516880104 STIM_START
324 1 1517978808 STIM_END_RESP_START
324 1 1519178832 RESP_END
325 0 1521169148 STIM_START
325 0 1522267852 STIM_END_RESP_START
325 0 1523467876 RESP_END
326 0 1525339256 STIM_START
326 0 1526437960 STIM_END_RESP_START
326 0 1527637976 RESP_END
327 0 1529387620 STIM_START
327 0 1530486288 STIM_END_RESP_START
327 0 1531686316 RESP_END
328 1 1533644620 STIM_START
328 1 1534743288 STIM_END_RESP_START
328 1 1535943316 RESP_END
329 1 1538021576 STIM_START
329 1 1539120284 STIM_END_RESP_START
329 1 1540320308 RESP_END
330 1 1542015900 STIM_START
330 1 1543114608 STIM_END_RESP_START
330 1 1544314632 RESP_END
331 0 1545985284 STIM_START
331 0 1547083988 STIM_END_RESP_START
331 0 1548284016 RESP_END
332 1 1550175456 STIM_START
332 1 1551274164 STIM_END_RESP_START
332 1 1552474188 RESP_END
333 1 1554345596 STIM_START
333 1 1555316904 LICK
333 1 1555444300 STIM_END_RESP_START
333 1 1555483500 LICK
333 1 1555484040 REWARD_START
333 1 1556644332 RESP_END
333 1 1555554604 REWARD_END
334 1 1558696584 STIM_START
334 1 1559457768 LICK
334 1 1559795268 STIM_END_RESP_START
334 1 1560070628 LICK
334 1 1560071160 REWARD_START
334 1 1560995308 RESP_END
334 1 1560141724 REWARD_END
335 0 1563020540 STIM_START
335 0 1564119244 STIM_END_RESP_START
335 0 1565319268 RESP_END
336 1 1567169700 STIM_START
336 1 1568268408 STIM_END_RESP_START
336 1 1568733420 LICK
336 1 1568733956 REWARD_START
336 1 1568918628 LICK
336 1 1569468456 RESP_END
336 1 1568804520 REWARD_END
337 0 1571309948 STIM_START
337 0 1572408652 STIM_END_RESP_START
337 0 1573608680 RESP_END
338 1 1575527020 STIM_START
338 1 1576625724 STIM_END_RESP_START
338 1 1577825752 RESP_END
339 1 1579462464 STIM_START
339 1 1580189904 LICK
339 1 1580357780 LICK
339 1 1580491896 LICK
339 1 1580561168 STIM_END_RESP_START
339 1 1580696472 LICK
339 1 1580697012 REWARD_START
339 1 1581761196 RESP_END
339 1 1580767580 REWARD_END
340 0 1583607640 STIM_START
340 0 1584706344 STIM_END_RESP_START
340 0 1585906368 RESP_END
341 1 1587580004 STIM_START
341 1 1588654324 LICK
341 1 1588678704 STIM_END_RESP_START
341 1 1588841064 LICK
341 1 1588841604 REWARD_START
341 1 1589024908 LICK
341 1 1589374840 LICK
341 1 1589537468 LICK
341 1 1589878744 RESP_END
341 1 1588912164 REWARD_END
342 0 1591486440 STIM_START
342 0 1592585108 STIM_END_RESP_START
342 0 1593785132 RESP_END
343 1 1595416936 STIM_START
343 1 1596183740 LICK
343 1 1596344056 LICK
343 1 1596515624 STIM_END_RESP_START
343 1 1597323184 LICK
343 1 1597323728 REWARD_START
343 1 1597508096 LICK
343 1 1597651456 LICK
343 1 1597715648 RESP_END
343 1 1597394296 REWARD_END
344 0 1599336368 STIM_START
344 0 1600435076 STIM_END_RESP_START
344 0 1601635100 RESP_END
345 0 1603431600 STIM_START
345 0 1604530304 STIM_END_RESP_START
345 0 1605730328 RESP_END
346 1 1607408996 STIM_START
346 1 1608507704 STIM_END_RESP_START
346 1 1608899776 LICK
346 1 1608900308 REWARD_START
346 1 1609081344 LICK
346 1 1609243628 LICK
346 1 1609441300 LICK
346 1 1609707752 RESP_END
346 1 1608970872 REWARD_END
347 1 1611417360 STIM_START
347 1 1611956808 LICK
347 1 1612153420 LICK
347 1 1612516048 STIM_END_RESP_START
347 1 1613716068 RESP_END
348 0 1615418696 STIM_START
348 0 1616517404 STIM_END_RESP_START
348 0 1617717428 RESP_END
349 0 1619506948 STIM_START
349 0 1620550524 LICK
349 0 1620605656 STIM_END_RESP_START
349 0 1620757064 LICK
349 0 1620757604 TIMEOUT_START
349 0 1620968848 LICK
349 0 1620969380 TIMEOUT_START
349 0 1621156072 LICK
349 0 1621156604 TIMEOUT_START
349 0 1621805680 RESP_END
349 0 1628157172 TIMEOUT_END
350 1 1630226440 STIM_START
350 1 1631225252 LICK
350 1 1631325112 STIM_END_RESP_START
350 1 1632525136 RESP_END
351 1 1634150920 STIM_START
351 1 1635249624 STIM_END_RESP_START
351 1 1635794860 LICK
351 1 1635795400 REWARD_START
351 1 1636001092 LICK
351 1 1636215296 LICK
351 1 1636387968 LICK
351 1 1636449656 RESP_END
351 1 1635865964 REWARD_END
352 0 1638246184 STIM_START
352 0 1639344892 STIM_END_RESP_START
352 0 1640544912 RESP_END
353 0 1642535188 STIM_START
353 0 1643633892 STIM_END_RESP_START
353 0 1644833916 RESP_END
354 1 1646469612 STIM_START
354 1 1647568316 STIM_END_RESP_START
354 1 1647659508 LICK
354 1 1647660044 REWARD_START
354 1 1647864620 LICK
354 1 1648068672 LICK
354 1 1648768344 RESP_END
354 1 1647730600 REWARD_END
355 0 1650618840 STIM_START
355 0 1651717508 STIM_END_RESP_START
355 0 1652917532 RESP_END
356 0 1654907832 STIM_START
356 0 1656006536 STIM_END_RESP_START
356 0 1657206560 RESP_END
357 1 1658979116 STIM_START
357 1 1660077820 STIM_END_RESP_START
357 1 1660126260 LICK
357 1 1660126792 REWARD_START
357 1 1660268160 LICK
357 1 1660979524 LICK
357 1 1661277868 RESP_END
357 1 1660197356 REWARD_END
358 1 1663275072 STIM_START
358 1 1664373776 STIM_END_RESP_START
358 1 1665573792 RESP_END
359 0 1667523176 STIM_START
359 0 1668621880 STIM_END_RESP_START
359 0 1669175900 LICK
359 0 1669176440 TIMEOUT_START
359 0 1669321388 LICK
359 0 1669321924 TIMEOUT_START
359 0 1669821928 RESP_END
359 0 1676322480 TIMEOUT_END
360 1 1678068932 STIM_START
360 1 1679167636 STIM_END_RESP_START
360 1 1680367660 RESP_END
361 1 1682297040 STIM_START
361 1 1683395744 STIM_END_RESP_START
361 1 1683874948 LICK
361 1 1683875476 REWARD_START
361 1 1684595792 RESP_END
361 1 1683946040 REWARD_END
362 0 1687055500 STIM_START
362 0 1688154208 STIM_END_RESP_START
362 0 1689354224 RESP_END
363 1 1691282652 STIM_START
363 1 1692381356 STIM_END_RESP_START
363 1 1693581380 RESP_END
364 0 1695517676 STIM_START
364 0 1696616340 STIM_END_RESP_START
364 0 1697816364 RESP_END
365 0 1699727784 STIM_START
365 0 1700826488 STIM_END_RESP_START
365 0 1702026508 RESP_END
366 1 1703798060 STIM_START
366 1 1704896728 STIM_END_RESP_START
366 1 1706096748 RESP_END
367 0 1707688540 STIM_START
367 0 1708787244 STIM_END_RESP_START
367 0 1709284088 LICK
367 0 1709284624 TIMEOUT_START
367 0 1709448708 LICK
367 0 1709449244 TIMEOUT_START
367 0 1709987284 RESP_END
367 0 1716449796 TIMEOUT_END
368 1 1718356148 STIM_START
368 1 1719454852 STIM_END_RESP_START
368 1 1720654876 RESP_END
369 0 1722513312 STIM_START
369 0 1723612020 STIM_END_RESP_START
369 0 1724812040 RESP_END
370 0 1729021756 STIM_START
370 0 1730120460 STIM_END_RESP_START
370 0 1731320488 RESP_END
371 0 1733033088 STIM_START
371 0 1733138516 LICK
371 0 1733283152 LICK
371 0 1733470052 LICK
371 0 1734131788 STIM_END_RESP_START
371 0 1735331808 RESP_END
372 1 1738677544 STIM_START
372 1 1739776248 STIM_END_RESP_START
372 1 1740976272 RESP_END
373 1 1742792752 STIM_START
373 1 1743891448 STIM_END_RESP_START
373 1 1745091472 RESP_END
374 0 1747167704 STIM_START
374 0 1748266408 STIM_END_RESP_START
374 0 1749466432 RESP_END
375 0 1751519636 STIM_START
375 0 1752618340 STIM_END_RESP_START
375 0 1753818368 RESP_END
376 0 1755509020 STIM_START
376 0 1756607724 STIM_END_RESP_START
376 0 1757807752 RESP_END
377 1 1759498336 STIM_START
377 1 1760597044 STIM_END_RESP_START
377 1 1761020384 LICK
377 1 1761020916 REWARD_START
377 1 1761797080 RESP_END
377 1 1761091484 REWARD_END
378 1 1763586616 STIM_START
378 1 1764685320 STIM_END_RESP_START
378 1 1765885344 RESP_END
379 0 1767673892 STIM_START
379 0 1768772592 STIM_END_RESP_START
379 0 1769972616 RESP_END
380 1 1772040760 STIM_START
380 1 1773139468 STIM_END_RESP_START
380 1 1774339488 RESP_END
381 1 1775955256 STIM_START
381 1 1777053924 STIM_END_RESP_START
381 1 1778253948 RESP_END
382 1 1780305164 STIM_START
382 1 1781403872 STIM_END_RESP_START
382 1 1781677544 LICK
382 1 1781678084 REWARD_START
382 1 1781865908 LICK
382 1 1782603892 RESP_END
382 1 1781748644 REWARD_END
383 0 1784305564 STIM_START
383 0 1785404268 STIM_END_RESP_START
383 0 1786604292 RESP_END
384 1 1788222036 STIM_START
384 1 1789320740 STIM_END_RESP_START
384 1 1790520764 RESP_END
385 1 1792196392 STIM_START
385 1 1793295096 STIM_END_RESP_START
385 1 1794495120 RESP_END
386 1 1796509380 STIM_START
386 1 1797608084 STIM_END_RESP_START
386 1 1798808112 RESP_END
387 0 1800419788 STIM_START
387 0 1801518492 STIM_END_RESP_START
387 0 1802718516 RESP_END
388 1 1804790752 STIM_START
388 1 1805889456 STIM_END_RESP_START
388 1 1807089480 RESP_END
389 0 1808718224 STIM_START
389 0 1809816928 STIM_END_RESP_START
389 0 1811016952 RESP_END
390 0 1812665636 STIM_START
390 0 1813764340 STIM_END_RESP_START
390 0 1814964364 RESP_END
391 1 1816882740 STIM_START
391 1 1817981408 STIM_END_RESP_START
391 1 1819181432 RESP_END
392 0 1820939008 STIM_START
392 0 1822037716 STIM_END_RESP_START
392 0 1823237740 RESP_END
393 1 1825149136 STIM_START
393 1 1826247844 STIM_END_RESP_START
393 1 1826629476 LICK
393 1 1826630016 REWARD_START
393 1 1826793492 LICK
393 1 1827192620 LICK
393 1 1827382896 LICK
393 1 1827447888 RESP_END
393 1 1826700580 REWARD_END
394 0 1829637972 STIM_START
394 0 1830736680 STIM_END_RESP_START
394 0 1831936704 RESP_END
395 1 1833785072 STIM_START
395 1 1834883776 STIM_END_RESP_START
395 1 1836083804 RESP_END
396 0 1837961204 STIM_START
396 0 1839059908 STIM_END_RESP_START
396 0 1840259936 RESP_END
397 1 1842198348 STIM_START
397 1 1843297052 STIM_END_RESP_START
397 1 1844497076 RESP_END
398 0 1846326524 STIM_START
398 0 1847425228 STIM_END_RESP_START
398 0 1848625248 RESP_END
399 0 1850322892 STIM_START
399 0 1851421596 STIM_END_RESP_START
399 0 1852621620 RESP_END
400 1 1854696804 STIM_START
400 1 1855795508 STIM_END_RESP_START
400 1 1856995532 RESP_END
401 0 1858589268 STIM_START
401 0 1859687972 STIM_END_RESP_START
401 0 1860887996 RESP_END
402 0 1862782416 STIM_START
402 0 1863881120 STIM_END_RESP_START
402 0 1865081144 RESP_END
403 0 1867117360 STIM_START
403 0 1868216028 STIM_END_RESP_START
403 0 1869416052 RESP_END
404 1 1871208632 STIM_START
404 1 1872307336 STIM_END_RESP_START
404 1 1873507360 RESP_END
405 0 1875439704 STIM_START
405 0 1876538412 STIM_END_RESP_START
405 0 1877738432 RESP_END
406 1 1879469980 STIM_START
406 1 1880568688 STIM_END_RESP_START
406 1 1881768716 RESP_END
407 1 1883438432 STIM_START
407 1 1884537140 STIM_END_RESP_START
407 1 1885737164 RESP_END
408 1 1887373856 STIM_START
408 1 1888472524 STIM_END_RESP_START
408 1 1889672548 RESP_END
409 0 1891468136 STIM_START
409 0 1892566844 STIM_END_RESP_START
409 0 1893766868 RESP_END
410 0 1895754084 STIM_START
410 0 1896852788 STIM_END_RESP_START
410 0 1898052812 RESP_END
411 1 1900025156 STIM_START
411 1 1901123864 STIM_END_RESP_START
411 1 1902323888 RESP_END
412 0 1904216240 STIM_START
412 0 1905314944 STIM_END_RESP_START
412 0 1906514972 RESP_END
413 1 1908175664 STIM_START
413 1 1909274372 STIM_END_RESP_START
413 1 1910474396 RESP_END
414 0 1912263960 STIM_START
414 0 1913362668 STIM_END_RESP_START
414 0 1914562692 RESP_END
415 1 1916174412 STIM_START
415 1 1917273116 STIM_END_RESP_START
415 1 1918473136 RESP_END
416 1 1920285628 STIM_START
416 1 1921384332 STIM_END_RESP_START
416 1 1922584356 RESP_END
417 0 1924540692 STIM_START
417 0 1925639360 STIM_END_RESP_START
417 0 1926839384 RESP_END
418 1 1928751768 STIM_START
418 1 1929850476 STIM_END_RESP_START
418 1 1931050500 RESP_END
419 0 1932705160 STIM_START
419 0 1933803828 STIM_END_RESP_START
419 0 1934036692 LICK
419 0 1934037232 TIMEOUT_START
419 0 1935003848 RESP_END
419 0 1941037780 TIMEOUT_END
420 0 1942961276 STIM_START
420 0 1943566176 LICK
420 0 1943707200 LICK
420 0 1944059960 STIM_END_RESP_START
420 0 1945259980 RESP_END
421 0 1946860768 STIM_START
421 0 1947306808 LICK
421 0 1947959448 STIM_END_RESP_START
421 0 1949159472 RESP_END
422 1 1950862056 STIM_START
422 1 1951632360 LICK
422 1 1951806028 LICK
422 1 1951960736 STIM_END_RESP_START
422 1 1951980688 LICK
422 1 1951981224 REWARD_START
422 1 1952176904 LICK
422 1 1953160760 RESP_END
422 1 1952051788 REWARD_END
423 1 1954968312 STIM_START
423 1 1955500752 LICK
423 1 1956067000 STIM_END_RESP_START
423 1 1956209704 LICK
423 1 1956210236 REWARD_START
423 1 1956400828 LICK
423 1 1956582188 LICK
423 1 1956751836 LICK
423 1 1956916244 LICK
423 1 1957267040 RESP_END
423 1 1956280804 REWARD_END
424 0 1960295160 STIM_START
424 0 1961393828 STIM_END_RESP_START
424 0 1962593852 RESP_END
USER_EXIT