001 1 0202844400 STIM_START
001 1 0203853912 STIM_END_RESP_START
001 1 0205053960 RESP_END
002 1 0206956480 STIM_START
002 1 0207965988 STIM_END_RESP_START
002 1 0209166000 RESP_END
003 1 0211058504 STIM_START
003 1 0212068012 STIM_END_RESP_START
003 1 0213268060 RESP_END
004 0 0214954744 STIM_START
004 0 0215964252 STIM_END_RESP_START
004 0 0217164300 RESP_END
005 0 0219278636 STIM_START
005 0 0220288144 STIM_END_RESP_START
005 0 0221488192 RESP_END
006 1 0236913288 STIM_START
006 1 0237922796 STIM_END_RESP_START
006 1 0239122808 RESP_END
007 0 0240779540 STIM_START
007 0 0241789048 STIM_END_RESP_START
007 0 0242989096 RESP_END
008 1 0244736580 STIM_START
008 1 0245746092 STIM_END_RESP_START
008 1 0246946108 RESP_END
009 1 0248945620 STIM_START
009 1 0249955132 STIM_END_RESP_START
009 1 0251155144 RESP_END
010 1 0252977712 STIM_START
010 1 0253987220 STIM_END_RESP_START
010 1 0255187268 RESP_END
USER_EXIT