001 1 0003916588 STIM_START
001 1 0004915904 STIM_END_RESP_START
001 1 0006115948 RESP_END
002 0 0008782284 STIM_START
002 0 0009781600 STIM_END_RESP_START
002 0 0010981612 RESP_END
003 1 0013107328 STIM_START
003 1 0014105048 LICK
003 1 0014106648 STIM_END_RESP_START
003 1 0014325912 LICK
003 1 0014326320 REWARD_START
003 1 0014643872 LICK
003 1 0015306676 RESP_END
003 1 0014356764 REWARD_END
004 1 0018044032 STIM_START
004 1 0019043364 STIM_END_RESP_START
004 1 0020243388 RESP_END
005 0 0022478020 STIM_START
005 0 0023477316 STIM_END_RESP_START
005 0 0024677340 RESP_END
006 0 0031718844 STIM_START
006 0 0032406456 LICK
006 0 0032555088 LICK
006 0 0032711156 LICK
006 0 0032718144 STIM_END_RESP_START
006 0 0032894784 LICK
006 0 0032895192 TIMEOUT_START
006 0 0033023004 LICK
006 0 0033023412 TIMEOUT_START
006 0 0033196200 LICK
006 0 0033196604 TIMEOUT_START
006 0 0033682792 LICK
006 0 0033683196 TIMEOUT_START
006 0 0033841172 LICK
006 0 0033841576 TIMEOUT_START
006 0 0033918168 RESP_END
006 0 0040841996 TIMEOUT_END
007 0 0043124084 STIM_START
007 0 0044123380 STIM_END_RESP_START
007 0 0045323408 RESP_END
008 1 0047679068 STIM_START
008 1 0048678364 STIM_END_RESP_START
008 1 0049878392 RESP_END
009 1 0054129680 STIM_START
009 1 0055128968 STIM_END_RESP_START
009 1 0056328996 RESP_END
010 1 0059178292 STIM_START
010 1 0060177588 STIM_END_RESP_START
010 1 0060826132 LICK
010 1 0060826540 REWARD_START
010 1 0061139744 LICK
010 1 0061377628 RESP_END
010 1 0060856980 REWARD_END
011 0 0069454360 STIM_START
011 0 0070453668 STIM_END_RESP_START
011 0 0070617604 LICK
011 0 0070618012 TIMEOUT_START
011 0 0070792428 LICK
011 0 0070792832 TIMEOUT_START
011 0 0071226828 LICK
011 0 0071227236 TIMEOUT_START
011 0 0071368992 LICK
011 0 0071369400 TIMEOUT_START
011 0 0071653688 RESP_END
011 0 0078369824 TIMEOUT_END
012 1 0080830696 STIM_START
012 1 0081750988 LICK
012 1 0081829992 STIM_END_RESP_START
012 1 0081911200 LICK
012 1 0081911612 REWARD_START
012 1 0083030040 RESP_END
012 1 0081942060 REWARD_END
013 0 0085435612 STIM_START
013 0 0086248276 LICK
013 0 0086366516 LICK
013 0 0086434924 STIM_END_RESP_START
013 0 0086516972 LICK
013 0 0086517376 TIMEOUT_START
013 0 0086706868 LICK
013 0 0086707280 TIMEOUT_START
013 0 0086844488 LICK
013 0 0086844892 TIMEOUT_START
013 0 0087634964 RESP_END
013 0 0093845324 TIMEOUT_END
014 1 0096314256 STIM_START
014 1 0097313552 STIM_END_RESP_START
014 1 0097551412 LICK
014 1 0097551820 REWARD_START
014 1 0098513572 RESP_END
014 1 0097582264 REWARD_END
015 1 0100763276 STIM_START
015 1 0101514304 LICK
015 1 0101762568 STIM_END_RESP_START
015 1 0102962612 RESP_END
016 1 0105473072 STIM_START
016 1 0106450440 LICK
016 1 0106472364 STIM_END_RESP_START
016 1 0106631648 LICK
016 1 0106632100 REWARD_START
016 1 0106770008 LICK
016 1 0107672388 RESP_END
016 1 0106662584 REWARD_END
017 0 0110054024 STIM_START
017 0 0111053340 STIM_END_RESP_START
017 0 0111257340 LICK
017 0 0111257800 TIMEOUT_START
017 0 0111826812 LICK
017 0 0111827268 TIMEOUT_START
017 0 0111986968 LICK
017 0 0111987420 TIMEOUT_START
017 0 0112142968 LICK
017 0 0112143428 TIMEOUT_START
017 0 0112253372 RESP_END
017 0 0119143904 TIMEOUT_END
018 0 0121302420 STIM_START
018 0 0122301704 STIM_END_RESP_START
018 0 0122498512 LICK
018 0 0122498964 TIMEOUT_START
018 0 0122656936 LICK
018 0 0122657388 TIMEOUT_START
018 0 0123032240 LICK
018 0 0123032700 TIMEOUT_START
018 0 0123493300 LICK
018 0 0123493756 TIMEOUT_START
018 0 0123501740 RESP_END
018 0 0130494228 TIMEOUT_END
019 1 0133013600 STIM_START
019 1 0133955060 LICK
019 1 0134012916 STIM_END_RESP_START
019 1 0134090100 LICK
019 1 0134090552 REWARD_START
019 1 0134245496 LICK
019 1 0135212936 RESP_END
019 1 0134121040 REWARD_END
020 0 0137404568 STIM_START
020 0 0138403880 STIM_END_RESP_START
020 0 0139603920 RESP_END
021 1 0144714664 STIM_START
021 1 0145713976 STIM_END_RESP_START
021 1 0146913988 RESP_END
022 1 0149013736 STIM_START
022 1 0150013048 STIM_END_RESP_START
022 1 0151112460 LICK
022 1 0151112920 REWARD_START
022 1 0151213088 RESP_END
022 1 0151143400 REWARD_END
023 1 0154443076 STIM_START
023 1 0155442392 STIM_END_RESP_START
023 1 0156642404 RESP_END
024 0 0160646900 STIM_START
024 0 0161646208 STIM_END_RESP_START
024 0 0162846256 RESP_END
025 1 0165242824 STIM_START
025 1 0166242136 STIM_END_RESP_START
025 1 0166332632 LICK
025 1 0166333084 REWARD_START
025 1 0166486648 LICK
025 1 0166875516 LICK
025 1 0167442152 RESP_END
025 1 0166363572 REWARD_END
026 1 0169645860 STIM_START
026 1 0170413604 LICK
026 1 0170645180 STIM_END_RESP_START
026 1 0170741192 LICK
026 1 0170741644 REWARD_START
026 1 0170897916 LICK
026 1 0171039188 LICK
026 1 0171845204 RESP_END
026 1 0170772132 REWARD_END
027 0 0174345692 STIM_START
027 0 0174910012 LICK
027 0 0175067288 LICK
027 0 0175226676 LICK
027 0 0175344984 STIM_END_RESP_START
027 0 0175368200 LICK
027 0 0175368652 TIMEOUT_START
027 0 0175728440 LICK
027 0 0175728900 TIMEOUT_START
027 0 0175853824 LICK
027 0 0175854276 TIMEOUT_START
027 0 0175989548 LICK
027 0 0175990008 TIMEOUT_START
027 0 0176303640 LICK
027 0 0176304088 TIMEOUT_START
027 0 0176545028 RESP_END
027 0 0183304564 TIMEOUT_END
028 1 0185647036 STIM_START
028 1 0186646348 STIM_END_RESP_START
028 1 0186788572 LICK
028 1 0186789032 REWARD_START
028 1 0186984272 LICK
028 1 0187341192 LICK
028 1 0187452172 LICK
028 1 0187846380 RESP_END
028 1 0186819512 REWARD_END
029 0 0190320892 STIM_START
029 0 0191320204 STIM_END_RESP_START
029 0 0191601080 LICK
029 0 0191601532 TIMEOUT_START
029 0 0191748280 LICK
029 0 0191748732 TIMEOUT_START
029 0 0191944540 LICK
029 0 0191945000 TIMEOUT_START
029 0 0192090412 LICK
029 0 0192090864 TIMEOUT_START
029 0 0192305416 LICK
029 0 0192305872 TIMEOUT_START
029 0 0192520244 RESP_END
029 0 0199306348 TIMEOUT_END
030 1 0201640288 STIM_START
030 1 0202639600 STIM_END_RESP_START
030 1 0202918152 LICK
030 1 0202918608 REWARD_START
030 1 0203105452 LICK
030 1 0203839624 RESP_END
030 1 0202949096 REWARD_END
031 1 0206322112 STIM_START
031 1 0207117588 LICK
031 1 0207232448 LICK
031 1 0207321420 STIM_END_RESP_START
031 1 0207708732 LICK
031 1 0207709192 REWARD_START
031 1 0208521456 RESP_END
031 1 0207739672 REWARD_END
032 1 0210976984 STIM_START
032 1 0211976280 STIM_END_RESP_START
032 1 0211982488 LICK
032 1 0211982948 REWARD_START
032 1 0212412428 LICK
032 1 0212534340 LICK
032 1 0212832464 LICK
032 1 0213176304 RESP_END
032 1 0212013444 REWARD_END
033 0 0215396992 STIM_START
033 0 0216396304 STIM_END_RESP_START
033 0 0217596352 RESP_END
034 0 0220130856 STIM_START
034 0 0221130168 STIM_END_RESP_START
034 0 0222330180 RESP_END
035 0 0224787720 STIM_START
035 0 0225787032 STIM_END_RESP_START
035 0 0226987048 RESP_END
036 1 0229218668 STIM_START
036 1 0230217980 STIM_END_RESP_START
036 1 0230694572 LICK
036 1 0230695028 REWARD_START
036 1 0230876700 LICK
036 1 0231418004 RESP_END
036 1 0230725508 REWARD_END
037 1 0233589740 STIM_START
037 1 0234589052 STIM_END_RESP_START
037 1 0234788028 LICK
037 1 0234788484 REWARD_START
037 1 0234919780 LICK
037 1 0235305232 LICK
037 1 0235789080 RESP_END
037 1 0234818968 REWARD_END
038 0 0238239616 STIM_START
038 0 0239214380 LICK
038 0 0239238924 STIM_END_RESP_START
038 0 0239381920 LICK
038 0 0239382372 TIMEOUT_START
038 0 0239704732 LICK
038 0 0239705188 TIMEOUT_START
038 0 0239867324 LICK
038 0 0239867776 TIMEOUT_START
038 0 0240036740 LICK
038 0 0240037196 TIMEOUT_START
038 0 0240396480 LICK
038 0 0240396932 TIMEOUT_START
038 0 0240438944 RESP_END
038 0 0247397420 TIMEOUT_END
039 1 0249771812 STIM_START
039 1 0250771124 STIM_END_RESP_START
039 1 0251061860 LICK
039 1 0251062320 REWARD_START
039 1 0251240428 LICK
039 1 0251630480 LICK
039 1 0251749848 LICK
039 1 0251971172 RESP_END
039 1 0251092800 REWARD_END
040 0 0254090924 STIM_START
040 0 0255090236 STIM_END_RESP_START
040 0 0256290252 RESP_END
041 1 0260040948 STIM_START
041 1 0261040264 STIM_END_RESP_START
041 1 0262240312 RESP_END
042 1 0264432960 STIM_START
042 1 0265432272 STIM_END_RESP_START
042 1 0265582988 LICK
042 1 0265583444 REWARD_START
042 1 0266632300 RESP_END
042 1 0265613928 REWARD_END
043 1 0268808008 STIM_START
043 1 0269705208 LICK
043 1 0269807300 STIM_END_RESP_START
043 1 0270069208 LICK
043 1 0270069664 REWARD_START
043 1 0270242744 LICK
043 1 0270483608 LICK
043 1 0271007312 RESP_END
043 1 0270100152 REWARD_END
044 0 0273260004 STIM_START
044 0 0274259316 STIM_END_RESP_START
044 0 0275459328 RESP_END
045 0 0277606104 STIM_START
045 0 0278605416 STIM_END_RESP_START
045 0 0279386588 LICK
045 0 0279387040 TIMEOUT_START
045 0 0279541028 LICK
045 0 0279541480 TIMEOUT_START
045 0 0279805460 RESP_END
045 0 0286541964 TIMEOUT_END
046 1 0288826552 STIM_START
046 1 0289825864 STIM_END_RESP_START
046 1 0290023112 LICK
046 1 0290023572 REWARD_START
046 1 0291025892 RESP_END
046 1 0290054052 REWARD_END
047 1 0293153600 STIM_START
047 1 0294152892 STIM_END_RESP_START
047 1 0294201024 LICK
047 1 0294201484 REWARD_START
047 1 0295352928 RESP_END
047 1 0294231968 REWARD_END
048 0 0297747500 STIM_START
048 0 0298746808 STIM_END_RESP_START
048 0 0299946820 RESP_END
049 1 0302340412 STIM_START
049 1 0303320156 LICK
049 1 0303339724 STIM_END_RESP_START
049 1 0303814444 LICK
049 1 0303814908 REWARD_START
049 1 0303992796 LICK
049 1 0304106988 LICK
049 1 0304255836 LICK
049 1 0304539736 RESP_END
049 1 0303845396 REWARD_END
050 0 0306933296 STIM_START
050 0 0307932612 STIM_END_RESP_START
050 0 0309132628 RESP_END
051 1 0311213452 STIM_START
051 1 0312212752 STIM_END_RESP_START
051 1 0312310544 LICK
051 1 0312311004 REWARD_START
051 1 0312451956 LICK
051 1 0312851148 LICK
051 1 0312983660 LICK
051 1 0313138364 LICK
051 1 0313412788 RESP_END
051 1 0312341488 REWARD_END
052 0 0315564520 STIM_START
052 0 0316563832 STIM_END_RESP_START
052 0 0317763844 RESP_END
053 0 0320036508 STIM_START
053 0 0321035816 STIM_END_RESP_START
053 0 0322235832 RESP_END
054 1 0324675340 STIM_START
054 1 0325674652 STIM_END_RESP_START
054 1 0325863588 LICK
054 1 0325864044 REWARD_START
054 1 0326071972 LICK
054 1 0326874688 RESP_END
054 1 0325894528 REWARD_END
055 0 0329114372 STIM_START
055 0 0330113684 STIM_END_RESP_START
055 0 0331313696 RESP_END
056 0 0333514408 STIM_START
056 0 0334513720 STIM_END_RESP_START
056 0 0335713732 RESP_END
057 0 0337978392 STIM_START
057 0 0338977700 STIM_END_RESP_START
057 0 0340177712 RESP_END
058 1 0342436396 STIM_START
058 1 0343435708 STIM_END_RESP_START
058 1 0344150956 LICK
058 1 0344151416 REWARD_START
058 1 0344635744 RESP_END
058 1 0344181900 REWARD_END
059 1 0348024624 STIM_START
059 1 0349023928 STIM_END_RESP_START
059 1 0349342680 LICK
059 1 0349343140 REWARD_START
059 1 0349506484 LICK
059 1 0349667732 LICK
059 1 0349791556 LICK
059 1 0350223968 RESP_END
059 1 0349373628 REWARD_END
060 0 0352739448 STIM_START
060 0 0353738760 STIM_END_RESP_START
060 0 0354938768 RESP_END
061 0 0357408336 STIM_START
061 0 0358407648 STIM_END_RESP_START
061 0 0359607692 RESP_END
062 0 0362120156 STIM_START
062 0 0363119468 STIM_END_RESP_START
062 0 0364319480 RESP_END
063 1 0366698024 STIM_START
063 1 0367697340 STIM_END_RESP_START
063 1 0368428012 LICK
063 1 0368428472 REWARD_START
063 1 0368591288 LICK
063 1 0368897368 RESP_END
063 1 0368458960 REWARD_END
064 0 0371169084 STIM_START
064 0 0372168396 STIM_END_RESP_START
064 0 0372801272 LICK
064 0 0372801732 TIMEOUT_START
064 0 0372967168 LICK
064 0 0372967624 TIMEOUT_START
064 0 0373124956 LICK
064 0 0373125416 TIMEOUT_START
064 0 0373339504 LICK
064 0 0373339956 TIMEOUT_START
064 0 0373368440 RESP_END
064 0 0380340432 TIMEOUT_END
065 1 0382864144 STIM_START
065 1 0383863460 STIM_END_RESP_START
065 1 0384071668 LICK
065 1 0384072128 REWARD_START
065 1 0385063480 RESP_END
065 1 0384102612 REWARD_END
066 1 0387483016 STIM_START
066 1 0388482328 STIM_END_RESP_START
066 1 0388499944 LICK
066 1 0388500400 REWARD_START
066 1 0388663532 LICK
066 1 0388938684 LICK
066 1 0389057472 LICK
066 1 0389682368 RESP_END
066 1 0388530888 REWARD_END
067 0 0391923044 STIM_START
067 0 0392922360 STIM_END_RESP_START
067 0 0394122372 RESP_END
068 0 0396427036 STIM_START
068 0 0397426352 STIM_END_RESP_START
068 0 0398626368 RESP_END
069 0 0400877020 STIM_START
069 0 0401876332 STIM_END_RESP_START
069 0 0403076344 RESP_END
070 1 0405187088 STIM_START
070 1 0406186400 STIM_END_RESP_START
070 1 0406375724 LICK
070 1 0406376176 REWARD_START
070 1 0406504080 LICK
070 1 0407386432 RESP_END
070 1 0406406664 REWARD_END
071 1 0409690060 STIM_START
071 1 0410598740 LICK
071 1 0410689376 STIM_END_RESP_START
071 1 0411013828 LICK
071 1 0411014288 REWARD_START
071 1 0411171752 LICK
071 1 0411889404 RESP_END
071 1 0411044768 REWARD_END
072 1 0414195032 STIM_START
072 1 0415194348 STIM_END_RESP_START
072 1 0416394360 RESP_END
073 0 0418527144 STIM_START
073 0 0419526460 STIM_END_RESP_START
073 0 0420726504 RESP_END
074 1 0423085040 STIM_START
074 1 0424084352 STIM_END_RESP_START
074 1 0424627520 LICK
074 1 0424627972 REWARD_START
074 1 0424794500 LICK
074 1 0425284368 RESP_END
074 1 0424658460 REWARD_END
075 0 0427585004 STIM_START
075 0 0428584316 STIM_END_RESP_START
075 0 0429784328 RESP_END
076 1 0431956072 STIM_START
076 1 0432955364 STIM_END_RESP_START
076 1 0432970564 LICK
076 1 0432971024 REWARD_START
076 1 0433097652 LICK
076 1 0433503376 LICK
076 1 0433640436 LICK
076 1 0434155396 RESP_END
076 1 0433001508 REWARD_END
077 1 0436655900 STIM_START
077 1 0437655220 STIM_END_RESP_START
077 1 0437846648 LICK
077 1 0437847108 REWARD_START
077 1 0438254828 LICK
077 1 0438407468 LICK
077 1 0438855264 RESP_END
077 1 0437877588 REWARD_END
078 0 0441419712 STIM_START
078 0 0442419024 STIM_END_RESP_START
078 0 0443619072 RESP_END
079 1 0446185492 STIM_START
079 1 0447184800 STIM_END_RESP_START
079 1 0447263500 LICK
079 1 0447263960 REWARD_START
079 1 0447412644 LICK
079 1 0447648448 LICK
079 1 0448384816 RESP_END
079 1 0447294444 REWARD_END
080 0 0450831368 STIM_START
080 0 0451830672 STIM_END_RESP_START
080 0 0452545760 LICK
080 0 0452546212 TIMEOUT_START
080 0 0452683916 LICK
080 0 0452684368 TIMEOUT_START
080 0 0452876916 LICK
080 0 0452877372 TIMEOUT_START
080 0 0452985384 LICK
080 0 0452985836 TIMEOUT_START
080 0 0453030700 RESP_END
080 0 0459986316 TIMEOUT_END
081 0 0462111756 STIM_START
081 0 0463111064 STIM_END_RESP_START
081 0 0464311076 RESP_END
082 0 0466565756 STIM_START
082 0 0467565068 STIM_END_RESP_START
082 0 0468765080 RESP_END
083 1 0471088720 STIM_START
083 1 0472088032 STIM_END_RESP_START
083 1 0472223656 LICK
083 1 0472224116 REWARD_START
083 1 0472388576 LICK
083 1 0472634176 LICK
083 1 0473288052 RESP_END
083 1 0472254604 REWARD_END
084 0 0475819508 STIM_START
084 0 0476818824 STIM_END_RESP_START
084 0 0478018872 RESP_END
085 0 0480107624 STIM_START
085 0 0481106928 STIM_END_RESP_START
085 0 0482306944 RESP_END
086 1 0484822464 STIM_START
086 1 0485821776 STIM_END_RESP_START
086 1 0486623640 LICK
086 1 0486624096 REWARD_START
086 1 0486734092 LICK
086 1 0487021788 RESP_END
086 1 0486654580 REWARD_END
087 1 0489693152 STIM_START
087 1 0490504512 LICK
087 1 0490692448 STIM_END_RESP_START
087 1 0490798308 LICK
087 1 0490798764 REWARD_START
087 1 0491325012 LICK
087 1 0491892492 RESP_END
087 1 0490829252 REWARD_END
088 1 0494082184 STIM_START
088 1 0495081496 STIM_END_RESP_START
088 1 0495097008 LICK
088 1 0495097464 REWARD_START
088 1 0495260384 LICK
088 1 0495523772 LICK
088 1 0495653756 LICK
088 1 0496281540 RESP_END
088 1 0495127952 REWARD_END
089 0 0498597172 STIM_START
089 0 0499596484 STIM_END_RESP_START
089 0 0500796500 RESP_END
090 1 0502999196 STIM_START
090 1 0503965628 LICK
090 1 0503998488 STIM_END_RESP_START
090 1 0504122300 LICK
090 1 0504122760 REWARD_START
090 1 0504266952 LICK
090 1 0504511852 LICK
090 1 0505198504 RESP_END
090 1 0504153248 REWARD_END
091 1 0507652068 STIM_START
091 1 0508651384 STIM_END_RESP_START
091 1 0509851396 RESP_END
092 0 0512038124 STIM_START
092 0 0513037436 STIM_END_RESP_START
092 0 0514237484 RESP_END
093 1 0516507116 STIM_START
093 1 0517506428 STIM_END_RESP_START
093 1 0518706444 RESP_END
094 0 0521025028 STIM_START
094 0 0522024344 STIM_END_RESP_START
094 0 0523224356 RESP_END
095 1 0525683920 STIM_START
095 1 0526683232 STIM_END_RESP_START
095 1 0527382200 LICK
095 1 0527382660 REWARD_START
095 1 0527526712 LICK
095 1 0527883256 RESP_END
095 1 0527413140 REWARD_END
096 0 0530478672 STIM_START
096 0 0531477984 STIM_END_RESP_START
096 0 0532678032 RESP_END
097 0 0534834752 STIM_START
097 0 0535834064 STIM_END_RESP_START
097 0 0536952236 LICK
097 0 0536952692 TIMEOUT_START
097 0 0537034088 RESP_END
097 0 0543953164 TIMEOUT_END
098 0 0546189084 STIM_START
098 0 0547188396 STIM_END_RESP_START
098 0 0548388412 RESP_END
099 1 0550457216 STIM_START
099 1 0551456532 STIM_END_RESP_START
099 1 0552177152 LICK
099 1 0552177604 REWARD_START
099 1 0552297940 LICK
099 1 0552656552 RESP_END
099 1 0552208092 REWARD_END
100 1 0554936212 STIM_START
100 1 0555921672 LICK
100 1 0555935508 STIM_END_RESP_START
100 1 0556056932 LICK
100 1 0556057388 REWARD_START
100 1 0557135528 RESP_END
100 1 0556087876 REWARD_END
101 1 0559249288 STIM_START
101 1 0560048804 LICK
101 1 0560190712 LICK
101 1 0560248608 STIM_END_RESP_START
101 1 0560319128 LICK
101 1 0560319588 REWARD_START
101 1 0560450496 LICK
101 1 0561448652 RESP_END
101 1 0560350072 REWARD_END
102 0 0563632352 STIM_START
102 0 0564631660 STIM_END_RESP_START
102 0 0565831712 RESP_END
103 1 0568247236 STIM_START
103 1 0569246552 STIM_END_RESP_START
103 1 0569447984 LICK
103 1 0569448440 REWARD_START
103 1 0569591256 LICK
103 1 0569845700 LICK
103 1 0569978452 LICK
103 1 0570446592 RESP_END
103 1 0569478928 REWARD_END
104 1 0572885108 STIM_START
104 1 0573884420 STIM_END_RESP_START
104 1 0574060588 LICK
104 1 0574061044 REWARD_START
104 1 0574198524 LICK
104 1 0575084432 RESP_END
104 1 0574091532 REWARD_END
105 1 0577223180 STIM_START
105 1 0578222492 STIM_END_RESP_START
105 1 0578650436 LICK
105 1 0578650892 REWARD_START
105 1 0579422532 RESP_END
105 1 0578681376 REWARD_END
106 0 0581757116 STIM_START
106 0 0582756432 STIM_END_RESP_START
106 0 0583956476 RESP_END
107 1 0586039256 STIM_START
107 1 0587038572 STIM_END_RESP_START
107 1 0588238588 RESP_END
108 0 0590343404 STIM_START
108 0 0591342716 STIM_END_RESP_START
108 0 0592542764 RESP_END
109 0 0594669424 STIM_START
109 0 0595668736 STIM_END_RESP_START
109 0 0596868752 RESP_END
110 1 0599145384 STIM_START
110 1 0600144696 STIM_END_RESP_START
110 1 0601344712 RESP_END
111 0 0603418532 STIM_START
111 0 0604417848 STIM_END_RESP_START
111 0 0605617860 RESP_END
112 1 0608159352 STIM_START
112 1 0609158668 STIM_END_RESP_START
112 1 0609618556 LICK
112 1 0609619016 REWARD_START
112 1 0610039360 LICK
112 1 0610358692 RESP_END
112 1 0609649496 REWARD_END
113 1 0612602360 STIM_START
113 1 0613601672 STIM_END_RESP_START
113 1 0613893504 LICK
113 1 0613893960 REWARD_START
113 1 0614079788 LICK
113 1 0614324724 LICK
113 1 0614463644 LICK
113 1 0614801708 RESP_END
113 1 0613924452 REWARD_END
114 1 0617340152 STIM_START
114 1 0618339468 STIM_END_RESP_START
114 1 0619539516 RESP_END
115 0 0621994000 STIM_START
115 0 0622993312 STIM_END_RESP_START
115 0 0624193324 RESP_END
116 1 0626432044 STIM_START
116 1 0627431352 STIM_END_RESP_START
116 1 0628631368 RESP_END
117 0 0630869028 STIM_START
117 0 0631868336 STIM_END_RESP_START
117 0 0633068348 RESP_END
118 0 0635620844 STIM_START
118 0 0636620156 STIM_END_RESP_START
118 0 0637820196 RESP_END
119 1 0641212084 STIM_START
119 1 0642211368 STIM_END_RESP_START
119 1 0643411384 RESP_END
120 0 0645545132 STIM_START
120 0 0646544444 STIM_END_RESP_START
120 0 0647744484 RESP_END
121 0 0650059076 STIM_START
121 0 0651058392 STIM_END_RESP_START
121 0 0652258408 RESP_END
122 1 0654798884 STIM_START
122 1 0655798196 STIM_END_RESP_START
122 1 0656998208 RESP_END
123 1 0659478804 STIM_START
123 1 0660478116 STIM_END_RESP_START
123 1 0661678128 RESP_END
124 0 0664184576 STIM_START
124 0 0665183888 STIM_END_RESP_START
124 0 0666383904 RESP_END
125 0 0668629576 STIM_START
125 0 0669628888 STIM_END_RESP_START
125 0 0670828936 RESP_END
126 0 0673339412 STIM_START
126 0 0674338720 STIM_END_RESP_START
126 0 0675538732 RESP_END
127 1 0678056220 STIM_START
127 1 0679055536 STIM_END_RESP_START
127 1 0679875784 LICK
127 1 0679876236 REWARD_START
127 1 0680015084 LICK
127 1 0680255564 RESP_END
127 1 0679906724 REWARD_END
128 1 0683116824 STIM_START
128 1 0684116136 STIM_END_RESP_START
128 1 0685316152 RESP_END
129 0 0687517856 STIM_START
129 0 0688064692 LICK
129 0 0688517152 STIM_END_RESP_START
129 0 0689717192 RESP_END
130 1 0692998152 STIM_START
130 1 0693997436 STIM_END_RESP_START
130 1 0694593972 LICK
130 1 0694594428 REWARD_START
130 1 0694763456 LICK
130 1 0695172416 LICK
130 1 0695197476 RESP_END
130 1 0694624916 REWARD_END
131 1 0703232248 STIM_START
131 1 0704231560 STIM_END_RESP_START
131 1 0705165108 LICK
131 1 0705165572 REWARD_START
131 1 0705342976 LICK
131 1 0705431600 RESP_END
131 1 0705196060 REWARD_END
132 1 0716449348 STIM_START
132 1 0717448672 STIM_END_RESP_START
132 1 0718648684 RESP_END
133 0 0722254480 STIM_START
133 0 0723253792 STIM_END_RESP_START
133 0 0724453804 RESP_END
134 1 0726890316 STIM_START
134 1 0727889628 STIM_END_RESP_START
134 1 0729089644 RESP_END
135 0 0731207404 STIM_START
135 0 0732206716 STIM_END_RESP_START
135 0 0733406732 RESP_END
136 1 0735582468 STIM_START
136 1 0736581784 STIM_END_RESP_START
136 1 0737781796 RESP_END
137 0 0740310272 STIM_START
137 0 0741309588 STIM_END_RESP_START
137 0 0742509604 RESP_END
138 1 0745037116 STIM_START
138 1 0746036428 STIM_END_RESP_START
138 1 0746098556 LICK
138 1 0746099020 REWARD_START
138 1 0746234888 LICK
138 1 0746453448 LICK
138 1 0746594572 LICK
138 1 0747236452 RESP_END
138 1 0746129508 REWARD_END
139 1 0749445116 STIM_START
139 1 0750444428 STIM_END_RESP_START
139 1 0751644444 RESP_END
140 1 0753959084 STIM_START
140 1 0754958376 STIM_END_RESP_START
140 1 0755032404 LICK
140 1 0755032860 REWARD_START
140 1 0755403316 LICK
140 1 0756158420 RESP_END
140 1 0755063348 REWARD_END
141 0 0758590964 STIM_START
141 0 0759590276 STIM_END_RESP_START
141 0 0760790292 RESP_END
142 1 0762986980 STIM_START
142 1 0763986268 STIM_END_RESP_START
142 1 0763989552 LICK
142 1 0763990008 REWARD_START
142 1 0764127228 LICK
142 1 0764353756 LICK
142 1 0764492696 LICK
142 1 0764720368 LICK
142 1 0765186308 RESP_END
142 1 0764020496 REWARD_END
143 1 0767479980 STIM_START
143 1 0768479272 STIM_END_RESP_START
143 1 0768484616 LICK
143 1 0768485068 REWARD_START
143 1 0768576164 LICK
143 1 0768744164 LICK
143 1 0768862444 LICK
143 1 0769679288 RESP_END
143 1 0768515556 REWARD_END
144 1 0772173796 STIM_START
144 1 0773048132 LICK
144 1 0773173108 STIM_END_RESP_START
144 1 0773341604 LICK
144 1 0773342060 REWARD_START
144 1 0773455616 LICK
144 1 0773634424 LICK
144 1 0774373140 RESP_END
144 1 0773372548 REWARD_END
145 0 0776906632 STIM_START
145 0 0777905944 STIM_END_RESP_START
145 0 0779105960 RESP_END
146 1 0781410608 STIM_START
146 1 0782409896 STIM_END_RESP_START
146 1 0782415968 LICK
146 1 0782416432 REWARD_START
146 1 0782551788 LICK
146 1 0783609940 RESP_END
146 1 0782446912 REWARD_END
147 1 0786173416 STIM_START
147 1 0787172704 STIM_END_RESP_START
147 1 0787429708 LICK
147 1 0787430164 REWARD_START
147 1 0787627040 LICK
147 1 0787878312 LICK
147 1 0788372740 RESP_END
147 1 0787460652 REWARD_END
148 1 0790888240 STIM_START
148 1 0791887552 STIM_END_RESP_START
148 1 0792343340 LICK
148 1 0792343800 REWARD_START
148 1 0792442916 LICK
148 1 0792601660 LICK
148 1 0793087572 RESP_END
148 1 0792374292 REWARD_END
149 0 0795465120 STIM_START
149 0 0796464432 STIM_END_RESP_START
149 0 0797664448 RESP_END
150 1 0799946108 STIM_START
150 1 0800945424 STIM_END_RESP_START
150 1 0802145440 RESP_END
151 0 0804305148 STIM_START
151 0 0805304464 STIM_END_RESP_START
151 0 0806504512 RESP_END
152 0 0808793140 STIM_START
152 0 0809792448 STIM_END_RESP_START
152 0 0810992496 RESP_END
153 0 0813350080 STIM_START
153 0 0814349392 STIM_END_RESP_START
153 0 0815549436 RESP_END
154 1 0817988940 STIM_START
154 1 0818988252 STIM_END_RESP_START
154 1 0820188268 RESP_END
155 0 0822346036 STIM_START
155 0 0823345348 STIM_END_RESP_START
155 0 0824545396 RESP_END
156 0 0826829024 STIM_START
156 0 0827828336 STIM_END_RESP_START
156 0 0829028384 RESP_END
157 0 0831435900 STIM_START
157 0 0832435216 STIM_END_RESP_START
157 0 0833635256 RESP_END
158 1 0835723032 STIM_START
158 1 0836722344 STIM_END_RESP_START
158 1 0837922360 RESP_END
159 1 0840464816 STIM_START
159 1 0841464128 STIM_END_RESP_START
159 1 0842664176 RESP_END
160 0 0844842860 STIM_START
160 0 0845842168 STIM_END_RESP_START
160 0 0847042216 RESP_END
161 0 0849117976 STIM_START
161 0 0850117292 STIM_END_RESP_START
161 0 0851317304 RESP_END
162 0 0853422088 STIM_START
162 0 0854421392 STIM_END_RESP_START
162 0 0855621404 RESP_END
163 1 0857954040 STIM_START
163 1 0858953352 STIM_END_RESP_START
163 1 0860153364 RESP_END
164 0 0862664860 STIM_START
164 0 0863664176 STIM_END_RESP_START
164 0 0864864216 RESP_END
165 1 0867052908 STIM_START
165 1 0868052220 STIM_END_RESP_START
165 1 0869252236 RESP_END
166 0 0871618808 STIM_START
166 0 0872618120 STIM_END_RESP_START
166 0 0873818168 RESP_END
167 0 0876196736 STIM_START
167 0 0877196052 STIM_END_RESP_START
167 0 0878396068 RESP_END
168 0 0880708716 STIM_START
168 0 0881708024 STIM_END_RESP_START
168 0 0882908036 RESP_END
169 1 0885334588 STIM_START
169 1 0886333904 STIM_END_RESP_START
169 1 0887533916 RESP_END
170 0 0889892520 STIM_START
170 0 0890891832 STIM_END_RESP_START
170 0 0892091848 RESP_END
USER_EXIT