001 0 0002264568 STIM_START
001 0 0003264712 STIM_END_RESP_START
001 0 0004464752 RESP_END
002 1 0007564408 STIM_START
002 1 0008564548 STIM_END_RESP_START
002 1 0009764588 RESP_END
003 1 0012019148 STIM_START
003 1 0013019272 STIM_END_RESP_START
003 1 0014219292 RESP_END
004 1 0016310856 STIM_START
004 1 0017310980 STIM_END_RESP_START
004 1 0018511000 RESP_END
005 0 0020790600 STIM_START
005 0 0021790764 STIM_END_RESP_START
005 0 0022990776 RESP_END
006 1 0024812256 STIM_START
006 1 0025812376 STIM_END_RESP_START
006 1 0027012396 RESP_END
007 0 0029159956 STIM_START
007 0 0030160080 STIM_END_RESP_START
007 0 0031360100 RESP_END
008 1 0033486676 STIM_START
008 1 0034486796 STIM_END_RESP_START
008 1 0035686816 RESP_END
009 0 0037908412 STIM_START
009 0 0038908540 STIM_END_RESP_START
009 0 0040108560 RESP_END
010 1 0042314180 STIM_START
010 1 0043314304 STIM_END_RESP_START
010 1 0044514324 RESP_END
011 0 0046749864 STIM_START
011 0 0047749980 STIM_END_RESP_START
011 0 0048950004 RESP_END
012 1 0051198592 STIM_START
012 1 0052198720 STIM_END_RESP_START
012 1 0053398740 RESP_END
013 0 0055368296 STIM_START
013 0 0056368420 STIM_END_RESP_START
013 0 0056456304 LICK
013 0 0056456740 TIMEOUT_START
013 0 0057568436 RESP_END
013 0 0063457196 TIMEOUT_END
