001 0 0010908880 STIM_START
001 0 0011908192 STIM_END_RESP_START
001 0 0012912368 LICK
001 0 0012912780 TIMEOUT_START
001 0 0013080188 LICK
001 0 0013080600 TIMEOUT_START
001 0 0013108244 RESP_END
001 0 0020081024 TIMEOUT_END
002 0 0022705984 STIM_START
002 0 0023655836 LICK
002 0 0023705300 STIM_END_RESP_START
002 0 0023862656 LICK
002 0 0023863064 TIMEOUT_START
002 0 0023998740 LICK
002 0 0023999148 TIMEOUT_START
002 0 0024188120 LICK
002 0 0024188528 TIMEOUT_START
002 0 0024905336 RESP_END
002 0 0031188956 TIMEOUT_END
003 1 0033454820 STIM_START
003 1 0034414536 LICK
003 1 0034454144 STIM_END_RESP_START
003 1 0034599328 LICK
003 1 0034599736 REWARD_START
003 1 0034850340 LICK
003 1 0035099620 LICK
003 1 0035236384 LICK
003 1 0035370084 LICK
003 1 0035654192 RESP_END
003 1 0034630180 REWARD_END
004 0 0042670632 STIM_START
004 0 0043669936 STIM_END_RESP_START
004 0 0044869968 RESP_END
005 1 0047377524 STIM_START
005 1 0048376816 STIM_END_RESP_START
005 1 0048673704 LICK
005 1 0048674120 REWARD_START
005 1 0048874480 LICK
005 1 0049264624 LICK
005 1 0049428432 LICK
005 1 0049576856 RESP_END
005 1 0048704544 REWARD_END
006 1 0058261168 STIM_START
006 1 0059260500 STIM_END_RESP_START
006 1 0059685932 LICK
006 1 0059686340 REWARD_START
006 1 0059918560 LICK
006 1 0060048376 LICK
006 1 0060178596 LICK
006 1 0060460540 RESP_END
006 1 0059716788 REWARD_END
007 1 0064160236 STIM_START
007 1 0065058152 LICK
007 1 0065159540 STIM_END_RESP_START
007 1 0065174408 LICK
007 1 0065174824 REWARD_START
007 1 0065336324 LICK
007 1 0065495152 LICK
007 1 0065740948 LICK
007 1 0065930268 LICK
007 1 0066068888 LICK
007 1 0066210276 LICK
007 1 0066359560 RESP_END
007 1 0065205268 REWARD_END
008 0 0072013032 STIM_START
008 0 0073012328 STIM_END_RESP_START
008 0 0074212356 RESP_END
009 1 0076483140 STIM_START
009 1 0077461460 LICK
009 1 0077482428 STIM_END_RESP_START
009 1 0077685196 LICK
009 1 0077685608 REWARD_START
009 1 0077842748 LICK
009 1 0078000732 LICK
009 1 0078282060 LICK
009 1 0078411052 LICK
009 1 0078682448 RESP_END
009 1 0077716052 REWARD_END
010 1 0081985336 STIM_START
010 1 0082486248 LICK
010 1 0082716284 LICK
010 1 0082984644 STIM_END_RESP_START
010 1 0083040600 LICK
010 1 0083041008 REWARD_START
010 1 0083254248 LICK
010 1 0083423904 LICK
010 1 0083553648 LICK
010 1 0083719380 LICK
010 1 0083856896 LICK
010 1 0084152960 LICK
010 1 0084184684 RESP_END
010 1 0083071448 REWARD_END
011 0 0087893380 STIM_START
011 0 0088892676 STIM_END_RESP_START
011 0 0090092708 RESP_END
012 1 0092623220 STIM_START
012 1 0093532148 LICK
012 1 0093622536 STIM_END_RESP_START
012 1 0093631528 LICK
012 1 0093631948 REWARD_START
012 1 0093854204 LICK
012 1 0094255380 LICK
012 1 0094384840 LICK
012 1 0094546756 LICK
012 1 0094717480 LICK
012 1 0094822568 RESP_END
012 1 0093662392 REWARD_END
013 0 0098580224 STIM_START
013 0 0099579528 STIM_END_RESP_START
013 0 0100779556 RESP_END
014 0 0102968356 STIM_START
014 0 0103611960 LICK
014 0 0103770984 LICK
014 0 0103967672 STIM_END_RESP_START
014 0 0104089280 LICK
014 0 0104089736 TIMEOUT_START
014 0 0105167700 RESP_END
014 0 0111090208 TIMEOUT_END
015 0 0113297364 STIM_START
015 0 0114296672 STIM_END_RESP_START
015 0 0115496720 RESP_END
016 1 0117791408 STIM_START
016 1 0118588432 LICK
016 1 0118786024 LICK
016 1 0118790728 STIM_END_RESP_START
016 1 0119101088 LICK
016 1 0119101548 REWARD_START
016 1 0119410188 LICK
016 1 0119535600 LICK
016 1 0119687716 LICK
016 1 0119990760 RESP_END
016 1 0119132028 REWARD_END
017 0 0124004196 STIM_START
017 0 0125003508 STIM_END_RESP_START
017 0 0125744040 LICK
017 0 0125744500 TIMEOUT_START
017 0 0125941468 LICK
017 0 0125941928 TIMEOUT_START
017 0 0126145364 LICK
017 0 0126145824 TIMEOUT_START
017 0 0126203532 RESP_END
017 0 0133146292 TIMEOUT_END
018 0 0135696356 STIM_START
018 0 0136695664 STIM_END_RESP_START
018 0 0137895680 RESP_END
019 0 0140301272 STIM_START
019 0 0141300584 STIM_END_RESP_START
019 0 0142500596 RESP_END
020 1 0145025092 STIM_START
020 1 0146024396 STIM_END_RESP_START
020 1 0146268208 LICK
020 1 0146268660 REWARD_START
020 1 0146441644 LICK
020 1 0146674696 LICK
020 1 0146811512 LICK
020 1 0147087228 LICK
020 1 0147224416 RESP_END
020 1 0146299144 REWARD_END
021 1 0151263892 STIM_START
021 1 0151264364 LICK
021 1 0151811924 LICK
021 1 0151986048 LICK
021 1 0152175080 LICK
021 1 0152263212 STIM_END_RESP_START
021 1 0152339788 LICK
021 1 0152340244 REWARD_START
021 1 0152488888 LICK
021 1 0152790288 LICK
021 1 0152915580 LICK
021 1 0153099076 LICK
021 1 0153270928 LICK
021 1 0153408492 LICK
021 1 0153463256 RESP_END
021 1 0152370728 REWARD_END
022 0 0158255216 STIM_START
022 0 0159254524 STIM_END_RESP_START
022 0 0160454536 RESP_END
023 1 0162638284 STIM_START
023 1 0163507664 LICK
023 1 0163623020 LICK
023 1 0163637580 STIM_END_RESP_START
023 1 0164178544 LICK
023 1 0164179000 REWARD_START
023 1 0164383424 LICK
023 1 0164670792 LICK
023 1 0164817172 LICK
023 1 0164837596 RESP_END
023 1 0164209476 REWARD_END
024 1 0169479692 STIM_START
024 1 0170014204 LICK
024 1 0170146888 LICK
024 1 0170361232 LICK
024 1 0170478984 STIM_END_RESP_START
024 1 0170905008 LICK
024 1 0170905460 REWARD_START
024 1 0171055600 LICK
024 1 0171453720 LICK
024 1 0171593848 LICK
024 1 0171679004 RESP_END
024 1 0170935948 REWARD_END
025 0 0176529948 STIM_START
025 0 0177529260 STIM_END_RESP_START
025 0 0178729272 RESP_END
026 0 0181247944 STIM_START
026 0 0182185680 LICK
026 0 0182247236 STIM_END_RESP_START
026 0 0182306448 LICK
026 0 0182306904 TIMEOUT_START
026 0 0182497336 LICK
026 0 0182497788 TIMEOUT_START
026 0 0182678512 LICK
026 0 0182678972 TIMEOUT_START
026 0 0182810672 LICK
026 0 0182811124 TIMEOUT_START
026 0 0183082640 LICK
026 0 0183083096 TIMEOUT_START
026 0 0183248952 LICK
026 0 0183249404 TIMEOUT_START
026 0 0183447260 RESP_END
026 0 0190249880 TIMEOUT_END
027 0 0192883940 STIM_START
027 0 0193883256 STIM_END_RESP_START
027 0 0195083304 RESP_END
028 1 0197570856 STIM_START
028 1 0198570156 STIM_END_RESP_START
028 1 0198586808 LICK
028 1 0198587260 REWARD_START
028 1 0198881188 LICK
028 1 0199009212 LICK
028 1 0199420268 LICK
028 1 0199558188 LICK
028 1 0199699116 LICK
028 1 0199770204 RESP_END
028 1 0198617744 REWARD_END
029 1 0205895220 STIM_START
029 1 0206756264 LICK
029 1 0206873048 LICK
029 1 0206894512 STIM_END_RESP_START
029 1 0207023508 LICK
029 1 0207023960 REWARD_START
029 1 0207384088 LICK
029 1 0207523560 LICK
029 1 0207659284 LICK
029 1 0207999000 LICK
029 1 0208094540 RESP_END
029 1 0207054448 REWARD_END
030 1 0212271912 STIM_START
030 1 0213271220 STIM_END_RESP_START
030 1 0213766964 LICK
030 1 0213767424 REWARD_START
030 1 0213902532 LICK
030 1 0214055252 LICK
030 1 0214163040 LICK
030 1 0214343648 LICK
030 1 0214471268 RESP_END
030 1 0213797912 REWARD_END
031 0 0217801272 STIM_START
031 0 0218800592 STIM_END_RESP_START
031 0 0220000604 RESP_END
032 1 0222540024 STIM_START
032 1 0223429704 LICK
032 1 0223539312 STIM_END_RESP_START
032 1 0223613992 LICK
032 1 0223614448 REWARD_START
032 1 0223779420 LICK
032 1 0224047956 LICK
032 1 0224192704 LICK
032 1 0224518780 LICK
032 1 0224739356 RESP_END
032 1 0223644936 REWARD_END
033 1 0228180248 STIM_START
033 1 0229170408 LICK
033 1 0229179556 STIM_END_RESP_START
033 1 0229330100 LICK
033 1 0229330556 REWARD_START
033 1 0229490756 LICK
033 1 0229759888 LICK
033 1 0229907896 LICK
033 1 0230036384 LICK
033 1 0230200984 LICK
033 1 0230379604 RESP_END
033 1 0229361044 REWARD_END
034 0 0233488664 STIM_START
034 0 0234487976 STIM_END_RESP_START
034 0 0235687992 RESP_END
035 1 0237923680 STIM_START
035 1 0238592492 LICK
035 1 0238736588 LICK
035 1 0238922996 STIM_END_RESP_START
035 1 0239115144 LICK
035 1 0239115604 REWARD_START
035 1 0239407152 LICK
035 1 0239525092 LICK
035 1 0239831376 LICK
035 1 0239963168 LICK
035 1 0240123032 RESP_END
035 1 0239146092 REWARD_END
036 0 0244509280 STIM_START
036 0 0245508600 STIM_END_RESP_START
036 0 0246708616 RESP_END
037 1 0249112148 STIM_START
037 1 0249939108 LICK
037 1 0250093980 LICK
037 1 0250111472 STIM_END_RESP_START
037 1 0250215192 LICK
037 1 0250215652 REWARD_START
037 1 0250574284 LICK
037 1 0250713812 LICK
037 1 0250822204 LICK
037 1 0250978836 LICK
037 1 0251119016 LICK
037 1 0251311496 RESP_END
037 1 0250246132 REWARD_END
038 1 0254259684 STIM_START
038 1 0255226968 LICK
038 1 0255258996 STIM_END_RESP_START
038 1 0255445604 LICK
038 1 0255446064 REWARD_START
038 1 0255592428 LICK
038 1 0255751624 LICK
038 1 0255867284 LICK
038 1 0256176924 LICK
038 1 0256296792 LICK
038 1 0256459032 RESP_END
038 1 0255476548 REWARD_END
039 1 0258907556 STIM_START
039 1 0259421864 LICK
039 1 0259719956 LICK
039 1 0259892152 LICK
039 1 0259906860 STIM_END_RESP_START
039 1 0260029592 LICK
039 1 0260030044 REWARD_START
039 1 0260205828 LICK
039 1 0260453616 LICK
039 1 0260637740 LICK
039 1 0260787680 LICK
039 1 0261106876 RESP_END
039 1 0260060532 REWARD_END
040 0 0264455812 STIM_START
040 0 0265455124 STIM_END_RESP_START
040 0 0266655136 RESP_END
041 1 0268739932 STIM_START
041 1 0269477704 LICK
041 1 0269567532 LICK
041 1 0269739236 STIM_END_RESP_START
041 1 0269764628 LICK
041 1 0269765080 REWARD_START
041 1 0269911196 LICK
041 1 0270566292 LICK
041 1 0270742120 LICK
041 1 0270939252 RESP_END
041 1 0269795568 REWARD_END
042 0 0273064032 STIM_START
042 0 0274063336 STIM_END_RESP_START
042 0 0274165556 LICK
042 0 0274166016 TIMEOUT_START
042 0 0274322480 LICK
042 0 0274322932 TIMEOUT_START
042 0 0274833036 LICK
042 0 0274833496 TIMEOUT_START
042 0 0275003264 LICK
042 0 0275003724 TIMEOUT_START
042 0 0275162204 LICK
042 0 0275162656 TIMEOUT_START
042 0 0275263384 RESP_END
042 0 0282163136 TIMEOUT_END
043 1 0284596276 STIM_START
043 1 0285373920 LICK
043 1 0285511052 LICK
043 1 0285595572 STIM_END_RESP_START
043 1 0286349992 LICK
043 1 0286350452 REWARD_START
043 1 0286795604 RESP_END
043 1 0286380936 REWARD_END
044 1 0289077272 STIM_START
044 1 0290076576 STIM_END_RESP_START
044 1 0290344340 LICK
044 1 0290344796 REWARD_START
044 1 0290510048 LICK
044 1 0290737344 LICK
044 1 0290874040 LICK
044 1 0291016540 LICK
044 1 0291276596 RESP_END
044 1 0290375280 REWARD_END
045 0 0298570820 STIM_START
045 0 0298679368 LICK
045 0 0298993692 LICK
045 0 0299570140 STIM_END_RESP_START
045 0 0300770188 RESP_END
046 1 0303273652 STIM_START
046 1 0304156080 LICK
046 1 0304272940 STIM_END_RESP_START
046 1 0304461808 LICK
046 1 0304462268 REWARD_START
046 1 0304888644 LICK
046 1 0305472976 RESP_END
046 1 0304492756 REWARD_END
047 1 0308025488 STIM_START
047 1 0308187044 LICK
047 1 0308538060 LICK
047 1 0308731872 LICK
047 1 0309024796 STIM_END_RESP_START
047 1 0309733516 LICK
047 1 0309733968 REWARD_START
047 1 0309908744 LICK
047 1 0310040808 LICK
047 1 0310168300 LICK
047 1 0310224836 RESP_END
047 1 0309764460 REWARD_END
048 0 0314875808 STIM_START
048 0 0315875124 STIM_END_RESP_START
048 0 0316245788 LICK
048 0 0316246244 TIMEOUT_START
048 0 0316545384 LICK
048 0 0316545836 TIMEOUT_START
048 0 0316772224 LICK
048 0 0316772684 TIMEOUT_START
048 0 0316921712 LICK
048 0 0316922172 TIMEOUT_START
048 0 0317072420 LICK
048 0 0317072872 TIMEOUT_START
048 0 0317075144 RESP_END
048 0 0324073340 TIMEOUT_END
049 0 0327136576 STIM_START
049 0 0328135896 STIM_END_RESP_START
049 0 0328163252 LICK
049 0 0328163708 TIMEOUT_START
049 0 0328289956 LICK
049 0 0328290412 TIMEOUT_START
049 0 0328744180 LICK
049 0 0328744628 TIMEOUT_START
049 0 0328942092 LICK
049 0 0328942544 TIMEOUT_START
049 0 0329153512 LICK
049 0 0329153972 TIMEOUT_START
049 0 0329335920 RESP_END
049 0 0336154448 TIMEOUT_END
050 1 0338499912 STIM_START
050 1 0339431676 LICK
050 1 0339499216 STIM_END_RESP_START
050 1 0339815384 LICK
050 1 0339815840 REWARD_START
050 1 0339964004 LICK
050 1 0340105260 LICK
050 1 0340238372 LICK
050 1 0340402044 LICK
050 1 0340542560 LICK
050 1 0340699248 RESP_END
050 1 0339846328 REWARD_END
051 1 0343168748 STIM_START
051 1 0344110216 LICK
051 1 0344168036 STIM_END_RESP_START
051 1 0344379764 LICK
051 1 0344380216 REWARD_START
051 1 0344514188 LICK
051 1 0345220428 LICK
051 1 0345368080 RESP_END
051 1 0344410704 REWARD_END
052 1 0348370256 STIM_START
052 1 0349081300 LICK
052 1 0349239564 LICK
052 1 0349369576 STIM_END_RESP_START
052 1 0349447024 LICK
052 1 0349447480 REWARD_START
052 1 0349757960 LICK
052 1 0350569596 RESP_END
052 1 0349477968 REWARD_END
053 0 0353920516 STIM_START
053 0 0354919828 STIM_END_RESP_START
053 0 0356119840 RESP_END
054 0 0358476404 STIM_START
054 0 0358502664 LICK
054 0 0358732488 LICK
054 0 0358888956 LICK
054 0 0359022196 LICK
054 0 0359218808 LICK
054 0 0359475704 STIM_END_RESP_START
054 0 0359691656 LICK
054 0 0359692108 TIMEOUT_START
054 0 0360182216 LICK
054 0 0360182672 TIMEOUT_START
054 0 0360316668 LICK
054 0 0360317128 TIMEOUT_START
054 0 0360481156 LICK
054 0 0360481608 TIMEOUT_START
054 0 0360644132 LICK
054 0 0360644584 TIMEOUT_START
054 0 0360675744 RESP_END
054 0 0367645060 TIMEOUT_END
055 1 0369822732 STIM_START
055 1 0370822036 STIM_END_RESP_START
055 1 0371182260 LICK
055 1 0371182720 REWARD_START
055 1 0371360104 LICK
055 1 0371475828 LICK
055 1 0371618168 LICK
055 1 0371917144 LICK
055 1 0372022084 RESP_END
055 1 0371213200 REWARD_END
056 1 0374875332 STIM_START
056 1 0375229620 LICK
056 1 0375397316 LICK
056 1 0375533908 LICK
056 1 0375721556 LICK
056 1 0375874648 STIM_END_RESP_START
056 1 0376290392 LICK
056 1 0376290844 REWARD_START
056 1 0376492000 LICK
056 1 0376655544 LICK
056 1 0376777224 LICK
056 1 0376908684 LICK
056 1 0377074664 RESP_END
056 1 0376321332 REWARD_END
057 1 0382847972 STIM_START
057 1 0383623328 LICK
057 1 0383835544 LICK
057 1 0383847276 STIM_END_RESP_START
057 1 0384032580 LICK
057 1 0384033036 REWARD_START
057 1 0384244000 LICK
057 1 0384375712 LICK
057 1 0384484488 LICK
057 1 0385047308 RESP_END
057 1 0384063524 REWARD_END
058 0 0387189020 STIM_START
058 0 0388188332 STIM_END_RESP_START
058 0 0389388348 RESP_END
059 0 0391633024 STIM_START
059 0 0392632340 STIM_END_RESP_START
059 0 0393832348 RESP_END
060 1 0396168940 STIM_START
060 1 0397028404 LICK
060 1 0397146264 LICK
060 1 0397168228 STIM_END_RESP_START
060 1 0397435620 LICK
060 1 0397436080 REWARD_START
060 1 0398047520 LICK
060 1 0398368256 RESP_END
060 1 0397466564 REWARD_END
061 1 0401130600 STIM_START
061 1 0402129896 STIM_END_RESP_START
061 1 0402149488 LICK
061 1 0402149940 REWARD_START
061 1 0402337396 LICK
061 1 0402488512 LICK
061 1 0403049028 LICK
061 1 0403329892 LICK
061 1 0403330368 RESP_END
061 1 0402180428 REWARD_END
062 0 0405832400 STIM_START
062 0 0406760588 LICK
062 0 0406831704 STIM_END_RESP_START
062 0 0406911532 LICK
062 0 0406911988 TIMEOUT_START
062 0 0407055604 LICK
062 0 0407056056 TIMEOUT_START
062 0 0407441832 LICK
062 0 0407442284 TIMEOUT_START
062 0 0407834416 LICK
062 0 0407834872 TIMEOUT_START
062 0 0407944488 LICK
062 0 0407944940 TIMEOUT_START
062 0 0408031736 RESP_END
062 0 0414945416 TIMEOUT_END
063 0 0417185752 STIM_START
063 0 0418185064 STIM_END_RESP_START
063 0 0419385076 RESP_END
064 0 0421811592 STIM_START
064 0 0422810904 STIM_END_RESP_START
064 0 0424010948 RESP_END
065 1 0426118728 STIM_START
065 1 0427118028 STIM_END_RESP_START
065 1 0427126444 LICK
065 1 0427126900 REWARD_START
065 1 0427537668 LICK
065 1 0427661416 LICK
065 1 0427937328 LICK
065 1 0428318064 RESP_END
065 1 0427157376 REWARD_END
066 1 0432322540 STIM_START
066 1 0432790932 LICK
066 1 0432991764 LICK
066 1 0433189816 LICK
066 1 0433321824 STIM_END_RESP_START
066 1 0433664924 LICK
066 1 0433665384 REWARD_START
066 1 0434078316 LICK
066 1 0434207652 LICK
066 1 0434377496 LICK
066 1 0434521844 RESP_END
066 1 0433695868 REWARD_END
067 1 0437101392 STIM_START
067 1 0437151356 LICK
067 1 0437636196 LICK
067 1 0437768552 LICK
067 1 0437953424 LICK
067 1 0438100696 STIM_END_RESP_START
067 1 0438147580 LICK
067 1 0438148032 REWARD_START
067 1 0438335344 LICK
067 1 0438478084 LICK
067 1 0438600360 LICK
067 1 0438882516 LICK
067 1 0439036400 LICK
067 1 0439300716 RESP_END
067 1 0438178520 REWARD_END
068 0 0441566272 STIM_START
068 0 0442062760 LICK
068 0 0442391440 LICK
068 0 0442513748 LICK
068 0 0442565584 STIM_END_RESP_START
068 0 0442685728 LICK
068 0 0442686180 TIMEOUT_START
068 0 0442840092 LICK
068 0 0442840544 TIMEOUT_START
068 0 0443125284 LICK
068 0 0443125740 TIMEOUT_START
068 0 0443282976 LICK
068 0 0443283432 TIMEOUT_START
068 0 0443480676 LICK
068 0 0443481132 TIMEOUT_START
068 0 0443661832 LICK
068 0 0443662284 TIMEOUT_START
068 0 0443765604 RESP_END
068 0 0450662752 TIMEOUT_END
069 1 0452959552 STIM_START
069 1 0453958864 STIM_END_RESP_START
069 1 0453986712 LICK
069 1 0453987168 REWARD_START
069 1 0454297436 LICK
069 1 0455158892 RESP_END
069 1 0454017656 REWARD_END
070 1 0457659396 STIM_START
070 1 0457797920 LICK
070 1 0457955280 LICK
070 1 0458155108 LICK
070 1 0458296636 LICK
070 1 0458658692 STIM_END_RESP_START
070 1 0458672896 LICK
070 1 0458673360 REWARD_START
070 1 0459708724 LICK
070 1 0459817040 LICK
070 1 0459858720 RESP_END
070 1 0458703840 REWARD_END
071 1 0467323840 STIM_START
071 1 0468308656 LICK
071 1 0468323160 STIM_END_RESP_START
071 1 0468438972 LICK
071 1 0468439436 REWARD_START
071 1 0468645992 LICK
071 1 0468924236 LICK
071 1 0469237240 LICK
071 1 0469523180 RESP_END
071 1 0468469924 REWARD_END
072 0 0473485652 STIM_START
072 0 0474484940 STIM_END_RESP_START
072 0 0475684952 RESP_END
073 1 0480663768 STIM_START
073 1 0481663080 STIM_END_RESP_START
073 1 0481964024 LICK
073 1 0481964484 REWARD_START
073 1 0482344488 LICK
073 1 0482500532 LICK
073 1 0482642376 LICK
073 1 0482792748 LICK
073 1 0482863108 RESP_END
073 1 0481994972 REWARD_END
074 1 0488713368 STIM_START
074 1 0489712660 STIM_END_RESP_START
074 1 0489759328 LICK
074 1 0489759788 REWARD_START
074 1 0489892520 LICK
074 1 0490187988 LICK
074 1 0490509228 LICK
074 1 0490840748 LICK
074 1 0490912676 RESP_END
074 1 0489790272 REWARD_END
075 1 0495701608 STIM_START
075 1 0496645088 LICK
075 1 0496700912 STIM_END_RESP_START
075 1 0496985808 LICK
075 1 0496986268 REWARD_START
075 1 0497106060 LICK
075 1 0497233408 LICK
075 1 0497380500 LICK
075 1 0497520188 LICK
075 1 0497900928 RESP_END
075 1 0497016752 REWARD_END
076 0 0500400420 STIM_START
076 0 0501371360 LICK
076 0 0501399732 STIM_END_RESP_START
076 0 0501549688 LICK
076 0 0501550148 TIMEOUT_START
076 0 0501699512 LICK
076 0 0501699972 TIMEOUT_START
076 0 0501864640 LICK
076 0 0501865092 TIMEOUT_START
076 0 0502191472 LICK
076 0 0502191924 TIMEOUT_START
076 0 0502599752 RESP_END
076 0 0509192396 TIMEOUT_END
077 1 0511430996 STIM_START
077 1 0512430312 STIM_END_RESP_START
077 1 0512536648 LICK
077 1 0512537100 REWARD_START
077 1 0512696220 LICK
077 1 0512833728 LICK
077 1 0512969632 LICK
077 1 0513095648 LICK
077 1 0513417828 LICK
077 1 0513630344 RESP_END
077 1 0512567588 REWARD_END
078 1 0515994872 STIM_START
078 1 0516077476 LICK
078 1 0516423468 LICK
078 1 0516593900 LICK
078 1 0516765524 LICK
078 1 0516939668 LICK
078 1 0516994160 STIM_END_RESP_START
078 1 0517249460 LICK
078 1 0517249912 REWARD_START
078 1 0517546112 LICK
078 1 0517672748 LICK
078 1 0517839068 LICK
078 1 0517991604 LICK
078 1 0518194200 RESP_END
078 1 0517280400 REWARD_END
079 0 0523899504 STIM_START
079 0 0524898816 STIM_END_RESP_START
079 0 0525123720 LICK
079 0 0525124168 TIMEOUT_START
079 0 0525312116 LICK
079 0 0525312564 TIMEOUT_START
079 0 0525482784 LICK
079 0 0525483240 TIMEOUT_START
079 0 0526098860 RESP_END
079 0 0532483704 TIMEOUT_END
080 0 0534940056 STIM_START
080 0 0535939364 STIM_END_RESP_START
080 0 0537139380 RESP_END
081 1 0541263868 STIM_START
081 1 0542263184 STIM_END_RESP_START
081 1 0542315652 LICK
081 1 0542316108 REWARD_START
081 1 0542599424 LICK
081 1 0543162924 LICK
081 1 0543309956 LICK
081 1 0543463224 RESP_END
081 1 0542346596 REWARD_END
082 0 0547798360 STIM_START
082 0 0548797676 STIM_END_RESP_START
082 0 0549997688 RESP_END
083 1 0552104408 STIM_START
083 1 0552881392 LICK
083 1 0553103716 STIM_END_RESP_START
083 1 0553374260 LICK
083 1 0553374716 REWARD_START
083 1 0553664640 LICK
083 1 0553908092 LICK
083 1 0554221644 LICK
083 1 0554303764 RESP_END
083 1 0553405204 REWARD_END
084 1 0557434828 STIM_START
084 1 0558434120 STIM_END_RESP_START
084 1 0558494364 LICK
084 1 0558494824 REWARD_START
084 1 0558642172 LICK
084 1 0558966916 LICK
084 1 0559096264 LICK
084 1 0559234672 LICK
084 1 0559373336 LICK
084 1 0559561712 LICK
084 1 0559634156 RESP_END
084 1 0558525304 REWARD_END
085 0 0562708220 STIM_START
085 0 0563707536 STIM_END_RESP_START
085 0 0564907548 RESP_END
086 1 0567108264 STIM_START
086 1 0568014696 LICK
086 1 0568107564 STIM_END_RESP_START
086 1 0568192452 LICK
086 1 0568192908 REWARD_START
086 1 0568453080 LICK
086 1 0568711488 LICK
086 1 0568857932 LICK
086 1 0569166920 LICK
086 1 0569307588 RESP_END
086 1 0568223396 REWARD_END
087 0 0571876984 STIM_START
087 0 0572876272 STIM_END_RESP_START
087 0 0573016488 LICK
087 0 0573016944 TIMEOUT_START
087 0 0573215580 LICK
087 0 0573216040 TIMEOUT_START
087 0 0573353168 LICK
087 0 0573353624 TIMEOUT_START
087 0 0573574652 LICK
087 0 0573575104 TIMEOUT_START
087 0 0573718944 LICK
087 0 0573719400 TIMEOUT_START
087 0 0574076300 RESP_END
087 0 0580719880 TIMEOUT_END
088 0 0582976508 STIM_START
088 0 0583975792 STIM_END_RESP_START
088 0 0584445116 LICK
088 0 0584445572 TIMEOUT_START
088 0 0584604028 LICK
088 0 0584604480 TIMEOUT_START
088 0 0584959460 LICK
088 0 0584959916 TIMEOUT_START
088 0 0585175840 RESP_END
088 0 0591960400 TIMEOUT_END
089 0 0594373856 STIM_START
089 0 0595373172 STIM_END_RESP_START
089 0 0596182488 LICK
089 0 0596182944 TIMEOUT_START
089 0 0596425140 LICK
089 0 0596425592 TIMEOUT_START
089 0 0596573192 RESP_END
089 0 0603426064 TIMEOUT_END
090 1 0605522192 STIM_START
090 1 0606521476 STIM_END_RESP_START
090 1 0606631272 LICK
090 1 0606631728 REWARD_START
090 1 0606759580 LICK
090 1 0606920436 LICK
090 1 0607721520 RESP_END
090 1 0606662216 REWARD_END
091 1 0609811324 STIM_START
091 1 0610810620 STIM_END_RESP_START
091 1 0610825448 LICK
091 1 0610825900 REWARD_START
091 1 0610967752 LICK
091 1 0611220304 LICK
091 1 0611377880 LICK
091 1 0611524796 LICK
091 1 0611638728 LICK
091 1 0612010656 RESP_END
091 1 0610856388 REWARD_END
092 0 0614212380 STIM_START
092 0 0614289240 LICK
092 0 0614590200 LICK
092 0 0614799124 LICK
092 0 0615127876 LICK
092 0 0615211700 STIM_END_RESP_START
092 0 0615272812 LICK
092 0 0615273268 TIMEOUT_START
092 0 0615424636 LICK
092 0 0615425096 TIMEOUT_START
092 0 0615579184 LICK
092 0 0615579640 TIMEOUT_START
092 0 0615754180 LICK
092 0 0615754636 TIMEOUT_START
092 0 0616411716 RESP_END
092 0 0622755120 TIMEOUT_END
093 1 0625096904 STIM_START
093 1 0626083708 LICK
093 1 0626096200 STIM_END_RESP_START
093 1 0626254260 LICK
093 1 0626254716 REWARD_START
093 1 0626521072 LICK
093 1 0626803444 LICK
093 1 0627296232 RESP_END
093 1 0626285204 REWARD_END
094 0 0630658168 STIM_START
094 0 0631381892 LICK
094 0 0631623032 LICK
094 0 0631657488 STIM_END_RESP_START
094 0 0631776944 LICK
094 0 0631777404 TIMEOUT_START
094 0 0632115164 LICK
094 0 0632115628 TIMEOUT_START
094 0 0632271364 LICK
094 0 0632271816 TIMEOUT_START
094 0 0632588264 LICK
094 0 0632588724 TIMEOUT_START
094 0 0632749428 LICK
094 0 0632749884 TIMEOUT_START
094 0 0632857516 RESP_END
094 0 0639750372 TIMEOUT_END
095 1 0641928544 STIM_START
095 1 0642745212 LICK
095 1 0642914120 LICK
095 1 0642927852 STIM_END_RESP_START
095 1 0643074456 LICK
095 1 0643074908 REWARD_START
095 1 0643247312 LICK
095 1 0643742272 LICK
095 1 0643884932 LICK
095 1 0644030868 LICK
095 1 0644127896 RESP_END
095 1 0643105392 REWARD_END
096 1 0646455424 STIM_START
096 1 0646481500 LICK
096 1 0646642064 LICK
096 1 0646800956 LICK
096 1 0646948660 LICK
096 1 0647106884 LICK
096 1 0647439008 LICK
096 1 0647454748 STIM_END_RESP_START
096 1 0647621028 LICK
096 1 0647621480 REWARD_START
096 1 0648376096 LICK
096 1 0648501036 LICK
096 1 0648654760 RESP_END
096 1 0647651968 REWARD_END
097 0 0651760820 STIM_START
097 0 0652326216 LICK
097 0 0652541476 LICK
097 0 0652760136 STIM_END_RESP_START
097 0 0652919524 LICK
097 0 0652919984 TIMEOUT_START
097 0 0653538052 LICK
097 0 0653538512 TIMEOUT_START
097 0 0653699640 LICK
097 0 0653700100 TIMEOUT_START
097 0 0653858360 LICK
097 0 0653858812 TIMEOUT_START
097 0 0653960172 RESP_END
097 0 0660859300 TIMEOUT_END
098 1 0663124188 STIM_START
098 1 0663593000 LICK
098 1 0664081012 LICK
098 1 0664123480 STIM_END_RESP_START
098 1 0664231020 LICK
098 1 0664231472 REWARD_START
098 1 0664424556 LICK
098 1 0664685820 LICK
098 1 0664965060 LICK
098 1 0665118504 LICK
098 1 0665323512 RESP_END
098 1 0664261960 REWARD_END
099 1 0667824972 STIM_START
099 1 0668123644 LICK
099 1 0668340056 LICK
099 1 0668672368 LICK
099 1 0668824292 STIM_END_RESP_START
099 1 0669185180 LICK
099 1 0669185636 REWARD_START
099 1 0669340104 LICK
099 1 0669778652 LICK
099 1 0670024332 RESP_END
099 1 0669216124 REWARD_END
100 0 0676547012 STIM_START
100 0 0677490740 LICK
100 0 0677546300 STIM_END_RESP_START
100 0 0677890580 LICK
100 0 0677891032 TIMEOUT_START
100 0 0678060368 LICK
100 0 0678060820 TIMEOUT_START
100 0 0678718576 LICK
100 0 0678719028 TIMEOUT_START
100 0 0678746320 RESP_END
100 0 0685719496 TIMEOUT_END
101 1 0688325004 STIM_START
101 1 0689098100 LICK
101 1 0689244296 LICK
101 1 0689324324 STIM_END_RESP_START
101 1 0689405756 LICK
101 1 0689406216 REWARD_START
101 1 0689718740 LICK
101 1 0689843504 LICK
101 1 0690105800 LICK
101 1 0690258068 LICK
101 1 0690419088 LICK
101 1 0690524336 RESP_END
101 1 0689436704 REWARD_END
102 1 0693404576 STIM_START
102 1 0694273920 LICK
102 1 0694403880 STIM_END_RESP_START
102 1 0694519000 LICK
102 1 0694519456 REWARD_START
102 1 0694668988 LICK
102 1 0694820968 LICK
102 1 0694940336 LICK
102 1 0695603892 RESP_END
102 1 0694549948 REWARD_END
103 0 0699140700 STIM_START
103 0 0700140016 STIM_END_RESP_START
103 0 0700234428 LICK
103 0 0700234884 TIMEOUT_START
103 0 0700444436 LICK
103 0 0700444892 TIMEOUT_START
103 0 0700586088 LICK
103 0 0700586540 TIMEOUT_START
103 0 0700733556 LICK
103 0 0700734008 TIMEOUT_START
103 0 0701038872 LICK
103 0 0701039324 TIMEOUT_START
103 0 0701188612 LICK
103 0 0701189068 TIMEOUT_START
103 0 0701340052 RESP_END
103 0 0708189552 TIMEOUT_END
104 0 0710758800 STIM_START
104 0 0711758084 STIM_END_RESP_START
104 0 0711860768 LICK
104 0 0711861224 TIMEOUT_START
104 0 0712200164 LICK
104 0 0712200624 TIMEOUT_START
104 0 0712589048 LICK
104 0 0712589508 TIMEOUT_START
104 0 0712730096 LICK
104 0 0712730548 TIMEOUT_START
104 0 0712958132 RESP_END
104 0 0719731020 TIMEOUT_END
105 0 0722037100 STIM_START
105 0 0723036412 STIM_END_RESP_START
105 0 0724236428 RESP_END
106 1 0726689940 STIM_START
106 1 0727670120 LICK
106 1 0727689260 STIM_END_RESP_START
106 1 0727819032 LICK
106 1 0727819492 REWARD_START
106 1 0728674928 LICK
106 1 0728889276 RESP_END
106 1 0727849976 REWARD_END
107 0 0734493712 STIM_START
107 0 0734790044 LICK
107 0 0734997992 LICK
107 0 0735198392 LICK
107 0 0735493016 STIM_END_RESP_START
107 0 0735690528 LICK
107 0 0735690988 TIMEOUT_START
107 0 0736029076 LICK
107 0 0736029532 TIMEOUT_START
107 0 0736236308 LICK
107 0 0736236768 TIMEOUT_START
107 0 0736574556 LICK
107 0 0736575012 TIMEOUT_START
107 0 0736693052 RESP_END
107 0 0743575492 TIMEOUT_END
108 1 0745748008 STIM_START
108 1 0746225056 LICK
108 1 0746421584 LICK
108 1 0746586536 LICK
108 1 0746747324 STIM_END_RESP_START
108 1 0746754900 LICK
108 1 0746755360 REWARD_START
108 1 0747034668 LICK
108 1 0747155992 LICK
108 1 0747434696 LICK
108 1 0747573644 LICK
108 1 0747692824 LICK
108 1 0747853360 LICK
108 1 0747947364 RESP_END
108 1 0746785852 REWARD_END
109 1 0752336560 STIM_START
109 1 0752817440 LICK
109 1 0752974720 LICK
109 1 0753165036 LICK
109 1 0753335860 STIM_END_RESP_START
109 1 0754394308 LICK
109 1 0754394764 REWARD_START
109 1 0754535900 RESP_END
109 1 0754425252 REWARD_END
110 0 0756861476 STIM_START
110 0 0757107420 LICK
110 0 0757223680 LICK
110 0 0757349332 LICK
110 0 0757516408 LICK
110 0 0757631828 LICK
110 0 0757786576 LICK
110 0 0757860772 STIM_END_RESP_START
110 0 0758093640 LICK
110 0 0758094096 TIMEOUT_START
110 0 0758244652 LICK
110 0 0758245104 TIMEOUT_START
110 0 0758401316 LICK
110 0 0758401768 TIMEOUT_START
110 0 0758559524 LICK
110 0 0758559984 TIMEOUT_START
110 0 0758808880 LICK
110 0 0758809332 TIMEOUT_START
110 0 0758985612 LICK
110 0 0758986072 TIMEOUT_START
110 0 0759060804 RESP_END
110 0 0765986540 TIMEOUT_END
111 0 0771349668 STIM_START
111 0 0772155732 LICK
111 0 0772348968 STIM_END_RESP_START
111 0 0772350740 LICK
111 0 0772351208 TIMEOUT_START
111 0 0772500812 LICK
111 0 0772501268 TIMEOUT_START
111 0 0772660844 LICK
111 0 0772661300 TIMEOUT_START
111 0 0772853824 LICK
111 0 0772854280 TIMEOUT_START
111 0 0773028776 LICK
111 0 0773029236 TIMEOUT_START
111 0 0773165068 LICK
111 0 0773165520 TIMEOUT_START
111 0 0773549008 RESP_END
111 0 0780166000 TIMEOUT_END
112 1 0782621964 STIM_START
112 1 0783621276 STIM_END_RESP_START
112 1 0783676412 LICK
112 1 0783676876 REWARD_START
112 1 0783816096 LICK
112 1 0784089372 LICK
112 1 0784365024 LICK
112 1 0784821300 RESP_END
112 1 0783707364 REWARD_END
113 0 0789866056 STIM_START
113 0 0790241904 LICK
113 0 0790441848 LICK
113 0 0790629340 LICK
113 0 0790846880 LICK
113 0 0790865364 STIM_END_RESP_START
113 0 0792065392 RESP_END
114 1 0794519928 STIM_START
114 1 0795519208 STIM_END_RESP_START
114 1 0795911700 LICK
114 1 0795912156 REWARD_START
114 1 0796033680 LICK
114 1 0796209112 LICK
114 1 0796497800 LICK
114 1 0796646124 LICK
114 1 0796719252 RESP_END
114 1 0795942644 REWARD_END
115 0 0799195728 STIM_START
115 0 0799364528 LICK
115 0 0799684960 LICK
115 0 0800195012 STIM_END_RESP_START
115 0 0800497588 LICK
115 0 0800498048 TIMEOUT_START
115 0 0800707500 LICK
115 0 0800707956 TIMEOUT_START
115 0 0800862908 LICK
115 0 0800863368 TIMEOUT_START
115 0 0801062468 LICK
115 0 0801062924 TIMEOUT_START
115 0 0801272432 LICK
115 0 0801272892 TIMEOUT_START
115 0 0801395052 RESP_END
115 0 0808273364 TIMEOUT_END
116 0 0810648916 STIM_START
116 0 0811648216 STIM_END_RESP_START
116 0 0812153868 LICK
116 0 0812154320 TIMEOUT_START
116 0 0812304628 LICK
116 0 0812305084 TIMEOUT_START
116 0 0812484900 LICK
116 0 0812485352 TIMEOUT_START
116 0 0812645836 LICK
116 0 0812646292 TIMEOUT_START
116 0 0812848236 RESP_END
116 0 0819646764 TIMEOUT_END
117 1 0822216064 STIM_START
117 1 0823212572 LICK
117 1 0823215356 STIM_END_RESP_START
117 1 0823398656 LICK
117 1 0823399108 REWARD_START
117 1 0823529352 LICK
117 1 0824085752 LICK
117 1 0824235116 LICK
117 1 0824367040 LICK
117 1 0824415372 RESP_END
117 1 0823429592 REWARD_END
118 0 0826991832 STIM_START
118 0 0827177356 LICK
118 0 0827363492 LICK
118 0 0827502000 LICK
118 0 0827665496 LICK
118 0 0827991120 STIM_END_RESP_START
118 0 0828753676 LICK
118 0 0828754136 TIMEOUT_START
118 0 0828887348 LICK
118 0 0828887800 TIMEOUT_START
118 0 0829191144 RESP_END
118 0 0835888272 TIMEOUT_END
119 0 0838274192 STIM_START
119 0 0839273508 STIM_END_RESP_START
119 0 0839520756 LICK
119 0 0839521208 TIMEOUT_START
119 0 0839827544 LICK
119 0 0839827996 TIMEOUT_START
119 0 0840473528 RESP_END
119 0 0846828468 TIMEOUT_END
120 1 0849194744 STIM_START
120 1 0850194056 STIM_END_RESP_START
120 1 0851194432 LICK
120 1 0851194892 REWARD_START
120 1 0851394072 RESP_END
120 1 0851225376 REWARD_END
121 0 0858671292 STIM_START
121 0 0859670580 STIM_END_RESP_START
121 0 0860314948 LICK
121 0 0860315400 TIMEOUT_START
121 0 0860870612 RESP_END
121 0 0867315872 TIMEOUT_END
122 0 0869869660 STIM_START
122 0 0870868944 STIM_END_RESP_START
122 0 0872068956 RESP_END
123 0 0874224712 STIM_START
123 0 0875224020 STIM_END_RESP_START
123 0 0876424036 RESP_END
124 1 0878768656 STIM_START
124 1 0879766960 LICK
124 1 0879767952 STIM_END_RESP_START
124 1 0879912748 LICK
124 1 0879913212 REWARD_START
124 1 0880038660 LICK
124 1 0880292472 LICK
124 1 0880967976 RESP_END
124 1 0879943704 REWARD_END
125 0 0883078672 STIM_START
125 0 0884006620 LICK
125 0 0884077980 STIM_END_RESP_START
125 0 0884116020 LICK
125 0 0884116472 TIMEOUT_START
125 0 0884273488 LICK
125 0 0884273944 TIMEOUT_START
125 0 0884413096 LICK
125 0 0884413556 TIMEOUT_START
125 0 0885278008 RESP_END
125 0 0891414024 TIMEOUT_END
126 0 0896146828 STIM_START
126 0 0897146140 STIM_END_RESP_START
126 0 0898346156 RESP_END
127 0 0900466852 STIM_START
127 0 0901466168 STIM_END_RESP_START
127 0 0902666212 RESP_END
128 1 0905126744 STIM_START
128 1 0906126056 STIM_END_RESP_START
128 1 0907326068 RESP_END
129 0 0909748608 STIM_START
129 0 0910747924 STIM_END_RESP_START
129 0 0911947940 RESP_END
130 1 0914488356 STIM_START
130 1 0915487660 STIM_END_RESP_START
130 1 0916687676 RESP_END
131 1 0919252084 STIM_START
131 1 0920251396 STIM_END_RESP_START
131 1 0920839944 LICK
131 1 0920840404 REWARD_START
131 1 0921005568 LICK
131 1 0921256744 LICK
131 1 0921377496 LICK
131 1 0921451416 RESP_END
131 1 0920870888 REWARD_END
132 0 0923912952 STIM_START
132 0 0924472356 LICK
132 0 0924613296 LICK
132 0 0924773976 LICK
132 0 0924912236 STIM_END_RESP_START
132 0 0926112260 RESP_END
133 0 0928261968 STIM_START
133 0 0929261280 STIM_END_RESP_START
133 0 0929503744 LICK
133 0 0929504196 TIMEOUT_START
133 0 0929637340 LICK
133 0 0929637800 TIMEOUT_START
133 0 0929761968 LICK
133 0 0929762424 TIMEOUT_START
133 0 0929936460 LICK
133 0 0929936912 TIMEOUT_START
133 0 0930077340 LICK
133 0 0930077800 TIMEOUT_START
133 0 0930216416 LICK
133 0 0930216868 TIMEOUT_START
133 0 0930461304 RESP_END
133 0 0937217336 TIMEOUT_END
134 0 0939732200 STIM_START
134 0 0940731480 STIM_END_RESP_START
134 0 0941931532 RESP_END
135 1 0944685860 STIM_START
135 1 0945685172 STIM_END_RESP_START
135 1 0946159044 LICK
135 1 0946159500 REWARD_START
135 1 0946582616 LICK
135 1 0946704580 LICK
135 1 0946885216 RESP_END
135 1 0946189992 REWARD_END
136 1 0949230756 STIM_START
136 1 0949948540 LICK
136 1 0950125700 LICK
136 1 0950230040 STIM_END_RESP_START
136 1 0950295788 LICK
136 1 0950296240 REWARD_START
136 1 0950458932 LICK
136 1 0950735764 LICK
136 1 0950866352 LICK
136 1 0951036360 LICK
136 1 0951430064 RESP_END
136 1 0950326728 REWARD_END
137 1 0956446896 STIM_START
137 1 0957435992 LICK
137 1 0957446184 STIM_END_RESP_START
137 1 0957905492 LICK
137 1 0957905952 REWARD_START
137 1 0958059404 LICK
137 1 0958473244 LICK
137 1 0958600252 LICK
137 1 0958646196 RESP_END
137 1 0957936436 REWARD_END
138 0 0961364448 STIM_START
138 0 0962192252 LICK
138 0 0962355748 LICK
138 0 0962363756 STIM_END_RESP_START
138 0 0962492464 LICK
138 0 0962492920 TIMEOUT_START
138 0 0962643848 LICK
138 0 0962644308 TIMEOUT_START
138 0 0962842168 LICK
138 0 0962842620 TIMEOUT_START
138 0 0962995820 LICK
138 0 0962996280 TIMEOUT_START
138 0 0963140660 LICK
138 0 0963141116 TIMEOUT_START
138 0 0963321048 LICK
138 0 0963321504 TIMEOUT_START
138 0 0963563776 RESP_END
138 0 0970321972 TIMEOUT_END
139 0 0972679796 STIM_START
139 0 0973679112 STIM_END_RESP_START
139 0 0974839292 LICK
139 0 0974839748 TIMEOUT_START
139 0 0974879144 RESP_END
139 0 0981840228 TIMEOUT_END
140 1 0984144968 STIM_START
140 1 0985144284 STIM_END_RESP_START
140 1 0985863716 LICK
140 1 0985864168 REWARD_START
140 1 0986051392 LICK
140 1 0986344332 RESP_END
140 1 0985894656 REWARD_END
141 0 0988786860 STIM_START
141 0 0989786172 STIM_END_RESP_START
141 0 0990986216 RESP_END
142 1 0993605536 STIM_START
142 1 0994604848 STIM_END_RESP_START
142 1 0994894084 LICK
142 1 0994894540 REWARD_START
142 1 0995202208 LICK
142 1 0995341812 LICK
142 1 0995491920 LICK
142 1 0995804896 RESP_END
142 1 0994925028 REWARD_END
143 0 1000315984 STIM_START
143 0 1001168752 LICK
143 0 1001315288 STIM_END_RESP_START
143 0 1001502884 LICK
143 0 1001503380 TIMEOUT_START
143 0 1001699992 LICK
143 0 1001700496 TIMEOUT_START
143 0 1001851792 LICK
143 0 1001852296 TIMEOUT_START
143 0 1001986396 LICK
143 0 1001986892 TIMEOUT_START
143 0 1002130404 LICK
143 0 1002130908 TIMEOUT_START
143 0 1002515328 RESP_END
143 0 1009131424 TIMEOUT_END
144 0 1011669240 STIM_START
144 0 1012668532 STIM_END_RESP_START
144 0 1012854608 LICK
144 0 1012855112 TIMEOUT_START
144 0 1013080724 LICK
144 0 1013081228 TIMEOUT_START
144 0 1013573040 LICK
144 0 1013573536 TIMEOUT_START
144 0 1013731872 LICK
144 0 1013732376 TIMEOUT_START
144 0 1013868588 RESP_END
144 0 1020732896 TIMEOUT_END
145 0 1022847660 STIM_START
145 0 1023846956 STIM_END_RESP_START
145 0 1025046988 RESP_END
146 1 1027409628 STIM_START
146 1 1028325284 LICK
146 1 1028408916 STIM_END_RESP_START
146 1 1028811232 LICK
146 1 1028811732 REWARD_START
146 1 1028971768 LICK
146 1 1029237068 LICK
146 1 1029365804 LICK
146 1 1029608948 RESP_END
146 1 1028842260 REWARD_END
147 1 1032017420 STIM_START
147 1 1033016728 STIM_END_RESP_START
147 1 1033184504 LICK
147 1 1033185000 REWARD_START
147 1 1033324072 LICK
147 1 1033571956 LICK
147 1 1033718276 LICK
147 1 1034216772 RESP_END
147 1 1033215532 REWARD_END
148 1 1036360524 STIM_START
148 1 1037222336 LICK
148 1 1037359816 STIM_END_RESP_START
148 1 1037681372 LICK
148 1 1037681876 REWARD_START
148 1 1038112120 LICK
148 1 1038257196 LICK
148 1 1038390812 LICK
148 1 1038526684 LICK
148 1 1038559836 RESP_END
148 1 1037712404 REWARD_END
149 0 1042219516 STIM_START
149 0 1043218812 STIM_END_RESP_START
149 0 1043651496 LICK
149 0 1043652000 TIMEOUT_START
149 0 1043825876 LICK
149 0 1043826376 TIMEOUT_START
149 0 1043981768 LICK
149 0 1043982264 TIMEOUT_START
149 0 1044418856 RESP_END
149 0 1050982788 TIMEOUT_END
150 1 1053511800 STIM_START
150 1 1054511084 STIM_END_RESP_START
150 1 1054655456 LICK
150 1 1054655964 REWARD_START
150 1 1054786032 LICK
150 1 1055047668 LICK
150 1 1055198224 LICK
150 1 1055342788 LICK
150 1 1055711116 RESP_END
150 1 1054686496 REWARD_END
151 1 1058791228 STIM_START
151 1 1059790544 STIM_END_RESP_START
151 1 1059822900 LICK
151 1 1059823400 REWARD_START
151 1 1060141452 LICK
151 1 1060450992 LICK
151 1 1060580212 LICK
151 1 1060990568 RESP_END
151 1 1059853932 REWARD_END
152 1 1065700480 STIM_START
152 1 1066699764 STIM_END_RESP_START
152 1 1067019608 LICK
152 1 1067020104 REWARD_START
152 1 1067204160 LICK
152 1 1067367600 LICK
152 1 1067484684 LICK
152 1 1067625060 LICK
152 1 1067899796 RESP_END
152 1 1067050632 REWARD_END
153 0 1071339656 STIM_START
153 0 1072028040 LICK
153 0 1072206336 LICK
153 0 1072338952 STIM_END_RESP_START
153 0 1072403828 LICK
153 0 1072404328 TIMEOUT_START
153 0 1072551148 LICK
153 0 1072551648 TIMEOUT_START
153 0 1072694620 LICK
153 0 1072695116 TIMEOUT_START
153 0 1072853152 LICK
153 0 1072853648 TIMEOUT_START
153 0 1073204280 LICK
153 0 1073204776 TIMEOUT_START
153 0 1073375100 LICK
153 0 1073375604 TIMEOUT_START
153 0 1073538988 RESP_END
153 0 1080376116 TIMEOUT_END
154 0 1083049688 STIM_START
154 0 1084048980 STIM_END_RESP_START
154 0 1085249008 RESP_END
155 1 1087706524 STIM_START
155 1 1088705816 STIM_END_RESP_START
155 1 1089090232 LICK
155 1 1089090736 REWARD_START
155 1 1089442152 LICK
155 1 1089542800 LICK
155 1 1089905856 RESP_END
155 1 1089121260 REWARD_END
156 0 1092141488 STIM_START
156 0 1092807732 LICK
156 0 1092944696 LICK
156 0 1093085048 LICK
156 0 1093140796 STIM_END_RESP_START
156 0 1093256576 LICK
156 0 1093257072 TIMEOUT_START
156 0 1093589408 LICK
156 0 1093589908 TIMEOUT_START
156 0 1093752452 LICK
156 0 1093752956 TIMEOUT_START
156 0 1093878604 LICK
156 0 1093879108 TIMEOUT_START
156 0 1094340828 RESP_END
156 0 1100879620 TIMEOUT_END
157 1 1103504784 STIM_START
157 1 1104504072 STIM_END_RESP_START
157 1 1104812668 LICK
157 1 1104813172 REWARD_START
157 1 1105486692 LICK
157 1 1105704088 RESP_END
157 1 1104843696 REWARD_END
158 1 1110128228 STIM_START
158 1 1111127520 STIM_END_RESP_START
158 1 1111178976 LICK
158 1 1111179480 REWARD_START
158 1 1111344504 LICK
158 1 1111806216 LICK
158 1 1111944824 LICK
158 1 1112123556 LICK
158 1 1112249188 LICK
158 1 1112327564 RESP_END
158 1 1111210008 REWARD_END
159 0 1115277732 STIM_START
159 0 1115581996 LICK
159 0 1116277040 STIM_END_RESP_START
159 0 1116300736 LICK
159 0 1116301236 TIMEOUT_START
159 0 1116469920 LICK
159 0 1116470424 TIMEOUT_START
159 0 1116690096 LICK
159 0 1116690600 TIMEOUT_START
159 0 1117477056 RESP_END
159 0 1123691116 TIMEOUT_END
160 1 1126110360 STIM_START
160 1 1127109656 STIM_END_RESP_START
160 1 1127819976 LICK
160 1 1127820484 REWARD_START
160 1 1127974100 LICK
160 1 1128309688 RESP_END
160 1 1127851004 REWARD_END
161 0 1132738880 STIM_START
161 0 1133628748 LICK
161 0 1133738160 STIM_END_RESP_START
161 0 1134046212 LICK
161 0 1134046712 TIMEOUT_START
161 0 1134385872 LICK
161 0 1134386376 TIMEOUT_START
161 0 1134554980 LICK
161 0 1134555484 TIMEOUT_START
161 0 1134938188 RESP_END
161 0 1141555996 TIMEOUT_END
162 1 1143846292 STIM_START
162 1 1144845588 STIM_END_RESP_START
162 1 1144940408 LICK
162 1 1144940916 REWARD_START
162 1 1145110548 LICK
162 1 1145222876 LICK
162 1 1145494900 LICK
162 1 1146045624 RESP_END
162 1 1144971444 REWARD_END
163 1 1149123740 STIM_START
163 1 1150075672 LICK
163 1 1150123036 STIM_END_RESP_START
163 1 1150214500 LICK
163 1 1150215000 REWARD_START
163 1 1150376736 LICK
163 1 1150505772 LICK
163 1 1150635332 LICK
163 1 1150761856 LICK
163 1 1151323084 RESP_END
163 1 1150245528 REWARD_END
164 0 1155532372 STIM_START
164 0 1156531664 STIM_END_RESP_START
164 0 1157731696 RESP_END
165 0 1160137196 STIM_START
165 0 1161136492 STIM_END_RESP_START
165 0 1162336524 RESP_END
166 0 1164703096 STIM_START
166 0 1165702392 STIM_END_RESP_START
166 0 1166902424 RESP_END
167 1 1169112160 STIM_START
167 1 1170111448 STIM_END_RESP_START
167 1 1170296576 LICK
167 1 1170297080 REWARD_START
167 1 1170431428 LICK
167 1 1170608236 LICK
167 1 1170870220 LICK
167 1 1171311484 RESP_END
167 1 1170327612 REWARD_END
168 1 1174576352 STIM_START
168 1 1174658400 LICK
168 1 1174817776 LICK
168 1 1174987120 LICK
168 1 1175377620 LICK
168 1 1175555464 LICK
168 1 1175575648 STIM_END_RESP_START
168 1 1175693096 LICK
168 1 1175693600 REWARD_START
168 1 1176019948 LICK
168 1 1176285948 LICK
168 1 1176465448 LICK
168 1 1176757704 LICK
168 1 1176775664 RESP_END
168 1 1175724128 REWARD_END
169 0 1180795148 STIM_START
169 0 1181512372 LICK
169 0 1181729740 LICK
169 0 1181794448 STIM_END_RESP_START
169 0 1181929020 LICK
169 0 1181929524 TIMEOUT_START
169 0 1182994484 RESP_END
169 0 1188930048 TIMEOUT_END
170 0 1191355924 STIM_START
170 0 1192355220 STIM_END_RESP_START
170 0 1193555252 RESP_END
171 0 1196122740 STIM_START
171 0 1197122032 STIM_END_RESP_START
171 0 1198322064 RESP_END
172 1 1200551832 STIM_START
172 1 1201551140 STIM_END_RESP_START
172 1 1201573140 LICK
172 1 1201573636 REWARD_START
172 1 1201706816 LICK
172 1 1201866632 LICK
172 1 1202622748 LICK
172 1 1202751168 RESP_END
172 1 1201604168 REWARD_END
173 1 1204890708 STIM_START
173 1 1205890008 STIM_END_RESP_START
173 1 1205999584 LICK
173 1 1206000092 REWARD_START
173 1 1206199836 LICK
173 1 1206337392 LICK
173 1 1206651572 LICK
173 1 1207090044 RESP_END
173 1 1206030620 REWARD_END
174 1 1209521588 STIM_START
174 1 1209837892 LICK
174 1 1210023288 LICK
174 1 1210379244 LICK
174 1 1210520892 STIM_END_RESP_START
174 1 1211086076 LICK
174 1 1211086576 REWARD_START
174 1 1211286056 LICK
174 1 1211720904 RESP_END
174 1 1211117108 REWARD_END
175 0 1214507200 STIM_START
175 0 1214599228 LICK
175 0 1215506516 STIM_END_RESP_START
175 0 1215765624 LICK
175 0 1215766120 TIMEOUT_START
175 0 1215936824 LICK
175 0 1215937324 TIMEOUT_START
175 0 1216706552 RESP_END
175 0 1222937848 TIMEOUT_END
176 1 1225143932 STIM_START
176 1 1225567612 LICK
176 1 1225784496 LICK
176 1 1225933460 LICK
176 1 1226113804 LICK
176 1 1226143224 STIM_END_RESP_START
176 1 1226442928 LICK
176 1 1226443428 REWARD_START
176 1 1226741220 LICK
176 1 1227026836 LICK
176 1 1227343248 RESP_END
176 1 1226473960 REWARD_END
177 0 1230525296 STIM_START
177 0 1230732280 LICK
177 0 1230898156 LICK
177 0 1231068536 LICK
177 0 1231471520 LICK
177 0 1231524588 STIM_END_RESP_START
177 0 1231642672 LICK
177 0 1231643168 TIMEOUT_START
177 0 1231806696 LICK
177 0 1231807196 TIMEOUT_START
177 0 1231987684 LICK
177 0 1231988188 TIMEOUT_START
177 0 1232334508 LICK
177 0 1232335012 TIMEOUT_START
177 0 1232504928 LICK
177 0 1232505428 TIMEOUT_START
177 0 1232703780 LICK
177 0 1232704280 TIMEOUT_START
177 0 1232724616 RESP_END
177 0 1239704800 TIMEOUT_END
178 0 1242287260 STIM_START
178 0 1242860092 LICK
178 0 1243286576 STIM_END_RESP_START
178 0 1243474396 LICK
178 0 1243474896 TIMEOUT_START
178 0 1243648760 LICK
178 0 1243649264 TIMEOUT_START
178 0 1243816784 LICK
178 0 1243817288 TIMEOUT_START
178 0 1244221448 LICK
178 0 1244221948 TIMEOUT_START
178 0 1244402700 LICK
178 0 1244403196 TIMEOUT_START
178 0 1244486596 RESP_END
178 0 1251403716 TIMEOUT_END
179 0 1256240764 STIM_START
179 0 1257240060 STIM_END_RESP_START
179 0 1258265248 LICK
179 0 1258265756 TIMEOUT_START
179 0 1258375580 LICK
179 0 1258376076 TIMEOUT_START
179 0 1258440088 RESP_END
179 0 1265376600 TIMEOUT_END
180 1 1274011628 STIM_START
180 1 1275010920 STIM_END_RESP_START
180 1 1275141600 LICK
180 1 1275142100 REWARD_START
180 1 1275309540 LICK
180 1 1276210944 RESP_END
180 1 1275172632 REWARD_END
181 1 1278552604 STIM_START
181 1 1279405860 LICK
181 1 1279551916 STIM_END_RESP_START
181 1 1279579300 LICK
181 1 1279579800 REWARD_START
181 1 1279765424 LICK
181 1 1280037288 LICK
181 1 1280169996 LICK
181 1 1280751928 RESP_END
181 1 1279610336 REWARD_END
182 0 1283134456 STIM_START
182 0 1284133752 STIM_END_RESP_START
182 0 1285333784 RESP_END
183 1 1287807256 STIM_START
183 1 1288806548 STIM_END_RESP_START
183 1 1289002028 LICK
183 1 1289002528 REWARD_START
183 1 1289150172 LICK
183 1 1289567200 LICK
183 1 1290006580 RESP_END
183 1 1289033056 REWARD_END
184 0 1292410132 STIM_START
184 0 1292847812 LICK
184 0 1293057672 LICK
184 0 1293409420 STIM_END_RESP_START
184 0 1294609452 RESP_END
185 1 1296808168 STIM_START
185 1 1297761172 LICK
185 1 1297807484 STIM_END_RESP_START
185 1 1298440144 LICK
185 1 1298440648 REWARD_START
185 1 1298623148 LICK
185 1 1299007512 RESP_END
185 1 1298471176 REWARD_END
186 1 1301616872 STIM_START
186 1 1302616168 STIM_END_RESP_START
186 1 1302676864 LICK
186 1 1302677364 REWARD_START
186 1 1303112296 LICK
186 1 1303277676 LICK
186 1 1303816220 RESP_END
186 1 1302707892 REWARD_END
187 1 1306034888 STIM_START
187 1 1306168100 LICK
187 1 1306297500 LICK
187 1 1306832764 LICK
187 1 1306991556 LICK
187 1 1307034192 STIM_END_RESP_START
187 1 1308234228 RESP_END
188 0 1310469852 STIM_START
188 0 1311469160 STIM_END_RESP_START
188 0 1312669188 RESP_END
189 0 1315157636 STIM_START
189 0 1316156928 STIM_END_RESP_START
189 0 1317356960 RESP_END
190 1 1319919412 STIM_START
190 1 1320918708 STIM_END_RESP_START
190 1 1320973252 LICK
190 1 1320973756 REWARD_START
190 1 1321426712 LICK
190 1 1322118724 RESP_END
190 1 1321004284 REWARD_END
191 1 1324798088 STIM_START
191 1 1325660520 LICK
191 1 1325797404 STIM_END_RESP_START
191 1 1326006980 LICK
191 1 1326007484 REWARD_START
191 1 1326157952 LICK
191 1 1326598568 LICK
191 1 1326725944 LICK
191 1 1326997424 RESP_END
191 1 1326038012 REWARD_END
192 0 1329349976 STIM_START
192 0 1330266980 LICK
192 0 1330349260 STIM_END_RESP_START
192 0 1330761288 LICK
192 0 1330761792 TIMEOUT_START
192 0 1331549284 RESP_END
192 0 1337762304 TIMEOUT_END
193 1 1340252704 STIM_START
193 1 1341110192 LICK
193 1 1341252012 STIM_END_RESP_START
193 1 1341516900 LICK
193 1 1341517400 REWARD_START
193 1 1341663468 LICK
193 1 1341936292 LICK
193 1 1342452044 RESP_END
193 1 1341547928 REWARD_END
194 0 1344751472 STIM_START
194 0 1345750764 STIM_END_RESP_START
194 0 1346299176 LICK
194 0 1346299676 TIMEOUT_START
194 0 1346950792 RESP_END
194 0 1353300196 TIMEOUT_END
195 1 1355810960 STIM_START
195 1 1356777228 LICK
195 1 1356810272 STIM_END_RESP_START
195 1 1356964028 LICK
195 1 1356964524 REWARD_START
195 1 1357097444 LICK
195 1 1357355760 LICK
195 1 1357516528 LICK
195 1 1358010292 RESP_END
195 1 1356995052 REWARD_END
196 1 1360418840 STIM_START
196 1 1361372520 LICK
196 1 1361418140 STIM_END_RESP_START
196 1 1361583380 LICK
196 1 1361583880 REWARD_START
196 1 1361732888 LICK
196 1 1362010336 LICK
196 1 1362142348 LICK
196 1 1362618168 RESP_END
196 1 1361614412 REWARD_END
197 1 1364932784 STIM_START
197 1 1365423892 LICK
197 1 1365765180 LICK
197 1 1365932072 STIM_END_RESP_START
197 1 1366513168 LICK
197 1 1366513672 REWARD_START
197 1 1366707264 LICK
197 1 1366949660 LICK
197 1 1367132100 RESP_END
197 1 1366544196 REWARD_END
198 0 1369716448 STIM_START
198 0 1370448172 LICK
198 0 1370596780 LICK
198 0 1370715736 STIM_END_RESP_START
198 0 1370788260 LICK
198 0 1370788760 TIMEOUT_START
198 0 1371915768 RESP_END
198 0 1377789288 TIMEOUT_END
199 1 1380008528 STIM_START
199 1 1381007820 STIM_END_RESP_START
199 1 1381093860 LICK
199 1 1381094360 REWARD_START
199 1 1381306740 LICK
199 1 1382207868 RESP_END
199 1 1381124888 REWARD_END
200 1 1384555336 STIM_START
200 1 1385554624 STIM_END_RESP_START
200 1 1385555956 LICK
200 1 1385556460 REWARD_START
200 1 1385710044 LICK
200 1 1386754652 RESP_END
200 1 1385587000 REWARD_END
201 0 1388854452 STIM_START
201 0 1389853744 STIM_END_RESP_START
201 0 1390041108 LICK
201 0 1390041608 TIMEOUT_START
201 0 1390194952 LICK
201 0 1390195448 TIMEOUT_START
201 0 1390370180 LICK
201 0 1390370680 TIMEOUT_START
201 0 1390543468 LICK
201 0 1390543972 TIMEOUT_START
201 0 1391053764 RESP_END
201 0 1397544488 TIMEOUT_END
202 0 1399895904 STIM_START
202 0 1400895200 STIM_END_RESP_START
202 0 1401410456 LICK
202 0 1401410960 TIMEOUT_START
202 0 1401572008 LICK
202 0 1401572512 TIMEOUT_START
202 0 1401709592 LICK
202 0 1401710088 TIMEOUT_START
202 0 1402095216 RESP_END
202 0 1408710608 TIMEOUT_END
203 0 1410787488 STIM_START
203 0 1411786784 STIM_END_RESP_START
203 0 1412986808 RESP_END
204 1 1415526252 STIM_START
204 1 1416525548 STIM_END_RESP_START
204 1 1416813400 LICK
204 1 1416813904 REWARD_START
204 1 1417725576 RESP_END
204 1 1416844436 REWARD_END
205 1 1420019208 STIM_START
205 1 1421018500 STIM_END_RESP_START
205 1 1421130716 LICK
205 1 1421131220 REWARD_START
205 1 1421291060 LICK
205 1 1421573868 LICK
205 1 1421856856 LICK
205 1 1422218548 RESP_END
205 1 1421161752 REWARD_END
206 1 1425267612 STIM_START
206 1 1426266904 STIM_END_RESP_START
206 1 1426435884 LICK
206 1 1426436384 REWARD_START
206 1 1426848696 LICK
206 1 1427003420 LICK
206 1 1427164772 LICK
206 1 1427466928 RESP_END
206 1 1426466916 REWARD_END
207 0 1429825544 STIM_START
207 0 1430339840 LICK
207 0 1430824840 STIM_END_RESP_START
207 0 1430861360 LICK
207 0 1430861864 TIMEOUT_START
207 0 1432024852 RESP_END
207 0 1437862384 TIMEOUT_END
208 1 1440391316 STIM_START
208 1 1441390616 STIM_END_RESP_START
208 1 1441778748 LICK
208 1 1441779248 REWARD_START
208 1 1441941972 LICK
208 1 1442223280 LICK
208 1 1442367220 LICK
208 1 1442590632 RESP_END
208 1 1441809780 REWARD_END
209 1 1444917336 STIM_START
209 1 1445271896 LICK
209 1 1445447576 LICK
209 1 1445634448 LICK
209 1 1445916620 STIM_END_RESP_START
209 1 1447116664 RESP_END
210 0 1450045792 STIM_START
210 0 1451045084 STIM_END_RESP_START
210 0 1452245116 RESP_END
211 0 1454464716 STIM_START
211 0 1455464008 STIM_END_RESP_START
211 0 1456664040 RESP_END
212 0 1458979660 STIM_START
212 0 1459978952 STIM_END_RESP_START
212 0 1461178984 RESP_END
213 1 1463438680 STIM_START
213 1 1464437972 STIM_END_RESP_START
213 1 1464787772 LICK
213 1 1464788280 REWARD_START
213 1 1464943092 LICK
213 1 1465638004 RESP_END
213 1 1464818808 REWARD_END
214 1 1467824680 STIM_START
214 1 1468823976 STIM_END_RESP_START
214 1 1470024008 RESP_END
215 0 1472292600 STIM_START
215 0 1473291892 STIM_END_RESP_START
215 0 1474491924 RESP_END
216 0 1476620680 STIM_START
216 0 1477619972 STIM_END_RESP_START
216 0 1478820004 RESP_END
217 0 1481038640 STIM_START
217 0 1482037936 STIM_END_RESP_START
217 0 1483237968 RESP_END
218 1 1485472620 STIM_START
218 1 1486471912 STIM_END_RESP_START
218 1 1487671944 RESP_END
219 1 1490165392 STIM_START
219 1 1491164688 STIM_END_RESP_START
219 1 1491420768 LICK
219 1 1491421276 REWARD_START
219 1 1491598284 LICK
219 1 1491872200 LICK
219 1 1492364724 RESP_END
219 1 1491451800 REWARD_END
220 1 1496367192 STIM_START
220 1 1497366480 STIM_END_RESP_START
220 1 1497791916 LICK
220 1 1497792416 REWARD_START
220 1 1497971428 LICK
220 1 1498141172 LICK
220 1 1498566504 RESP_END
220 1 1497822944 REWARD_END
221 0 1500827200 STIM_START
221 0 1501826492 STIM_END_RESP_START
221 0 1503026524 RESP_END
222 1 1505471980 STIM_START
222 1 1506471264 STIM_END_RESP_START
222 1 1506638312 LICK
222 1 1506638812 REWARD_START
222 1 1506788220 LICK
222 1 1507210168 LICK
222 1 1507671296 RESP_END
222 1 1506669344 REWARD_END
223 0 1510404636 STIM_START
223 0 1511403928 STIM_END_RESP_START
223 0 1512603960 RESP_END
224 1 1515127448 STIM_START
224 1 1516126744 STIM_END_RESP_START
224 1 1516231068 LICK
224 1 1516231568 REWARD_START
224 1 1516400612 LICK
224 1 1517326776 RESP_END
224 1 1516262096 REWARD_END
225 1 1519984120 STIM_START
225 1 1520983416 STIM_END_RESP_START
225 1 1521052564 LICK
225 1 1521053068 REWARD_START
225 1 1521251008 LICK
225 1 1521536788 LICK
225 1 1521870708 LICK
225 1 1522183460 RESP_END
225 1 1521083600 REWARD_END
226 0 1524391088 STIM_START
226 0 1525390380 STIM_END_RESP_START
226 0 1525716884 LICK
226 0 1525717388 TIMEOUT_START
226 0 1525885160 LICK
226 0 1525885656 TIMEOUT_START
226 0 1526226344 LICK
226 0 1526226840 TIMEOUT_START
226 0 1526590416 RESP_END
226 0 1533227368 TIMEOUT_END
227 0 1535453604 STIM_START
227 0 1536452900 STIM_END_RESP_START
227 0 1537652928 RESP_END
228 0 1540136352 STIM_START
228 0 1541135644 STIM_END_RESP_START
228 0 1542335676 RESP_END
229 1 1544911120 STIM_START
229 1 1545910416 STIM_END_RESP_START
229 1 1546599124 LICK
229 1 1546599632 REWARD_START
229 1 1546779460 LICK
229 1 1547110460 RESP_END
229 1 1546630160 REWARD_END
230 0 1549496984 STIM_START
230 0 1550496280 STIM_END_RESP_START
230 0 1551696312 RESP_END
231 1 1553901996 STIM_START
231 1 1554901292 STIM_END_RESP_START
231 1 1555008180 LICK
231 1 1555008684 REWARD_START
231 1 1555183132 LICK
231 1 1555443248 LICK
231 1 1555749900 LICK
231 1 1556101336 RESP_END
231 1 1555039212 REWARD_END
232 0 1558671764 STIM_START
232 0 1559671056 STIM_END_RESP_START
232 0 1559956552 LICK
232 0 1559957052 TIMEOUT_START
232 0 1560118648 LICK
232 0 1560119148 TIMEOUT_START
232 0 1560284188 LICK
232 0 1560284684 TIMEOUT_START
232 0 1560871072 RESP_END
232 0 1567285208 TIMEOUT_END
233 0 1569883120 STIM_START
233 0 1570882416 STIM_END_RESP_START
233 0 1572082448 RESP_END
234 1 1574557908 STIM_START
234 1 1575557204 STIM_END_RESP_START
234 1 1575684008 LICK
234 1 1575684512 REWARD_START
234 1 1576757228 RESP_END
234 1 1575715040 REWARD_END
235 0 1578858996 STIM_START
235 0 1579858292 STIM_END_RESP_START
235 0 1581058324 RESP_END
236 0 1583291984 STIM_START
236 0 1584291280 STIM_END_RESP_START
236 0 1585491312 RESP_END
237 1 1588035732 STIM_START
237 1 1589035024 STIM_END_RESP_START
237 1 1590128880 LICK
237 1 1590129376 REWARD_START
237 1 1590235064 RESP_END
237 1 1590159908 REWARD_END
238 0 1592777496 STIM_START
238 0 1593704080 LICK
238 0 1593776796 STIM_END_RESP_START
238 0 1594074128 LICK
238 0 1594074624 TIMEOUT_START
238 0 1594587332 LICK
238 0 1594587828 TIMEOUT_START
238 0 1594750312 LICK
238 0 1594750812 TIMEOUT_START
238 0 1594915024 LICK
238 0 1594915524 TIMEOUT_START
238 0 1594976828 RESP_END
238 0 1601916056 TIMEOUT_END
239 0 1604273688 STIM_START
239 0 1605272980 STIM_END_RESP_START
239 0 1606473012 RESP_END
240 0 1608962476 STIM_START
240 0 1609961768 STIM_END_RESP_START
240 0 1611161800 RESP_END
241 1 1613570400 STIM_START
241 1 1614569692 STIM_END_RESP_START
241 1 1615769724 RESP_END
242 0 1618140208 STIM_START
242 0 1619139496 STIM_END_RESP_START
242 0 1620339528 RESP_END
243 1 1622636168 STIM_START
243 1 1623635460 STIM_END_RESP_START
243 1 1624828124 LICK
243 1 1624828624 REWARD_START
243 1 1624859188 RESP_END
243 1 1624859156 REWARD_END
244 1 1627580788 STIM_START
244 1 1628556744 LICK
244 1 1628580088 STIM_END_RESP_START
244 1 1628716260 LICK
244 1 1628716760 REWARD_START
244 1 1628859136 LICK
244 1 1629155820 LICK
244 1 1629780132 RESP_END
244 1 1628747292 REWARD_END
245 0 1631877896 STIM_START
245 0 1632877188 STIM_END_RESP_START
245 0 1634077220 RESP_END
246 0 1636254916 STIM_START
246 0 1637254208 STIM_END_RESP_START
246 0 1638454236 RESP_END
247 0 1640771768 STIM_START
247 0 1641771064 STIM_END_RESP_START
247 0 1642971084 RESP_END
248 1 1645501556 STIM_START
248 1 1646500848 STIM_END_RESP_START
248 1 1647354872 LICK
248 1 1647355380 REWARD_START
248 1 1647700876 RESP_END
248 1 1647385912 REWARD_END
249 0 1650127432 STIM_START
249 0 1651126728 STIM_END_RESP_START
249 0 1652326760 RESP_END
250 1 1654658372 STIM_START
250 1 1655657668 STIM_END_RESP_START
250 1 1656510408 LICK
250 1 1656510912 REWARD_START
250 1 1656672312 LICK
250 1 1656857692 RESP_END
250 1 1656541440 REWARD_END
251 1 1660008716 STIM_START
251 1 1660904856 LICK
251 1 1661008016 STIM_END_RESP_START
251 1 1661076268 LICK
251 1 1661076772 REWARD_START
251 1 1661388944 LICK
251 1 1662208036 RESP_END
251 1 1661107304 REWARD_END
252 0 1664712592 STIM_START
252 0 1665711892 STIM_END_RESP_START
252 0 1666911924 RESP_END
253 1 1669296368 STIM_START
253 1 1670295660 STIM_END_RESP_START
253 1 1671495692 RESP_END
254 0 1673995156 STIM_START
254 0 1674994452 STIM_END_RESP_START
254 0 1676194484 RESP_END
255 0 1678504072 STIM_START
255 0 1679503356 STIM_END_RESP_START
255 0 1680703388 RESP_END
256 1 1682967056 STIM_START
256 1 1683966348 STIM_END_RESP_START
256 1 1684263128 LICK
256 1 1684263628 REWARD_START
256 1 1684487956 LICK
256 1 1685166372 RESP_END
256 1 1684294156 REWARD_END
257 0 1687529956 STIM_START
257 0 1688529252 STIM_END_RESP_START
257 0 1689729284 RESP_END
258 0 1691896944 STIM_START
258 0 1692896232 STIM_END_RESP_START
258 0 1694096260 RESP_END
259 1 1696567820 STIM_START
259 1 1697567112 STIM_END_RESP_START
259 1 1698303044 LICK
259 1 1698303544 REWARD_START
259 1 1698437152 LICK
259 1 1698695044 LICK
259 1 1698767140 RESP_END
259 1 1698334076 REWARD_END
260 1 1700925796 STIM_START
260 1 1701925088 STIM_END_RESP_START
260 1 1702887268 LICK
260 1 1702887772 REWARD_START
260 1 1703068732 LICK
260 1 1703125120 RESP_END
260 1 1702918300 REWARD_END
261 1 1705831440 STIM_START
261 1 1706830728 STIM_END_RESP_START
261 1 1708030756 RESP_END
262 0 1710155564 STIM_START
262 0 1711154856 STIM_END_RESP_START
262 0 1712354888 RESP_END
263 0 1714810340 STIM_START
263 0 1715809632 STIM_END_RESP_START
263 0 1717009664 RESP_END
264 0 1719441204 STIM_START
264 0 1720440496 STIM_END_RESP_START
264 0 1721640528 RESP_END
265 1 1724070072 STIM_START
265 1 1725069368 STIM_END_RESP_START
265 1 1725589508 LICK
265 1 1725590008 REWARD_START
265 1 1726269408 RESP_END
265 1 1725620540 REWARD_END
266 1 1728423040 STIM_START
266 1 1729422324 STIM_END_RESP_START
266 1 1730622356 RESP_END
267 1 1732779100 STIM_START
267 1 1733778388 STIM_END_RESP_START
267 1 1734978420 RESP_END
268 0 1737571852 STIM_START
268 0 1738571144 STIM_END_RESP_START
268 0 1739771180 RESP_END
269 0 1742213672 STIM_START
269 0 1743212964 STIM_END_RESP_START
269 0 1744412996 RESP_END
270 0 1746733568 STIM_START
270 0 1747732864 STIM_END_RESP_START
270 0 1748932892 RESP_END
271 1 1751373428 STIM_START
271 1 1752372724 STIM_END_RESP_START
271 1 1753572756 RESP_END
272 0 1755888368 STIM_START
272 0 1756887664 STIM_END_RESP_START
272 0 1758087692 RESP_END
273 0 1760338336 STIM_START
273 0 1761337632 STIM_END_RESP_START
273 0 1762537660 RESP_END
274 0 1764757276 STIM_START
274 0 1765756572 STIM_END_RESP_START
274 0 1766956604 RESP_END
275 1 1769308216 STIM_START
275 1 1770307504 STIM_END_RESP_START
275 1 1771437616 LICK
275 1 1771438120 REWARD_START
275 1 1771507548 RESP_END
275 1 1771468644 REWARD_END
276 1 1774119896 STIM_START
276 1 1775119192 STIM_END_RESP_START
276 1 1776319224 RESP_END
277 0 1778477984 STIM_START
277 0 1779477280 STIM_END_RESP_START
277 0 1780677312 RESP_END
278 0 1783102836 STIM_START
278 0 1784102128 STIM_END_RESP_START
278 0 1785302160 RESP_END
279 1 1787781604 STIM_START
279 1 1788780900 STIM_END_RESP_START
279 1 1789980932 RESP_END
280 0 1792145680 STIM_START
280 0 1793144972 STIM_END_RESP_START
280 0 1794345004 RESP_END
281 1 1796891424 STIM_START
281 1 1797890720 STIM_END_RESP_START
281 1 1798429712 LICK
281 1 1798430208 REWARD_START
281 1 1799090764 RESP_END
281 1 1798460740 REWARD_END
282 0 1805895260 STIM_START
282 0 1806894564 STIM_END_RESP_START
282 0 1808094592 RESP_END
283 1 1810265288 STIM_START
283 1 1811264584 STIM_END_RESP_START
283 1 1811518120 LICK
283 1 1811518624 REWARD_START
283 1 1811658312 LICK
283 1 1811918532 LICK
283 1 1812195948 LICK
283 1 1812464624 RESP_END
283 1 1811549148 REWARD_END
284 0 1814648300 STIM_START
284 0 1815647596 STIM_END_RESP_START
284 0 1816847628 RESP_END
285 1 1819011288 STIM_START
285 1 1820010584 STIM_END_RESP_START
285 1 1821210608 RESP_END
286 1 1823314376 STIM_START
286 1 1824313668 STIM_END_RESP_START
286 1 1825513700 RESP_END
287 0 1827990184 STIM_START
287 0 1828989480 STIM_END_RESP_START
287 0 1830189512 RESP_END
288 0 1832365220 STIM_START
288 0 1833364516 STIM_END_RESP_START
288 0 1834564544 RESP_END
289 1 1836749236 STIM_START
289 1 1837748532 STIM_END_RESP_START
289 1 1838948564 RESP_END
290 0 1841456032 STIM_START
290 0 1842455328 STIM_END_RESP_START
290 0 1843655360 RESP_END
291 1 1846154792 STIM_START
291 1 1847154088 STIM_END_RESP_START
291 1 1847699340 LICK
291 1 1847699848 REWARD_START
291 1 1847921372 LICK
291 1 1848158032 LICK
291 1 1848354116 RESP_END
291 1 1847730376 REWARD_END
292 1 1851562180 STIM_START
292 1 1852561464 STIM_END_RESP_START
292 1 1852663068 LICK
292 1 1852663564 REWARD_START
292 1 1853139832 LICK
292 1 1853761476 RESP_END
292 1 1852694096 REWARD_END
293 1 1856069104 STIM_START
293 1 1857068392 STIM_END_RESP_START
293 1 1857271156 LICK
293 1 1857271656 REWARD_START
293 1 1857460044 LICK
293 1 1857596384 LICK
293 1 1857752552 LICK
293 1 1858268420 RESP_END
293 1 1857302184 REWARD_END
294 0 1861014680 STIM_START
294 0 1862013984 STIM_END_RESP_START
294 0 1863214012 RESP_END
295 1 1865844400 STIM_START
295 1 1866843696 STIM_END_RESP_START
295 1 1868043728 RESP_END
296 0 1870317316 STIM_START
296 0 1871316612 STIM_END_RESP_START
296 0 1872516644 RESP_END
297 1 1874941180 STIM_START
297 1 1875940476 STIM_END_RESP_START
297 1 1876040080 LICK
297 1 1876040576 REWARD_START
297 1 1876497240 LICK
297 1 1876648404 LICK
297 1 1876978708 LICK
297 1 1877140508 RESP_END
297 1 1876071108 REWARD_END
298 1 1881175948 STIM_START
298 1 1882175252 STIM_END_RESP_START
298 1 1882405760 LICK
298 1 1882406268 REWARD_START
298 1 1882723148 LICK
298 1 1883018428 LICK
298 1 1883196432 LICK
298 1 1883375300 RESP_END
298 1 1882436796 REWARD_END
299 0 1885708844 STIM_START
299 0 1886708148 STIM_END_RESP_START
299 0 1887301312 LICK
299 0 1887301820 TIMEOUT_START
299 0 1887464940 LICK
299 0 1887465440 TIMEOUT_START
299 0 1887838604 LICK
299 0 1887839104 TIMEOUT_START
299 0 1887908160 RESP_END
299 0 1894839624 TIMEOUT_END
300 0 1897294936 STIM_START
300 0 1898294224 STIM_END_RESP_START
300 0 1899494252 RESP_END
301 1 1901810852 STIM_START
301 1 1902810168 STIM_END_RESP_START
301 1 1902841760 LICK
301 1 1902842268 REWARD_START
301 1 1903195492 LICK
301 1 1903355080 LICK
301 1 1903477040 LICK
301 1 1903663640 LICK
301 1 1903835356 LICK
301 1 1903971720 LICK
301 1 1904010204 RESP_END
301 1 1902872796 REWARD_END
302 1 1906439760 STIM_START
302 1 1907439056 STIM_END_RESP_START
302 1 1907471136 LICK
302 1 1907471644 REWARD_START
302 1 1908008968 LICK
302 1 1908363832 LICK
302 1 1908494976 LICK
302 1 1908639092 RESP_END
302 1 1907502172 REWARD_END
303 0 1910966716 STIM_START
303 0 1911966012 STIM_END_RESP_START
303 0 1913166044 RESP_END
304 1 1915558500 STIM_START
304 1 1916557792 STIM_END_RESP_START
304 1 1917744392 LICK
304 1 1917744892 REWARD_START
304 1 1917775456 RESP_END
304 1 1917775424 REWARD_END
305 1 1920862904 STIM_START
305 1 1921862208 STIM_END_RESP_START
305 1 1923062236 RESP_END
306 0 1925847460 STIM_START
306 0 1926846752 STIM_END_RESP_START
306 0 1928046784 RESP_END
307 0 1930324412 STIM_START
307 0 1931323708 STIM_END_RESP_START
307 0 1932523740 RESP_END
308 1 1935020216 STIM_START
308 1 1936019512 STIM_END_RESP_START
308 1 1936309372 LICK
308 1 1936309872 REWARD_START
308 1 1936430916 LICK
308 1 1936740312 LICK
308 1 1936877076 LICK
308 1 1937056484 LICK
308 1 1937219536 RESP_END
308 1 1936340400 REWARD_END
309 1 1939687028 STIM_START
309 1 1940686324 STIM_END_RESP_START
309 1 1941180448 LICK
309 1 1941180948 REWARD_START
309 1 1941322176 LICK
309 1 1941752132 LICK
309 1 1941886336 RESP_END
309 1 1941211480 REWARD_END
310 1 1944231940 STIM_START
310 1 1945231232 STIM_END_RESP_START
310 1 1945341812 LICK
310 1 1945342320 REWARD_START
310 1 1945729704 LICK
310 1 1946035076 LICK
310 1 1946199180 LICK
310 1 1946431264 RESP_END
310 1 1945372856 REWARD_END
311 0 1948841804 STIM_START
311 0 1949841100 STIM_END_RESP_START
311 0 1951041132 RESP_END
312 1 1953750468 STIM_START
312 1 1954743788 LICK
312 1 1954749768 STIM_END_RESP_START
312 1 1954924360 LICK
312 1 1954924864 REWARD_START
312 1 1955130260 LICK
312 1 1955275276 LICK
312 1 1955420672 LICK
312 1 1955562616 LICK
312 1 1955729392 LICK
312 1 1955949800 RESP_END
312 1 1954955396 REWARD_END
313 0 1958393312 STIM_START
313 0 1959392608 STIM_END_RESP_START
313 0 1960592644 RESP_END
314 0 1962813268 STIM_START
314 0 1963812564 STIM_END_RESP_START
314 0 1964200780 LICK
314 0 1964201284 TIMEOUT_START
314 0 1964391640 LICK
314 0 1964392144 TIMEOUT_START
314 0 1964541552 LICK
314 0 1964542060 TIMEOUT_START
314 0 1964712456 LICK
314 0 1964712956 TIMEOUT_START
314 0 1964861280 LICK
314 0 1964861784 TIMEOUT_START
314 0 1965012576 RESP_END
314 0 1971862300 TIMEOUT_END
315 1 1974433340 STIM_START
315 1 1975432640 STIM_END_RESP_START
315 1 1975702620 LICK
315 1 1975703124 REWARD_START
315 1 1975875580 LICK
315 1 1976144796 LICK
315 1 1976301440 LICK
315 1 1976632676 RESP_END
315 1 1975733652 REWARD_END
316 1 1979048216 STIM_START
316 1 1980018940 LICK
316 1 1980047496 STIM_END_RESP_START
316 1 1980153864 LICK
316 1 1980154364 REWARD_START
316 1 1980314336 LICK
316 1 1980618508 LICK
316 1 1981247528 RESP_END
316 1 1980184900 REWARD_END
317 0 1985072104 STIM_START
317 0 1986071396 STIM_END_RESP_START
317 0 1987271428 RESP_END
318 1 1989685972 STIM_START
318 1 1990685268 STIM_END_RESP_START
318 1 1991885304 RESP_END
319 1 1995480164 STIM_START
319 1 1996479464 STIM_END_RESP_START
319 1 1997679500 RESP_END
320 0 2000099864 STIM_START
320 0 2001099160 STIM_END_RESP_START
320 0 2002299192 RESP_END
321 0 2004391928 STIM_START
321 0 2005391224 STIM_END_RESP_START
321 0 2006591260 RESP_END
322 0 2008804940 STIM_START
322 0 2009804236 STIM_END_RESP_START
322 0 2011004268 RESP_END
323 1 2013357828 STIM_START
323 1 2014357124 STIM_END_RESP_START
323 1 2014687600 LICK
323 1 2014688100 REWARD_START
323 1 2014863220 LICK
323 1 2015163852 LICK
323 1 2015298612 LICK
323 1 2015446512 LICK
323 1 2015557152 RESP_END
323 1 2014718628 REWARD_END
324 0 2017916716 STIM_START
324 0 2018916012 STIM_END_RESP_START
324 0 2020116044 RESP_END
325 0 2022560604 STIM_START
325 0 2023559900 STIM_END_RESP_START
325 0 2024759932 RESP_END
326 1 2027022544 STIM_START
326 1 2028021840 STIM_END_RESP_START
326 1 2028483660 LICK
326 1 2028484160 REWARD_START
326 1 2029081768 LICK
326 1 2029221868 RESP_END
326 1 2028514692 REWARD_END
327 1 2031486512 STIM_START
327 1 2032485808 STIM_END_RESP_START
327 1 2032852288 LICK
327 1 2032852788 REWARD_START
327 1 2033310780 LICK
327 1 2033685844 RESP_END
327 1 2032883316 REWARD_END
328 1 2035965448 STIM_START
328 1 2036954480 LICK
328 1 2036964752 STIM_END_RESP_START
328 1 2037309604 LICK
328 1 2037310104 REWARD_START
328 1 2037624012 LICK
328 1 2038164796 RESP_END
328 1 2037340636 REWARD_END
329 0 2040750208 STIM_START
329 0 2041749496 STIM_END_RESP_START
329 0 2042207844 LICK
329 0 2042208348 TIMEOUT_START
329 0 2042348784 LICK
329 0 2042349284 TIMEOUT_START
329 0 2042949536 RESP_END
329 0 2049349812 TIMEOUT_END
330 0 2051765684 STIM_START
330 0 2052764976 STIM_END_RESP_START
330 0 2053965008 RESP_END
331 1 2056235620 STIM_START
331 1 2057234912 STIM_END_RESP_START
331 1 2057807648 LICK
331 1 2057808152 REWARD_START
331 1 2057983008 LICK
331 1 2058277108 LICK
331 1 2058434952 RESP_END
331 1 2057838684 REWARD_END
332 1 2060934388 STIM_START
332 1 2061933684 STIM_END_RESP_START
332 1 2062228944 LICK
332 1 2062229444 REWARD_START
332 1 2062406768 LICK
332 1 2062572916 LICK
332 1 2062855288 LICK
332 1 2063030364 LICK
332 1 2063133732 RESP_END
332 1 2062259972 REWARD_END
333 1 2067952608 STIM_START
333 1 2068951904 STIM_END_RESP_START
333 1 2069549696 LICK
333 1 2069550204 REWARD_START
333 1 2069769744 LICK
333 1 2069964012 LICK
333 1 2070151952 RESP_END
333 1 2069580728 REWARD_END
334 0 2072727348 STIM_START
334 0 2073726644 STIM_END_RESP_START
334 0 2074926672 RESP_END
335 1 2077172296 STIM_START
335 1 2078171592 STIM_END_RESP_START
335 1 2079371624 RESP_END
336 1 2081634316 STIM_START
336 1 2082633604 STIM_END_RESP_START
336 1 2083127444 LICK
336 1 2083127944 REWARD_START
336 1 2083328340 LICK
336 1 2083575112 LICK
336 1 2083833632 RESP_END
336 1 2083158476 REWARD_END
337 1 2086454968 STIM_START
337 1 2087454264 STIM_END_RESP_START
337 1 2088654296 RESP_END
338 0 2091171772 STIM_START
338 0 2092171068 STIM_END_RESP_START
338 0 2093371100 RESP_END
339 1 2095848596 STIM_START
339 1 2096847892 STIM_END_RESP_START
339 1 2098047920 RESP_END
340 0 2100203672 STIM_START
340 0 2101202964 STIM_END_RESP_START
340 0 2102402988 RESP_END
341 1 2104829452 STIM_START
341 1 2105828744 STIM_END_RESP_START
341 1 2107028776 RESP_END
342 0 2109389400 STIM_START
342 0 2110388692 STIM_END_RESP_START
342 0 2111588724 RESP_END
343 0 2113798420 STIM_START
343 0 2114797712 STIM_END_RESP_START
343 0 2115997740 RESP_END
344 1 2118179472 STIM_START
344 1 2119178764 STIM_END_RESP_START
344 1 2120378796 RESP_END
345 0 2122645368 STIM_START
345 0 2123644660 STIM_END_RESP_START
345 0 2124844692 RESP_END
346 0 2127034392 STIM_START
346 0 2128033680 STIM_END_RESP_START
346 0 2129233708 RESP_END
347 1 2131518324 STIM_START
347 1 2132517620 STIM_END_RESP_START
347 1 2133717648 RESP_END
348 0 2135911260 STIM_START
348 0 2136910552 STIM_END_RESP_START
348 0 2138110584 RESP_END
349 0 2140606100 STIM_START
349 0 2141605392 STIM_END_RESP_START
349 0 2142805424 RESP_END
350 0 2145065024 STIM_START
350 0 2146064312 STIM_END_RESP_START
350 0 2147264348 RESP_END
351 1 2149535992 STIM_START
351 1 2150535288 STIM_END_RESP_START
351 1 2151735320 RESP_END
352 1 2153920000 STIM_START
352 1 2154919292 STIM_END_RESP_START
352 1 2156119324 RESP_END
353 0 2158696724 STIM_START
353 0 2159696020 STIM_END_RESP_START
353 0 2160896052 RESP_END
354 1 2163299624 STIM_START
354 1 2164298920 STIM_END_RESP_START
354 1 2164686468 LICK
354 1 2164686972 REWARD_START
354 1 2165498956 RESP_END
354 1 2164717496 REWARD_END
355 1 2170273896 STIM_START
355 1 2171273196 STIM_END_RESP_START
355 1 2172007276 LICK
355 1 2172007780 REWARD_START
355 1 2172473236 RESP_END
355 1 2172038308 REWARD_END
356 1 2177557884 STIM_START
356 1 2178557188 STIM_END_RESP_START
356 1 2178746168 LICK
356 1 2178746672 REWARD_START
356 1 2178920056 LICK
356 1 2179047752 LICK
356 1 2179309544 LICK
356 1 2179757212 RESP_END
356 1 2178777204 REWARD_END
357 0 2182015864 STIM_START
357 0 2183015160 STIM_END_RESP_START
357 0 2184215192 RESP_END
358 1 2186719676 STIM_START
358 1 2187718972 STIM_END_RESP_START
358 1 2188919004 RESP_END
359 0 2191271524 STIM_START
359 0 2192270820 STIM_END_RESP_START
359 0 2193470852 RESP_END
360 1 2195878392 STIM_START
360 1 2196877688 STIM_END_RESP_START
360 1 2197492676 LICK
360 1 2197493180 REWARD_START
360 1 2197724084 LICK
360 1 2197828776 LICK
360 1 2197981364 LICK
360 1 2198077720 RESP_END
360 1 2197523712 REWARD_END
361 0 2200304388 STIM_START
361 0 2201303692 STIM_END_RESP_START
361 0 2202503724 RESP_END
362 0 2205052152 STIM_START
362 0 2206051448 STIM_END_RESP_START
362 0 2207251480 RESP_END
363 1 2209734012 STIM_START
363 1 2210733304 STIM_END_RESP_START
363 1 2211933336 RESP_END
364 0 2214237884 STIM_START
364 0 2215237180 STIM_END_RESP_START
364 0 2216437208 RESP_END
365 1 2219098560 STIM_START
365 1 2220097856 STIM_END_RESP_START
365 1 2220943264 LICK
365 1 2220943772 REWARD_START
365 1 2221052500 LICK
365 1 2221297888 RESP_END
365 1 2220974300 REWARD_END
366 0 2223775424 STIM_START
366 0 2224774732 STIM_END_RESP_START
366 0 2225974760 RESP_END
367 0 2228145420 STIM_START
367 0 2229144716 STIM_END_RESP_START
367 0 2230344748 RESP_END
368 0 2232603372 STIM_START
368 0 2233602664 STIM_END_RESP_START
368 0 2234802696 RESP_END
369 1 2237111292 STIM_START
369 1 2238110588 STIM_END_RESP_START
369 1 2239310620 RESP_END
370 0 2241843092 STIM_START
370 0 2242842388 STIM_END_RESP_START
370 0 2244042420 RESP_END
371 1 2246464936 STIM_START
371 1 2247464228 STIM_END_RESP_START
371 1 2248664260 RESP_END
372 1 2250978852 STIM_START
372 1 2251978144 STIM_END_RESP_START
372 1 2252365140 LICK
372 1 2252365640 REWARD_START
372 1 2252477412 LICK
372 1 2252725672 LICK
372 1 2252852944 LICK
372 1 2253128856 LICK
372 1 2253178160 RESP_END
372 1 2252396176 REWARD_END
373 1 2256904816 STIM_START
373 1 2257904108 STIM_END_RESP_START
373 1 2258439284 LICK
373 1 2258439780 REWARD_START
373 1 2259104144 RESP_END
373 1 2258470312 REWARD_END
374 0 2264206864 STIM_START
374 0 2265206168 STIM_END_RESP_START
374 0 2266406200 RESP_END
375 0 2268825688 STIM_START
375 0 2269824976 STIM_END_RESP_START
375 0 2271025004 RESP_END
376 1 2277523748 STIM_START
376 1 2278523044 STIM_END_RESP_START
376 1 2279723076 RESP_END
377 0 2282382480 STIM_START
377 0 2283381776 STIM_END_RESP_START
377 0 2284581800 RESP_END
378 0 2286855416 STIM_START
378 0 2287854712 STIM_END_RESP_START
378 0 2289054744 RESP_END
379 0 2291507220 STIM_START
379 0 2292506508 STIM_END_RESP_START
379 0 2293706540 RESP_END
380 1 2296132060 STIM_START
380 1 2297131372 STIM_END_RESP_START
380 1 2297137280 LICK
380 1 2297137788 REWARD_START
380 1 2298331416 RESP_END
380 1 2297168324 REWARD_END
381 1 2304083648 STIM_START
381 1 2305082948 STIM_END_RESP_START
381 1 2306146696 LICK
381 1 2306147196 REWARD_START
381 1 2306282980 RESP_END
381 1 2306177728 REWARD_END
382 0 2310034576 STIM_START
382 0 2311033880 STIM_END_RESP_START
382 0 2312233908 RESP_END
383 1 2314360604 STIM_START
383 1 2315359896 STIM_END_RESP_START
383 1 2316150652 LICK
383 1 2316151156 REWARD_START
383 1 2316296876 LICK
383 1 2316433024 LICK
383 1 2316559924 RESP_END
383 1 2316181688 REWARD_END
384 0 2320635340 STIM_START
384 0 2321634644 STIM_END_RESP_START
384 0 2322834676 RESP_END
385 1 2325099320 STIM_START
385 1 2326098612 STIM_END_RESP_START
385 1 2327298644 RESP_END
386 0 2329764136 STIM_START
386 0 2330763432 STIM_END_RESP_START
386 0 2331963464 RESP_END
387 1 2334264200 STIM_START
387 1 2335263496 STIM_END_RESP_START
387 1 2335365520 LICK
387 1 2335366016 REWARD_START
387 1 2335578972 LICK
387 1 2335699752 LICK
387 1 2335816028 LICK
387 1 2335944816 LICK
387 1 2336107792 LICK
387 1 2336229012 LICK
387 1 2336398720 LICK
387 1 2336463512 RESP_END
387 1 2335396548 REWARD_END
388 1 2340375936 STIM_START
388 1 2341375232 STIM_END_RESP_START
388 1 2342575268 RESP_END
389 1 2345072684 STIM_START
389 1 2346071972 STIM_END_RESP_START
389 1 2346706608 LICK
389 1 2346707112 REWARD_START
389 1 2346968932 LICK
389 1 2347096612 LICK
389 1 2347233496 LICK
389 1 2347271996 RESP_END
389 1 2346737640 REWARD_END
390 0 2349429740 STIM_START
390 0 2350429036 STIM_END_RESP_START
390 0 2351629068 RESP_END
391 1 2353929652 STIM_START
391 1 2354851960 LICK
391 1 2354928944 STIM_END_RESP_START
391 1 2354987248 LICK
391 1 2354987752 REWARD_START
391 1 2355119968 LICK
391 1 2355798284 LICK
391 1 2355980772 LICK
391 1 2356128968 RESP_END
391 1 2355018284 REWARD_END
392 0 2358305684 STIM_START
392 0 2359304988 STIM_END_RESP_START
392 0 2360505020 RESP_END
393 0 2363042472 STIM_START
393 0 2364041768 STIM_END_RESP_START
393 0 2365241800 RESP_END
394 0 2367625396 STIM_START
394 0 2368624692 STIM_END_RESP_START
394 0 2369824716 RESP_END
395 1 2372240192 STIM_START
395 1 2373239488 STIM_END_RESP_START
395 1 2373318612 LICK
395 1 2373319116 REWARD_START
395 1 2373607232 LICK
395 1 2373753960 LICK
395 1 2373855764 LICK
395 1 2373998864 LICK
395 1 2374276152 LICK
395 1 2374396836 LICK
395 1 2374439532 RESP_END
395 1 2373349648 REWARD_END
396 0 2376986936 STIM_START
396 0 2377986240 STIM_END_RESP_START
396 0 2378169164 LICK
396 0 2378169668 TIMEOUT_START
396 0 2378292864 LICK
396 0 2378293368 TIMEOUT_START
396 0 2378459544 LICK
396 0 2378460040 TIMEOUT_START
396 0 2378628744 LICK
396 0 2378629248 TIMEOUT_START
396 0 2378797808 LICK
396 0 2378798312 TIMEOUT_START
396 0 2378983600 LICK
396 0 2378984096 TIMEOUT_START
396 0 2379138276 LICK
396 0 2379138776 TIMEOUT_START
396 0 2379186276 RESP_END
396 0 2386139300 TIMEOUT_END
397 1 2388247268 STIM_START
397 1 2389246560 STIM_END_RESP_START
397 1 2389885148 LICK
397 1 2389885648 REWARD_START
397 1 2390007324 LICK
397 1 2390194488 LICK
397 1 2390303500 LICK
397 1 2390446592 RESP_END
397 1 2389916180 REWARD_END
398 0 2392931072 STIM_START
398 0 2393930376 STIM_END_RESP_START
398 0 2395130408 RESP_END
399 0 2397355056 STIM_START
399 0 2398354348 STIM_END_RESP_START
399 0 2399554380 RESP_END
400 0 2401961924 STIM_START
400 0 2402961216 STIM_END_RESP_START
400 0 2404161248 RESP_END
401 1 2406654744 STIM_START
401 1 2407654036 STIM_END_RESP_START
401 1 2407813988 LICK
401 1 2407814496 REWARD_START
401 1 2407923448 LICK
401 1 2408097668 LICK
401 1 2408202856 LICK
401 1 2408440876 LICK
401 1 2408628392 LICK
401 1 2408854068 RESP_END
401 1 2407845028 REWARD_END
402 1 2414910092 STIM_START
402 1 2415742244 LICK
402 1 2415863384 LICK
402 1 2415909384 STIM_END_RESP_START
402 1 2415995144 LICK
402 1 2415995648 REWARD_START
402 1 2416385156 LICK
402 1 2417109408 RESP_END
402 1 2416026184 REWARD_END
403 0 2419399056 STIM_START
403 0 2420398348 STIM_END_RESP_START
403 0 2421598384 RESP_END
404 0 2424062832 STIM_START
404 0 2425062128 STIM_END_RESP_START
404 0 2426262160 RESP_END
405 0 2428899576 STIM_START
405 0 2429898872 STIM_END_RESP_START
405 0 2431098908 RESP_END
406 1 2433260600 STIM_START
406 1 2434259888 STIM_END_RESP_START
406 1 2435459916 RESP_END
407 0 2437625560 STIM_START
407 0 2438624856 STIM_END_RESP_START
407 0 2439824888 RESP_END
408 0 2442089528 STIM_START
408 0 2443088820 STIM_END_RESP_START
408 0 2444288852 RESP_END
409 1 2446587512 STIM_START
409 1 2447586808 STIM_END_RESP_START
409 1 2447693300 LICK
409 1 2447693800 REWARD_START
409 1 2447813444 LICK
409 1 2448040176 LICK
409 1 2448158312 LICK
409 1 2448293948 LICK
409 1 2448760000 LICK
409 1 2448786828 RESP_END
409 1 2447724336 REWARD_END
410 0 2451309248 STIM_START
410 0 2452128180 LICK
410 0 2452295408 LICK
410 0 2452308548 STIM_END_RESP_START
410 0 2452422536 LICK
410 0 2452423040 TIMEOUT_START
410 0 2452727672 LICK
410 0 2452728180 TIMEOUT_START
410 0 2453158144 LICK
410 0 2453158648 TIMEOUT_START
410 0 2453508580 RESP_END
410 0 2460159168 TIMEOUT_END
411 1 2462510592 STIM_START
411 1 2463270152 LICK
411 1 2463372932 LICK
411 1 2463509876 STIM_END_RESP_START
411 1 2463546480 LICK
411 1 2463546980 REWARD_START
411 1 2463703860 LICK
411 1 2463975212 LICK
411 1 2464431416 LICK
411 1 2464566040 LICK
411 1 2464708148 LICK
411 1 2464709916 RESP_END
411 1 2463577512 REWARD_END
412 0 2468546496 STIM_START
412 0 2469178628 LICK
412 0 2469348272 LICK
412 0 2469514892 LICK
412 0 2469545812 STIM_END_RESP_START
412 0 2469633956 LICK
412 0 2469634460 TIMEOUT_START
412 0 2469846748 LICK
412 0 2469847252 TIMEOUT_START
412 0 2470184176 LICK
412 0 2470184676 TIMEOUT_START
412 0 2470745856 RESP_END
412 0 2477185204 TIMEOUT_END
413 0 2479661960 STIM_START
413 0 2480661256 STIM_END_RESP_START
413 0 2481861288 RESP_END
414 1 2484268872 STIM_START
414 1 2485167668 LICK
414 1 2485268172 STIM_END_RESP_START
414 1 2485546888 LICK
414 1 2485547392 REWARD_START
414 1 2485735692 LICK
414 1 2485859084 LICK
414 1 2485996584 LICK
414 1 2486127668 LICK
414 1 2486261664 LICK
414 1 2486468208 RESP_END
414 1 2485577928 REWARD_END
415 0 2490444596 STIM_START
415 0 2491443892 STIM_END_RESP_START
415 0 2492643924 RESP_END
416 0 2495118384 STIM_START
416 0 2496117672 STIM_END_RESP_START
416 0 2497317704 RESP_END
417 0 2499781176 STIM_START
417 0 2500780472 STIM_END_RESP_START
417 0 2501980504 RESP_END
418 1 2504357080 STIM_START
418 1 2505356360 STIM_END_RESP_START
418 1 2505375896 LICK
418 1 2505376400 REWARD_START
418 1 2505508844 LICK
418 1 2505633004 LICK
418 1 2505781600 LICK
418 1 2505880208 LICK
418 1 2506022444 LICK
418 1 2506186108 LICK
418 1 2506335560 LICK
418 1 2506435248 LICK
418 1 2506556400 RESP_END
418 1 2505406932 REWARD_END
419 0 2511768996 STIM_START
419 0 2512768292 STIM_END_RESP_START
419 0 2513557580 LICK
419 0 2513558080 TIMEOUT_START
419 0 2513737020 LICK
419 0 2513737520 TIMEOUT_START
419 0 2513968320 RESP_END
419 0 2520738052 TIMEOUT_END
420 0 2523283172 STIM_START
420 0 2524282468 STIM_END_RESP_START
420 0 2525482500 RESP_END
421 0 2527650176 STIM_START
421 0 2528649472 STIM_END_RESP_START
421 0 2529849504 RESP_END
422 1 2532325980 STIM_START
422 1 2533325276 STIM_END_RESP_START
422 1 2533629196 LICK
422 1 2533629696 REWARD_START
422 1 2533797324 LICK
422 1 2533917100 LICK
422 1 2534177052 LICK
422 1 2534350752 LICK
422 1 2534525300 RESP_END
422 1 2533660232 REWARD_END
423 0 2537042776 STIM_START
423 0 2538042072 STIM_END_RESP_START
423 0 2538937544 LICK
423 0 2538938044 TIMEOUT_START
423 0 2539150444 LICK
423 0 2539150944 TIMEOUT_START
423 0 2539242116 RESP_END
423 0 2546151468 TIMEOUT_END
424 0 2548820756 STIM_START
424 0 2549820052 STIM_END_RESP_START
424 0 2551020084 RESP_END
425 0 2553566556 STIM_START
425 0 2554565856 STIM_END_RESP_START
425 0 2555765888 RESP_END
426 1 2557907568 STIM_START
426 1 2558906864 STIM_END_RESP_START
426 1 2560106896 RESP_END
427 0 2562238588 STIM_START
427 0 2563237876 STIM_END_RESP_START
427 0 2564437908 RESP_END
428 1 2566989352 STIM_START
428 1 2567988648 STIM_END_RESP_START
428 1 2569188676 RESP_END
429 0 2571636168 STIM_START
429 0 2572635460 STIM_END_RESP_START
429 0 2573835492 RESP_END
430 0 2575951224 STIM_START
430 0 2576950520 STIM_END_RESP_START
430 0 2578150552 RESP_END
431 0 2580285300 STIM_START
431 0 2581284596 STIM_END_RESP_START
431 0 2582484628 RESP_END
432 1 2584612336 STIM_START
432 1 2585611632 STIM_END_RESP_START
432 1 2585951860 LICK
432 1 2585952364 REWARD_START
432 1 2586169272 LICK
432 1 2586275596 LICK
432 1 2586381656 LICK
432 1 2586511260 LICK
432 1 2586681056 LICK
432 1 2586811676 RESP_END
432 1 2585982888 REWARD_END
433 1 2589709872 STIM_START
433 1 2590709176 STIM_END_RESP_START
433 1 2591909208 RESP_END
434 1 2594032900 STIM_START
434 1 2595032200 STIM_END_RESP_START
434 1 2595372536 LICK
434 1 2595373036 REWARD_START
434 1 2595640532 LICK
434 1 2595866352 LICK
434 1 2595999724 LICK
434 1 2596156344 LICK
434 1 2596232236 RESP_END
434 1 2595403568 REWARD_END
435 0 2598696752 STIM_START
435 0 2599696048 STIM_END_RESP_START
435 0 2600022952 LICK
435 0 2600023456 TIMEOUT_START
435 0 2600152788 LICK
435 0 2600153296 TIMEOUT_START
435 0 2600317272 LICK
435 0 2600317776 TIMEOUT_START
435 0 2600475184 LICK
435 0 2600475688 TIMEOUT_START
435 0 2600760932 LICK
435 0 2600761436 TIMEOUT_START
435 0 2600896080 RESP_END
435 0 2607761960 TIMEOUT_END
436 1 2610128928 STIM_START
436 1 2611128228 STIM_END_RESP_START
436 1 2612328260 RESP_END
437 0 2614832716 STIM_START
437 0 2615832012 STIM_END_RESP_START
437 0 2616421432 LICK
437 0 2616421932 TIMEOUT_START
437 0 2616586256 LICK
437 0 2616586752 TIMEOUT_START
437 0 2616744516 LICK
437 0 2616745020 TIMEOUT_START
437 0 2616909272 LICK
437 0 2616909772 TIMEOUT_START
437 0 2617032036 RESP_END
437 0 2623910288 TIMEOUT_END
438 0 2626354856 STIM_START
438 0 2627354164 STIM_END_RESP_START
438 0 2628554192 RESP_END
439 1 2630993712 STIM_START
439 1 2631935432 LICK
439 1 2631993004 STIM_END_RESP_START
439 1 2632093572 LICK
439 1 2632094076 REWARD_START
439 1 2632239648 LICK
439 1 2632461072 LICK
439 1 2633042144 LICK
439 1 2633193028 RESP_END
439 1 2632124604 REWARD_END
440 1 2635465656 STIM_START
440 1 2636056480 LICK
440 1 2636202156 LICK
440 1 2636317560 LICK
440 1 2636464944 STIM_END_RESP_START
440 1 2636662068 LICK
440 1 2636662568 REWARD_START
440 1 2636933336 LICK
440 1 2637157004 LICK
440 1 2637305388 LICK
440 1 2637462356 LICK
440 1 2637629884 LICK
440 1 2637664984 RESP_END
440 1 2636693100 REWARD_END
441 1 2647067752 STIM_START
441 1 2647833408 LICK
441 1 2648067056 STIM_END_RESP_START
441 1 2648186248 LICK
441 1 2648186748 REWARD_START
441 1 2648329736 LICK
441 1 2648655656 LICK
441 1 2648761200 LICK
441 1 2648954396 LICK
441 1 2649115216 LICK
441 1 2649243436 LICK
441 1 2649267088 RESP_END
441 1 2648217276 REWARD_END
442 0 2653137644 STIM_START
442 0 2653473768 LICK
442 0 2653640236 LICK
442 0 2653966812 LICK
442 0 2654117412 LICK
442 0 2654136932 STIM_END_RESP_START
442 0 2654318752 LICK
442 0 2654319248 TIMEOUT_START
442 0 2654465784 LICK
442 0 2654466284 TIMEOUT_START
442 0 2654639148 LICK
442 0 2654639648 TIMEOUT_START
442 0 2654795464 LICK
442 0 2654795968 TIMEOUT_START
442 0 2655125512 LICK
442 0 2655126012 TIMEOUT_START
442 0 2655275480 LICK
442 0 2655275980 TIMEOUT_START
442 0 2655336972 RESP_END
442 0 2662276500 TIMEOUT_END
443 0 2667775596 STIM_START
443 0 2668774892 STIM_END_RESP_START
443 0 2669384580 LICK
443 0 2669385084 TIMEOUT_START
443 0 2669566440 LICK
443 0 2669566940 TIMEOUT_START
443 0 2669951224 LICK
443 0 2669951724 TIMEOUT_START
443 0 2669974924 RESP_END
443 0 2676952248 TIMEOUT_END
444 1 2679938352 STIM_START
444 1 2680152292 LICK
444 1 2680356624 LICK
444 1 2680554836 LICK
444 1 2680723580 LICK
444 1 2680927336 LICK
444 1 2680937640 STIM_END_RESP_START
444 1 2681135588 LICK
444 1 2681136088 REWARD_START
444 1 2681348648 LICK
444 1 2681499688 LICK
444 1 2681622220 LICK
444 1 2681917784 LICK
444 1 2682063460 LICK
444 1 2682137656 RESP_END
444 1 2681166616 REWARD_END
445 1 2688689384 STIM_START
445 1 2688884924 LICK
445 1 2689113964 LICK
445 1 2689252216 LICK
445 1 2689636300 LICK
445 1 2689688692 STIM_END_RESP_START
445 1 2689780648 LICK
445 1 2689781152 REWARD_START
445 1 2690175700 LICK
445 1 2690365044 LICK
445 1 2690509716 LICK
445 1 2690663268 LICK
445 1 2690819832 LICK
445 1 2690888732 RESP_END
445 1 2689811680 REWARD_END
446 0 2700926020 STIM_START
446 0 2701060472 LICK
446 0 2701272688 LICK
446 0 2701466064 LICK
446 0 2701708356 LICK
446 0 2701903472 LICK
446 0 2701925320 STIM_END_RESP_START
446 0 2702033952 LICK
446 0 2702034448 TIMEOUT_START
446 0 2702567124 LICK
446 0 2702567628 TIMEOUT_START
446 0 2703125332 RESP_END
446 0 2709568136 TIMEOUT_END
447 0 2711869556 STIM_START
447 0 2712868844 STIM_END_RESP_START
447 0 2713064168 LICK
447 0 2713064672 TIMEOUT_START
447 0 2713261084 LICK
447 0 2713261584 TIMEOUT_START
447 0 2713413660 LICK
447 0 2713414160 TIMEOUT_START
447 0 2713636564 LICK
447 0 2713637064 TIMEOUT_START
447 0 2713808836 LICK
447 0 2713809340 TIMEOUT_START
447 0 2713990448 LICK
447 0 2713990948 TIMEOUT_START
447 0 2714068880 RESP_END
447 0 2720991472 TIMEOUT_END
448 0 2723940308 STIM_START
448 0 2724939604 STIM_END_RESP_START
448 0 2725292484 LICK
448 0 2725292984 TIMEOUT_START
448 0 2725752940 LICK
448 0 2725753440 TIMEOUT_START
448 0 2725963200 LICK
448 0 2725963696 TIMEOUT_START
448 0 2726125676 LICK
448 0 2726126176 TIMEOUT_START
448 0 2726139624 RESP_END
448 0 2733126700 TIMEOUT_END
449 1 2735586396 STIM_START
449 1 2736426892 LICK
449 1 2736567292 LICK
449 1 2736585684 STIM_END_RESP_START
449 1 2736762024 LICK
449 1 2736762524 REWARD_START
449 1 2736955788 LICK
449 1 2737079212 LICK
449 1 2737239032 LICK
449 1 2737488472 LICK
449 1 2737785728 RESP_END
449 1 2736793056 REWARD_END
450 0 2742491596 STIM_START
450 0 2742887456 LICK
450 0 2743067360 LICK
450 0 2743490884 STIM_END_RESP_START
450 0 2743899592 LICK
450 0 2743900092 TIMEOUT_START
450 0 2744104324 LICK
450 0 2744104820 TIMEOUT_START
450 0 2744418876 LICK
450 0 2744419380 TIMEOUT_START
450 0 2744603056 LICK
450 0 2744603552 TIMEOUT_START
450 0 2744690908 RESP_END
450 0 2751604072 TIMEOUT_END
451 0 2754125676 STIM_START
451 0 2755124972 STIM_END_RESP_START
451 0 2755594460 LICK
451 0 2755594960 TIMEOUT_START
451 0 2756307160 LICK
451 0 2756307656 TIMEOUT_START
451 0 2756325004 RESP_END
451 0 2763308180 TIMEOUT_END
452 0 2765712740 STIM_START
452 0 2766680432 LICK
452 0 2766712036 STIM_END_RESP_START
452 0 2766807428 LICK
452 0 2766807924 TIMEOUT_START
452 0 2767001064 LICK
452 0 2767001560 TIMEOUT_START
452 0 2767194700 LICK
452 0 2767195204 TIMEOUT_START
452 0 2767435724 LICK
452 0 2767436228 TIMEOUT_START
452 0 2767544732 LICK
452 0 2767545232 TIMEOUT_START
452 0 2767725604 LICK
452 0 2767726100 TIMEOUT_START
452 0 2767912060 RESP_END
452 0 2774726624 TIMEOUT_END
453 1 2776872120 STIM_START
453 1 2777635332 LICK
453 1 2777791756 LICK
453 1 2777871412 STIM_END_RESP_START
453 1 2777947432 LICK
453 1 2777947932 REWARD_START
453 1 2778144800 LICK
453 1 2778257468 LICK
453 1 2778367308 LICK
453 1 2778645572 LICK
453 1 2778789284 LICK
453 1 2778906988 LICK
453 1 2779071424 RESP_END
453 1 2777978464 REWARD_END
454 1 2784121192 STIM_START
454 1 2784392824 LICK
454 1 2784522464 LICK
454 1 2784905492 LICK
454 1 2785061508 LICK
454 1 2785120500 STIM_END_RESP_START
454 1 2785221832 LICK
454 1 2785222332 REWARD_START
454 1 2785417796 LICK
454 1 2785725004 LICK
454 1 2786005852 LICK
454 1 2786151212 LICK
454 1 2786288772 LICK
454 1 2786320528 RESP_END
454 1 2785252864 REWARD_END
455 1 2795765224 STIM_START
455 1 2796561400 LICK
455 1 2796764516 STIM_END_RESP_START
455 1 2797019192 LICK
455 1 2797019692 REWARD_START
455 1 2797160288 LICK
455 1 2797279352 LICK
455 1 2797569204 LICK
455 1 2797763628 LICK
455 1 2797871304 LICK
455 1 2797964556 RESP_END
455 1 2797050224 REWARD_END
456 0 2802971320 STIM_START
456 0 2803970640 STIM_END_RESP_START
456 0 2805170668 RESP_END
457 1 2807648124 STIM_START
457 1 2807699360 LICK
457 1 2807910624 LICK
457 1 2808150740 LICK
457 1 2808387268 LICK
457 1 2808647416 STIM_END_RESP_START
457 1 2809271576 LICK
457 1 2809272076 REWARD_START
457 1 2809390356 LICK
457 1 2809540232 LICK
457 1 2809664784 LICK
457 1 2809818380 LICK
457 1 2809847428 RESP_END
457 1 2809302608 REWARD_END
458 1 2816740912 STIM_START
458 1 2817049912 LICK
458 1 2817183420 LICK
458 1 2817406176 LICK
458 1 2817517760 LICK
458 1 2817740200 STIM_END_RESP_START
458 1 2817934492 LICK
458 1 2817934992 REWARD_START
458 1 2818099016 LICK
458 1 2818376508 LICK
458 1 2818512748 LICK
458 1 2818643624 LICK
458 1 2818940216 RESP_END
458 1 2817965524 REWARD_END
459 0 2827105856 STIM_START
459 0 2827443252 LICK
459 0 2827582920 LICK
459 0 2827784516 LICK
459 0 2828105144 STIM_END_RESP_START
459 0 2828331404 LICK
459 0 2828331900 TIMEOUT_START
459 0 2828571404 LICK
459 0 2828571908 TIMEOUT_START
459 0 2828748732 LICK
459 0 2828749236 TIMEOUT_START
459 0 2828904600 LICK
459 0 2828905096 TIMEOUT_START
459 0 2829078052 LICK
459 0 2829078556 TIMEOUT_START
459 0 2829207748 LICK
459 0 2829208248 TIMEOUT_START
459 0 2829305184 RESP_END
459 0 2836208776 TIMEOUT_END
460 1 2838528076 STIM_START
460 1 2839287772 LICK
460 1 2839441992 LICK
460 1 2839527388 STIM_END_RESP_START
460 1 2839636728 LICK
460 1 2839637236 REWARD_START
460 1 2839924824 LICK
460 1 2840350772 LICK
460 1 2840501808 LICK
460 1 2840639832 LICK
460 1 2840727432 RESP_END
460 1 2839667768 REWARD_END
461 0 2852558492 STIM_START
461 0 2853529196 LICK
461 0 2853557800 STIM_END_RESP_START
461 0 2853687872 LICK
461 0 2853688376 TIMEOUT_START
461 0 2854131396 LICK
461 0 2854131900 TIMEOUT_START
461 0 2854311164 LICK
461 0 2854311664 TIMEOUT_START
461 0 2854658004 LICK
461 0 2854658508 TIMEOUT_START
461 0 2854757816 RESP_END
461 0 2861659016 TIMEOUT_END
462 1 2864099644 STIM_START
462 1 2864422960 LICK
462 1 2864564464 LICK
462 1 2864722336 LICK
462 1 2864926004 LICK
462 1 2865098944 STIM_END_RESP_START
462 1 2865524980 LICK
462 1 2865525480 REWARD_START
462 1 2865692852 LICK
462 1 2865830732 LICK
462 1 2865979924 LICK
462 1 2866157000 LICK
462 1 2866278308 LICK
462 1 2866298964 RESP_END
462 1 2865556012 REWARD_END
463 1 2870058584 STIM_START
463 1 2870228596 LICK
463 1 2870398620 LICK
463 1 2870826676 LICK
463 1 2871057872 STIM_END_RESP_START
463 1 2871181236 LICK
463 1 2871181740 REWARD_START
463 1 2871800396 LICK
463 1 2872144280 LICK
463 1 2872257912 RESP_END
463 1 2871212272 REWARD_END
464 0 2876168404 STIM_START
464 0 2876430260 LICK
464 0 2876662092 LICK
464 0 2876874684 LICK
464 0 2877167700 STIM_END_RESP_START
464 0 2877209668 LICK
464 0 2877210164 TIMEOUT_START
464 0 2877434456 LICK
464 0 2877434960 TIMEOUT_START
464 0 2877583592 LICK
464 0 2877584092 TIMEOUT_START
464 0 2877804492 LICK
464 0 2877804996 TIMEOUT_START
464 0 2877994792 LICK
464 0 2877995300 TIMEOUT_START
464 0 2878367736 RESP_END
464 0 2884995812 TIMEOUT_END
465 1 2887344780 STIM_START
465 1 2888131088 LICK
465 1 2888302604 LICK
465 1 2888344092 STIM_END_RESP_START
465 1 2888454940 LICK
465 1 2888455444 REWARD_START
465 1 2888762620 LICK
465 1 2889054440 LICK
465 1 2889228200 LICK
465 1 2889369828 LICK
465 1 2889544120 RESP_END
465 1 2888485972 REWARD_END
466 1 2897141032 STIM_START
466 1 2897987028 LICK
466 1 2898140336 STIM_END_RESP_START
466 1 2898155972 LICK
466 1 2898156472 REWARD_START
466 1 2898475596 LICK
466 1 2898611660 LICK
466 1 2899243260 LICK
466 1 2899340364 RESP_END
466 1 2898187000 REWARD_END
467 0 2903890468 STIM_START
467 0 2903890984 LICK
467 0 2904150096 LICK
467 0 2904318724 LICK
467 0 2904434496 LICK
467 0 2904684244 LICK
467 0 2904862560 LICK
467 0 2904889756 STIM_END_RESP_START
467 0 2905006412 LICK
467 0 2905006908 TIMEOUT_START
467 0 2905227972 LICK
467 0 2905228476 TIMEOUT_START
467 0 2905409400 LICK
467 0 2905409904 TIMEOUT_START
467 0 2905771040 LICK
467 0 2905771536 TIMEOUT_START
467 0 2905962884 LICK
467 0 2905963380 TIMEOUT_START
467 0 2906089792 RESP_END
467 0 2912963904 TIMEOUT_END
468 0 2915480516 STIM_START
468 0 2916479812 STIM_END_RESP_START
468 0 2917679844 RESP_END
469 1 2920216364 STIM_START
469 1 2920249360 LICK
469 1 2920410952 LICK
469 1 2920589144 LICK
469 1 2920955344 LICK
469 1 2921215660 STIM_END_RESP_START
469 1 2921298876 LICK
469 1 2921299380 REWARD_START
469 1 2921595524 LICK
469 1 2921745700 LICK
469 1 2922415672 RESP_END
469 1 2921329908 REWARD_END
470 0 2926390140 STIM_START
470 0 2927334784 LICK
470 0 2927389456 STIM_END_RESP_START
470 0 2927443852 LICK
470 0 2927444356 TIMEOUT_START
470 0 2927618420 LICK
470 0 2927618920 TIMEOUT_START
470 0 2927973784 LICK
470 0 2927974288 TIMEOUT_START
470 0 2928322620 LICK
470 0 2928323120 TIMEOUT_START
470 0 2928589492 RESP_END
470 0 2935323644 TIMEOUT_END
471 0 2937505528 STIM_START
471 0 2938504832 STIM_END_RESP_START
471 0 2938762184 LICK
471 0 2938762688 TIMEOUT_START
471 0 2938955360 LICK
471 0 2938955868 TIMEOUT_START
471 0 2939116228 LICK
471 0 2939116736 TIMEOUT_START
471 0 2939704848 RESP_END
471 0 2946117252 TIMEOUT_END
472 0 2948494012 STIM_START
472 0 2949475048 LICK
472 0 2949493304 STIM_END_RESP_START
472 0 2949663572 LICK
472 0 2949664076 TIMEOUT_START
472 0 2950095096 LICK
472 0 2950095596 TIMEOUT_START
472 0 2950253088 LICK
472 0 2950253592 TIMEOUT_START
472 0 2950443428 LICK
472 0 2950443924 TIMEOUT_START
472 0 2950582564 LICK
472 0 2950583060 TIMEOUT_START
472 0 2950693344 RESP_END
472 0 2957583572 TIMEOUT_END
473 1 2960017176 STIM_START
473 1 2960037684 LICK
473 1 2961016464 STIM_END_RESP_START
473 1 2962216484 RESP_END
474 1 2967995680 STIM_START
474 1 2968994984 STIM_END_RESP_START
474 1 2970195016 RESP_END
475 0 2972448700 STIM_START
475 0 2973447992 STIM_END_RESP_START
475 0 2974648024 RESP_END
476 0 2976887612 STIM_START
476 0 2977886908 STIM_END_RESP_START
476 0 2979086940 RESP_END
477 0 2981404540 STIM_START
477 0 2982403836 STIM_END_RESP_START
477 0 2983603864 RESP_END
478 1 2985917548 STIM_START
478 1 2986916840 STIM_END_RESP_START
478 1 2987334440 LICK
478 1 2987334944 REWARD_START
478 1 2987460988 LICK
478 1 2987593828 LICK
478 1 2987716404 LICK
478 1 2987846028 LICK
478 1 2988116872 RESP_END
478 1 2987365476 REWARD_END
479 1 2990906076 STIM_START
479 1 2991704636 LICK
479 1 2991884528 LICK
479 1 2991905376 STIM_END_RESP_START
479 1 2992047416 LICK
479 1 2992047912 REWARD_START
479 1 2992341612 LICK
479 1 2992488444 LICK
479 1 2992901652 LICK
479 1 2993105408 RESP_END
479 1 2992078444 REWARD_END
480 1 2995529940 STIM_START
480 1 2996529232 STIM_END_RESP_START
480 1 2997729260 RESP_END
481 0 3000047832 STIM_START
481 0 3001047128 STIM_END_RESP_START
481 0 3002247156 RESP_END
482 0 3004457832 STIM_START
482 0 3005457128 STIM_END_RESP_START
482 0 3006657160 RESP_END
483 0 3009048688 STIM_START
483 0 3010047980 STIM_END_RESP_START
483 0 3011248016 RESP_END
484 1 3013730484 STIM_START
484 1 3014729780 STIM_END_RESP_START
484 1 3015929808 RESP_END
485 0 3018278396 STIM_START
485 0 3019277692 STIM_END_RESP_START
485 0 3020477724 RESP_END
486 1 3023074160 STIM_START
486 1 3024073456 STIM_END_RESP_START
486 1 3025273488 RESP_END
487 1 3027603032 STIM_START
487 1 3028602328 STIM_END_RESP_START
487 1 3029802364 RESP_END
488 0 3032272860 STIM_START
488 0 3033272152 STIM_END_RESP_START
488 0 3034472188 RESP_END
489 0 3037030664 STIM_START
489 0 3038029960 STIM_END_RESP_START
489 0 3039229992 RESP_END
490 0 3041636472 STIM_START
490 0 3042635760 STIM_END_RESP_START
490 0 3043835788 RESP_END
491 1 3046360276 STIM_START
491 1 3047359572 STIM_END_RESP_START
491 1 3048559604 RESP_END
492 1 3050894164 STIM_START
492 1 3051893460 STIM_END_RESP_START
492 1 3053093492 RESP_END
USER_EXIT