001 0 0002535436 STIM_START
001 0 0002590872 LICK
001 0 0002769420 LICK
001 0 0003384312 LICK
001 0 0003535560 STIM_END_RESP_START
001 0 0003622960 LICK
001 0 0003623348 TIMEOUT_START
001 0 0003801992 LICK
001 0 0003802384 TIMEOUT_START
001 0 0003975600 LICK
001 0 0003975988 TIMEOUT_START
001 0 0004363096 LICK
001 0 0004363488 TIMEOUT_START
001 0 0004526840 LICK
001 0 0004527232 TIMEOUT_START
001 0 0004735572 RESP_END
001 0 0011527644 TIMEOUT_END
002 0 0013798004 STIM_START
002 0 0014176556 LICK
002 0 0014342688 LICK
002 0 0014551816 LICK
002 0 0014798136 STIM_END_RESP_START
002 0 0015069680 LICK
002 0 0015070116 TIMEOUT_START
002 0 0015241696 LICK
002 0 0015242132 TIMEOUT_START
002 0 0015998164 RESP_END
002 0 0022242584 TIMEOUT_END
003 1 0024625552 STIM_START
003 1 0025375216 LICK
003 1 0025525068 LICK
003 1 0025625680 STIM_END_RESP_START
003 1 0025770572 LICK
003 1 0025771016 REWARD_START
003 1 0025944648 LICK
003 1 0026110832 LICK
003 1 0026257188 LICK
003 1 0026405924 LICK
003 1 0026825704 RESP_END
003 1 0025781484 REWARD_END
004 1 0032983764 STIM_START
004 1 0033396420 LICK
004 1 0033611388 LICK
004 1 0033894328 LICK
004 1 0033983864 STIM_END_RESP_START
004 1 0034058968 LICK
004 1 0034059412 REWARD_START
004 1 0034249824 LICK
004 1 0034447672 LICK
004 1 0034587648 LICK
004 1 0034749108 LICK
004 1 0035183912 RESP_END
004 1 0034069880 REWARD_END
005 1 0037424376 STIM_START
005 1 0037493900 LICK
005 1 0037654272 LICK
005 1 0037886424 LICK
005 1 0038072408 LICK
005 1 0038424504 STIM_END_RESP_START
005 1 0038499048 LICK
005 1 0038499492 REWARD_START
005 1 0038671208 LICK
005 1 0038841400 LICK
005 1 0039007268 LICK
005 1 0039190196 LICK
005 1 0039624548 RESP_END
005 1 0038509964 REWARD_END
006 0 0041600972 STIM_START
006 0 0041738176 LICK
006 0 0041901252 LICK
006 0 0042078260 LICK
006 0 0042256536 LICK
006 0 0042424748 LICK
006 0 0042601104 STIM_END_RESP_START
006 0 0042627980 LICK
006 0 0042628420 TIMEOUT_START
006 0 0042788144 LICK
006 0 0042788576 TIMEOUT_START
006 0 0042961360 LICK
006 0 0042961796 TIMEOUT_START
006 0 0043177968 LICK
006 0 0043178408 TIMEOUT_START
006 0 0043576968 LICK
006 0 0043577408 TIMEOUT_START
006 0 0043755328 LICK
006 0 0043755768 TIMEOUT_START
006 0 0043801140 RESP_END
006 0 0050756220 TIMEOUT_END
007 1 0054000760 STIM_START
007 1 0054340836 LICK
007 1 0054531096 LICK
007 1 0055000884 STIM_END_RESP_START
007 1 0055450796 LICK
007 1 0055451232 REWARD_START
007 1 0055589952 LICK
007 1 0055760736 LICK
007 1 0055908184 LICK
007 1 0056080192 LICK
007 1 0056200900 RESP_END
007 1 0055461704 REWARD_END
008 1 0058389348 STIM_START
008 1 0059074988 LICK
008 1 0059249032 LICK
008 1 0059389480 STIM_END_RESP_START
008 1 0059445216 LICK
008 1 0059445660 REWARD_START
008 1 0059616064 LICK
008 1 0059777876 LICK
008 1 0059939020 LICK
008 1 0060589516 RESP_END
008 1 0059456128 REWARD_END
009 1 0062660968 STIM_START
009 1 0063102728 LICK
009 1 0063248340 LICK
009 1 0063597908 LICK
009 1 0063661088 STIM_END_RESP_START
009 1 0063776860 LICK
009 1 0063777296 REWARD_START
009 1 0063962928 LICK
009 1 0064116040 LICK
009 1 0064282340 LICK
009 1 0064467148 LICK
009 1 0064861128 RESP_END
009 1 0063787768 REWARD_END
010 0 0067051584 STIM_START
010 0 0067542076 LICK
010 0 0067664108 LICK
010 0 0067867428 LICK
010 0 0068041380 LICK
010 0 0068051688 STIM_END_RESP_START
010 0 0068177280 LICK
010 0 0068177716 TIMEOUT_START
010 0 0068403116 LICK
010 0 0068403560 TIMEOUT_START
010 0 0068538556 LICK
010 0 0068538992 TIMEOUT_START
010 0 0068725032 LICK
010 0 0068725472 TIMEOUT_START
010 0 0068903148 LICK
010 0 0068903584 TIMEOUT_START
010 0 0069118636 LICK
010 0 0069119080 TIMEOUT_START
010 0 0069251704 RESP_END
010 0 0076119532 TIMEOUT_END
011 0 0078097176 STIM_START
011 0 0078915176 LICK
011 0 0079055604 LICK
011 0 0079097304 STIM_END_RESP_START
011 0 0079247704 LICK
011 0 0079248140 TIMEOUT_START
011 0 0079427648 LICK
011 0 0079428084 TIMEOUT_START
011 0 0079773500 LICK
011 0 0079773944 TIMEOUT_START
011 0 0079967080 LICK
011 0 0079967524 TIMEOUT_START
011 0 0080297324 RESP_END
011 0 0086967980 TIMEOUT_END
012 0 0090789008 STIM_START
012 0 0091412096 LICK
012 0 0091565448 LICK
012 0 0091747292 LICK
012 0 0091789132 STIM_END_RESP_START
012 0 0091943092 LICK
012 0 0091943528 TIMEOUT_START
012 0 0092145928 LICK
012 0 0092146364 TIMEOUT_START
012 0 0092335608 LICK
012 0 0092336044 TIMEOUT_START
012 0 0092596020 LICK
012 0 0092596460 TIMEOUT_START
012 0 0092790416 LICK
012 0 0092790860 TIMEOUT_START
012 0 0092951764 LICK
012 0 0092952204 TIMEOUT_START
012 0 0092989144 RESP_END
012 0 0099952664 TIMEOUT_END
013 1 0101944588 STIM_START
013 1 0102728700 LICK
013 1 0102863256 LICK
013 1 0102944684 STIM_END_RESP_START
013 1 0103114888 LICK
013 1 0103115372 REWARD_START
013 1 0103278736 LICK
013 1 0103429660 LICK
013 1 0103560464 LICK
013 1 0104038976 LICK
013 1 0104144716 RESP_END
013 1 0103125888 REWARD_END
014 0 0106177192 STIM_START
014 0 0107177296 STIM_END_RESP_START
014 0 0107504412 LICK
014 0 0107504904 TIMEOUT_START
014 0 0107627036 LICK
014 0 0107627520 TIMEOUT_START
014 0 0107789788 LICK
014 0 0107790268 TIMEOUT_START
014 0 0107963904 LICK
014 0 0107964384 TIMEOUT_START
014 0 0108174168 LICK
014 0 0108174656 TIMEOUT_START
014 0 0108377328 RESP_END
014 0 0115175156 TIMEOUT_END
015 1 0117683832 STIM_START
015 1 0117694828 LICK
015 1 0118683932 STIM_END_RESP_START
015 1 0118743480 LICK
015 1 0118743964 REWARD_START
015 1 0119193072 LICK
015 1 0119313844 LICK
015 1 0119645704 LICK
015 1 0119883948 RESP_END
015 1 0118754488 REWARD_END
016 0 0130115604 STIM_START
016 0 0130915768 LICK
016 0 0131103372 LICK
016 0 0131115732 STIM_END_RESP_START
016 0 0131328140 LICK
016 0 0131328620 TIMEOUT_START
016 0 0131505404 LICK
016 0 0131505888 TIMEOUT_START
016 0 0132315768 RESP_END
016 0 0138506392 TIMEOUT_END
017 1 0140273048 STIM_START
017 1 0141261680 LICK
017 1 0141273188 STIM_END_RESP_START
017 1 0141438740 LICK
017 1 0141439232 REWARD_START
017 1 0141675176 LICK
017 1 0141934112 LICK
017 1 0142133244 LICK
017 1 0142473228 RESP_END
017 1 0141449752 REWARD_END
018 1 0144434692 STIM_START
018 1 0145434796 STIM_END_RESP_START
018 1 0145724316 LICK
018 1 0145724808 REWARD_START
018 1 0145877560 LICK
018 1 0146050976 LICK
018 1 0146175420 LICK
018 1 0014636412 LICK
018 1 0146634812 RESP_END
018 1 0145735324 REWARD_END
019 1 0148513256 STIM_START
019 1 0149513356 STIM_END_RESP_START
019 1 0149922280 LICK
019 1 0149922764 REWARD_START
019 1 0150104096 LICK
019 1 0150279312 LICK
019 1 0150451248 LICK
019 1 0150713388 RESP_END
019 1 0149933288 REWARD_END
020 0 0152895896 STIM_START
020 0 0153256724 LICK
020 0 0153439624 LICK
020 0 0153597216 LICK
020 0 0153802564 LICK
020 0 0153896004 STIM_END_RESP_START
020 0 0153984512 LICK
020 0 0153984996 TIMEOUT_START
020 0 0154156328 LICK
020 0 0154156812 TIMEOUT_START
020 0 0155096028 RESP_END
020 0 0161157328 TIMEOUT_END
021 0 0163288388 STIM_START
021 0 0164288504 STIM_END_RESP_START
021 0 0164470064 LICK
021 0 0164470544 TIMEOUT_START
021 0 0164661004 LICK
021 0 0164661488 TIMEOUT_START
021 0 0164842908 LICK
021 0 0164843392 TIMEOUT_START
021 0 0165488520 RESP_END
021 0 0171843892 TIMEOUT_END
022 0 0177285380 STIM_START
022 0 0178285476 STIM_END_RESP_START
022 0 0178385544 LICK
022 0 0178386036 TIMEOUT_START
022 0 0178604060 LICK
022 0 0178604544 TIMEOUT_START
022 0 0178795860 LICK
022 0 0178796340 TIMEOUT_START
022 0 0179485508 RESP_END
022 0 0185796844 TIMEOUT_END
023 1 0187672888 STIM_START
023 1 0188673020 STIM_END_RESP_START
023 1 0189444168 LICK
023 1 0189444652 REWARD_START
023 1 0189607964 LICK
023 1 0189873052 RESP_END
023 1 0189455168 REWARD_END
024 0 0192170548 STIM_START
024 0 0193170648 STIM_END_RESP_START
024 0 0194370688 RESP_END
025 1 0196325128 STIM_START
025 1 0197325232 STIM_END_RESP_START
025 1 0197953348 LICK
025 1 0197953836 REWARD_START
025 1 0198128972 LICK
025 1 0198455968 LICK
025 1 0198525280 RESP_END
025 1 0197964356 REWARD_END
026 1 0200623744 STIM_START
026 1 0201623848 STIM_END_RESP_START
026 1 0202254732 LICK
026 1 0202255216 REWARD_START
026 1 0202416600 LICK
026 1 0202611808 LICK
026 1 0202747684 LICK
026 1 0202823880 RESP_END
026 1 0202265740 REWARD_END
027 0 0210898236 STIM_START
027 0 0211898376 STIM_END_RESP_START
027 0 0213098408 RESP_END
028 1 0214929792 STIM_START
028 1 0215901916 LICK
028 1 0215929896 STIM_END_RESP_START
028 1 0216108020 LICK
028 1 0216108512 REWARD_START
028 1 0216239588 LICK
028 1 0216407812 LICK
028 1 0216568820 LICK
028 1 0217129908 RESP_END
028 1 0216119028 REWARD_END
029 0 0218950400 STIM_START
029 0 0219950504 STIM_END_RESP_START
029 0 0221150544 RESP_END
030 0 0223300996 STIM_START
030 0 0224301096 STIM_END_RESP_START
030 0 0224372488 LICK
030 0 0224372976 TIMEOUT_START
030 0 0224516656 LICK
030 0 0224517144 TIMEOUT_START
030 0 0224682272 LICK
030 0 0224682752 TIMEOUT_START
030 0 0224871656 LICK
030 0 0224872140 TIMEOUT_START
030 0 0225208332 LICK
030 0 0225208816 TIMEOUT_START
030 0 0225501120 RESP_END
030 0 0232209312 TIMEOUT_END
031 1 0234141576 STIM_START
031 1 0235141680 STIM_END_RESP_START
031 1 0236102804 LICK
031 1 0236103288 REWARD_START
031 1 0236264492 LICK
031 1 0236341724 RESP_END
031 1 0236113808 REWARD_END
032 0 0238809252 STIM_START
032 0 0239594892 LICK
032 0 0239782176 LICK
032 0 0239809360 STIM_END_RESP_START
032 0 0239939136 LICK
032 0 0239939628 TIMEOUT_START
032 0 0240134832 LICK
032 0 0240135320 TIMEOUT_START
032 0 0240320088 LICK
032 0 0240320576 TIMEOUT_START
032 0 0241009372 RESP_END
032 0 0247321084 TIMEOUT_END
033 0 0249568812 STIM_START
033 0 0250500444 LICK
033 0 0250568936 STIM_END_RESP_START
033 0 0250629020 LICK
033 0 0250629512 TIMEOUT_START
033 0 0250879332 LICK
033 0 0250879820 TIMEOUT_START
033 0 0251057892 LICK
033 0 0251058384 TIMEOUT_START
033 0 0251280904 LICK
033 0 0251281388 TIMEOUT_START
033 0 0251768968 RESP_END
033 0 0258281900 TIMEOUT_END
034 1 0260131304 STIM_START
034 1 0261131404 STIM_END_RESP_START
034 1 0262331444 RESP_END
035 1 0264449920 STIM_START
035 1 0265450020 STIM_END_RESP_START
035 1 0266650056 RESP_END
036 1 0268721532 STIM_START
036 1 0269721636 STIM_END_RESP_START
036 1 0270317156 LICK
036 1 0270317648 REWARD_START
036 1 0270508000 LICK
036 1 0270921680 RESP_END
036 1 0270328168 REWARD_END
037 0 0273663280 STIM_START
037 0 0274663416 STIM_END_RESP_START
037 0 0275863456 RESP_END
038 0 0277808872 STIM_START
038 0 0278794988 LICK
038 0 0278808980 STIM_END_RESP_START
038 0 0278952336 LICK
038 0 0278952820 TIMEOUT_START
038 0 0279144424 LICK
038 0 0279144916 TIMEOUT_START
038 0 0280009024 RESP_END
038 0 0286145424 TIMEOUT_END
039 1 0288253356 STIM_START
039 1 0289253460 STIM_END_RESP_START
039 1 0289806496 LICK
039 1 0289806980 REWARD_START
039 1 0289983688 LICK
039 1 0290294768 LICK
039 1 0290453500 RESP_END
039 1 0289817496 REWARD_END
040 0 0292558992 STIM_START
040 0 0293559092 STIM_END_RESP_START
040 0 0294759132 RESP_END
041 1 0296891616 STIM_START
041 1 0297891716 STIM_END_RESP_START
041 1 0298363612 LICK
041 1 0298364104 REWARD_START
041 1 0298522380 LICK
041 1 0298850052 LICK
041 1 0299091732 RESP_END
041 1 0298374624 REWARD_END
042 1 0301320256 STIM_START
042 1 0302320388 STIM_END_RESP_START
042 1 0303520428 RESP_END
043 0 0305642884 STIM_START
043 0 0306642988 STIM_END_RESP_START
043 0 0307031920 LICK
043 0 0307032412 TIMEOUT_START
043 0 0307244840 LICK
043 0 0307245328 TIMEOUT_START
043 0 0307385372 LICK
043 0 0307385856 TIMEOUT_START
043 0 0307843004 RESP_END
043 0 0314386352 TIMEOUT_END
044 0 0316467472 STIM_START
044 0 0317467608 STIM_END_RESP_START
044 0 0317794076 LICK
044 0 0317794564 TIMEOUT_START
044 0 0317988508 LICK
044 0 0317989000 TIMEOUT_START
044 0 0318179500 LICK
044 0 0318179988 TIMEOUT_START
044 0 0318354052 LICK
044 0 0318354544 TIMEOUT_START
044 0 0318667640 RESP_END
044 0 0325355048 TIMEOUT_END
045 1 0328019080 STIM_START
045 1 0329019212 STIM_END_RESP_START
045 1 0330219248 RESP_END
046 0 0332070668 STIM_START
046 0 0332319516 LICK
046 0 0332493312 LICK
046 0 0332698688 LICK
046 0 0332891708 LICK
046 0 0333070792 STIM_END_RESP_START
046 0 0334270832 RESP_END
047 0 0339038684 STIM_START
047 0 0340038788 STIM_END_RESP_START
047 0 0341238828 RESP_END
048 1 0343485312 STIM_START
048 1 0343967148 LICK
048 1 0344133568 LICK
048 1 0344319456 LICK
048 1 0344485420 STIM_END_RESP_START
048 1 0345004188 LICK
048 1 0345004672 REWARD_START
048 1 0345685440 RESP_END
048 1 0345015192 REWARD_END
049 1 0347640912 STIM_START
049 1 0348278700 LICK
049 1 0348588660 LICK
049 1 0348641032 STIM_END_RESP_START
049 1 0348754096 LICK
049 1 0348754580 REWARD_START
049 1 0349841056 RESP_END
049 1 0348765096 REWARD_END
050 0 0351797568 STIM_START
050 0 0352797712 STIM_END_RESP_START
050 0 0353513792 LICK
050 0 0353514276 TIMEOUT_START
050 0 0353959744 LICK
050 0 0353960236 TIMEOUT_START
050 0 0353997748 RESP_END
050 0 0360960740 TIMEOUT_END
051 1 0364947468 STIM_START
051 1 0365802376 LICK
051 1 0365947596 STIM_END_RESP_START
051 1 0365975080 LICK
051 1 0365975572 REWARD_START
051 1 0366203656 LICK
051 1 0366525536 LICK
051 1 0366713216 LICK
051 1 0367147616 RESP_END
051 1 0365986092 REWARD_END
052 0 0369071016 STIM_START
052 0 0370071120 STIM_END_RESP_START
052 0 0371271160 RESP_END
053 0 0373141580 STIM_START
053 0 0373258144 LICK
053 0 0373430040 LICK
053 0 0373594584 LICK
053 0 0373797520 LICK
053 0 0373977364 LICK
053 0 0374141708 STIM_END_RESP_START
053 0 0375341748 RESP_END
054 1 0377194180 STIM_START
054 1 0378194284 STIM_END_RESP_START
054 1 0378569156 LICK
054 1 0378569640 REWARD_START
054 1 0378804828 LICK
054 1 0379101108 LICK
054 1 0379293544 LICK
054 1 0379394300 RESP_END
054 1 0378580164 REWARD_END
055 0 0381278744 STIM_START
055 0 0382278848 STIM_END_RESP_START
055 0 0382746320 LICK
055 0 0382746808 TIMEOUT_START
055 0 0382943384 LICK
055 0 0382943868 TIMEOUT_START
055 0 0383110028 LICK
055 0 0383110520 TIMEOUT_START
055 0 0383342500 LICK
055 0 0383342992 TIMEOUT_START
055 0 0383478880 RESP_END
055 0 0390343500 TIMEOUT_END
056 1 0392231344 STIM_START
056 1 0392961720 LICK
056 1 0393180008 LICK
056 1 0393231448 STIM_END_RESP_START
056 1 0393379420 LICK
056 1 0393379912 REWARD_START
056 1 0393595368 LICK
056 1 0393760304 LICK
056 1 0393882696 LICK
056 1 0394081764 LICK
056 1 0394431468 RESP_END
056 1 0393390428 REWARD_END
057 0 0396337920 STIM_START
057 0 0397338024 STIM_END_RESP_START
057 0 0398538064 RESP_END
058 0 0400341492 STIM_START
058 0 0400953528 LICK
058 0 0401139268 LICK
058 0 0401334292 LICK
058 0 0401341620 STIM_END_RESP_START
058 0 0401543268 LICK
058 0 0401543752 TIMEOUT_START
058 0 0401755660 LICK
058 0 0401756144 TIMEOUT_START
058 0 0402541660 RESP_END
058 0 0408756648 TIMEOUT_END
059 0 0410729020 STIM_START
059 0 0411729120 STIM_END_RESP_START
059 0 0412177608 LICK
059 0 0412178092 TIMEOUT_START
059 0 0412375880 LICK
059 0 0412376372 TIMEOUT_START
059 0 0412568964 LICK
059 0 0412569448 TIMEOUT_START
059 0 0412929144 RESP_END
059 0 0419569952 TIMEOUT_END
060 1 0421521568 STIM_START
060 1 0422521664 STIM_END_RESP_START
060 1 0422796876 LICK
060 1 0422797364 REWARD_START
060 1 0422982720 LICK
060 1 0423302952 LICK
060 1 0423466912 LICK
060 1 0423721684 RESP_END
060 1 0422807880 REWARD_END
061 0 0426726332 STIM_START
061 0 0427561364 LICK
061 0 0427726448 STIM_END_RESP_START
061 0 0427743072 LICK
061 0 0427743564 TIMEOUT_START
061 0 0427975488 LICK
061 0 0427975980 TIMEOUT_START
061 0 0428130616 LICK
061 0 0428131100 TIMEOUT_START
061 0 0428926496 RESP_END
061 0 0435131616 TIMEOUT_END
062 0 0437092772 STIM_START
062 0 0438092876 STIM_END_RESP_START
062 0 0439292908 RESP_END
063 1 0441122400 STIM_START
063 1 0442122500 STIM_END_RESP_START
063 1 0442413208 LICK
063 1 0442413692 REWARD_START
063 1 0442610112 LICK
063 1 0442789072 LICK
063 1 0442912548 LICK
063 1 0443113028 LICK
063 1 0443254260 LICK
063 1 0443322520 RESP_END
063 1 0442424208 REWARD_END
064 0 0445256944 STIM_START
064 0 0446257080 STIM_END_RESP_START
064 0 0447457120 RESP_END
065 1 0449471584 STIM_START
065 1 0450471684 STIM_END_RESP_START
065 1 0451030504 LICK
065 1 0451030992 REWARD_START
065 1 0451203844 LICK
065 1 0451494812 LICK
065 1 0451671712 RESP_END
065 1 0451041516 REWARD_END
066 1 0453957200 STIM_START
066 1 0454957304 STIM_END_RESP_START
066 1 0455698860 LICK
066 1 0455699344 REWARD_START
066 1 0455857672 LICK
066 1 0456052400 LICK
066 1 0456157324 RESP_END
066 1 0455709868 REWARD_END
067 0 0458106796 STIM_START
067 0 0459093472 LICK
067 0 0459106912 STIM_END_RESP_START
067 0 0459281108 LICK
067 0 0459281600 TIMEOUT_START
067 0 0459500992 LICK
067 0 0459501476 TIMEOUT_START
067 0 0459669532 LICK
067 0 0459670016 TIMEOUT_START
067 0 0460306928 RESP_END
067 0 0466670516 TIMEOUT_END
068 1 0468625308 STIM_START
068 1 0469625412 STIM_END_RESP_START
068 1 0470352476 LICK
068 1 0470352968 REWARD_START
068 1 0470556792 LICK
068 1 0470825428 RESP_END
068 1 0470363488 REWARD_END
069 0 0472969948 STIM_START
069 0 0473970052 STIM_END_RESP_START
069 0 0475170092 RESP_END
070 1 0477001548 STIM_START
070 1 0478001652 STIM_END_RESP_START
070 1 0478802292 LICK
070 1 0478802776 REWARD_START
070 1 0478974164 LICK
070 1 0479131252 LICK
070 1 0479201692 RESP_END
070 1 0478813300 REWARD_END
071 1 0481178120 STIM_START
071 1 0482178224 STIM_END_RESP_START
071 1 0482540272 LICK
071 1 0482540764 REWARD_START
071 1 0482703872 LICK
071 1 0483048300 LICK
071 1 0483212512 LICK
071 1 0483378264 RESP_END
071 1 0482551284 REWARD_END
072 0 0485295736 STIM_START
072 0 0486295840 STIM_END_RESP_START
072 0 0487495884 RESP_END
073 0 0489476308 STIM_START
073 0 0490352700 LICK
073 0 0490476404 STIM_END_RESP_START
073 0 0490529348 LICK
073 0 0490529840 TIMEOUT_START
073 0 0490736936 LICK
073 0 0490737420 TIMEOUT_START
073 0 0490907284 LICK
073 0 0490907776 TIMEOUT_START
073 0 0491304896 LICK
073 0 0491305392 TIMEOUT_START
073 0 0491676424 RESP_END
073 0 0498305900 TIMEOUT_END
074 1 0500319920 STIM_START
074 1 0501320028 STIM_END_RESP_START
074 1 0502503436 LICK
074 1 0502503920 REWARD_START
074 1 0502520040 RESP_END
074 1 0502514440 REWARD_END
075 0 0504625492 STIM_START
075 0 0505625604 STIM_END_RESP_START
075 0 0506825636 RESP_END
076 0 0508626072 STIM_START
076 0 0509626168 STIM_END_RESP_START
076 0 0510826208 RESP_END
077 1 0512599656 STIM_START
077 1 0513599756 STIM_END_RESP_START
077 1 0513888320 LICK
077 1 0513888804 REWARD_START
077 1 0514334104 LICK
077 1 0514647552 LICK
077 1 0514799772 RESP_END
077 1 0513899320 REWARD_END
078 1 0516782260 STIM_START
078 1 0517782356 STIM_END_RESP_START
078 1 0518228896 LICK
078 1 0518229384 REWARD_START
078 1 0518399992 LICK
078 1 0518914716 LICK
078 1 0518982372 RESP_END
078 1 0518239904 REWARD_END
079 0 0521412908 STIM_START
079 0 0521633076 LICK
079 0 0521820692 LICK
079 0 0522057916 LICK
079 0 0522413044 STIM_END_RESP_START
079 0 0522420808 LICK
079 0 0522421296 TIMEOUT_START
079 0 0522628864 LICK
079 0 0522629356 TIMEOUT_START
079 0 0522817760 LICK
079 0 0522818244 TIMEOUT_START
079 0 0523613072 RESP_END
079 0 0529818760 TIMEOUT_END
080 1 0531758404 STIM_START
080 1 0532758500 STIM_END_RESP_START
080 1 0533958540 RESP_END
081 0 0536037040 STIM_START
081 0 0537037144 STIM_END_RESP_START
081 0 0538237184 RESP_END
082 1 0540146596 STIM_START
082 1 0541146700 STIM_END_RESP_START
082 1 0541544924 LICK
082 1 0541545408 REWARD_START
082 1 0541771028 LICK
082 1 0542067980 LICK
082 1 0542244924 LICK
082 1 0542346744 RESP_END
082 1 0541555932 REWARD_END
083 0 0544387208 STIM_START
083 0 0545387340 STIM_END_RESP_START
083 0 0546587376 RESP_END
084 1 0548468808 STIM_START
084 1 0549468904 STIM_END_RESP_START
084 1 0549932768 LICK
084 1 0549933260 REWARD_START
084 1 0550117416 LICK
084 1 0550419220 LICK
084 1 0550598044 LICK
084 1 0550668952 RESP_END
084 1 0549943780 REWARD_END
085 0 0552670424 STIM_START
085 0 0553670524 STIM_END_RESP_START
085 0 0554351288 LICK
085 0 0554351780 TIMEOUT_START
085 0 0554564776 LICK
085 0 0554565260 TIMEOUT_START
085 0 0554750296 LICK
085 0 0554750780 TIMEOUT_START
085 0 0554870564 RESP_END
085 0 0561751284 TIMEOUT_END
086 0 0563862004 STIM_START
086 0 0564862108 STIM_END_RESP_START
086 0 0566062148 RESP_END
087 0 0568142616 STIM_START
087 0 0569142720 STIM_END_RESP_START
087 0 0570342760 RESP_END
088 1 0573780452 STIM_START
088 1 0574780552 STIM_END_RESP_START
088 1 0575010672 LICK
088 1 0575011164 REWARD_START
088 1 0575174572 LICK
088 1 0575512064 LICK
088 1 0575678756 LICK
088 1 0575980576 RESP_END
088 1 0575021688 REWARD_END
089 1 0578217076 STIM_START
089 1 0579217172 STIM_END_RESP_START
089 1 0580417212 RESP_END
090 0 0582465696 STIM_START
090 0 0583465792 STIM_END_RESP_START
090 0 0584437784 LICK
090 0 0584438268 TIMEOUT_START
090 0 0584648200 LICK
090 0 0584648684 TIMEOUT_START
090 0 0584665828 RESP_END
090 0 0591649184 TIMEOUT_END
091 0 0593529284 STIM_START
091 0 0594529392 STIM_END_RESP_START
091 0 0595729432 RESP_END
092 1 0597604856 STIM_START
092 1 0598604960 STIM_END_RESP_START
092 1 0599229392 LICK
092 1 0599229888 REWARD_START
092 1 0599720128 LICK
092 1 0599805008 RESP_END
092 1 0599240408 REWARD_END
093 0 0601837468 STIM_START
093 0 0602837572 STIM_END_RESP_START
093 0 0604037612 RESP_END
094 1 0606151116 STIM_START
094 1 0607151220 STIM_END_RESP_START
094 1 0607588524 LICK
094 1 0607589012 REWARD_START
094 1 0607788632 LICK
094 1 0608083708 LICK
094 1 0608351264 RESP_END
094 1 0607599532 REWARD_END
095 1 0610246680 STIM_START
095 1 0611246780 STIM_END_RESP_START
095 1 0611310472 LICK
095 1 0611310968 REWARD_START
095 1 0611484600 LICK
095 1 0611670488 LICK
095 1 0611837180 LICK
095 1 0612446792 RESP_END
095 1 0611321488 REWARD_END
096 0 0614629360 STIM_START
096 0 0615629464 STIM_END_RESP_START
096 0 0616829504 RESP_END
097 0 0619017936 STIM_START
097 0 0620018040 STIM_END_RESP_START
097 0 0621218080 RESP_END
098 0 0623441580 STIM_START
098 0 0624441684 STIM_END_RESP_START
098 0 0625641724 RESP_END
099 1 0627572172 STIM_START
099 1 0628572276 STIM_END_RESP_START
099 1 0628714948 LICK
099 1 0628715436 REWARD_START
099 1 0628899020 LICK
099 1 0629071580 LICK
099 1 0629232676 LICK
099 1 0629772300 RESP_END
099 1 0628725964 REWARD_END
100 1 0631935788 STIM_START
100 1 0632935896 STIM_END_RESP_START
100 1 0634135936 RESP_END
101 1 0638639748 STIM_START
101 1 0639639856 STIM_END_RESP_START
101 1 0640420048 LICK
101 1 0640420532 REWARD_START
101 1 0640629016 LICK
101 1 0640839876 RESP_END
101 1 0640431048 REWARD_END
102 0 0643080424 STIM_START
102 0 0644080556 STIM_END_RESP_START
102 0 0645280596 RESP_END
103 1 0647222980 STIM_START
103 1 0648045096 LICK
103 1 0648223080 STIM_END_RESP_START
103 1 0648231288 LICK
103 1 0648231780 REWARD_START
103 1 0648444952 LICK
103 1 0648734352 LICK
103 1 0648927532 LICK
103 1 0649423104 RESP_END
103 1 0648242308 REWARD_END
104 0 0651258564 STIM_START
104 0 0652258672 STIM_END_RESP_START
104 0 0653458712 RESP_END
105 1 0655538192 STIM_START
105 1 0656538288 STIM_END_RESP_START
105 1 0656554384 LICK
105 1 0656554868 REWARD_START
105 1 0656773848 LICK
105 1 0657060088 LICK
105 1 0657248404 LICK
105 1 0657738332 RESP_END
105 1 0656565396 REWARD_END
106 0 0661951092 STIM_START
106 0 0662951196 STIM_END_RESP_START
106 0 0664151236 RESP_END
107 1 0666268720 STIM_START
107 1 0667256492 LICK
107 1 0667268828 STIM_END_RESP_START
107 1 0667484136 LICK
107 1 0667484628 REWARD_START
107 1 0667944268 LICK
107 1 0668268112 LICK
107 1 0668449384 LICK
107 1 0668468856 RESP_END
107 1 0667495148 REWARD_END
108 0 0670423348 STIM_START
108 0 0671423452 STIM_END_RESP_START
108 0 0672623492 RESP_END
109 0 0674556908 STIM_START
109 0 0675338596 LICK
109 0 0675530540 LICK
109 0 0675557020 STIM_END_RESP_START
109 0 0675717944 LICK
109 0 0675718436 TIMEOUT_START
109 0 0675899364 LICK
109 0 0675899852 TIMEOUT_START
109 0 0676757052 RESP_END
109 0 0682900356 TIMEOUT_END
110 1 0687346744 STIM_START
110 1 0688346840 STIM_END_RESP_START
110 1 0689546880 RESP_END
111 1 0691537340 STIM_START
111 1 0692537444 STIM_END_RESP_START
111 1 0692848752 LICK
111 1 0692849236 REWARD_START
111 1 0693001616 LICK
111 1 0693301320 LICK
111 1 0693498924 LICK
111 1 0693652508 LICK
111 1 0693737500 RESP_END
111 1 0692859756 REWARD_END
112 0 0695915004 STIM_START
112 0 0696915108 STIM_END_RESP_START
112 0 0698115148 RESP_END
113 0 0699908552 STIM_START
113 0 0700908656 STIM_END_RESP_START
113 0 0702108692 RESP_END
114 0 0703993204 STIM_START
114 0 0704993312 STIM_END_RESP_START
114 0 0706193344 RESP_END
115 1 0708148764 STIM_START
115 1 0709148868 STIM_END_RESP_START
115 1 0710348908 RESP_END
116 1 0712343372 STIM_START
116 1 0713343476 STIM_END_RESP_START
116 1 0714543516 RESP_END
117 0 0716492952 STIM_START
117 0 0717493048 STIM_END_RESP_START
117 0 0718693088 RESP_END
118 0 0720593536 STIM_START
118 0 0721593640 STIM_END_RESP_START
118 0 0722793680 RESP_END
119 0 0724558120 STIM_START
119 0 0725558220 STIM_END_RESP_START
119 0 0726758260 RESP_END
120 1 0731041032 STIM_START
120 1 0732041132 STIM_END_RESP_START
120 1 0733241172 RESP_END
121 0 0735304632 STIM_START
121 0 0736304740 STIM_END_RESP_START
121 0 0737504776 RESP_END
122 1 0739277248 STIM_START
122 1 0740277352 STIM_END_RESP_START
122 1 0741477392 RESP_END
123 1 0743443816 STIM_START
123 1 0744443956 STIM_END_RESP_START
123 1 0745643992 RESP_END
124 1 0747606416 STIM_START
124 1 0748606520 STIM_END_RESP_START
124 1 0749806552 RESP_END
125 0 0751548972 STIM_START
125 0 0752549080 STIM_END_RESP_START
125 0 0753370920 LICK
125 0 0753371416 TIMEOUT_START
125 0 0753543688 LICK
125 0 0753544172 TIMEOUT_START
125 0 0753749096 RESP_END
125 0 0760544688 TIMEOUT_END
126 1 0763131624 STIM_START
126 1 0764131732 STIM_END_RESP_START
126 1 0764276172 LICK
126 1 0764276660 REWARD_START
126 1 0764449124 LICK
126 1 0764748492 LICK
126 1 0765045480 LICK
126 1 0765331760 RESP_END
126 1 0764287188 REWARD_END
127 1 0767223240 STIM_START
127 1 0768223344 STIM_END_RESP_START
127 1 0768759696 LICK
127 1 0768760188 REWARD_START
127 1 0768897232 LICK
127 1 0769054876 LICK
127 1 0769218988 LICK
127 1 0769423368 RESP_END
127 1 0768770708 REWARD_END
128 0 0771348816 STIM_START
128 0 0772348912 STIM_END_RESP_START
128 0 0773548952 RESP_END
129 0 0775415400 STIM_START
129 0 0776415504 STIM_END_RESP_START
129 0 0777615548 RESP_END
130 1 0779411976 STIM_START
130 1 0780412080 STIM_END_RESP_START
130 1 0781273796 LICK
130 1 0781274292 REWARD_START
130 1 0781448520 LICK
130 1 0781612112 RESP_END
130 1 0781284808 REWARD_END
131 1 0784177644 STIM_START
131 1 0784954640 LICK
131 1 0785074180 LICK
131 1 0785177744 STIM_END_RESP_START
131 1 0785287948 LICK
131 1 0785288440 REWARD_START
131 1 0785478376 LICK
131 1 0785658604 LICK
131 1 0785839284 LICK
131 1 0786377768 RESP_END
131 1 0785298960 REWARD_END
132 0 0788255248 STIM_START
132 0 0789255352 STIM_END_RESP_START
132 0 0790036064 LICK
132 0 0790036556 TIMEOUT_START
132 0 0790184204 LICK
132 0 0790184688 TIMEOUT_START
132 0 0790370836 LICK
132 0 0790371320 TIMEOUT_START
132 0 0790455400 RESP_END
132 0 0797371836 TIMEOUT_END
133 0 0799579844 STIM_START
133 0 0800579948 STIM_END_RESP_START
133 0 0801779988 RESP_END
134 1 0803728476 STIM_START
134 1 0804728612 STIM_END_RESP_START
134 1 0805664148 LICK
134 1 0805664632 REWARD_START
134 1 0805839436 LICK
134 1 0805928640 RESP_END
134 1 0805675160 REWARD_END
135 1 0808238104 STIM_START
135 1 0809238200 STIM_END_RESP_START
135 1 0809564268 LICK
135 1 0809564756 REWARD_START
135 1 0809745824 LICK
135 1 0809903856 LICK
135 1 0810048560 LICK
135 1 0810209972 LICK
135 1 0810438244 RESP_END
135 1 0809575276 REWARD_END
136 0 0814832068 STIM_START
136 0 0815832172 STIM_END_RESP_START
136 0 0817032216 RESP_END
137 0 0819153660 STIM_START
137 0 0820153768 STIM_END_RESP_START
137 0 0821353804 RESP_END
138 1 0823172244 STIM_START
138 1 0824162804 LICK
138 1 0824172344 STIM_END_RESP_START
138 1 0824347928 LICK
138 1 0824348416 REWARD_START
138 1 0824507956 LICK
138 1 0824680112 LICK
138 1 0824815136 LICK
138 1 0825372360 RESP_END
138 1 0824358940 REWARD_END
139 1 0827440844 STIM_START
139 1 0827909256 LICK
139 1 0828085332 LICK
139 1 0828263248 LICK
139 1 0828440980 STIM_END_RESP_START
139 1 0828451972 LICK
139 1 0828452464 REWARD_START
139 1 0828678196 LICK
139 1 0828950260 LICK
139 1 0829139104 LICK
139 1 0829641020 RESP_END
139 1 0828462984 REWARD_END
140 1 0831516440 STIM_START
140 1 0832397564 LICK
140 1 0832516564 STIM_END_RESP_START
140 1 0832556132 LICK
140 1 0832556616 REWARD_START
140 1 0832774556 LICK
140 1 0832946472 LICK
140 1 0833090748 LICK
140 1 0833716584 RESP_END
140 1 0832567136 REWARD_END
141 0 0835485004 STIM_START
141 0 0836485100 STIM_END_RESP_START
141 0 0836925852 LICK
141 0 0836926336 TIMEOUT_START
141 0 0837134196 LICK
141 0 0837134688 TIMEOUT_START
141 0 0837286028 LICK
141 0 0837286512 TIMEOUT_START
141 0 0837499588 LICK
141 0 0837500080 TIMEOUT_START
141 0 0837673468 LICK
141 0 0837673952 TIMEOUT_START
141 0 0837685124 RESP_END
141 0 0844674452 TIMEOUT_END
142 1 0846885640 STIM_START
142 1 0847821136 LICK
142 1 0847885756 STIM_END_RESP_START
142 1 0847978064 LICK
142 1 0847978556 REWARD_START
142 1 0848238072 LICK
142 1 0848501548 LICK
142 1 0848680904 LICK
142 1 0849085804 RESP_END
142 1 0847989076 REWARD_END
143 1 0851037240 STIM_START
143 1 0852037336 STIM_END_RESP_START
143 1 0852178496 LICK
143 1 0852178984 REWARD_START
143 1 0852368420 LICK
143 1 0852545724 LICK
143 1 0852672040 LICK
143 1 0852840624 LICK
143 1 0853237372 RESP_END
143 1 0852189500 REWARD_END
144 1 0855736908 STIM_START
144 1 0856737012 STIM_END_RESP_START
144 1 0857098968 LICK
144 1 0857099460 REWARD_START
144 1 0857250992 LICK
144 1 0857389572 LICK
144 1 0857546664 LICK
144 1 0857727292 LICK
144 1 0857937028 RESP_END
144 1 0857109980 REWARD_END
145 0 0860131532 STIM_START
145 0 0860291852 LICK
145 0 0860482304 LICK
145 0 0860637316 LICK
145 0 0860999268 LICK
145 0 0861131636 STIM_END_RESP_START
145 0 0861193756 LICK
145 0 0861194248 TIMEOUT_START
145 0 0861423796 LICK
145 0 0861424280 TIMEOUT_START
145 0 0861567228 LICK
145 0 0861567712 TIMEOUT_START
145 0 0862331664 RESP_END
145 0 0868568224 TIMEOUT_END
146 0 0870587040 STIM_START
146 0 0871587144 STIM_END_RESP_START
146 0 0871987356 LICK
146 0 0871987840 TIMEOUT_START
146 0 0872148284 LICK
146 0 0872148768 TIMEOUT_START
146 0 0872363076 LICK
146 0 0872363560 TIMEOUT_START
146 0 0872539612 LICK
146 0 0872540096 TIMEOUT_START
146 0 0872713380 LICK
146 0 0872713864 TIMEOUT_START
146 0 0872787168 RESP_END
146 0 0879714380 TIMEOUT_END
147 0 0881590616 STIM_START
147 0 0882590712 STIM_END_RESP_START
147 0 0883790752 RESP_END
148 1 0885898232 STIM_START
148 1 0886898336 STIM_END_RESP_START
148 1 0888098376 RESP_END
149 1 0889975800 STIM_START
149 1 0890975904 STIM_END_RESP_START
149 1 0891157404 LICK
149 1 0891157900 REWARD_START
149 1 0891323140 LICK
149 1 0891511908 LICK
149 1 0891629992 LICK
149 1 0891784332 LICK
149 1 0891935948 LICK
149 1 0892175924 RESP_END
149 1 0891168420 REWARD_END
150 0 0894327424 STIM_START
150 0 0895327528 STIM_END_RESP_START
150 0 0896527572 RESP_END
151 1 0898491056 STIM_START
151 1 0899491160 STIM_END_RESP_START
151 1 0899541648 LICK
151 1 0899542140 REWARD_START
151 1 0899701552 LICK
151 1 0900008688 LICK
151 1 0900163740 LICK
151 1 0900691184 RESP_END
151 1 0899552660 REWARD_END
152 0 0902719684 STIM_START
152 0 0903719784 STIM_END_RESP_START
152 0 0904919824 RESP_END
153 1 0906991284 STIM_START
153 1 0907991388 STIM_END_RESP_START
153 1 0909191432 RESP_END
154 1 0911397896 STIM_START
154 1 0912397992 STIM_END_RESP_START
154 1 0913598032 RESP_END
155 0 0915720492 STIM_START
155 0 0916720588 STIM_END_RESP_START
155 0 0917920632 RESP_END
156 0 0920034100 STIM_START
156 0 0921034204 STIM_END_RESP_START
156 0 0922234248 RESP_END
157 0 0924102696 STIM_START
157 0 0925050424 LICK
157 0 0925102800 STIM_END_RESP_START
157 0 0925218988 LICK
157 0 0925219476 TIMEOUT_START
157 0 0925379780 LICK
157 0 0925380264 TIMEOUT_START
157 0 0925546960 LICK
157 0 0925547444 TIMEOUT_START
157 0 0925749044 LICK
157 0 0925749532 TIMEOUT_START
157 0 0925909648 LICK
157 0 0925910136 TIMEOUT_START
157 0 0926302840 RESP_END
157 0 0932910640 TIMEOUT_END
158 1 0936912540 STIM_START
158 1 0937518100 LICK
158 1 0937739736 LICK
158 1 0937912636 STIM_END_RESP_START
158 1 0937957304 LICK
158 1 0937957796 REWARD_START
158 1 0938128248 LICK
158 1 0938293424 LICK
158 1 0938441080 LICK
158 1 0939112672 RESP_END
158 1 0937968320 REWARD_END
159 0 0941049124 STIM_START
159 0 0942049224 STIM_END_RESP_START
159 0 0943249268 RESP_END
160 0 0945096700 STIM_START
160 0 0946096804 STIM_END_RESP_START
160 0 0947296844 RESP_END
161 1 0949353316 STIM_START
161 1 0949607468 LICK
161 1 0949753332 LICK
161 1 0949893256 LICK
161 1 0950085092 LICK
161 1 0950292944 LICK
161 1 0950353412 STIM_END_RESP_START
161 1 0950445460 LICK
161 1 0950445948 REWARD_START
161 1 0950616908 LICK
161 1 0950817812 LICK
161 1 0950953024 LICK
161 1 0951553444 RESP_END
161 1 0950456472 REWARD_END
162 0 0953580932 STIM_START
162 0 0954581036 STIM_END_RESP_START
162 0 0955781072 RESP_END
163 0 0959302756 STIM_START
163 0 0960302856 STIM_END_RESP_START
163 0 0961502900 RESP_END
164 1 0963306324 STIM_START
164 1 0964306428 STIM_END_RESP_START
164 1 0965506468 RESP_END
165 1 0967611928 STIM_START
165 1 0968432844 LICK
165 1 0968607300 LICK
165 1 0968612060 STIM_END_RESP_START
165 1 0968802560 LICK
165 1 0968803048 REWARD_START
165 1 0968956072 LICK
165 1 0969277708 LICK
165 1 0969457200 LICK
165 1 0969812088 RESP_END
165 1 0968813564 REWARD_END
166 0 0973785812 STIM_START
166 0 0974785916 STIM_END_RESP_START
166 0 0975985960 RESP_END
167 0 0978128452 STIM_START
167 0 0979128556 STIM_END_RESP_START
167 0 0980328600 RESP_END
168 0 0982160048 STIM_START
168 0 0983160156 STIM_END_RESP_START
168 0 0984360196 RESP_END
169 1 0986537652 STIM_START
169 1 0987537756 STIM_END_RESP_START
169 1 0987625852 LICK
169 1 0987626340 REWARD_START
169 1 0987818864 LICK
169 1 0988095844 LICK
169 1 0988268472 LICK
169 1 0988416208 LICK
169 1 0988737788 RESP_END
169 1 0987636868 REWARD_END
170 1 0990729256 STIM_START
170 1 0991326256 LICK
170 1 0991492416 LICK
170 1 0991677648 LICK
170 1 0991729356 STIM_END_RESP_START
170 1 0991883604 LICK
170 1 0991884092 REWARD_START
170 1 0992046936 LICK
170 1 0992220364 LICK
170 1 0992356592 LICK
170 1 0992929392 RESP_END
170 1 0991894620 REWARD_END
171 0 0994895852 STIM_START
171 0 0995360804 LICK
171 0 0995523620 LICK
171 0 0995711192 LICK
171 0 0995892132 LICK
171 0 0995895948 STIM_END_RESP_START
171 0 0995954800 LICK
171 0 0995955284 TIMEOUT_START
171 0 0996094120 LICK
171 0 0996094608 TIMEOUT_START
171 0 0997095968 RESP_END
171 0 1003095124 TIMEOUT_END
172 0 1004872284 STIM_START
172 0 1005872404 STIM_END_RESP_START
172 0 1006253932 LICK
172 0 1006254472 TIMEOUT_START
172 0 1006448772 LICK
172 0 1006449304 TIMEOUT_START
172 0 1006660584 LICK
172 0 1006661120 TIMEOUT_START
172 0 1007072416 RESP_END
172 0 1013661680 TIMEOUT_END
173 0 1015604836 STIM_START
173 0 1016604956 STIM_END_RESP_START
173 0 1017804976 RESP_END
174 1 1019778452 STIM_START
174 1 1020778572 STIM_END_RESP_START
174 1 1020820220 LICK
174 1 1020820760 REWARD_START
174 1 1020999732 LICK
174 1 1021313828 LICK
174 1 1021439944 LICK
174 1 1021607908 LICK
174 1 1021978592 RESP_END
174 1 1020831328 REWARD_END
175 0 1024236060 STIM_START
175 0 1024817676 LICK
175 0 1024957236 LICK
175 0 1025155048 LICK
175 0 1025236160 STIM_END_RESP_START
175 0 1025334904 LICK
175 0 1025335440 TIMEOUT_START
175 0 1025489032 LICK
175 0 1025489564 TIMEOUT_START
175 0 1025707016 LICK
175 0 1025707548 TIMEOUT_START
175 0 1026436176 RESP_END
175 0 1032708108 TIMEOUT_END
176 1 1034605528 STIM_START
176 1 1035605648 STIM_END_RESP_START
176 1 1035828204 LICK
176 1 1035828740 REWARD_START
176 1 1036076476 LICK
176 1 1036192552 LICK
176 1 1036359768 LICK
176 1 1036805680 RESP_END
176 1 1035839324 REWARD_END
177 1 1038867180 STIM_START
177 1 1039867300 STIM_END_RESP_START
177 1 1040016004 LICK
177 1 1040016540 REWARD_START
177 1 1040211996 LICK
177 1 1040367708 LICK
177 1 1040529168 LICK
177 1 1041067340 RESP_END
177 1 1040027108 REWARD_END
178 0 1043122760 STIM_START
178 0 1044122880 STIM_END_RESP_START
178 0 1045322900 RESP_END
179 0 1047339348 STIM_START
179 0 1047887000 LICK
179 0 1048059372 LICK
179 0 1048231416 LICK
179 0 1048339476 STIM_END_RESP_START
179 0 1048410816 LICK
179 0 1048411356 TIMEOUT_START
179 0 1048593564 LICK
179 0 1048594092 TIMEOUT_START
179 0 1048795328 LICK
179 0 1048795856 TIMEOUT_START
179 0 1049539508 RESP_END
179 0 1055796420 TIMEOUT_END
180 0 1057744856 STIM_START
180 0 1058744976 STIM_END_RESP_START
180 0 1058891088 LICK
180 0 1058891620 TIMEOUT_START
180 0 1059093916 LICK
180 0 1059094448 TIMEOUT_START
180 0 1059944988 RESP_END
180 0 1066095004 TIMEOUT_END
181 1 1067974332 STIM_START
181 1 1068974452 STIM_END_RESP_START
181 1 1069277820 LICK
181 1 1069278356 REWARD_START
181 1 1069465128 LICK
181 1 1069749408 LICK
181 1 1069899096 LICK
181 1 1070174500 RESP_END
181 1 1069288924 REWARD_END
182 0 1071957912 STIM_START
182 0 1072916692 LICK
182 0 1072958028 STIM_END_RESP_START
182 0 1073085664 LICK
182 0 1073086196 TIMEOUT_START
182 0 1073263504 LICK
182 0 1073264040 TIMEOUT_START
182 0 1073453944 LICK
182 0 1073454480 TIMEOUT_START
182 0 1073634276 LICK
182 0 1073634812 TIMEOUT_START
182 0 1074158064 RESP_END
182 0 1080635384 TIMEOUT_END
183 0 1082575404 STIM_START
183 0 1083575520 STIM_END_RESP_START
183 0 1083832168 LICK
183 0 1083832704 TIMEOUT_START
183 0 1083988032 LICK
183 0 1083988564 TIMEOUT_START
183 0 1084196204 LICK
183 0 1084196732 TIMEOUT_START
183 0 1084371100 LICK
183 0 1084371632 TIMEOUT_START
183 0 1084775552 RESP_END
183 0 1091372200 TIMEOUT_END
184 0 1093174976 STIM_START
184 0 1094175092 STIM_END_RESP_START
184 0 1095375112 RESP_END
185 1 1097199504 STIM_START
185 1 1098199628 STIM_END_RESP_START
185 1 1099399644 RESP_END
186 1 1101264088 STIM_START
186 1 1102264200 STIM_END_RESP_START
186 1 1102462880 LICK
186 1 1102463420 REWARD_START
186 1 1102632484 LICK
186 1 1102929932 LICK
186 1 1103099020 LICK
186 1 1103464248 RESP_END
186 1 1102473988 REWARD_END
187 0 1105638696 STIM_START
187 0 1106638808 STIM_END_RESP_START
187 0 1107838828 RESP_END
188 0 1110071380 STIM_START
188 0 1111071496 STIM_END_RESP_START
188 0 1112271516 RESP_END
189 0 1114260968 STIM_START
189 0 1115261084 STIM_END_RESP_START
189 0 1116461104 RESP_END
190 1 1118605560 STIM_START
190 1 1119605676 STIM_END_RESP_START
190 1 1119820628 LICK
190 1 1119821172 REWARD_START
190 1 1119964332 LICK
190 1 1120244916 LICK
190 1 1120418524 LICK
190 1 1120805720 RESP_END
190 1 1119831740 REWARD_END
191 1 1122879196 STIM_START
191 1 1123794784 LICK
191 1 1123879292 STIM_END_RESP_START
191 1 1123949896 LICK
191 1 1123950428 REWARD_START
191 1 1124112196 LICK
191 1 1124387800 LICK
191 1 1124547164 LICK
191 1 1125079328 RESP_END
191 1 1123961000 REWARD_END
192 0 1126875764 STIM_START
192 0 1127254384 LICK
192 0 1127429244 LICK
192 0 1127566832 LICK
192 0 1127765680 LICK
192 0 1127875872 STIM_END_RESP_START
192 0 1128110908 LICK
192 0 1128111448 TIMEOUT_START
192 0 1128284300 LICK
192 0 1128284832 TIMEOUT_START
192 0 1128508916 LICK
192 0 1128509452 TIMEOUT_START
192 0 1129075904 RESP_END
192 0 1135510012 TIMEOUT_END
193 0 1137637288 STIM_START
193 0 1138637408 STIM_END_RESP_START
193 0 1139837432 RESP_END
194 1 1141679884 STIM_START
194 1 1142625552 LICK
194 1 1142680008 STIM_END_RESP_START
194 1 1142774832 LICK
194 1 1142775368 REWARD_START
194 1 1142980520 LICK
194 1 1143138536 LICK
194 1 1143290532 LICK
194 1 1143880040 RESP_END
194 1 1142785952 REWARD_END
195 1 1146053508 STIM_START
195 1 1146932152 LICK
195 1 1147053624 STIM_END_RESP_START
195 1 1147090036 LICK
195 1 1147090568 REWARD_START
195 1 1147298444 LICK
195 1 1147434196 LICK
195 1 1147572992 LICK
195 1 1148253672 RESP_END
195 1 1147101152 REWARD_END
196 0 1150323100 STIM_START
196 0 1151323220 STIM_END_RESP_START
196 0 1151499140 LICK
196 0 1151499676 TIMEOUT_START
196 0 1151671388 LICK
196 0 1151671924 TIMEOUT_START
196 0 1151825272 LICK
196 0 1151825808 TIMEOUT_START
196 0 1152014868 LICK
196 0 1152015404 TIMEOUT_START
196 0 1152177172 LICK
196 0 1152177704 TIMEOUT_START
196 0 1152523252 RESP_END
196 0 1159178264 TIMEOUT_END
197 1 1161011700 STIM_START
197 1 1162011816 STIM_END_RESP_START
197 1 1162133536 LICK
197 1 1162134072 REWARD_START
197 1 1162274640 LICK
197 1 1162454160 LICK
197 1 1162605824 LICK
197 1 1162766592 LICK
197 1 1163211860 RESP_END
197 1 1162144656 REWARD_END
198 0 1165210260 STIM_START
198 0 1165574232 LICK
198 0 1165729484 LICK
198 0 1165911624 LICK
198 0 1166118868 LICK
198 0 1166210356 STIM_END_RESP_START
198 0 1166277188 LICK
198 0 1166277728 TIMEOUT_START
198 0 1166470096 LICK
198 0 1166470632 TIMEOUT_START
198 0 1167410376 RESP_END
198 0 1173471196 TIMEOUT_END
199 0 1175526740 STIM_START
199 0 1176422068 LICK
199 0 1176526844 STIM_END_RESP_START
199 0 1176579600 LICK
199 0 1176580136 TIMEOUT_START
199 0 1176807088 LICK
199 0 1176807628 TIMEOUT_START
199 0 1176977844 LICK
199 0 1176978376 TIMEOUT_START
199 0 1177186576 LICK
199 0 1177187112 TIMEOUT_START
199 0 1177726864 RESP_END
199 0 1184187684 TIMEOUT_END
200 1 1186001216 STIM_START
200 1 1187001332 STIM_END_RESP_START
200 1 1187273624 LICK
200 1 1187274164 REWARD_START
200 1 1187410320 LICK
200 1 1187562624 LICK
200 1 1187719068 LICK
200 1 1187871116 LICK
200 1 1188201344 RESP_END
200 1 1187284732 REWARD_END
201 0 1189949768 STIM_START
201 0 1190919504 LICK
201 0 1190949896 STIM_END_RESP_START
201 0 1191058772 LICK
201 0 1191059304 TIMEOUT_START
201 0 1191255644 LICK
201 0 1191256184 TIMEOUT_START
201 0 1192149932 RESP_END
201 0 1198256740 TIMEOUT_END
202 0 1200022216 STIM_START
202 0 1201022324 STIM_END_RESP_START
202 0 1201023540 LICK
202 0 1201024080 TIMEOUT_START
202 0 1201216928 LICK
202 0 1201217460 TIMEOUT_START
202 0 1201404892 LICK
202 0 1201405432 TIMEOUT_START
202 0 1201566304 LICK
202 0 1201566844 TIMEOUT_START
202 0 1201769096 LICK
202 0 1201769632 TIMEOUT_START
202 0 1202222372 RESP_END
202 0 1208770188 TIMEOUT_END
203 0 1210637764 STIM_START
203 0 1211637884 STIM_END_RESP_START
203 0 1212837904 RESP_END
204 1 1214874340 STIM_START
204 1 1215874460 STIM_END_RESP_START
204 1 1217074480 RESP_END
205 0 1218871912 STIM_START
205 0 1219872032 STIM_END_RESP_START
205 0 1221072052 RESP_END
206 0 1223142528 STIM_START
206 0 1224142644 STIM_END_RESP_START
206 0 1225342664 RESP_END
207 1 1227215108 STIM_START
207 1 1228215224 STIM_END_RESP_START
207 1 1228421092 LICK
207 1 1228421632 REWARD_START
207 1 1228604536 LICK
207 1 1228907960 LICK
207 1 1229063232 LICK
207 1 1229201908 LICK
207 1 1229415272 RESP_END
207 1 1228432220 REWARD_END
208 0 1231289696 STIM_START
208 0 1232289816 STIM_END_RESP_START
208 0 1233489864 RESP_END
209 0 1235368280 STIM_START
209 0 1236368400 STIM_END_RESP_START
209 0 1236646444 LICK
209 0 1236646980 TIMEOUT_START
209 0 1236813588 LICK
209 0 1236814128 TIMEOUT_START
209 0 1237000220 LICK
209 0 1237000752 TIMEOUT_START
209 0 1237568428 RESP_END
209 0 1244001324 TIMEOUT_END
210 0 1246107824 STIM_START
210 0 1247075344 LICK
210 0 1247107940 STIM_END_RESP_START
210 0 1247247100 LICK
210 0 1247247640 TIMEOUT_START
210 0 1247445620 LICK
210 0 1247446156 TIMEOUT_START
210 0 1247602132 LICK
210 0 1247602664 TIMEOUT_START
210 0 1248307960 RESP_END
210 0 1254603236 TIMEOUT_END
211 1 1256463324 STIM_START
211 1 1257463444 STIM_END_RESP_START
211 1 1258663468 RESP_END
212 1 1260424864 STIM_START
212 1 1261424984 STIM_END_RESP_START
212 1 1261498620 LICK
212 1 1261499152 REWARD_START
212 1 1261661400 LICK
212 1 1261837836 LICK
212 1 1261965532 LICK
212 1 1262625004 RESP_END
212 1 1261509728 REWARD_END
213 1 1264606484 STIM_START
213 1 1265549848 LICK
213 1 1265606600 STIM_END_RESP_START
213 1 1265739748 LICK
213 1 1265740288 REWARD_START
213 1 1265895452 LICK
213 1 1266048300 LICK
213 1 1266219884 LICK
213 1 1266806616 RESP_END
213 1 1265750856 REWARD_END
214 0 1271734512 STIM_START
214 0 1272734628 STIM_END_RESP_START
214 0 1273002152 LICK
214 0 1273002684 TIMEOUT_START
214 0 1273167852 LICK
214 0 1273168388 TIMEOUT_START
214 0 1273357260 LICK
214 0 1273357800 TIMEOUT_START
214 0 1273934648 RESP_END
214 0 1280358364 TIMEOUT_END
215 1 1282406020 STIM_START
215 1 1283406140 STIM_END_RESP_START
215 1 1284606160 RESP_END
216 1 1287338756 STIM_START
216 1 1288291072 LICK
216 1 1288338864 STIM_END_RESP_START
216 1 1288469132 LICK
216 1 1288469668 REWARD_START
216 1 1288655828 LICK
216 1 1288832032 LICK
216 1 1289009032 LICK
216 1 1289538908 RESP_END
216 1 1288480236 REWARD_END
217 0 1291492308 STIM_START
217 0 1292492428 STIM_END_RESP_START
217 0 1293692448 RESP_END
218 1 1295624900 STIM_START
218 1 1296625020 STIM_END_RESP_START
218 1 1296678544 LICK
218 1 1296679080 REWARD_START
218 1 1296873260 LICK
218 1 1297040444 LICK
218 1 1297188436 LICK
218 1 1297825044 RESP_END
218 1 1296689644 REWARD_END
219 1 1299679488 STIM_START
219 1 1300679600 STIM_END_RESP_START
219 1 1300911096 LICK
219 1 1300911636 REWARD_START
219 1 1301105604 LICK
219 1 1301392576 LICK
219 1 1301574924 LICK
219 1 1301879640 RESP_END
219 1 1300922220 REWARD_END
220 1 1304007116 STIM_START
220 1 1304060712 LICK
220 1 1304547948 LICK
220 1 1304700692 LICK
220 1 1304951964 LICK
220 1 1305007244 STIM_END_RESP_START
220 1 1305105060 LICK
220 1 1305105600 REWARD_START
220 1 1305299900 LICK
220 1 1305609980 LICK
220 1 1305783024 LICK
220 1 1306207276 RESP_END
220 1 1305116164 REWARD_END
221 0 1314788636 STIM_START
221 0 1315788748 STIM_END_RESP_START
221 0 1316988768 RESP_END
222 0 1318998224 STIM_START
222 0 1319998336 STIM_END_RESP_START
222 0 1321198356 RESP_END
223 1 1323198840 STIM_START
223 1 1324198960 STIM_END_RESP_START
223 1 1325398972 RESP_END
224 0 1327178396 STIM_START
224 0 1328178516 STIM_END_RESP_START
224 0 1329378536 RESP_END
225 0 1331313004 STIM_START
225 0 1332313124 STIM_END_RESP_START
225 0 1333513132 RESP_END
226 1 1335440592 STIM_START
226 1 1336440704 STIM_END_RESP_START
226 1 1336663376 LICK
226 1 1336663908 REWARD_START
226 1 1336867384 LICK
226 1 1337147772 LICK
226 1 1337473200 LICK
226 1 1337640724 RESP_END
226 1 1336674480 REWARD_END
227 0 1339860208 STIM_START
227 0 1340860324 STIM_END_RESP_START
227 0 1342060344 RESP_END
228 0 1344305880 STIM_START
228 0 1345030152 LICK
228 0 1345241216 LICK
228 0 1345306008 STIM_END_RESP_START
228 0 1345474504 LICK
228 0 1345475040 TIMEOUT_START
228 0 1345672064 LICK
228 0 1345672600 TIMEOUT_START
228 0 1345814404 LICK
228 0 1345814940 TIMEOUT_START
228 0 1346506032 RESP_END
228 0 1352815488 TIMEOUT_END
229 0 1355049384 STIM_START
229 0 1356004876 LICK
229 0 1356049508 STIM_END_RESP_START
229 0 1356164696 LICK
229 0 1356165236 TIMEOUT_START
229 0 1356392716 LICK
229 0 1356393248 TIMEOUT_START
229 0 1356876144 LICK
229 0 1356876676 TIMEOUT_START
229 0 1357068096 LICK
229 0 1357068632 TIMEOUT_START
229 0 1357244268 LICK
229 0 1357244808 TIMEOUT_START
229 0 1357249556 RESP_END
229 0 1364245368 TIMEOUT_END
230 1 1366026952 STIM_START
230 1 1367027076 STIM_END_RESP_START
230 1 1367740720 LICK
230 1 1367741252 REWARD_START
230 1 1367924556 LICK
230 1 1368113544 LICK
230 1 1368227116 RESP_END
230 1 1367751824 REWARD_END
231 0 1370274600 STIM_START
231 0 1371274720 STIM_END_RESP_START
231 0 1372474736 RESP_END
232 0 1374459152 STIM_START
232 0 1375459264 STIM_END_RESP_START
232 0 1375521480 LICK
232 0 1375522016 TIMEOUT_START
232 0 1375676220 LICK
232 0 1375676760 TIMEOUT_START
232 0 1375848396 LICK
232 0 1375848932 TIMEOUT_START
232 0 1376248452 LICK
232 0 1376248992 TIMEOUT_START
232 0 1376421096 LICK
232 0 1376421628 TIMEOUT_START
232 0 1376626304 LICK
232 0 1376626840 TIMEOUT_START
232 0 1376659300 RESP_END
232 0 1383627392 TIMEOUT_END
233 0 1385870796 STIM_START
233 0 1386870920 STIM_END_RESP_START
233 0 1388070936 RESP_END
234 1 1389902360 STIM_START
234 1 1390902480 STIM_END_RESP_START
234 1 1392102496 RESP_END
235 0 1394164960 STIM_START
235 0 1395165072 STIM_END_RESP_START
235 0 1395169768 LICK
235 0 1395170316 TIMEOUT_START
235 0 1395383292 LICK
235 0 1395383828 TIMEOUT_START
235 0 1395590412 LICK
235 0 1395590944 TIMEOUT_START
235 0 1395771756 LICK
235 0 1395772288 TIMEOUT_START
235 0 1396365112 RESP_END
235 0 1402772848 TIMEOUT_END
236 1 1404742476 STIM_START
236 1 1405742596 STIM_END_RESP_START
236 1 1406459100 LICK
236 1 1406459636 REWARD_START
236 1 1406680376 LICK
236 1 1406829000 LICK
236 1 1406942612 RESP_END
236 1 1406470208 REWARD_END
237 0 1408895060 STIM_START
237 0 1409829048 LICK
237 0 1409895156 STIM_END_RESP_START
237 0 1410043092 LICK
237 0 1410043624 TIMEOUT_START
237 0 1410199896 LICK
237 0 1410200428 TIMEOUT_START
237 0 1410382432 LICK
237 0 1410382968 TIMEOUT_START
237 0 1411095180 RESP_END
237 0 1417383520 TIMEOUT_END
238 1 1419403556 STIM_START
238 1 1420403668 STIM_END_RESP_START
238 1 1421119700 LICK
238 1 1421120232 REWARD_START
238 1 1421300232 LICK
238 1 1421599596 LICK
238 1 1421603696 RESP_END
238 1 1421130804 REWARD_END
239 1 1423632160 STIM_START
239 1 1424632284 STIM_END_RESP_START
239 1 1425139728 LICK
239 1 1425140260 REWARD_START
239 1 1425304496 LICK
239 1 1425494960 LICK
239 1 1425633544 LICK
239 1 1425832300 RESP_END
239 1 1425150848 REWARD_END
240 0 1427833772 STIM_START
240 0 1428630780 LICK
240 0 1428809844 LICK
240 0 1428833876 STIM_END_RESP_START
240 0 1429004648 LICK
240 0 1429005180 TIMEOUT_START
240 0 1429189444 LICK
240 0 1429189984 TIMEOUT_START
240 0 1430033912 RESP_END
240 0 1436190536 TIMEOUT_END
241 1 1445451256 STIM_START
241 1 1446433092 LICK
241 1 1446451372 STIM_END_RESP_START
241 1 1446817312 LICK
241 1 1446817848 REWARD_START
241 1 1447651384 RESP_END
241 1 1446828412 REWARD_END
242 0 1449859876 STIM_START
242 0 1450859996 STIM_END_RESP_START
242 0 1452060016 RESP_END
243 0 1455602704 STIM_START
243 0 1456602820 STIM_END_RESP_START
243 0 1457802836 RESP_END
244 1 1460051320 STIM_START
244 1 1460971204 LICK
244 1 1461051448 STIM_END_RESP_START
244 1 1461169596 LICK
244 1 1461170128 REWARD_START
244 1 1461346276 LICK
244 1 1461665456 LICK
244 1 1462251496 RESP_END
244 1 1461180700 REWARD_END
245 0 1464087884 STIM_START
245 0 1465088000 STIM_END_RESP_START
245 0 1466078996 LICK
245 0 1466079532 TIMEOUT_START
245 0 1466278392 LICK
245 0 1466278932 TIMEOUT_START
245 0 1466288036 RESP_END
245 0 1473279492 TIMEOUT_END
246 0 1475078440 STIM_START
246 0 1476078556 STIM_END_RESP_START
246 0 1476513684 LICK
246 0 1476514224 TIMEOUT_START
246 0 1476694292 LICK
246 0 1476694820 TIMEOUT_START
246 0 1476878272 LICK
246 0 1476878808 TIMEOUT_START
246 0 1477278592 RESP_END
246 0 1483879360 TIMEOUT_END
247 0 1485740960 STIM_START
247 0 1486741080 STIM_END_RESP_START
247 0 1487127076 LICK
247 0 1487127616 TIMEOUT_START
247 0 1487305332 LICK
247 0 1487305872 TIMEOUT_START
247 0 1487502448 LICK
247 0 1487502980 TIMEOUT_START
247 0 1487729564 LICK
247 0 1487730100 TIMEOUT_START
247 0 1487941096 RESP_END
247 0 1494730648 TIMEOUT_END
248 1 1496882520 STIM_START
248 1 1497882640 STIM_END_RESP_START
248 1 1497900560 LICK
248 1 1497901100 REWARD_START
248 1 1498343932 LICK
248 1 1498659916 LICK
248 1 1499082680 RESP_END
248 1 1497911668 REWARD_END
249 0 1501302164 STIM_START
249 0 1502302284 STIM_END_RESP_START
249 0 1502538072 LICK
249 0 1502538604 TIMEOUT_START
249 0 1502721156 LICK
249 0 1502721688 TIMEOUT_START
249 0 1502904344 LICK
249 0 1502904876 TIMEOUT_START
249 0 1503502332 RESP_END
249 0 1509905444 TIMEOUT_END
250 1 1512040668 STIM_START
250 1 1512950796 LICK
250 1 1513040784 STIM_END_RESP_START
250 1 1513122560 LICK
250 1 1513123096 REWARD_START
250 1 1513719532 LICK
250 1 1513903140 LICK
250 1 1514240804 RESP_END
250 1 1513133664 REWARD_END
251 0 1516368340 STIM_START
251 0 1517368460 STIM_END_RESP_START
251 0 1517981144 LICK
251 0 1517981676 TIMEOUT_START
251 0 1518375996 LICK
251 0 1518376532 TIMEOUT_START
251 0 1518568516 RESP_END
251 0 1525377096 TIMEOUT_END
252 1 1527290852 STIM_START
252 1 1528290972 STIM_END_RESP_START
252 1 1528847272 LICK
252 1 1528847812 REWARD_START
252 1 1529049896 LICK
252 1 1529228524 LICK
252 1 1529406740 LICK
252 1 1529491008 RESP_END
252 1 1528858380 REWARD_END
253 0 1531373420 STIM_START
253 0 1532373540 STIM_END_RESP_START
253 0 1532735332 LICK
253 0 1532735872 TIMEOUT_START
253 0 1532951196 LICK
253 0 1532951736 TIMEOUT_START
253 0 1533111348 LICK
253 0 1533111884 TIMEOUT_START
253 0 1533573576 RESP_END
253 0 1540112452 TIMEOUT_END
254 1 1547795712 STIM_START
254 1 1548795828 STIM_END_RESP_START
254 1 1549995848 RESP_END
255 1 1555282748 STIM_START
255 1 1556282868 STIM_END_RESP_START
255 1 1557482888 RESP_END
256 0 1561066576 STIM_START
256 0 1562066692 STIM_END_RESP_START
256 0 1563266712 RESP_END
257 0 1565417168 STIM_START
257 0 1565455152 LICK
257 0 1566417296 STIM_END_RESP_START
257 0 1567617316 RESP_END
258 1 1577345804 STIM_START
258 1 1578345924 STIM_END_RESP_START
258 1 1578421448 LICK
258 1 1578421980 REWARD_START
258 1 1578590696 LICK
258 1 1578926120 LICK
258 1 1579545960 RESP_END
258 1 1578432552 REWARD_END
259 1 1581443376 STIM_START
259 1 1582443492 STIM_END_RESP_START
259 1 1582597144 LICK
259 1 1582597676 REWARD_START
259 1 1582750288 LICK
259 1 1582936900 LICK
259 1 1583113640 LICK
259 1 1583643528 RESP_END
259 1 1582608264 REWARD_END
260 0 1585861020 STIM_START
260 0 1586861140 STIM_END_RESP_START
260 0 1588061156 RESP_END
261 0 1590192628 STIM_START
261 0 1591192748 STIM_END_RESP_START
261 0 1591370172 LICK
261 0 1591370704 TIMEOUT_START
261 0 1591548008 LICK
261 0 1591548544 TIMEOUT_START
261 0 1591703052 LICK
261 0 1591703592 TIMEOUT_START
261 0 1591901832 LICK
261 0 1591902372 TIMEOUT_START
261 0 1592392772 RESP_END
261 0 1598902928 TIMEOUT_END
262 1 1602924392 STIM_START
262 1 1603924512 STIM_END_RESP_START
262 1 1605124532 RESP_END
263 0 1607263044 STIM_START
263 0 1608263164 STIM_END_RESP_START
263 0 1609463184 RESP_END
264 0 1611283568 STIM_START
264 0 1612283680 STIM_END_RESP_START
264 0 1613483700 RESP_END
265 1 1615683240 STIM_START
265 1 1616683356 STIM_END_RESP_START
265 1 1617883380 RESP_END
266 1 1619878792 STIM_START
266 1 1620878912 STIM_END_RESP_START
266 1 1622078932 RESP_END
267 1 1624103368 STIM_START
267 1 1625103488 STIM_END_RESP_START
267 1 1626303512 RESP_END
268 0 1628175952 STIM_START
268 0 1629176068 STIM_END_RESP_START
268 0 1630376092 RESP_END
269 0 1638060340 STIM_START
269 0 1638817236 LICK
269 0 1639011320 LICK
269 0 1639060456 STIM_END_RESP_START
269 0 1640260472 RESP_END
270 0 1642188904 STIM_START
270 0 1643111420 LICK
270 0 1643189004 STIM_END_RESP_START
270 0 1643273088 LICK
270 0 1643273624 TIMEOUT_START
270 0 1643468560 LICK
270 0 1643469100 TIMEOUT_START
270 0 1644389024 RESP_END
270 0 1650469652 TIMEOUT_END
271 1 1653607484 STIM_START
271 1 1654576312 LICK
271 1 1654607604 STIM_END_RESP_START
271 1 1654757488 LICK
271 1 1654758024 REWARD_START
271 1 1654996136 LICK
271 1 1655142532 LICK
271 1 1655276076 LICK
271 1 1655448140 LICK
271 1 1655807616 RESP_END
271 1 1654768608 REWARD_END
272 1 1657903092 STIM_START
272 1 1658700508 LICK
272 1 1658880372 LICK
272 1 1658903192 STIM_END_RESP_START
272 1 1659077552 LICK
272 1 1659078088 REWARD_START
272 1 1659283164 LICK
272 1 1659454444 LICK
272 1 1659600004 LICK
272 1 1659772320 LICK
272 1 1660103220 RESP_END
272 1 1659088656 REWARD_END
273 0 1661855636 STIM_START
273 0 1662855760 STIM_END_RESP_START
273 0 1664055780 RESP_END
274 0 1666113236 STIM_START
274 0 1666898260 LICK
274 0 1667077892 LICK
274 0 1667113340 STIM_END_RESP_START
274 0 1667247412 LICK
274 0 1667247940 TIMEOUT_START
274 0 1668313352 RESP_END
274 0 1674248508 TIMEOUT_END
275 1 1676226676 STIM_START
275 1 1677226792 STIM_END_RESP_START
275 1 1678426812 RESP_END
276 1 1680318252 STIM_START
276 1 1681318372 STIM_END_RESP_START
276 1 1682518392 RESP_END
277 0 1684680848 STIM_START
277 0 1685680960 STIM_END_RESP_START
277 0 1686880980 RESP_END
278 0 1690718692 STIM_START
278 0 1691718812 STIM_END_RESP_START
278 0 1692918832 RESP_END
279 0 1694914284 STIM_START
279 0 1695914400 STIM_END_RESP_START
279 0 1696114020 LICK
279 0 1696114548 TIMEOUT_START
279 0 1696266464 LICK
279 0 1696266996 TIMEOUT_START
279 0 1696484208 LICK
279 0 1696484744 TIMEOUT_START
279 0 1697114424 RESP_END
279 0 1703485300 TIMEOUT_END
280 1 1705717816 STIM_START
280 1 1706717924 STIM_END_RESP_START
280 1 1707298756 LICK
280 1 1707299292 REWARD_START
280 1 1707540664 LICK
280 1 1707803336 LICK
280 1 1707917964 RESP_END
280 1 1707309856 REWARD_END
281 1 1709742372 STIM_START
281 1 1710742484 STIM_END_RESP_START
281 1 1711042864 LICK
281 1 1711043396 REWARD_START
281 1 1711281424 LICK
281 1 1711456620 LICK
281 1 1711607128 LICK
281 1 1711942516 RESP_END
281 1 1711053968 REWARD_END
282 1 1714006980 STIM_START
282 1 1715007100 STIM_END_RESP_START
282 1 1715265576 LICK
282 1 1715266108 REWARD_START
282 1 1715472080 LICK
282 1 1715644664 LICK
282 1 1715781692 LICK
282 1 1715956396 LICK
282 1 1716207140 RESP_END
282 1 1715276688 REWARD_END
283 0 1718207560 STIM_START
283 0 1718380816 LICK
283 0 1718580692 LICK
283 0 1718791788 LICK
283 0 1718964620 LICK
283 0 1719207676 STIM_END_RESP_START
283 0 1720407696 RESP_END
284 1 1722202140 STIM_START
284 1 1723202252 STIM_END_RESP_START
284 1 1724098876 LICK
284 1 1724099408 REWARD_START
284 1 1724317964 LICK
284 1 1724402268 RESP_END
284 1 1724109976 REWARD_END
285 1 1727094836 STIM_START
285 1 1728050448 LICK
285 1 1728094936 STIM_END_RESP_START
285 1 1728196664 LICK
285 1 1728197196 REWARD_START
285 1 1728380132 LICK
285 1 1728676252 LICK
285 1 1728867100 LICK
285 1 1729294984 RESP_END
285 1 1728207780 REWARD_END
286 1 1731395396 STIM_START
286 1 1731503896 LICK
286 1 1731906676 LICK
286 1 1732092304 LICK
286 1 1732395488 STIM_END_RESP_START
286 1 1732627392 LICK
286 1 1732627932 REWARD_START
286 1 1732830828 LICK
286 1 1732990824 LICK
286 1 1733163888 LICK
286 1 1733595536 RESP_END
286 1 1732638496 REWARD_END
287 0 1735611984 STIM_START
287 0 1736612108 STIM_END_RESP_START
287 0 1737812128 RESP_END
288 0 1739982620 STIM_START
288 0 1740982740 STIM_END_RESP_START
288 0 1741659988 LICK
288 0 1741660524 TIMEOUT_START
288 0 1741836904 LICK
288 0 1741837440 TIMEOUT_START
288 0 1742011760 LICK
288 0 1742012288 TIMEOUT_START
288 0 1742182772 RESP_END
288 0 1749012852 TIMEOUT_END
289 1 1750779124 STIM_START
289 1 1751779240 STIM_END_RESP_START
289 1 1752194132 LICK
289 1 1752194668 REWARD_START
289 1 1752344016 LICK
289 1 1752531936 LICK
289 1 1752675548 LICK
289 1 1752821040 LICK
289 1 1752979252 RESP_END
289 1 1752205252 REWARD_END
290 0 1755108732 STIM_START
290 0 1756108852 STIM_END_RESP_START
290 0 1756128804 LICK
290 0 1756129340 TIMEOUT_START
290 0 1756357668 LICK
290 0 1756358204 TIMEOUT_START
290 0 1756545808 LICK
290 0 1756546348 TIMEOUT_START
290 0 1757308884 RESP_END
290 0 1763546912 TIMEOUT_END
291 0 1765616204 STIM_START
291 0 1766616324 STIM_END_RESP_START
291 0 1767816344 RESP_END
292 1 1769936788 STIM_START
292 1 1770936908 STIM_END_RESP_START
292 1 1772136928 RESP_END
293 1 1774221388 STIM_START
293 1 1775221504 STIM_END_RESP_START
293 1 1775703812 LICK
293 1 1775704352 REWARD_START
293 1 1775959988 LICK
293 1 1776210828 LICK
293 1 1776368804 LICK
293 1 1776421520 RESP_END
293 1 1775714920 REWARD_END
294 0 1778294952 STIM_START
294 0 1779295068 STIM_END_RESP_START
294 0 1780495088 RESP_END
295 1 1782307520 STIM_START
295 1 1783099852 LICK
295 1 1783304092 LICK
295 1 1783307624 STIM_END_RESP_START
295 1 1783472176 LICK
295 1 1783472708 REWARD_START
295 1 1783711636 LICK
295 1 1783871896 LICK
295 1 1784162144 LICK
295 1 1784337848 LICK
295 1 1784507668 RESP_END
295 1 1783483276 REWARD_END
296 0 1786498100 STIM_START
296 0 1787498212 STIM_END_RESP_START
296 0 1788698232 RESP_END
297 0 1790523664 STIM_START
297 0 1791523780 STIM_END_RESP_START
297 0 1792540428 LICK
297 0 1792540964 TIMEOUT_START
297 0 1792723808 RESP_END
297 0 1799541516 TIMEOUT_END
298 1 1801552216 STIM_START
298 1 1802552336 STIM_END_RESP_START
298 1 1803752348 RESP_END
299 1 1805607784 STIM_START
299 1 1806607904 STIM_END_RESP_START
299 1 1807751284 LICK
299 1 1807751816 REWARD_START
299 1 1807807948 RESP_END
299 1 1807762400 REWARD_END
300 0 1810728528 STIM_START
300 0 1811568860 LICK
300 0 1811728652 STIM_END_RESP_START
300 0 1811761416 LICK
300 0 1811761948 TIMEOUT_START
300 0 1811963320 LICK
300 0 1811963852 TIMEOUT_START
300 0 1812200144 LICK
300 0 1812200680 TIMEOUT_START
300 0 1812374952 LICK
300 0 1812375488 TIMEOUT_START
300 0 1812928668 RESP_END
300 0 1819376056 TIMEOUT_END
301 1 1822223096 STIM_START
301 1 1823223220 STIM_END_RESP_START
301 1 1824423240 RESP_END
302 1 1826545704 STIM_START
302 1 1827545820 STIM_END_RESP_START
302 1 1828745840 RESP_END
303 0 1830940332 STIM_START
303 0 1831940456 STIM_END_RESP_START
303 0 1833140476 RESP_END
304 1 1835397964 STIM_START
304 1 1836398084 STIM_END_RESP_START
304 1 1837152320 LICK
304 1 1837152852 REWARD_START
304 1 1837350348 LICK
304 1 1837598112 RESP_END
304 1 1837163420 REWARD_END
305 1 1839893576 STIM_START
305 1 1840396204 LICK
305 1 1840586220 LICK
305 1 1840802920 LICK
305 1 1840893692 STIM_END_RESP_START
305 1 1841424884 LICK
305 1 1841425420 REWARD_START
305 1 1841595444 LICK
305 1 1841761184 LICK
305 1 1841915668 LICK
305 1 1842093736 RESP_END
305 1 1841435988 REWARD_END
306 0 1844312192 STIM_START
306 0 1845312304 STIM_END_RESP_START
306 0 1846512320 RESP_END
307 0 1848402784 STIM_START
307 0 1849402904 STIM_END_RESP_START
307 0 1849423372 LICK
307 0 1849423908 TIMEOUT_START
307 0 1849592208 LICK
307 0 1849592740 TIMEOUT_START
307 0 1849815204 LICK
307 0 1849815736 TIMEOUT_START
307 0 1850602912 RESP_END
307 0 1856816296 TIMEOUT_END
308 1 1858693196 STIM_START
308 1 1859693308 STIM_END_RESP_START
308 1 1859993148 LICK
308 1 1859993688 REWARD_START
308 1 1860180440 LICK
308 1 1860497828 LICK
308 1 1860641092 LICK
308 1 1860893344 RESP_END
308 1 1860004256 REWARD_END
309 1 1863028812 STIM_START
309 1 1864028924 STIM_END_RESP_START
309 1 1864816736 LICK
309 1 1864817268 REWARD_START
309 1 1864992884 LICK
309 1 1865180612 LICK
309 1 1865228968 RESP_END
309 1 1864827836 REWARD_END
310 1 1867377420 STIM_START
310 1 1868377540 STIM_END_RESP_START
310 1 1868882676 LICK
310 1 1868883216 REWARD_START
310 1 1869154136 LICK
310 1 1869436952 LICK
310 1 1869577568 RESP_END
310 1 1868893776 REWARD_END
311 0 1871511024 STIM_START
311 0 1872511148 STIM_END_RESP_START
311 0 1872700344 LICK
311 0 1872700880 TIMEOUT_START
311 0 1872917160 LICK
311 0 1872917700 TIMEOUT_START
311 0 1873113912 LICK
311 0 1873114452 TIMEOUT_START
311 0 1873272572 LICK
311 0 1873273112 TIMEOUT_START
311 0 1873711172 RESP_END
311 0 1880273668 TIMEOUT_END
312 1 1882044484 STIM_START
312 1 1883044600 STIM_END_RESP_START
312 1 1883492668 LICK
312 1 1883493204 REWARD_START
312 1 1883658964 LICK
312 1 1883963168 LICK
312 1 1884134244 LICK
312 1 1884244640 RESP_END
312 1 1883503776 REWARD_END
313 1 1886328092 STIM_START
313 1 1887165832 LICK
313 1 1887328220 STIM_END_RESP_START
313 1 1887384700 LICK
313 1 1887385236 REWARD_START
313 1 1887626480 LICK
313 1 1887913444 LICK
313 1 1888075084 LICK
313 1 1888275052 LICK
313 1 1888528248 RESP_END
313 1 1887395824 REWARD_END
314 0 1890552668 STIM_START
314 0 1891552788 STIM_END_RESP_START
314 0 1892752804 RESP_END
315 0 1894957284 STIM_START
315 0 1895957400 STIM_END_RESP_START
315 0 1897157420 RESP_END
316 1 1899126872 STIM_START
316 1 1900126984 STIM_END_RESP_START
316 1 1900852456 LICK
316 1 1900852988 REWARD_START
316 1 1900999588 LICK
316 1 1901192356 LICK
316 1 1901326576 LICK
316 1 1901327128 RESP_END
316 1 1900863556 REWARD_END
317 0 1903332444 STIM_START
317 0 1903865328 LICK
317 0 1904062164 LICK
317 0 1904284628 LICK
317 0 1904332572 STIM_END_RESP_START
317 0 1905079072 LICK
317 0 1905079612 TIMEOUT_START
317 0 1905259428 LICK
317 0 1905259968 TIMEOUT_START
317 0 1905474892 LICK
317 0 1905475424 TIMEOUT_START
317 0 1905532588 RESP_END
317 0 1912475984 TIMEOUT_END
318 0 1914238996 STIM_START
318 0 1915239112 STIM_END_RESP_START
318 0 1915645580 LICK
318 0 1915646120 TIMEOUT_START
318 0 1915848372 LICK
318 0 1915848908 TIMEOUT_START
318 0 1916073332 LICK
318 0 1916073864 TIMEOUT_START
318 0 1916439128 RESP_END
318 0 1923074432 TIMEOUT_END
319 1 1925605556 STIM_START
319 1 1926605672 STIM_END_RESP_START
319 1 1927042296 LICK
319 1 1927042828 REWARD_START
319 1 1927266384 LICK
319 1 1927430816 LICK
319 1 1927590028 LICK
319 1 1927805688 RESP_END
319 1 1927053400 REWARD_END
320 0 1929605124 STIM_START
320 0 1930605236 STIM_END_RESP_START
320 0 1931605184 LICK
320 0 1931605716 TIMEOUT_START
320 0 1931805272 RESP_END
320 0 1938606276 TIMEOUT_END
321 0 1940611684 STIM_START
321 0 1941521424 LICK
321 0 1941611772 STIM_END_RESP_START
321 0 1941709932 LICK
321 0 1941710464 TIMEOUT_START
321 0 1941934168 LICK
321 0 1941934700 TIMEOUT_START
321 0 1942113328 LICK
321 0 1942113864 TIMEOUT_START
321 0 1942510796 LICK
321 0 1942511328 TIMEOUT_START
321 0 1942811792 RESP_END
321 0 1949511888 TIMEOUT_END
322 0 1951392192 STIM_START
322 0 1952392312 STIM_END_RESP_START
322 0 1953592332 RESP_END
323 1 1955422780 STIM_START
323 1 1956079864 LICK
323 1 1956227168 LICK
323 1 1956422868 STIM_END_RESP_START
323 1 1956450628 LICK
323 1 1956451160 REWARD_START
323 1 1956660216 LICK
323 1 1956812496 LICK
323 1 1957009712 LICK
323 1 1957622892 RESP_END
323 1 1956461736 REWARD_END
324 0 1959570312 STIM_START
324 0 1960570436 STIM_END_RESP_START
324 0 1960897500 LICK
324 0 1960898040 TIMEOUT_START
324 0 1961110088 LICK
324 0 1961110624 TIMEOUT_START
324 0 1961301756 LICK
324 0 1961302296 TIMEOUT_START
324 0 1961770468 RESP_END
324 0 1968302848 TIMEOUT_END
325 1 1970294900 STIM_START
325 1 1971295016 STIM_END_RESP_START
325 1 1971661512 LICK
325 1 1971662052 REWARD_START
325 1 1971874284 LICK
325 1 1972069544 LICK
325 1 1972195836 LICK
325 1 1972495032 RESP_END
325 1 1971672616 REWARD_END
326 0 1974628444 STIM_START
326 0 1975628556 STIM_END_RESP_START
326 0 1976828576 RESP_END
327 1 1980372288 STIM_START
327 1 1981372404 STIM_END_RESP_START
327 1 1981823708 LICK
327 1 1981824248 REWARD_START
327 1 1981989936 LICK
327 1 1982175092 LICK
327 1 1982472260 LICK
327 1 1982572440 RESP_END
327 1 1981834812 REWARD_END
328 0 1984653840 STIM_START
328 0 1985653960 STIM_END_RESP_START
328 0 1986853984 RESP_END
329 0 1988825432 STIM_START
329 0 1989825552 STIM_END_RESP_START
329 0 1991025568 RESP_END
330 1 1993992152 STIM_START
330 1 1994992272 STIM_END_RESP_START
330 1 1995115812 LICK
330 1 1995116344 REWARD_START
330 1 1995323368 LICK
330 1 1995486004 LICK
330 1 1995645192 LICK
330 1 1996192288 RESP_END
330 1 1995126920 REWARD_END
331 0 1998011728 STIM_START
331 0 1999011852 STIM_END_RESP_START
331 0 1999085796 LICK
331 0 1999086328 TIMEOUT_START
331 0 1999239912 LICK
331 0 1999240452 TIMEOUT_START
331 0 1999447224 LICK
331 0 1999447756 TIMEOUT_START
331 0 2000211880 RESP_END
331 0 2006448316 TIMEOUT_END
332 1 2008509172 STIM_START
332 1 2009509296 STIM_END_RESP_START
332 1 2010709316 RESP_END
333 1 2012592732 STIM_START
333 1 2013592852 STIM_END_RESP_START
333 1 2014792876 RESP_END
334 0 2016751320 STIM_START
334 0 2017751444 STIM_END_RESP_START
334 0 2018951464 RESP_END
335 1 2021052952 STIM_START
335 1 2022053072 STIM_END_RESP_START
335 1 2022943828 LICK
335 1 2022944360 REWARD_START
335 1 2023160636 LICK
335 1 2023253096 RESP_END
335 1 2022954944 REWARD_END
336 1 2025382580 STIM_START
336 1 2026382700 STIM_END_RESP_START
336 1 2027567976 LICK
336 1 2027568516 REWARD_START
336 1 2027582740 RESP_END
336 1 2027579080 REWARD_END
337 1 2030412232 STIM_START
337 1 2031412360 STIM_END_RESP_START
337 1 2032612380 RESP_END
338 0 2035159920 STIM_START
338 0 2036160044 STIM_END_RESP_START
338 0 2037360064 RESP_END
339 0 2039463528 STIM_START
339 0 2040463648 STIM_END_RESP_START
339 0 2041663668 RESP_END
340 1 2043849128 STIM_START
340 1 2044569260 LICK
340 1 2044737960 LICK
340 1 2044849244 STIM_END_RESP_START
340 1 2044942144 LICK
340 1 2044942680 REWARD_START
340 1 2046049260 RESP_END
340 1 2044953248 REWARD_END
341 0 2048272748 STIM_START
341 0 2049272864 STIM_END_RESP_START
341 0 2050472876 RESP_END
342 1 2052533328 STIM_START
342 1 2053533440 STIM_END_RESP_START
342 1 2054733460 RESP_END
343 0 2056684912 STIM_START
343 0 2057685032 STIM_END_RESP_START
343 0 2058885044 RESP_END
344 0 2061020524 STIM_START
344 0 2062020644 STIM_END_RESP_START
344 0 2063220656 RESP_END
345 1 2065190120 STIM_START
345 1 2066190236 STIM_END_RESP_START
345 1 2066927168 LICK
345 1 2066927708 REWARD_START
345 1 2067223400 LICK
345 1 2067390252 RESP_END
345 1 2066938276 REWARD_END
346 1 2072293100 STIM_START
346 1 2073293216 STIM_END_RESP_START
346 1 2073311564 LICK
346 1 2073312100 REWARD_START
346 1 2073483388 LICK
346 1 2073677116 LICK
346 1 2073837532 LICK
346 1 2074493240 RESP_END
346 1 2073322672 REWARD_END
347 0 2076411672 STIM_START
347 0 2076479104 LICK
347 0 2076648560 LICK
347 0 2076836572 LICK
347 0 2077411800 STIM_END_RESP_START
347 0 2078611824 RESP_END
348 0 2080481244 STIM_START
348 0 2081481364 STIM_END_RESP_START
348 0 2082681384 RESP_END
349 0 2084502836 STIM_START
349 0 2085502948 STIM_END_RESP_START
349 0 2086702972 RESP_END
350 1 2088613412 STIM_START
350 1 2089613532 STIM_END_RESP_START
350 1 2090813552 RESP_END
351 0 2092830988 STIM_START
351 0 2093831104 STIM_END_RESP_START
351 0 2095031124 RESP_END
352 1 2096881556 STIM_START
352 1 2097881680 STIM_END_RESP_START
352 1 2099081696 RESP_END
353 1 2100851100 STIM_START
353 1 2101851220 STIM_END_RESP_START
353 1 2103051276 RESP_END
354 0 2105210748 STIM_START
354 0 2106210868 STIM_END_RESP_START
354 0 2107410888 RESP_END
355 1 2109453332 STIM_START
355 1 2110268264 LICK
355 1 2110448708 LICK
355 1 2110453420 STIM_END_RESP_START
355 1 2110649412 LICK
355 1 2110649944 REWARD_START
355 1 2110827368 LICK
355 1 2110986764 LICK
355 1 2111123016 LICK
355 1 2111307608 LICK
355 1 2111653444 RESP_END
355 1 2110660528 REWARD_END
356 1 2113794916 STIM_START
356 1 2114795036 STIM_END_RESP_START
356 1 2115153400 LICK
356 1 2115153940 REWARD_START
356 1 2115381424 LICK
356 1 2115528736 LICK
356 1 2115707632 LICK
356 1 2115995060 RESP_END
356 1 2115164504 REWARD_END
357 1 2118246532 STIM_START
357 1 2119246644 STIM_END_RESP_START
357 1 2119305104 LICK
357 1 2119305644 REWARD_START
357 1 2119534652 LICK
357 1 2119719724 LICK
357 1 2119862708 LICK
357 1 2120446676 RESP_END
357 1 2119316208 REWARD_END
358 0 2122629160 STIM_START
358 0 2123629272 STIM_END_RESP_START
358 0 2124829292 RESP_END
359 1 2126803752 STIM_START
359 1 2127803872 STIM_END_RESP_START
359 1 2128022180 LICK
359 1 2128022720 REWARD_START
359 1 2128172136 LICK
359 1 2128336648 LICK
359 1 2128491176 LICK
359 1 2128683684 LICK
359 1 2129003920 RESP_END
359 1 2128033284 REWARD_END
360 1 2130859308 STIM_START
360 1 2131859424 STIM_END_RESP_START
360 1 2131932688 LICK
360 1 2131933228 REWARD_START
360 1 2132122660 LICK
360 1 2132310060 LICK
360 1 2132474424 LICK
360 1 2133059472 RESP_END
360 1 2131943792 REWARD_END
361 1 2135068916 STIM_START
361 1 2135469740 LICK
361 1 2135627828 LICK
361 1 2135868320 LICK
361 1 2136046532 LICK
361 1 2136069012 STIM_END_RESP_START
361 1 2136239752 LICK
361 1 2136240292 REWARD_START
361 1 2136409784 LICK
361 1 2136584584 LICK
361 1 2136782004 LICK
361 1 2136944744 LICK
361 1 2137269040 RESP_END
361 1 2136250860 REWARD_END
362 0 2139427500 STIM_START
362 0 2140427620 STIM_END_RESP_START
362 0 2141627640 RESP_END
363 0 2143707120 STIM_START
363 0 2144588664 LICK
363 0 2144707244 STIM_END_RESP_START
363 0 2144723948 LICK
363 0 2144724488 TIMEOUT_START
363 0 2144937516 LICK
363 0 2144938056 TIMEOUT_START
363 0 2145175404 LICK
363 0 2145175944 TIMEOUT_START
363 0 2145338924 LICK
363 0 2145339460 TIMEOUT_START
363 0 2145907272 RESP_END
363 0 2152340016 TIMEOUT_END
364 1 2154174596 STIM_START
364 1 2155174712 STIM_END_RESP_START
364 1 2156374728 RESP_END
365 0 2158638200 STIM_START
365 0 2159638316 STIM_END_RESP_START
365 0 2160838336 RESP_END
366 0 2162729788 STIM_START
366 0 2163729908 STIM_END_RESP_START
366 0 2164690792 LICK
366 0 2164691328 TIMEOUT_START
366 0 2164914796 LICK
366 0 2164915336 TIMEOUT_START
366 0 2164929932 RESP_END
366 0 2171915888 TIMEOUT_END
367 1 2174054348 STIM_START
367 1 2175054480 STIM_END_RESP_START
367 1 2176254500 RESP_END
368 0 2178212976 STIM_START
368 0 2179213088 STIM_END_RESP_START
368 0 2180413108 RESP_END
369 1 2182586584 STIM_START
369 1 2183586700 STIM_END_RESP_START
369 1 2184786720 RESP_END
370 1 2186938208 STIM_START
370 1 2187716704 LICK
370 1 2187922172 LICK
370 1 2187938312 STIM_END_RESP_START
370 1 2188149308 LICK
370 1 2188149848 REWARD_START
370 1 2188322768 LICK
370 1 2188656312 LICK
370 1 2188784032 LICK
370 1 2189138356 RESP_END
370 1 2188160416 REWARD_END
371 1 2191321800 STIM_START
371 1 2192321924 STIM_END_RESP_START
371 1 2192620956 LICK
371 1 2192621488 REWARD_START
371 1 2192867608 LICK
371 1 2193002124 LICK
371 1 2193152528 LICK
371 1 2193521960 RESP_END
371 1 2192632060 REWARD_END
372 0 2195665400 STIM_START
372 0 2196665520 STIM_END_RESP_START
372 0 2196886448 LICK
372 0 2196886988 TIMEOUT_START
372 0 2197080212 LICK
372 0 2197080748 TIMEOUT_START
372 0 2197270728 LICK
372 0 2197271260 TIMEOUT_START
372 0 2197459252 LICK
372 0 2197459784 TIMEOUT_START
372 0 2197865532 RESP_END
372 0 2204460352 TIMEOUT_END
373 1 2206531924 STIM_START
373 1 2207532048 STIM_END_RESP_START
373 1 2208732060 RESP_END
374 0 2210945540 STIM_START
374 0 2211945664 STIM_END_RESP_START
374 0 2213145680 RESP_END
375 1 2214988100 STIM_START
375 1 2215988216 STIM_END_RESP_START
375 1 2217188232 RESP_END
376 1 2219280724 STIM_START
376 1 2220280844 STIM_END_RESP_START
376 1 2221480856 RESP_END
377 1 2223472284 STIM_START
377 1 2224472408 STIM_END_RESP_START
377 1 2225672428 RESP_END
378 0 2227671948 STIM_START
378 0 2228672072 STIM_END_RESP_START
378 0 2229872088 RESP_END
379 1 2232115528 STIM_START
379 1 2233022568 LICK
379 1 2233115664 STIM_END_RESP_START
379 1 2233265776 LICK
379 1 2233266316 REWARD_START
379 1 2233431468 LICK
379 1 2233727308 LICK
379 1 2233894980 LICK
379 1 2234315704 RESP_END
379 1 2233276884 REWARD_END
380 1 2236222080 STIM_START
380 1 2237222200 STIM_END_RESP_START
380 1 2237345068 LICK
380 1 2237345600 REWARD_START
380 1 2237519916 LICK
380 1 2237694804 LICK
380 1 2237854776 LICK
380 1 2237993260 LICK
380 1 2238422236 RESP_END
380 1 2237356176 REWARD_END
381 0 2240223648 STIM_START
381 0 2241127956 LICK
381 0 2241223748 STIM_END_RESP_START
381 0 2241322140 LICK
381 0 2241322672 TIMEOUT_START
381 0 2241580220 LICK
381 0 2241580752 TIMEOUT_START
381 0 2241752132 LICK
381 0 2241752660 TIMEOUT_START
381 0 2242423764 RESP_END
381 0 2248753216 TIMEOUT_END
382 1 2250925176 STIM_START
382 1 2251925292 STIM_END_RESP_START
382 1 2253125312 RESP_END
383 1 2255206764 STIM_START
383 1 2256206884 STIM_END_RESP_START
383 1 2257406932 RESP_END
384 0 2259358340 STIM_START
384 0 2260358460 STIM_END_RESP_START
384 0 2261558480 RESP_END
385 0 2263418900 STIM_START
385 0 2264419016 STIM_END_RESP_START
385 0 2264566856 LICK
385 0 2264567388 TIMEOUT_START
385 0 2264778696 LICK
385 0 2264779236 TIMEOUT_START
385 0 2265000248 LICK
385 0 2265000780 TIMEOUT_START
385 0 2265619064 RESP_END
385 0 2272001344 TIMEOUT_END
386 0 2274226456 STIM_START
386 0 2275226568 STIM_END_RESP_START
386 0 2275707188 LICK
386 0 2275707720 TIMEOUT_START
386 0 2275937700 LICK
386 0 2275938232 TIMEOUT_START
386 0 2276098452 LICK
386 0 2276098980 TIMEOUT_START
386 0 2276332260 LICK
386 0 2276332800 TIMEOUT_START
386 0 2276426604 RESP_END
386 0 2283333360 TIMEOUT_END
387 1 2285210944 STIM_START
387 1 2286208760 LICK
387 1 2286211080 STIM_END_RESP_START
387 1 2286428608 LICK
387 1 2286429140 REWARD_START
387 1 2287380880 LICK
387 1 2287411112 RESP_END
387 1 2286439712 REWARD_END
388 0 2290235648 STIM_START
388 0 2291050924 LICK
388 0 2291235776 STIM_END_RESP_START
388 0 2291264676 LICK
388 0 2291265208 TIMEOUT_START
388 0 2291470260 LICK
388 0 2291470800 TIMEOUT_START
388 0 2291700048 LICK
388 0 2291700580 TIMEOUT_START
388 0 2292435816 RESP_END
388 0 2298701148 TIMEOUT_END
389 1 2300931160 STIM_START
389 1 2301818512 LICK
389 1 2301931264 STIM_END_RESP_START
389 1 2301990104 LICK
389 1 2301990640 REWARD_START
389 1 2302388164 LICK
389 1 2302697788 LICK
389 1 2302862384 LICK
389 1 2303131304 RESP_END
389 1 2302001212 REWARD_END
390 0 2305262804 STIM_START
390 0 2306262920 STIM_END_RESP_START
390 0 2306592604 LICK
390 0 2306593140 TIMEOUT_START
390 0 2306828128 LICK
390 0 2306828668 TIMEOUT_START
390 0 2307019772 LICK
390 0 2307020312 TIMEOUT_START
390 0 2307260360 LICK
390 0 2307260896 TIMEOUT_START
390 0 2307425080 LICK
390 0 2307425616 TIMEOUT_START
390 0 2307462944 RESP_END
390 0 2314426172 TIMEOUT_END
391 0 2316325316 STIM_START
391 0 2317325444 STIM_END_RESP_START
391 0 2317505280 LICK
391 0 2317505816 TIMEOUT_START
391 0 2317745048 LICK
391 0 2317745588 TIMEOUT_START
391 0 2318525488 RESP_END
391 0 2324746148 TIMEOUT_END
392 1 2326915824 STIM_START
392 1 2327915944 STIM_END_RESP_START
392 1 2328098644 LICK
392 1 2328099184 REWARD_START
392 1 2328287600 LICK
392 1 2328584896 LICK
392 1 2328762628 LICK
392 1 2329115976 RESP_END
392 1 2328109752 REWARD_END
393 0 2331301424 STIM_START
393 0 2332301544 STIM_END_RESP_START
393 0 2332818832 LICK
393 0 2332819364 TIMEOUT_START
393 0 2333017260 LICK
393 0 2333017796 TIMEOUT_START
393 0 2333232284 LICK
393 0 2333232820 TIMEOUT_START
393 0 2333501592 RESP_END
393 0 2340233388 TIMEOUT_END
394 0 2342372972 STIM_START
394 0 2342877180 LICK
394 0 2343073068 LICK
394 0 2343344680 LICK
394 0 2343373076 STIM_END_RESP_START
394 0 2343504368 LICK
394 0 2343504908 TIMEOUT_START
394 0 2343909988 LICK
394 0 2343910528 TIMEOUT_START
394 0 2344071984 LICK
394 0 2344072524 TIMEOUT_START
394 0 2344573096 RESP_END
394 0 2351073084 TIMEOUT_END
395 0 2353173496 STIM_START
395 0 2354173620 STIM_END_RESP_START
395 0 2354265288 LICK
395 0 2354265820 TIMEOUT_START
395 0 2354485968 LICK
395 0 2354486508 TIMEOUT_START
395 0 2354692616 LICK
395 0 2354693156 TIMEOUT_START
395 0 2355373636 RESP_END
395 0 2361693708 TIMEOUT_END
396 1 2363478004 STIM_START
396 1 2364228672 LICK
396 1 2364416252 LICK
396 1 2364478120 STIM_END_RESP_START
396 1 2364630280 LICK
396 1 2364630812 REWARD_START
396 1 2364798644 LICK
396 1 2365094252 LICK
396 1 2365263472 LICK
396 1 2365678168 RESP_END
396 1 2364641384 REWARD_END
397 1 2367826556 STIM_START
397 1 2368826676 STIM_END_RESP_START
397 1 2370026696 RESP_END
398 0 2371992144 STIM_START
398 0 2372971316 LICK
398 0 2372992252 STIM_END_RESP_START
398 0 2373139848 LICK
398 0 2373140380 TIMEOUT_START
398 0 2373353952 LICK
398 0 2373354488 TIMEOUT_START
398 0 2374192300 RESP_END
398 0 2380355052 TIMEOUT_END
399 0 2382428624 STIM_START
399 0 2383428744 STIM_END_RESP_START
399 0 2384628764 RESP_END
400 1 2386858256 STIM_START
400 1 2387858372 STIM_END_RESP_START
400 1 2389058392 RESP_END
401 0 2391323880 STIM_START
401 0 2392323996 STIM_END_RESP_START
401 0 2393524016 RESP_END
402 0 2395523476 STIM_START
402 0 2396523600 STIM_END_RESP_START
402 0 2397723612 RESP_END
403 0 2399952084 STIM_START
403 0 2400708988 LICK
403 0 2400851856 LICK
403 0 2400952216 STIM_END_RESP_START
403 0 2401054752 LICK
403 0 2401055284 TIMEOUT_START
403 0 2401267908 LICK
403 0 2401268444 TIMEOUT_START
403 0 2402152248 RESP_END
403 0 2408269008 TIMEOUT_END
404 1 2410525564 STIM_START
404 1 2411525684 STIM_END_RESP_START
404 1 2412725708 RESP_END
405 1 2414735160 STIM_START
405 1 2415735280 STIM_END_RESP_START
405 1 2416340264 LICK
405 1 2416340796 REWARD_START
405 1 2416559452 LICK
405 1 2416833044 LICK
405 1 2416935308 RESP_END
405 1 2416351372 REWARD_END
406 1 2419043768 STIM_START
406 1 2420043888 STIM_END_RESP_START
406 1 2420157552 LICK
406 1 2420158084 REWARD_START
406 1 2420313036 LICK
406 1 2420499124 LICK
406 1 2420642540 LICK
406 1 2420837272 LICK
406 1 2421243908 RESP_END
406 1 2420168672 REWARD_END
407 0 2423012380 STIM_START
407 0 2423953964 LICK
407 0 2424012500 STIM_END_RESP_START
407 0 2424124664 LICK
407 0 2424125196 TIMEOUT_START
407 0 2424333632 LICK
407 0 2424334168 TIMEOUT_START
407 0 2424540416 LICK
407 0 2424540948 TIMEOUT_START
407 0 2424762560 LICK
407 0 2424763092 TIMEOUT_START
407 0 2425212544 RESP_END
407 0 2431763664 TIMEOUT_END
408 1 2433768840 STIM_START
408 1 2434691388 LICK
408 1 2434768968 STIM_END_RESP_START
408 1 2434884044 LICK
408 1 2434884576 REWARD_START
408 1 2435117400 LICK
408 1 2435243068 LICK
408 1 2435406340 LICK
408 1 2435969000 RESP_END
408 1 2434895148 REWARD_END
409 0 2438115436 STIM_START
409 0 2439115552 STIM_END_RESP_START
409 0 2439524136 LICK
409 0 2439524676 TIMEOUT_START
409 0 2439743416 LICK
409 0 2439743956 TIMEOUT_START
409 0 2439937668 LICK
409 0 2439938204 TIMEOUT_START
409 0 2440315596 RESP_END
409 0 2446938756 TIMEOUT_END
410 0 2448713928 STIM_START
410 0 2449714044 STIM_END_RESP_START
410 0 2450914064 RESP_END
411 1 2453127528 STIM_START
411 1 2454127652 STIM_END_RESP_START
411 1 2454200012 LICK
411 1 2454200552 REWARD_START
411 1 2454395360 LICK
411 1 2454664968 LICK
411 1 2455014696 LICK
411 1 2455327684 RESP_END
411 1 2454211120 REWARD_END
412 0 2457563192 STIM_START
412 0 2458251788 LICK
412 0 2458440332 LICK
412 0 2458563288 STIM_END_RESP_START
412 0 2458637464 LICK
412 0 2458637996 TIMEOUT_START
412 0 2458805196 LICK
412 0 2458805736 TIMEOUT_START
412 0 2459763312 RESP_END
412 0 2465806288 TIMEOUT_END
413 1 2468029628 STIM_START
413 1 2469029744 STIM_END_RESP_START
413 1 2469994996 LICK
413 1 2469995536 REWARD_START
413 1 2470229788 RESP_END
413 1 2470006104 REWARD_END
414 1 2472962328 STIM_START
414 1 2473962440 STIM_END_RESP_START
414 1 2473977020 LICK
414 1 2473977556 REWARD_START
414 1 2474359980 LICK
414 1 2474544612 LICK
414 1 2475162456 RESP_END
414 1 2473988132 REWARD_END
415 1 2477047908 STIM_START
415 1 2478048024 STIM_END_RESP_START
415 1 2478422608 LICK
415 1 2478423148 REWARD_START
415 1 2478598444 LICK
415 1 2478954168 LICK
415 1 2479123420 LICK
415 1 2479248052 RESP_END
415 1 2478433712 REWARD_END
416 0 2481284488 STIM_START
416 0 2482278424 LICK
416 0 2482284604 STIM_END_RESP_START
416 0 2482442940 LICK
416 0 2482443480 TIMEOUT_START
416 0 2482668128 LICK
416 0 2482668668 TIMEOUT_START
416 0 2483484648 RESP_END
416 0 2489669232 TIMEOUT_END
417 0 2491590956 STIM_START
417 0 2492591072 STIM_END_RESP_START
417 0 2493791092 RESP_END
418 0 2495635532 STIM_START
418 0 2496635648 STIM_END_RESP_START
418 0 2497835668 RESP_END
419 1 2499853120 STIM_START
419 1 2500853240 STIM_END_RESP_START
419 1 2500878980 LICK
419 1 2500879520 REWARD_START
419 1 2501120076 LICK
419 1 2501424664 LICK
419 1 2501571672 LICK
419 1 2502053280 RESP_END
419 1 2500890088 REWARD_END
420 1 2503963692 STIM_START
420 1 2504838760 LICK
420 1 2504963816 STIM_END_RESP_START
420 1 2505007840 LICK
420 1 2505008380 REWARD_START
420 1 2505401692 LICK
420 1 2505545224 LICK
420 1 2506163836 RESP_END
420 1 2505018948 REWARD_END
421 1 2508391316 STIM_START
421 1 2509391428 STIM_END_RESP_START
421 1 2509416940 LICK
421 1 2509417480 REWARD_START
421 1 2509566196 LICK
421 1 2509757804 LICK
421 1 2509903320 LICK
421 1 2510591464 RESP_END
421 1 2509428048 REWARD_END
422 0 2512672928 STIM_START
422 0 2513521232 LICK
422 0 2513673048 STIM_END_RESP_START
422 0 2513694884 LICK
422 0 2513695420 TIMEOUT_START
422 0 2513897556 LICK
422 0 2513898092 TIMEOUT_START
422 0 2514081652 LICK
422 0 2514082192 TIMEOUT_START
422 0 2514873072 RESP_END
422 0 2521082748 TIMEOUT_END
423 1 2523172460 STIM_START
423 1 2524172580 STIM_END_RESP_START
423 1 2524221824 LICK
423 1 2524222356 REWARD_START
423 1 2524446016 LICK
423 1 2524616408 LICK
423 1 2524778912 LICK
423 1 2524931716 LICK
423 1 2525372624 RESP_END
423 1 2524232932 REWARD_END
424 1 2527649004 STIM_START
424 1 2528649120 STIM_END_RESP_START
424 1 2528745108 LICK
424 1 2528745648 REWARD_START
424 1 2528960104 LICK
424 1 2529147116 LICK
424 1 2529318560 LICK
424 1 2529849164 RESP_END
424 1 2528756216 REWARD_END
425 0 2531835604 STIM_START
425 0 2532835728 STIM_END_RESP_START
425 0 2532866288 LICK
425 0 2532866820 TIMEOUT_START
425 0 2533084540 LICK
425 0 2533085072 TIMEOUT_START
425 0 2533290616 LICK
425 0 2533291156 TIMEOUT_START
425 0 2533501236 LICK
425 0 2533501772 TIMEOUT_START
425 0 2534035764 RESP_END
425 0 2540502332 TIMEOUT_END
426 0 2542577108 STIM_START
426 0 2543577228 STIM_END_RESP_START
426 0 2543680080 LICK
426 0 2543680620 TIMEOUT_START
426 0 2543862780 LICK
426 0 2543863320 TIMEOUT_START
426 0 2544066464 LICK
426 0 2544067004 TIMEOUT_START
426 0 2544272216 LICK
426 0 2544272752 TIMEOUT_START
426 0 2544482752 LICK
426 0 2544483284 TIMEOUT_START
426 0 2544777248 RESP_END
426 0 2551483848 TIMEOUT_END
427 0 2553697696 STIM_START
427 0 2554697820 STIM_END_RESP_START
427 0 2555221952 LICK
427 0 2555222492 TIMEOUT_START
427 0 2555471372 LICK
427 0 2555471912 TIMEOUT_START
427 0 2555897860 RESP_END
427 0 2562472468 TIMEOUT_END
428 1 2564383196 STIM_START
428 1 2565383316 STIM_END_RESP_START
428 1 2565538844 LICK
428 1 2565539376 REWARD_START
428 1 2565772572 LICK
428 1 2565899112 LICK
428 1 2566093004 LICK
428 1 2566240348 LICK
428 1 2566583336 RESP_END
428 1 2565549960 REWARD_END
429 0 2568480780 STIM_START
429 0 2569480896 STIM_END_RESP_START
429 0 2569689680 LICK
429 0 2569690216 TIMEOUT_START
429 0 2569830056 LICK
429 0 2569830596 TIMEOUT_START
429 0 2570062548 LICK
429 0 2570063084 TIMEOUT_START
429 0 2570280216 LICK
429 0 2570280744 TIMEOUT_START
429 0 2570680912 RESP_END
429 0 2577281304 TIMEOUT_END
430 0 2579375312 STIM_START
430 0 2580375428 STIM_END_RESP_START
430 0 2581575448 RESP_END
431 0 2583824940 STIM_START
431 0 2584825064 STIM_END_RESP_START
431 0 2586025080 RESP_END
432 1 2587873492 STIM_START
432 1 2588873604 STIM_END_RESP_START
432 1 2590073624 RESP_END
433 1 2592157100 STIM_START
433 1 2593157224 STIM_END_RESP_START
433 1 2594357236 RESP_END
434 1 2596260684 STIM_START
434 1 2597260804 STIM_END_RESP_START
434 1 2598460824 RESP_END
435 0 2600646312 STIM_START
435 0 2601646432 STIM_END_RESP_START
435 0 2602846452 RESP_END
436 1 2604754908 STIM_START
436 1 2605451404 LICK
436 1 2605665924 LICK
436 1 2605755028 STIM_END_RESP_START
436 1 2605836420 LICK
436 1 2605836952 REWARD_START
436 1 2606045312 LICK
436 1 2606506072 LICK
436 1 2606955044 RESP_END
436 1 2605847536 REWARD_END
437 0 2609004468 STIM_START
437 0 2610004592 STIM_END_RESP_START
437 0 2611204612 RESP_END
438 1 2613278080 STIM_START
438 1 2614278200 STIM_END_RESP_START
438 1 2614828568 LICK
438 1 2614829108 REWARD_START
438 1 2615076816 LICK
438 1 2615478224 RESP_END
438 1 2614839676 REWARD_END
439 1 2617734704 STIM_START
439 1 2618734828 STIM_END_RESP_START
439 1 2618772756 LICK
439 1 2618773292 REWARD_START
439 1 2618933440 LICK
439 1 2619119320 LICK
439 1 2619294160 LICK
439 1 2619934860 RESP_END
439 1 2618783868 REWARD_END
440 1 2621970300 STIM_START
440 1 2622589272 LICK
440 1 2622774840 LICK
440 1 2622970420 STIM_END_RESP_START
440 1 2622976200 LICK
440 1 2622976736 REWARD_START
440 1 2623202364 LICK
440 1 2623494180 LICK
440 1 2623682240 LICK
440 1 2623850220 LICK
440 1 2624170460 RESP_END
440 1 2622987308 REWARD_END
441 0 2626158880 STIM_START
441 0 2627158992 STIM_END_RESP_START
441 0 2628359012 RESP_END
442 1 2630276464 STIM_START
442 1 2631234824 LICK
442 1 2631276564 STIM_END_RESP_START
442 1 2631390812 LICK
442 1 2631391352 REWARD_START
442 1 2631642876 LICK
442 1 2631818484 LICK
442 1 2631958572 LICK
442 1 2632118880 LICK
442 1 2632476580 RESP_END
442 1 2631401920 REWARD_END
443 0 2634724132 STIM_START
443 0 2635724248 STIM_END_RESP_START
443 0 2636924268 RESP_END
444 0 2638708672 STIM_START
444 0 2639585740 LICK
444 0 2639708796 STIM_END_RESP_START
444 0 2639797864 LICK
444 0 2639798404 TIMEOUT_START
444 0 2640024292 LICK
444 0 2640024828 TIMEOUT_START
444 0 2640908836 RESP_END
444 0 2647025372 TIMEOUT_END
445 1 2649221172 STIM_START
445 1 2650221288 STIM_END_RESP_START
445 1 2651421308 RESP_END
446 0 2653503748 STIM_START
446 0 2654503864 STIM_END_RESP_START
446 0 2655703884 RESP_END
447 1 2657680344 STIM_START
447 1 2658680464 STIM_END_RESP_START
447 1 2659880484 RESP_END
448 1 2661729892 STIM_START
448 1 2662730000 STIM_END_RESP_START
448 1 2662736340 LICK
448 1 2662736872 REWARD_START
448 1 2663180356 LICK
448 1 2663488592 LICK
448 1 2663797160 LICK
448 1 2663930020 RESP_END
448 1 2662747444 REWARD_END
449 0 2668742880 STIM_START
449 0 2669742996 STIM_END_RESP_START
449 0 2670943016 RESP_END
450 0 2673204540 STIM_START
450 0 2674202932 LICK
450 0 2674204660 STIM_END_RESP_START
450 0 2674396632 LICK
450 0 2674397164 TIMEOUT_START
450 0 2674639152 LICK
450 0 2674639684 TIMEOUT_START
450 0 2675404692 RESP_END
450 0 2681640252 TIMEOUT_END
451 1 2683838008 STIM_START
451 1 2684838132 STIM_END_RESP_START
451 1 2684869704 LICK
451 1 2684870236 REWARD_START
451 1 2685090716 LICK
451 1 2685229592 LICK
451 1 2685385884 LICK
451 1 2685571660 LICK
451 1 2686038168 RESP_END
451 1 2684880820 REWARD_END
452 0 2688161684 STIM_START
452 0 2689161800 STIM_END_RESP_START
452 0 2689175580 LICK
452 0 2689176112 TIMEOUT_START
452 0 2689388976 LICK
452 0 2689389504 TIMEOUT_START
452 0 2689591852 LICK
452 0 2689592388 TIMEOUT_START
452 0 2689756196 LICK
452 0 2689756728 TIMEOUT_START
452 0 2690361840 RESP_END
452 0 2696757284 TIMEOUT_END
453 1 2698825136 STIM_START
453 1 2699825256 STIM_END_RESP_START
453 1 2701025272 RESP_END
454 1 2702987712 STIM_START
454 1 2703987832 STIM_END_RESP_START
454 1 2704093372 LICK
454 1 2704093904 REWARD_START
454 1 2704316216 LICK
454 1 2704610068 LICK
454 1 2704788116 LICK
454 1 2705187860 RESP_END
454 1 2704104492 REWARD_END
455 1 2706999292 STIM_START
455 1 2707965352 LICK
455 1 2707999420 STIM_END_RESP_START
455 1 2708216572 LICK
455 1 2708217112 REWARD_START
455 1 2708367668 LICK
455 1 2708658200 LICK
455 1 2708852440 LICK
455 1 2709199448 RESP_END
455 1 2708227680 REWARD_END
456 0 2711453916 STIM_START
456 0 2712454032 STIM_END_RESP_START
456 0 2713654052 RESP_END
457 1 2715450468 STIM_START
457 1 2716450580 STIM_END_RESP_START
457 1 2717133760 LICK
457 1 2717134300 REWARD_START
457 1 2717326744 LICK
457 1 2717501236 LICK
457 1 2717650624 RESP_END
457 1 2717144864 REWARD_END
458 1 2719925100 STIM_START
458 1 2720925220 STIM_END_RESP_START
458 1 2721203916 LICK
458 1 2721204456 REWARD_START
458 1 2721349044 LICK
458 1 2721572916 LICK
458 1 2721702752 LICK
458 1 2721874392 LICK
458 1 2722125252 RESP_END
458 1 2721215020 REWARD_END
459 0 2723921696 STIM_START
459 0 2724814332 LICK
459 0 2724921812 STIM_END_RESP_START
459 0 2725054056 LICK
459 0 2725054596 TIMEOUT_START
459 0 2725232508 LICK
459 0 2725233044 TIMEOUT_START
459 0 2725442736 LICK
459 0 2725443268 TIMEOUT_START
459 0 2725618528 LICK
459 0 2725619064 TIMEOUT_START
459 0 2726121852 RESP_END
459 0 2732619620 TIMEOUT_END
460 1 2734629184 STIM_START
460 1 2735629300 STIM_END_RESP_START
460 1 2735657436 LICK
460 1 2735657972 REWARD_START
460 1 2735811408 LICK
460 1 2735987620 LICK
460 1 2736157256 LICK
460 1 2736343320 LICK
460 1 2736829332 RESP_END
460 1 2735668544 REWARD_END
461 0 2738817776 STIM_START
461 0 2739817896 STIM_END_RESP_START
461 0 2739910456 LICK
461 0 2739910996 TIMEOUT_START
461 0 2740182792 LICK
461 0 2740183328 TIMEOUT_START
461 0 2740396112 LICK
461 0 2740396644 TIMEOUT_START
461 0 2741017940 RESP_END
461 0 2747397208 TIMEOUT_END
462 1 2749212244 STIM_START
462 1 2750212364 STIM_END_RESP_START
462 1 2750546416 LICK
462 1 2750546956 REWARD_START
462 1 2750713880 LICK
462 1 2750896060 LICK
462 1 2751043304 LICK
462 1 2751412412 RESP_END
462 1 2750557524 REWARD_END
463 1 2753537892 STIM_START
463 1 2754466604 LICK
463 1 2754538020 STIM_END_RESP_START
463 1 2754695476 LICK
463 1 2754696008 REWARD_START
463 1 2754911476 LICK
463 1 2755106084 LICK
463 1 2755230824 LICK
463 1 2755738056 RESP_END
463 1 2754706580 REWARD_END
464 1 2757819436 STIM_START
464 1 2758819552 STIM_END_RESP_START
464 1 2758994008 LICK
464 1 2758994540 REWARD_START
464 1 2759146068 LICK
464 1 2759333708 LICK
464 1 2759469340 LICK
464 1 2759646848 LICK
464 1 2760019600 RESP_END
464 1 2759005128 REWARD_END
465 0 2762240072 STIM_START
465 0 2763172772 LICK
465 0 2763240184 STIM_END_RESP_START
465 0 2763385996 LICK
465 0 2763386528 TIMEOUT_START
465 0 2763605500 LICK
465 0 2763606040 TIMEOUT_START
465 0 2764440224 RESP_END
465 0 2770606588 TIMEOUT_END
466 0 2772738544 STIM_START
466 0 2773738664 STIM_END_RESP_START
466 0 2774938684 RESP_END
467 0 2776885116 STIM_START
467 0 2777885236 STIM_END_RESP_START
467 0 2778351732 LICK
467 0 2778352268 TIMEOUT_START
467 0 2778576364 LICK
467 0 2778576904 TIMEOUT_START
467 0 2778791576 LICK
467 0 2778792112 TIMEOUT_START
467 0 2779085268 RESP_END
467 0 2785792676 TIMEOUT_END
468 1 2787822664 STIM_START
468 1 2788696716 LICK
468 1 2788822784 STIM_END_RESP_START
468 1 2788933160 LICK
468 1 2788933696 REWARD_START
468 1 2789132072 LICK
468 1 2789315108 LICK
468 1 2789465876 LICK
468 1 2790022828 RESP_END
468 1 2788944264 REWARD_END
469 1 2791988272 STIM_START
469 1 2792988384 STIM_END_RESP_START
469 1 2793453244 LICK
469 1 2793453784 REWARD_START
469 1 2793628712 LICK
469 1 2793758492 LICK
469 1 2793915040 LICK
469 1 2794188412 RESP_END
469 1 2793464352 REWARD_END
470 0 2796455916 STIM_START
470 0 2797456040 STIM_END_RESP_START
470 0 2798488704 LICK
470 0 2798489236 TIMEOUT_START
470 0 2798656072 RESP_END
470 0 2805489800 TIMEOUT_END
471 1 2807524476 STIM_START
471 1 2808515516 LICK
471 1 2808524592 STIM_END_RESP_START
471 1 2808770764 LICK
471 1 2808771300 REWARD_START
471 1 2808971012 LICK
471 1 2809132740 LICK
471 1 2809273068 LICK
471 1 2809724640 RESP_END
471 1 2808781872 REWARD_END
472 0 2811754056 STIM_START
472 0 2812754176 STIM_END_RESP_START
472 0 2813023848 LICK
472 0 2813024388 TIMEOUT_START
472 0 2813208172 LICK
472 0 2813208712 TIMEOUT_START
472 0 2813407992 LICK
472 0 2813408536 TIMEOUT_START
472 0 2813954196 RESP_END
472 0 2820409092 TIMEOUT_END
473 1 2822295524 STIM_START
473 1 2823295644 STIM_END_RESP_START
473 1 2823518348 LICK
473 1 2823518884 REWARD_START
473 1 2823680316 LICK
473 1 2823981244 LICK
473 1 2824178052 LICK
473 1 2824495668 RESP_END
473 1 2823529468 REWARD_END
474 0 2826764168 STIM_START
474 0 2827764288 STIM_END_RESP_START
474 0 2828720068 LICK
474 0 2828720608 TIMEOUT_START
474 0 2828939384 LICK
474 0 2828939916 TIMEOUT_START
474 0 2828964312 RESP_END
474 0 2835940484 TIMEOUT_END
475 0 2837724724 STIM_START
475 0 2838724832 STIM_END_RESP_START
475 0 2838734100 LICK
475 0 2838734640 TIMEOUT_START
475 0 2838960248 LICK
475 0 2838960780 TIMEOUT_START
475 0 2839197896 LICK
475 0 2839198428 TIMEOUT_START
475 0 2839339244 LICK
475 0 2839339776 TIMEOUT_START
475 0 2839894248 LICK
475 0 2839894780 TIMEOUT_START
475 0 2839924876 RESP_END
475 0 2846895356 TIMEOUT_END
476 1 2848849284 STIM_START
476 1 2849849412 STIM_END_RESP_START
476 1 2851049424 RESP_END
477 1 2853217892 STIM_START
477 1 2854218012 STIM_END_RESP_START
477 1 2854626920 LICK
477 1 2854627460 REWARD_START
477 1 2854819512 LICK
477 1 2855107308 LICK
477 1 2855280680 LICK
477 1 2855418032 RESP_END
477 1 2854638028 REWARD_END
478 1 2857500508 STIM_START
478 1 2858500628 STIM_END_RESP_START
478 1 2859700648 RESP_END
479 0 2861831088 STIM_START
479 0 2862831212 STIM_END_RESP_START
479 0 2864031232 RESP_END
480 0 2865970696 STIM_START
480 0 2866970820 STIM_END_RESP_START
480 0 2868170844 RESP_END
481 0 2870416316 STIM_START
481 0 2871416436 STIM_END_RESP_START
481 0 2872616456 RESP_END
482 1 2874485920 STIM_START
482 1 2875486036 STIM_END_RESP_START
482 1 2875851452 LICK
482 1 2875851992 REWARD_START
482 1 2876053008 LICK
482 1 2876352140 LICK
482 1 2876686064 RESP_END
482 1 2875862560 REWARD_END
483 0 2878538460 STIM_START
483 0 2879538584 STIM_END_RESP_START
483 0 2880738604 RESP_END
484 0 2882741048 STIM_START
484 0 2883676868 LICK
484 0 2883741184 STIM_END_RESP_START
484 0 2883924940 LICK
484 0 2883925476 TIMEOUT_START
484 0 2884066700 LICK
484 0 2884067228 TIMEOUT_START
484 0 2884293808 LICK
484 0 2884294340 TIMEOUT_START
484 0 2884941224 RESP_END
484 0 2891294900 TIMEOUT_END
485 1 2893317556 STIM_START
485 1 2894317676 STIM_END_RESP_START
485 1 2894354988 LICK
485 1 2894355528 REWARD_START
485 1 2894564824 LICK
485 1 2894746904 LICK
485 1 2894891620 LICK
485 1 2895517692 RESP_END
485 1 2894366096 REWARD_END
486 0 2897603160 STIM_START
486 0 2898603280 STIM_END_RESP_START
486 0 2899803300 RESP_END
487 0 2901885748 STIM_START
487 0 2902826108 LICK
487 0 2902885860 STIM_END_RESP_START
487 0 2903090668 LICK
487 0 2903091208 TIMEOUT_START
487 0 2903255636 LICK
487 0 2903256176 TIMEOUT_START
487 0 2903476476 LICK
487 0 2903477008 TIMEOUT_START
487 0 2904085896 RESP_END
487 0 2910477564 TIMEOUT_END
488 0 2912395288 STIM_START
488 0 2913395404 STIM_END_RESP_START
488 0 2913531120 LICK
488 0 2913531656 TIMEOUT_START
488 0 2913758612 LICK
488 0 2913759148 TIMEOUT_START
488 0 2914131868 LICK
488 0 2914132404 TIMEOUT_START
488 0 2914595424 RESP_END
488 0 2921132964 TIMEOUT_END
489 1 2923081744 STIM_START
489 1 2924081860 STIM_END_RESP_START
489 1 2925281880 RESP_END
490 1 2927349340 STIM_START
490 1 2927436296 LICK
490 1 2928349464 STIM_END_RESP_START
490 1 2929549484 RESP_END
491 0 2931806976 STIM_START
491 0 2932807100 STIM_END_RESP_START
491 0 2934007120 RESP_END
492 0 2935873564 STIM_START
492 0 2936873680 STIM_END_RESP_START
492 0 2938073700 RESP_END
493 1 2940007164 STIM_START
493 1 2941007284 STIM_END_RESP_START
493 1 2942207304 RESP_END
494 0 2943970700 STIM_START
494 0 2944970820 STIM_END_RESP_START
494 0 2945566472 LICK
494 0 2945567012 TIMEOUT_START
494 0 2945805440 LICK
494 0 2945805972 TIMEOUT_START
494 0 2946043584 LICK
494 0 2946044124 TIMEOUT_START
494 0 2946170856 RESP_END
494 0 2953044684 TIMEOUT_END
495 1 2955214280 STIM_START
495 1 2956214400 STIM_END_RESP_START
495 1 2956224676 LICK
495 1 2956225216 REWARD_START
495 1 2956440760 LICK
495 1 2956721952 LICK
495 1 2956898020 LICK
495 1 2957414420 RESP_END
495 1 2956235792 REWARD_END
496 0 2959363892 STIM_START
496 0 2960364012 STIM_END_RESP_START
496 0 2960402920 LICK
496 0 2960403448 TIMEOUT_START
496 0 2960573472 LICK
496 0 2960574004 TIMEOUT_START
496 0 2960762956 LICK
496 0 2960763488 TIMEOUT_START
496 0 2961564036 RESP_END
496 0 2967764060 TIMEOUT_END
497 1 2969610312 STIM_START
497 1 2970322164 LICK
497 1 2970533880 LICK
497 1 2970610428 STIM_END_RESP_START
497 1 2970756752 LICK
497 1 2970757292 REWARD_START
497 1 2970970292 LICK
497 1 2971132448 LICK
497 1 2971285580 LICK
497 1 2971810444 RESP_END
497 1 2970767860 REWARD_END
498 1 2973765888 STIM_START
498 1 2974766004 STIM_END_RESP_START
498 1 2974917296 LICK
498 1 2974917836 REWARD_START
498 1 2975066864 LICK
498 1 2975251756 LICK
498 1 2975431144 LICK
498 1 2975966044 RESP_END
498 1 2974928404 REWARD_END
499 1 2979473720 STIM_START
499 1 2980473836 STIM_END_RESP_START
499 1 2981673856 RESP_END
500 0 2983647280 STIM_START
500 0 2984647396 STIM_END_RESP_START
500 0 2985847416 RESP_END
USER_EXIT