001 0 0004230724 STIM_START
001 0 0005230864 STIM_END_RESP_START
001 0 0005946584 LICK
001 0 0005946972 TIMEOUT_START
001 0 0006430892 RESP_END
001 0 0012947384 TIMEOUT_END
002 1 0015837616 STIM_START
002 1 0016837740 STIM_END_RESP_START
002 1 0017691304 LICK
002 1 0017691744 REWARD_START
002 1 0017875160 LICK
002 1 0018037784 RESP_END
002 1 0017701216 REWARD_END
003 0 0020186316 STIM_START
003 0 0020288084 LICK
003 0 0021186432 STIM_END_RESP_START
003 0 0022386452 RESP_END
004 1 0024519996 STIM_START
004 1 0025520116 STIM_END_RESP_START
004 1 0025786576 LICK
004 1 0025787012 REWARD_START
004 1 0025993236 LICK
004 1 0026158124 LICK
004 1 0026346444 LICK
004 1 0026720140 RESP_END
004 1 0025796488 REWARD_END
005 1 0028583688 STIM_START
005 1 0029583816 STIM_END_RESP_START
005 1 0029653516 LICK
005 1 0029653956 REWARD_START
005 1 0029870920 LICK
005 1 0030040736 LICK
005 1 0030219684 LICK
005 1 0030783844 RESP_END
005 1 0029663436 REWARD_END
006 1 0032878352 STIM_START
006 1 0033878476 STIM_END_RESP_START
006 1 0034939512 LICK
006 1 0034939956 REWARD_START
006 1 0035078488 RESP_END
006 1 0034949428 REWARD_END
007 0 0037727144 STIM_START
007 0 0038727268 STIM_END_RESP_START
007 0 0039927288 RESP_END
008 1 0041932824 STIM_START
008 1 0042932940 STIM_END_RESP_START
008 1 0043574460 LICK
008 1 0043574896 REWARD_START
008 1 0043732604 LICK
008 1 0044083860 LICK
008 1 0044132972 RESP_END
008 1 0043584368 REWARD_END
009 0 0046363540 STIM_START
009 0 0047363668 STIM_END_RESP_START
009 0 0048563688 RESP_END
010 1 0050528216 STIM_START
010 1 0051528340 STIM_END_RESP_START
010 1 0051945840 LICK
010 1 0051946280 REWARD_START
010 1 0052159120 LICK
010 1 0052342088 LICK
010 1 0052528176 LICK
010 1 0052728376 RESP_END
010 1 0051955756 REWARD_END
011 1 0054571884 STIM_START
011 1 0055572008 STIM_END_RESP_START
011 1 0056772032 RESP_END
012 1 0058980580 STIM_START
012 1 0059980700 STIM_END_RESP_START
012 1 0060327896 LICK
012 1 0060328340 REWARD_START
012 1 0060534800 LICK
012 1 0060713756 LICK
012 1 0061037664 LICK
012 1 0061180712 RESP_END
012 1 0060337816 REWARD_END
013 0 0063263272 STIM_START
013 0 0064263400 STIM_END_RESP_START
013 0 0065463416 RESP_END
014 1 0067642000 STIM_START
014 1 0068642124 STIM_END_RESP_START
014 1 0069247008 LICK
014 1 0069247444 REWARD_START
014 1 0069428740 LICK
014 1 0069778752 LICK
014 1 0069842140 RESP_END
014 1 0069256920 REWARD_END
015 1 0072020708 STIM_START
015 1 0073020832 STIM_END_RESP_START
015 1 0073881068 LICK
015 1 0073881504 REWARD_START
015 1 0074094280 LICK
015 1 0074220860 RESP_END
015 1 0073890984 REWARD_END
016 0 0076169392 STIM_START
016 0 0077169508 STIM_END_RESP_START
016 0 0078369532 RESP_END
017 1 0081614252 STIM_START
017 1 0082614376 STIM_END_RESP_START
017 1 0082687464 LICK
017 1 0082687900 REWARD_START
017 1 0082902292 LICK
017 1 0083236836 LICK
017 1 0083409336 LICK
017 1 0083814396 RESP_END
017 1 0082697384 REWARD_END
018 1 0085938944 STIM_START
018 1 0086939072 STIM_END_RESP_START
018 1 0088139092 RESP_END
019 0 0089998604 STIM_START
019 0 0090998724 STIM_END_RESP_START
019 0 0092198744 RESP_END
020 0 0094123296 STIM_START
020 0 0095123416 STIM_END_RESP_START
020 0 0096323436 RESP_END
021 0 0098243956 STIM_START
021 0 0099244084 STIM_END_RESP_START
021 0 0099319880 LICK
021 0 0099320316 TIMEOUT_START
021 0 0099510688 LICK
021 0 0099511128 TIMEOUT_START
021 0 0099731048 LICK
021 0 0099731492 TIMEOUT_START
021 0 0100444124 RESP_END
021 0 0106731952 TIMEOUT_END
022 1 0108616628 STIM_START
022 1 0109616768 STIM_END_RESP_START
022 1 0110161716 LICK
022 1 0110162204 REWARD_START
022 1 0110436508 LICK
022 1 0110603928 LICK
022 1 0110768356 LICK
022 1 0110816796 RESP_END
022 1 0110171724 REWARD_END
023 0 0112813316 STIM_START
023 0 0113813452 STIM_END_RESP_START
023 0 0115013488 RESP_END
024 1 0117149008 STIM_START
024 1 0118149148 STIM_END_RESP_START
024 1 0119349176 RESP_END
025 0 0121506708 STIM_START
025 0 0122506852 STIM_END_RESP_START
025 0 0123706888 RESP_END
026 0 0126265492 STIM_START
026 0 0127265624 STIM_END_RESP_START
026 0 0128465664 RESP_END
027 1 0132383468 STIM_START
027 1 0133383608 STIM_END_RESP_START
027 1 0133813932 LICK
027 1 0133814420 REWARD_START
027 1 0134020736 LICK
027 1 0134348764 LICK
027 1 0134562104 LICK
027 1 0134583652 RESP_END
027 1 0133823940 REWARD_END
028 0 0136398112 STIM_START
028 0 0137398252 STIM_END_RESP_START
028 0 0138598292 RESP_END
029 0 0141625960 STIM_START
029 0 0142626100 STIM_END_RESP_START
029 0 0143258968 LICK
029 0 0143259452 TIMEOUT_START
029 0 0143826140 RESP_END
029 0 0150259964 TIMEOUT_END
030 0 0152472716 STIM_START
030 0 0153472852 STIM_END_RESP_START
030 0 0153779876 LICK
030 0 0153780364 TIMEOUT_START
030 0 0154026600 LICK
030 0 0154027088 TIMEOUT_START
030 0 0154492680 LICK
030 0 0154493168 TIMEOUT_START
030 0 0154672900 RESP_END
030 0 0161493664 TIMEOUT_END
031 1 0163487500 STIM_START
031 1 0164487640 STIM_END_RESP_START
031 1 0164695916 LICK
031 1 0164696404 REWARD_START
031 1 0164947748 LICK
031 1 0165271996 LICK
031 1 0165460420 LICK
031 1 0165687680 RESP_END
031 1 0164705924 REWARD_END
032 1 0167821200 STIM_START
032 1 0168821340 STIM_END_RESP_START
032 1 0169011788 LICK
032 1 0169012276 REWARD_START
032 1 0169201384 LICK
032 1 0169511280 LICK
032 1 0169699268 LICK
032 1 0170021360 RESP_END
032 1 0169021796 REWARD_END
033 0 0171862860 STIM_START
033 0 0172863000 STIM_END_RESP_START
033 0 0174063040 RESP_END
034 0 0176045532 STIM_START
034 0 0177045672 STIM_END_RESP_START
034 0 0177375584 LICK
034 0 0177376068 TIMEOUT_START
034 0 0177564784 LICK
034 0 0177565268 TIMEOUT_START
034 0 0178245708 RESP_END
034 0 0184565788 TIMEOUT_END
035 1 0186596236 STIM_START
035 1 0187596380 STIM_END_RESP_START
035 1 0187926204 LICK
035 1 0187926692 REWARD_START
035 1 0188115420 LICK
035 1 0188460868 LICK
035 1 0188651824 LICK
035 1 0188796400 RESP_END
035 1 0187936216 REWARD_END
036 0 0190834928 STIM_START
036 0 0191835064 STIM_END_RESP_START
036 0 0192696328 LICK
036 0 0192696808 TIMEOUT_START
036 0 0192887576 LICK
036 0 0192888068 TIMEOUT_START
036 0 0193035088 RESP_END
036 0 0199888576 TIMEOUT_END
037 0 0202020744 STIM_START
037 0 0203020884 STIM_END_RESP_START
037 0 0203556916 LICK
037 0 0203557400 TIMEOUT_START
037 0 0203766652 LICK
037 0 0203767144 TIMEOUT_START
037 0 0204220912 RESP_END
037 0 0210767652 TIMEOUT_END
038 0 0212672448 STIM_START
038 0 0213211972 LICK
038 0 0213447492 LICK
038 0 0213672600 STIM_END_RESP_START
038 0 0214872636 RESP_END
039 1 0216738128 STIM_START
039 1 0217738272 STIM_END_RESP_START
039 1 0218489168 LICK
039 1 0218489652 REWARD_START
039 1 0218747320 LICK
039 1 0218938300 RESP_END
039 1 0218499180 REWARD_END
040 1 0221148840 STIM_START
040 1 0222148984 STIM_END_RESP_START
040 1 0222510476 LICK
040 1 0222510960 REWARD_START
040 1 0222681324 LICK
040 1 0222991416 LICK
040 1 0223192808 LICK
040 1 0223348992 RESP_END
040 1 0222520488 REWARD_END
041 1 0225557536 STIM_START
041 1 0225669432 LICK
041 1 0225844712 LICK
041 1 0226074756 LICK
041 1 0226264344 LICK
041 1 0226463916 LICK
041 1 0226557668 STIM_END_RESP_START
041 1 0227757708 RESP_END
042 0 0229801240 STIM_START
042 0 0230801376 STIM_END_RESP_START
042 0 0232001412 RESP_END
043 1 0234158932 STIM_START
043 1 0235159072 STIM_END_RESP_START
043 1 0235530144 LICK
043 1 0235530636 REWARD_START
043 1 0235705920 LICK
043 1 0236047500 LICK
043 1 0236230384 LICK
043 1 0236359092 RESP_END
043 1 0235540156 REWARD_END
044 0 0238589644 STIM_START
044 0 0239066572 LICK
044 0 0239245928 LICK
044 0 0239442060 LICK
044 0 0239589784 STIM_END_RESP_START
044 0 0240789824 RESP_END
045 0 0243031368 STIM_START
045 0 0244031508 STIM_END_RESP_START
045 0 0245231544 RESP_END
046 1 0247014004 STIM_START
046 1 0248014144 STIM_END_RESP_START
046 1 0248424952 LICK
046 1 0248425436 REWARD_START
046 1 0248625208 LICK
046 1 0248953864 LICK
046 1 0249138424 LICK
046 1 0249214184 RESP_END
046 1 0248434964 REWARD_END
047 0 0251425720 STIM_START
047 0 0252425864 STIM_END_RESP_START
047 0 0253625900 RESP_END
048 1 0255431388 STIM_START
048 1 0256431528 STIM_END_RESP_START
048 1 0256615976 LICK
048 1 0256616468 REWARD_START
048 1 0256800288 LICK
048 1 0257113880 LICK
048 1 0257631548 RESP_END
048 1 0256625984 REWARD_END
049 1 0260210140 STIM_START
049 1 0261210280 STIM_END_RESP_START
049 1 0261586376 LICK
049 1 0261586864 REWARD_START
049 1 0261803960 LICK
049 1 0262122312 LICK
049 1 0262305820 LICK
049 1 0262410304 RESP_END
049 1 0261596392 REWARD_END
050 1 0264357856 STIM_START
050 1 0265357996 STIM_END_RESP_START
050 1 0265505628 LICK
050 1 0265506120 REWARD_START
050 1 0265712928 LICK
050 1 0265886180 LICK
050 1 0266058056 LICK
050 1 0266558024 RESP_END
050 1 0265515640 REWARD_END
051 0 0268507476 STIM_START
051 0 0269507620 STIM_END_RESP_START
051 0 0270707652 RESP_END
052 0 0272761172 STIM_START
052 0 0273761312 STIM_END_RESP_START
052 0 0274961344 RESP_END
053 0 0277010860 STIM_START
053 0 0278011004 STIM_END_RESP_START
053 0 0278677612 LICK
053 0 0278678096 TIMEOUT_START
053 0 0278873376 LICK
053 0 0278873860 TIMEOUT_START
053 0 0279211040 RESP_END
053 0 0285874372 TIMEOUT_END
054 1 0288073656 STIM_START
054 1 0289073796 STIM_END_RESP_START
054 1 0289326484 LICK
054 1 0289326968 REWARD_START
054 1 0289529436 LICK
054 1 0289847992 LICK
054 1 0290188832 LICK
054 1 0290273816 RESP_END
054 1 0289336496 REWARD_END
055 1 0292270320 STIM_START
055 1 0293270452 STIM_END_RESP_START
055 1 0293633864 LICK
055 1 0293634352 REWARD_START
055 1 0293787692 LICK
055 1 0293974092 LICK
055 1 0294122296 LICK
055 1 0294289416 LICK
055 1 0294470480 RESP_END
055 1 0293643872 REWARD_END
056 1 0296698036 STIM_START
056 1 0297698172 STIM_END_RESP_START
056 1 0298450504 LICK
056 1 0298450996 REWARD_START
056 1 0298638732 LICK
056 1 0298808444 LICK
056 1 0298898200 RESP_END
056 1 0298460520 REWARD_END
057 0 0300893732 STIM_START
057 0 0301893872 STIM_END_RESP_START
057 0 0303093912 RESP_END
058 1 0304956368 STIM_START
058 1 0305956508 STIM_END_RESP_START
058 1 0306111884 LICK
058 1 0306112372 REWARD_START
058 1 0306282796 LICK
058 1 0306600180 LICK
058 1 0306787104 LICK
058 1 0307156540 RESP_END
058 1 0306121900 REWARD_END
059 1 0309273084 STIM_START
059 1 0310273228 STIM_END_RESP_START
059 1 0310403456 LICK
059 1 0310403940 REWARD_START
059 1 0310590460 LICK
059 1 0310766440 LICK
059 1 0310916868 LICK
059 1 0311473256 RESP_END
059 1 0310413468 REWARD_END
060 0 0314896972 STIM_START
060 0 0315897112 STIM_END_RESP_START
060 0 0317097152 RESP_END
061 0 0319321688 STIM_START
061 0 0320321832 STIM_END_RESP_START
061 0 0320588952 LICK
061 0 0320589436 TIMEOUT_START
061 0 0320758156 LICK
061 0 0320758640 TIMEOUT_START
061 0 0321521844 RESP_END
061 0 0327759152 TIMEOUT_END
062 0 0329544344 STIM_START
062 0 0330544484 STIM_END_RESP_START
062 0 0330895904 LICK
062 0 0330896396 TIMEOUT_START
062 0 0331744492 RESP_END
062 0 0337896892 TIMEOUT_END
063 1 0339919044 STIM_START
063 1 0340919176 STIM_END_RESP_START
063 1 0341342848 LICK
063 1 0341343340 REWARD_START
063 1 0341563356 LICK
063 1 0341904776 LICK
063 1 0342089896 LICK
063 1 0342119220 RESP_END
063 1 0341352860 REWARD_END
064 0 0344157700 STIM_START
064 0 0345157844 STIM_END_RESP_START
064 0 0346174172 LICK
064 0 0346174664 TIMEOUT_START
064 0 0346328992 LICK
064 0 0346329484 TIMEOUT_START
064 0 0346357872 RESP_END
064 0 0353329988 TIMEOUT_END
065 0 0355494552 STIM_START
065 0 0356494700 STIM_END_RESP_START
065 0 0356620588 LICK
065 0 0356621072 TIMEOUT_START
065 0 0356851872 LICK
065 0 0356852356 TIMEOUT_START
065 0 0357694716 RESP_END
065 0 0363852868 TIMEOUT_END
066 0 0365820200 STIM_START
066 0 0366820336 STIM_END_RESP_START
066 0 0366995480 LICK
066 0 0366995964 TIMEOUT_START
066 0 0367237768 LICK
066 0 0367238256 TIMEOUT_START
066 0 0368020368 RESP_END
066 0 0374238768 TIMEOUT_END
067 1 0376300900 STIM_START
067 1 0377301040 STIM_END_RESP_START
067 1 0377512376 LICK
067 1 0377512860 REWARD_START
067 1 0377739836 LICK
067 1 0378061856 LICK
067 1 0378229972 LICK
067 1 0378501092 RESP_END
067 1 0377522388 REWARD_END
068 1 0380697648 STIM_START
068 1 0381697784 STIM_END_RESP_START
068 1 0382135096 LICK
068 1 0382135588 REWARD_START
068 1 0382630380 LICK
068 1 0382831652 LICK
068 1 0382897796 RESP_END
068 1 0382145112 REWARD_END
069 1 0384911296 STIM_START
069 1 0385911436 STIM_END_RESP_START
069 1 0386515316 LICK
069 1 0386515800 REWARD_START
069 1 0386685448 LICK
069 1 0387025144 LICK
069 1 0387111460 RESP_END
069 1 0386525328 REWARD_END
070 0 0389403016 STIM_START
070 0 0390104192 LICK
070 0 0390254496 LICK
070 0 0390403132 STIM_END_RESP_START
070 0 0390445816 LICK
070 0 0390446304 TIMEOUT_START
070 0 0390684196 LICK
070 0 0390684684 TIMEOUT_START
070 0 0391603168 RESP_END
070 0 0397685192 TIMEOUT_END
071 1 0399889712 STIM_START
071 1 0400889848 STIM_END_RESP_START
071 1 0402089888 RESP_END
072 0 0404222416 STIM_START
072 0 0404498956 LICK
072 0 0405222528 STIM_END_RESP_START
072 0 0406422568 RESP_END
073 1 0408556116 STIM_START
073 1 0409556260 STIM_END_RESP_START
073 1 0410756300 RESP_END
074 1 0412955820 STIM_START
074 1 0413955956 STIM_END_RESP_START
074 1 0415155996 RESP_END
075 1 0417420556 STIM_START
075 1 0418420692 STIM_END_RESP_START
075 1 0419620732 RESP_END
076 0 0421678236 STIM_START
076 0 0422678368 STIM_END_RESP_START
076 0 0423878408 RESP_END
077 1 0425910916 STIM_START
077 1 0426911056 STIM_END_RESP_START
077 1 0427387368 LICK
077 1 0427387852 REWARD_START
077 1 0427681168 LICK
077 1 0428021392 LICK
077 1 0428111088 RESP_END
077 1 0427397380 REWARD_END
078 0 0430319708 STIM_START
078 0 0431319844 STIM_END_RESP_START
078 0 0432318276 LICK
078 0 0432318768 TIMEOUT_START
078 0 0432495880 LICK
078 0 0432496364 TIMEOUT_START
078 0 0432519864 RESP_END
078 0 0439496872 TIMEOUT_END
079 0 0441587452 STIM_START
079 0 0442587604 STIM_END_RESP_START
079 0 0443787640 RESP_END
080 1 0445809192 STIM_START
080 1 0446809332 STIM_END_RESP_START
080 1 0448009368 RESP_END
081 0 0449788776 STIM_START
081 0 0450788920 STIM_END_RESP_START
081 0 0451988956 RESP_END
082 1 0453974452 STIM_START
082 1 0454974592 STIM_END_RESP_START
082 1 0455451776 LICK
082 1 0455452260 REWARD_START
082 1 0455671348 LICK
082 1 0456006004 LICK
082 1 0456174628 RESP_END
082 1 0455461784 REWARD_END
083 1 0458064116 STIM_START
083 1 0459064252 STIM_END_RESP_START
083 1 0459601412 LICK
083 1 0459601896 REWARD_START
083 1 0459761912 LICK
083 1 0460081052 LICK
083 1 0460264072 LICK
083 1 0460264584 RESP_END
083 1 0459611424 REWARD_END
084 0 0462473828 STIM_START
084 0 0463473976 STIM_END_RESP_START
084 0 0464100132 LICK
084 0 0464100624 TIMEOUT_START
084 0 0464283304 LICK
084 0 0464283792 TIMEOUT_START
084 0 0464674020 RESP_END
084 0 0471284300 TIMEOUT_END
085 0 0473038552 STIM_START
085 0 0474038692 STIM_END_RESP_START
085 0 0474532484 LICK
085 0 0474532972 TIMEOUT_START
085 0 0474721204 LICK
085 0 0474721696 TIMEOUT_START
085 0 0475238728 RESP_END
085 0 0481722200 TIMEOUT_END
086 1 0483549232 STIM_START
086 1 0484549368 STIM_END_RESP_START
086 1 0485007984 LICK
086 1 0485008476 REWARD_START
086 1 0485204088 LICK
086 1 0485749404 RESP_END
086 1 0485017996 REWARD_END
087 0 0487520872 STIM_START
087 0 0488521016 STIM_END_RESP_START
087 0 0488636412 LICK
087 0 0488636904 TIMEOUT_START
087 0 0488826180 LICK
087 0 0488826664 TIMEOUT_START
087 0 0488976792 LICK
087 0 0488977276 TIMEOUT_START
087 0 0489721052 RESP_END
087 0 0495977788 TIMEOUT_END
088 1 0497933556 STIM_START
088 1 0498933696 STIM_END_RESP_START
088 1 0500133736 RESP_END
089 1 0502531288 STIM_START
089 1 0503531424 STIM_END_RESP_START
089 1 0504731464 RESP_END
090 1 0506841996 STIM_START
090 1 0507842140 STIM_END_RESP_START
090 1 0508135728 LICK
090 1 0508136216 REWARD_START
090 1 0508392224 LICK
090 1 0508685984 LICK
090 1 0509042188 RESP_END
090 1 0508145744 REWARD_END
091 0 0510831636 STIM_START
091 0 0511831776 STIM_END_RESP_START
091 0 0512636156 LICK
091 0 0512636644 TIMEOUT_START
091 0 0512827940 LICK
091 0 0512828432 TIMEOUT_START
091 0 0513031800 RESP_END
091 0 0519828924 TIMEOUT_END
092 1 0521919436 STIM_START
092 1 0522919580 STIM_END_RESP_START
092 1 0523456620 LICK
092 1 0523457108 REWARD_START
092 1 0523648488 LICK
092 1 0523962092 LICK
092 1 0524119624 RESP_END
092 1 0523466632 REWARD_END
093 1 0526162112 STIM_START
093 1 0527162248 STIM_END_RESP_START
093 1 0527512400 LICK
093 1 0527512892 REWARD_START
093 1 0527688612 LICK
093 1 0527999352 LICK
093 1 0528175340 LICK
093 1 0528362280 RESP_END
093 1 0527522412 REWARD_END
094 0 0530248776 STIM_START
094 0 0531248912 STIM_END_RESP_START
094 0 0532448952 RESP_END
095 1 0534414448 STIM_START
095 1 0535342332 LICK
095 1 0535414564 STIM_END_RESP_START
095 1 0535539616 LICK
095 1 0535540108 REWARD_START
095 1 0536614604 RESP_END
095 1 0535549628 REWARD_END
096 0 0538482224 STIM_START
096 0 0539482364 STIM_END_RESP_START
096 0 0540682404 RESP_END
097 1 0542600772 STIM_START
097 1 0543600916 STIM_END_RESP_START
097 1 0544007988 LICK
097 1 0544008476 REWARD_START
097 1 0544318832 LICK
097 1 0544610808 LICK
097 1 0544800944 RESP_END
097 1 0544017996 REWARD_END
098 1 0546754448 STIM_START
098 1 0547733564 LICK
098 1 0547754564 STIM_END_RESP_START
098 1 0547909620 LICK
098 1 0547910112 REWARD_START
098 1 0548053112 LICK
098 1 0548229416 LICK
098 1 0548954580 RESP_END
098 1 0547919632 REWARD_END
099 1 0551188176 STIM_START
099 1 0552188316 STIM_END_RESP_START
099 1 0552200760 LICK
099 1 0552201252 REWARD_START
099 1 0552369384 LICK
099 1 0552540484 LICK
099 1 0553388360 RESP_END
099 1 0552210756 REWARD_END
100 0 0555428836 STIM_START
100 0 0556428980 STIM_END_RESP_START
100 0 0557097764 LICK
100 0 0557098252 TIMEOUT_START
100 0 0557267992 LICK
100 0 0557268476 TIMEOUT_START
100 0 0557421624 LICK
100 0 0557422108 TIMEOUT_START
100 0 0557628996 RESP_END
100 0 0564422608 TIMEOUT_END
101 0 0566234592 STIM_START
101 0 0567234732 STIM_END_RESP_START
101 0 0567624664 LICK
101 0 0567625152 TIMEOUT_START
101 0 0567802668 LICK
101 0 0567803156 TIMEOUT_START
101 0 0568434780 RESP_END
101 0 0574803656 TIMEOUT_END
102 0 0576993336 STIM_START
102 0 0577993468 STIM_END_RESP_START
102 0 0578680932 LICK
102 0 0578681416 TIMEOUT_START
102 0 0578876300 LICK
102 0 0578876792 TIMEOUT_START
102 0 0579193508 RESP_END
102 0 0585877288 TIMEOUT_END
103 1 0587717068 STIM_START
103 1 0588717212 STIM_END_RESP_START
103 1 0589278088 LICK
103 1 0589278580 REWARD_START
103 1 0589519756 LICK
103 1 0589693888 LICK
103 1 0589917244 RESP_END
103 1 0589288100 REWARD_END
104 1 0592033756 STIM_START
104 1 0593033896 STIM_END_RESP_START
104 1 0593222604 LICK
104 1 0593223096 REWARD_START
104 1 0593368512 LICK
104 1 0593543412 LICK
104 1 0594233944 RESP_END
104 1 0593232616 REWARD_END
105 0 0596412452 STIM_START
105 0 0596886264 LICK
105 0 0597088728 LICK
105 0 0597252908 LICK
105 0 0597412584 STIM_END_RESP_START
105 0 0598612620 RESP_END
106 1 0600934196 STIM_START
106 1 0601855324 LICK
106 1 0601934312 STIM_END_RESP_START
106 1 0602049308 LICK
106 1 0602049800 REWARD_START
106 1 0602287836 LICK
106 1 0602456564 LICK
106 1 0602649996 LICK
106 1 0603134328 RESP_END
106 1 0602059324 REWARD_END
107 0 0605112868 STIM_START
107 0 0606113008 STIM_END_RESP_START
107 0 0606298928 LICK
107 0 0606299416 TIMEOUT_START
107 0 0606458972 LICK
107 0 0606459456 TIMEOUT_START
107 0 0607313024 RESP_END
107 0 0613459972 TIMEOUT_END
108 1 0615306516 STIM_START
108 1 0616306648 STIM_END_RESP_START
108 1 0616499552 LICK
108 1 0616500036 REWARD_START
108 1 0616703356 LICK
108 1 0617056640 LICK
108 1 0617202076 LICK
108 1 0617506696 RESP_END
108 1 0616509564 REWARD_END
109 0 0619590196 STIM_START
109 0 0620590340 STIM_END_RESP_START
109 0 0620648420 LICK
109 0 0620648912 TIMEOUT_START
109 0 0620815780 LICK
109 0 0620816264 TIMEOUT_START
109 0 0621016160 LICK
109 0 0621016644 TIMEOUT_START
109 0 0621790352 RESP_END
109 0 0628017156 TIMEOUT_END
110 0 0630123908 STIM_START
110 0 0631124048 STIM_END_RESP_START
110 0 0631811540 LICK
110 0 0631812024 TIMEOUT_START
110 0 0632324080 RESP_END
110 0 0638812536 TIMEOUT_END
111 1 0640987652 STIM_START
111 1 0641987792 STIM_END_RESP_START
111 1 0642428472 LICK
111 1 0642428964 REWARD_START
111 1 0642831556 LICK
111 1 0643187824 RESP_END
111 1 0642438484 REWARD_END
112 1 0645449368 STIM_START
112 1 0646449508 STIM_END_RESP_START
112 1 0646498340 LICK
112 1 0646498828 REWARD_START
112 1 0646697288 LICK
112 1 0647009824 LICK
112 1 0647186528 LICK
112 1 0647649556 RESP_END
112 1 0646508348 REWARD_END
113 1 0649789076 STIM_START
113 1 0649850124 LICK
113 1 0650008020 LICK
113 1 0650789216 STIM_END_RESP_START
113 1 0651989256 RESP_END
114 0 0656622168 STIM_START
114 0 0657622308 STIM_END_RESP_START
114 0 0658822348 RESP_END
115 0 0661059884 STIM_START
115 0 0662060020 STIM_END_RESP_START
115 0 0663260056 RESP_END
116 0 0665175544 STIM_START
116 0 0666175688 STIM_END_RESP_START
116 0 0667375728 RESP_END
117 1 0669321224 STIM_START
117 1 0670321356 STIM_END_RESP_START
117 1 0670961072 LICK
117 1 0670961556 REWARD_START
117 1 0671212696 LICK
117 1 0671521388 RESP_END
117 1 0670971088 REWARD_END
118 0 0673339872 STIM_START
118 0 0674340012 STIM_END_RESP_START
118 0 0675540052 RESP_END
119 0 0677498536 STIM_START
119 0 0678498680 STIM_END_RESP_START
119 0 0679698716 RESP_END
120 1 0681831240 STIM_START
120 1 0682274976 LICK
120 1 0682597544 LICK
120 1 0682831364 STIM_END_RESP_START
120 1 0684031404 RESP_END
121 0 0686058936 STIM_START
121 0 0686072444 LICK
121 0 0687059080 STIM_END_RESP_START
121 0 0688259120 RESP_END
122 0 0696195532 STIM_START
122 0 0697195676 STIM_END_RESP_START
122 0 0698395712 RESP_END
123 0 0700566240 STIM_START
123 0 0701566384 STIM_END_RESP_START
123 0 0702766424 RESP_END
124 1 0704705904 STIM_START
124 1 0705706044 STIM_END_RESP_START
124 1 0706173584 LICK
124 1 0706174076 REWARD_START
124 1 0706362216 LICK
124 1 0706692340 LICK
124 1 0706906072 RESP_END
124 1 0706183600 REWARD_END
125 1 0708737564 STIM_START
125 1 0709737704 STIM_END_RESP_START
125 1 0710139180 LICK
125 1 0710139668 REWARD_START
125 1 0710311076 LICK
125 1 0710475576 LICK
125 1 0710819884 LICK
125 1 0710937752 RESP_END
125 1 0710149196 REWARD_END
126 0 0713079260 STIM_START
126 0 0713116584 LICK
126 0 0714079376 STIM_END_RESP_START
126 0 0715279416 RESP_END
127 0 0717332948 STIM_START
127 0 0718333088 STIM_END_RESP_START
127 0 0719533128 RESP_END
128 1 0721490620 STIM_START
128 1 0722490764 STIM_END_RESP_START
128 1 0722718200 LICK
128 1 0722718688 REWARD_START
128 1 0722870332 LICK
128 1 0723226124 LICK
128 1 0723402348 LICK
128 1 0723690780 RESP_END
128 1 0722728216 REWARD_END
129 0 0725923352 STIM_START
129 0 0726923492 STIM_END_RESP_START
129 0 0728123532 RESP_END
130 1 0730022988 STIM_START
130 1 0731023124 STIM_END_RESP_START
130 1 0731286792 LICK
130 1 0731287280 REWARD_START
130 1 0731461800 LICK
130 1 0731644548 LICK
130 1 0731960676 LICK
130 1 0732223160 RESP_END
130 1 0731296808 REWARD_END
131 0 0734208664 STIM_START
131 0 0735208804 STIM_END_RESP_START
131 0 0736408844 RESP_END
132 1 0738246328 STIM_START
132 1 0739246468 STIM_END_RESP_START
132 1 0739522848 LICK
132 1 0739523332 REWARD_START
132 1 0739712672 LICK
132 1 0740028152 LICK
132 1 0740202064 LICK
132 1 0740446500 RESP_END
132 1 0739532860 REWARD_END
133 1 0742417996 STIM_START
133 1 0743418136 STIM_END_RESP_START
133 1 0743477880 LICK
133 1 0743478372 REWARD_START
133 1 0743656660 LICK
133 1 0743846248 LICK
133 1 0744618148 RESP_END
133 1 0743487892 REWARD_END
134 1 0746533656 STIM_START
134 1 0747457648 LICK
134 1 0747533792 STIM_END_RESP_START
134 1 0747604904 LICK
134 1 0747605396 REWARD_START
134 1 0747802472 LICK
134 1 0747980376 LICK
134 1 0748160528 LICK
134 1 0748733820 RESP_END
134 1 0747614900 REWARD_END
135 0 0750941360 STIM_START
135 0 0751817012 LICK
135 0 0751941512 STIM_END_RESP_START
135 0 0751996828 LICK
135 0 0751997320 TIMEOUT_START
135 0 0753141548 RESP_END
135 0 0758997832 TIMEOUT_END
136 1 0760880980 STIM_START
136 1 0761881124 STIM_END_RESP_START
136 1 0762418356 LICK
136 1 0762418844 REWARD_START
136 1 0762647256 LICK
136 1 0762982772 LICK
136 1 0763081136 RESP_END
136 1 0762428364 REWARD_END
137 0 0765277676 STIM_START
137 0 0766277820 STIM_END_RESP_START
137 0 0767477860 RESP_END
138 0 0769376356 STIM_START
138 0 0770376492 STIM_END_RESP_START
138 0 0770667980 LICK
138 0 0770668468 TIMEOUT_START
138 0 0770873424 LICK
138 0 0770873912 TIMEOUT_START
138 0 0771085252 LICK
138 0 0771085744 TIMEOUT_START
138 0 0771576520 RESP_END
138 0 0778086244 TIMEOUT_END
139 0 0780069064 STIM_START
139 0 0781069200 STIM_END_RESP_START
139 0 0781111972 LICK
139 0 0781112464 TIMEOUT_START
139 0 0781281312 LICK
139 0 0781281800 TIMEOUT_START
139 0 0782269228 RESP_END
139 0 0788282304 TIMEOUT_END
140 1 0790545748 STIM_START
140 1 0791357304 LICK
140 1 0791545896 STIM_END_RESP_START
140 1 0791587192 LICK
140 1 0791587680 REWARD_START
140 1 0791816872 LICK
140 1 0792027924 LICK
140 1 0792745940 RESP_END
140 1 0791597208 REWARD_END
141 1 0794814440 STIM_START
141 1 0795814580 STIM_END_RESP_START
141 1 0796240876 LICK
141 1 0796241368 REWARD_START
141 1 0796416972 LICK
141 1 0796610216 LICK
141 1 0796769224 LICK
141 1 0797014604 RESP_END
141 1 0796250892 REWARD_END
142 1 0798887112 STIM_START
142 1 0799887248 STIM_END_RESP_START
142 1 0800146188 LICK
142 1 0800146680 REWARD_START
142 1 0800345508 LICK
142 1 0800528864 LICK
142 1 0801087280 RESP_END
142 1 0800156200 REWARD_END
143 0 0803154776 STIM_START
143 0 0803307924 LICK
143 0 0803500448 LICK
143 0 0803654352 LICK
143 0 0804154908 STIM_END_RESP_START
143 0 0805354948 RESP_END
144 0 0807417464 STIM_START
144 0 0808417608 STIM_END_RESP_START
144 0 0808688576 LICK
144 0 0808689068 TIMEOUT_START
144 0 0808900060 LICK
144 0 0808900544 TIMEOUT_START
144 0 0809617656 RESP_END
144 0 0815901064 TIMEOUT_END
145 0 0817820148 STIM_START
145 0 0818820292 STIM_END_RESP_START
145 0 0819796888 LICK
145 0 0819797376 TIMEOUT_START
145 0 0820020336 RESP_END
145 0 0826797880 TIMEOUT_END
146 1 0828959956 STIM_START
146 1 0829906104 LICK
146 1 0829960076 STIM_END_RESP_START
146 1 0830158972 LICK
146 1 0830159460 REWARD_START
146 1 0830406716 LICK
146 1 0830740668 LICK
146 1 0830931072 LICK
146 1 0831160100 RESP_END
146 1 0830168980 REWARD_END
147 1 0833330644 STIM_START
147 1 0834330788 STIM_END_RESP_START
147 1 0834426380 LICK
147 1 0834426868 REWARD_START
147 1 0834592928 LICK
147 1 0834791848 LICK
147 1 0835530812 RESP_END
147 1 0834436396 REWARD_END
148 1 0837714356 STIM_START
148 1 0838434364 LICK
148 1 0838615912 LICK
148 1 0838714472 STIM_END_RESP_START
148 1 0839038932 LICK
148 1 0839039424 REWARD_START
148 1 0839238992 LICK
148 1 0839416864 LICK
148 1 0839568292 LICK
148 1 0839914488 RESP_END
148 1 0839048944 REWARD_END
149 0 0842001056 STIM_START
149 0 0843001196 STIM_END_RESP_START
149 0 0844201236 RESP_END
150 1 0846287736 STIM_START
150 1 0847287876 STIM_END_RESP_START
150 1 0847603092 LICK
150 1 0847603580 REWARD_START
150 1 0847790252 LICK
150 1 0848104308 LICK
150 1 0848290216 LICK
150 1 0848487904 RESP_END
150 1 0847613108 REWARD_END
151 1 0850473404 STIM_START
151 1 0851473548 STIM_END_RESP_START
151 1 0851715092 LICK
151 1 0851715580 REWARD_START
151 1 0851943724 LICK
151 1 0852074568 LICK
151 1 0852673596 RESP_END
151 1 0851725104 REWARD_END
152 1 0854438064 STIM_START
152 1 0855261864 LICK
152 1 0855438212 STIM_END_RESP_START
152 1 0855443464 LICK
152 1 0855443948 REWARD_START
152 1 0855675508 LICK
152 1 0855840016 LICK
152 1 0856013792 LICK
152 1 0856638248 RESP_END
152 1 0855453472 REWARD_END
153 0 0858476716 STIM_START
153 0 0859476852 STIM_END_RESP_START
153 0 0860676892 RESP_END
154 0 0862774388 STIM_START
154 0 0863774524 STIM_END_RESP_START
154 0 0864974564 RESP_END
155 0 0867040076 STIM_START
155 0 0868040216 STIM_END_RESP_START
155 0 0868393868 LICK
155 0 0868394356 TIMEOUT_START
155 0 0868569600 LICK
155 0 0868570080 TIMEOUT_START
155 0 0869240256 RESP_END
155 0 0875570584 TIMEOUT_END
156 1 0877482796 STIM_START
156 1 0878482940 STIM_END_RESP_START
156 1 0878535788 LICK
156 1 0878536272 REWARD_START
156 1 0878706212 LICK
156 1 0879044236 LICK
156 1 0879221228 LICK
156 1 0879682972 RESP_END
156 1 0878545796 REWARD_END
157 1 0881629428 STIM_START
157 1 0882629564 STIM_END_RESP_START
157 1 0882663572 LICK
157 1 0882664060 REWARD_START
157 1 0882849536 LICK
157 1 0883168336 LICK
157 1 0883370624 LICK
157 1 0883829600 RESP_END
157 1 0882673580 REWARD_END
158 0 0885817096 STIM_START
158 0 0886817236 STIM_END_RESP_START
158 0 0888017276 RESP_END
159 0 0890225816 STIM_START
159 0 0891225956 STIM_END_RESP_START
159 0 0892425992 RESP_END
160 1 0894268484 STIM_START
160 1 0895268620 STIM_END_RESP_START
160 1 0895405064 LICK
160 1 0895405552 REWARD_START
160 1 0895599992 LICK
160 1 0895914588 LICK
160 1 0896468664 RESP_END
160 1 0895415072 REWARD_END
161 1 0898265160 STIM_START
161 1 0899206872 LICK
161 1 0899265288 STIM_END_RESP_START
161 1 0899384408 LICK
161 1 0899384892 REWARD_START
161 1 0899591800 LICK
161 1 0899941804 LICK
161 1 0900110620 LICK
161 1 0900465328 RESP_END
161 1 0899394412 REWARD_END
162 0 0902674816 STIM_START
162 0 0903674960 STIM_END_RESP_START
162 0 0904874992 RESP_END
163 1 0906697468 STIM_START
163 1 0907697612 STIM_END_RESP_START
163 1 0907995716 LICK
163 1 0907996208 REWARD_START
163 1 0908194168 LICK
163 1 0908502976 LICK
163 1 0908670932 LICK
163 1 0908897660 RESP_END
163 1 0908005732 REWARD_END
164 1 0911087184 STIM_START
164 1 0911996224 LICK
164 1 0912087316 STIM_END_RESP_START
164 1 0912184220 LICK
164 1 0912184716 REWARD_START
164 1 0912408800 LICK
164 1 0912589608 LICK
164 1 0912762388 LICK
164 1 0913287348 RESP_END
164 1 0912194236 REWARD_END
165 0 0915059816 STIM_START
165 0 0916059956 STIM_END_RESP_START
165 0 0917259996 RESP_END
166 0 0919431524 STIM_START
166 0 0920431664 STIM_END_RESP_START
166 0 0920853620 LICK
166 0 0920854108 TIMEOUT_START
166 0 0921007588 LICK
166 0 0921008072 TIMEOUT_START
166 0 0921631700 RESP_END
166 0 0928008588 TIMEOUT_END
167 1 0930137244 STIM_START
167 1 0931137380 STIM_END_RESP_START
167 1 0931764436 LICK
167 1 0931764924 REWARD_START
167 1 0931947100 LICK
167 1 0932269112 LICK
167 1 0932337412 RESP_END
167 1 0931774448 REWARD_END
168 0 0934244936 STIM_START
168 0 0935245076 STIM_END_RESP_START
168 0 0936445116 RESP_END
169 1 0938221548 STIM_START
169 1 0939075896 LICK
169 1 0939221696 STIM_END_RESP_START
169 1 0939297108 LICK
169 1 0939297596 REWARD_START
169 1 0939480932 LICK
169 1 0939802932 LICK
169 1 0939978784 LICK
169 1 0940171652 LICK
169 1 0940421708 RESP_END
169 1 0939307124 REWARD_END
170 0 0942634252 STIM_START
170 0 0943331868 LICK
170 0 0943579624 LICK
170 0 0943634396 STIM_END_RESP_START
170 0 0944034784 LICK
170 0 0944035276 TIMEOUT_START
170 0 0944321616 LICK
170 0 0944322100 TIMEOUT_START
170 0 0944834436 RESP_END
170 0 0951322608 TIMEOUT_END
171 0 0953450004 STIM_START
171 0 0954450148 STIM_END_RESP_START
171 0 0955650188 RESP_END
172 1 0957564680 STIM_START
172 1 0958564824 STIM_END_RESP_START
172 1 0958760440 LICK
172 1 0958760928 REWARD_START
172 1 0959043180 LICK
172 1 0959225540 LICK
172 1 0959409884 LICK
172 1 0959764848 RESP_END
172 1 0958770460 REWARD_END
173 1 0961928368 STIM_START
173 1 0962928504 STIM_END_RESP_START
173 1 0963339968 LICK
173 1 0963340460 REWARD_START
173 1 0963529244 LICK
173 1 0963737696 LICK
173 1 0963904000 LICK
173 1 0964128536 RESP_END
173 1 0963349984 REWARD_END
174 0 0966218060 STIM_START
174 0 0967218204 STIM_END_RESP_START
174 0 0968418240 RESP_END
175 1 0970197700 STIM_START
175 1 0971062916 LICK
175 1 0971197816 STIM_END_RESP_START
175 1 0971250884 LICK
175 1 0971251368 REWARD_START
175 1 0971438184 LICK
175 1 0971767516 LICK
175 1 0972130152 LICK
175 1 0972397844 RESP_END
175 1 0971260892 REWARD_END
176 1 0974629416 STIM_START
176 1 0975629560 STIM_END_RESP_START
176 1 0975971092 LICK
176 1 0975971584 REWARD_START
176 1 0976171576 LICK
176 1 0976348844 LICK
176 1 0976527368 LICK
176 1 0976829600 RESP_END
176 1 0975981108 REWARD_END
177 1 0978626056 STIM_START
177 1 0979626200 STIM_END_RESP_START
177 1 0980826240 RESP_END
178 0 0982601704 STIM_START
178 0 0983601848 STIM_END_RESP_START
178 0 0984801888 RESP_END
179 0 0986914392 STIM_START
179 0 0987914532 STIM_END_RESP_START
179 0 0989114572 RESP_END
180 0 0990896040 STIM_START
180 0 0991896184 STIM_END_RESP_START
180 0 0993096228 RESP_END
181 1 0995030708 STIM_START
181 1 0996030852 STIM_END_RESP_START
181 1 0997230896 RESP_END
182 1 0999071352 STIM_START
182 1 1000071496 STIM_END_RESP_START
182 1 1001271512 RESP_END
183 1 1003326040 STIM_START
183 1 1004326160 STIM_END_RESP_START
183 1 1005526180 RESP_END
184 0 1007693740 STIM_START
184 0 1008693860 STIM_END_RESP_START
184 0 1009893876 RESP_END
185 0 1011745416 STIM_START
185 0 1012745536 STIM_END_RESP_START
185 0 1013945556 RESP_END
186 0 1016031084 STIM_START
186 0 1017031204 STIM_END_RESP_START
186 0 1018231224 RESP_END
187 1 1020006740 STIM_START
187 1 1021006856 STIM_END_RESP_START
187 1 1022206872 RESP_END
188 1 1024016404 STIM_START
188 1 1025016512 STIM_END_RESP_START
188 1 1025717064 LICK
188 1 1025717600 REWARD_START
188 1 1025901616 LICK
188 1 1026216556 RESP_END
188 1 1025727168 REWARD_END
189 0 1028486096 STIM_START
189 0 1029486212 STIM_END_RESP_START
189 0 1030686232 RESP_END
190 1 1032829820 STIM_START
190 1 1033829940 STIM_END_RESP_START
190 1 1033998412 LICK
190 1 1033998944 REWARD_START
190 1 1034328056 LICK
190 1 1034654900 LICK
190 1 1035029984 RESP_END
190 1 1034008512 REWARD_END
191 0 1037298512 STIM_START
191 0 1038298632 STIM_END_RESP_START
191 0 1038905092 LICK
191 0 1038905632 TIMEOUT_START
191 0 1039060144 LICK
191 0 1039060676 TIMEOUT_START
191 0 1039223772 LICK
191 0 1039224312 TIMEOUT_START
191 0 1039498648 RESP_END
191 0 1046224868 TIMEOUT_END
192 1 1048211288 STIM_START
192 1 1049211440 STIM_END_RESP_START
192 1 1049213468 LICK
192 1 1049214012 REWARD_START
192 1 1049416964 LICK
192 1 1049737072 LICK
192 1 1049905828 LICK
192 1 1050411460 RESP_END
192 1 1049223580 REWARD_END
193 1 1052266920 STIM_START
193 1 1053267040 STIM_END_RESP_START
193 1 1053327752 LICK
193 1 1053328280 REWARD_START
193 1 1053547652 LICK
193 1 1053700952 LICK
193 1 1053875364 LICK
193 1 1054467084 RESP_END
193 1 1053337856 REWARD_END
194 0 1056384592 STIM_START
194 0 1057278564 LICK
194 0 1057384736 STIM_END_RESP_START
194 0 1057508064 LICK
194 0 1057508600 TIMEOUT_START
194 0 1057690164 LICK
194 0 1057690696 TIMEOUT_START
194 0 1057917960 LICK
194 0 1057918488 TIMEOUT_START
194 0 1058584752 RESP_END
194 0 1064919056 TIMEOUT_END
195 0 1066960292 STIM_START
195 0 1067893772 LICK
195 0 1067960412 STIM_END_RESP_START
195 0 1068084096 LICK
195 0 1068084632 TIMEOUT_START
195 0 1068298236 LICK
195 0 1068298772 TIMEOUT_START
195 0 1069160424 RESP_END
195 0 1075299344 TIMEOUT_END
196 0 1077155020 STIM_START
196 0 1078155136 STIM_END_RESP_START
196 0 1079355156 RESP_END
197 1 1081477632 STIM_START
197 1 1082477748 STIM_END_RESP_START
197 1 1083381840 LICK
197 1 1083382372 REWARD_START
197 1 1083590756 LICK
197 1 1083677764 RESP_END
197 1 1083391940 REWARD_END
198 1 1086129380 STIM_START
198 1 1087129492 STIM_END_RESP_START
198 1 1087199304 LICK
198 1 1087199840 REWARD_START
198 1 1087377312 LICK
198 1 1087557220 LICK
198 1 1088329520 RESP_END
198 1 1087209412 REWARD_END
199 0 1090157028 STIM_START
199 0 1090689556 LICK
199 0 1090891148 LICK
199 0 1091071832 LICK
199 0 1091157176 STIM_END_RESP_START
199 0 1092357192 RESP_END
200 1 1094376736 STIM_START
200 1 1095200876 LICK
200 1 1095376868 STIM_END_RESP_START
200 1 1095411396 LICK
200 1 1095411936 REWARD_START
200 1 1095612340 LICK
200 1 1095803568 LICK
200 1 1096576896 RESP_END
200 1 1095421504 REWARD_END
201 1 1098770416 STIM_START
201 1 1099770536 STIM_END_RESP_START
201 1 1099834740 LICK
201 1 1099835276 REWARD_START
201 1 1100014176 LICK
201 1 1100328912 LICK
201 1 1100518652 LICK
201 1 1100970572 RESP_END
201 1 1099844852 REWARD_END
202 0 1103202124 STIM_START
202 0 1104190108 LICK
202 0 1104202268 STIM_END_RESP_START
202 0 1104363620 LICK
202 0 1104364148 TIMEOUT_START
202 0 1105402304 RESP_END
202 0 1111364708 TIMEOUT_END
203 0 1113157732 STIM_START
203 0 1114157848 STIM_END_RESP_START
203 0 1115357868 RESP_END
204 0 1117427424 STIM_START
204 0 1118427544 STIM_END_RESP_START
204 0 1118868400 LICK
204 0 1118868936 TIMEOUT_START
204 0 1119117676 LICK
204 0 1119118208 TIMEOUT_START
204 0 1119627560 RESP_END
204 0 1126118772 TIMEOUT_END
205 1 1127908112 STIM_START
205 1 1128908232 STIM_END_RESP_START
205 1 1129207112 LICK
205 1 1129207644 REWARD_START
205 1 1129433464 LICK
205 1 1129767132 LICK
205 1 1129956624 LICK
205 1 1130108268 RESP_END
205 1 1129217220 REWARD_END
206 1 1132183792 STIM_START
206 1 1133097348 LICK
206 1 1133183916 STIM_END_RESP_START
206 1 1133274332 LICK
206 1 1133274864 REWARD_START
206 1 1133467712 LICK
206 1 1133655788 LICK
206 1 1133816904 LICK
206 1 1133983816 LICK
206 1 1134383952 RESP_END
206 1 1133284440 REWARD_END
207 0 1136332468 STIM_START
207 0 1137332588 STIM_END_RESP_START
207 0 1137554148 LICK
207 0 1137554684 TIMEOUT_START
207 0 1137768628 LICK
207 0 1137769160 TIMEOUT_START
207 0 1138532624 RESP_END
207 0 1144769716 TIMEOUT_END
208 0 1146874168 STIM_START
208 0 1147874284 STIM_END_RESP_START
208 0 1149074304 RESP_END
209 1 1151066840 STIM_START
209 1 1152066960 STIM_END_RESP_START
209 1 1152296040 LICK
209 1 1152296572 REWARD_START
209 1 1152513584 LICK
209 1 1152809628 LICK
209 1 1153266976 RESP_END
209 1 1152306140 REWARD_END
210 1 1155502548 STIM_START
210 1 1156426748 LICK
210 1 1156502684 STIM_END_RESP_START
210 1 1156629996 LICK
210 1 1156630536 REWARD_START
210 1 1156811836 LICK
210 1 1156996128 LICK
210 1 1157141576 LICK
210 1 1157702708 RESP_END
210 1 1156640104 REWARD_END
211 0 1159542200 STIM_START
211 0 1160542324 STIM_END_RESP_START
211 0 1160688532 LICK
211 0 1160689068 TIMEOUT_START
211 0 1160881816 LICK
211 0 1160882356 TIMEOUT_START
211 0 1161742344 RESP_END
211 0 1167882916 TIMEOUT_END
212 0 1169793864 STIM_START
212 0 1170793984 STIM_END_RESP_START
212 0 1170963244 LICK
212 0 1170963780 TIMEOUT_START
212 0 1171146264 LICK
212 0 1171146804 TIMEOUT_START
212 0 1171994032 RESP_END
212 0 1178147360 TIMEOUT_END
213 0 1180017524 STIM_START
213 0 1181017644 STIM_END_RESP_START
213 0 1181646292 LICK
213 0 1181646824 TIMEOUT_START
213 0 1181841764 LICK
213 0 1181842296 TIMEOUT_START
213 0 1182217684 RESP_END
213 0 1188842852 TIMEOUT_END
214 1 1190872272 STIM_START
214 1 1191872384 STIM_END_RESP_START
214 1 1192546080 LICK
214 1 1192546620 REWARD_START
214 1 1192744448 LICK
214 1 1193061952 LICK
214 1 1193072428 RESP_END
214 1 1192556192 REWARD_END
215 0 1195069924 STIM_START
215 0 1195948480 LICK
215 0 1196070060 STIM_END_RESP_START
215 0 1196318400 LICK
215 0 1196318940 TIMEOUT_START
215 0 1196556608 LICK
215 0 1196557140 TIMEOUT_START
215 0 1197270084 RESP_END
215 0 1203557696 TIMEOUT_END
216 0 1205435600 STIM_START
216 0 1206430408 LICK
216 0 1206435740 STIM_END_RESP_START
216 0 1206623144 LICK
216 0 1206623684 TIMEOUT_START
216 0 1206837688 LICK
216 0 1206838220 TIMEOUT_START
216 0 1207635764 RESP_END
216 0 1213838784 TIMEOUT_END
217 1 1216031312 STIM_START
217 1 1217031432 STIM_END_RESP_START
217 1 1217228400 LICK
217 1 1217228940 REWARD_START
217 1 1217450796 LICK
217 1 1217783268 LICK
217 1 1217967640 LICK
217 1 1218231472 RESP_END
217 1 1217238508 REWARD_END
218 1 1220078952 STIM_START
218 1 1220962772 LICK
218 1 1221079068 STIM_END_RESP_START
218 1 1221119776 LICK
218 1 1221120316 REWARD_START
218 1 1221323744 LICK
218 1 1221483680 LICK
218 1 1221682528 LICK
218 1 1222279108 RESP_END
218 1 1221129884 REWARD_END
219 1 1224307640 STIM_START
219 1 1225307760 STIM_END_RESP_START
219 1 1225346296 LICK
219 1 1225346828 REWARD_START
219 1 1225553516 LICK
219 1 1225755400 LICK
219 1 1226507788 RESP_END
219 1 1225356404 REWARD_END
220 0 1228630332 STIM_START
220 0 1229549708 LICK
220 0 1229630476 STIM_END_RESP_START
220 0 1229728612 LICK
220 0 1229729148 TIMEOUT_START
220 0 1230830496 RESP_END
220 0 1236729700 TIMEOUT_END
221 0 1238719960 STIM_START
221 0 1239720084 STIM_END_RESP_START
221 0 1240065652 LICK
221 0 1240066188 TIMEOUT_START
221 0 1240261832 LICK
221 0 1240262364 TIMEOUT_START
221 0 1240920120 RESP_END
221 0 1247262924 TIMEOUT_END
222 1 1249334664 STIM_START
222 1 1250334784 STIM_END_RESP_START
222 1 1251212008 LICK
222 1 1251212548 REWARD_START
222 1 1251442612 LICK
222 1 1251534816 RESP_END
222 1 1251222120 REWARD_END
223 1 1253786408 STIM_START
223 1 1254639636 LICK
223 1 1254786544 STIM_END_RESP_START
223 1 1254801180 LICK
223 1 1254801720 REWARD_START
223 1 1255027172 LICK
223 1 1255331696 LICK
223 1 1255522024 LICK
223 1 1255986580 RESP_END
223 1 1254811292 REWARD_END
224 1 1257796048 STIM_START
224 1 1258605800 LICK
224 1 1258796164 STIM_END_RESP_START
224 1 1258805428 LICK
224 1 1258805968 REWARD_START
224 1 1259013160 LICK
224 1 1259190328 LICK
224 1 1259383904 LICK
224 1 1259996184 RESP_END
224 1 1258815540 REWARD_END
225 0 1261811676 STIM_START
225 0 1262811796 STIM_END_RESP_START
225 0 1264011816 RESP_END
226 1 1266013368 STIM_START
226 1 1266807896 LICK
226 1 1267013516 STIM_END_RESP_START
226 1 1267024580 LICK
226 1 1267025128 REWARD_START
226 1 1267271372 LICK
226 1 1267569032 LICK
226 1 1267732736 LICK
226 1 1268213560 RESP_END
226 1 1267034700 REWARD_END
227 1 1270126020 STIM_START
227 1 1271062284 LICK
227 1 1271126144 STIM_END_RESP_START
227 1 1271254428 LICK
227 1 1271254960 REWARD_START
227 1 1271467668 LICK
227 1 1271664904 LICK
227 1 1271822412 LICK
227 1 1272326168 RESP_END
227 1 1271264536 REWARD_END
228 1 1274562728 STIM_START
228 1 1275562880 STIM_END_RESP_START
228 1 1275797628 LICK
228 1 1275798164 REWARD_START
228 1 1276003524 LICK
228 1 1276171904 LICK
228 1 1276762924 RESP_END
228 1 1275807732 REWARD_END
229 0 1278699400 STIM_START
229 0 1279699524 STIM_END_RESP_START
229 0 1279867584 LICK
229 0 1279868124 TIMEOUT_START
229 0 1280040028 LICK
229 0 1280040556 TIMEOUT_START
229 0 1280899568 RESP_END
229 0 1287041116 TIMEOUT_END
230 0 1289240088 STIM_START
230 0 1290240212 STIM_END_RESP_START
230 0 1290251192 LICK
230 0 1290251736 TIMEOUT_START
230 0 1290476760 LICK
230 0 1290477292 TIMEOUT_START
230 0 1291440236 RESP_END
230 0 1297477860 TIMEOUT_END
231 0 1299383720 STIM_START
231 0 1300383840 STIM_END_RESP_START
231 0 1300784332 LICK
231 0 1300784864 TIMEOUT_START
231 0 1301042548 LICK
231 0 1301043080 TIMEOUT_START
231 0 1301583868 RESP_END
231 0 1308043648 TIMEOUT_END
232 1 1310080452 STIM_START
232 1 1311080572 STIM_END_RESP_START
232 1 1311610624 LICK
232 1 1311611164 REWARD_START
232 1 1311832680 LICK
232 1 1312165168 LICK
232 1 1312280608 RESP_END
232 1 1311620732 REWARD_END
233 1 1314160104 STIM_START
233 1 1314908452 LICK
233 1 1315072744 LICK
233 1 1315160248 STIM_END_RESP_START
233 1 1315258488 LICK
233 1 1315259020 REWARD_START
233 1 1315462116 LICK
233 1 1315783800 LICK
233 1 1316360260 RESP_END
233 1 1315268588 REWARD_END
234 1 1318294772 STIM_START
234 1 1318766940 LICK
234 1 1318915368 LICK
234 1 1319129540 LICK
234 1 1319294896 STIM_END_RESP_START
234 1 1319309824 LICK
234 1 1319310364 REWARD_START
234 1 1319513944 LICK
234 1 1319694100 LICK
234 1 1319858740 LICK
234 1 1320494920 RESP_END
234 1 1319319932 REWARD_END
235 0 1322664468 STIM_START
235 0 1323146928 LICK
235 0 1323335220 LICK
235 0 1323601480 LICK
235 0 1323664608 STIM_END_RESP_START
235 0 1323781828 LICK
235 0 1323782364 TIMEOUT_START
235 0 1324223756 LICK
235 0 1324224288 TIMEOUT_START
235 0 1324864632 RESP_END
235 0 1331224852 TIMEOUT_END
236 0 1333470220 STIM_START
236 0 1334470336 STIM_END_RESP_START
236 0 1335670356 RESP_END
237 0 1337804924 STIM_START
237 0 1338805076 STIM_END_RESP_START
237 0 1339092540 LICK
237 0 1339093076 TIMEOUT_START
237 0 1339324992 LICK
237 0 1339325532 TIMEOUT_START
237 0 1340005108 RESP_END
237 0 1346326088 TIMEOUT_END
238 1 1348561656 STIM_START
238 1 1349561776 STIM_END_RESP_START
238 1 1349652724 LICK
238 1 1349653256 REWARD_START
238 1 1349874468 LICK
238 1 1350207524 LICK
238 1 1350761820 RESP_END
238 1 1349662828 REWARD_END
239 0 1353033368 STIM_START
239 0 1354033488 STIM_END_RESP_START
239 0 1355233504 RESP_END
240 0 1357368056 STIM_START
240 0 1358368176 STIM_END_RESP_START
240 0 1358741528 LICK
240 0 1358742056 TIMEOUT_START
240 0 1358922632 LICK
240 0 1358923172 TIMEOUT_START
240 0 1359568224 RESP_END
240 0 1365923728 TIMEOUT_END
241 0 1367826764 STIM_START
241 0 1368826884 STIM_END_RESP_START
241 0 1369554304 LICK
241 0 1369554836 TIMEOUT_START
241 0 1369752980 LICK
241 0 1369753512 TIMEOUT_START
241 0 1370026916 RESP_END
241 0 1376754084 TIMEOUT_END
242 1 1378982548 STIM_START
242 1 1379982664 STIM_END_RESP_START
242 1 1380723792 LICK
242 1 1380724324 REWARD_START
242 1 1380965164 LICK
242 1 1381164464 LICK
242 1 1381182708 RESP_END
242 1 1380733892 REWARD_END
243 1 1383470264 STIM_START
243 1 1384470416 STIM_END_RESP_START
243 1 1384524968 LICK
243 1 1384525496 REWARD_START
243 1 1384732704 LICK
243 1 1384869292 LICK
243 1 1385059020 LICK
243 1 1385670452 RESP_END
243 1 1384535072 REWARD_END
244 1 1387800968 STIM_START
244 1 1388250596 LICK
244 1 1388466404 LICK
244 1 1388801104 STIM_END_RESP_START
244 1 1389029816 LICK
244 1 1389030348 REWARD_START
244 1 1389228572 LICK
244 1 1389407336 LICK
244 1 1389592372 LICK
244 1 1390001144 RESP_END
244 1 1389039928 REWARD_END
245 0 1392221676 STIM_START
245 0 1393221796 STIM_END_RESP_START
245 0 1394421816 RESP_END
246 0 1396408352 STIM_START
246 0 1397408500 STIM_END_RESP_START
246 0 1397419120 LICK
246 0 1397419652 TIMEOUT_START
246 0 1397591168 LICK
246 0 1397591700 TIMEOUT_START
246 0 1398014504 LICK
246 0 1398015040 TIMEOUT_START
246 0 1398221896 LICK
246 0 1398222428 TIMEOUT_START
246 0 1398608532 RESP_END
246 0 1405222992 TIMEOUT_END
247 1 1407080072 STIM_START
247 1 1408080192 STIM_END_RESP_START
247 1 1408350680 LICK
247 1 1408351212 REWARD_START
247 1 1408571708 LICK
247 1 1408785556 LICK
247 1 1408929412 LICK
247 1 1409280212 RESP_END
247 1 1408360788 REWARD_END
248 1 1411259744 STIM_START
248 1 1412259900 STIM_END_RESP_START
248 1 1412461236 LICK
248 1 1412461776 REWARD_START
248 1 1412650728 LICK
248 1 1412851024 LICK
248 1 1413027872 LICK
248 1 1413459932 RESP_END
248 1 1412471344 REWARD_END
249 0 1415504432 STIM_START
249 0 1416504552 STIM_END_RESP_START
249 0 1416887628 LICK
249 0 1416888160 TIMEOUT_START
249 0 1417704572 RESP_END
249 0 1423888724 TIMEOUT_END
250 0 1426058120 STIM_START
250 0 1427058244 STIM_END_RESP_START
250 0 1428258260 RESP_END
251 1 1430283812 STIM_START
251 1 1431283936 STIM_END_RESP_START
251 1 1431390048 LICK
251 1 1431390588 REWARD_START
251 1 1431577668 LICK
251 1 1431912664 LICK
251 1 1432101816 LICK
251 1 1432483952 RESP_END
251 1 1431400156 REWARD_END
252 1 1434346460 STIM_START
252 1 1435346580 STIM_END_RESP_START
252 1 1435556636 LICK
252 1 1435557172 REWARD_START
252 1 1435740540 LICK
252 1 1435923928 LICK
252 1 1436546624 RESP_END
252 1 1435566744 REWARD_END
253 0 1438780176 STIM_START
253 0 1439780296 STIM_END_RESP_START
253 0 1440980316 RESP_END
254 1 1442781820 STIM_START
254 1 1443781940 STIM_END_RESP_START
254 1 1443793604 LICK
254 1 1443794144 REWARD_START
254 1 1444006752 LICK
254 1 1444161468 LICK
254 1 1444981960 RESP_END
254 1 1443803712 REWARD_END
255 0 1447311556 STIM_START
255 0 1448311672 STIM_END_RESP_START
255 0 1449511692 RESP_END
256 1 1451708268 STIM_START
256 1 1452708388 STIM_END_RESP_START
256 1 1453047460 LICK
256 1 1453048000 REWARD_START
256 1 1453262248 LICK
256 1 1453464656 LICK
256 1 1453642268 LICK
256 1 1453908412 RESP_END
256 1 1453057568 REWARD_END
257 0 1455814928 STIM_START
257 0 1456815040 STIM_END_RESP_START
257 0 1458015060 RESP_END
258 0 1460024608 STIM_START
258 0 1461024756 STIM_END_RESP_START
258 0 1462224776 RESP_END
259 1 1464108308 STIM_START
259 1 1465108424 STIM_END_RESP_START
259 1 1466130672 LICK
259 1 1466131208 REWARD_START
259 1 1466308456 RESP_END
259 1 1466140780 REWARD_END
260 0 1468458960 STIM_START
260 0 1469167460 LICK
260 0 1469313996 LICK
260 0 1469459100 STIM_END_RESP_START
260 0 1469537492 LICK
260 0 1469538024 TIMEOUT_START
260 0 1469740388 LICK
260 0 1469740920 TIMEOUT_START
260 0 1470165160 LICK
260 0 1470165692 TIMEOUT_START
260 0 1470659140 RESP_END
260 0 1477166252 TIMEOUT_END
261 1 1479353720 STIM_START
261 1 1480353840 STIM_END_RESP_START
261 1 1480389756 LICK
261 1 1480390288 REWARD_START
261 1 1480864192 LICK
261 1 1481186840 LICK
261 1 1481553876 RESP_END
261 1 1480399856 REWARD_END
262 0 1483534392 STIM_START
262 0 1484534508 STIM_END_RESP_START
262 0 1485734528 RESP_END
263 1 1487582048 STIM_START
263 1 1488582168 STIM_END_RESP_START
263 1 1488958652 LICK
263 1 1488959188 REWARD_START
263 1 1489155256 LICK
263 1 1489342500 LICK
263 1 1489782192 RESP_END
263 1 1488968764 REWARD_END
264 0 1491790728 STIM_START
264 0 1492790848 STIM_END_RESP_START
264 0 1493038204 LICK
264 0 1493038736 TIMEOUT_START
264 0 1493218840 LICK
264 0 1493219380 TIMEOUT_START
264 0 1493990892 RESP_END
264 0 1500219940 TIMEOUT_END
265 0 1502428436 STIM_START
265 0 1503428552 STIM_END_RESP_START
265 0 1503740632 LICK
265 0 1503741172 TIMEOUT_START
265 0 1503930524 LICK
265 0 1503931060 TIMEOUT_START
265 0 1504628600 RESP_END
265 0 1510931628 TIMEOUT_END
266 0 1512908124 STIM_START
266 0 1513908248 STIM_END_RESP_START
266 0 1515108296 RESP_END
267 1 1516911772 STIM_START
267 1 1517911928 STIM_END_RESP_START
267 1 1518300976 LICK
267 1 1518301516 REWARD_START
267 1 1518534816 LICK
267 1 1518857496 LICK
267 1 1519055384 LICK
267 1 1519111972 RESP_END
267 1 1518311084 REWARD_END
268 0 1520929424 STIM_START
268 0 1521929544 STIM_END_RESP_START
268 0 1523129560 RESP_END
269 1 1524899060 STIM_START
269 1 1525899176 STIM_END_RESP_START
269 1 1526037680 LICK
269 1 1526038212 REWARD_START
269 1 1526249416 LICK
269 1 1526435520 LICK
269 1 1526601224 LICK
269 1 1527099212 RESP_END
269 1 1526047788 REWARD_END
270 0 1528984732 STIM_START
270 0 1529984884 STIM_END_RESP_START
270 0 1531184904 RESP_END
271 0 1533133384 STIM_START
271 0 1534133504 STIM_END_RESP_START
271 0 1535333528 RESP_END
272 0 1537195040 STIM_START
272 0 1538195156 STIM_END_RESP_START
272 0 1539395176 RESP_END
273 1 1541232696 STIM_START
273 1 1542232808 STIM_END_RESP_START
273 1 1542572900 LICK
273 1 1542573436 REWARD_START
273 1 1542769636 LICK
273 1 1543111036 LICK
273 1 1543432824 RESP_END
273 1 1542583004 REWARD_END
274 0 1545188328 STIM_START
274 0 1546128476 LICK
274 0 1546188468 STIM_END_RESP_START
274 0 1546275800 LICK
274 0 1546276336 TIMEOUT_START
274 0 1546693256 LICK
274 0 1546693792 TIMEOUT_START
274 0 1547388512 RESP_END
274 0 1553694348 TIMEOUT_END
275 0 1555833064 STIM_START
275 0 1556833180 STIM_END_RESP_START
275 0 1556992420 LICK
275 0 1556992948 TIMEOUT_START
275 0 1557191888 LICK
275 0 1557192420 TIMEOUT_START
275 0 1557447096 LICK
275 0 1557447628 TIMEOUT_START
275 0 1558033220 RESP_END
275 0 1564448188 TIMEOUT_END
276 1 1566638784 STIM_START
276 1 1567638908 STIM_END_RESP_START
276 1 1567811340 LICK
276 1 1567811880 REWARD_START
276 1 1568041724 LICK
276 1 1568207156 LICK
276 1 1568373108 LICK
276 1 1568838924 RESP_END
276 1 1567821452 REWARD_END
277 0 1570588428 STIM_START
277 0 1571588548 STIM_END_RESP_START
277 0 1572278144 LICK
277 0 1572278684 TIMEOUT_START
277 0 1572447640 LICK
277 0 1572448172 TIMEOUT_START
277 0 1572788564 RESP_END
277 0 1579448744 TIMEOUT_END
278 1 1581295140 STIM_START
278 1 1582295260 STIM_END_RESP_START
278 1 1582604284 LICK
278 1 1582604824 REWARD_START
278 1 1582782892 LICK
278 1 1583124116 LICK
278 1 1583304216 LICK
278 1 1583495308 RESP_END
278 1 1582614392 REWARD_END
279 0 1585636848 STIM_START
279 0 1586636968 STIM_END_RESP_START
279 0 1587513348 LICK
279 0 1587513884 TIMEOUT_START
279 0 1587696268 LICK
279 0 1587696808 TIMEOUT_START
279 0 1587836984 RESP_END
279 0 1594697360 TIMEOUT_END
280 1 1596554604 STIM_START
280 1 1597554724 STIM_END_RESP_START
280 1 1597921596 LICK
280 1 1597922128 REWARD_START
280 1 1598165752 LICK
280 1 1598512964 LICK
280 1 1598665428 LICK
280 1 1598754768 RESP_END
280 1 1597931704 REWARD_END
281 0 1600747300 STIM_START
281 0 1601747420 STIM_END_RESP_START
281 0 1602947436 RESP_END
282 1 1605040020 STIM_START
282 1 1606040136 STIM_END_RESP_START
282 1 1606070376 LICK
282 1 1606070908 REWARD_START
282 1 1606228060 LICK
282 1 1606424628 LICK
282 1 1606596924 LICK
282 1 1607240152 RESP_END
282 1 1606080476 REWARD_END
283 1 1609435684 STIM_START
283 1 1610218268 LICK
283 1 1610415856 LICK
283 1 1610435824 STIM_END_RESP_START
283 1 1610606836 LICK
283 1 1610607368 REWARD_START
283 1 1610829084 LICK
283 1 1611019736 LICK
283 1 1611635856 RESP_END
283 1 1610616944 REWARD_END
284 0 1613429324 STIM_START
284 0 1614429444 STIM_END_RESP_START
284 0 1615629464 RESP_END
285 1 1617407960 STIM_START
285 1 1618294424 LICK
285 1 1618408112 STIM_END_RESP_START
285 1 1618464808 LICK
285 1 1618465340 REWARD_START
285 1 1618668320 LICK
285 1 1618855016 LICK
285 1 1619608144 RESP_END
285 1 1618474908 REWARD_END
286 1 1621528628 STIM_START
286 1 1622528780 STIM_END_RESP_START
286 1 1622556608 LICK
286 1 1622557148 REWARD_START
286 1 1622754376 LICK
286 1 1623073004 LICK
286 1 1623728796 RESP_END
286 1 1622566716 REWARD_END
287 1 1625949356 STIM_START
287 1 1626850464 LICK
287 1 1626949484 STIM_END_RESP_START
287 1 1627026020 LICK
287 1 1627026560 REWARD_START
287 1 1627202852 LICK
287 1 1627378752 LICK
287 1 1628149504 RESP_END
287 1 1627036128 REWARD_END
288 0 1630403056 STIM_START
288 0 1631403176 STIM_END_RESP_START
288 0 1632603196 RESP_END
289 0 1634714760 STIM_START
289 0 1635714876 STIM_END_RESP_START
289 0 1636914896 RESP_END
290 1 1638789460 STIM_START
290 1 1639712388 LICK
290 1 1639789596 STIM_END_RESP_START
290 1 1639894304 LICK
290 1 1639894836 REWARD_START
290 1 1640111104 LICK
290 1 1640298848 LICK
290 1 1640989640 RESP_END
290 1 1639904408 REWARD_END
291 1 1643001096 STIM_START
291 1 1644001212 STIM_END_RESP_START
291 1 1644327656 LICK
291 1 1644328196 REWARD_START
291 1 1644527684 LICK
291 1 1644711560 LICK
291 1 1645201236 RESP_END
291 1 1644337764 REWARD_END
292 1 1647443804 STIM_START
292 1 1648443924 STIM_END_RESP_START
292 1 1648802680 LICK
292 1 1648803216 REWARD_START
292 1 1648996872 LICK
292 1 1649187652 LICK
292 1 1649643940 RESP_END
292 1 1648812784 REWARD_END
293 0 1651686484 STIM_START
293 0 1652485604 LICK
293 0 1652658708 LICK
293 0 1652686608 STIM_END_RESP_START
293 0 1653886628 RESP_END
294 0 1656074220 STIM_START
294 0 1657074340 STIM_END_RESP_START
294 0 1658274364 RESP_END
295 0 1660339888 STIM_START
295 0 1661340008 STIM_END_RESP_START
295 0 1661610760 LICK
295 0 1661611300 TIMEOUT_START
295 0 1661787416 LICK
295 0 1661787948 TIMEOUT_START
295 0 1662540032 RESP_END
295 0 1668788520 TIMEOUT_END
296 1 1670599544 STIM_START
296 1 1671599668 STIM_END_RESP_START
296 1 1671840480 LICK
296 1 1671841020 REWARD_START
296 1 1672033444 LICK
296 1 1672343756 LICK
296 1 1672799692 RESP_END
296 1 1671850588 REWARD_END
297 0 1675064264 STIM_START
297 0 1676064384 STIM_END_RESP_START
297 0 1677264404 RESP_END
298 1 1679513980 STIM_START
298 1 1680448088 LICK
298 1 1680514128 STIM_END_RESP_START
298 1 1680627544 LICK
298 1 1680628080 REWARD_START
298 1 1680848576 LICK
298 1 1681029444 LICK
298 1 1681185744 LICK
298 1 1681714160 RESP_END
298 1 1680637648 REWARD_END
299 1 1683947692 STIM_START
299 1 1684947804 STIM_END_RESP_START
299 1 1685098448 LICK
299 1 1685098984 REWARD_START
299 1 1685288724 LICK
299 1 1685462972 LICK
299 1 1686147824 RESP_END
299 1 1685108552 REWARD_END
300 1 1688234380 STIM_START
300 1 1689234500 STIM_END_RESP_START
300 1 1689301144 LICK
300 1 1689301676 REWARD_START
300 1 1689507488 LICK
300 1 1689686176 LICK
300 1 1690434528 RESP_END
300 1 1689311252 REWARD_END
301 0 1692477064 STIM_START
301 0 1693477184 STIM_END_RESP_START
301 0 1694677204 RESP_END
302 1 1696497736 STIM_START
302 1 1697286716 LICK
302 1 1697480608 LICK
302 1 1697497864 STIM_END_RESP_START
302 1 1697669776 LICK
302 1 1697670312 REWARD_START
302 1 1697928124 LICK
302 1 1698101096 LICK
302 1 1698697876 RESP_END
302 1 1697679880 REWARD_END
303 0 1700852412 STIM_START
303 0 1701852532 STIM_END_RESP_START
303 0 1703052552 RESP_END
304 0 1705244128 STIM_START
304 0 1706244244 STIM_END_RESP_START
304 0 1707444264 RESP_END
305 0 1709549820 STIM_START
305 0 1710549936 STIM_END_RESP_START
305 0 1711749956 RESP_END
306 1 1713752496 STIM_START
306 1 1714752616 STIM_END_RESP_START
306 1 1715090176 LICK
306 1 1715090716 REWARD_START
306 1 1715306172 LICK
306 1 1715498856 LICK
306 1 1715952664 RESP_END
306 1 1715100284 REWARD_END
307 0 1717833156 STIM_START
307 0 1718833276 STIM_END_RESP_START
307 0 1720033300 RESP_END
308 0 1722273868 STIM_START
308 0 1723274024 STIM_END_RESP_START
308 0 1724474040 RESP_END
309 1 1726572580 STIM_START
309 1 1727572692 STIM_END_RESP_START
309 1 1727741016 LICK
309 1 1727741548 REWARD_START
309 1 1727934700 LICK
309 1 1728268060 LICK
309 1 1728772732 RESP_END
309 1 1727751120 REWARD_END
310 0 1730637220 STIM_START
310 0 1731637336 STIM_END_RESP_START
310 0 1732837352 RESP_END
311 0 1734831912 STIM_START
311 0 1735832036 STIM_END_RESP_START
311 0 1737032056 RESP_END
312 0 1739094588 STIM_START
312 0 1740094712 STIM_END_RESP_START
312 0 1741294732 RESP_END
313 1 1743504292 STIM_START
313 1 1744504412 STIM_END_RESP_START
313 1 1744927376 LICK
313 1 1744927912 REWARD_START
313 1 1745130804 LICK
313 1 1745473644 LICK
313 1 1745660112 LICK
313 1 1745704432 RESP_END
313 1 1744937480 REWARD_END
314 0 1747731980 STIM_START
314 0 1748732100 STIM_END_RESP_START
314 0 1749932120 RESP_END
315 1 1751937652 STIM_START
315 1 1752937772 STIM_END_RESP_START
315 1 1753372176 LICK
315 1 1753372716 REWARD_START
315 1 1753516272 LICK
315 1 1753828636 LICK
315 1 1754015468 LICK
315 1 1754137796 RESP_END
315 1 1753382288 REWARD_END
316 0 1756044320 STIM_START
316 0 1757044436 STIM_END_RESP_START
316 0 1758244456 RESP_END
317 0 1760772076 STIM_START
317 0 1761772196 STIM_END_RESP_START
317 0 1762972212 RESP_END
318 0 1764870736 STIM_START
318 0 1765870856 STIM_END_RESP_START
318 0 1766307576 LICK
318 0 1766308116 TIMEOUT_START
318 0 1766532160 LICK
318 0 1766532692 TIMEOUT_START
318 0 1766739376 LICK
318 0 1766739904 TIMEOUT_START
318 0 1767015764 LICK
318 0 1767016292 TIMEOUT_START
318 0 1767070884 RESP_END
318 0 1774016848 TIMEOUT_END
319 1 1776052544 STIM_START
319 1 1777052660 STIM_END_RESP_START
319 1 1777160632 LICK
319 1 1777161168 REWARD_START
319 1 1777390580 LICK
319 1 1777727452 LICK
319 1 1777927396 LICK
319 1 1778252680 RESP_END
319 1 1777170744 REWARD_END
320 1 1780240224 STIM_START
320 1 1781240356 STIM_END_RESP_START
320 1 1781263560 LICK
320 1 1781264092 REWARD_START
320 1 1781472776 LICK
320 1 1781649260 LICK
320 1 1781821408 LICK
320 1 1782440400 RESP_END
320 1 1781273668 REWARD_END
321 0 1784404888 STIM_START
321 0 1785405004 STIM_END_RESP_START
321 0 1786605024 RESP_END
322 1 1788515548 STIM_START
322 1 1789515700 STIM_END_RESP_START
322 1 1789657684 LICK
322 1 1789658224 REWARD_START
322 1 1789826172 LICK
322 1 1790161020 LICK
322 1 1790715732 RESP_END
322 1 1789667792 REWARD_END
323 0 1792571208 STIM_START
323 0 1793571328 STIM_END_RESP_START
323 0 1794771348 RESP_END
324 0 1796805924 STIM_START
324 0 1797806076 STIM_END_RESP_START
324 0 1799006100 RESP_END
325 0 1801129600 STIM_START
325 0 1802129720 STIM_END_RESP_START
325 0 1803329740 RESP_END
326 1 1805268248 STIM_START
326 1 1806268400 STIM_END_RESP_START
326 1 1806610528 LICK
326 1 1806611060 REWARD_START
326 1 1806789968 LICK
326 1 1807089708 LICK
326 1 1807468420 RESP_END
326 1 1806620628 REWARD_END
327 1 1809638960 STIM_START
327 1 1810494996 LICK
327 1 1810639096 STIM_END_RESP_START
327 1 1810711056 LICK
327 1 1810711596 REWARD_START
327 1 1810884012 LICK
327 1 1811076596 LICK
327 1 1811839144 RESP_END
327 1 1810721164 REWARD_END
328 1 1813873636 STIM_START
328 1 1814873756 STIM_END_RESP_START
328 1 1814903820 LICK
328 1 1814904352 REWARD_START
328 1 1815096752 LICK
328 1 1815276632 LICK
328 1 1816073792 RESP_END
328 1 1814913920 REWARD_END
USER_EXIT