001 0 0003523360 STIM_START
001 0 0004523464 STIM_END_RESP_START
001 0 0005723508 RESP_END
002 0 0007942920 STIM_START
002 0 0008943028 STIM_END_RESP_START
002 0 0010143072 RESP_END
003 0 0012051480 STIM_START
003 0 0013051596 STIM_END_RESP_START
003 0 0013867200 LICK
003 0 0013867636 TIMEOUT_START
003 0 0014225904 LICK
003 0 0014226340 TIMEOUT_START
003 0 0014251612 RESP_END
003 0 0021226792 TIMEOUT_END
004 1 0023407024 STIM_START
004 1 0023434668 LICK
004 1 0023644136 LICK
004 1 0023804360 LICK
004 1 0024407132 STIM_END_RESP_START
004 1 0025607144 RESP_END
005 1 0027582676 STIM_START
005 1 0028582796 STIM_END_RESP_START
005 1 0029275092 LICK
005 1 0029275536 REWARD_START
005 1 0029468724 LICK
005 1 0029680728 LICK
005 1 0029782808 RESP_END
005 1 0029286008 REWARD_END
006 1 0032336264 STIM_START
006 1 0033336388 STIM_END_RESP_START
006 1 0033350984 LICK
006 1 0033351420 REWARD_START
006 1 0033535668 LICK
006 1 0033748448 LICK
006 1 0033911196 LICK
006 1 0034536436 RESP_END
006 1 0033361888 REWARD_END
007 0 0036658880 STIM_START
007 0 0037658964 STIM_END_RESP_START
007 0 0038858984 RESP_END
008 1 0040790412 STIM_START
008 1 0041790500 STIM_END_RESP_START
008 1 0042410140 LICK
008 1 0042410576 REWARD_START
008 1 0042604840 LICK
008 1 0042783292 LICK
008 1 0042927724 LICK
008 1 0042990536 RESP_END
008 1 0042421048 REWARD_END
009 1 0045145024 STIM_START
009 1 0046145148 STIM_END_RESP_START
009 1 0046877484 LICK
009 1 0046877928 REWARD_START
009 1 0047094856 LICK
009 1 0047294060 LICK
009 1 0047345168 RESP_END
009 1 0046888400 REWARD_END
010 0 0050048688 STIM_START
010 0 0050131516 LICK
010 0 0050348564 LICK
010 0 0050562396 LICK
010 0 0051048780 STIM_END_RESP_START
010 0 0052248804 RESP_END
011 0 0054336272 STIM_START
011 0 0055336396 STIM_END_RESP_START
011 0 0056536416 RESP_END
012 1 0058405832 STIM_START
012 1 0059405956 STIM_END_RESP_START
012 1 0060605976 RESP_END
013 0 0062590428 STIM_START
013 0 0063590556 STIM_END_RESP_START
013 0 0064790576 RESP_END
014 0 0066714972 STIM_START
014 0 0067715096 STIM_END_RESP_START
014 0 0068915112 RESP_END
015 0 0073297876 STIM_START
015 0 0074298000 STIM_END_RESP_START
015 0 0075498024 RESP_END
016 1 0077743488 STIM_START
016 1 0078743612 STIM_END_RESP_START
016 1 0079175764 LICK
016 1 0079176200 REWARD_START
016 1 0079410840 LICK
016 1 0079560216 LICK
016 1 0079730232 LICK
016 1 0079899092 LICK
016 1 0079943656 RESP_END
016 1 0079186672 REWARD_END
017 0 0081799068 STIM_START
017 0 0082799156 STIM_END_RESP_START
017 0 0083999176 RESP_END
018 1 0088446952 STIM_START
018 1 0089447080 STIM_END_RESP_START
018 1 0090647100 RESP_END
019 0 0092795572 STIM_START
019 0 0093795656 STIM_END_RESP_START
019 0 0094995680 RESP_END
020 0 0096739140 STIM_START
020 0 0097503152 LICK
020 0 0097739252 STIM_END_RESP_START
020 0 0098939272 RESP_END
021 0 0101181724 STIM_START
021 0 0101235920 LICK
021 0 0101913432 LICK
021 0 0102181844 STIM_END_RESP_START
021 0 0102211824 LICK
021 0 0102212308 TIMEOUT_START
021 0 0102392692 LICK
021 0 0102393184 TIMEOUT_START
021 0 0103381888 RESP_END
021 0 0109393692 TIMEOUT_END
022 1 0111277108 STIM_START
022 1 0112277204 STIM_END_RESP_START
022 1 0113477240 RESP_END
023 0 0115521676 STIM_START
023 0 0116521772 STIM_END_RESP_START
023 0 0117721808 RESP_END
024 1 0119561248 STIM_START
024 1 0120561348 STIM_END_RESP_START
024 1 0121761384 RESP_END
025 0 0124035880 STIM_START
025 0 0125035984 STIM_END_RESP_START
025 0 0126236020 RESP_END
026 1 0128387456 STIM_START
026 1 0129387560 STIM_END_RESP_START
026 1 0130587588 RESP_END
027 0 0132652048 STIM_START
027 0 0133652144 STIM_END_RESP_START
027 0 0134852180 RESP_END
028 1 0136771640 STIM_START
028 1 0137771736 STIM_END_RESP_START
028 1 0138971776 RESP_END
029 0 0141019204 STIM_START
029 0 0142019296 STIM_END_RESP_START
029 0 0143219336 RESP_END
030 0 0144989728 STIM_START
030 0 0145989828 STIM_END_RESP_START
030 0 0147189868 RESP_END
031 0 0148951332 STIM_START
031 0 0149951428 STIM_END_RESP_START
031 0 0150318216 LICK
031 0 0150318700 TIMEOUT_START
031 0 0150513832 LICK
031 0 0150514316 TIMEOUT_START
031 0 0150685296 LICK
031 0 0150685788 TIMEOUT_START
031 0 0151151440 RESP_END
031 0 0157686288 TIMEOUT_END
032 1 0161547004 STIM_START
032 1 0162547104 STIM_END_RESP_START
032 1 0163747144 RESP_END
033 0 0168435960 STIM_START
033 0 0169436056 STIM_END_RESP_START
033 0 0170636092 RESP_END
034 0 0172833560 STIM_START
034 0 0172897712 LICK
034 0 0173833664 STIM_END_RESP_START
034 0 0175033704 RESP_END
035 0 0176854148 STIM_START
035 0 0177854244 STIM_END_RESP_START
035 0 0179054284 RESP_END
036 1 0180886676 STIM_START
036 1 0181886772 STIM_END_RESP_START
036 1 0182016840 LICK
036 1 0182017332 REWARD_START
036 1 0182238496 LICK
036 1 0182531732 LICK
036 1 0182719800 LICK
036 1 0182867916 LICK
036 1 0183086792 RESP_END
036 1 0182027848 REWARD_END
037 1 0185270268 STIM_START
037 1 0186270368 STIM_END_RESP_START
037 1 0186753764 LICK
037 1 0186754256 REWARD_START
037 1 0186903584 LICK
037 1 0187064064 LICK
037 1 0187226824 LICK
037 1 0187397056 LICK
037 1 0187470392 RESP_END
037 1 0186764772 REWARD_END
038 0 0189715916 STIM_START
038 0 0190716020 STIM_END_RESP_START
038 0 0191916060 RESP_END
039 1 0194838580 STIM_START
039 1 0195838676 STIM_END_RESP_START
039 1 0197038720 RESP_END
040 0 0199265216 STIM_START
040 0 0200265316 STIM_END_RESP_START
040 0 0201465356 RESP_END
041 1 0203631808 STIM_START
041 1 0204631904 STIM_END_RESP_START
041 1 0205831944 RESP_END
042 1 0207822368 STIM_START
042 1 0208822472 STIM_END_RESP_START
042 1 0210022512 RESP_END
043 0 0211956964 STIM_START
043 0 0212957064 STIM_END_RESP_START
043 0 0214157104 RESP_END
044 1 0216475596 STIM_START
044 1 0217475696 STIM_END_RESP_START
044 1 0218675736 RESP_END
045 1 0220543120 STIM_START
045 1 0221543216 STIM_END_RESP_START
045 1 0222743252 RESP_END
046 0 0226305948 STIM_START
046 0 0227306048 STIM_END_RESP_START
046 0 0228506088 RESP_END
047 0 0230469500 STIM_START
047 0 0231469600 STIM_END_RESP_START
047 0 0232669640 RESP_END
048 1 0234738116 STIM_START
048 1 0235738220 STIM_END_RESP_START
048 1 0236938260 RESP_END
049 0 0238735616 STIM_START
049 0 0239735712 STIM_END_RESP_START
049 0 0240935752 RESP_END
050 1 0242792200 STIM_START
050 1 0243792300 STIM_END_RESP_START
050 1 0244992340 RESP_END
051 0 0246820736 STIM_START
051 0 0247820840 STIM_END_RESP_START
051 0 0249020876 RESP_END
052 0 0250763308 STIM_START
052 0 0251763404 STIM_END_RESP_START
052 0 0252963444 RESP_END
053 1 0256452064 STIM_START
053 1 0257030588 LICK
053 1 0257452152 STIM_END_RESP_START
053 1 0258652176 RESP_END
054 0 0264479160 STIM_START
054 0 0265479264 STIM_END_RESP_START
054 0 0266679296 RESP_END
055 0 0268574728 STIM_START
055 0 0269574824 STIM_END_RESP_START
055 0 0270597208 LICK
055 0 0270597692 TIMEOUT_START
055 0 0270774868 RESP_END
055 0 0277598200 TIMEOUT_END
056 1 0279600240 STIM_START
056 1 0280600336 STIM_END_RESP_START
056 1 0281480972 LICK
056 1 0281481460 REWARD_START
056 1 0281730928 LICK
056 1 0281800364 RESP_END
056 1 0281491980 REWARD_END
057 0 0286825232 STIM_START
057 0 0287172668 LICK
057 0 0287377276 LICK
057 0 0287557756 LICK
057 0 0287758636 LICK
057 0 0287825340 STIM_END_RESP_START
057 0 0289025368 RESP_END
058 1 0291224820 STIM_START
058 1 0292224916 STIM_END_RESP_START
058 1 0292271088 LICK
058 1 0292271580 REWARD_START
058 1 0292466728 LICK
058 1 0292714616 LICK
058 1 0292838996 LICK
058 1 0293035600 LICK
058 1 0293424944 RESP_END
058 1 0292282100 REWARD_END
059 0 0295444440 STIM_START
059 0 0296444544 STIM_END_RESP_START
059 0 0296618388 LICK
059 0 0296618872 TIMEOUT_START
059 0 0296815008 LICK
059 0 0296815492 TIMEOUT_START
059 0 0297060316 LICK
059 0 0297060808 TIMEOUT_START
059 0 0297257316 LICK
059 0 0297257800 TIMEOUT_START
059 0 0297644592 RESP_END
059 0 0304258304 TIMEOUT_END
060 0 0307729080 STIM_START
060 0 0308729184 STIM_END_RESP_START
060 0 0309929224 RESP_END
061 1 0311907664 STIM_START
061 1 0312907760 STIM_END_RESP_START
061 1 0314107804 RESP_END
062 0 0315973236 STIM_START
062 0 0316973340 STIM_END_RESP_START
062 0 0318173380 RESP_END
063 0 0319950800 STIM_START
063 0 0320950904 STIM_END_RESP_START
063 0 0321789728 LICK
063 0 0321790216 TIMEOUT_START
063 0 0321939768 LICK
063 0 0321940252 TIMEOUT_START
063 0 0322135204 LICK
063 0 0322135688 TIMEOUT_START
063 0 0322150924 RESP_END
063 0 0329136200 TIMEOUT_END
064 0 0331287332 STIM_START
064 0 0331395008 LICK
064 0 0331612008 LICK
064 0 0331792484 LICK
064 0 0332287424 STIM_END_RESP_START
064 0 0333487464 RESP_END
065 1 0335622940 STIM_START
065 1 0336528316 LICK
065 1 0336623064 STIM_END_RESP_START
065 1 0336836224 LICK
065 1 0336836712 REWARD_START
065 1 0337063992 LICK
065 1 0337263784 LICK
065 1 0337478088 LICK
065 1 0337823108 RESP_END
065 1 0336847232 REWARD_END
066 0 0343395020 STIM_START
066 0 0344395124 STIM_END_RESP_START
066 0 0345154036 LICK
066 0 0345154520 TIMEOUT_START
066 0 0345391776 LICK
066 0 0345392268 TIMEOUT_START
066 0 0345559224 LICK
066 0 0345559708 TIMEOUT_START
066 0 0345595144 RESP_END
066 0 0352560216 TIMEOUT_END
067 0 0354473528 STIM_START
067 0 0355473640 STIM_END_RESP_START
067 0 0356673676 RESP_END
068 0 0358828140 STIM_START
068 0 0359828236 STIM_END_RESP_START
068 0 0361028276 RESP_END
069 1 0363098728 STIM_START
069 1 0364098832 STIM_END_RESP_START
069 1 0364938872 LICK
069 1 0364939364 REWARD_START
069 1 0365073016 LICK
069 1 0365239596 LICK
069 1 0365298880 RESP_END
069 1 0364949880 REWARD_END
070 0 0368342456 STIM_START
070 0 0369342560 STIM_END_RESP_START
070 0 0369657104 LICK
070 0 0369657588 TIMEOUT_START
070 0 0369850380 LICK
070 0 0369850864 TIMEOUT_START
070 0 0370115300 LICK
070 0 0370115792 TIMEOUT_START
070 0 0370287612 LICK
070 0 0370288100 TIMEOUT_START
070 0 0370542572 RESP_END
070 0 0377288608 TIMEOUT_END
071 0 0379180900 STIM_START
071 0 0380181004 STIM_END_RESP_START
071 0 0380736776 LICK
071 0 0380737264 TIMEOUT_START
071 0 0380889512 LICK
071 0 0380889996 TIMEOUT_START
071 0 0381092108 LICK
071 0 0381092592 TIMEOUT_START
071 0 0381282248 LICK
071 0 0381282736 TIMEOUT_START
071 0 0381381028 RESP_END
071 0 0388283244 TIMEOUT_END
072 0 0390075400 STIM_START
072 0 0391075500 STIM_END_RESP_START
072 0 0392275540 RESP_END
073 1 0394316992 STIM_START
073 1 0395317088 STIM_END_RESP_START
073 1 0396517128 RESP_END
074 0 0398375540 STIM_START
074 0 0399375644 STIM_END_RESP_START
074 0 0400575684 RESP_END
075 0 0402465116 STIM_START
075 0 0403465216 STIM_END_RESP_START
075 0 0404665252 RESP_END
076 0 0406775708 STIM_START
076 0 0407775812 STIM_END_RESP_START
076 0 0408975852 RESP_END
077 1 0410760256 STIM_START
077 1 0411760352 STIM_END_RESP_START
077 1 0412960392 RESP_END
078 0 0415820940 STIM_START
078 0 0416821040 STIM_END_RESP_START
078 0 0418021076 RESP_END
079 1 0419855500 STIM_START
079 1 0420855596 STIM_END_RESP_START
079 1 0421172440 LICK
079 1 0421172924 REWARD_START
079 1 0421347388 LICK
079 1 0421517236 LICK
079 1 0421644620 LICK
079 1 0421804100 LICK
079 1 0422055628 RESP_END
079 1 0421183440 REWARD_END
080 0 0424003080 STIM_START
080 0 0425003184 STIM_END_RESP_START
080 0 0426203220 RESP_END
081 0 0428278672 STIM_START
081 0 0429278776 STIM_END_RESP_START
081 0 0430478812 RESP_END
082 1 0432338216 STIM_START
082 1 0433338312 STIM_END_RESP_START
082 1 0433786872 LICK
082 1 0433787368 REWARD_START
082 1 0433969284 LICK
082 1 0434122684 LICK
082 1 0434268788 LICK
082 1 0434414412 LICK
082 1 0434538328 RESP_END
082 1 0433797884 REWARD_END
083 1 0436831824 STIM_START
083 1 0437831928 STIM_END_RESP_START
083 1 0439031964 RESP_END
084 1 0440848376 STIM_START
084 1 0441848480 STIM_END_RESP_START
084 1 0442226460 LICK
084 1 0442226952 REWARD_START
084 1 0442407644 LICK
084 1 0442572972 LICK
084 1 0442695440 LICK
084 1 0442846128 LICK
084 1 0443048524 RESP_END
084 1 0442237472 REWARD_END
085 0 0445137960 STIM_START
085 0 0446138056 STIM_END_RESP_START
085 0 0446304156 LICK
085 0 0446304644 TIMEOUT_START
085 0 0446477340 LICK
085 0 0446477824 TIMEOUT_START
085 0 0446683668 LICK
085 0 0446684152 TIMEOUT_START
085 0 0446866080 LICK
085 0 0446866568 TIMEOUT_START
085 0 0447338072 RESP_END
085 0 0453867072 TIMEOUT_END
086 0 0455838472 STIM_START
086 0 0456838576 STIM_END_RESP_START
086 0 0458038612 RESP_END
087 1 0460180024 STIM_START
087 1 0461180128 STIM_END_RESP_START
087 1 0461608716 LICK
087 1 0461609204 REWARD_START
087 1 0461784852 LICK
087 1 0461957168 LICK
087 1 0462087360 LICK
087 1 0462250824 LICK
087 1 0462380168 RESP_END
087 1 0461619724 REWARD_END
088 0 0464349624 STIM_START
088 0 0465349728 STIM_END_RESP_START
088 0 0466549764 RESP_END
089 0 0468458192 STIM_START
089 0 0469458300 STIM_END_RESP_START
089 0 0470658336 RESP_END
090 0 0473627896 STIM_START
090 0 0474627992 STIM_END_RESP_START
090 0 0475828032 RESP_END
091 1 0477750444 STIM_START
091 1 0478750544 STIM_END_RESP_START
091 1 0479155044 LICK
091 1 0479155540 REWARD_START
091 1 0479357212 LICK
091 1 0479623828 LICK
091 1 0479782548 LICK
091 1 0479928468 LICK
091 1 0479950576 RESP_END
091 1 0479166056 REWARD_END
092 0 0481975036 STIM_START
092 0 0482975148 STIM_END_RESP_START
092 0 0483499184 LICK
092 0 0483499668 TIMEOUT_START
092 0 0483716648 LICK
092 0 0483717136 TIMEOUT_START
092 0 0483910612 LICK
092 0 0483911100 TIMEOUT_START
092 0 0484099004 LICK
092 0 0484099496 TIMEOUT_START
092 0 0484175168 RESP_END
092 0 0491100004 TIMEOUT_END
093 1 0493246600 STIM_START
093 1 0494246696 STIM_END_RESP_START
093 1 0494530076 LICK
093 1 0494530568 REWARD_START
093 1 0494735328 LICK
093 1 0494861832 LICK
093 1 0495009768 LICK
093 1 0495182980 LICK
093 1 0495446728 RESP_END
093 1 0494541088 REWARD_END
094 0 0497568172 STIM_START
094 0 0498568276 STIM_END_RESP_START
094 0 0499768308 RESP_END
095 1 0501991792 STIM_START
095 1 0502991896 STIM_END_RESP_START
095 1 0503481896 LICK
095 1 0503482388 REWARD_START
095 1 0503675448 LICK
095 1 0503817800 LICK
095 1 0503981384 LICK
095 1 0504123368 LICK
095 1 0504191932 RESP_END
095 1 0503492904 REWARD_END
096 0 0506360364 STIM_START
096 0 0507360468 STIM_END_RESP_START
096 0 0508560508 RESP_END
097 0 0510649952 STIM_START
097 0 0511528376 LICK
097 0 0511650076 STIM_END_RESP_START
097 0 0511688272 LICK
097 0 0511688764 TIMEOUT_START
097 0 0511882828 LICK
097 0 0511883320 TIMEOUT_START
097 0 0512044056 LICK
097 0 0512044536 TIMEOUT_START
097 0 0512850088 RESP_END
097 0 0519045036 TIMEOUT_END
098 0 0521060396 STIM_START
098 0 0522060492 STIM_END_RESP_START
098 0 0523260532 RESP_END
099 1 0525409004 STIM_START
099 1 0526409104 STIM_END_RESP_START
099 1 0526586036 LICK
099 1 0526586520 REWARD_START
099 1 0526773180 LICK
099 1 0526933648 LICK
099 1 0527078488 LICK
099 1 0527239544 LICK
099 1 0527609132 RESP_END
099 1 0526597036 REWARD_END
100 0 0529379524 STIM_START
100 0 0530379620 STIM_END_RESP_START
100 0 0531579660 RESP_END
101 1 0533796132 STIM_START
101 1 0534193288 LICK
101 1 0534385964 LICK
101 1 0534595796 LICK
101 1 0534757620 LICK
101 1 0534796220 STIM_END_RESP_START
101 1 0535996256 RESP_END
102 0 0538130724 STIM_START
102 0 0539130820 STIM_END_RESP_START
102 0 0540330860 RESP_END
103 0 0542315296 STIM_START
103 0 0543315400 STIM_END_RESP_START
103 0 0544515440 RESP_END
104 0 0546723912 STIM_START
104 0 0547724008 STIM_END_RESP_START
104 0 0548924048 RESP_END
105 1 0550732476 STIM_START
105 1 0551732576 STIM_END_RESP_START
105 1 0552197420 LICK
105 1 0552197904 REWARD_START
105 1 0552364048 LICK
105 1 0552522412 LICK
105 1 0552644520 LICK
105 1 0552799004 LICK
105 1 0552932600 RESP_END
105 1 0552208428 REWARD_END
106 1 0554808004 STIM_START
106 1 0555808108 STIM_END_RESP_START
106 1 0556261972 LICK
106 1 0556262464 REWARD_START
106 1 0556480076 LICK
106 1 0556657196 LICK
106 1 0556796376 LICK
106 1 0556940508 LICK
106 1 0557008116 RESP_END
106 1 0556272980 REWARD_END
107 1 0559831716 STIM_START
107 1 0560831824 STIM_END_RESP_START
107 1 0562031864 RESP_END
108 0 0563928280 STIM_START
108 0 0564928376 STIM_END_RESP_START
108 0 0565012376 LICK
108 0 0565012868 TIMEOUT_START
108 0 0565229692 LICK
108 0 0565230180 TIMEOUT_START
108 0 0565481728 LICK
108 0 0565482212 TIMEOUT_START
108 0 0566128420 RESP_END
108 0 0572482724 TIMEOUT_END
109 1 0574389724 STIM_START
109 1 0575389828 STIM_END_RESP_START
109 1 0575415996 LICK
109 1 0575416492 REWARD_START
109 1 0575565596 LICK
109 1 0575754564 LICK
109 1 0575892444 LICK
109 1 0576045772 LICK
109 1 0576589852 RESP_END
109 1 0575427012 REWARD_END
110 0 0578748292 STIM_START
110 0 0579748396 STIM_END_RESP_START
110 0 0580948436 RESP_END
111 1 0582758844 STIM_START
111 1 0582772644 LICK
111 1 0582959836 LICK
111 1 0583626316 LICK
111 1 0583758956 STIM_END_RESP_START
111 1 0583883908 LICK
111 1 0583884392 REWARD_START
111 1 0584051056 LICK
111 1 0584215088 LICK
111 1 0584361044 LICK
111 1 0584547908 LICK
111 1 0584958984 RESP_END
111 1 0583894912 REWARD_END
112 0 0587068464 STIM_START
112 0 0588068564 STIM_END_RESP_START
112 0 0589268604 RESP_END
113 0 0591522076 STIM_START
113 0 0592522172 STIM_END_RESP_START
113 0 0593263040 LICK
113 0 0593263528 TIMEOUT_START
113 0 0593438388 LICK
113 0 0593438880 TIMEOUT_START
113 0 0593627752 LICK
113 0 0593628244 TIMEOUT_START
113 0 0593722216 RESP_END
113 0 0600628752 TIMEOUT_END
114 0 0602739564 STIM_START
114 0 0603739668 STIM_END_RESP_START
114 0 0603978760 LICK
114 0 0603979248 TIMEOUT_START
114 0 0604201416 LICK
114 0 0604201900 TIMEOUT_START
114 0 0604406596 LICK
114 0 0604407088 TIMEOUT_START
114 0 0604547488 LICK
114 0 0604547976 TIMEOUT_START
114 0 0604939680 RESP_END
114 0 0611548484 TIMEOUT_END
115 1 0613699096 STIM_START
115 1 0614699200 STIM_END_RESP_START
115 1 0615024312 LICK
115 1 0615024804 REWARD_START
115 1 0615245364 LICK
115 1 0615408772 LICK
115 1 0615538428 LICK
115 1 0615712584 LICK
115 1 0615868304 LICK
115 1 0615899224 RESP_END
115 1 0615035324 REWARD_END
116 0 0617937688 STIM_START
116 0 0618937792 STIM_END_RESP_START
116 0 0620137828 RESP_END
117 0 0622277240 STIM_START
117 0 0623277348 STIM_END_RESP_START
117 0 0623574828 LICK
117 0 0623575320 TIMEOUT_START
117 0 0623736104 LICK
117 0 0623736592 TIMEOUT_START
117 0 0623918452 LICK
117 0 0623918940 TIMEOUT_START
117 0 0624083992 LICK
117 0 0624084480 TIMEOUT_START
117 0 0624477356 RESP_END
117 0 0631084988 TIMEOUT_END
118 1 0633250756 STIM_START
118 1 0634250860 STIM_END_RESP_START
118 1 0635450900 RESP_END
119 0 0647479656 STIM_START
119 0 0647853284 LICK
119 0 0648050724 LICK
119 0 0648266476 LICK
119 0 0648479764 STIM_END_RESP_START
119 0 0648516760 LICK
119 0 0648517244 TIMEOUT_START
119 0 0648708064 LICK
119 0 0648708556 TIMEOUT_START
119 0 0648913392 LICK
119 0 0648913876 TIMEOUT_START
119 0 0649190312 LICK
119 0 0649190808 TIMEOUT_START
119 0 0649679800 RESP_END
119 0 0656191304 TIMEOUT_END
120 1 0658052108 STIM_START
120 1 0659052204 STIM_END_RESP_START
120 1 0660252244 RESP_END
121 0 0662083692 STIM_START
121 0 0663083788 STIM_END_RESP_START
121 0 0664283828 RESP_END
122 0 0666425236 STIM_START
122 0 0667425336 STIM_END_RESP_START
122 0 0668625376 RESP_END
123 0 0670467792 STIM_START
123 0 0671467896 STIM_END_RESP_START
123 0 0672667936 RESP_END
124 1 0674545352 STIM_START
124 1 0675545456 STIM_END_RESP_START
124 1 0676745496 RESP_END
125 1 0680924232 STIM_START
125 1 0681432116 LICK
125 1 0681663324 LICK
125 1 0681862960 LICK
125 1 0681924336 STIM_END_RESP_START
125 1 0682099644 LICK
125 1 0682100136 REWARD_START
125 1 0682366688 LICK
125 1 0682489840 LICK
125 1 0682643980 LICK
125 1 0682800976 LICK
125 1 0683124384 RESP_END
125 1 0682110652 REWARD_END
126 0 0685226816 STIM_START
126 0 0686226916 STIM_END_RESP_START
126 0 0687426956 RESP_END
127 0 0689636416 STIM_START
127 0 0690636512 STIM_END_RESP_START
127 0 0691836552 RESP_END
128 1 0693665964 STIM_START
128 1 0694666060 STIM_END_RESP_START
128 1 0694707048 LICK
128 1 0694707540 REWARD_START
128 1 0694844460 LICK
128 1 0695137408 LICK
128 1 0695291328 LICK
128 1 0695446336 LICK
128 1 0695866084 RESP_END
128 1 0694718056 REWARD_END
129 1 0697681524 STIM_START
129 1 0698681628 STIM_END_RESP_START
129 1 0699258268 LICK
129 1 0699258756 REWARD_START
129 1 0699424452 LICK
129 1 0699603072 LICK
129 1 0699738264 LICK
129 1 0699881668 RESP_END
129 1 0699269280 REWARD_END
130 0 0703033252 STIM_START
130 0 0704033356 STIM_END_RESP_START
130 0 0705233396 RESP_END
131 0 0707256808 STIM_START
131 0 0708256912 STIM_END_RESP_START
131 0 0708694800 LICK
131 0 0708695288 TIMEOUT_START
131 0 0708856064 LICK
131 0 0708856548 TIMEOUT_START
131 0 0709064736 LICK
131 0 0709065224 TIMEOUT_START
131 0 0709456944 RESP_END
131 0 0716065724 TIMEOUT_END
132 1 0718015296 STIM_START
132 1 0719015404 STIM_END_RESP_START
132 1 0719729816 LICK
132 1 0719730304 REWARD_START
132 1 0719931988 LICK
132 1 0720092660 LICK
132 1 0720215432 RESP_END
132 1 0719740824 REWARD_END
133 1 0722204860 STIM_START
133 1 0722821256 LICK
133 1 0723037124 LICK
133 1 0723204948 STIM_END_RESP_START
133 1 0723237772 LICK
133 1 0723238264 REWARD_START
133 1 0723421892 LICK
133 1 0723576496 LICK
133 1 0723729916 LICK
133 1 0723891400 LICK
133 1 0724073736 LICK
133 1 0724404976 RESP_END
133 1 0723248784 REWARD_END
134 1 0728389692 STIM_START
134 1 0729389788 STIM_END_RESP_START
134 1 0729987352 LICK
134 1 0729987836 REWARD_START
134 1 0730245268 LICK
134 1 0730377244 LICK
134 1 0730546724 LICK
134 1 0730589808 RESP_END
134 1 0729998364 REWARD_END
135 0 0732685288 STIM_START
135 0 0733685396 STIM_END_RESP_START
135 0 0734885440 RESP_END
136 1 0736840840 STIM_START
136 1 0737840940 STIM_END_RESP_START
136 1 0737999336 LICK
136 1 0737999820 REWARD_START
136 1 0738185536 LICK
136 1 0738357508 LICK
136 1 0738507472 LICK
136 1 0738644268 LICK
136 1 0739040964 RESP_END
136 1 0738010344 REWARD_END
137 0 0741059456 STIM_START
137 0 0742059560 STIM_END_RESP_START
137 0 0742941576 LICK
137 0 0742942068 TIMEOUT_START
137 0 0743128168 LICK
137 0 0743128652 TIMEOUT_START
137 0 0743259580 RESP_END
137 0 0750129164 TIMEOUT_END
138 1 0752051924 STIM_START
138 1 0753052028 STIM_END_RESP_START
138 1 0753219808 LICK
138 1 0753220296 REWARD_START
138 1 0753407824 LICK
138 1 0753571124 LICK
138 1 0753729628 LICK
138 1 0753865656 LICK
138 1 0754033116 LICK
138 1 0754252060 RESP_END
138 1 0753230816 REWARD_END
139 0 0756287520 STIM_START
139 0 0757287616 STIM_END_RESP_START
139 0 0757634912 LICK
139 0 0757635404 TIMEOUT_START
139 0 0757872988 LICK
139 0 0757873472 TIMEOUT_START
139 0 0758040688 LICK
139 0 0758041172 TIMEOUT_START
139 0 0758267664 LICK
139 0 0758268156 TIMEOUT_START
139 0 0758487632 RESP_END
139 0 0765268664 TIMEOUT_END
140 1 0767388012 STIM_START
140 1 0768388120 STIM_END_RESP_START
140 1 0768616760 LICK
140 1 0768617248 REWARD_START
140 1 0768766676 LICK
140 1 0768930400 LICK
140 1 0769087564 LICK
140 1 0769227524 LICK
140 1 0769588136 RESP_END
140 1 0768627772 REWARD_END
141 0 0771374552 STIM_START
141 0 0772374656 STIM_END_RESP_START
141 0 0773574696 RESP_END
142 1 0775744144 STIM_START
142 1 0776744248 STIM_END_RESP_START
142 1 0776778652 LICK
142 1 0776779144 REWARD_START
142 1 0776912084 LICK
142 1 0777093152 LICK
142 1 0777227488 LICK
142 1 0777376376 LICK
142 1 0777944264 RESP_END
142 1 0776789668 REWARD_END
143 0 0780062728 STIM_START
143 0 0780636864 LICK
143 0 0780828940 LICK
143 0 0781016196 LICK
143 0 0781062824 STIM_END_RESP_START
143 0 0782262868 RESP_END
144 1 0784365360 STIM_START
144 1 0785365468 STIM_END_RESP_START
144 1 0785420124 LICK
144 1 0785420616 REWARD_START
144 1 0785608896 LICK
144 1 0785763828 LICK
144 1 0785916284 LICK
144 1 0786068040 LICK
144 1 0786565500 RESP_END
144 1 0785431140 REWARD_END
145 1 0789699032 STIM_START
145 1 0790699136 STIM_END_RESP_START
145 1 0791507316 LICK
145 1 0791507804 REWARD_START
145 1 0791709124 LICK
145 1 0791869984 LICK
145 1 0791899184 RESP_END
145 1 0791518332 REWARD_END
146 1 0794759740 STIM_START
146 1 0795759848 STIM_END_RESP_START
146 1 0796070524 LICK
146 1 0796071016 REWARD_START
146 1 0796250124 LICK
146 1 0796425780 LICK
146 1 0796561160 LICK
146 1 0796959896 RESP_END
146 1 0796081540 REWARD_END
147 0 0800812544 STIM_START
147 0 0801812648 STIM_END_RESP_START
147 0 0803012684 RESP_END
148 0 0804848100 STIM_START
148 0 0805826400 LICK
148 0 0805848220 STIM_END_RESP_START
148 0 0805996104 LICK
148 0 0805996596 TIMEOUT_START
148 0 0806201680 LICK
148 0 0806202164 TIMEOUT_START
148 0 0807048244 RESP_END
148 0 0813202668 TIMEOUT_END
149 1 0815009472 STIM_START
149 1 0816009580 STIM_END_RESP_START
149 1 0816109840 LICK
149 1 0816110328 REWARD_START
149 1 0816279136 LICK
149 1 0816457720 LICK
149 1 0816588816 LICK
149 1 0816743904 LICK
149 1 0817209616 RESP_END
149 1 0816120852 REWARD_END
150 1 0819040016 STIM_START
150 1 0819604392 LICK
150 1 0819756848 LICK
150 1 0819999644 LICK
150 1 0820040136 STIM_END_RESP_START
150 1 0820204244 LICK
150 1 0820204736 REWARD_START
150 1 0820347140 LICK
150 1 0820509616 LICK
150 1 0820658528 LICK
150 1 0820809528 LICK
150 1 0821240152 RESP_END
150 1 0820215252 REWARD_END
151 1 0823800724 STIM_START
151 1 0824679692 LICK
151 1 0824800832 STIM_END_RESP_START
151 1 0824858492 LICK
151 1 0824858984 REWARD_START
151 1 0825082332 LICK
151 1 0825245732 LICK
151 1 0825399348 LICK
151 1 0826000848 RESP_END
151 1 0824869504 REWARD_END
152 0 0827914224 STIM_START
152 0 0828790464 LICK
152 0 0828914312 STIM_END_RESP_START
152 0 0828987724 LICK
152 0 0828988212 TIMEOUT_START
152 0 0829147960 LICK
152 0 0829148452 TIMEOUT_START
152 0 0829352212 LICK
152 0 0829352696 TIMEOUT_START
152 0 0830114360 RESP_END
152 0 0836353208 TIMEOUT_END
153 1 0838199644 STIM_START
153 1 0839199744 STIM_END_RESP_START
153 1 0839213132 LICK
153 1 0839213616 REWARD_START
153 1 0839420028 LICK
153 1 0839703340 LICK
153 1 0839858412 LICK
153 1 0840040532 LICK
153 1 0840399764 RESP_END
153 1 0839224132 REWARD_END
154 0 0842583240 STIM_START
154 0 0843583336 STIM_END_RESP_START
154 0 0844783376 RESP_END
155 1 0846687780 STIM_START
155 1 0847040128 LICK
155 1 0847200976 LICK
155 1 0847376928 LICK
155 1 0847569740 LICK
155 1 0847687880 STIM_END_RESP_START
155 1 0847970664 LICK
155 1 0847971152 REWARD_START
155 1 0848201000 LICK
155 1 0848368584 LICK
155 1 0848519380 LICK
155 1 0848680028 LICK
155 1 0848887920 RESP_END
155 1 0847981676 REWARD_END
156 1 0850691332 STIM_START
156 1 0851035040 LICK
156 1 0851208272 LICK
156 1 0851409308 LICK
156 1 0851620984 LICK
156 1 0851691440 STIM_END_RESP_START
156 1 0852022216 LICK
156 1 0852022704 REWARD_START
156 1 0852192248 LICK
156 1 0852359540 LICK
156 1 0852528212 LICK
156 1 0852698916 LICK
156 1 0852891484 RESP_END
156 1 0852033220 REWARD_END
157 1 0855018920 STIM_START
157 1 0856019024 STIM_END_RESP_START
157 1 0856501692 LICK
157 1 0856502180 REWARD_START
157 1 0856698416 LICK
157 1 0856871208 LICK
157 1 0857060480 LICK
157 1 0857219048 RESP_END
157 1 0856512704 REWARD_END
158 0 0859009476 STIM_START
158 0 0859106704 LICK
158 0 0859365456 LICK
158 0 0859537640 LICK
158 0 0860009588 STIM_END_RESP_START
158 0 0860022832 LICK
158 0 0860023316 TIMEOUT_START
158 0 0860220472 LICK
158 0 0860220956 TIMEOUT_START
158 0 0860385860 LICK
158 0 0860386352 TIMEOUT_START
158 0 0861044344 LICK
158 0 0861044836 TIMEOUT_START
158 0 0861209628 RESP_END
158 0 0868045332 TIMEOUT_END
159 1 0869893924 STIM_START
159 1 0870894028 STIM_END_RESP_START
159 1 0870926988 LICK
159 1 0870927480 REWARD_START
159 1 0871127460 LICK
159 1 0871306944 LICK
159 1 0871459880 LICK
159 1 0872094040 RESP_END
159 1 0870937996 REWARD_END
160 1 0874142504 STIM_START
160 1 0875091440 LICK
160 1 0875142600 STIM_END_RESP_START
160 1 0875277456 LICK
160 1 0875277940 REWARD_START
160 1 0875514116 LICK
160 1 0875659976 LICK
160 1 0875810048 LICK
160 1 0875960432 LICK
160 1 0876342632 RESP_END
160 1 0875288460 REWARD_END
161 1 0878408084 STIM_START
161 1 0879408188 STIM_END_RESP_START
161 1 0879577844 LICK
161 1 0879578336 REWARD_START
161 1 0879772756 LICK
161 1 0879931836 LICK
161 1 0880065556 LICK
161 1 0880224716 LICK
161 1 0880608228 RESP_END
161 1 0879588856 REWARD_END
162 0 0882401632 STIM_START
162 0 0883091068 LICK
162 0 0883311996 LICK
162 0 0883401724 STIM_END_RESP_START
162 0 0883506964 LICK
162 0 0883507456 TIMEOUT_START
162 0 0883708808 LICK
162 0 0883709300 TIMEOUT_START
162 0 0883897524 LICK
162 0 0883898012 TIMEOUT_START
162 0 0884165348 LICK
162 0 0884165836 TIMEOUT_START
162 0 0884331592 LICK
162 0 0884332076 TIMEOUT_START
162 0 0884587436 LICK
162 0 0884587928 TIMEOUT_START
162 0 0884601760 RESP_END
162 0 0891588432 TIMEOUT_END
163 1 0893775204 STIM_START
163 1 0894159668 LICK
163 1 0894359032 LICK
163 1 0894556688 LICK
163 1 0894775316 STIM_END_RESP_START
163 1 0894829648 LICK
163 1 0894830136 REWARD_START
163 1 0895014940 LICK
163 1 0895299632 LICK
163 1 0895466028 LICK
163 1 0895658584 LICK
163 1 0895975332 RESP_END
163 1 0894840656 REWARD_END
164 1 0897753720 STIM_START
164 1 0898753824 STIM_END_RESP_START
164 1 0898986524 LICK
164 1 0898987016 REWARD_START
164 1 0899142420 LICK
164 1 0899292700 LICK
164 1 0899442948 LICK
164 1 0899608536 LICK
164 1 0899953872 RESP_END
164 1 0898997536 REWARD_END
165 1 0902162316 STIM_START
165 1 0903103492 LICK
165 1 0903162428 STIM_END_RESP_START
165 1 0903288684 LICK
165 1 0903289176 REWARD_START
165 1 0903486612 LICK
165 1 0903655392 LICK
165 1 0903830724 LICK
165 1 0904362472 RESP_END
165 1 0903299696 REWARD_END
166 0 0906495884 STIM_START
166 0 0906543620 LICK
166 0 0906726124 LICK
166 0 0906944364 LICK
166 0 0907496000 STIM_END_RESP_START
166 0 0908696040 RESP_END
167 1 0910660468 STIM_START
167 1 0911610288 LICK
167 1 0911660572 STIM_END_RESP_START
167 1 0911822364 LICK
167 1 0911822856 REWARD_START
167 1 0912002692 LICK
167 1 0912156972 LICK
167 1 0912308556 LICK
167 1 0912860592 RESP_END
167 1 0911833376 REWARD_END
168 0 0914668992 STIM_START
168 0 0915533908 LICK
168 0 0915669096 STIM_END_RESP_START
168 0 0915729156 LICK
168 0 0915729648 TIMEOUT_START
168 0 0915928288 LICK
168 0 0915928772 TIMEOUT_START
168 0 0916152236 LICK
168 0 0916152728 TIMEOUT_START
168 0 0916314032 LICK
168 0 0916314524 TIMEOUT_START
168 0 0916869116 RESP_END
168 0 0923315032 TIMEOUT_END
169 0 0925444460 STIM_START
169 0 0926440444 LICK
169 0 0926444568 STIM_END_RESP_START
169 0 0926610104 LICK
169 0 0926610596 TIMEOUT_START
169 0 0926845020 LICK
169 0 0926845504 TIMEOUT_START
169 0 0927048784 LICK
169 0 0927049268 TIMEOUT_START
169 0 0927225668 LICK
169 0 0927226156 TIMEOUT_START
169 0 0927644608 RESP_END
169 0 0934226656 TIMEOUT_END
170 0 0936014896 STIM_START
170 0 0936845432 LICK
170 0 0937015000 STIM_END_RESP_START
170 0 0937059004 LICK
170 0 0937059496 TIMEOUT_START
170 0 0937314460 LICK
170 0 0937314944 TIMEOUT_START
170 0 0937486452 LICK
170 0 0937486936 TIMEOUT_START
170 0 0937670452 LICK
170 0 0937670944 TIMEOUT_START
170 0 0938215028 RESP_END
170 0 0944671440 TIMEOUT_END
171 1 0946608380 STIM_START
171 1 0947608476 STIM_END_RESP_START
171 1 0948140260 LICK
171 1 0948140748 REWARD_START
171 1 0948300608 LICK
171 1 0948469584 LICK
171 1 0948603124 LICK
171 1 0948768384 LICK
171 1 0948808492 RESP_END
171 1 0948151272 REWARD_END
172 1 0950926924 STIM_START
172 1 0951927028 STIM_END_RESP_START
172 1 0952009704 LICK
172 1 0952010196 REWARD_START
172 1 0952192464 LICK
172 1 0952363376 LICK
172 1 0952498192 LICK
172 1 0952669196 LICK
172 1 0953127052 RESP_END
172 1 0952020716 REWARD_END
173 1 0954958464 STIM_START
173 1 0955958568 STIM_END_RESP_START
173 1 0956041404 LICK
173 1 0956041892 REWARD_START
173 1 0956228548 LICK
173 1 0956395268 LICK
173 1 0956544304 LICK
173 1 0957158604 RESP_END
173 1 0956052412 REWARD_END
174 0 0959318088 STIM_START
174 0 0960318188 STIM_END_RESP_START
174 0 0961518228 RESP_END
175 1 0963513640 STIM_START
175 1 0964513736 STIM_END_RESP_START
175 1 0964552768 LICK
175 1 0964553256 REWARD_START
175 1 0964734716 LICK
175 1 0964889808 LICK
175 1 0965019616 LICK
175 1 0965713756 RESP_END
175 1 0964563776 REWARD_END
176 0 0967767224 STIM_START
176 0 0968767320 STIM_END_RESP_START
176 0 0968999440 LICK
176 0 0968999924 TIMEOUT_START
176 0 0969169000 LICK
176 0 0969169484 TIMEOUT_START
176 0 0969340492 LICK
176 0 0969340984 TIMEOUT_START
176 0 0969527488 LICK
176 0 0969527972 TIMEOUT_START
176 0 0969683036 LICK
176 0 0969683520 TIMEOUT_START
176 0 0969967344 RESP_END
176 0 0976684024 TIMEOUT_END
177 0 0978683684 STIM_START
177 0 0979683792 STIM_END_RESP_START
177 0 0979772528 LICK
177 0 0979773016 TIMEOUT_START
177 0 0979969660 LICK
177 0 0979970152 TIMEOUT_START
177 0 0980162360 LICK
177 0 0980162852 TIMEOUT_START
177 0 0980883836 RESP_END
177 0 0987163356 TIMEOUT_END
178 0 0989016092 STIM_START
178 0 0990016188 STIM_END_RESP_START
178 0 0991216228 RESP_END
179 1 0993359680 STIM_START
179 1 0994359788 STIM_END_RESP_START
179 1 0994929540 LICK
179 1 0994930032 REWARD_START
179 1 0995113644 LICK
179 1 0995275696 LICK
179 1 0995424532 LICK
179 1 0995559816 RESP_END
179 1 0994940552 REWARD_END
180 1 0997549260 STIM_START
180 1 0998549360 STIM_END_RESP_START
180 1 0999749400 RESP_END
181 0 1001924856 STIM_START
181 0 1002924968 STIM_END_RESP_START
181 0 1002974320 LICK
181 0 1002974852 TIMEOUT_START
181 0 1003162420 LICK
181 0 1003162956 TIMEOUT_START
181 0 1003322276 LICK
181 0 1003322812 TIMEOUT_START
181 0 1003484976 LICK
181 0 1003485516 TIMEOUT_START
181 0 1004125012 RESP_END
181 0 1010486072 TIMEOUT_END
182 0 1012391252 STIM_START
182 0 1013391376 STIM_END_RESP_START
182 0 1014591388 RESP_END
183 0 1016452824 STIM_START
183 0 1017452944 STIM_END_RESP_START
183 0 1018652964 RESP_END
184 1 1020478344 STIM_START
184 1 1021478464 STIM_END_RESP_START
184 1 1022275964 LICK
184 1 1022276500 REWARD_START
184 1 1022461772 LICK
184 1 1022634048 LICK
184 1 1022678512 RESP_END
184 1 1022287076 REWARD_END
185 0 1025047992 STIM_START
185 0 1026048112 STIM_END_RESP_START
185 0 1026630068 LICK
185 0 1026630596 TIMEOUT_START
185 0 1026820564 LICK
185 0 1026821092 TIMEOUT_START
185 0 1027019008 LICK
185 0 1027019540 TIMEOUT_START
185 0 1027176404 LICK
185 0 1027176940 TIMEOUT_START
185 0 1027248156 RESP_END
185 0 1034177492 TIMEOUT_END
186 0 1036046456 STIM_START
186 0 1037046568 STIM_END_RESP_START
186 0 1038246584 RESP_END
187 1 1040253044 STIM_START
187 1 1041253160 STIM_END_RESP_START
187 1 1042044420 LICK
187 1 1042044956 REWARD_START
187 1 1042240708 LICK
187 1 1042376320 LICK
187 1 1042453188 RESP_END
187 1 1042055520 REWARD_END
188 1 1044711668 STIM_START
188 1 1045711784 STIM_END_RESP_START
188 1 1045928480 LICK
188 1 1045929016 REWARD_START
188 1 1046111424 LICK
188 1 1046271060 LICK
188 1 1046416668 LICK
188 1 1046911816 RESP_END
188 1 1045939584 REWARD_END
189 0 1049053256 STIM_START
189 0 1050053368 STIM_END_RESP_START
189 0 1051253384 RESP_END
190 1 1053301796 STIM_START
190 1 1054301908 STIM_END_RESP_START
190 1 1055026620 LICK
190 1 1055027152 REWARD_START
190 1 1055159004 LICK
190 1 1055321820 LICK
190 1 1055457624 LICK
190 1 1055501944 RESP_END
190 1 1055037724 REWARD_END
191 1 1057686412 STIM_START
191 1 1058496784 LICK
191 1 1058663484 LICK
191 1 1058686516 STIM_END_RESP_START
191 1 1058807524 LICK
191 1 1058808064 REWARD_START
191 1 1058995696 LICK
191 1 1059281460 LICK
191 1 1059886548 RESP_END
191 1 1058818628 REWARD_END
192 1 1061765940 STIM_START
192 1 1062766060 STIM_END_RESP_START
192 1 1062871816 LICK
192 1 1062872356 REWARD_START
192 1 1063013420 LICK
192 1 1063161624 LICK
192 1 1063318768 LICK
192 1 1063966108 RESP_END
192 1 1062882920 REWARD_END
193 0 1065777500 STIM_START
193 0 1066777620 STIM_END_RESP_START
193 0 1066980608 LICK
193 0 1066981140 TIMEOUT_START
193 0 1067096620 LICK
193 0 1067097156 TIMEOUT_START
193 0 1067291356 LICK
193 0 1067291892 TIMEOUT_START
193 0 1067489616 LICK
193 0 1067490148 TIMEOUT_START
193 0 1067670628 LICK
193 0 1067671160 TIMEOUT_START
193 0 1067977660 RESP_END
193 0 1074671728 TIMEOUT_END
194 0 1076457936 STIM_START
194 0 1077458052 STIM_END_RESP_START
194 0 1077756044 LICK
194 0 1077756576 TIMEOUT_START
194 0 1077950496 LICK
194 0 1077951028 TIMEOUT_START
194 0 1078658088 RESP_END
194 0 1084951600 TIMEOUT_END
195 0 1086958352 STIM_START
195 0 1087958472 STIM_END_RESP_START
195 0 1088185836 LICK
195 0 1088186364 TIMEOUT_START
195 0 1088399056 LICK
195 0 1088399592 TIMEOUT_START
195 0 1088583532 LICK
195 0 1088584068 TIMEOUT_START
195 0 1089158492 RESP_END
195 0 1095584624 TIMEOUT_END
196 1 1097733808 STIM_START
196 1 1098733924 STIM_END_RESP_START
196 1 1099933944 RESP_END
197 0 1101867376 STIM_START
197 0 1102867492 STIM_END_RESP_START
197 0 1104067504 RESP_END
198 1 1106164964 STIM_START
198 1 1107165080 STIM_END_RESP_START
198 1 1107240992 LICK
198 1 1107241524 REWARD_START
198 1 1107471512 LICK
198 1 1107762356 LICK
198 1 1107937992 LICK
198 1 1108365092 RESP_END
198 1 1107252108 REWARD_END
199 1 1110316536 STIM_START
199 1 1111316660 STIM_END_RESP_START
199 1 1111398872 LICK
199 1 1111399404 REWARD_START
199 1 1111592744 LICK
199 1 1111906424 LICK
199 1 1112516704 RESP_END
199 1 1111409976 REWARD_END
200 1 1114358148 STIM_START
200 1 1114865400 LICK
200 1 1115047824 LICK
200 1 1115255024 LICK
200 1 1115358240 STIM_END_RESP_START
200 1 1115453712 LICK
200 1 1115454244 REWARD_START
200 1 1116558288 RESP_END
200 1 1115464816 REWARD_END
201 0 1118509672 STIM_START
201 0 1118607960 LICK
201 0 1119509776 STIM_END_RESP_START
201 0 1120709796 RESP_END
202 0 1122930276 STIM_START
202 0 1123930396 STIM_END_RESP_START
202 0 1125130416 RESP_END
203 1 1127234840 STIM_START
203 1 1128234952 STIM_END_RESP_START
203 1 1128919004 LICK
203 1 1128919544 REWARD_START
203 1 1129220296 LICK
203 1 1129434984 RESP_END
203 1 1128930124 REWARD_END
204 1 1132158532 STIM_START
204 1 1133158656 STIM_END_RESP_START
204 1 1133637512 LICK
204 1 1133638052 REWARD_START
204 1 1133879908 LICK
204 1 1134094328 LICK
204 1 1134358700 RESP_END
204 1 1133648616 REWARD_END
205 0 1136337112 STIM_START
205 0 1137337228 STIM_END_RESP_START
205 0 1137482652 LICK
205 0 1137483188 TIMEOUT_START
205 0 1137693164 LICK
205 0 1137693704 TIMEOUT_START
205 0 1138309724 LICK
205 0 1138310264 TIMEOUT_START
205 0 1138493532 LICK
205 0 1138494064 TIMEOUT_START
205 0 1138537260 RESP_END
205 0 1145494632 TIMEOUT_END
206 1 1147698652 STIM_START
206 1 1148698772 STIM_END_RESP_START
206 1 1148727108 LICK
206 1 1148727648 REWARD_START
206 1 1149639056 LICK
206 1 1149829736 LICK
206 1 1149898816 RESP_END
206 1 1148738212 REWARD_END
207 1 1152088228 STIM_START
207 1 1153088344 STIM_END_RESP_START
207 1 1153598924 LICK
207 1 1153599456 REWARD_START
207 1 1153803892 LICK
207 1 1153999928 LICK
207 1 1154144752 LICK
207 1 1154288368 RESP_END
207 1 1153610028 REWARD_END
208 0 1156183784 STIM_START
208 0 1157183904 STIM_END_RESP_START
208 0 1158383920 RESP_END
209 0 1160500372 STIM_START
209 0 1161345136 LICK
209 0 1161500496 STIM_END_RESP_START
209 0 1161556944 LICK
209 0 1161557484 TIMEOUT_START
209 0 1162031728 LICK
209 0 1162032268 TIMEOUT_START
209 0 1162258208 LICK
209 0 1162258744 TIMEOUT_START
209 0 1162700520 RESP_END
209 0 1169259292 TIMEOUT_END
210 0 1171129828 STIM_START
210 0 1172129948 STIM_END_RESP_START
210 0 1172256608 LICK
210 0 1172257148 TIMEOUT_START
210 0 1172436072 LICK
210 0 1172436604 TIMEOUT_START
210 0 1173329988 RESP_END
210 0 1179437172 TIMEOUT_END
211 1 1181296236 STIM_START
211 1 1182296356 STIM_END_RESP_START
211 1 1182700840 LICK
211 1 1182701372 REWARD_START
211 1 1182920052 LICK
211 1 1183271444 LICK
211 1 1183496376 RESP_END
211 1 1182711948 REWARD_END
212 0 1185624800 STIM_START
212 0 1186527420 LICK
212 0 1186624908 STIM_END_RESP_START
212 0 1186714496 LICK
212 0 1186715032 TIMEOUT_START
212 0 1187824936 RESP_END
212 0 1193715588 TIMEOUT_END
213 0 1195728160 STIM_START
213 0 1196728272 STIM_END_RESP_START
213 0 1197928292 RESP_END
214 0 1200053716 STIM_START
214 0 1201053836 STIM_END_RESP_START
214 0 1202253888 RESP_END
215 1 1204727388 STIM_START
215 1 1205727512 STIM_END_RESP_START
215 1 1206367420 LICK
215 1 1206367956 REWARD_START
215 1 1206711192 LICK
215 1 1206927552 RESP_END
215 1 1206378544 REWARD_END
216 0 1209013948 STIM_START
216 0 1210014068 STIM_END_RESP_START
216 0 1211214092 RESP_END
217 0 1213260504 STIM_START
217 0 1214260628 STIM_END_RESP_START
217 0 1215460648 RESP_END
218 1 1217483088 STIM_START
218 1 1218483208 STIM_END_RESP_START
218 1 1218929112 LICK
218 1 1218929644 REWARD_START
218 1 1219139904 LICK
218 1 1219464232 LICK
218 1 1219654728 LICK
218 1 1219683220 RESP_END
218 1 1218940216 REWARD_END
219 1 1221807656 STIM_START
219 1 1222807776 STIM_END_RESP_START
219 1 1223047736 LICK
219 1 1223048276 REWARD_START
219 1 1223223952 LICK
219 1 1223434180 LICK
219 1 1223565152 LICK
219 1 1224007808 RESP_END
219 1 1223058840 REWARD_END
220 1 1226540296 STIM_START
220 1 1227540412 STIM_END_RESP_START
220 1 1227569460 LICK
220 1 1227569996 REWARD_START
220 1 1227780884 LICK
220 1 1227961920 LICK
220 1 1228140744 LICK
220 1 1228740456 RESP_END
220 1 1227580568 REWARD_END
221 0 1230972912 STIM_START
221 0 1231735908 LICK
221 0 1231907904 LICK
221 0 1231973028 STIM_END_RESP_START
221 0 1233173052 RESP_END
222 0 1235026460 STIM_START
222 0 1235903672 LICK
222 0 1236026556 STIM_END_RESP_START
222 0 1236095912 LICK
222 0 1236096452 TIMEOUT_START
222 0 1236811596 LICK
222 0 1236812136 TIMEOUT_START
222 0 1237004432 LICK
222 0 1237004964 TIMEOUT_START
222 0 1237226600 RESP_END
222 0 1244005528 TIMEOUT_END
223 1 1245965940 STIM_START
223 1 1246966060 STIM_END_RESP_START
223 1 1247260048 LICK
223 1 1247260580 REWARD_START
223 1 1247459408 LICK
223 1 1247664768 LICK
223 1 1247793740 LICK
223 1 1248166108 RESP_END
223 1 1247271156 REWARD_END
224 1 1249966472 STIM_START
224 1 1250966592 STIM_END_RESP_START
224 1 1252049156 LICK
224 1 1252049692 REWARD_START
224 1 1252166636 RESP_END
224 1 1252060264 REWARD_END
225 0 1254708128 STIM_START
225 0 1254827908 LICK
225 0 1255708244 STIM_END_RESP_START
225 0 1255897332 LICK
225 0 1255897864 TIMEOUT_START
225 0 1256102336 LICK
225 0 1256102872 TIMEOUT_START
225 0 1256275992 LICK
225 0 1256276528 TIMEOUT_START
225 0 1256754880 LICK
225 0 1256755420 TIMEOUT_START
225 0 1256908272 RESP_END
225 0 1263755984 TIMEOUT_END
226 1 1265691604 STIM_START
226 1 1266691724 STIM_END_RESP_START
226 1 1266742048 LICK
226 1 1266742588 REWARD_START
226 1 1266938872 LICK
226 1 1267264588 LICK
226 1 1267448896 LICK
226 1 1267891764 RESP_END
226 1 1266753152 REWARD_END
227 0 1269795144 STIM_START
227 0 1270795256 STIM_END_RESP_START
227 0 1271315256 LICK
227 0 1271315792 TIMEOUT_START
227 0 1271472528 LICK
227 0 1271473060 TIMEOUT_START
227 0 1271995304 RESP_END
227 0 1278473620 TIMEOUT_END
228 0 1280642620 STIM_START
228 0 1281642736 STIM_END_RESP_START
228 0 1281996732 LICK
228 0 1281997268 TIMEOUT_START
228 0 1282184468 LICK
228 0 1282184996 TIMEOUT_START
228 0 1282842760 RESP_END
228 0 1289185564 TIMEOUT_END
229 0 1291004020 STIM_START
229 0 1292004136 STIM_END_RESP_START
229 0 1292458088 LICK
229 0 1292458616 TIMEOUT_START
229 0 1293204152 RESP_END
229 0 1299459184 TIMEOUT_END
230 1 1301688484 STIM_START
230 1 1302688596 STIM_END_RESP_START
230 1 1303256200 LICK
230 1 1303256732 REWARD_START
230 1 1303477292 LICK
230 1 1303780692 LICK
230 1 1303888616 RESP_END
230 1 1303267316 REWARD_END
231 0 1305924084 STIM_START
231 0 1306924204 STIM_END_RESP_START
231 0 1308124224 RESP_END
232 0 1310204636 STIM_START
232 0 1310940268 LICK
232 0 1311143720 LICK
232 0 1311204736 STIM_END_RESP_START
232 0 1311314020 LICK
232 0 1311314548 TIMEOUT_START
232 0 1312404752 RESP_END
232 0 1318315108 TIMEOUT_END
233 0 1320316984 STIM_START
233 0 1321317100 STIM_END_RESP_START
233 0 1322517120 RESP_END
234 1 1324726592 STIM_START
234 1 1325726704 STIM_END_RESP_START
234 1 1326926724 RESP_END
235 1 1328775132 STIM_START
235 1 1329775252 STIM_END_RESP_START
235 1 1330975272 RESP_END
236 0 1332759676 STIM_START
236 0 1333759788 STIM_END_RESP_START
236 0 1333963804 LICK
236 0 1333964336 TIMEOUT_START
236 0 1334144320 LICK
236 0 1334144848 TIMEOUT_START
236 0 1334344596 LICK
236 0 1334345132 TIMEOUT_START
236 0 1334959804 RESP_END
236 0 1341345692 TIMEOUT_END
237 0 1343429112 STIM_START
237 0 1344429232 STIM_END_RESP_START
237 0 1345629248 RESP_END
238 0 1347840712 STIM_START
238 0 1348840832 STIM_END_RESP_START
238 0 1350040848 RESP_END
239 1 1351968264 STIM_START
239 1 1352968380 STIM_END_RESP_START
239 1 1354168400 RESP_END
240 0 1356127860 STIM_START
240 0 1357127980 STIM_END_RESP_START
240 0 1358328000 RESP_END
241 1 1360728452 STIM_START
241 1 1361728572 STIM_END_RESP_START
241 1 1362928620 RESP_END
242 1 1364785000 STIM_START
242 1 1365785116 STIM_END_RESP_START
242 1 1366932972 LICK
242 1 1366933512 REWARD_START
242 1 1366985152 RESP_END
242 1 1366944076 REWARD_END
243 1 1370557800 STIM_START
243 1 1371489368 LICK
243 1 1371557896 STIM_END_RESP_START
243 1 1371666696 LICK
243 1 1371667232 REWARD_START
243 1 1372757908 RESP_END
243 1 1371677804 REWARD_END
244 0 1374552312 STIM_START
244 0 1375552428 STIM_END_RESP_START
244 0 1376752444 RESP_END
245 0 1378953912 STIM_START
245 0 1379954032 STIM_END_RESP_START
245 0 1381154052 RESP_END
246 1 1382932448 STIM_START
246 1 1383932564 STIM_END_RESP_START
246 1 1385124468 LICK
246 1 1385125008 REWARD_START
246 1 1385135604 RESP_END
246 1 1385135572 REWARD_END
247 1 1388259172 STIM_START
247 1 1389259300 STIM_END_RESP_START
247 1 1390459320 RESP_END
248 0 1392307724 STIM_START
248 0 1393252344 LICK
248 0 1393307836 STIM_END_RESP_START
248 0 1393461632 LICK
248 0 1393462160 TIMEOUT_START
248 0 1394507884 RESP_END
248 0 1400462720 TIMEOUT_END
249 1 1402660156 STIM_START
249 1 1403660268 STIM_END_RESP_START
249 1 1404566820 LICK
249 1 1404567356 REWARD_START
249 1 1404764280 LICK
249 1 1404860312 RESP_END
249 1 1404577928 REWARD_END
250 0 1407339756 STIM_START
250 0 1408339872 STIM_END_RESP_START
250 0 1408994784 LICK
250 0 1408995316 TIMEOUT_START
250 0 1409227120 LICK
250 0 1409227652 TIMEOUT_START
250 0 1409539900 RESP_END
250 0 1416228216 TIMEOUT_END
251 1 1418391260 STIM_START
251 1 1419391380 STIM_END_RESP_START
251 1 1419513116 LICK
251 1 1419513652 REWARD_START
251 1 1419713852 LICK
251 1 1420031132 LICK
251 1 1420242916 LICK
251 1 1420591404 RESP_END
251 1 1419524224 REWARD_END
252 1 1422792844 STIM_START
252 1 1423792960 STIM_END_RESP_START
252 1 1424210720 LICK
252 1 1424211260 REWARD_START
252 1 1424381812 LICK
252 1 1424581836 LICK
252 1 1424738464 LICK
252 1 1424992992 RESP_END
252 1 1424221824 REWARD_END
253 1 1426890396 STIM_START
253 1 1427715524 LICK
253 1 1427883408 LICK
253 1 1427890488 STIM_END_RESP_START
253 1 1428108052 LICK
253 1 1428108592 REWARD_START
253 1 1428536040 LICK
253 1 1428702796 LICK
253 1 1428857048 LICK
253 1 1429090520 RESP_END
253 1 1428119160 REWARD_END
254 0 1431039964 STIM_START
254 0 1432001824 LICK
254 0 1432040072 STIM_END_RESP_START
254 0 1432186800 LICK
254 0 1432187340 TIMEOUT_START
254 0 1433240120 RESP_END
254 0 1439187892 TIMEOUT_END
255 1 1441403344 STIM_START
255 1 1442403464 STIM_END_RESP_START
255 1 1442512972 LICK
255 1 1442513500 REWARD_START
255 1 1442685992 LICK
255 1 1443002384 LICK
255 1 1443207760 LICK
255 1 1443603500 RESP_END
255 1 1442524084 REWARD_END
256 1 1445620948 STIM_START
256 1 1446621060 STIM_END_RESP_START
256 1 1446990164 LICK
256 1 1446990696 REWARD_START
256 1 1447170860 LICK
256 1 1447378884 LICK
256 1 1447534692 LICK
256 1 1447821072 RESP_END
256 1 1447001268 REWARD_END
257 0 1449756488 STIM_START
257 0 1450756608 STIM_END_RESP_START
257 0 1451956624 RESP_END
258 0 1454240096 STIM_START
258 0 1455240216 STIM_END_RESP_START
258 0 1456440264 RESP_END
259 0 1458449660 STIM_START
259 0 1459449772 STIM_END_RESP_START
259 0 1460649792 RESP_END
260 1 1462773240 STIM_START
260 1 1463773360 STIM_END_RESP_START
260 1 1464268036 LICK
260 1 1464268572 REWARD_START
260 1 1464510720 LICK
260 1 1464826228 LICK
260 1 1464973404 RESP_END
260 1 1464279144 REWARD_END
261 0 1467011808 STIM_START
261 0 1468011888 STIM_END_RESP_START
261 0 1469211908 RESP_END
262 1 1471286376 STIM_START
262 1 1472286492 STIM_END_RESP_START
262 1 1472473476 LICK
262 1 1472474012 REWARD_START
262 1 1472653112 LICK
262 1 1472964812 LICK
262 1 1473153400 LICK
262 1 1473486524 RESP_END
262 1 1472484584 REWARD_END
263 1 1475699988 STIM_START
263 1 1476700100 STIM_END_RESP_START
263 1 1477346224 LICK
263 1 1477346760 REWARD_START
263 1 1477585288 LICK
263 1 1477753624 LICK
263 1 1477900116 RESP_END
263 1 1477357328 REWARD_END
264 1 1479804528 STIM_START
264 1 1480804648 STIM_END_RESP_START
264 1 1480904748 LICK
264 1 1480905280 REWARD_START
264 1 1481057476 LICK
264 1 1481241968 LICK
264 1 1481408572 LICK
264 1 1481597728 LICK
264 1 1482004684 RESP_END
264 1 1480915864 REWARD_END
265 0 1484122096 STIM_START
265 0 1485122220 STIM_END_RESP_START
265 0 1486322236 RESP_END
266 1 1488283688 STIM_START
266 1 1489283800 STIM_END_RESP_START
266 1 1489341432 LICK
266 1 1489341972 REWARD_START
266 1 1489546324 LICK
266 1 1489715844 LICK
266 1 1489902184 LICK
266 1 1490483836 RESP_END
266 1 1489352556 REWARD_END
267 0 1492499228 STIM_START
267 0 1493489528 LICK
267 0 1493499340 STIM_END_RESP_START
267 0 1493671704 LICK
267 0 1493672244 TIMEOUT_START
267 0 1493911864 LICK
267 0 1493912396 TIMEOUT_START
267 0 1494699360 RESP_END
267 0 1500912956 TIMEOUT_END
268 1 1502929688 STIM_START
268 1 1503929768 STIM_END_RESP_START
268 1 1504109988 LICK
268 1 1504110524 REWARD_START
268 1 1504312432 LICK
268 1 1504648524 LICK
268 1 1504844432 LICK
268 1 1505129812 RESP_END
268 1 1504121096 REWARD_END
269 1 1507203212 STIM_START
269 1 1508153400 LICK
269 1 1508203320 STIM_END_RESP_START
269 1 1508322312 LICK
269 1 1508322844 REWARD_START
269 1 1508507796 LICK
269 1 1508701696 LICK
269 1 1508865072 LICK
269 1 1509036144 LICK
269 1 1509403336 RESP_END
269 1 1508333428 REWARD_END
270 1 1511297784 STIM_START
270 1 1512297904 STIM_END_RESP_START
270 1 1512731976 LICK
270 1 1512732512 REWARD_START
270 1 1512962072 LICK
270 1 1513133440 LICK
270 1 1513497940 RESP_END
270 1 1512743084 REWARD_END
271 0 1517418624 STIM_START
271 0 1518319880 LICK
271 0 1518418732 STIM_END_RESP_START
271 0 1518481252 LICK
271 0 1518481792 TIMEOUT_START
271 0 1519618752 RESP_END
271 0 1525482352 TIMEOUT_END
272 0 1527375948 STIM_START
272 0 1528376064 STIM_END_RESP_START
272 0 1529282772 LICK
272 0 1529283304 TIMEOUT_START
272 0 1529460688 LICK
272 0 1529461224 TIMEOUT_START
272 0 1529576084 RESP_END
272 0 1536461784 TIMEOUT_END
273 1 1538669452 STIM_START
273 1 1539669572 STIM_END_RESP_START
273 1 1539804112 LICK
273 1 1539804652 REWARD_START
273 1 1540302396 LICK
273 1 1540487208 LICK
273 1 1540774084 LICK
273 1 1540869584 RESP_END
273 1 1539815236 REWARD_END
274 1 1543161056 STIM_START
274 1 1544161172 STIM_END_RESP_START
274 1 1545361192 RESP_END
275 1 1547210620 STIM_START
275 1 1548121020 LICK
275 1 1548210708 STIM_END_RESP_START
275 1 1548315604 LICK
275 1 1548316140 REWARD_START
275 1 1548515708 LICK
275 1 1548815544 LICK
275 1 1548994176 LICK
275 1 1549181172 LICK
275 1 1549410740 RESP_END
275 1 1548326724 REWARD_END
276 0 1551223180 STIM_START
276 0 1551230768 LICK
276 0 1552223268 STIM_END_RESP_START
276 0 1553423284 RESP_END
277 1 1565067004 STIM_START
277 1 1566010944 LICK
277 1 1566067132 STIM_END_RESP_START
277 1 1566452192 LICK
277 1 1566452728 REWARD_START
277 1 1566658568 LICK
277 1 1567006976 LICK
277 1 1567172040 LICK
277 1 1567267160 RESP_END
277 1 1566463300 REWARD_END
278 1 1569084512 STIM_START
278 1 1570084628 STIM_END_RESP_START
278 1 1571284648 RESP_END
279 1 1573274092 STIM_START
279 1 1574274212 STIM_END_RESP_START
279 1 1575067580 LICK
279 1 1575068120 REWARD_START
279 1 1575312552 LICK
279 1 1575474228 RESP_END
279 1 1575078684 REWARD_END
280 0 1577754736 STIM_START
280 0 1578754848 STIM_END_RESP_START
280 0 1579954868 RESP_END
281 1 1581806232 STIM_START
281 1 1582806332 STIM_END_RESP_START
281 1 1582817692 LICK
281 1 1582818232 REWARD_START
281 1 1583004300 LICK
281 1 1583193116 LICK
281 1 1583370072 LICK
281 1 1584006372 RESP_END
281 1 1582828804 REWARD_END
282 0 1586185820 STIM_START
282 0 1587185940 STIM_END_RESP_START
282 0 1588385960 RESP_END
283 0 1590278384 STIM_START
283 0 1591278500 STIM_END_RESP_START
283 0 1592478524 RESP_END
284 1 1594319920 STIM_START
284 1 1595320036 STIM_END_RESP_START
284 1 1596520056 RESP_END
285 1 1598964548 STIM_START
285 1 1599964668 STIM_END_RESP_START
285 1 1601164688 RESP_END
286 1 1603002092 STIM_START
286 1 1604002212 STIM_END_RESP_START
286 1 1604936556 LICK
286 1 1604937096 REWARD_START
286 1 1605202228 RESP_END
286 1 1604947660 REWARD_END
287 0 1610170068 STIM_START
287 0 1611170156 STIM_END_RESP_START
287 0 1611589028 LICK
287 0 1611589560 TIMEOUT_START
287 0 1611898652 LICK
287 0 1611899188 TIMEOUT_START
287 0 1612370204 RESP_END
287 0 1618899748 TIMEOUT_END
288 0 1621117532 STIM_START
288 0 1622117616 STIM_END_RESP_START
288 0 1622920876 LICK
288 0 1622921412 TIMEOUT_START
288 0 1623168432 LICK
288 0 1623168964 TIMEOUT_START
288 0 1623317648 RESP_END
288 0 1630169524 TIMEOUT_END
289 1 1632284072 STIM_START
289 1 1633220184 LICK
289 1 1633284172 STIM_END_RESP_START
289 1 1633964320 LICK
289 1 1633964856 REWARD_START
289 1 1634181616 LICK
289 1 1634388568 LICK
289 1 1634484196 RESP_END
289 1 1633975428 REWARD_END
290 0 1636443592 STIM_START
290 0 1637443712 STIM_END_RESP_START
290 0 1638643732 RESP_END
291 0 1640520148 STIM_START
291 0 1641520268 STIM_END_RESP_START
291 0 1642720324 RESP_END
292 1 1644796716 STIM_START
292 1 1645796836 STIM_END_RESP_START
292 1 1646609616 LICK
292 1 1646610144 REWARD_START
292 1 1646851752 LICK
292 1 1646996868 RESP_END
292 1 1646620716 REWARD_END
293 1 1650060432 STIM_START
293 1 1651060548 STIM_END_RESP_START
293 1 1651434836 LICK
293 1 1651435372 REWARD_START
293 1 1651963064 LICK
293 1 1652160880 LICK
293 1 1652260596 RESP_END
293 1 1651445944 REWARD_END
294 1 1654604036 STIM_START
294 1 1655604148 STIM_END_RESP_START
294 1 1656383752 LICK
294 1 1656384288 REWARD_START
294 1 1656582812 LICK
294 1 1656761036 LICK
294 1 1656804164 RESP_END
294 1 1656394860 REWARD_END
295 0 1659071636 STIM_START
295 0 1660071756 STIM_END_RESP_START
295 0 1661271776 RESP_END
296 0 1663296232 STIM_START
296 0 1664296352 STIM_END_RESP_START
296 0 1665496372 RESP_END
297 1 1667678808 STIM_START
297 1 1668678932 STIM_END_RESP_START
297 1 1669878952 RESP_END
298 0 1672436452 STIM_START
298 0 1673436532 STIM_END_RESP_START
298 0 1674636552 RESP_END
299 0 1676850048 STIM_START
299 0 1677850168 STIM_END_RESP_START
299 0 1679050184 RESP_END
300 0 1680833580 STIM_START
300 0 1681833692 STIM_END_RESP_START
300 0 1683033708 RESP_END
301 1 1685038140 STIM_START
301 1 1686038252 STIM_END_RESP_START
301 1 1686351388 LICK
301 1 1686351924 REWARD_START
301 1 1686564356 LICK
301 1 1686862112 LICK
301 1 1687069136 LICK
301 1 1687238268 RESP_END
301 1 1686362492 REWARD_END
302 0 1689237716 STIM_START
302 0 1690237828 STIM_END_RESP_START
302 0 1691437848 RESP_END
303 1 1693224244 STIM_START
303 1 1694224356 STIM_END_RESP_START
303 1 1694447860 LICK
303 1 1694448392 REWARD_START
303 1 1694625784 LICK
303 1 1694785736 LICK
303 1 1694973700 LICK
303 1 1695151472 LICK
303 1 1695424404 RESP_END
303 1 1694458964 REWARD_END
304 1 1697260792 STIM_START
304 1 1698260908 STIM_END_RESP_START
304 1 1698313640 LICK
304 1 1698314172 REWARD_START
304 1 1698500416 LICK
304 1 1698885464 LICK
304 1 1699460956 RESP_END
304 1 1698324744 REWARD_END
305 0 1701445360 STIM_START
305 0 1702445480 STIM_END_RESP_START
305 0 1703412156 LICK
305 0 1703412688 TIMEOUT_START
305 0 1703594908 LICK
305 0 1703595448 TIMEOUT_START
305 0 1703645512 RESP_END
305 0 1710596004 TIMEOUT_END
306 1 1712611864 STIM_START
306 1 1713611952 STIM_END_RESP_START
306 1 1714811972 RESP_END
307 0 1716710428 STIM_START
307 0 1717710544 STIM_END_RESP_START
307 0 1718910564 RESP_END
308 0 1720918996 STIM_START
308 0 1721919116 STIM_END_RESP_START
308 0 1723119136 RESP_END
309 1 1725064540 STIM_START
309 1 1726064660 STIM_END_RESP_START
309 1 1727264672 RESP_END
310 0 1729804192 STIM_START
310 0 1730804312 STIM_END_RESP_START
310 0 1732004332 RESP_END
311 0 1734122760 STIM_START
311 0 1735122876 STIM_END_RESP_START
311 0 1736322896 RESP_END
312 1 1738324376 STIM_START
312 1 1739324496 STIM_END_RESP_START
312 1 1740524508 RESP_END
313 1 1742667916 STIM_START
313 1 1743668032 STIM_END_RESP_START
313 1 1744868048 RESP_END
314 0 1747559576 STIM_START
314 0 1748559688 STIM_END_RESP_START
314 0 1749759708 RESP_END
315 0 1751893160 STIM_START
315 0 1752893276 STIM_END_RESP_START
315 0 1754093296 RESP_END
316 0 1755897700 STIM_START
316 0 1756897820 STIM_END_RESP_START
316 0 1758097840 RESP_END
317 1 1759908296 STIM_START
317 1 1760908416 STIM_END_RESP_START
317 1 1761443444 LICK
317 1 1761443984 REWARD_START
317 1 1761645156 LICK
317 1 1761950676 LICK
317 1 1762108464 RESP_END
317 1 1761454548 REWARD_END
318 1 1764348856 STIM_START
318 1 1765348976 STIM_END_RESP_START
318 1 1766548996 RESP_END
319 1 1768340392 STIM_START
319 1 1769340512 STIM_END_RESP_START
319 1 1770250788 LICK
319 1 1770251328 REWARD_START
319 1 1770467508 LICK
319 1 1770540556 RESP_END
319 1 1770261892 REWARD_END
320 0 1773131040 STIM_START
320 0 1774131156 STIM_END_RESP_START
320 0 1775331176 RESP_END
321 1 1777320584 STIM_START
321 1 1778320704 STIM_END_RESP_START
321 1 1778851072 LICK
321 1 1778851608 REWARD_START
321 1 1779100008 LICK
321 1 1779247060 LICK
321 1 1779406992 LICK
321 1 1779520732 RESP_END
321 1 1778862180 REWARD_END
322 0 1781509160 STIM_START
322 0 1782509272 STIM_END_RESP_START
322 0 1783709296 RESP_END
323 1 1785543704 STIM_START
323 1 1786543820 STIM_END_RESP_START
323 1 1786806644 LICK
323 1 1786807176 REWARD_START
323 1 1787052976 LICK
323 1 1787262700 LICK
323 1 1787406016 LICK
323 1 1787613576 LICK
323 1 1787743836 RESP_END
323 1 1786817748 REWARD_END
324 1 1789915296 STIM_START
324 1 1790899320 LICK
324 1 1790915404 STIM_END_RESP_START
324 1 1791100060 LICK
324 1 1791100592 REWARD_START
324 1 1791302568 LICK
324 1 1791488500 LICK
324 1 1791670020 LICK
324 1 1792115448 RESP_END
324 1 1791111184 REWARD_END
325 1 1794367884 STIM_START
325 1 1795266120 LICK
325 1 1795368000 STIM_END_RESP_START
325 1 1795546936 LICK
325 1 1795547472 REWARD_START
325 1 1796012028 LICK
325 1 1796320320 LICK
325 1 1796511096 LICK
325 1 1796568024 RESP_END
325 1 1795558044 REWARD_END
326 0 1798327436 STIM_START
326 0 1799327548 STIM_END_RESP_START
326 0 1800527572 RESP_END
327 0 1802766060 STIM_START
327 0 1803766180 STIM_END_RESP_START
327 0 1804966196 RESP_END
328 0 1807001588 STIM_START
328 0 1808001712 STIM_END_RESP_START
328 0 1809201728 RESP_END
329 1 1811329164 STIM_START
329 1 1812329276 STIM_END_RESP_START
329 1 1813470588 LICK
329 1 1813471120 REWARD_START
329 1 1813529324 RESP_END
329 1 1813481692 REWARD_END
330 1 1817013956 STIM_START
330 1 1818012792 LICK
330 1 1818014064 STIM_END_RESP_START
330 1 1818216396 LICK
330 1 1818216936 REWARD_START
330 1 1818454636 LICK
330 1 1818635068 LICK
330 1 1818824916 LICK
330 1 1819214076 RESP_END
330 1 1818227504 REWARD_END
331 0 1821251512 STIM_START
331 0 1822251632 STIM_END_RESP_START
331 0 1823451652 RESP_END
332 1 1825652104 STIM_START
332 1 1826652224 STIM_END_RESP_START
332 1 1827365728 LICK
332 1 1827366268 REWARD_START
332 1 1827563308 LICK
332 1 1827852268 RESP_END
332 1 1827376836 REWARD_END
333 1 1829976680 STIM_START
333 1 1830976800 STIM_END_RESP_START
333 1 1832176820 RESP_END
334 0 1834407312 STIM_START
334 0 1835407396 STIM_END_RESP_START
334 0 1836607408 RESP_END
335 1 1838715884 STIM_START
335 1 1839716004 STIM_END_RESP_START
335 1 1840916024 RESP_END
336 0 1843666540 STIM_START
336 0 1844666660 STIM_END_RESP_START
336 0 1845866680 RESP_END
337 1 1848118140 STIM_START
337 1 1849118256 STIM_END_RESP_START
337 1 1850318276 RESP_END
338 0 1852244676 STIM_START
338 0 1853244796 STIM_END_RESP_START
338 0 1854444816 RESP_END
339 1 1856590264 STIM_START
339 1 1857590384 STIM_END_RESP_START
339 1 1858790396 RESP_END
340 0 1860580812 STIM_START
340 0 1861580932 STIM_END_RESP_START
340 0 1862780988 RESP_END
341 1 1864770396 STIM_START
341 1 1865770516 STIM_END_RESP_START
341 1 1866608980 LICK
341 1 1866609512 REWARD_START
341 1 1866839628 LICK
341 1 1866970564 RESP_END
341 1 1866620084 REWARD_END
342 1 1869512020 STIM_START
342 1 1870512136 STIM_END_RESP_START
342 1 1871712152 RESP_END
343 1 1873494552 STIM_START
343 1 1874494672 STIM_END_RESP_START
343 1 1875694692 RESP_END
344 0 1877735108 STIM_START
344 0 1878735228 STIM_END_RESP_START
344 0 1878870004 LICK
344 0 1878870544 TIMEOUT_START
344 0 1879055808 LICK
344 0 1879056340 TIMEOUT_START
344 0 1879241604 LICK
344 0 1879242140 TIMEOUT_START
344 0 1879935268 RESP_END
344 0 1886242700 TIMEOUT_END
345 0 1888396564 STIM_START
345 0 1889396676 STIM_END_RESP_START
345 0 1890596696 RESP_END
346 1 1892361104 STIM_START
346 1 1893361224 STIM_END_RESP_START
346 1 1894561244 RESP_END
347 1 1896670672 STIM_START
347 1 1897670756 STIM_END_RESP_START
347 1 1898870768 RESP_END
348 0 1900760204 STIM_START
348 0 1901760316 STIM_END_RESP_START
348 0 1902960336 RESP_END
349 0 1911731664 STIM_START
349 0 1912731784 STIM_END_RESP_START
349 0 1912972436 LICK
349 0 1912972968 TIMEOUT_START
349 0 1913206544 LICK
349 0 1913207084 TIMEOUT_START
349 0 1913426508 LICK
349 0 1913427048 TIMEOUT_START
349 0 1913931840 RESP_END
349 0 1920427612 TIMEOUT_END
350 1 1922392124 STIM_START
350 1 1923308104 LICK
350 1 1923392224 STIM_END_RESP_START
350 1 1923880036 LICK
350 1 1923880568 REWARD_START
350 1 1924592272 RESP_END
350 1 1923891156 REWARD_END
351 0 1926936736 STIM_START
351 0 1927936820 STIM_END_RESP_START
351 0 1929136836 RESP_END
352 1 1931011256 STIM_START
352 1 1932011372 STIM_END_RESP_START
352 1 1933211388 RESP_END
353 1 1935373844 STIM_START
353 1 1936373960 STIM_END_RESP_START
353 1 1937573980 RESP_END
354 0 1939430412 STIM_START
354 0 1940430528 STIM_END_RESP_START
354 0 1941630548 RESP_END
355 0 1943710960 STIM_START
355 0 1944711076 STIM_END_RESP_START
355 0 1945911100 RESP_END
356 1 1947976568 STIM_START
356 1 1948976688 STIM_END_RESP_START
356 1 1950176708 RESP_END
357 1 1951988100 STIM_START
357 1 1952988224 STIM_END_RESP_START
357 1 1954188272 RESP_END
358 1 1957000748 STIM_START
358 1 1958000872 STIM_END_RESP_START
358 1 1959200888 RESP_END
359 0 1961300328 STIM_START
359 0 1962300448 STIM_END_RESP_START
359 0 1963500464 RESP_END
360 0 1965293884 STIM_START
360 0 1966294000 STIM_END_RESP_START
360 0 1967494020 RESP_END
361 1 1969568456 STIM_START
361 1 1970568572 STIM_END_RESP_START
361 1 1971768592 RESP_END
362 0 1973658008 STIM_START
362 0 1974658128 STIM_END_RESP_START
362 0 1975858144 RESP_END
363 0 1977655540 STIM_START
363 0 1978655656 STIM_END_RESP_START
363 0 1979855676 RESP_END
364 1 1983144276 STIM_START
364 1 1984144400 STIM_END_RESP_START
364 1 1985344412 RESP_END
365 1 1987262824 STIM_START
365 1 1987957836 LICK
365 1 1988183676 LICK
365 1 1988262956 STIM_END_RESP_START
365 1 1989462972 RESP_END
366 0 1991476404 STIM_START
366 0 1992476520 STIM_END_RESP_START
366 0 1993676540 RESP_END
367 0 1995798024 STIM_START
367 0 1996798108 STIM_END_RESP_START
367 0 1997998132 RESP_END
368 0 1999967620 STIM_START
368 0 2000967744 STIM_END_RESP_START
368 0 2002167796 RESP_END
369 1 2004034104 STIM_START
369 1 2005034224 STIM_END_RESP_START
369 1 2006179364 LICK
369 1 2006179904 REWARD_START
369 1 2006234244 RESP_END
369 1 2006190472 REWARD_END
370 0 2008799748 STIM_START
370 0 2009799868 STIM_END_RESP_START
370 0 2010999888 RESP_END
371 0 2012973288 STIM_START
371 0 2013973400 STIM_END_RESP_START
371 0 2015173424 RESP_END
372 1 2017280884 STIM_START
372 1 2018281000 STIM_END_RESP_START
372 1 2019481020 RESP_END
373 1 2021539440 STIM_START
373 1 2022539560 STIM_END_RESP_START
373 1 2023101716 LICK
373 1 2023102252 REWARD_START
373 1 2023277544 LICK
373 1 2023463992 LICK
373 1 2023654412 LICK
373 1 2023739600 RESP_END
373 1 2023112824 REWARD_END
374 1 2025821004 STIM_START
374 1 2026821088 STIM_END_RESP_START
374 1 2028021108 RESP_END
375 0 2029790568 STIM_START
375 0 2030790688 STIM_END_RESP_START
375 0 2030947004 LICK
375 0 2030947544 TIMEOUT_START
375 0 2031147892 LICK
375 0 2031148436 TIMEOUT_START
375 0 2031370380 LICK
375 0 2031370916 TIMEOUT_START
375 0 2031516612 LICK
375 0 2031517156 TIMEOUT_START
375 0 2031990736 RESP_END
375 0 2038517716 TIMEOUT_END
376 1 2040472000 STIM_START
376 1 2041472120 STIM_END_RESP_START
376 1 2042672136 RESP_END
377 0 2044793544 STIM_START
377 0 2045793628 STIM_END_RESP_START
377 0 2046993648 RESP_END
378 0 2048840124 STIM_START
378 0 2049840240 STIM_END_RESP_START
378 0 2051040252 RESP_END
379 0 2053281684 STIM_START
379 0 2054281804 STIM_END_RESP_START
379 0 2055481824 RESP_END
380 1 2057495292 STIM_START
380 1 2058495412 STIM_END_RESP_START
380 1 2059464084 LICK
380 1 2059464616 REWARD_START
380 1 2059695428 RESP_END
380 1 2059475192 REWARD_END
381 0 2062663952 STIM_START
381 0 2063664068 STIM_END_RESP_START
381 0 2064864088 RESP_END
382 1 2066969536 STIM_START
382 1 2067885240 LICK
382 1 2067969640 STIM_END_RESP_START
382 1 2068023840 LICK
382 1 2068024380 REWARD_START
382 1 2068251188 LICK
382 1 2068421852 LICK
382 1 2068566068 LICK
382 1 2069169672 RESP_END
382 1 2068034944 REWARD_END
383 0 2071252156 STIM_START
383 0 2072252272 STIM_END_RESP_START
383 0 2073452288 RESP_END
384 1 2075214636 STIM_START
384 1 2076214756 STIM_END_RESP_START
384 1 2076771264 LICK
384 1 2076771804 REWARD_START
384 1 2077006224 LICK
384 1 2077180132 LICK
384 1 2077351352 LICK
384 1 2077414800 RESP_END
384 1 2076782372 REWARD_END
385 1 2079492208 STIM_START
385 1 2080492324 STIM_END_RESP_START
385 1 2080527468 LICK
385 1 2080528000 REWARD_START
385 1 2080782708 LICK
385 1 2080954428 LICK
385 1 2081140544 LICK
385 1 2081692364 RESP_END
385 1 2080538580 REWARD_END
386 0 2083720768 STIM_START
386 0 2084720892 STIM_END_RESP_START
386 0 2085920908 RESP_END
387 1 2087830356 STIM_START
387 1 2088830440 STIM_END_RESP_START
387 1 2089008488 LICK
387 1 2089009020 REWARD_START
387 1 2089509680 LICK
387 1 2089813984 LICK
387 1 2089992788 LICK
387 1 2090030488 RESP_END
387 1 2089019592 REWARD_END
388 1 2092005900 STIM_START
388 1 2093006020 STIM_END_RESP_START
388 1 2094093852 LICK
388 1 2094094392 REWARD_START
388 1 2094206044 RESP_END
388 1 2094104956 REWARD_END
389 1 2096753544 STIM_START
389 1 2097753628 STIM_END_RESP_START
389 1 2098193520 LICK
389 1 2098194052 REWARD_START
389 1 2098382624 LICK
389 1 2098561696 LICK
389 1 2098719088 LICK
389 1 2098953644 RESP_END
389 1 2098204632 REWARD_END
390 0 2100787084 STIM_START
390 0 2101787204 STIM_END_RESP_START
390 0 2102987220 RESP_END
391 0 2104832624 STIM_START
391 0 2105428380 LICK
391 0 2105649280 LICK
391 0 2105832736 STIM_END_RESP_START
391 0 2107032756 RESP_END
392 1 2109152204 STIM_START
392 1 2110152324 STIM_END_RESP_START
392 1 2110363084 LICK
392 1 2110363616 REWARD_START
392 1 2110611260 LICK
392 1 2110793688 LICK
392 1 2110964704 LICK
392 1 2111352368 RESP_END
392 1 2110374188 REWARD_END
393 0 2113493760 STIM_START
393 0 2114493884 STIM_END_RESP_START
393 0 2115693904 RESP_END
394 1 2117573308 STIM_START
394 1 2118573428 STIM_END_RESP_START
394 1 2119022848 LICK
394 1 2119023380 REWARD_START
394 1 2119246656 LICK
394 1 2119550140 LICK
394 1 2119742240 LICK
394 1 2119773472 RESP_END
394 1 2119033952 REWARD_END
395 0 2121557848 STIM_START
395 0 2122557940 STIM_END_RESP_START
395 0 2123757960 RESP_END
396 1 2126908560 STIM_START
396 1 2127908676 STIM_END_RESP_START
396 1 2128680544 LICK
396 1 2128681080 REWARD_START
396 1 2128869196 LICK
396 1 2129039900 LICK
396 1 2129108724 RESP_END
396 1 2128691648 REWARD_END
397 0 2131703208 STIM_START
397 0 2132703328 STIM_END_RESP_START
397 0 2133903340 RESP_END
398 0 2135946784 STIM_START
398 0 2136946904 STIM_END_RESP_START
398 0 2138146924 RESP_END
399 1 2140109352 STIM_START
399 1 2141109472 STIM_END_RESP_START
399 1 2141589640 LICK
399 1 2141590172 REWARD_START
399 1 2141842392 LICK
399 1 2142004732 LICK
399 1 2142175828 LICK
399 1 2142309496 RESP_END
399 1 2141600756 REWARD_END
400 1 2144534996 STIM_START
400 1 2145535116 STIM_END_RESP_START
400 1 2146735136 RESP_END
401 1 2148854504 STIM_START
401 1 2149854628 STIM_END_RESP_START
401 1 2151054648 RESP_END
402 0 2152897080 STIM_START
402 0 2153897196 STIM_END_RESP_START
402 0 2155097220 RESP_END
403 1 2156968596 STIM_START
403 1 2157968716 STIM_END_RESP_START
403 1 2159168736 RESP_END
404 1 2160931136 STIM_START
404 1 2161931248 STIM_END_RESP_START
404 1 2163131268 RESP_END
405 1 2165195720 STIM_START
405 1 2166195844 STIM_END_RESP_START
405 1 2167395860 RESP_END
406 0 2169247248 STIM_START
406 0 2170247368 STIM_END_RESP_START
406 0 2171447384 RESP_END
407 0 2173643868 STIM_START
407 0 2174643980 STIM_END_RESP_START
407 0 2175844000 RESP_END
408 0 2177717384 STIM_START
408 0 2178717500 STIM_END_RESP_START
408 0 2179917520 RESP_END
409 1 2181906952 STIM_START
409 1 2182907072 STIM_END_RESP_START
409 1 2184107092 RESP_END
410 1 2187953792 STIM_START
410 1 2188953876 STIM_END_RESP_START
410 1 2190153896 RESP_END
411 1 2191971308 STIM_START
411 1 2192971392 STIM_END_RESP_START
411 1 2194171412 RESP_END
412 0 2196951984 STIM_START
412 0 2197952104 STIM_END_RESP_START
412 0 2199152124 RESP_END
413 1 2201332552 STIM_START
413 1 2202332636 STIM_END_RESP_START
413 1 2203532656 RESP_END
414 0 2205698164 STIM_START
414 0 2206698276 STIM_END_RESP_START
414 0 2207898296 RESP_END
415 1 2210143748 STIM_START
415 1 2211143872 STIM_END_RESP_START
415 1 2212343892 RESP_END
USER_EXIT