001 0 0005158700 STIM_START
001 0 0006158804 STIM_END_RESP_START
001 0 0006392416 LICK
001 0 0006392804 TIMEOUT_START
001 0 0006631836 LICK
001 0 0006632224 TIMEOUT_START
001 0 0006897352 LICK
001 0 0006897748 TIMEOUT_START
001 0 0007358820 RESP_END
001 0 0013898152 TIMEOUT_END
002 0 0016146352 STIM_START
002 0 0017146472 STIM_END_RESP_START
002 0 0018346492 RESP_END
003 0 0020621008 STIM_START
003 0 0021621132 STIM_END_RESP_START
003 0 0022760944 LICK
003 0 0022761380 TIMEOUT_START
003 0 0022821172 RESP_END
003 0 0029761836 TIMEOUT_END
004 1 0032003656 STIM_START
004 1 0033003788 STIM_END_RESP_START
004 1 0034203804 RESP_END
005 0 0036056296 STIM_START
005 0 0037056412 STIM_END_RESP_START
005 0 0038256432 RESP_END
006 1 0040451920 STIM_START
006 1 0041452044 STIM_END_RESP_START
006 1 0042652064 RESP_END
007 1 0044727528 STIM_START
007 1 0045727648 STIM_END_RESP_START
007 1 0046927668 RESP_END
008 1 0049848304 STIM_START
008 1 0050848428 STIM_END_RESP_START
008 1 0052048452 RESP_END
009 0 0053898948 STIM_START
009 0 0054899072 STIM_END_RESP_START
009 0 0056099092 RESP_END
010 1 0058028520 STIM_START
010 1 0059028644 STIM_END_RESP_START
010 1 0060228664 RESP_END
011 1 0062280140 STIM_START
011 1 0063280264 STIM_END_RESP_START
011 1 0064480288 RESP_END
012 0 0066399736 STIM_START
012 0 0067399860 STIM_END_RESP_START
012 0 0068599880 RESP_END
013 1 0071981588 STIM_START
013 1 0072981712 STIM_END_RESP_START
013 1 0074181732 RESP_END
014 0 0082274076 STIM_START
014 0 0083274200 STIM_END_RESP_START
014 0 0084474220 RESP_END
015 1 0086263708 STIM_START
015 1 0087263832 STIM_END_RESP_START
015 1 0087964656 LICK
015 1 0087965100 REWARD_START
015 1 0088212248 LICK
015 1 0088362036 LICK
015 1 0088463872 RESP_END
015 1 0087975572 REWARD_END
016 1 0090766352 STIM_START
016 1 0091766468 STIM_END_RESP_START
016 1 0092966488 RESP_END
017 0 0096371156 STIM_START
017 0 0096383924 LICK
017 0 0096542028 LICK
017 0 0097371264 STIM_END_RESP_START
017 0 0098571284 RESP_END
018 0 0100568784 STIM_START
018 0 0101568884 STIM_END_RESP_START
018 0 0102768924 RESP_END
019 0 0104557376 STIM_START
019 0 0105557480 STIM_END_RESP_START
019 0 0106757516 RESP_END
020 1 0109002024 STIM_START
020 1 0110002160 STIM_END_RESP_START
020 1 0110411728 LICK
020 1 0110412216 REWARD_START
020 1 0111202172 RESP_END
020 1 0110422736 REWARD_END
021 0 0120711728 STIM_START
021 0 0121711832 STIM_END_RESP_START
021 0 0122537352 LICK
021 0 0122537836 TIMEOUT_START
021 0 0122911876 RESP_END
021 0 0129538352 TIMEOUT_END
022 0 0131531324 STIM_START
022 0 0132531424 STIM_END_RESP_START
022 0 0133731460 RESP_END
023 1 0135924984 STIM_START
023 1 0136925080 STIM_END_RESP_START
023 1 0138125116 RESP_END
024 1 0140340608 STIM_START
024 1 0141340712 STIM_END_RESP_START
024 1 0142540744 RESP_END
025 0 0144651292 STIM_START
025 0 0145651424 STIM_END_RESP_START
025 0 0146851460 RESP_END
026 0 0150683168 STIM_START
026 0 0151683272 STIM_END_RESP_START
026 0 0152883312 RESP_END
027 0 0154964772 STIM_START
027 0 0155964872 STIM_END_RESP_START
027 0 0157164912 RESP_END
028 1 0159302440 STIM_START
028 1 0160302544 STIM_END_RESP_START
028 1 0161502580 RESP_END
029 0 0163705084 STIM_START
029 0 0164705224 STIM_END_RESP_START
029 0 0165905260 RESP_END
030 1 0167870676 STIM_START
030 1 0168870812 STIM_END_RESP_START
030 1 0170070852 RESP_END
031 0 0171915308 STIM_START
031 0 0172915444 STIM_END_RESP_START
031 0 0174115480 RESP_END
032 1 0175962880 STIM_START
032 1 0176962984 STIM_END_RESP_START
032 1 0177779520 LICK
032 1 0177780012 REWARD_START
032 1 0178010140 LICK
032 1 0178162996 RESP_END
032 1 0177790528 REWARD_END
033 0 0181589724 STIM_START
033 0 0182589832 STIM_END_RESP_START
033 0 0183789872 RESP_END
034 0 0185541324 STIM_START
034 0 0186541428 STIM_END_RESP_START
034 0 0187741468 RESP_END
035 0 0189818936 STIM_START
035 0 0190819072 STIM_END_RESP_START
035 0 0192019112 RESP_END
036 1 0195484756 STIM_START
036 1 0196484892 STIM_END_RESP_START
036 1 0197684928 RESP_END
037 0 0199478384 STIM_START
037 0 0200327696 LICK
037 0 0200478516 STIM_END_RESP_START
037 0 0201678560 RESP_END
038 1 0206727452 STIM_START
038 1 0206884832 LICK
038 1 0207209428 LICK
038 1 0207354940 LICK
038 1 0207727576 STIM_END_RESP_START
038 1 0208927616 RESP_END
039 0 0212808332 STIM_START
039 0 0213808472 STIM_END_RESP_START
039 0 0215008508 RESP_END
040 0 0217176948 STIM_START
040 0 0218177052 STIM_END_RESP_START
040 0 0219063084 LICK
040 0 0219063576 TIMEOUT_START
040 0 0219302840 LICK
040 0 0219303328 TIMEOUT_START
040 0 0219377076 RESP_END
040 0 0226303836 TIMEOUT_END
041 1 0228444656 STIM_START
041 1 0229444768 STIM_END_RESP_START
041 1 0230644804 RESP_END
042 0 0232587224 STIM_START
042 0 0233587328 STIM_END_RESP_START
042 0 0234787368 RESP_END
043 0 0236815848 STIM_START
043 0 0237815948 STIM_END_RESP_START
043 0 0239015988 RESP_END
044 1 0242841744 STIM_START
044 1 0243841880 STIM_END_RESP_START
044 1 0245041916 RESP_END
045 1 0247250396 STIM_START
045 1 0248250500 STIM_END_RESP_START
045 1 0248745648 LICK
045 1 0248746136 REWARD_START
045 1 0248890392 LICK
045 1 0249108016 LICK
045 1 0249246372 LICK
045 1 0249390396 LICK
045 1 0249450532 RESP_END
045 1 0248756656 REWARD_END
046 1 0251385024 STIM_START
046 1 0252385160 STIM_END_RESP_START
046 1 0253366256 LICK
046 1 0253366748 REWARD_START
046 1 0253533400 LICK
046 1 0253585204 RESP_END
046 1 0253377268 REWARD_END
047 0 0256015716 STIM_START
047 0 0257015860 STIM_END_RESP_START
047 0 0258215892 RESP_END
048 0 0262709672 STIM_START
048 0 0263709812 STIM_END_RESP_START
048 0 0264178592 LICK
048 0 0264179084 TIMEOUT_START
048 0 0264377068 LICK
048 0 0264377556 TIMEOUT_START
048 0 0264578256 LICK
048 0 0264578740 TIMEOUT_START
048 0 0264786728 LICK
048 0 0264787216 TIMEOUT_START
048 0 0264909852 RESP_END
048 0 0271787716 TIMEOUT_END
049 1 0273917368 STIM_START
049 1 0274917472 STIM_END_RESP_START
049 1 0275531140 LICK
049 1 0275531624 REWARD_START
049 1 0275680760 LICK
049 1 0275875476 LICK
049 1 0275998288 LICK
049 1 0276117496 RESP_END
049 1 0275542148 REWARD_END
050 1 0278433040 STIM_START
050 1 0279433176 STIM_END_RESP_START
050 1 0280088248 LICK
050 1 0280088740 REWARD_START
050 1 0280214588 LICK
050 1 0280391848 LICK
050 1 0280515652 LICK
050 1 0280633216 RESP_END
050 1 0280099256 REWARD_END
051 0 0282457608 STIM_START
051 0 0283178452 LICK
051 0 0283326236 LICK
051 0 0283457720 STIM_END_RESP_START
051 0 0283477448 LICK
051 0 0283477932 TIMEOUT_START
051 0 0283645200 LICK
051 0 0283645684 TIMEOUT_START
051 0 0283807796 LICK
051 0 0283808280 TIMEOUT_START
051 0 0284385600 LICK
051 0 0284386084 TIMEOUT_START
051 0 0284623352 LICK
051 0 0284623836 TIMEOUT_START
051 0 0284657732 RESP_END
051 0 0291624352 TIMEOUT_END
052 1 0293453244 STIM_START
052 1 0294453352 STIM_END_RESP_START
052 1 0294593004 LICK
052 1 0294593488 REWARD_START
052 1 0294731688 LICK
052 1 0295024704 LICK
052 1 0295191120 LICK
052 1 0295653400 RESP_END
052 1 0294604012 REWARD_END
053 0 0297642848 STIM_START
053 0 0298199152 LICK
053 0 0298399304 LICK
053 0 0298499608 LICK
053 0 0298642952 STIM_END_RESP_START
053 0 0298703176 LICK
053 0 0298703664 TIMEOUT_START
053 0 0298841940 LICK
053 0 0298842428 TIMEOUT_START
053 0 0299842984 RESP_END
053 0 0305842940 TIMEOUT_END
054 0 0308070408 STIM_START
054 0 0309070540 STIM_END_RESP_START
054 0 0309087272 LICK
054 0 0309087760 TIMEOUT_START
054 0 0309263680 LICK
054 0 0309264164 TIMEOUT_START
054 0 0309481604 LICK
054 0 0309482088 TIMEOUT_START
054 0 0309642456 LICK
054 0 0309642940 TIMEOUT_START
054 0 0309816600 LICK
054 0 0309817084 TIMEOUT_START
054 0 0310270564 RESP_END
054 0 0316817592 TIMEOUT_END
055 1 0318689952 STIM_START
055 1 0319690056 STIM_END_RESP_START
055 1 0319857356 LICK
055 1 0319857848 REWARD_START
055 1 0320022628 LICK
055 1 0320230304 LICK
055 1 0320373984 LICK
055 1 0320518588 LICK
055 1 0320890100 RESP_END
055 1 0319868368 REWARD_END
056 0 0322841568 STIM_START
056 0 0323566540 LICK
056 0 0323730976 LICK
056 0 0323841672 STIM_END_RESP_START
056 0 0323907428 LICK
056 0 0323907916 TIMEOUT_START
056 0 0324106904 LICK
056 0 0324107392 TIMEOUT_START
056 0 0325041704 RESP_END
056 0 0331107892 TIMEOUT_END
057 1 0333313180 STIM_START
057 1 0334313276 STIM_END_RESP_START
057 1 0334484896 LICK
057 1 0334485380 REWARD_START
057 1 0334642472 LICK
057 1 0334802900 LICK
057 1 0334913716 LICK
057 1 0335059084 LICK
057 1 0335205620 LICK
057 1 0335513304 RESP_END
057 1 0334495904 REWARD_END
058 1 0337525752 STIM_START
058 1 0338079048 LICK
058 1 0338259132 LICK
058 1 0338431396 LICK
058 1 0338525876 STIM_END_RESP_START
058 1 0338595544 LICK
058 1 0338596036 REWARD_START
058 1 0338788172 LICK
058 1 0338927800 LICK
058 1 0339046872 LICK
058 1 0339192324 LICK
058 1 0339725904 RESP_END
058 1 0338606552 REWARD_END
059 0 0347181168 STIM_START
059 0 0348181268 STIM_END_RESP_START
059 0 0349381304 RESP_END
060 1 0351379768 STIM_START
060 1 0352379908 STIM_END_RESP_START
060 1 0352428448 LICK
060 1 0352428932 REWARD_START
060 1 0352609564 LICK
060 1 0352790704 LICK
060 1 0352929832 LICK
060 1 0353085820 LICK
060 1 0353579944 RESP_END
060 1 0352439456 REWARD_END
061 1 0355825456 STIM_START
061 1 0356825560 STIM_END_RESP_START
061 1 0357381776 LICK
061 1 0357382268 REWARD_START
061 1 0357529084 LICK
061 1 0357639508 LICK
061 1 0357776188 LICK
061 1 0357933688 LICK
061 1 0358025608 RESP_END
061 1 0357392788 REWARD_END
062 1 0361945396 STIM_START
062 1 0362945532 STIM_END_RESP_START
062 1 0363617124 LICK
062 1 0363617612 REWARD_START
062 1 0363787772 LICK
062 1 0363991180 LICK
062 1 0364108136 LICK
062 1 0364145564 RESP_END
062 1 0363628132 REWARD_END
063 0 0366487032 STIM_START
063 0 0367487144 STIM_END_RESP_START
063 0 0368524796 LICK
063 0 0368525280 TIMEOUT_START
063 0 0368687192 RESP_END
063 0 0375525780 TIMEOUT_END
064 1 0377565660 STIM_START
064 1 0378565764 STIM_END_RESP_START
064 1 0379120068 LICK
064 1 0379120556 REWARD_START
064 1 0379278852 LICK
064 1 0379455532 LICK
064 1 0379603484 LICK
064 1 0379746400 LICK
064 1 0379765820 RESP_END
064 1 0379131080 REWARD_END
065 1 0381756256 STIM_START
065 1 0382366604 LICK
065 1 0382526384 LICK
065 1 0382731060 LICK
065 1 0382756368 STIM_END_RESP_START
065 1 0382847960 LICK
065 1 0382848452 REWARD_START
065 1 0383036800 LICK
065 1 0383160896 LICK
065 1 0383324548 LICK
065 1 0383508052 LICK
065 1 0383956404 RESP_END
065 1 0382858972 REWARD_END
066 1 0386156912 STIM_START
066 1 0386164608 LICK
066 1 0386319400 LICK
066 1 0386514344 LICK
066 1 0386715912 LICK
066 1 0386900832 LICK
066 1 0387080564 LICK
066 1 0387157044 STIM_END_RESP_START
066 1 0387303336 LICK
066 1 0387303828 REWARD_START
066 1 0387487868 LICK
066 1 0387677280 LICK
066 1 0387814572 LICK
066 1 0388024720 LICK
066 1 0388357064 RESP_END
066 1 0387314348 REWARD_END
067 0 0394866196 STIM_START
067 0 0395866300 STIM_END_RESP_START
067 0 0396804456 LICK
067 0 0396804940 TIMEOUT_START
067 0 0396977736 LICK
067 0 0396978224 TIMEOUT_START
067 0 0397066324 RESP_END
067 0 0403978720 TIMEOUT_END
068 0 0405778832 STIM_START
068 0 0406778940 STIM_END_RESP_START
068 0 0407978976 RESP_END
069 1 0410226468 STIM_START
069 1 0411226568 STIM_END_RESP_START
069 1 0411774228 LICK
069 1 0411774712 REWARD_START
069 1 0411960968 LICK
069 1 0412108024 LICK
069 1 0412236364 LICK
069 1 0412393392 LICK
069 1 0412426592 RESP_END
069 1 0411785236 REWARD_END
070 0 0414644108 STIM_START
070 0 0415644220 STIM_END_RESP_START
070 0 0416844256 RESP_END
071 0 0418989744 STIM_START
071 0 0419989848 STIM_END_RESP_START
071 0 0421189888 RESP_END
072 1 0423033356 STIM_START
072 1 0424033460 STIM_END_RESP_START
072 1 0424230352 LICK
072 1 0424230840 REWARD_START
072 1 0424421488 LICK
072 1 0424549300 LICK
072 1 0424684864 LICK
072 1 0424850772 LICK
072 1 0425233504 RESP_END
072 1 0424241364 REWARD_END
073 1 0427235964 STIM_START
073 1 0428236068 STIM_END_RESP_START
073 1 0428925188 LICK
073 1 0428925676 REWARD_START
073 1 0429063104 LICK
073 1 0429220360 LICK
073 1 0429361232 LICK
073 1 0429436088 RESP_END
073 1 0428936200 REWARD_END
074 1 0431587620 STIM_START
074 1 0432533732 LICK
074 1 0432587744 STIM_END_RESP_START
074 1 0432674304 LICK
074 1 0432674788 REWARD_START
074 1 0432850328 LICK
074 1 0433001416 LICK
074 1 0433166972 LICK
074 1 0433323940 LICK
074 1 0433787764 RESP_END
074 1 0432685312 REWARD_END
075 0 0436048292 STIM_START
075 0 0437048396 STIM_END_RESP_START
075 0 0437101676 LICK
075 0 0437102160 TIMEOUT_START
075 0 0437219328 LICK
075 0 0437219816 TIMEOUT_START
075 0 0437395540 LICK
075 0 0437396024 TIMEOUT_START
075 0 0437600172 LICK
075 0 0437600660 TIMEOUT_START
075 0 0437748588 LICK
075 0 0437749080 TIMEOUT_START
075 0 0438248424 RESP_END
075 0 0444749584 TIMEOUT_END
076 0 0446963924 STIM_START
076 0 0447964020 STIM_END_RESP_START
076 0 0449164060 RESP_END
077 0 0451190536 STIM_START
077 0 0452190640 STIM_END_RESP_START
077 0 0453390684 RESP_END
078 1 0455297144 STIM_START
078 1 0456297244 STIM_END_RESP_START
078 1 0457261544 LICK
078 1 0457262032 REWARD_START
078 1 0457461968 LICK
078 1 0457497276 RESP_END
078 1 0457272560 REWARD_END
079 1 0459893784 STIM_START
079 1 0460893884 STIM_END_RESP_START
079 1 0461034788 LICK
079 1 0461035276 REWARD_START
079 1 0461191596 LICK
079 1 0461329732 LICK
079 1 0461495984 LICK
079 1 0461609152 LICK
079 1 0462093924 RESP_END
079 1 0461045800 REWARD_END
080 0 0464065416 STIM_START
080 0 0464432232 LICK
080 0 0464581872 LICK
080 0 0464775256 LICK
080 0 0464931220 LICK
080 0 0465065512 STIM_END_RESP_START
080 0 0465114656 LICK
080 0 0465115148 TIMEOUT_START
080 0 0466265520 RESP_END
080 0 0472115660 TIMEOUT_END
081 0 0473933876 STIM_START
081 0 0474017480 LICK
081 0 0474195556 LICK
081 0 0474446576 LICK
081 0 0474934012 STIM_END_RESP_START
081 0 0475487452 LICK
081 0 0475487936 TIMEOUT_START
081 0 0476134052 RESP_END
081 0 0482488456 TIMEOUT_END
082 1 0487322844 STIM_START
082 1 0487905860 LICK
082 1 0488010948 LICK
082 1 0488151892 LICK
082 1 0488322976 STIM_END_RESP_START
082 1 0488325860 LICK
082 1 0488326360 REWARD_START
082 1 0488518460 LICK
082 1 0488689272 LICK
082 1 0488825696 LICK
082 1 0489523000 RESP_END
082 1 0488336876 REWARD_END
083 0 0491604456 STIM_START
083 0 0492604556 STIM_END_RESP_START
083 0 0493804596 RESP_END
084 1 0495650084 STIM_START
084 1 0496403356 LICK
084 1 0496549852 LICK
084 1 0496650204 STIM_END_RESP_START
084 1 0496692852 LICK
084 1 0496693344 REWARD_START
084 1 0496864200 LICK
084 1 0497008416 LICK
084 1 0497152412 LICK
084 1 0497290560 LICK
084 1 0497850220 RESP_END
084 1 0496703864 REWARD_END
085 0 0499871700 STIM_START
085 0 0500494724 LICK
085 0 0500641436 LICK
085 0 0500806776 LICK
085 0 0500871804 STIM_END_RESP_START
085 0 0500972616 LICK
085 0 0500973104 TIMEOUT_START
085 0 0501155036 LICK
085 0 0501155524 TIMEOUT_START
085 0 0501300244 LICK
085 0 0501300728 TIMEOUT_START
085 0 0501486688 LICK
085 0 0501487176 TIMEOUT_START
085 0 0502071840 RESP_END
085 0 0508487692 TIMEOUT_END
086 1 0510530252 STIM_START
086 1 0511530356 STIM_END_RESP_START
086 1 0511570940 LICK
086 1 0511571432 REWARD_START
086 1 0511704824 LICK
086 1 0511862080 LICK
086 1 0511989660 LICK
086 1 0512134688 LICK
086 1 0512730396 RESP_END
086 1 0511581956 REWARD_END
087 0 0514834904 STIM_START
087 0 0515835048 STIM_END_RESP_START
087 0 0516269016 LICK
087 0 0516269504 TIMEOUT_START
087 0 0516378940 LICK
087 0 0516379424 TIMEOUT_START
087 0 0516540784 LICK
087 0 0516541268 TIMEOUT_START
087 0 0516689700 LICK
087 0 0516690188 TIMEOUT_START
087 0 0516843468 LICK
087 0 0516843960 TIMEOUT_START
087 0 0517035064 RESP_END
087 0 0523844456 TIMEOUT_END
088 0 0527077688 STIM_START
088 0 0528077828 STIM_END_RESP_START
088 0 0529277860 RESP_END
089 1 0531330336 STIM_START
089 1 0532330432 STIM_END_RESP_START
089 1 0533011568 LICK
089 1 0533012052 REWARD_START
089 1 0533167288 LICK
089 1 0533319896 LICK
089 1 0533446992 LICK
089 1 0533530468 RESP_END
089 1 0533022572 REWARD_END
090 1 0535407924 STIM_START
090 1 0536408024 STIM_END_RESP_START
090 1 0537157268 LICK
090 1 0537157760 REWARD_START
090 1 0537305780 LICK
090 1 0537452852 LICK
090 1 0537587384 LICK
090 1 0537608064 RESP_END
090 1 0537168280 REWARD_END
091 0 0541911880 STIM_START
091 0 0542555640 LICK
091 0 0542756644 LICK
091 0 0542912008 STIM_END_RESP_START
091 0 0542980660 LICK
091 0 0542981152 TIMEOUT_START
091 0 0543113548 LICK
091 0 0543114036 TIMEOUT_START
091 0 0544112040 RESP_END
091 0 0550114552 TIMEOUT_END
092 1 0559664476 STIM_START
092 1 0560664576 STIM_END_RESP_START
092 1 0561379224 LICK
092 1 0561379712 REWARD_START
092 1 0561546644 LICK
092 1 0561680996 LICK
092 1 0561816680 LICK
092 1 0561864608 RESP_END
092 1 0561390232 REWARD_END
093 0 0563813096 STIM_START
093 0 0564813212 STIM_END_RESP_START
093 0 0566013252 RESP_END
094 0 0572757424 STIM_START
094 0 0573366976 LICK
094 0 0573543376 LICK
094 0 0573713208 LICK
094 0 0573757536 STIM_END_RESP_START
094 0 0574957576 RESP_END
095 1 0576763996 STIM_START
095 1 0577764132 STIM_END_RESP_START
095 1 0578964172 RESP_END
096 0 0580855584 STIM_START
096 0 0581855688 STIM_END_RESP_START
096 0 0583055728 RESP_END
097 0 0585170236 STIM_START
097 0 0586170376 STIM_END_RESP_START
097 0 0587370412 RESP_END
098 0 0589244848 STIM_START
098 0 0590244952 STIM_END_RESP_START
098 0 0591444984 RESP_END
099 1 0594460620 STIM_START
099 1 0595460724 STIM_END_RESP_START
099 1 0595952580 LICK
099 1 0595953076 REWARD_START
099 1 0596091012 LICK
099 1 0596243944 LICK
099 1 0596660748 RESP_END
099 1 0595963596 REWARD_END
100 0 0598883264 STIM_START
100 0 0599883368 STIM_END_RESP_START
100 0 0601083408 RESP_END
101 0 0602918848 STIM_START
101 0 0603906668 LICK
101 0 0603918976 STIM_END_RESP_START
101 0 0604102672 LICK
101 0 0604103156 TIMEOUT_START
101 0 0604249148 LICK
101 0 0604249632 TIMEOUT_START
101 0 0605119016 RESP_END
101 0 0611250132 TIMEOUT_END
102 1 0613025348 STIM_START
102 1 0614025452 STIM_END_RESP_START
102 1 0614084272 LICK
102 1 0614084764 REWARD_START
102 1 0614283572 LICK
102 1 0614438112 LICK
102 1 0614551720 LICK
102 1 0615225500 RESP_END
102 1 0614095284 REWARD_END
103 1 0617390976 STIM_START
103 1 0618236936 LICK
103 1 0618375640 LICK
103 1 0618391104 STIM_END_RESP_START
103 1 0618542976 LICK
103 1 0618543472 REWARD_START
103 1 0618710312 LICK
103 1 0618860212 LICK
103 1 0619476164 LICK
103 1 0619591124 RESP_END
103 1 0618553992 REWARD_END
104 1 0624436024 STIM_START
104 1 0624509504 LICK
104 1 0624741316 LICK
104 1 0624936860 LICK
104 1 0625142012 LICK
104 1 0625298684 LICK
104 1 0625436128 STIM_END_RESP_START
104 1 0625533296 LICK
104 1 0625533784 REWARD_START
104 1 0625703104 LICK
104 1 0625869428 LICK
104 1 0626028260 LICK
104 1 0626240108 LICK
104 1 0626636152 RESP_END
104 1 0625544312 REWARD_END
105 0 0628826680 STIM_START
105 0 0629826784 STIM_END_RESP_START
105 0 0630162924 LICK
105 0 0630163408 TIMEOUT_START
105 0 0630345560 LICK
105 0 0630346052 TIMEOUT_START
105 0 0630547204 LICK
105 0 0630547696 TIMEOUT_START
105 0 0631026800 RESP_END
105 0 0637548200 TIMEOUT_END
106 1 0639770312 STIM_START
106 1 0640770416 STIM_END_RESP_START
106 1 0640840020 LICK
106 1 0640840500 REWARD_START
106 1 0641009496 LICK
106 1 0641162092 LICK
106 1 0641307688 LICK
106 1 0641970464 RESP_END
106 1 0640851024 REWARD_END
107 0 0643752900 STIM_START
107 0 0644753004 STIM_END_RESP_START
107 0 0644832336 LICK
107 0 0644832824 TIMEOUT_START
107 0 0645058628 LICK
107 0 0645059112 TIMEOUT_START
107 0 0645198880 LICK
107 0 0645199364 TIMEOUT_START
107 0 0645953024 RESP_END
107 0 0652199872 TIMEOUT_END
108 0 0654129412 STIM_START
108 0 0655129512 STIM_END_RESP_START
108 0 0655206488 LICK
108 0 0655206972 TIMEOUT_START
108 0 0655376952 LICK
108 0 0655377436 TIMEOUT_START
108 0 0655540492 LICK
108 0 0655540976 TIMEOUT_START
108 0 0655712688 LICK
108 0 0655713172 TIMEOUT_START
108 0 0656329552 RESP_END
108 0 0662713676 TIMEOUT_END
109 1 0664860972 STIM_START
109 1 0665861108 STIM_END_RESP_START
109 1 0666028268 LICK
109 1 0666028752 REWARD_START
109 1 0666211732 LICK
109 1 0666369276 LICK
109 1 0666507044 LICK
109 1 0667061132 RESP_END
109 1 0666039268 REWARD_END
110 0 0669233616 STIM_START
110 0 0670026276 LICK
110 0 0670182100 LICK
110 0 0670233736 STIM_END_RESP_START
110 0 0670333676 LICK
110 0 0670334168 TIMEOUT_START
110 0 0670512928 LICK
110 0 0670513420 TIMEOUT_START
110 0 0670671236 LICK
110 0 0670671724 TIMEOUT_START
110 0 0671433768 RESP_END
110 0 0677672232 TIMEOUT_END
111 1 0679824188 STIM_START
111 1 0680542268 LICK
111 1 0680734232 LICK
111 1 0680824312 STIM_END_RESP_START
111 1 0680943624 LICK
111 1 0680944108 REWARD_START
111 1 0681123508 LICK
111 1 0681265272 LICK
111 1 0681449888 LICK
111 1 0681580740 LICK
111 1 0682024320 RESP_END
111 1 0680954628 REWARD_END
112 1 0688718520 STIM_START
112 1 0689542164 LICK
112 1 0689718632 STIM_END_RESP_START
112 1 0689723724 LICK
112 1 0689724220 REWARD_START
112 1 0689863852 LICK
112 1 0690036368 LICK
112 1 0690160936 LICK
112 1 0690918676 RESP_END
112 1 0689734744 REWARD_END
113 0 0692662100 STIM_START
113 0 0693545448 LICK
113 0 0693662208 STIM_END_RESP_START
113 0 0693680624 LICK
113 0 0693681108 TIMEOUT_START
113 0 0693880492 LICK
113 0 0693880984 TIMEOUT_START
113 0 0694086916 LICK
113 0 0694087400 TIMEOUT_START
113 0 0694862220 RESP_END
113 0 0701087900 TIMEOUT_END
114 0 0703333656 STIM_START
114 0 0704333796 STIM_END_RESP_START
114 0 0704428504 LICK
114 0 0704428988 TIMEOUT_START
114 0 0704667588 LICK
114 0 0704668080 TIMEOUT_START
114 0 0704822860 LICK
114 0 0704823352 TIMEOUT_START
114 0 0705083848 LICK
114 0 0705084332 TIMEOUT_START
114 0 0705533832 RESP_END
114 0 0712084848 TIMEOUT_END
115 1 0713855168 STIM_START
115 1 0714855268 STIM_END_RESP_START
115 1 0716055308 RESP_END
116 0 0722339444 STIM_START
116 0 0723339548 STIM_END_RESP_START
116 0 0723460620 LICK
116 0 0723461104 TIMEOUT_START
116 0 0723666604 LICK
116 0 0723667096 TIMEOUT_START
116 0 0723824940 LICK
116 0 0723825424 TIMEOUT_START
116 0 0724539584 RESP_END
116 0 0730825924 TIMEOUT_END
117 1 0737509636 STIM_START
117 1 0738509772 STIM_END_RESP_START
117 1 0739709812 RESP_END
118 1 0741550236 STIM_START
118 1 0742550336 STIM_END_RESP_START
118 1 0742734368 LICK
118 1 0742734860 REWARD_START
118 1 0743750352 RESP_END
118 1 0742745380 REWARD_END
119 1 0746936016 STIM_START
119 1 0747882480 LICK
119 1 0747936148 STIM_END_RESP_START
119 1 0748039316 LICK
119 1 0748039800 REWARD_START
119 1 0748285852 LICK
119 1 0748633292 LICK
119 1 0749136200 RESP_END
119 1 0748050320 REWARD_END
120 0 0750971636 STIM_START
120 0 0751072044 LICK
120 0 0751971740 STIM_END_RESP_START
120 0 0753171780 RESP_END
121 0 0755121216 STIM_START
121 0 0756121356 STIM_END_RESP_START
121 0 0757321396 RESP_END
122 0 0759258832 STIM_START
122 0 0760258940 STIM_END_RESP_START
122 0 0761140036 LICK
122 0 0761140528 TIMEOUT_START
122 0 0761350800 LICK
122 0 0761351292 TIMEOUT_START
122 0 0761458960 RESP_END
122 0 0768351788 TIMEOUT_END
123 1 0770260456 STIM_START
123 1 0771260560 STIM_END_RESP_START
123 1 0771466328 LICK
123 1 0771466816 REWARD_START
123 1 0771602528 LICK
123 1 0771790888 LICK
123 1 0771946116 LICK
123 1 0772116816 LICK
123 1 0772460580 RESP_END
123 1 0771477336 REWARD_END
124 0 0774624108 STIM_START
124 0 0775574108 LICK
124 0 0775624240 STIM_END_RESP_START
124 0 0775742608 LICK
124 0 0775743096 TIMEOUT_START
124 0 0775962284 LICK
124 0 0775962772 TIMEOUT_START
124 0 0776754284 LICK
124 0 0776754768 TIMEOUT_START
124 0 0776824276 RESP_END
124 0 0783755280 TIMEOUT_END
125 0 0785713744 STIM_START
125 0 0786713852 STIM_END_RESP_START
125 0 0787679944 LICK
125 0 0787680436 TIMEOUT_START
125 0 0787880468 LICK
125 0 0787880952 TIMEOUT_START
125 0 0787913880 RESP_END
125 0 0794881452 TIMEOUT_END
126 0 0796988436 STIM_START
126 0 0797988540 STIM_END_RESP_START
126 0 0799149480 LICK
126 0 0799149964 TIMEOUT_START
126 0 0799188564 RESP_END
126 0 0806150476 TIMEOUT_END
127 1 0808171020 STIM_START
127 1 0809171124 STIM_END_RESP_START
127 1 0810371164 RESP_END
128 0 0814709976 STIM_START
128 0 0815710112 STIM_END_RESP_START
128 0 0816910156 RESP_END
129 1 0818746604 STIM_START
129 1 0819746744 STIM_END_RESP_START
129 1 0820946780 RESP_END
130 1 0823150252 STIM_START
130 1 0824150356 STIM_END_RESP_START
130 1 0825350396 RESP_END
131 1 0829022140 STIM_START
131 1 0830022248 STIM_END_RESP_START
131 1 0831222288 RESP_END
132 0 0841692928 STIM_START
132 0 0842693028 STIM_END_RESP_START
132 0 0843893068 RESP_END
133 0 0845955580 STIM_START
133 0 0846955724 STIM_END_RESP_START
133 0 0848155764 RESP_END
134 1 0850304220 STIM_START
134 1 0851304356 STIM_END_RESP_START
134 1 0851992728 LICK
134 1 0851993212 REWARD_START
134 1 0852152352 LICK
134 1 0852452628 LICK
134 1 0852504404 RESP_END
134 1 0852003728 REWARD_END
135 1 0854709848 STIM_START
135 1 0854766556 LICK
135 1 0854946716 LICK
135 1 0855709956 STIM_END_RESP_START
135 1 0855733692 LICK
135 1 0855734176 REWARD_START
135 1 0855882812 LICK
135 1 0856054872 LICK
135 1 0856226900 LICK
135 1 0856909968 RESP_END
135 1 0855744704 REWARD_END
136 1 0858710444 STIM_START
136 1 0859710548 STIM_END_RESP_START
136 1 0859941960 LICK
136 1 0859942448 REWARD_START
136 1 0860074552 LICK
136 1 0860399240 LICK
136 1 0860910604 RESP_END
136 1 0859952964 REWARD_END
137 0 0862710012 STIM_START
137 0 0863109196 LICK
137 0 0863338912 LICK
137 0 0863547132 LICK
137 0 0863710120 STIM_END_RESP_START
137 0 0864910160 RESP_END
138 0 0867024648 STIM_START
138 0 0868024752 STIM_END_RESP_START
138 0 0868215364 LICK
138 0 0868215856 TIMEOUT_START
138 0 0868393812 LICK
138 0 0868394304 TIMEOUT_START
138 0 0868593356 LICK
138 0 0868593848 TIMEOUT_START
138 0 0869224772 RESP_END
138 0 0875594340 TIMEOUT_END
139 0 0879784516 STIM_START
139 0 0880784624 STIM_END_RESP_START
139 0 0881827176 LICK
139 0 0881827660 TIMEOUT_START
139 0 0881984636 RESP_END
139 0 0888828168 TIMEOUT_END
140 1 0891082152 STIM_START
140 1 0892082256 STIM_END_RESP_START
140 1 0893282292 RESP_END
141 1 0895329760 STIM_START
141 1 0896329864 STIM_END_RESP_START
141 1 0897461496 LICK
141 1 0897461984 REWARD_START
141 1 0897529920 RESP_END
141 1 0897472504 REWARD_END
142 1 0899902460 STIM_START
142 1 0900342424 LICK
142 1 0900596224 LICK
142 1 0900810360 LICK
142 1 0900902568 STIM_END_RESP_START
142 1 0900990420 LICK
142 1 0900990908 REWARD_START
142 1 0901174464 LICK
142 1 0901338524 LICK
142 1 0901520856 LICK
142 1 0902102604 RESP_END
142 1 0901001436 REWARD_END
143 0 0903871012 STIM_START
143 0 0903992136 LICK
143 0 0904194988 LICK
143 0 0904401304 LICK
143 0 0904871120 STIM_END_RESP_START
143 0 0905118400 LICK
143 0 0905118892 TIMEOUT_START
143 0 0905311432 LICK
143 0 0905311920 TIMEOUT_START
143 0 0905533284 LICK
143 0 0905533776 TIMEOUT_START
143 0 0906071148 RESP_END
143 0 0912534276 TIMEOUT_END
144 0 0914489592 STIM_START
144 0 0915489692 STIM_END_RESP_START
144 0 0916689732 RESP_END
145 1 0918565164 STIM_START
145 1 0919565300 STIM_END_RESP_START
145 1 0919912864 LICK
145 1 0919913352 REWARD_START
145 1 0920142312 LICK
145 1 0920316584 LICK
145 1 0920765316 RESP_END
145 1 0919923880 REWARD_END
146 1 0922595772 STIM_START
146 1 0923595876 STIM_END_RESP_START
146 1 0923678072 LICK
146 1 0923678556 REWARD_START
146 1 0923835892 LICK
146 1 0924025672 LICK
146 1 0924196920 LICK
146 1 0924795932 RESP_END
146 1 0923689084 REWARD_END
147 1 0926715364 STIM_START
147 1 0927715496 STIM_END_RESP_START
147 1 0927717408 LICK
147 1 0927717904 REWARD_START
147 1 0927971432 LICK
147 1 0928116648 LICK
147 1 0928915512 RESP_END
147 1 0927728424 REWARD_END
148 0 0933708376 STIM_START
148 0 0934452092 LICK
148 0 0934676852 LICK
148 0 0934708480 STIM_END_RESP_START
148 0 0934970020 LICK
148 0 0934970508 TIMEOUT_START
148 0 0935146712 LICK
148 0 0935147196 TIMEOUT_START
148 0 0935908508 RESP_END
148 0 0942147700 TIMEOUT_END
149 1 0943969876 STIM_START
149 1 0944969980 STIM_END_RESP_START
149 1 0945388232 LICK
149 1 0945388724 REWARD_START
149 1 0945572636 LICK
149 1 0945743448 LICK
149 1 0945904632 LICK
149 1 0946170020 RESP_END
149 1 0945399244 REWARD_END
150 1 0948427520 STIM_START
150 1 0949427624 STIM_END_RESP_START
150 1 0949518636 LICK
150 1 0949519120 REWARD_START
150 1 0949726744 LICK
150 1 0949917260 LICK
150 1 0950121100 LICK
150 1 0950627656 RESP_END
150 1 0949529648 REWARD_END
151 0 0953904340 STIM_START
151 0 0954013156 LICK
151 0 0954249896 LICK
151 0 0954904464 STIM_END_RESP_START
151 0 0956062556 LICK
151 0 0956063048 TIMEOUT_START
151 0 0956104508 RESP_END
151 0 0963063552 TIMEOUT_END
152 1 0965045956 STIM_START
152 1 0966046068 STIM_END_RESP_START
152 1 0966518484 LICK
152 1 0966518976 REWARD_START
152 1 0966724140 LICK
152 1 0966909100 LICK
152 1 0967075964 LICK
152 1 0967246112 RESP_END
152 1 0966529496 REWARD_END
153 1 0969478640 STIM_START
153 1 0970341612 LICK
153 1 0970478768 STIM_END_RESP_START
153 1 0970594944 LICK
153 1 0970595436 REWARD_START
153 1 0970785972 LICK
153 1 0970943644 LICK
153 1 0971124332 LICK
153 1 0971678784 RESP_END
153 1 0970605956 REWARD_END
154 0 0973866256 STIM_START
154 0 0974348844 LICK
154 0 0974611604 LICK
154 0 0974827276 LICK
154 0 0974866360 STIM_END_RESP_START
154 0 0976066400 RESP_END
155 0 0978297892 STIM_START
155 0 0979297992 STIM_END_RESP_START
155 0 0980498032 RESP_END
156 1 0982452524 STIM_START
156 1 0983452624 STIM_END_RESP_START
156 1 0984652664 RESP_END
157 0 0986645116 STIM_START
157 0 0987645220 STIM_END_RESP_START
157 0 0988845260 RESP_END
158 0 0991175756 STIM_START
158 0 0992175856 STIM_END_RESP_START
158 0 0993375896 RESP_END
159 1 0995280380 STIM_START
159 1 0996280484 STIM_END_RESP_START
159 1 0997464780 LICK
159 1 0997465272 REWARD_START
159 1 0997480528 RESP_END
159 1 0997475792 REWARD_END
160 1 1000000064 STIM_START
160 1 1000914512 LICK
160 1 1001000184 STIM_END_RESP_START
160 1 1001120056 LICK
160 1 1001120588 REWARD_START
160 1 1001338476 LICK
160 1 1001517752 LICK
160 1 1001662500 LICK
160 1 1002200208 RESP_END
160 1 1001131160 REWARD_END
161 0 1004033648 STIM_START
161 0 1005033764 STIM_END_RESP_START
161 0 1006233784 RESP_END
162 1 1008382276 STIM_START
162 1 1009382392 STIM_END_RESP_START
162 1 1009523244 LICK
162 1 1009523780 REWARD_START
162 1 1009716452 LICK
162 1 1009875476 LICK
162 1 1010029008 LICK
162 1 1010582432 RESP_END
162 1 1009534344 REWARD_END
163 0 1012705936 STIM_START
163 0 1013568452 LICK
163 0 1013706040 STIM_END_RESP_START
163 0 1013774944 LICK
163 0 1013775480 TIMEOUT_START
163 0 1013987168 LICK
163 0 1013987704 TIMEOUT_START
163 0 1014906068 RESP_END
163 0 1020988260 TIMEOUT_END
164 0 1022772400 STIM_START
164 0 1023772512 STIM_END_RESP_START
164 0 1024141060 LICK
164 0 1024141596 TIMEOUT_START
164 0 1024324240 LICK
164 0 1024324776 TIMEOUT_START
164 0 1024972532 RESP_END
164 0 1031325320 TIMEOUT_END
165 0 1033451928 STIM_START
165 0 1034452048 STIM_END_RESP_START
165 0 1035652104 RESP_END
166 1 1037428500 STIM_START
166 1 1038428620 STIM_END_RESP_START
166 1 1039344352 LICK
166 1 1039344896 REWARD_START
166 1 1039511388 LICK
166 1 1039628648 RESP_END
166 1 1039355460 REWARD_END
167 1 1041891204 STIM_START
167 1 1042188572 LICK
167 1 1042428176 LICK
167 1 1042638972 LICK
167 1 1042891316 STIM_END_RESP_START
167 1 1043211172 LICK
167 1 1043211712 REWARD_START
167 1 1043421112 LICK
167 1 1043604016 LICK
167 1 1043788036 LICK
167 1 1043976944 LICK
167 1 1044091356 RESP_END
167 1 1043222276 REWARD_END
168 1 1045904728 STIM_START
168 1 1046904848 STIM_END_RESP_START
168 1 1047118928 LICK
168 1 1047119460 REWARD_START
168 1 1047288856 LICK
168 1 1047483188 LICK
168 1 1047646756 LICK
168 1 1048104884 RESP_END
168 1 1047130044 REWARD_END
169 0 1050003332 STIM_START
169 0 1051003448 STIM_END_RESP_START
169 0 1052203468 RESP_END
170 0 1054372992 STIM_START
170 0 1055373104 STIM_END_RESP_START
170 0 1056573120 RESP_END
171 0 1058757608 STIM_START
171 0 1059757724 STIM_END_RESP_START
171 0 1060957744 RESP_END
172 1 1063188264 STIM_START
172 1 1064188384 STIM_END_RESP_START
172 1 1064946176 LICK
172 1 1064946716 REWARD_START
172 1 1065112232 LICK
172 1 1065298432 LICK
172 1 1065388408 RESP_END
172 1 1064957284 REWARD_END
173 1 1067372860 STIM_START
173 1 1068372972 STIM_END_RESP_START
173 1 1068447076 LICK
173 1 1068447608 REWARD_START
173 1 1068650916 LICK
173 1 1068798832 LICK
173 1 1068978692 LICK
173 1 1069572992 RESP_END
173 1 1068458180 REWARD_END
174 1 1071385428 STIM_START
174 1 1072211908 LICK
174 1 1072361488 LICK
174 1 1072385560 STIM_END_RESP_START
174 1 1072556996 LICK
174 1 1072557536 REWARD_START
174 1 1072766624 LICK
174 1 1072948608 LICK
174 1 1073096468 LICK
174 1 1073585572 RESP_END
174 1 1072568100 REWARD_END
175 0 1075475028 STIM_START
175 0 1076475148 STIM_END_RESP_START
175 0 1077450860 LICK
175 0 1077451392 TIMEOUT_START
175 0 1077675188 RESP_END
175 0 1084451956 TIMEOUT_END
176 1 1086427660 STIM_START
176 1 1087427780 STIM_END_RESP_START
176 1 1088002680 LICK
176 1 1088003212 REWARD_START
176 1 1088188980 LICK
176 1 1088354500 LICK
176 1 1088549572 LICK
176 1 1088627816 RESP_END
176 1 1088013776 REWARD_END
177 1 1090636240 STIM_START
177 1 1091636356 STIM_END_RESP_START
177 1 1091824264 LICK
177 1 1091824804 REWARD_START
177 1 1092007612 LICK
177 1 1092183592 LICK
177 1 1092349236 LICK
177 1 1092836388 RESP_END
177 1 1091835368 REWARD_END
178 1 1097122200 STIM_START
178 1 1098122320 STIM_END_RESP_START
178 1 1098295064 LICK
178 1 1098295600 REWARD_START
178 1 1098443132 LICK
178 1 1098618376 LICK
178 1 1098809452 LICK
178 1 1099322352 RESP_END
178 1 1098306168 REWARD_END
179 0 1101192772 STIM_START
179 0 1101699412 LICK
179 0 1101940064 LICK
179 0 1102192872 STIM_END_RESP_START
179 0 1103392888 RESP_END
180 1 1105598436 STIM_START
180 1 1106598556 STIM_END_RESP_START
180 1 1106720696 LICK
180 1 1106721232 REWARD_START
180 1 1106868256 LICK
180 1 1107056632 LICK
180 1 1107233308 LICK
180 1 1107798576 RESP_END
180 1 1106731800 REWARD_END
181 1 1109844032 STIM_START
181 1 1110844144 STIM_END_RESP_START
181 1 1111045152 LICK
181 1 1111045684 REWARD_START
181 1 1111183196 LICK
181 1 1111356008 LICK
181 1 1111524484 LICK
181 1 1112044188 RESP_END
181 1 1111056268 REWARD_END
182 1 1114123660 STIM_START
182 1 1115123776 STIM_END_RESP_START
182 1 1115147664 LICK
182 1 1115148196 REWARD_START
182 1 1115324132 LICK
182 1 1115493860 LICK
182 1 1115674712 LICK
182 1 1116323800 RESP_END
182 1 1115158768 REWARD_END
183 0 1119549468 STIM_START
183 0 1120549584 STIM_END_RESP_START
183 0 1121446796 LICK
183 0 1121447332 TIMEOUT_START
183 0 1121699776 LICK
183 0 1121700312 TIMEOUT_START
183 0 1121749600 RESP_END
183 0 1128700868 TIMEOUT_END
184 1 1130754072 STIM_START
184 1 1131754192 STIM_END_RESP_START
184 1 1131989864 LICK
184 1 1131990404 REWARD_START
184 1 1132176156 LICK
184 1 1132346216 LICK
184 1 1132521656 LICK
184 1 1132954204 RESP_END
184 1 1132000972 REWARD_END
185 1 1135144748 STIM_START
185 1 1136144868 STIM_END_RESP_START
185 1 1136386952 LICK
185 1 1136387492 REWARD_START
185 1 1136562008 LICK
185 1 1136812360 LICK
185 1 1136959384 LICK
185 1 1137344880 RESP_END
185 1 1136398060 REWARD_END
186 1 1141572660 STIM_START
186 1 1142469988 LICK
186 1 1142572764 STIM_END_RESP_START
186 1 1142602748 LICK
186 1 1142603288 REWARD_START
186 1 1142806896 LICK
186 1 1142982676 LICK
186 1 1143204784 LICK
186 1 1143772804 RESP_END
186 1 1142613872 REWARD_END
187 0 1145832272 STIM_START
187 0 1146832392 STIM_END_RESP_START
187 0 1146925092 LICK
187 0 1146925624 TIMEOUT_START
187 0 1147127584 LICK
187 0 1147128124 TIMEOUT_START
187 0 1148032412 RESP_END
187 0 1154128684 TIMEOUT_END
188 1 1156261828 STIM_START
188 1 1157261948 STIM_END_RESP_START
188 1 1157899748 LICK
188 1 1157900280 REWARD_START
188 1 1158113088 LICK
188 1 1158275600 LICK
188 1 1158441720 LICK
188 1 1158461968 RESP_END
188 1 1157910852 REWARD_END
189 0 1160603416 STIM_START
189 0 1161603544 STIM_END_RESP_START
189 0 1161950620 LICK
189 0 1161951156 TIMEOUT_START
189 0 1162097372 LICK
189 0 1162097908 TIMEOUT_START
189 0 1162310996 LICK
189 0 1162311528 TIMEOUT_START
189 0 1162803560 RESP_END
189 0 1169312088 TIMEOUT_END
190 0 1171146960 STIM_START
190 0 1172147076 STIM_END_RESP_START
190 0 1172372460 LICK
190 0 1172373000 TIMEOUT_START
190 0 1172552816 LICK
190 0 1172553348 TIMEOUT_START
190 0 1172968560 LICK
190 0 1172969092 TIMEOUT_START
190 0 1173145052 LICK
190 0 1173145584 TIMEOUT_START
190 0 1173347104 RESP_END
190 0 1180146148 TIMEOUT_END
191 0 1182215572 STIM_START
191 0 1183215692 STIM_END_RESP_START
191 0 1184415708 RESP_END
192 1 1186263152 STIM_START
192 1 1187263264 STIM_END_RESP_START
192 1 1188463284 RESP_END
193 0 1191416916 STIM_START
193 0 1192417032 STIM_END_RESP_START
193 0 1193617052 RESP_END
194 0 1195682540 STIM_START
194 0 1196682664 STIM_END_RESP_START
194 0 1197882684 RESP_END
195 0 1199715112 STIM_START
195 0 1200715236 STIM_END_RESP_START
195 0 1201915252 RESP_END
196 1 1204098748 STIM_START
196 1 1204834888 LICK
196 1 1205041236 LICK
196 1 1205098868 STIM_END_RESP_START
196 1 1205254236 LICK
196 1 1205254768 REWARD_START
196 1 1205461116 LICK
196 1 1205600444 LICK
196 1 1205751412 LICK
196 1 1206298908 RESP_END
196 1 1205265352 REWARD_END
197 1 1208807464 STIM_START
197 1 1209807580 STIM_END_RESP_START
197 1 1210272628 LICK
197 1 1210273168 REWARD_START
197 1 1210486040 LICK
197 1 1210665812 LICK
197 1 1211007596 RESP_END
197 1 1210283736 REWARD_END
198 0 1212788020 STIM_START
198 0 1213788132 STIM_END_RESP_START
198 0 1214355848 LICK
198 0 1214356380 TIMEOUT_START
198 0 1214603136 LICK
198 0 1214603676 TIMEOUT_START
198 0 1214803848 LICK
198 0 1214804384 TIMEOUT_START
198 0 1214988160 RESP_END
198 0 1221804948 TIMEOUT_END
199 0 1223798628 STIM_START
199 0 1224798748 STIM_END_RESP_START
199 0 1225017080 LICK
199 0 1225017620 TIMEOUT_START
199 0 1225247424 LICK
199 0 1225247964 TIMEOUT_START
199 0 1225464840 LICK
199 0 1225465372 TIMEOUT_START
199 0 1225998764 RESP_END
199 0 1232465940 TIMEOUT_END
200 1 1234257144 STIM_START
200 1 1235257256 STIM_END_RESP_START
200 1 1236457276 RESP_END
201 1 1238301728 STIM_START
201 1 1239301844 STIM_END_RESP_START
201 1 1240501864 RESP_END
202 1 1242752364 STIM_START
202 1 1243633548 LICK
202 1 1243752496 STIM_END_RESP_START
202 1 1243890496 LICK
202 1 1243891036 REWARD_START
202 1 1244093180 LICK
202 1 1244264096 LICK
202 1 1244411004 LICK
202 1 1244596984 LICK
202 1 1244952520 RESP_END
202 1 1243901604 REWARD_END
203 0 1247276024 STIM_START
203 0 1248276144 STIM_END_RESP_START
203 0 1249476164 RESP_END
204 0 1251621676 STIM_START
204 0 1252619004 LICK
204 0 1252621784 STIM_END_RESP_START
204 0 1252847580 LICK
204 0 1252848116 TIMEOUT_START
204 0 1252988484 LICK
204 0 1252989020 TIMEOUT_START
204 0 1253184272 LICK
204 0 1253184808 TIMEOUT_START
204 0 1253712232 LICK
204 0 1253712764 TIMEOUT_START
204 0 1253821804 RESP_END
204 0 1260713336 TIMEOUT_END
205 0 1262602268 STIM_START
205 0 1263602380 STIM_END_RESP_START
205 0 1263712276 LICK
205 0 1263712808 TIMEOUT_START
205 0 1263968304 LICK
205 0 1263968840 TIMEOUT_START
205 0 1264132152 LICK
205 0 1264132684 TIMEOUT_START
205 0 1264802428 RESP_END
205 0 1271133228 TIMEOUT_END
206 1 1272996788 STIM_START
206 1 1273996908 STIM_END_RESP_START
206 1 1274790724 LICK
206 1 1274791264 REWARD_START
206 1 1275035080 LICK
206 1 1275194720 LICK
206 1 1275196956 RESP_END
206 1 1274801828 REWARD_END
207 0 1277165368 STIM_START
207 0 1278165496 STIM_END_RESP_START
207 0 1279365516 RESP_END
208 1 1281478044 STIM_START
208 1 1282478164 STIM_END_RESP_START
208 1 1283327824 LICK
208 1 1283328364 REWARD_START
208 1 1283471880 LICK
208 1 1283668800 LICK
208 1 1283678228 RESP_END
208 1 1283338928 REWARD_END
209 0 1285844628 STIM_START
209 0 1286844752 STIM_END_RESP_START
209 0 1288044772 RESP_END
210 0 1290243284 STIM_START
210 0 1291243396 STIM_END_RESP_START
210 0 1292443412 RESP_END
211 1 1294275868 STIM_START
211 1 1295275980 STIM_END_RESP_START
211 1 1296084628 LICK
211 1 1296085164 REWARD_START
211 1 1296243264 LICK
211 1 1296413872 LICK
211 1 1296476016 RESP_END
211 1 1296095728 REWARD_END
212 0 1298815588 STIM_START
212 0 1299815712 STIM_END_RESP_START
212 0 1301015732 RESP_END
213 0 1302975140 STIM_START
213 0 1303975260 STIM_END_RESP_START
213 0 1305175284 RESP_END
214 0 1307173740 STIM_START
214 0 1308173860 STIM_END_RESP_START
214 0 1309130824 LICK
214 0 1309131356 TIMEOUT_START
214 0 1309344124 LICK
214 0 1309344656 TIMEOUT_START
214 0 1309373880 RESP_END
214 0 1316345220 TIMEOUT_END
215 1 1318130328 STIM_START
215 1 1319130456 STIM_END_RESP_START
215 1 1319315512 LICK
215 1 1319316048 REWARD_START
215 1 1319499828 LICK
215 1 1319680564 LICK
215 1 1319847128 LICK
215 1 1320330488 RESP_END
215 1 1319326612 REWARD_END
216 1 1322332944 STIM_START
216 1 1323333064 STIM_END_RESP_START
216 1 1323949540 LICK
216 1 1323950072 REWARD_START
216 1 1324096824 LICK
216 1 1324250780 LICK
216 1 1324430848 LICK
216 1 1324533104 RESP_END
216 1 1323960648 REWARD_END
217 0 1326609564 STIM_START
217 0 1327609676 STIM_END_RESP_START
217 0 1328809696 RESP_END
218 1 1331019276 STIM_START
218 1 1332019400 STIM_END_RESP_START
218 1 1333219416 RESP_END
219 1 1335405860 STIM_START
219 1 1336405976 STIM_END_RESP_START
219 1 1337605996 RESP_END
220 1 1339733508 STIM_START
220 1 1340733628 STIM_END_RESP_START
220 1 1341933648 RESP_END
221 0 1344891232 STIM_START
221 0 1345891352 STIM_END_RESP_START
221 0 1347091364 RESP_END
222 0 1349006864 STIM_START
222 0 1350006984 STIM_END_RESP_START
222 0 1351207004 RESP_END
223 1 1353183448 STIM_START
223 1 1354183560 STIM_END_RESP_START
223 1 1355383580 RESP_END
224 0 1357173092 STIM_START
224 0 1358173212 STIM_END_RESP_START
224 0 1359373260 RESP_END
225 0 1361376620 STIM_START
225 0 1362376740 STIM_END_RESP_START
225 0 1363576756 RESP_END
226 0 1365474252 STIM_START
226 0 1366474372 STIM_END_RESP_START
226 0 1367674388 RESP_END
227 1 1369739840 STIM_START
227 1 1370739960 STIM_END_RESP_START
227 1 1371939976 RESP_END
228 0 1373862448 STIM_START
228 0 1374862564 STIM_END_RESP_START
228 0 1376062584 RESP_END
229 0 1377838036 STIM_START
229 0 1378838156 STIM_END_RESP_START
229 0 1380038172 RESP_END
230 1 1381776616 STIM_START
230 1 1382776732 STIM_END_RESP_START
230 1 1383976744 RESP_END
231 0 1386376292 STIM_START
231 0 1387050552 LICK
231 0 1387376412 STIM_END_RESP_START
231 0 1388576432 RESP_END
232 1 1390360848 STIM_START
232 1 1391304864 LICK
232 1 1391360968 STIM_END_RESP_START
232 1 1391735244 LICK
232 1 1391735776 REWARD_START
232 1 1392560992 RESP_END
232 1 1391746352 REWARD_END
233 1 1400805344 STIM_START
233 1 1401805468 STIM_END_RESP_START
233 1 1402480760 LICK
233 1 1402481292 REWARD_START
233 1 1402660248 LICK
233 1 1402841800 LICK
233 1 1403005508 RESP_END
233 1 1402491872 REWARD_END
234 1 1405263988 STIM_START
234 1 1406158384 LICK
234 1 1406264116 STIM_END_RESP_START
234 1 1406391284 LICK
234 1 1406391824 REWARD_START
234 1 1406597596 LICK
234 1 1406757736 LICK
234 1 1406937056 LICK
234 1 1407464144 RESP_END
234 1 1406402412 REWARD_END
235 0 1409650616 STIM_START
235 0 1410650732 STIM_END_RESP_START
235 0 1411850752 RESP_END
236 1 1413979272 STIM_START
236 1 1414979384 STIM_END_RESP_START
236 1 1415921192 LICK
236 1 1415921732 REWARD_START
236 1 1416086240 LICK
236 1 1416179400 RESP_END
236 1 1415932296 REWARD_END
237 0 1418538928 STIM_START
237 0 1419539044 STIM_END_RESP_START
237 0 1420048280 LICK
237 0 1420048816 TIMEOUT_START
237 0 1420346288 LICK
237 0 1420346828 TIMEOUT_START
237 0 1420510500 LICK
237 0 1420511032 TIMEOUT_START
237 0 1420739080 RESP_END
237 0 1427511600 TIMEOUT_END
238 1 1429389496 STIM_START
238 1 1430389608 STIM_END_RESP_START
238 1 1430702672 LICK
238 1 1430703212 REWARD_START
238 1 1430866068 LICK
238 1 1431062808 LICK
238 1 1431249136 LICK
238 1 1431589656 RESP_END
238 1 1430713780 REWARD_END
239 1 1433478088 STIM_START
239 1 1434478212 STIM_END_RESP_START
239 1 1435018192 LICK
239 1 1435018732 REWARD_START
239 1 1435173264 LICK
239 1 1435384204 LICK
239 1 1435556724 LICK
239 1 1435678224 RESP_END
239 1 1435029316 REWARD_END
240 0 1437879724 STIM_START
240 0 1438879844 STIM_END_RESP_START
240 0 1440079856 RESP_END
241 1 1441854304 STIM_START
241 1 1442854420 STIM_END_RESP_START
241 1 1443049812 LICK
241 1 1443050344 REWARD_START
241 1 1443194576 LICK
241 1 1443447776 LICK
241 1 1443605428 LICK
241 1 1444054456 RESP_END
241 1 1443060912 REWARD_END
242 0 1446049952 STIM_START
242 0 1447050064 STIM_END_RESP_START
242 0 1447174156 LICK
242 0 1447174688 TIMEOUT_START
242 0 1447316040 LICK
242 0 1447316576 TIMEOUT_START
242 0 1447524276 LICK
242 0 1447524812 TIMEOUT_START
242 0 1448250088 RESP_END
242 0 1454525380 TIMEOUT_END
243 0 1456562472 STIM_START
243 0 1457562584 STIM_END_RESP_START
243 0 1458762604 RESP_END
244 0 1460764060 STIM_START
244 0 1461764180 STIM_END_RESP_START
244 0 1462964236 RESP_END
245 1 1464995668 STIM_START
245 1 1465995788 STIM_END_RESP_START
245 1 1467195808 RESP_END
246 1 1469212284 STIM_START
246 1 1470212404 STIM_END_RESP_START
246 1 1471279172 LICK
246 1 1471279708 REWARD_START
246 1 1471412420 RESP_END
246 1 1471290296 REWARD_END
247 1 1474182028 STIM_START
247 1 1475182148 STIM_END_RESP_START
247 1 1475706872 LICK
247 1 1475707412 REWARD_START
247 1 1475857052 LICK
247 1 1476087968 LICK
247 1 1476228760 LICK
247 1 1476382180 RESP_END
247 1 1475717992 REWARD_END
248 0 1478377632 STIM_START
248 0 1479377748 STIM_END_RESP_START
248 0 1480577768 RESP_END
249 0 1482734260 STIM_START
249 0 1483734380 STIM_END_RESP_START
249 0 1484640556 LICK
249 0 1484641088 TIMEOUT_START
249 0 1484809312 LICK
249 0 1484809844 TIMEOUT_START
249 0 1484934412 RESP_END
249 0 1491810392 TIMEOUT_END
250 1 1494016892 STIM_START
250 1 1495017012 STIM_END_RESP_START
250 1 1496217032 RESP_END
251 0 1498110496 STIM_START
251 0 1499110620 STIM_END_RESP_START
251 0 1500310640 RESP_END
252 0 1502121116 STIM_START
252 0 1503121232 STIM_END_RESP_START
252 0 1504321252 RESP_END
253 1 1506467708 STIM_START
253 1 1507467828 STIM_END_RESP_START
253 1 1508352220 LICK
253 1 1508352752 REWARD_START
253 1 1508514476 LICK
253 1 1508667868 RESP_END
253 1 1508363324 REWARD_END
254 0 1510905364 STIM_START
254 0 1511905488 STIM_END_RESP_START
254 0 1511954364 LICK
254 0 1511954900 TIMEOUT_START
254 0 1512098564 LICK
254 0 1512099100 TIMEOUT_START
254 0 1512524180 LICK
254 0 1512524712 TIMEOUT_START
254 0 1513105516 RESP_END
254 0 1519525276 TIMEOUT_END
255 0 1521320932 STIM_START
255 0 1522321052 STIM_END_RESP_START
255 0 1523521072 RESP_END
256 0 1525452476 STIM_START
256 0 1526452596 STIM_END_RESP_START
256 0 1527652616 RESP_END
257 1 1529429048 STIM_START
257 1 1530429164 STIM_END_RESP_START
257 1 1531629184 RESP_END
258 0 1533622724 STIM_START
258 0 1534622844 STIM_END_RESP_START
258 0 1535822864 RESP_END
259 1 1538030304 STIM_START
259 1 1539030428 STIM_END_RESP_START
259 1 1540176020 LICK
259 1 1540176552 REWARD_START
259 1 1540230440 RESP_END
259 1 1540187144 REWARD_END
260 0 1542811012 STIM_START
260 0 1543811132 STIM_END_RESP_START
260 0 1545011144 RESP_END
261 1 1547069652 STIM_START
261 1 1548069764 STIM_END_RESP_START
261 1 1548378732 LICK
261 1 1548379272 REWARD_START
261 1 1548523880 LICK
261 1 1548716896 LICK
261 1 1548883868 LICK
261 1 1549269796 RESP_END
261 1 1548389840 REWARD_END
262 1 1551140216 STIM_START
262 1 1551780608 LICK
262 1 1551984900 LICK
262 1 1552140340 STIM_END_RESP_START
262 1 1552168972 LICK
262 1 1552169504 REWARD_START
262 1 1552423076 LICK
262 1 1552585484 LICK
262 1 1552763000 LICK
262 1 1553340392 RESP_END
262 1 1552180088 REWARD_END
263 0 1555494856 STIM_START
263 0 1556494976 STIM_END_RESP_START
263 0 1556905204 LICK
263 0 1556905736 TIMEOUT_START
263 0 1557128092 LICK
263 0 1557128628 TIMEOUT_START
263 0 1557341132 LICK
263 0 1557341672 TIMEOUT_START
263 0 1557695000 RESP_END
263 0 1564342224 TIMEOUT_END
264 0 1566238408 STIM_START
264 0 1567238532 STIM_END_RESP_START
264 0 1568438552 RESP_END
265 0 1570371016 STIM_START
265 0 1571371140 STIM_END_RESP_START
265 0 1572571160 RESP_END
266 1 1574514644 STIM_START
266 1 1575514760 STIM_END_RESP_START
266 1 1576387208 LICK
266 1 1576387744 REWARD_START
266 1 1576565864 LICK
266 1 1576714776 RESP_END
266 1 1576398312 REWARD_END
267 1 1578746256 STIM_START
267 1 1579746376 STIM_END_RESP_START
267 1 1579771536 LICK
267 1 1579772076 REWARD_START
267 1 1580004064 LICK
267 1 1580189740 LICK
267 1 1580359068 LICK
267 1 1580946424 RESP_END
267 1 1579782644 REWARD_END
268 1 1582892828 STIM_START
268 1 1583892948 STIM_END_RESP_START
268 1 1584126404 LICK
268 1 1584126940 REWARD_START
268 1 1584258704 LICK
268 1 1584456140 LICK
268 1 1584631128 LICK
268 1 1585092968 RESP_END
268 1 1584137512 REWARD_END
269 0 1587064504 STIM_START
269 0 1588064624 STIM_END_RESP_START
269 0 1589264644 RESP_END
270 1 1591174044 STIM_START
270 1 1592174168 STIM_END_RESP_START
270 1 1593374188 RESP_END
271 1 1595272644 STIM_START
271 1 1596272764 STIM_END_RESP_START
271 1 1596505312 LICK
271 1 1596505844 REWARD_START
271 1 1596707448 LICK
271 1 1596922980 LICK
271 1 1597072472 LICK
271 1 1597472804 RESP_END
271 1 1596516416 REWARD_END
272 1 1599427248 STIM_START
272 1 1600427368 STIM_END_RESP_START
272 1 1601627388 RESP_END
273 0 1603609856 STIM_START
273 0 1604609968 STIM_END_RESP_START
273 0 1605809984 RESP_END
274 0 1608014508 STIM_START
274 0 1609014628 STIM_END_RESP_START
274 0 1610214644 RESP_END
275 1 1612111100 STIM_START
275 1 1613111216 STIM_END_RESP_START
275 1 1614006564 LICK
275 1 1614007096 REWARD_START
275 1 1614182164 LICK
275 1 1614311240 RESP_END
275 1 1614017668 REWARD_END
276 0 1616385720 STIM_START
276 0 1617385836 STIM_END_RESP_START
276 0 1618585860 RESP_END
277 0 1620557324 STIM_START
277 0 1621557444 STIM_END_RESP_START
277 0 1622757468 RESP_END
278 0 1624704936 STIM_START
278 0 1625705060 STIM_END_RESP_START
278 0 1626905076 RESP_END
279 1 1629146584 STIM_START
279 1 1630146704 STIM_END_RESP_START
279 1 1631346724 RESP_END
280 1 1633493200 STIM_START
280 1 1634493312 STIM_END_RESP_START
280 1 1635693336 RESP_END
281 0 1637494788 STIM_START
281 0 1638494904 STIM_END_RESP_START
281 0 1638914280 LICK
281 0 1638914808 TIMEOUT_START
281 0 1639121448 LICK
281 0 1639121984 TIMEOUT_START
281 0 1639277240 LICK
281 0 1639277776 TIMEOUT_START
281 0 1639694916 RESP_END
281 0 1646278336 TIMEOUT_END
282 0 1648167404 STIM_START
282 0 1649167516 STIM_END_RESP_START
282 0 1649188980 LICK
282 0 1649189512 TIMEOUT_START
282 0 1649436080 LICK
282 0 1649436612 TIMEOUT_START
282 0 1650044636 LICK
282 0 1650045176 TIMEOUT_START
282 0 1650260856 LICK
282 0 1650261396 TIMEOUT_START
282 0 1650367556 RESP_END
282 0 1657261952 TIMEOUT_END
283 0 1659192960 STIM_START
283 0 1660193080 STIM_END_RESP_START
283 0 1661393096 RESP_END
284 1 1663188540 STIM_START
284 1 1664188660 STIM_END_RESP_START
284 1 1665388676 RESP_END
285 1 1667221144 STIM_START
285 1 1668221264 STIM_END_RESP_START
285 1 1669421284 RESP_END
286 1 1671689800 STIM_START
286 1 1672689920 STIM_END_RESP_START
286 1 1673889940 RESP_END
287 0 1675927368 STIM_START
287 0 1676927488 STIM_END_RESP_START
287 0 1678127508 RESP_END
288 1 1680320020 STIM_START
288 1 1681320136 STIM_END_RESP_START
288 1 1682520152 RESP_END
289 0 1684476684 STIM_START
289 0 1685476804 STIM_END_RESP_START
289 0 1686676820 RESP_END
290 1 1688656236 STIM_START
290 1 1689656356 STIM_END_RESP_START
290 1 1690856404 RESP_END
291 0 1692802896 STIM_START
291 0 1693803012 STIM_END_RESP_START
291 0 1695003032 RESP_END
292 1 1697321508 STIM_START
292 1 1698321628 STIM_END_RESP_START
292 1 1699521644 RESP_END
293 0 1701648120 STIM_START
293 0 1702648240 STIM_END_RESP_START
293 0 1703848256 RESP_END
294 1 1705982756 STIM_START
294 1 1706626148 LICK
294 1 1706828024 LICK
294 1 1706982876 STIM_END_RESP_START
294 1 1707687868 LICK
294 1 1707688408 REWARD_START
294 1 1708182892 RESP_END
294 1 1707698972 REWARD_END
295 0 1716269224 STIM_START
295 0 1717269340 STIM_END_RESP_START
295 0 1718469360 RESP_END
296 1 1720720892 STIM_START
296 1 1721721008 STIM_END_RESP_START
296 1 1722920640 LICK
296 1 1722921192 RESP_END
297 0 1726000672 STIM_START
297 0 1727000800 STIM_END_RESP_START
297 0 1728200820 RESP_END
298 0 1730223264 STIM_START
298 0 1731223380 STIM_END_RESP_START
298 0 1732423396 RESP_END
299 1 1734454876 STIM_START
299 1 1735454996 STIM_END_RESP_START
299 1 1735969796 LICK
299 1 1735970328 REWARD_START
299 1 1736139736 LICK
299 1 1736445568 LICK
299 1 1736634932 LICK
299 1 1736655024 RESP_END
299 1 1735980896 REWARD_END
300 1 1738719500 STIM_START
300 1 1739719620 STIM_END_RESP_START
300 1 1740122916 LICK
300 1 1740123456 REWARD_START
300 1 1740317308 LICK
300 1 1740501956 LICK
300 1 1740919636 RESP_END
300 1 1740134024 REWARD_END
301 0 1742749080 STIM_START
301 0 1743749200 STIM_END_RESP_START
301 0 1744949256 RESP_END
302 0 1747019720 STIM_START
302 0 1748019840 STIM_END_RESP_START
302 0 1749219860 RESP_END
303 1 1751220316 STIM_START
303 1 1752220432 STIM_END_RESP_START
303 1 1753271760 LICK
303 1 1753272292 REWARD_START
303 1 1753418808 LICK
303 1 1753420468 RESP_END
303 1 1753282868 REWARD_END
304 0 1755847024 STIM_START
304 0 1756811160 LICK
304 0 1756847140 STIM_END_RESP_START
304 0 1757021296 LICK
304 0 1757021828 TIMEOUT_START
304 0 1758047156 RESP_END
304 0 1764022400 TIMEOUT_END
305 1 1765788436 STIM_START
305 1 1766788556 STIM_END_RESP_START
305 1 1767429560 LICK
305 1 1767430092 REWARD_START
305 1 1767636656 LICK
305 1 1767802968 LICK
305 1 1767943164 LICK
305 1 1767988584 RESP_END
305 1 1767440664 REWARD_END
306 0 1769819028 STIM_START
306 0 1770819152 STIM_END_RESP_START
306 0 1772019172 RESP_END
307 0 1773894640 STIM_START
307 0 1774894760 STIM_END_RESP_START
307 0 1776094780 RESP_END
308 0 1778032244 STIM_START
308 0 1779032364 STIM_END_RESP_START
308 0 1780232384 RESP_END
309 1 1782259856 STIM_START
309 1 1783259972 STIM_END_RESP_START
309 1 1784179004 LICK
309 1 1784179536 REWARD_START
309 1 1784392016 LICK
309 1 1784460012 RESP_END
309 1 1784190108 REWARD_END
310 0 1786822520 STIM_START
310 0 1787822640 STIM_END_RESP_START
310 0 1788702248 LICK
310 0 1788702784 TIMEOUT_START
310 0 1788934128 LICK
310 0 1788934668 TIMEOUT_START
310 0 1789022648 RESP_END
310 0 1795935240 TIMEOUT_END
311 1 1797931132 STIM_START
311 1 1798931248 STIM_END_RESP_START
311 1 1799520844 LICK
311 1 1799521384 REWARD_START
311 1 1799743668 LICK
311 1 1799890896 LICK
311 1 1800048336 LICK
311 1 1800131292 RESP_END
311 1 1799531952 REWARD_END
312 0 1802266760 STIM_START
312 0 1803266872 STIM_END_RESP_START
312 0 1803546628 LICK
312 0 1803547160 TIMEOUT_START
312 0 1803767660 LICK
312 0 1803768200 TIMEOUT_START
312 0 1803969888 LICK
312 0 1803970420 TIMEOUT_START
312 0 1804466908 RESP_END
312 0 1810970988 TIMEOUT_END
313 0 1813087340 STIM_START
313 0 1814087456 STIM_END_RESP_START
313 0 1815287476 RESP_END
314 0 1817517016 STIM_START
314 0 1818517140 STIM_END_RESP_START
314 0 1819301144 LICK
314 0 1819301676 TIMEOUT_START
314 0 1819550868 LICK
314 0 1819551400 TIMEOUT_START
314 0 1819717156 RESP_END
314 0 1826551968 TIMEOUT_END
315 1 1828703600 STIM_START
315 1 1829703724 STIM_END_RESP_START
315 1 1830414076 LICK
315 1 1830414616 REWARD_START
315 1 1830623512 LICK
315 1 1830796256 LICK
315 1 1830903740 RESP_END
315 1 1830425184 REWARD_END
316 1 1833142276 STIM_START
316 1 1834142392 STIM_END_RESP_START
316 1 1834840764 LICK
316 1 1834841308 REWARD_START
316 1 1835053076 LICK
316 1 1835214108 LICK
316 1 1835342428 RESP_END
316 1 1834851876 REWARD_END
317 1 1837470880 STIM_START
317 1 1838470996 STIM_END_RESP_START
317 1 1838528424 LICK
317 1 1838528964 REWARD_START
317 1 1838729512 LICK
317 1 1838897444 LICK
317 1 1839069488 LICK
317 1 1839671036 RESP_END
317 1 1838539532 REWARD_END
318 0 1841654484 STIM_START
318 0 1842654604 STIM_END_RESP_START
318 0 1842842168 LICK
318 0 1842842708 TIMEOUT_START
318 0 1842980756 LICK
318 0 1842981296 TIMEOUT_START
318 0 1843185952 LICK
318 0 1843186484 TIMEOUT_START
318 0 1843348424 LICK
318 0 1843348960 TIMEOUT_START
318 0 1843854620 RESP_END
318 0 1850349504 TIMEOUT_END
319 0 1852416092 STIM_START
319 0 1853416204 STIM_END_RESP_START
319 0 1854616224 RESP_END
320 0 1856752708 STIM_START
320 0 1857752820 STIM_END_RESP_START
320 0 1858952840 RESP_END
321 1 1860933324 STIM_START
321 1 1861933444 STIM_END_RESP_START
321 1 1862695928 LICK
321 1 1862696468 REWARD_START
321 1 1862878516 LICK
321 1 1863057056 LICK
321 1 1863133460 RESP_END
321 1 1862707052 REWARD_END
322 0 1865399972 STIM_START
322 0 1866400092 STIM_END_RESP_START
322 0 1866448724 LICK
322 0 1866449260 TIMEOUT_START
322 0 1866687436 LICK
322 0 1866687976 TIMEOUT_START
322 0 1866899424 LICK
322 0 1866899960 TIMEOUT_START
322 0 1867600140 RESP_END
322 0 1873900520 TIMEOUT_END
323 1 1875732464 STIM_START
323 1 1876732588 STIM_END_RESP_START
323 1 1877150616 LICK
323 1 1877151156 REWARD_START
323 1 1877264364 LICK
323 1 1877462972 LICK
323 1 1877595984 LICK
323 1 1877932632 RESP_END
323 1 1877161724 REWARD_END
324 0 1879975112 STIM_START
324 0 1880975228 STIM_END_RESP_START
324 0 1881075456 LICK
324 0 1881075996 TIMEOUT_START
324 0 1881311080 LICK
324 0 1881311620 TIMEOUT_START
324 0 1882175260 RESP_END
324 0 1888312184 TIMEOUT_END
325 0 1890416608 STIM_START
325 0 1891416728 STIM_END_RESP_START
325 0 1892616748 RESP_END
326 1 1894837240 STIM_START
326 1 1895743604 LICK
326 1 1895837376 STIM_END_RESP_START
326 1 1895964308 LICK
326 1 1895964848 REWARD_START
326 1 1896159508 LICK
326 1 1896329012 LICK
326 1 1896523920 LICK
326 1 1897037416 RESP_END
326 1 1895975412 REWARD_END
327 1 1898972872 STIM_START
327 1 1899901272 LICK
327 1 1899972984 STIM_END_RESP_START
327 1 1900050796 LICK
327 1 1900051328 REWARD_START
327 1 1900253436 LICK
327 1 1900421136 LICK
327 1 1900600776 LICK
327 1 1901173032 RESP_END
327 1 1900061904 REWARD_END
328 1 1903233448 STIM_START
328 1 1904233568 STIM_END_RESP_START
328 1 1904725664 LICK
328 1 1904726204 REWARD_START
328 1 1904908960 LICK
328 1 1905091524 LICK
328 1 1905284560 LICK
328 1 1905433608 RESP_END
328 1 1904736768 REWARD_END
329 0 1907483068 STIM_START
329 0 1908483192 STIM_END_RESP_START
329 0 1909683208 RESP_END
330 0 1911688776 STIM_START
330 0 1912688896 STIM_END_RESP_START
330 0 1913888920 RESP_END
331 0 1916049336 STIM_START
331 0 1917049456 STIM_END_RESP_START
331 0 1918249476 RESP_END
332 1 1920371956 STIM_START
332 1 1921372068 STIM_END_RESP_START
332 1 1922043036 LICK
332 1 1922043572 REWARD_START
332 1 1922204848 LICK
332 1 1922372244 LICK
332 1 1922533728 LICK
332 1 1922572088 RESP_END
332 1 1922054160 REWARD_END
333 1 1924445560 STIM_START
333 1 1925445684 STIM_END_RESP_START
333 1 1926645696 RESP_END
334 1 1929461328 STIM_START
334 1 1930360076 LICK
334 1 1930461444 STIM_END_RESP_START
334 1 1930602772 LICK
334 1 1930603304 REWARD_START
334 1 1930810772 LICK
334 1 1930966628 LICK
334 1 1931661484 RESP_END
334 1 1930613876 REWARD_END
335 0 1933760896 STIM_START
335 0 1934761016 STIM_END_RESP_START
335 0 1934866212 LICK
335 0 1934866748 TIMEOUT_START
335 0 1935156444 LICK
335 0 1935156976 TIMEOUT_START
335 0 1935324596 LICK
335 0 1935325128 TIMEOUT_START
335 0 1935961036 RESP_END
335 0 1942325692 TIMEOUT_END
336 0 1944078412 STIM_START
336 0 1945078524 STIM_END_RESP_START
336 0 1945997228 LICK
336 0 1945997764 TIMEOUT_START
336 0 1946223564 LICK
336 0 1946224104 TIMEOUT_START
336 0 1946278552 RESP_END
336 0 1953224664 TIMEOUT_END
337 0 1955193024 STIM_START
337 0 1956193140 STIM_END_RESP_START
337 0 1957393160 RESP_END
338 1 1959227620 STIM_START
338 1 1960227736 STIM_END_RESP_START
338 1 1961076456 LICK
338 1 1961076996 REWARD_START
338 1 1961290948 LICK
338 1 1961427772 RESP_END
338 1 1961087564 REWARD_END
339 0 1964772412 STIM_START
339 0 1965772528 STIM_END_RESP_START
339 0 1966972552 RESP_END
340 1 1968952072 STIM_START
340 1 1969952188 STIM_END_RESP_START
340 1 1970425688 LICK
340 1 1970426228 REWARD_START
340 1 1970623624 LICK
340 1 1970786264 LICK
340 1 1970958328 LICK
340 1 1971152220 RESP_END
340 1 1970436796 REWARD_END
341 1 1972983660 STIM_START
341 1 1973983780 STIM_END_RESP_START
341 1 1974541364 LICK
341 1 1974541896 REWARD_START
341 1 1974737932 LICK
341 1 1974900356 LICK
341 1 1975055856 LICK
341 1 1975183824 RESP_END
341 1 1974552480 REWARD_END
342 0 1976996220 STIM_START
342 0 1977996340 STIM_END_RESP_START
342 0 1979196352 RESP_END
343 0 1981304860 STIM_START
343 0 1982304976 STIM_END_RESP_START
343 0 1983352512 LICK
343 0 1983353052 TIMEOUT_START
343 0 1983504988 RESP_END
343 0 1990353604 TIMEOUT_END
344 1 1992218424 STIM_START
344 1 1993218544 STIM_END_RESP_START
344 1 1993398012 LICK
344 1 1993398552 REWARD_START
344 1 1993583544 LICK
344 1 1993748612 LICK
344 1 1993885184 LICK
344 1 1994418572 RESP_END
344 1 1993409120 REWARD_END
345 1 1996466052 STIM_START
345 1 1997466176 STIM_END_RESP_START
345 1 1998216640 LICK
345 1 1998217172 REWARD_START
345 1 1998425108 LICK
345 1 1998602160 LICK
345 1 1998666196 RESP_END
345 1 1998227744 REWARD_END
346 0 2000720660 STIM_START
346 0 2001720780 STIM_END_RESP_START
346 0 2002920800 RESP_END
347 0 2004697248 STIM_START
347 0 2005697364 STIM_END_RESP_START
347 0 2006817804 LICK
347 0 2006818336 TIMEOUT_START
347 0 2006897380 RESP_END
347 0 2013818900 TIMEOUT_END
348 0 2015736840 STIM_START
348 0 2016736956 STIM_END_RESP_START
348 0 2017936976 RESP_END
349 1 2019801436 STIM_START
349 1 2020801560 STIM_END_RESP_START
349 1 2022001572 RESP_END
350 1 2024209088 STIM_START
350 1 2025209212 STIM_END_RESP_START
350 1 2026409232 RESP_END
351 0 2029399844 STIM_START
351 0 2030399968 STIM_END_RESP_START
351 0 2031599988 RESP_END
352 1 2033695456 STIM_START
352 1 2034695576 STIM_END_RESP_START
352 1 2035895596 RESP_END
353 1 2038106108 STIM_START
353 1 2039106232 STIM_END_RESP_START
353 1 2039650500 LICK
353 1 2039651036 REWARD_START
353 1 2039806824 LICK
353 1 2040004648 LICK
353 1 2040164344 LICK
353 1 2040306260 RESP_END
353 1 2039661612 REWARD_END
354 0 2042054672 STIM_START
354 0 2043054788 STIM_END_RESP_START
354 0 2044006988 LICK
354 0 2044007528 TIMEOUT_START
354 0 2044234216 LICK
354 0 2044234756 TIMEOUT_START
354 0 2044254836 RESP_END
354 0 2051235308 TIMEOUT_END
355 1 2053266336 STIM_START
355 1 2054266460 STIM_END_RESP_START
355 1 2054782100 LICK
355 1 2054782636 REWARD_START
355 1 2054994888 LICK
355 1 2055143132 LICK
355 1 2055304128 LICK
355 1 2055466480 RESP_END
355 1 2054793224 REWARD_END
356 0 2057553952 STIM_START
356 0 2058554068 STIM_END_RESP_START
356 0 2059754084 RESP_END
357 0 2061511508 STIM_START
357 0 2062511632 STIM_END_RESP_START
357 0 2063711652 RESP_END
358 1 2065731112 STIM_START
358 1 2066731232 STIM_END_RESP_START
358 1 2067931252 RESP_END
359 1 2070484828 STIM_START
359 1 2071484948 STIM_END_RESP_START
359 1 2072684968 RESP_END
360 1 2074738448 STIM_START
360 1 2075738568 STIM_END_RESP_START
360 1 2076938588 RESP_END
361 0 2078704032 STIM_START
361 0 2079704152 STIM_END_RESP_START
361 0 2080904168 RESP_END
362 1 2082676580 STIM_START
362 1 2083676700 STIM_END_RESP_START
362 1 2084510612 LICK
362 1 2084511148 REWARD_START
362 1 2084719108 LICK
362 1 2084876720 RESP_END
362 1 2084521716 REWARD_END
363 0 2086972228 STIM_START
363 0 2087972352 STIM_END_RESP_START
363 0 2089172372 RESP_END
364 1 2091298836 STIM_START
364 1 2092298952 STIM_END_RESP_START
364 1 2092367520 LICK
364 1 2092368060 REWARD_START
364 1 2092543784 LICK
364 1 2092745816 LICK
364 1 2092907516 LICK
364 1 2093498960 RESP_END
364 1 2092378628 REWARD_END
365 0 2095577476 STIM_START
365 0 2096406352 LICK
365 0 2096577612 STIM_END_RESP_START
365 0 2096602556 LICK
365 0 2096603092 TIMEOUT_START
365 0 2096804792 LICK
365 0 2096805332 TIMEOUT_START
365 0 2097777628 RESP_END
365 0 2103805896 TIMEOUT_END
366 0 2105743964 STIM_START
366 0 2106744084 STIM_END_RESP_START
366 0 2107944104 RESP_END
367 1 2110024576 STIM_START
367 1 2111024696 STIM_END_RESP_START
367 1 2111551192 LICK
367 1 2111551732 REWARD_START
367 1 2111741400 LICK
367 1 2111935428 LICK
367 1 2112119656 LICK
367 1 2112224708 RESP_END
367 1 2111562300 REWARD_END
368 1 2114518236 STIM_START
368 1 2115518352 STIM_END_RESP_START
368 1 2115896276 LICK
368 1 2115896816 REWARD_START
368 1 2116108644 LICK
368 1 2116262736 LICK
368 1 2116718392 RESP_END
368 1 2115907396 REWARD_END
369 1 2118721848 STIM_START
369 1 2119632512 LICK
369 1 2119721960 STIM_END_RESP_START
369 1 2119797292 LICK
369 1 2119797832 REWARD_START
369 1 2119999680 LICK
369 1 2120185476 LICK
369 1 2120921988 RESP_END
369 1 2119808396 REWARD_END
370 0 2122982464 STIM_START
370 0 2123982576 STIM_END_RESP_START
370 0 2125182596 RESP_END
371 1 2127258068 STIM_START
371 1 2128258188 STIM_END_RESP_START
371 1 2128922084 LICK
371 1 2128922616 REWARD_START
371 1 2129149220 LICK
371 1 2129280584 LICK
371 1 2129438784 LICK
371 1 2129458232 RESP_END
371 1 2128933188 REWARD_END
372 0 2131348716 STIM_START
372 0 2132348836 STIM_END_RESP_START
372 0 2132894508 LICK
372 0 2132895048 TIMEOUT_START
372 0 2133050100 LICK
372 0 2133050636 TIMEOUT_START
372 0 2133319784 LICK
372 0 2133320316 TIMEOUT_START
372 0 2133486656 LICK
372 0 2133487188 TIMEOUT_START
372 0 2133548864 RESP_END
372 0 2140487748 TIMEOUT_END
373 0 2142282264 STIM_START
373 0 2143282384 STIM_END_RESP_START
373 0 2144482404 RESP_END
374 1 2146611904 STIM_START
374 1 2147612024 STIM_END_RESP_START
374 1 2148812044 RESP_END
375 0 2150893516 STIM_START
375 0 2151893636 STIM_END_RESP_START
375 0 2153093656 RESP_END
376 1 2155338200 STIM_START
376 1 2156338320 STIM_END_RESP_START
376 1 2156939456 LICK
376 1 2156939988 REWARD_START
376 1 2157143132 LICK
376 1 2157305364 LICK
376 1 2157449420 LICK
376 1 2157538352 RESP_END
376 1 2156950564 REWARD_END
377 0 2159567792 STIM_START
377 0 2160567912 STIM_END_RESP_START
377 0 2161767932 RESP_END
378 1 2163923480 STIM_START
378 1 2164923596 STIM_END_RESP_START
378 1 2165743144 LICK
378 1 2165743684 REWARD_START
378 1 2165879636 LICK
378 1 2166043120 LICK
378 1 2166123620 RESP_END
378 1 2165754252 REWARD_END
379 0 2168200044 STIM_START
379 0 2169200164 STIM_END_RESP_START
379 0 2170400184 RESP_END
380 1 2172612696 STIM_START
380 1 2173612808 STIM_END_RESP_START
380 1 2173753028 LICK
380 1 2173753568 REWARD_START
380 1 2173954096 LICK
380 1 2174137992 LICK
380 1 2174312432 LICK
380 1 2174812836 RESP_END
380 1 2173764136 REWARD_END
381 0 2176922320 STIM_START
381 0 2177922436 STIM_END_RESP_START
381 0 2179122456 RESP_END
382 0 2181255956 STIM_START
382 0 2182256076 STIM_END_RESP_START
382 0 2182350864 LICK
382 0 2182351392 TIMEOUT_START
382 0 2182528224 LICK
382 0 2182528752 TIMEOUT_START
382 0 2183456104 RESP_END
382 0 2189529316 TIMEOUT_END
383 0 2191355408 STIM_START
383 0 2192355532 STIM_END_RESP_START
383 0 2193555552 RESP_END
384 1 2195405996 STIM_START
384 1 2196406116 STIM_END_RESP_START
384 1 2196612468 LICK
384 1 2196613004 REWARD_START
384 1 2196810308 LICK
384 1 2197025064 LICK
384 1 2197154600 LICK
384 1 2197606160 RESP_END
384 1 2196623576 REWARD_END
385 0 2199533616 STIM_START
385 0 2200533732 STIM_END_RESP_START
385 0 2201733756 RESP_END
386 0 2203592208 STIM_START
386 0 2204592332 STIM_END_RESP_START
386 0 2205792352 RESP_END
387 0 2207681808 STIM_START
387 0 2208681920 STIM_END_RESP_START
387 0 2209881940 RESP_END
388 1 2211736396 STIM_START
388 1 2212736520 STIM_END_RESP_START
388 1 2213936536 RESP_END
389 1 2215804992 STIM_START
389 1 2216805108 STIM_END_RESP_START
389 1 2217125152 LICK
389 1 2217125684 REWARD_START
389 1 2217274224 LICK
389 1 2217433180 LICK
389 1 2217603580 LICK
389 1 2217760428 LICK
389 1 2218005136 RESP_END
389 1 2217136260 REWARD_END
390 0 2219977644 STIM_START
390 0 2220977768 STIM_END_RESP_START
390 0 2222177788 RESP_END
391 1 2224066200 STIM_START
391 1 2225066320 STIM_END_RESP_START
391 1 2225171920 LICK
391 1 2225172456 REWARD_START
391 1 2225381836 LICK
391 1 2225539344 LICK
391 1 2226266356 RESP_END
391 1 2225183028 REWARD_END
392 0 2228391832 STIM_START
392 0 2229391952 STIM_END_RESP_START
392 0 2230152840 LICK
392 0 2230153376 TIMEOUT_START
392 0 2230406624 LICK
392 0 2230407156 TIMEOUT_START
392 0 2230591976 RESP_END
392 0 2237407728 TIMEOUT_END
393 1 2239297392 STIM_START
393 1 2240253924 LICK
393 1 2240297524 STIM_END_RESP_START
393 1 2240547548 LICK
393 1 2240548088 REWARD_START
393 1 2240708324 LICK
393 1 2240857816 LICK
393 1 2241020900 LICK
393 1 2241497544 RESP_END
393 1 2240558652 REWARD_END
394 1 2243257012 STIM_START
394 1 2244167644 LICK
394 1 2244257120 STIM_END_RESP_START
394 1 2244409156 LICK
394 1 2244409692 REWARD_START
394 1 2244629444 LICK
394 1 2244891400 LICK
394 1 2245061880 LICK
394 1 2245457156 RESP_END
394 1 2244420260 REWARD_END
395 1 2247384572 STIM_START
395 1 2248384692 STIM_END_RESP_START
395 1 2249252728 LICK
395 1 2249253268 REWARD_START
395 1 2249464020 LICK
395 1 2249584728 RESP_END
395 1 2249263832 REWARD_END
396 0 2251789232 STIM_START
396 0 2252789352 STIM_END_RESP_START
396 0 2253989376 RESP_END
397 0 2256177872 STIM_START
397 0 2257177992 STIM_END_RESP_START
397 0 2258378012 RESP_END
398 1 2260128488 STIM_START
398 1 2261128604 STIM_END_RESP_START
398 1 2261429396 LICK
398 1 2261429928 REWARD_START
398 1 2261625900 LICK
398 1 2261838548 LICK
398 1 2262025044 LICK
398 1 2262328648 RESP_END
398 1 2261440496 REWARD_END
399 1 2264353044 STIM_START
399 1 2265353156 STIM_END_RESP_START
399 1 2266082384 LICK
399 1 2266082916 REWARD_START
399 1 2266340916 LICK
399 1 2266553184 RESP_END
399 1 2266093484 REWARD_END
400 1 2270125908 STIM_START
400 1 2271126032 STIM_END_RESP_START
400 1 2272326052 RESP_END
401 0 2274501536 STIM_START
401 0 2275501660 STIM_END_RESP_START
401 0 2276701680 RESP_END
402 0 2278845176 STIM_START
402 0 2279845296 STIM_END_RESP_START
402 0 2281045316 RESP_END
403 0 2283100776 STIM_START
403 0 2284100900 STIM_END_RESP_START
403 0 2285300916 RESP_END
404 1 2287280384 STIM_START
404 1 2288280496 STIM_END_RESP_START
404 1 2288789960 LICK
404 1 2288790496 REWARD_START
404 1 2289016640 LICK
404 1 2289480516 RESP_END
404 1 2288801068 REWARD_END
405 1 2291265956 STIM_START
405 1 2292266080 STIM_END_RESP_START
405 1 2293466092 RESP_END
406 0 2295407580 STIM_START
406 0 2296407704 STIM_END_RESP_START
406 0 2297607720 RESP_END
407 1 2299587176 STIM_START
407 1 2300587296 STIM_END_RESP_START
407 1 2301787320 RESP_END
408 1 2303949832 STIM_START
408 1 2304949948 STIM_END_RESP_START
408 1 2306149968 RESP_END
409 1 2308191480 STIM_START
409 1 2309191592 STIM_END_RESP_START
409 1 2310391612 RESP_END
410 0 2312252044 STIM_START
410 0 2313252168 STIM_END_RESP_START
410 0 2314452184 RESP_END
411 1 2316214628 STIM_START
411 1 2317214748 STIM_END_RESP_START
411 1 2318414800 RESP_END
412 0 2320513256 STIM_START
412 0 2321513368 STIM_END_RESP_START
412 0 2322713388 RESP_END
413 0 2324686856 STIM_START
413 0 2325509932 LICK
413 0 2325686984 STIM_END_RESP_START
413 0 2326887008 RESP_END
414 0 2328865444 STIM_START
414 0 2329865564 STIM_END_RESP_START
414 0 2331065584 RESP_END
415 1 2332852068 STIM_START
415 1 2333852188 STIM_END_RESP_START
415 1 2334095940 LICK
415 1 2334096480 REWARD_START
415 1 2335052212 RESP_END
415 1 2334107044 REWARD_END
416 0 2337285708 STIM_START
416 0 2338285828 STIM_END_RESP_START
416 0 2339485848 RESP_END
417 0 2341595308 STIM_START
417 0 2342595428 STIM_END_RESP_START
417 0 2343795448 RESP_END
418 0 2345836924 STIM_START
418 0 2346837044 STIM_END_RESP_START
418 0 2348037060 RESP_END
419 1 2349836500 STIM_START
419 1 2350836616 STIM_END_RESP_START
419 1 2352036636 RESP_END
420 0 2354277148 STIM_START
420 0 2355277272 STIM_END_RESP_START
420 0 2356477292 RESP_END
421 1 2358353748 STIM_START
421 1 2359353872 STIM_END_RESP_START
421 1 2360553892 RESP_END
422 1 2362733400 STIM_START
422 1 2363733520 STIM_END_RESP_START
422 1 2364339808 LICK
422 1 2364340348 REWARD_START
422 1 2364510640 LICK
422 1 2364933540 RESP_END
422 1 2364350916 REWARD_END
423 1 2366743972 STIM_START
423 1 2367744092 STIM_END_RESP_START
423 1 2368174284 LICK
423 1 2368174816 REWARD_START
423 1 2368473244 LICK
423 1 2368944120 RESP_END
423 1 2368185388 REWARD_END
424 0 2372284768 STIM_START
424 0 2373284896 STIM_END_RESP_START
424 0 2374020464 LICK
424 0 2374021000 TIMEOUT_START
424 0 2374300580 LICK
424 0 2374301120 TIMEOUT_START
424 0 2374484924 RESP_END
424 0 2381301676 TIMEOUT_END
425 0 2384533556 STIM_START
425 0 2385533672 STIM_END_RESP_START
425 0 2386733692 RESP_END
426 0 2388645180 STIM_START
426 0 2389645296 STIM_END_RESP_START
426 0 2390845316 RESP_END
427 1 2392598740 STIM_START
427 1 2393598856 STIM_END_RESP_START
427 1 2393799828 LICK
427 1 2393800360 REWARD_START
427 1 2394246108 LICK
427 1 2394798880 RESP_END
427 1 2393810952 REWARD_END
428 1 2397014372 STIM_START
428 1 2398014496 STIM_END_RESP_START
428 1 2399214508 RESP_END
USER_EXIT