001 1 0004007012 STIM_START
001 1 0005007112 STIM_END_RESP_START
001 1 0005275944 LICK
001 1 0005276332 REWARD_START
001 1 0005565816 LICK
001 1 0005722944 LICK
001 1 0005885776 LICK
001 1 0006140516 LICK
001 1 0006207140 RESP_END
001 1 0005286756 REWARD_END
002 0 0008973628 STIM_START
002 0 0009973728 STIM_END_RESP_START
002 0 0011173768 RESP_END
003 1 0013459212 STIM_START
003 1 0014459332 STIM_END_RESP_START
003 1 0015659352 RESP_END
004 0 0017898816 STIM_START
004 0 0018898932 STIM_END_RESP_START
004 0 0020098952 RESP_END
005 0 0021954352 STIM_START
005 0 0022954476 STIM_END_RESP_START
005 0 0024154496 RESP_END
006 0 0026333920 STIM_START
006 0 0027334044 STIM_END_RESP_START
006 0 0028534064 RESP_END
007 1 0030602504 STIM_START
007 1 0031602620 STIM_END_RESP_START
007 1 0032802640 RESP_END
008 1 0034858108 STIM_START
008 1 0035858224 STIM_END_RESP_START
008 1 0037058244 RESP_END
009 1 0039512712 STIM_START
009 1 0040512800 STIM_END_RESP_START
009 1 0041080404 LICK
009 1 0041080844 REWARD_START
009 1 0041309956 LICK
009 1 0041441136 LICK
009 1 0041669068 LICK
009 1 0041712812 RESP_END
009 1 0041091312 REWARD_END
010 0 0044170312 STIM_START
010 0 0044178032 LICK
010 0 0044419656 LICK
010 0 0044745320 LICK
010 0 0045170404 STIM_END_RESP_START
010 0 0046370424 RESP_END
011 1 0049777056 STIM_START
011 1 0050753876 LICK
011 1 0050777156 STIM_END_RESP_START
011 1 0051031544 LICK
011 1 0051031980 REWARD_START
011 1 0051977200 RESP_END
011 1 0051042460 REWARD_END
012 0 0055591876 STIM_START
012 0 0056592004 STIM_END_RESP_START
012 0 0057792020 RESP_END
013 1 0059783452 STIM_START
013 1 0060567900 LICK
013 1 0060783560 STIM_END_RESP_START
013 1 0060830768 LICK
013 1 0060831204 REWARD_START
013 1 0061007728 LICK
013 1 0061356336 LICK
013 1 0061526624 LICK
013 1 0061983580 RESP_END
013 1 0060841676 REWARD_END
014 0 0066093260 STIM_START
014 0 0066108056 LICK
014 0 0067093360 STIM_END_RESP_START
014 0 0068293380 RESP_END
015 1 0070134792 STIM_START
015 1 0071134872 STIM_END_RESP_START
015 1 0071304708 LICK
015 1 0071305148 REWARD_START
015 1 0071532936 LICK
015 1 0071697556 LICK
015 1 0071907908 LICK
015 1 0072334900 RESP_END
015 1 0071315624 REWARD_END
016 1 0074531396 STIM_START
016 1 0075531520 STIM_END_RESP_START
016 1 0076220576 LICK
016 1 0076221012 REWARD_START
016 1 0076462132 LICK
016 1 0076586788 LICK
016 1 0076731544 RESP_END
016 1 0076231484 REWARD_END
017 1 0080615188 STIM_START
017 1 0081615276 STIM_END_RESP_START
017 1 0082815296 RESP_END
018 0 0084836784 STIM_START
018 0 0085690800 LICK
018 0 0085836880 STIM_END_RESP_START
018 0 0085965284 LICK
018 0 0085965720 TIMEOUT_START
018 0 0086593264 LICK
018 0 0086593708 TIMEOUT_START
018 0 0087036908 RESP_END
018 0 0093594160 TIMEOUT_END
019 1 0095365156 STIM_START
019 1 0096365272 STIM_END_RESP_START
019 1 0097565292 RESP_END
020 1 0099796748 STIM_START
020 1 0100796836 STIM_END_RESP_START
020 1 0101542736 LICK
020 1 0101543224 REWARD_START
020 1 0101776884 LICK
020 1 0101996852 RESP_END
020 1 0101553744 REWARD_END
021 0 0105626512 STIM_START
021 0 0106246524 LICK
021 0 0106464112 LICK
021 0 0106626632 STIM_END_RESP_START
021 0 0106696640 LICK
021 0 0106697128 TIMEOUT_START
021 0 0107005756 LICK
021 0 0107006248 TIMEOUT_START
021 0 0107234048 LICK
021 0 0107234536 TIMEOUT_START
021 0 0107423304 LICK
021 0 0107423792 TIMEOUT_START
021 0 0107826644 RESP_END
021 0 0114424292 TIMEOUT_END
022 0 0116573968 STIM_START
022 0 0117061508 LICK
022 0 0117336400 LICK
022 0 0117378828 LICK
022 0 0117574064 STIM_END_RESP_START
022 0 0118774100 RESP_END
023 0 0120934572 STIM_START
023 0 0121934668 STIM_END_RESP_START
023 0 0123134704 RESP_END
024 1 0125322164 STIM_START
024 1 0126322268 STIM_END_RESP_START
024 1 0126755464 LICK
024 1 0126755952 REWARD_START
024 1 0127009732 LICK
024 1 0127152184 LICK
024 1 0127351476 LICK
024 1 0127522284 RESP_END
024 1 0126766472 REWARD_END
025 1 0130578848 STIM_START
025 1 0131578952 STIM_END_RESP_START
025 1 0132778984 RESP_END
026 0 0134873440 STIM_START
026 0 0135873544 STIM_END_RESP_START
026 0 0137073576 RESP_END
027 0 0140161136 STIM_START
027 0 0141161232 STIM_END_RESP_START
027 0 0142014036 LICK
027 0 0142014524 TIMEOUT_START
027 0 0142274492 LICK
027 0 0142274984 TIMEOUT_START
027 0 0142361260 RESP_END
027 0 0149275488 TIMEOUT_END
028 1 0160142796 STIM_START
028 1 0160594408 LICK
028 1 0161142892 STIM_END_RESP_START
028 1 0162342928 RESP_END
029 0 0165161452 STIM_START
029 0 0166161552 STIM_END_RESP_START
029 0 0167361588 RESP_END
030 0 0169984100 STIM_START
030 0 0170984192 STIM_END_RESP_START
030 0 0172184232 RESP_END
031 1 0174039652 STIM_START
031 1 0174171792 LICK
031 1 0174447736 LICK
031 1 0175039772 STIM_END_RESP_START
031 1 0175173860 LICK
031 1 0175174344 REWARD_START
031 1 0175364752 LICK
031 1 0175542364 LICK
031 1 0175680444 LICK
031 1 0175848784 LICK
031 1 0176239788 RESP_END
031 1 0175184864 REWARD_END
032 1 0178094176 STIM_START
032 1 0179094272 STIM_END_RESP_START
032 1 0180294312 RESP_END
033 1 0182138712 STIM_START
033 1 0182525728 LICK
033 1 0182804084 LICK
033 1 0182981612 LICK
033 1 0183138800 STIM_END_RESP_START
033 1 0184338840 RESP_END
034 0 0186901384 STIM_START
034 0 0187901488 STIM_END_RESP_START
034 0 0189101528 RESP_END
035 0 0191181924 STIM_START
035 0 0191861180 LICK
035 0 0191993324 LICK
035 0 0192182028 STIM_END_RESP_START
035 0 0192570876 LICK
035 0 0192571360 TIMEOUT_START
035 0 0192779452 LICK
035 0 0192779936 TIMEOUT_START
035 0 0192928904 LICK
035 0 0192929388 TIMEOUT_START
035 0 0193382056 RESP_END
035 0 0199929904 TIMEOUT_END
036 0 0203987628 STIM_START
036 0 0204527116 LICK
036 0 0204650556 LICK
036 0 0204987720 STIM_END_RESP_START
036 0 0205014044 LICK
036 0 0205014528 TIMEOUT_START
036 0 0205476108 LICK
036 0 0205476588 TIMEOUT_START
036 0 0206187764 RESP_END
036 0 0212477100 TIMEOUT_END
037 1 0214237008 STIM_START
037 1 0215115596 LICK
037 1 0215237112 STIM_END_RESP_START
037 1 0215415256 LICK
037 1 0215415740 REWARD_START
037 1 0216437136 RESP_END
037 1 0215426264 REWARD_END
038 0 0218288548 STIM_START
038 0 0219288648 STIM_END_RESP_START
038 0 0220488680 RESP_END
039 0 0222348076 STIM_START
039 0 0223348180 STIM_END_RESP_START
039 0 0224548216 RESP_END
040 0 0229950084 STIM_START
040 0 0229957620 LICK
040 0 0230182428 LICK
040 0 0230683284 LICK
040 0 0230896940 LICK
040 0 0230950180 STIM_END_RESP_START
040 0 0231092024 LICK
040 0 0231092512 TIMEOUT_START
040 0 0231303336 LICK
040 0 0231303820 TIMEOUT_START
040 0 0231574076 LICK
040 0 0231574564 TIMEOUT_START
040 0 0232150220 RESP_END
040 0 0238575060 TIMEOUT_END
041 1 0240713524 STIM_START
041 1 0241713628 STIM_END_RESP_START
041 1 0242913664 RESP_END
042 1 0245148128 STIM_START
042 1 0246148232 STIM_END_RESP_START
042 1 0247168408 LICK
042 1 0247168892 REWARD_START
042 1 0247348252 RESP_END
042 1 0247179416 REWARD_END
043 0 0250619852 STIM_START
043 0 0250646344 LICK
043 0 0250858056 LICK
043 0 0251619960 STIM_END_RESP_START
043 0 0252820000 RESP_END
044 0 0254720396 STIM_START
044 0 0255720500 STIM_END_RESP_START
044 0 0256920532 RESP_END
045 0 0259102968 STIM_START
045 0 0260103064 STIM_END_RESP_START
045 0 0261303100 RESP_END
046 1 0263224524 STIM_START
046 1 0264224620 STIM_END_RESP_START
046 1 0265184092 LICK
046 1 0265184584 REWARD_START
046 1 0265424652 RESP_END
046 1 0265195100 REWARD_END
047 1 0267909168 STIM_START
047 1 0268909264 STIM_END_RESP_START
047 1 0269745788 LICK
047 1 0269746280 REWARD_START
047 1 0269965496 LICK
047 1 0270109284 RESP_END
047 1 0269756796 REWARD_END
048 0 0272888876 STIM_START
048 0 0272906528 LICK
048 0 0273138424 LICK
048 0 0273608396 LICK
048 0 0273790120 LICK
048 0 0273888964 STIM_END_RESP_START
048 0 0274463492 LICK
048 0 0274463984 TIMEOUT_START
048 0 0274661672 LICK
048 0 0274662156 TIMEOUT_START
048 0 0275088980 RESP_END
048 0 0281662660 TIMEOUT_END
049 1 0284508392 STIM_START
049 1 0285508488 STIM_END_RESP_START
049 1 0286237908 LICK
049 1 0286238396 REWARD_START
049 1 0286391204 LICK
049 1 0286590476 LICK
049 1 0286708536 RESP_END
049 1 0286248916 REWARD_END
050 0 0289072980 STIM_START
050 0 0290073084 STIM_END_RESP_START
050 0 0291273124 RESP_END
051 1 0293044516 STIM_START
051 1 0294044616 STIM_END_RESP_START
051 1 0294353156 LICK
051 1 0294353640 REWARD_START
051 1 0294737668 LICK
051 1 0295066236 LICK
051 1 0295244656 RESP_END
051 1 0294364168 REWARD_END
052 1 0297317088 STIM_START
052 1 0297971176 LICK
052 1 0298147580 LICK
052 1 0298317212 STIM_END_RESP_START
052 1 0298387612 LICK
052 1 0298388100 REWARD_START
052 1 0298882464 LICK
052 1 0299084440 LICK
052 1 0299252460 LICK
052 1 0299517248 RESP_END
052 1 0298398620 REWARD_END
053 0 0301524680 STIM_START
053 0 0302524784 STIM_END_RESP_START
053 0 0303294324 LICK
053 0 0303294816 TIMEOUT_START
053 0 0303552900 LICK
053 0 0303553384 TIMEOUT_START
053 0 0303724808 RESP_END
053 0 0310553896 TIMEOUT_END
054 0 0312793132 STIM_START
054 0 0313793232 STIM_END_RESP_START
054 0 0313967104 LICK
054 0 0313967588 TIMEOUT_START
054 0 0314257404 LICK
054 0 0314257896 TIMEOUT_START
054 0 0314993264 RESP_END
054 0 0321258400 TIMEOUT_END
055 1 0323108488 STIM_START
055 1 0324108592 STIM_END_RESP_START
055 1 0324294452 LICK
055 1 0324294944 REWARD_START
055 1 0324584200 LICK
055 1 0324879188 LICK
055 1 0325076960 LICK
055 1 0325308620 RESP_END
055 1 0324305464 REWARD_END
056 0 0327243056 STIM_START
056 0 0327598528 LICK
056 0 0327794888 LICK
056 0 0328243164 STIM_END_RESP_START
056 0 0329443204 RESP_END
057 0 0331600632 STIM_START
057 0 0332600736 STIM_END_RESP_START
057 0 0333800776 RESP_END
058 0 0337997472 STIM_START
058 0 0338997576 STIM_END_RESP_START
058 0 0340197612 RESP_END
059 1 0342206032 STIM_START
059 1 0342337988 LICK
059 1 0342510136 LICK
059 1 0342783392 LICK
059 1 0343037544 LICK
059 1 0343206136 STIM_END_RESP_START
059 1 0343283828 LICK
059 1 0343284312 REWARD_START
059 1 0343469024 LICK
059 1 0343664724 LICK
059 1 0343833288 LICK
059 1 0344258012 LICK
059 1 0344406164 RESP_END
059 1 0343294832 REWARD_END
060 0 0346717628 STIM_START
060 0 0346732460 LICK
060 0 0346916684 LICK
060 0 0347717744 STIM_END_RESP_START
060 0 0348917784 RESP_END
061 0 0351159288 STIM_START
061 0 0352159392 STIM_END_RESP_START
061 0 0353359432 RESP_END
062 0 0355274776 STIM_START
062 0 0356274876 STIM_END_RESP_START
062 0 0357474916 RESP_END
063 1 0359534344 STIM_START
063 1 0360534448 STIM_END_RESP_START
063 1 0361030508 LICK
063 1 0361031000 REWARD_START
063 1 0361325628 LICK
063 1 0361504292 LICK
063 1 0361648792 LICK
063 1 0361734484 RESP_END
063 1 0361041520 REWARD_END
064 0 0363934928 STIM_START
064 0 0364935024 STIM_END_RESP_START
064 0 0366135068 RESP_END
065 0 0367961484 STIM_START
065 0 0368961592 STIM_END_RESP_START
065 0 0370161620 RESP_END
066 1 0372365068 STIM_START
066 1 0373365172 STIM_END_RESP_START
066 1 0373940208 LICK
066 1 0373940696 REWARD_START
066 1 0374155220 LICK
066 1 0374441920 LICK
066 1 0374565216 RESP_END
066 1 0373951216 REWARD_END
067 0 0377264700 STIM_START
067 0 0378264804 STIM_END_RESP_START
067 0 0379464844 RESP_END
068 1 0381276240 STIM_START
068 1 0382276336 STIM_END_RESP_START
068 1 0382467436 LICK
068 1 0382467920 REWARD_START
068 1 0382688840 LICK
068 1 0383007556 LICK
068 1 0383192208 LICK
068 1 0383476384 RESP_END
068 1 0382478444 REWARD_END
069 1 0387612104 STIM_START
069 1 0388612208 STIM_END_RESP_START
069 1 0389812248 RESP_END
070 1 0392008688 STIM_START
070 1 0393008792 STIM_END_RESP_START
070 1 0393088696 LICK
070 1 0393089188 REWARD_START
070 1 0393403244 LICK
070 1 0393584808 LICK
070 1 0393732524 LICK
070 1 0393924268 LICK
070 1 0394208836 RESP_END
070 1 0393099712 REWARD_END
071 0 0396338244 STIM_START
071 0 0396428300 LICK
071 0 0397338356 STIM_END_RESP_START
071 0 0398538392 RESP_END
072 1 0400396792 STIM_START
072 1 0401396896 STIM_END_RESP_START
072 1 0402293020 LICK
072 1 0402293508 REWARD_START
072 1 0402505780 LICK
072 1 0402596908 RESP_END
072 1 0402304032 REWARD_END
073 1 0405827516 STIM_START
073 1 0406827620 STIM_END_RESP_START
073 1 0407208068 LICK
073 1 0407208552 REWARD_START
073 1 0407347552 LICK
073 1 0407542628 LICK
073 1 0407708960 LICK
073 1 0407898656 LICK
073 1 0408027668 RESP_END
073 1 0407219072 REWARD_END
074 0 0411280232 STIM_START
074 0 0412280332 STIM_END_RESP_START
074 0 0413480372 RESP_END
075 0 0415758852 STIM_START
075 0 0416758956 STIM_END_RESP_START
075 0 0416953216 LICK
075 0 0416953708 TIMEOUT_START
075 0 0417240404 LICK
075 0 0417240888 TIMEOUT_START
075 0 0417438472 LICK
075 0 0417438964 TIMEOUT_START
075 0 0417706712 LICK
075 0 0417707204 TIMEOUT_START
075 0 0417958976 RESP_END
075 0 0424707712 TIMEOUT_END
076 0 0426907312 STIM_START
076 0 0427907412 STIM_END_RESP_START
076 0 0429107452 RESP_END
077 1 0431133884 STIM_START
077 1 0432133984 STIM_END_RESP_START
077 1 0432635404 LICK
077 1 0432635888 REWARD_START
077 1 0432810688 LICK
077 1 0433125924 LICK
077 1 0433323572 LICK
077 1 0433334016 RESP_END
077 1 0432646416 REWARD_END
078 0 0435633516 STIM_START
078 0 0436633628 STIM_END_RESP_START
078 0 0437833656 RESP_END
079 0 0439868064 STIM_START
079 0 0440868168 STIM_END_RESP_START
079 0 0442068208 RESP_END
080 1 0446077864 STIM_START
080 1 0447077968 STIM_END_RESP_START
080 1 0447676844 LICK
080 1 0447677332 REWARD_START
080 1 0447949624 LICK
080 1 0448118300 LICK
080 1 0448277992 RESP_END
080 1 0447687856 REWARD_END
081 1 0450316452 STIM_START
081 1 0451316552 STIM_END_RESP_START
081 1 0452516592 RESP_END
082 0 0454634020 STIM_START
082 0 0454643136 LICK
082 0 0455634112 STIM_END_RESP_START
082 0 0456118552 LICK
082 0 0456119036 TIMEOUT_START
082 0 0456706076 LICK
082 0 0456706560 TIMEOUT_START
082 0 0456834124 RESP_END
082 0 0463707064 TIMEOUT_END
083 1 0465838504 STIM_START
083 1 0466838608 STIM_END_RESP_START
083 1 0467170148 LICK
083 1 0467170640 REWARD_START
083 1 0467346932 LICK
083 1 0467684724 LICK
083 1 0467899132 LICK
083 1 0468038640 RESP_END
083 1 0467181156 REWARD_END
084 1 0470817200 STIM_START
084 1 0471817304 STIM_END_RESP_START
084 1 0472277192 LICK
084 1 0472277676 REWARD_START
084 1 0472481068 LICK
084 1 0472694432 LICK
084 1 0472884320 LICK
084 1 0473017328 RESP_END
084 1 0472288196 REWARD_END
085 0 0476927972 STIM_START
085 0 0477928080 STIM_END_RESP_START
085 0 0479128120 RESP_END
086 1 0481155544 STIM_START
086 1 0482155652 STIM_END_RESP_START
086 1 0482184272 LICK
086 1 0482184756 REWARD_START
086 1 0482416604 LICK
086 1 0482720864 LICK
086 1 0482901364 LICK
086 1 0483355676 RESP_END
086 1 0482195276 REWARD_END
087 1 0486309228 STIM_START
087 1 0487100936 LICK
087 1 0487272736 LICK
087 1 0487309328 STIM_END_RESP_START
087 1 0487506756 LICK
087 1 0487507248 REWARD_START
087 1 0487732212 LICK
087 1 0487893920 LICK
087 1 0488058192 LICK
087 1 0488509356 RESP_END
087 1 0487517768 REWARD_END
088 1 0492650140 STIM_START
088 1 0493650244 STIM_END_RESP_START
088 1 0493757412 LICK
088 1 0493757904 REWARD_START
088 1 0493949328 LICK
088 1 0494124632 LICK
088 1 0494300384 LICK
088 1 0494850260 RESP_END
088 1 0493768424 REWARD_END
089 0 0496935648 STIM_START
089 0 0496949004 LICK
089 0 0497131332 LICK
089 0 0497935764 STIM_END_RESP_START
089 0 0499135804 RESP_END
090 1 0500924188 STIM_START
090 1 0501924292 STIM_END_RESP_START
090 1 0502336876 LICK
090 1 0502337364 REWARD_START
090 1 0502509708 LICK
090 1 0502709896 LICK
090 1 0502881872 LICK
090 1 0503124312 RESP_END
090 1 0502347888 REWARD_END
091 0 0506945968 STIM_START
091 0 0507659468 LICK
091 0 0507843648 LICK
091 0 0507946060 STIM_END_RESP_START
091 0 0508076396 LICK
091 0 0508076884 TIMEOUT_START
091 0 0508628840 LICK
091 0 0508629332 TIMEOUT_START
091 0 0508805516 LICK
091 0 0508806000 TIMEOUT_START
091 0 0509146076 RESP_END
091 0 0515806512 TIMEOUT_END
092 0 0518018476 STIM_START
092 0 0519018580 STIM_END_RESP_START
092 0 0519290808 LICK
092 0 0519291300 TIMEOUT_START
092 0 0519502296 LICK
092 0 0519502784 TIMEOUT_START
092 0 0519692804 LICK
092 0 0519693288 TIMEOUT_START
092 0 0520218604 RESP_END
092 0 0526693800 TIMEOUT_END
093 1 0528532824 STIM_START
093 1 0529532920 STIM_END_RESP_START
093 1 0529802036 LICK
093 1 0529802528 REWARD_START
093 1 0529997796 LICK
093 1 0530332144 LICK
093 1 0530517012 LICK
093 1 0530732940 RESP_END
093 1 0529813044 REWARD_END
094 1 0532595368 STIM_START
094 1 0533595472 STIM_END_RESP_START
094 1 0533690036 LICK
094 1 0533690528 REWARD_START
094 1 0534036544 LICK
094 1 0534247604 LICK
094 1 0534795516 RESP_END
094 1 0533701048 REWARD_END
095 1 0539573296 STIM_START
095 1 0540502364 LICK
095 1 0540573384 STIM_END_RESP_START
095 1 0540745228 LICK
095 1 0540745712 REWARD_START
095 1 0540984592 LICK
095 1 0541170324 LICK
095 1 0541628568 LICK
095 1 0541773404 RESP_END
095 1 0540756240 REWARD_END
096 0 0545265048 STIM_START
096 0 0546265148 STIM_END_RESP_START
096 0 0547465184 RESP_END
097 0 0549584636 STIM_START
097 0 0550584740 STIM_END_RESP_START
097 0 0551784780 RESP_END
098 0 0553666164 STIM_START
098 0 0554666268 STIM_END_RESP_START
098 0 0555866308 RESP_END
099 1 0557654720 STIM_START
099 1 0558654824 STIM_END_RESP_START
099 1 0559767604 LICK
099 1 0559768088 REWARD_START
099 1 0559854836 RESP_END
099 1 0559778608 REWARD_END
100 0 0562812392 STIM_START
100 0 0563812496 STIM_END_RESP_START
100 0 0564509212 LICK
100 0 0564509704 TIMEOUT_START
100 0 0564802872 LICK
100 0 0564803356 TIMEOUT_START
100 0 0565012540 RESP_END
100 0 0571803864 TIMEOUT_END
101 1 0573670868 STIM_START
101 1 0574670972 STIM_END_RESP_START
101 1 0575801240 LICK
101 1 0575801732 REWARD_START
101 1 0575871016 RESP_END
101 1 0575812252 REWARD_END
102 0 0578441464 STIM_START
102 0 0579441560 STIM_END_RESP_START
102 0 0579528344 LICK
102 0 0579528836 TIMEOUT_START
102 0 0579730532 LICK
102 0 0579731016 TIMEOUT_START
102 0 0580641608 RESP_END
102 0 0586731540 TIMEOUT_END
103 0 0588924872 STIM_START
103 0 0589924976 STIM_END_RESP_START
103 0 0590523088 LICK
103 0 0590523580 TIMEOUT_START
103 0 0590751660 LICK
103 0 0590752148 TIMEOUT_START
103 0 0590976248 LICK
103 0 0590976732 TIMEOUT_START
103 0 0591125016 RESP_END
103 0 0597977236 TIMEOUT_END
104 1 0600221380 STIM_START
104 1 0601221484 STIM_END_RESP_START
104 1 0601507532 LICK
104 1 0601508024 REWARD_START
104 1 0601766180 LICK
104 1 0601979960 LICK
104 1 0602145924 LICK
104 1 0602314004 LICK
104 1 0602421520 RESP_END
104 1 0601518544 REWARD_END
105 0 0604616948 STIM_START
105 0 0605617048 STIM_END_RESP_START
105 0 0606817088 RESP_END
106 0 0609065552 STIM_START
106 0 0610065656 STIM_END_RESP_START
106 0 0610725300 LICK
106 0 0610725784 TIMEOUT_START
106 0 0610931816 LICK
106 0 0610932304 TIMEOUT_START
106 0 0611119472 LICK
106 0 0611119960 TIMEOUT_START
106 0 0611265688 RESP_END
106 0 0618120476 TIMEOUT_END
107 1 0619919024 STIM_START
107 1 0620919128 STIM_END_RESP_START
107 1 0621647396 LICK
107 1 0621647888 REWARD_START
107 1 0622034392 LICK
107 1 0622119144 RESP_END
107 1 0621658408 REWARD_END
108 1 0625058692 STIM_START
108 1 0626058796 STIM_END_RESP_START
108 1 0627258836 RESP_END
109 0 0629422304 STIM_START
109 0 0630422404 STIM_END_RESP_START
109 0 0631622440 RESP_END
110 0 0633801840 STIM_START
110 0 0634801936 STIM_END_RESP_START
110 0 0636001980 RESP_END
111 1 0638139420 STIM_START
111 1 0639139516 STIM_END_RESP_START
111 1 0639444264 LICK
111 1 0639444752 REWARD_START
111 1 0639809516 LICK
111 1 0639986832 LICK
111 1 0640339548 RESP_END
111 1 0639455280 REWARD_END
112 1 0643204104 STIM_START
112 1 0644204200 STIM_END_RESP_START
112 1 0644670800 LICK
112 1 0644671284 REWARD_START
112 1 0644876672 LICK
112 1 0645057720 LICK
112 1 0645231812 LICK
112 1 0645404248 RESP_END
112 1 0644681812 REWARD_END
113 1 0647517660 STIM_START
113 1 0648474272 LICK
113 1 0648517768 STIM_END_RESP_START
113 1 0648720180 LICK
113 1 0648720672 REWARD_START
113 1 0648888888 LICK
113 1 0649079848 LICK
113 1 0649228488 LICK
113 1 0649717816 RESP_END
113 1 0648731192 REWARD_END
114 0 0653240440 STIM_START
114 0 0654240536 STIM_END_RESP_START
114 0 0655440580 RESP_END
115 0 0657874028 STIM_START
115 0 0658874124 STIM_END_RESP_START
115 0 0660074164 RESP_END
116 0 0661843564 STIM_START
116 0 0662843668 STIM_END_RESP_START
116 0 0664043708 RESP_END
117 1 0666109188 STIM_START
117 1 0667109288 STIM_END_RESP_START
117 1 0667837172 LICK
117 1 0667837664 REWARD_START
117 1 0668064844 LICK
117 1 0668221844 LICK
117 1 0668309328 RESP_END
117 1 0667848184 REWARD_END
118 1 0670238672 STIM_START
118 1 0671238776 STIM_END_RESP_START
118 1 0672438816 RESP_END
119 1 0674526260 STIM_START
119 1 0675526360 STIM_END_RESP_START
119 1 0675709444 LICK
119 1 0675709932 REWARD_START
119 1 0675908600 LICK
119 1 0676207696 LICK
119 1 0676383528 LICK
119 1 0676726404 RESP_END
119 1 0675720456 REWARD_END
120 0 0681679188 STIM_START
120 0 0682679284 STIM_END_RESP_START
120 0 0683879324 RESP_END
121 1 0685839756 STIM_START
121 1 0686839864 STIM_END_RESP_START
121 1 0687040668 LICK
121 1 0687041156 REWARD_START
121 1 0687267116 LICK
121 1 0687409600 LICK
121 1 0687587296 LICK
121 1 0687936932 LICK
121 1 0688039892 RESP_END
121 1 0687051672 REWARD_END
122 0 0689978316 STIM_START
122 0 0690978420 STIM_END_RESP_START
122 0 0692178460 RESP_END
123 0 0694087884 STIM_START
123 0 0695087980 STIM_END_RESP_START
123 0 0695342604 LICK
123 0 0695343088 TIMEOUT_START
123 0 0695555720 LICK
123 0 0695556208 TIMEOUT_START
123 0 0695751508 LICK
123 0 0695752000 TIMEOUT_START
123 0 0695963316 LICK
123 0 0695963808 TIMEOUT_START
123 0 0696288028 RESP_END
123 0 0702964312 TIMEOUT_END
124 1 0705129312 STIM_START
124 1 0706129416 STIM_END_RESP_START
124 1 0707329456 RESP_END
125 0 0710013984 STIM_START
125 0 0711014084 STIM_END_RESP_START
125 0 0712214128 RESP_END
126 0 0713977512 STIM_START
126 0 0714977616 STIM_END_RESP_START
126 0 0715363920 LICK
126 0 0715364412 TIMEOUT_START
126 0 0715595816 LICK
126 0 0715596304 TIMEOUT_START
126 0 0715883112 LICK
126 0 0715883604 TIMEOUT_START
126 0 0716177652 RESP_END
126 0 0722884100 TIMEOUT_END
127 0 0724910960 STIM_START
127 0 0725911064 STIM_END_RESP_START
127 0 0727111104 RESP_END
128 1 0731596824 STIM_START
128 1 0732596920 STIM_END_RESP_START
128 1 0733796960 RESP_END
129 1 0735614376 STIM_START
129 1 0736614484 STIM_END_RESP_START
129 1 0736949684 LICK
129 1 0736950172 REWARD_START
129 1 0736988388 LICK
129 1 0737305380 LICK
129 1 0737478552 LICK
129 1 0737814524 RESP_END
129 1 0736960700 REWARD_END
130 1 0740027948 STIM_START
130 1 0741028052 STIM_END_RESP_START
130 1 0741481744 LICK
130 1 0741482228 REWARD_START
130 1 0741666120 LICK
130 1 0741861688 LICK
130 1 0742015848 LICK
130 1 0742228076 RESP_END
130 1 0741492756 REWARD_END
131 0 0746406808 STIM_START
131 0 0747406912 STIM_END_RESP_START
131 0 0748606952 RESP_END
132 0 0750764380 STIM_START
132 0 0751764476 STIM_END_RESP_START
132 0 0751944412 LICK
132 0 0751944904 TIMEOUT_START
132 0 0752145328 LICK
132 0 0752145820 TIMEOUT_START
132 0 0752964508 RESP_END
132 0 0759146316 TIMEOUT_END
133 0 0761209776 STIM_START
133 0 0762209880 STIM_END_RESP_START
133 0 0762515936 LICK
133 0 0762516420 TIMEOUT_START
133 0 0762754340 LICK
133 0 0762754828 TIMEOUT_START
133 0 0763409912 RESP_END
133 0 0769755336 TIMEOUT_END
134 1 0771920208 STIM_START
134 1 0772849152 LICK
134 1 0772920296 STIM_END_RESP_START
134 1 0773125368 LICK
134 1 0773125856 REWARD_START
134 1 0773621248 LICK
134 1 0773811836 LICK
134 1 0773947780 LICK
134 1 0774120344 RESP_END
134 1 0773136376 REWARD_END
135 1 0776266768 STIM_START
135 1 0777266868 STIM_END_RESP_START
135 1 0777299216 LICK
135 1 0777299704 REWARD_START
135 1 0777497776 LICK
135 1 0777698060 LICK
135 1 0777861432 LICK
135 1 0778027656 LICK
135 1 0778466904 RESP_END
135 1 0777310228 REWARD_END
136 1 0780280312 STIM_START
136 1 0780912292 LICK
136 1 0781123988 LICK
136 1 0781280408 STIM_END_RESP_START
136 1 0781406444 LICK
136 1 0781406932 REWARD_START
136 1 0781884580 LICK
136 1 0782062640 LICK
136 1 0782216720 LICK
136 1 0782480436 RESP_END
136 1 0781417452 REWARD_END
137 0 0784259848 STIM_START
137 0 0784633400 LICK
137 0 0784827472 LICK
137 0 0785259952 STIM_END_RESP_START
137 0 0786459996 RESP_END
138 1 0788563496 STIM_START
138 1 0789003920 LICK
138 1 0789192876 LICK
138 1 0789494564 LICK
138 1 0789563612 STIM_END_RESP_START
138 1 0789959268 LICK
138 1 0789959760 REWARD_START
138 1 0790135068 LICK
138 1 0790311504 LICK
138 1 0790467112 LICK
138 1 0790763636 RESP_END
138 1 0789970280 REWARD_END
139 1 0792824988 STIM_START
139 1 0793054812 LICK
139 1 0793257728 LICK
139 1 0793497772 LICK
139 1 0793825092 STIM_END_RESP_START
139 1 0795025132 RESP_END
140 0 0799342860 STIM_START
140 0 0800342960 STIM_END_RESP_START
140 0 0801542996 RESP_END
141 0 0803599396 STIM_START
141 0 0804599496 STIM_END_RESP_START
141 0 0805799532 RESP_END
142 0 0807725948 STIM_START
142 0 0808726056 STIM_END_RESP_START
142 0 0809926096 RESP_END
143 1 0811689492 STIM_START
143 1 0812689596 STIM_END_RESP_START
143 1 0812945868 LICK
143 1 0812946356 REWARD_START
143 1 0813147916 LICK
143 1 0813486192 LICK
143 1 0813667652 LICK
143 1 0813889612 RESP_END
143 1 0812956880 REWARD_END
144 1 0815841064 STIM_START
144 1 0816813872 LICK
144 1 0816841160 STIM_END_RESP_START
144 1 0817022340 LICK
144 1 0817022828 REWARD_START
144 1 0818041208 RESP_END
144 1 0817033356 REWARD_END
145 0 0819867592 STIM_START
145 0 0820867692 STIM_END_RESP_START
145 0 0822067732 RESP_END
146 1 0823920116 STIM_START
146 1 0824920220 STIM_END_RESP_START
146 1 0825074648 LICK
146 1 0825075144 REWARD_START
146 1 0825394344 LICK
146 1 0825665140 LICK
146 1 0825989084 LICK
146 1 0826120268 RESP_END
146 1 0825085664 REWARD_END
147 0 0829930892 STIM_START
147 0 0830503468 LICK
147 0 0830930996 STIM_END_RESP_START
147 0 0832131028 RESP_END
148 1 0834321480 STIM_START
148 1 0835321580 STIM_END_RESP_START
148 1 0835430640 LICK
148 1 0835431124 REWARD_START
148 1 0835584832 LICK
148 1 0835781660 LICK
148 1 0835934152 LICK
148 1 0836521616 RESP_END
148 1 0835441644 REWARD_END
149 0 0838343048 STIM_START
149 0 0839250764 LICK
149 0 0839343160 STIM_END_RESP_START
149 0 0839430088 LICK
149 0 0839430576 TIMEOUT_START
149 0 0840543204 RESP_END
149 0 0846431084 TIMEOUT_END
150 0 0848662380 STIM_START
150 0 0849662484 STIM_END_RESP_START
150 0 0850862524 RESP_END
151 1 0852849940 STIM_START
151 1 0853850036 STIM_END_RESP_START
151 1 0854562808 LICK
151 1 0854563300 REWARD_START
151 1 0854750884 LICK
151 1 0855050052 RESP_END
151 1 0854573816 REWARD_END
152 1 0857292524 STIM_START
152 1 0858292628 STIM_END_RESP_START
152 1 0859003256 LICK
152 1 0859003744 REWARD_START
152 1 0859214640 LICK
152 1 0859383516 LICK
152 1 0859492652 RESP_END
152 1 0859014268 REWARD_END
153 1 0861841156 STIM_START
153 1 0862701056 LICK
153 1 0862841240 STIM_END_RESP_START
153 1 0862875980 LICK
153 1 0862876468 REWARD_START
153 1 0863050520 LICK
153 1 0863233992 LICK
153 1 0863404232 LICK
153 1 0864041264 RESP_END
153 1 0862886992 REWARD_END
154 0 0868873068 STIM_START
154 0 0869873172 STIM_END_RESP_START
154 0 0871073212 RESP_END
155 1 0873285656 STIM_START
155 1 0874201608 LICK
155 1 0874285772 STIM_END_RESP_START
155 1 0874411700 LICK
155 1 0874412192 REWARD_START
155 1 0874649952 LICK
155 1 0874794016 LICK
155 1 0874969176 LICK
155 1 0875485816 RESP_END
155 1 0874422712 REWARD_END
156 1 0877482220 STIM_START
156 1 0878224820 LICK
156 1 0878398168 LICK
156 1 0878482304 STIM_END_RESP_START
156 1 0878598216 LICK
156 1 0878598700 REWARD_START
156 1 0878813816 LICK
156 1 0878991784 LICK
156 1 0879163616 LICK
156 1 0879682352 RESP_END
156 1 0878609220 REWARD_END
157 0 0883565012 STIM_START
157 0 0884363540 LICK
157 0 0884558448 LICK
157 0 0884565128 STIM_END_RESP_START
157 0 0884783840 LICK
157 0 0884784332 TIMEOUT_START
157 0 0885215576 LICK
157 0 0885216064 TIMEOUT_START
157 0 0885433480 LICK
157 0 0885433964 TIMEOUT_START
157 0 0885765176 RESP_END
157 0 0892434472 TIMEOUT_END
158 1 0894634504 STIM_START
158 1 0895634608 STIM_END_RESP_START
158 1 0895879560 LICK
158 1 0895880048 REWARD_START
158 1 0896094036 LICK
158 1 0896451968 LICK
158 1 0896591636 LICK
158 1 0896768716 LICK
158 1 0896834652 RESP_END
158 1 0895890572 REWARD_END
159 0 0899253136 STIM_START
159 0 0900253240 STIM_END_RESP_START
159 0 0901453276 RESP_END
160 0 0903401660 STIM_START
160 0 0904271104 LICK
160 0 0904401748 STIM_END_RESP_START
160 0 0904452788 LICK
160 0 0904453280 TIMEOUT_START
160 0 0904698996 LICK
160 0 0904699480 TIMEOUT_START
160 0 0905601768 RESP_END
160 0 0911700004 TIMEOUT_END
161 0 0913518996 STIM_START
161 0 0913833248 LICK
161 0 0914079780 LICK
161 0 0914519104 STIM_END_RESP_START
161 0 0915719140 RESP_END
162 1 0917907584 STIM_START
162 1 0918907684 STIM_END_RESP_START
162 1 0918989136 LICK
162 1 0918989624 REWARD_START
162 1 0919175712 LICK
162 1 0919520432 LICK
162 1 0919672664 LICK
162 1 0920107708 RESP_END
162 1 0919000152 REWARD_END
163 0 0922201140 STIM_START
163 0 0923201240 STIM_END_RESP_START
163 0 0923696136 LICK
163 0 0923696620 TIMEOUT_START
163 0 0923896104 LICK
163 0 0923896588 TIMEOUT_START
163 0 0924401284 RESP_END
163 0 0930897104 TIMEOUT_END
164 1 0932681560 STIM_START
164 1 0933681664 STIM_END_RESP_START
164 1 0933708136 LICK
164 1 0933708624 REWARD_START
164 1 0933924876 LICK
164 1 0934244980 LICK
164 1 0934433408 LICK
164 1 0934881676 RESP_END
164 1 0933719152 REWARD_END
165 0 0936917128 STIM_START
165 0 0937917228 STIM_END_RESP_START
165 0 0938155928 LICK
165 0 0938156424 TIMEOUT_START
165 0 0938361048 LICK
165 0 0938361532 TIMEOUT_START
165 0 0938520288 LICK
165 0 0938520780 TIMEOUT_START
165 0 0938720920 LICK
165 0 0938721416 TIMEOUT_START
165 0 0939117264 RESP_END
165 0 0945721916 TIMEOUT_END
166 1 0947489500 STIM_START
166 1 0948349284 LICK
166 1 0948489592 STIM_END_RESP_START
166 1 0948605412 LICK
166 1 0948605900 REWARD_START
166 1 0949135452 LICK
166 1 0949328220 LICK
166 1 0949485768 LICK
166 1 0949689628 RESP_END
166 1 0948616428 REWARD_END
167 1 0951712068 STIM_START
167 1 0952478228 LICK
167 1 0952648308 LICK
167 1 0952712164 STIM_END_RESP_START
167 1 0952913608 LICK
167 1 0952914100 REWARD_START
167 1 0953350688 LICK
167 1 0953513912 LICK
167 1 0953667956 LICK
167 1 0953912188 RESP_END
167 1 0952924620 REWARD_END
168 1 0955700588 STIM_START
168 1 0956572948 LICK
168 1 0956700688 STIM_END_RESP_START
168 1 0956774208 LICK
168 1 0956774704 REWARD_START
168 1 0957021668 LICK
168 1 0957228056 LICK
168 1 0957386028 LICK
168 1 0957900728 RESP_END
168 1 0956785228 REWARD_END
169 0 0961480352 STIM_START
169 0 0962480456 STIM_END_RESP_START
169 0 0963680496 RESP_END
170 0 0965848976 STIM_START
170 0 0966776544 LICK
170 0 0966849064 STIM_END_RESP_START
170 0 0966987284 LICK
170 0 0966987772 TIMEOUT_START
170 0 0967246856 LICK
170 0 0967247340 TIMEOUT_START
170 0 0967914664 LICK
170 0 0967915148 TIMEOUT_START
170 0 0968049112 RESP_END
170 0 0974915664 TIMEOUT_END
171 0 0977104496 STIM_START
171 0 0978104600 STIM_END_RESP_START
171 0 0979304640 RESP_END
172 1 0981509028 STIM_START
172 1 0982509136 STIM_END_RESP_START
172 1 0983376972 LICK
172 1 0983377456 REWARD_START
172 1 0983600216 LICK
172 1 0983709172 RESP_END
172 1 0983387976 REWARD_END
173 1 0986194660 STIM_START
173 1 0987194764 STIM_END_RESP_START
173 1 0987360740 LICK
173 1 0987361224 REWARD_START
173 1 0987556132 LICK
173 1 0987743908 LICK
173 1 0987923556 LICK
173 1 0988394776 RESP_END
173 1 0987371752 REWARD_END
174 0 0990200164 STIM_START
174 0 0991012568 LICK
174 0 0991200280 STIM_END_RESP_START
174 0 0991248676 LICK
174 0 0991249160 TIMEOUT_START
174 0 0992400308 RESP_END
174 0 0998249676 TIMEOUT_END
175 0 1000095472 STIM_START
175 0 1001095592 STIM_END_RESP_START
175 0 1001112264 LICK
175 0 1001112800 TIMEOUT_START
175 0 1001305780 LICK
175 0 1001306320 TIMEOUT_START
175 0 1001503760 LICK
175 0 1001504292 TIMEOUT_START
175 0 1001709432 LICK
175 0 1001709972 TIMEOUT_START
175 0 1002295616 RESP_END
175 0 1008710528 TIMEOUT_END
176 1 1010672896 STIM_START
176 1 1011673008 STIM_END_RESP_START
176 1 1012241144 LICK
176 1 1012241680 REWARD_START
176 1 1012536124 LICK
176 1 1012802172 LICK
176 1 1012873040 RESP_END
176 1 1012252244 REWARD_END
177 0 1015201500 STIM_START
177 0 1016201620 STIM_END_RESP_START
177 0 1017401640 RESP_END
178 1 1019589068 STIM_START
178 1 1020589188 STIM_END_RESP_START
178 1 1020789864 LICK
178 1 1020790400 REWARD_START
178 1 1020945784 LICK
178 1 1021136524 LICK
178 1 1021304464 LICK
178 1 1021789212 RESP_END
178 1 1020800984 REWARD_END
179 0 1023615604 STIM_START
179 0 1024503956 LICK
179 0 1024615692 STIM_END_RESP_START
179 0 1024679440 LICK
179 0 1024679972 TIMEOUT_START
179 0 1024865508 LICK
179 0 1024866036 TIMEOUT_START
179 0 1025815728 RESP_END
179 0 1031866600 TIMEOUT_END
180 1 1034077000 STIM_START
180 1 1035077120 STIM_END_RESP_START
180 1 1035107632 LICK
180 1 1035108164 REWARD_START
180 1 1035332608 LICK
180 1 1035483488 LICK
180 1 1035658756 LICK
180 1 1036277156 RESP_END
180 1 1035118736 REWARD_END
181 0 1038568604 STIM_START
181 0 1039568716 STIM_END_RESP_START
181 0 1040768736 RESP_END
182 0 1042874192 STIM_START
182 0 1043874312 STIM_END_RESP_START
182 0 1044069856 LICK
182 0 1044070388 TIMEOUT_START
182 0 1044298364 LICK
182 0 1044298904 TIMEOUT_START
182 0 1045074360 RESP_END
182 0 1051299456 TIMEOUT_END
183 0 1054408688 STIM_START
183 0 1055408808 STIM_END_RESP_START
183 0 1056608824 RESP_END
184 1 1058657244 STIM_START
184 1 1059471016 LICK
184 1 1059657368 STIM_END_RESP_START
184 1 1060857384 RESP_END
185 1 1063084868 STIM_START
185 1 1064084984 STIM_END_RESP_START
185 1 1064178292 LICK
185 1 1064178828 REWARD_START
185 1 1064338760 LICK
185 1 1064498300 LICK
185 1 1064641996 LICK
185 1 1065285000 RESP_END
185 1 1064189396 REWARD_END
186 0 1067381416 STIM_START
186 0 1068381536 STIM_END_RESP_START
186 0 1069581556 RESP_END
187 0 1071679980 STIM_START
187 0 1072680064 STIM_END_RESP_START
187 0 1073764056 LICK
187 0 1073764596 TIMEOUT_START
187 0 1073880088 RESP_END
187 0 1080765156 TIMEOUT_END
188 1 1082906484 STIM_START
188 1 1083906600 STIM_END_RESP_START
188 1 1085106616 RESP_END
189 1 1087233072 STIM_START
189 1 1088233184 STIM_END_RESP_START
189 1 1088614840 LICK
189 1 1088615372 REWARD_START
189 1 1088896660 LICK
189 1 1089063280 LICK
189 1 1089228608 LICK
189 1 1089412228 LICK
189 1 1089433200 RESP_END
189 1 1088625940 REWARD_END
190 1 1091759644 STIM_START
190 1 1092663376 LICK
190 1 1092759744 STIM_END_RESP_START
190 1 1092864528 LICK
190 1 1092865064 REWARD_START
190 1 1093124548 LICK
190 1 1093303656 LICK
190 1 1093471788 LICK
190 1 1093959776 RESP_END
190 1 1092875628 REWARD_END
191 0 1099397672 STIM_START
191 0 1100397752 STIM_END_RESP_START
191 0 1101597776 RESP_END
192 0 1103464224 STIM_START
192 0 1104464304 STIM_END_RESP_START
192 0 1104690688 LICK
192 0 1104691228 TIMEOUT_START
192 0 1104867880 LICK
192 0 1104868416 TIMEOUT_START
192 0 1105664324 RESP_END
192 0 1111868968 TIMEOUT_END
193 0 1113849596 STIM_START
193 0 1114849720 STIM_END_RESP_START
193 0 1116049736 RESP_END
194 1 1121157556 STIM_START
194 1 1122157640 STIM_END_RESP_START
194 1 1122345556 LICK
194 1 1122346096 REWARD_START
194 1 1122533128 LICK
194 1 1122714472 LICK
194 1 1122896024 LICK
194 1 1123357656 RESP_END
194 1 1122356660 REWARD_END
195 1 1126964336 STIM_START
195 1 1127941704 LICK
195 1 1127964436 STIM_END_RESP_START
195 1 1128117636 LICK
195 1 1128118168 REWARD_START
195 1 1128401764 LICK
195 1 1128601568 LICK
195 1 1128783704 LICK
195 1 1129164468 RESP_END
195 1 1128128740 REWARD_END
196 0 1131354900 STIM_START
196 0 1132355020 STIM_END_RESP_START
196 0 1132567200 LICK
196 0 1132567736 TIMEOUT_START
196 0 1132772128 LICK
196 0 1132772664 TIMEOUT_START
196 0 1133555064 RESP_END
196 0 1139773220 TIMEOUT_END
197 1 1141666292 STIM_START
197 1 1142666412 STIM_END_RESP_START
197 1 1142747772 LICK
197 1 1142748312 REWARD_START
197 1 1142971240 LICK
197 1 1143164568 LICK
197 1 1143324680 LICK
197 1 1143483180 LICK
197 1 1143866448 RESP_END
197 1 1142758880 REWARD_END
198 1 1146063856 STIM_START
198 1 1147063976 STIM_END_RESP_START
198 1 1147075088 LICK
198 1 1147075636 REWARD_START
198 1 1147270936 LICK
198 1 1147463876 LICK
198 1 1147604384 LICK
198 1 1148264016 RESP_END
198 1 1147086200 REWARD_END
199 1 1150263400 STIM_START
199 1 1151263512 STIM_END_RESP_START
199 1 1151401232 LICK
199 1 1151401768 REWARD_START
199 1 1151606312 LICK
199 1 1151815504 LICK
199 1 1151965312 LICK
199 1 1152463540 RESP_END
199 1 1151412340 REWARD_END
200 0 1155804152 STIM_START
200 0 1156804232 STIM_END_RESP_START
200 0 1158004252 RESP_END
201 1 1159899684 STIM_START
201 1 1160899808 STIM_END_RESP_START
201 1 1160934224 LICK
201 1 1160934764 REWARD_START
201 1 1161260584 LICK
201 1 1161431408 LICK
201 1 1161594700 LICK
201 1 1162099852 RESP_END
201 1 1160945332 REWARD_END
202 0 1164388300 STIM_START
202 0 1165117664 LICK
202 0 1165268312 LICK
202 0 1165388400 STIM_END_RESP_START
202 0 1166588420 RESP_END
203 1 1168826860 STIM_START
203 1 1169687228 LICK
203 1 1169826980 STIM_END_RESP_START
203 1 1169873376 LICK
203 1 1169873908 REWARD_START
203 1 1170118952 LICK
203 1 1170279984 LICK
203 1 1171027004 RESP_END
203 1 1169884484 REWARD_END
204 1 1173163456 STIM_START
204 1 1174143820 LICK
204 1 1174163580 STIM_END_RESP_START
204 1 1174320500 LICK
204 1 1174321036 REWARD_START
204 1 1174552104 LICK
204 1 1175049288 LICK
204 1 1175363636 RESP_END
204 1 1174331612 REWARD_END
205 0 1177252012 STIM_START
205 0 1178252124 STIM_END_RESP_START
205 0 1179452144 RESP_END
206 1 1181318536 STIM_START
206 1 1182263872 LICK
206 1 1182318644 STIM_END_RESP_START
206 1 1182457824 LICK
206 1 1182458364 REWARD_START
206 1 1182705328 LICK
206 1 1182854992 LICK
206 1 1183009988 LICK
206 1 1183518688 RESP_END
206 1 1182468948 REWARD_END
207 1 1185495068 STIM_START
207 1 1186495180 STIM_END_RESP_START
207 1 1186572204 LICK
207 1 1186572744 REWARD_START
207 1 1186747944 LICK
207 1 1186938380 LICK
207 1 1187110192 LICK
207 1 1187695192 RESP_END
207 1 1186583308 REWARD_END
208 0 1189806660 STIM_START
208 0 1190806744 STIM_END_RESP_START
208 0 1192006760 RESP_END
209 0 1194018204 STIM_START
209 0 1195018324 STIM_END_RESP_START
209 0 1195604132 LICK
209 0 1195604664 TIMEOUT_START
209 0 1195766120 LICK
209 0 1195766652 TIMEOUT_START
209 0 1195966316 LICK
209 0 1195966856 TIMEOUT_START
209 0 1196218360 RESP_END
209 0 1202967420 TIMEOUT_END
210 0 1205171704 STIM_START
210 0 1206171824 STIM_END_RESP_START
210 0 1207371844 RESP_END
211 1 1209196248 STIM_START
211 1 1210196368 STIM_END_RESP_START
211 1 1210460628 LICK
211 1 1210461164 REWARD_START
211 1 1210710376 LICK
211 1 1210876332 LICK
211 1 1211013512 LICK
211 1 1211206456 LICK
211 1 1211396392 RESP_END
211 1 1210471736 REWARD_END
212 1 1213586812 STIM_START
212 1 1214586932 STIM_END_RESP_START
212 1 1214662072 LICK
212 1 1214662608 REWARD_START
212 1 1214854224 LICK
212 1 1215043300 LICK
212 1 1215228552 LICK
212 1 1215357056 LICK
212 1 1215786976 RESP_END
212 1 1214673180 REWARD_END
213 1 1217754356 STIM_START
213 1 1217839456 LICK
213 1 1218026716 LICK
213 1 1218673212 LICK
213 1 1218754440 STIM_END_RESP_START
213 1 1218854972 LICK
213 1 1218855504 REWARD_START
213 1 1219118892 LICK
213 1 1219313300 LICK
213 1 1219461144 LICK
213 1 1219954484 RESP_END
213 1 1218866092 REWARD_END
214 0 1221982916 STIM_START
214 0 1222983036 STIM_END_RESP_START
214 0 1224183056 RESP_END
215 1 1225996456 STIM_START
215 1 1226022536 LICK
215 1 1226170096 LICK
215 1 1226621956 LICK
215 1 1226823960 LICK
215 1 1226996540 STIM_END_RESP_START
215 1 1227319988 LICK
215 1 1227320528 REWARD_START
215 1 1227514784 LICK
215 1 1227684028 LICK
215 1 1227856920 LICK
215 1 1228196568 RESP_END
215 1 1227331096 REWARD_END
216 1 1230217000 STIM_START
216 1 1231217120 STIM_END_RESP_START
216 1 1232417140 RESP_END
217 1 1234426572 STIM_START
217 1 1235426692 STIM_END_RESP_START
217 1 1236114424 LICK
217 1 1236114964 REWARD_START
217 1 1236295304 LICK
217 1 1236598012 LICK
217 1 1236626740 RESP_END
217 1 1236125548 REWARD_END
218 0 1239015168 STIM_START
218 0 1240015260 STIM_END_RESP_START
218 0 1241215280 RESP_END
219 1 1246510160 STIM_START
219 1 1247510276 STIM_END_RESP_START
219 1 1247656156 LICK
219 1 1247656692 REWARD_START
219 1 1247876164 LICK
219 1 1248009408 LICK
219 1 1248163340 LICK
219 1 1248710304 RESP_END
219 1 1247667264 REWARD_END
220 0 1250844744 STIM_START
220 0 1251844860 STIM_END_RESP_START
220 0 1251859384 LICK
220 0 1251859924 TIMEOUT_START
220 0 1252034536 LICK
220 0 1252035076 TIMEOUT_START
220 0 1253044876 RESP_END
220 0 1259035648 TIMEOUT_END
221 1 1261079096 STIM_START
221 1 1262079216 STIM_END_RESP_START
221 1 1262367392 LICK
221 1 1262367932 REWARD_START
221 1 1262593372 LICK
221 1 1262789400 LICK
221 1 1262927916 LICK
221 1 1263107988 LICK
221 1 1263279244 RESP_END
221 1 1262378500 REWARD_END
222 1 1265216684 STIM_START
222 1 1266216796 STIM_END_RESP_START
222 1 1266934736 LICK
222 1 1266935276 REWARD_START
222 1 1267165036 LICK
222 1 1267329812 LICK
222 1 1267416828 RESP_END
222 1 1266945840 REWARD_END
223 0 1269528224 STIM_START
223 0 1270528308 STIM_END_RESP_START
223 0 1271728328 RESP_END
224 1 1273534760 STIM_START
224 1 1274348272 LICK
224 1 1274514116 LICK
224 1 1274534844 STIM_END_RESP_START
224 1 1274699988 LICK
224 1 1274700524 REWARD_START
224 1 1274896896 LICK
224 1 1275080036 LICK
224 1 1275237800 LICK
224 1 1275734888 RESP_END
224 1 1274711096 REWARD_END
225 1 1277751424 STIM_START
225 1 1278644744 LICK
225 1 1278751536 STIM_END_RESP_START
225 1 1278829808 LICK
225 1 1278830340 REWARD_START
225 1 1279041840 LICK
225 1 1279213804 LICK
225 1 1279385844 LICK
225 1 1279951552 RESP_END
225 1 1278840916 REWARD_END
226 1 1282107888 STIM_START
226 1 1283107984 STIM_END_RESP_START
226 1 1283114400 LICK
226 1 1283114932 REWARD_START
226 1 1283293876 LICK
226 1 1283486344 LICK
226 1 1283648728 LICK
226 1 1284308040 RESP_END
226 1 1283125504 REWARD_END
227 0 1286376444 STIM_START
227 0 1286441772 LICK
227 0 1286626968 LICK
227 0 1286869796 LICK
227 0 1287072756 LICK
227 0 1287376536 STIM_END_RESP_START
227 0 1287459612 LICK
227 0 1287460148 TIMEOUT_START
227 0 1287681716 LICK
227 0 1287682252 TIMEOUT_START
227 0 1287894332 LICK
227 0 1287894864 TIMEOUT_START
227 0 1288576576 RESP_END
227 0 1294895428 TIMEOUT_END
228 0 1296827828 STIM_START
228 0 1297827948 STIM_END_RESP_START
228 0 1298322728 LICK
228 0 1298323260 TIMEOUT_START
228 0 1298507892 LICK
228 0 1298508424 TIMEOUT_START
228 0 1298859388 LICK
228 0 1298859920 TIMEOUT_START
228 0 1299027988 RESP_END
228 0 1305860492 TIMEOUT_END
229 0 1307635260 STIM_START
229 0 1308635344 STIM_END_RESP_START
229 0 1309492376 LICK
229 0 1309492908 TIMEOUT_START
229 0 1309580812 LICK
229 0 1309581348 TIMEOUT_START
229 0 1309740076 LICK
229 0 1309740608 TIMEOUT_START
229 0 1309835392 RESP_END
229 0 1316741176 TIMEOUT_END
230 1 1318512688 STIM_START
230 1 1319512800 STIM_END_RESP_START
230 1 1320712820 RESP_END
231 1 1322666264 STIM_START
231 1 1323666380 STIM_END_RESP_START
231 1 1324189576 LICK
231 1 1324190112 REWARD_START
231 1 1324334968 LICK
231 1 1324529808 LICK
231 1 1324713916 LICK
231 1 1324864008 LICK
231 1 1324866428 RESP_END
231 1 1324200680 REWARD_END
232 0 1326895820 STIM_START
232 0 1327895908 STIM_END_RESP_START
232 0 1329095928 RESP_END
233 0 1330969368 STIM_START
233 0 1331144852 LICK
233 0 1331363436 LICK
233 0 1331587832 LICK
233 0 1331820548 LICK
233 0 1331969472 STIM_END_RESP_START
233 0 1332328400 LICK
233 0 1332328936 TIMEOUT_START
233 0 1332522824 LICK
233 0 1332523364 TIMEOUT_START
233 0 1333169500 RESP_END
233 0 1339523916 TIMEOUT_END
234 1 1341766768 STIM_START
234 1 1342766880 STIM_END_RESP_START
234 1 1343165604 LICK
234 1 1343166136 REWARD_START
234 1 1343408316 LICK
234 1 1343555348 LICK
234 1 1343726200 LICK
234 1 1343966896 RESP_END
234 1 1343176728 REWARD_END
235 0 1346166356 STIM_START
235 0 1347166472 STIM_END_RESP_START
235 0 1347186768 LICK
235 0 1347187300 TIMEOUT_START
235 0 1347374132 LICK
235 0 1347374664 TIMEOUT_START
235 0 1347631912 LICK
235 0 1347632448 TIMEOUT_START
235 0 1348366520 RESP_END
235 0 1354633008 TIMEOUT_END
236 1 1356764788 STIM_START
236 1 1357764908 STIM_END_RESP_START
236 1 1358444000 LICK
236 1 1358444532 REWARD_START
236 1 1358671300 LICK
236 1 1358850376 LICK
236 1 1358964932 RESP_END
236 1 1358455104 REWARD_END
237 0 1361267372 STIM_START
237 0 1362137188 LICK
237 0 1362267468 STIM_END_RESP_START
237 0 1362329688 LICK
237 0 1362330216 TIMEOUT_START
237 0 1362576628 LICK
237 0 1362577160 TIMEOUT_START
237 0 1363047108 LICK
237 0 1363047648 TIMEOUT_START
237 0 1363467480 RESP_END
237 0 1370048212 TIMEOUT_END
238 0 1371942828 STIM_START
238 0 1372942948 STIM_END_RESP_START
238 0 1373312080 LICK
238 0 1373312608 TIMEOUT_START
238 0 1373561120 LICK
238 0 1373561652 TIMEOUT_START
238 0 1374142984 RESP_END
238 0 1380562200 TIMEOUT_END
239 0 1382481208 STIM_START
239 0 1383481320 STIM_END_RESP_START
239 0 1384193316 LICK
239 0 1384193844 TIMEOUT_START
239 0 1384477216 LICK
239 0 1384477752 TIMEOUT_START
239 0 1384681352 RESP_END
239 0 1391478304 TIMEOUT_END
240 1 1393714656 STIM_START
240 1 1394714772 STIM_END_RESP_START
240 1 1395303680 LICK
240 1 1395304212 REWARD_START
240 1 1395586672 LICK
240 1 1395768908 LICK
240 1 1395895992 LICK
240 1 1395914796 RESP_END
240 1 1395314780 REWARD_END
241 0 1397906232 STIM_START
241 0 1398906320 STIM_END_RESP_START
241 0 1400106340 RESP_END
242 0 1402120772 STIM_START
242 0 1402542328 LICK
242 0 1402697672 LICK
242 0 1402966340 LICK
242 0 1403120880 STIM_END_RESP_START
242 0 1404320900 RESP_END
243 1 1406371360 STIM_START
243 1 1407333676 LICK
243 1 1407371456 STIM_END_RESP_START
243 1 1407577324 LICK
243 1 1407577860 REWARD_START
243 1 1407782084 LICK
243 1 1407955628 LICK
243 1 1408128704 LICK
243 1 1408571472 RESP_END
243 1 1407588432 REWARD_END
244 1 1410622912 STIM_START
244 1 1411622996 STIM_END_RESP_START
244 1 1412523232 LICK
244 1 1412523768 REWARD_START
244 1 1412760788 LICK
244 1 1412823036 RESP_END
244 1 1412534340 REWARD_END
245 0 1415145508 STIM_START
245 0 1416145624 STIM_END_RESP_START
245 0 1416321196 LICK
245 0 1416321724 TIMEOUT_START
245 0 1416510792 LICK
245 0 1416511324 TIMEOUT_START
245 0 1416963344 LICK
245 0 1416963872 TIMEOUT_START
245 0 1417128704 LICK
245 0 1417129240 TIMEOUT_START
245 0 1417345660 RESP_END
245 0 1424129808 TIMEOUT_END
246 0 1426147972 STIM_START
246 0 1427148092 STIM_END_RESP_START
246 0 1428348112 RESP_END
247 0 1430305512 STIM_START
247 0 1431305636 STIM_END_RESP_START
247 0 1432505656 RESP_END
248 1 1434522100 STIM_START
248 1 1435522220 STIM_END_RESP_START
248 1 1436722236 RESP_END
249 1 1439333740 STIM_START
249 1 1440333864 STIM_END_RESP_START
249 1 1441533912 RESP_END
250 1 1444629404 STIM_START
250 1 1445629524 STIM_END_RESP_START
250 1 1446829540 RESP_END
251 0 1448721944 STIM_START
251 0 1449722064 STIM_END_RESP_START
251 0 1450922084 RESP_END
252 1 1452731492 STIM_START
252 1 1453731608 STIM_END_RESP_START
252 1 1454215044 LICK
252 1 1454215584 REWARD_START
252 1 1454308872 LICK
252 1 1454595208 LICK
252 1 1454915024 LICK
252 1 1454931652 RESP_END
252 1 1454226152 REWARD_END
253 0 1457079072 STIM_START
253 0 1458079160 STIM_END_RESP_START
253 0 1459279184 RESP_END
254 1 1461270628 STIM_START
254 1 1462270744 STIM_END_RESP_START
254 1 1462718728 LICK
254 1 1462719260 REWARD_START
254 1 1462903356 LICK
254 1 1463094660 LICK
254 1 1463470756 RESP_END
254 1 1462729836 REWARD_END
255 1 1465328160 STIM_START
255 1 1466328244 STIM_END_RESP_START
255 1 1466443204 LICK
255 1 1466443736 REWARD_START
255 1 1466570396 LICK
255 1 1466781120 LICK
255 1 1467120460 LICK
255 1 1467259972 LICK
255 1 1467528276 RESP_END
255 1 1466454308 REWARD_END
256 0 1469462728 STIM_START
256 0 1470298808 LICK
256 0 1470462832 STIM_END_RESP_START
256 0 1470467568 LICK
256 0 1470468112 TIMEOUT_START
256 0 1470751836 LICK
256 0 1470752372 TIMEOUT_START
256 0 1470925352 LICK
256 0 1470925888 TIMEOUT_START
256 0 1471167892 LICK
256 0 1471168428 TIMEOUT_START
256 0 1471369336 LICK
256 0 1471369868 TIMEOUT_START
256 0 1471566764 LICK
256 0 1471567304 TIMEOUT_START
256 0 1471662868 RESP_END
256 0 1478567860 TIMEOUT_END
257 1 1480342140 STIM_START
257 1 1481342260 STIM_END_RESP_START
257 1 1481662528 LICK
257 1 1481663060 REWARD_START
257 1 1481844116 LICK
257 1 1482165324 LICK
257 1 1482331680 LICK
257 1 1482542304 RESP_END
257 1 1481673644 REWARD_END
258 0 1484537708 STIM_START
258 0 1485537788 STIM_END_RESP_START
258 0 1486459940 LICK
258 0 1486460472 TIMEOUT_START
258 0 1486620536 LICK
258 0 1486621076 TIMEOUT_START
258 0 1486737828 RESP_END
258 0 1493621632 TIMEOUT_END
259 0 1495834192 STIM_START
259 0 1496834312 STIM_END_RESP_START
259 0 1496948368 LICK
259 0 1496948908 TIMEOUT_START
259 0 1497129372 LICK
259 0 1497129904 TIMEOUT_START
259 0 1497411684 LICK
259 0 1497412216 TIMEOUT_START
259 0 1497901112 LICK
259 0 1497901644 TIMEOUT_START
259 0 1498034344 RESP_END
259 0 1504902204 TIMEOUT_END
260 0 1506824648 STIM_START
260 0 1507824768 STIM_END_RESP_START
260 0 1509024788 RESP_END
261 1 1511084220 STIM_START
261 1 1512084336 STIM_END_RESP_START
261 1 1512782488 LICK
261 1 1512783028 REWARD_START
261 1 1513005316 LICK
261 1 1513284376 RESP_END
261 1 1512793596 REWARD_END
262 0 1515389792 STIM_START
262 0 1516352620 LICK
262 0 1516389892 STIM_END_RESP_START
262 0 1516612840 LICK
262 0 1516613372 TIMEOUT_START
262 0 1517091720 LICK
262 0 1517092260 TIMEOUT_START
262 0 1517251092 LICK
262 0 1517251632 TIMEOUT_START
262 0 1517589916 RESP_END
262 0 1524252188 TIMEOUT_END
263 0 1526424232 STIM_START
263 0 1527424352 STIM_END_RESP_START
263 0 1527507964 LICK
263 0 1527508504 TIMEOUT_START
263 0 1527711136 LICK
263 0 1527711668 TIMEOUT_START
263 0 1527965160 LICK
263 0 1527965700 TIMEOUT_START
263 0 1528226980 LICK
263 0 1528227512 TIMEOUT_START
263 0 1528624372 RESP_END
263 0 1535228076 TIMEOUT_END
264 1 1537085664 STIM_START
264 1 1538074620 LICK
264 1 1538085772 STIM_END_RESP_START
264 1 1538316852 LICK
264 1 1538317388 REWARD_START
264 1 1538636884 LICK
264 1 1538937656 LICK
264 1 1539116348 LICK
264 1 1539285780 RESP_END
264 1 1538327956 REWARD_END
265 0 1541248240 STIM_START
265 0 1542248352 STIM_END_RESP_START
265 0 1542330796 LICK
265 0 1542331328 TIMEOUT_START
265 0 1542504440 LICK
265 0 1542504976 TIMEOUT_START
265 0 1542745712 LICK
265 0 1542746252 TIMEOUT_START
265 0 1542952972 LICK
265 0 1542953504 TIMEOUT_START
265 0 1543285008 LICK
265 0 1543285540 TIMEOUT_START
265 0 1543448368 RESP_END
265 0 1550286112 TIMEOUT_END
266 1 1552248648 STIM_START
266 1 1553248768 STIM_END_RESP_START
266 1 1553272144 LICK
266 1 1553272676 REWARD_START
266 1 1553653128 LICK
266 1 1553839600 LICK
266 1 1554448796 RESP_END
266 1 1553283248 REWARD_END
267 1 1556245180 STIM_START
267 1 1557113064 LICK
267 1 1557245276 STIM_END_RESP_START
267 1 1557313248 LICK
267 1 1557313788 REWARD_START
267 1 1557548996 LICK
267 1 1557737820 LICK
267 1 1557909212 LICK
267 1 1558445296 RESP_END
267 1 1557324352 REWARD_END
268 1 1560418724 STIM_START
268 1 1561284296 LICK
268 1 1561418836 STIM_END_RESP_START
268 1 1561492000 LICK
268 1 1561492540 REWARD_START
268 1 1561688780 LICK
268 1 1561906976 LICK
268 1 1562065020 LICK
268 1 1562618856 RESP_END
268 1 1561503108 REWARD_END
269 0 1564592308 STIM_START
269 0 1565359596 LICK
269 0 1565537464 LICK
269 0 1565592404 STIM_END_RESP_START
269 0 1566003432 LICK
269 0 1566003964 TIMEOUT_START
269 0 1566229168 LICK
269 0 1566229708 TIMEOUT_START
269 0 1566455816 LICK
269 0 1566456348 TIMEOUT_START
269 0 1566792420 RESP_END
269 0 1573456916 TIMEOUT_END
270 1 1575364712 STIM_START
270 1 1576364828 STIM_END_RESP_START
270 1 1576507944 LICK
270 1 1576508484 REWARD_START
270 1 1576727576 LICK
270 1 1577030448 LICK
270 1 1577198500 LICK
270 1 1577564864 RESP_END
270 1 1576519048 REWARD_END
271 1 1579470272 STIM_START
271 1 1580469520 LICK
271 1 1580470368 STIM_END_RESP_START
271 1 1580658012 LICK
271 1 1580658544 REWARD_START
271 1 1580939956 LICK
271 1 1581117124 LICK
271 1 1581275800 LICK
271 1 1581670384 RESP_END
271 1 1580669116 REWARD_END
272 0 1583623820 STIM_START
272 0 1584623904 STIM_END_RESP_START
272 0 1585823924 RESP_END
273 0 1589749608 STIM_START
273 0 1590253508 LICK
273 0 1590462496 LICK
273 0 1590749724 STIM_END_RESP_START
273 0 1590777260 LICK
273 0 1590777796 TIMEOUT_START
273 0 1590977264 LICK
273 0 1590977804 TIMEOUT_START
273 0 1591259732 LICK
273 0 1591260272 TIMEOUT_START
273 0 1591454092 LICK
273 0 1591454624 TIMEOUT_START
273 0 1591949748 RESP_END
273 0 1598455196 TIMEOUT_END
274 0 1600655056 STIM_START
274 0 1601655172 STIM_END_RESP_START
274 0 1602217588 LICK
274 0 1602218128 TIMEOUT_START
274 0 1602393960 LICK
274 0 1602394496 TIMEOUT_START
274 0 1602855192 RESP_END
274 0 1609395048 TIMEOUT_END
275 1 1611290452 STIM_START
275 1 1612290576 STIM_END_RESP_START
275 1 1612419192 LICK
275 1 1612419724 REWARD_START
275 1 1612714028 LICK
275 1 1612876576 LICK
275 1 1613069524 LICK
275 1 1613215304 LICK
275 1 1613490620 RESP_END
275 1 1612430308 REWARD_END
276 1 1615325020 STIM_START
276 1 1616325144 STIM_END_RESP_START
276 1 1616366444 LICK
276 1 1616366980 REWARD_START
276 1 1616548532 LICK
276 1 1616724512 LICK
276 1 1616898260 LICK
276 1 1617055444 LICK
276 1 1617525184 RESP_END
276 1 1616377548 REWARD_END
277 1 1619515544 STIM_START
277 1 1620515660 STIM_END_RESP_START
277 1 1621212688 LICK
277 1 1621213224 REWARD_START
277 1 1621389164 LICK
277 1 1621553512 LICK
277 1 1621706696 LICK
277 1 1621715692 RESP_END
277 1 1621223792 REWARD_END
278 0 1623684116 STIM_START
278 0 1624684200 STIM_END_RESP_START
278 0 1625884220 RESP_END
279 0 1628094700 STIM_START
279 0 1629094816 STIM_END_RESP_START
279 0 1630294836 RESP_END
280 1 1632441260 STIM_START
280 1 1633441384 STIM_END_RESP_START
280 1 1633865824 LICK
280 1 1633866360 REWARD_START
280 1 1634060652 LICK
280 1 1634253588 LICK
280 1 1634411528 LICK
280 1 1634641400 RESP_END
280 1 1633876944 REWARD_END
281 0 1636762840 STIM_START
281 0 1637762956 STIM_END_RESP_START
281 0 1638962976 RESP_END
282 1 1640846380 STIM_START
282 1 1641846492 STIM_END_RESP_START
282 1 1641887276 LICK
282 1 1641887812 REWARD_START
282 1 1642078416 LICK
282 1 1642301360 LICK
282 1 1642445884 LICK
282 1 1643046516 RESP_END
282 1 1641898380 REWARD_END
283 1 1644983960 STIM_START
283 1 1645984080 STIM_END_RESP_START
283 1 1645987720 LICK
283 1 1645988264 REWARD_START
283 1 1646173564 LICK
283 1 1646358792 LICK
283 1 1646546092 LICK
283 1 1647184120 RESP_END
283 1 1645998832 REWARD_END
284 0 1648978452 STIM_START
284 0 1649978532 STIM_END_RESP_START
284 0 1651178552 RESP_END
285 0 1653034004 STIM_START
285 0 1653513384 LICK
285 0 1653699796 LICK
285 0 1654034120 STIM_END_RESP_START
285 0 1655234136 RESP_END
286 1 1657185548 STIM_START
286 1 1658185664 STIM_END_RESP_START
286 1 1658822608 LICK
286 1 1658823148 REWARD_START
286 1 1658991640 LICK
286 1 1659191240 LICK
286 1 1659342344 LICK
286 1 1659385712 RESP_END
286 1 1658833732 REWARD_END
287 1 1661420116 STIM_START
287 1 1662420200 STIM_END_RESP_START
287 1 1662494028 LICK
287 1 1662494564 REWARD_START
287 1 1662655856 LICK
287 1 1662841216 LICK
287 1 1662996016 LICK
287 1 1663620244 RESP_END
287 1 1662505136 REWARD_END
288 1 1665798684 STIM_START
288 1 1666255288 LICK
288 1 1666487456 LICK
288 1 1666698872 LICK
288 1 1666798768 STIM_END_RESP_START
288 1 1666934336 LICK
288 1 1666934876 REWARD_START
288 1 1667998816 RESP_END
288 1 1666945444 REWARD_END
289 0 1669936244 STIM_START
289 0 1670936356 STIM_END_RESP_START
289 0 1672136376 RESP_END
290 0 1674106788 STIM_START
290 0 1675085996 LICK
290 0 1675106880 STIM_END_RESP_START
290 0 1675400232 LICK
290 0 1675400764 TIMEOUT_START
290 0 1675562772 LICK
290 0 1675563308 TIMEOUT_START
290 0 1675716128 LICK
290 0 1675716664 TIMEOUT_START
290 0 1676306928 RESP_END
290 0 1682717232 TIMEOUT_END
291 0 1686208400 STIM_START
291 0 1687063284 LICK
291 0 1687208500 STIM_END_RESP_START
291 0 1687347532 LICK
291 0 1687348064 TIMEOUT_START
291 0 1687591696 LICK
291 0 1687592232 TIMEOUT_START
291 0 1687787888 LICK
291 0 1687788420 TIMEOUT_START
291 0 1688132932 LICK
291 0 1688133464 TIMEOUT_START
291 0 1688299752 LICK
291 0 1688300280 TIMEOUT_START
291 0 1688408536 RESP_END
291 0 1695300840 TIMEOUT_END
292 1 1697135824 STIM_START
292 1 1698135940 STIM_END_RESP_START
292 1 1698531780 LICK
292 1 1698532312 REWARD_START
292 1 1698672548 LICK
292 1 1698866124 LICK
292 1 1699025068 LICK
292 1 1699335976 RESP_END
292 1 1698542884 REWARD_END
293 0 1701469408 STIM_START
293 0 1702469524 STIM_END_RESP_START
293 0 1703442860 LICK
293 0 1703443392 TIMEOUT_START
293 0 1703648600 LICK
293 0 1703649132 TIMEOUT_START
293 0 1703669540 RESP_END
293 0 1710649692 TIMEOUT_END
294 0 1713516988 STIM_START
294 0 1714517076 STIM_END_RESP_START
294 0 1714826972 LICK
294 0 1714827512 TIMEOUT_START
294 0 1715001732 LICK
294 0 1715002264 TIMEOUT_START
294 0 1715362032 LICK
294 0 1715362564 TIMEOUT_START
294 0 1715527456 LICK
294 0 1715527996 TIMEOUT_START
294 0 1715717100 RESP_END
294 0 1722528548 TIMEOUT_END
295 1 1724472452 STIM_START
295 1 1725472568 STIM_END_RESP_START
295 1 1725612084 LICK
295 1 1725612616 REWARD_START
295 1 1725903572 LICK
295 1 1726082132 LICK
295 1 1726235516 LICK
295 1 1726392952 LICK
295 1 1726672584 RESP_END
295 1 1725623200 REWARD_END
296 1 1728938080 STIM_START
296 1 1729846364 LICK
296 1 1729938196 STIM_END_RESP_START
296 1 1730068728 LICK
296 1 1730069260 REWARD_START
296 1 1730361488 LICK
296 1 1730659364 LICK
296 1 1730835812 LICK
296 1 1731138224 RESP_END
296 1 1730079832 REWARD_END
297 0 1733113624 STIM_START
297 0 1734011808 LICK
297 0 1734113708 STIM_END_RESP_START
297 0 1734243564 LICK
297 0 1734244100 TIMEOUT_START
297 0 1735313728 RESP_END
297 0 1741244668 TIMEOUT_END
298 1 1743276972 STIM_START
298 1 1744277052 STIM_END_RESP_START
298 1 1744442064 LICK
298 1 1744442604 REWARD_START
298 1 1744720088 LICK
298 1 1744909600 LICK
298 1 1745095324 LICK
298 1 1745241896 LICK
298 1 1745477068 RESP_END
298 1 1744453168 REWARD_END
299 1 1747545500 STIM_START
299 1 1748545620 STIM_END_RESP_START
299 1 1748890012 LICK
299 1 1748890544 REWARD_START
299 1 1749029888 LICK
299 1 1749235048 LICK
299 1 1749396600 LICK
299 1 1749745640 RESP_END
299 1 1748901116 REWARD_END
300 1 1751774064 STIM_START
300 1 1752774156 STIM_END_RESP_START
300 1 1752776228 LICK
300 1 1752776772 REWARD_START
300 1 1752960036 LICK
300 1 1753274480 LICK
300 1 1753475940 LICK
300 1 1753974204 RESP_END
300 1 1752787340 REWARD_END
301 0 1755826584 STIM_START
301 0 1756826704 STIM_END_RESP_START
301 0 1757511364 LICK
301 0 1757511904 TIMEOUT_START
301 0 1757667172 LICK
301 0 1757667712 TIMEOUT_START
301 0 1757848200 LICK
301 0 1757848736 TIMEOUT_START
301 0 1758026732 RESP_END
301 0 1764849300 TIMEOUT_END
302 0 1766927052 STIM_START
302 0 1767832912 LICK
302 0 1767927132 STIM_END_RESP_START
302 0 1768021192 LICK
302 0 1768021724 TIMEOUT_START
302 0 1769127172 RESP_END
302 0 1775022292 TIMEOUT_END
303 1 1777035396 STIM_START
303 1 1778035508 STIM_END_RESP_START
303 1 1778278776 LICK
303 1 1778279308 REWARD_START
303 1 1778469688 LICK
303 1 1778661100 LICK
303 1 1778816504 LICK
303 1 1779235552 RESP_END
303 1 1778289880 REWARD_END
304 0 1781262956 STIM_START
304 0 1782263080 STIM_END_RESP_START
304 0 1783463100 RESP_END
305 0 1785226496 STIM_START
305 0 1786226608 STIM_END_RESP_START
305 0 1787426628 RESP_END
306 1 1789269008 STIM_START
306 1 1790269124 STIM_END_RESP_START
306 1 1790385940 LICK
306 1 1790386484 REWARD_START
306 1 1790549960 LICK
306 1 1790859872 LICK
306 1 1791041300 LICK
306 1 1791469168 RESP_END
306 1 1790397052 REWARD_END
307 0 1793352544 STIM_START
307 0 1794352664 STIM_END_RESP_START
307 0 1795552684 RESP_END
308 1 1797494096 STIM_START
308 1 1798375092 LICK
308 1 1798494180 STIM_END_RESP_START
308 1 1798607568 LICK
308 1 1798608108 REWARD_START
308 1 1798791604 LICK
308 1 1798966852 LICK
308 1 1799126196 LICK
308 1 1799694204 RESP_END
308 1 1798618672 REWARD_END
309 0 1801702664 STIM_START
309 0 1802702780 STIM_END_RESP_START
309 0 1802767772 LICK
309 0 1802768304 TIMEOUT_START
309 0 1802955352 LICK
309 0 1802955888 TIMEOUT_START
309 0 1803902792 RESP_END
309 0 1809956452 TIMEOUT_END
310 1 1812044072 STIM_START
310 1 1812933456 LICK
310 1 1813044168 STIM_END_RESP_START
310 1 1813143452 LICK
310 1 1813143988 REWARD_START
310 1 1813358848 LICK
310 1 1813552824 LICK
310 1 1813873348 LICK
310 1 1814057712 LICK
310 1 1814244204 RESP_END
310 1 1813154556 REWARD_END
311 0 1816246588 STIM_START
311 0 1817246704 STIM_END_RESP_START
311 0 1818446724 RESP_END
312 1 1820590144 STIM_START
312 1 1821590260 STIM_END_RESP_START
312 1 1821766516 LICK
312 1 1821767056 REWARD_START
312 1 1821938060 LICK
312 1 1822121060 LICK
312 1 1822289960 LICK
312 1 1822527304 LICK
312 1 1822688640 LICK
312 1 1822790272 RESP_END
312 1 1821777624 REWARD_END
313 0 1825017728 STIM_START
313 0 1826017848 STIM_END_RESP_START
313 0 1827217868 RESP_END
314 0 1830695508 STIM_START
314 0 1831596384 LICK
314 0 1831695604 STIM_END_RESP_START
314 0 1831873000 LICK
314 0 1831873532 TIMEOUT_START
314 0 1832380608 LICK
314 0 1832381144 TIMEOUT_START
314 0 1832895648 RESP_END
314 0 1839381708 TIMEOUT_END
315 1 1841553928 STIM_START
315 1 1842554008 STIM_END_RESP_START
315 1 1842768020 LICK
315 1 1842768552 REWARD_START
315 1 1842971196 LICK
315 1 1843270944 LICK
315 1 1843746488 LICK
315 1 1843754044 RESP_END
315 1 1842779144 REWARD_END
316 1 1845925500 STIM_START
316 1 1846925588 STIM_END_RESP_START
316 1 1848125604 RESP_END
317 0 1850262076 STIM_START
317 0 1851101212 LICK
317 0 1851262172 STIM_END_RESP_START
317 0 1851656864 LICK
317 0 1851657400 TIMEOUT_START
317 0 1851838076 LICK
317 0 1851838616 TIMEOUT_START
317 0 1852084248 LICK
317 0 1852084780 TIMEOUT_START
317 0 1852462208 RESP_END
317 0 1859085348 TIMEOUT_END
318 0 1861074512 STIM_START
318 0 1861184824 LICK
318 0 1861296032 LICK
318 0 1861395148 LICK
318 0 1862074616 STIM_END_RESP_START
318 0 1862415384 LICK
318 0 1862415916 TIMEOUT_START
318 0 1862531464 LICK
318 0 1862531996 TIMEOUT_START
318 0 1862686312 LICK
318 0 1862686852 TIMEOUT_START
318 0 1863113400 LICK
318 0 1863113940 TIMEOUT_START
318 0 1863264476 LICK
318 0 1863265008 TIMEOUT_START
318 0 1863274656 RESP_END
318 0 1870265580 TIMEOUT_END
319 0 1872366988 STIM_START
319 0 1873367076 STIM_END_RESP_START
319 0 1874567088 RESP_END
320 1 1877793708 STIM_START
320 1 1878793828 STIM_END_RESP_START
320 1 1879993852 RESP_END
321 0 1882054284 STIM_START
321 0 1882878916 LICK
321 0 1883054400 STIM_END_RESP_START
321 0 1883137988 LICK
321 0 1883138528 TIMEOUT_START
321 0 1883348240 LICK
321 0 1883348776 TIMEOUT_START
321 0 1883623220 LICK
321 0 1883623760 TIMEOUT_START
321 0 1884254440 RESP_END
321 0 1890624324 TIMEOUT_END
322 0 1892827672 STIM_START
322 0 1893827792 STIM_END_RESP_START
322 0 1895027816 RESP_END
323 0 1896876220 STIM_START
323 0 1897876336 STIM_END_RESP_START
323 0 1899076356 RESP_END
324 1 1901133832 STIM_START
324 1 1902133948 STIM_END_RESP_START
324 1 1902472928 LICK
324 1 1902473468 REWARD_START
324 1 1902707844 LICK
324 1 1902910748 LICK
324 1 1903182556 LICK
324 1 1903333996 RESP_END
324 1 1902484036 REWARD_END
325 0 1905458388 STIM_START
325 0 1906458504 STIM_END_RESP_START
325 0 1907658524 RESP_END
326 1 1909877928 STIM_START
326 1 1910878044 STIM_END_RESP_START
326 1 1911097888 LICK
326 1 1911098428 REWARD_START
326 1 1911381508 LICK
326 1 1911560716 LICK
326 1 1912078084 RESP_END
326 1 1911108996 REWARD_END
327 1 1914023496 STIM_START
327 1 1915023580 STIM_END_RESP_START
327 1 1916042120 LICK
327 1 1916042660 REWARD_START
327 1 1916213600 LICK
327 1 1916223608 RESP_END
327 1 1916053228 REWARD_END
328 1 1918627092 STIM_START
328 1 1919627180 STIM_END_RESP_START
328 1 1920827200 RESP_END
329 0 1922881676 STIM_START
329 0 1923881788 STIM_END_RESP_START
329 0 1924099648 LICK
329 0 1924100188 TIMEOUT_START
329 0 1924364396 LICK
329 0 1924364928 TIMEOUT_START
329 0 1925081820 RESP_END
329 0 1931365488 TIMEOUT_END
330 1 1933368052 STIM_START
330 1 1934368172 STIM_END_RESP_START
330 1 1935427768 LICK
330 1 1935428304 REWARD_START
330 1 1935568204 RESP_END
330 1 1935438892 REWARD_END
331 1 1938115672 STIM_START
331 1 1939115788 STIM_END_RESP_START
331 1 1940315808 RESP_END
332 0 1942433264 STIM_START
332 0 1943433344 STIM_END_RESP_START
332 0 1944633368 RESP_END
333 1 1946506776 STIM_START
333 1 1947506896 STIM_END_RESP_START
333 1 1948706916 RESP_END
334 1 1950798348 STIM_START
334 1 1951798472 STIM_END_RESP_START
334 1 1952998492 RESP_END
335 1 1955105916 STIM_START
335 1 1956106032 STIM_END_RESP_START
335 1 1957306052 RESP_END
336 0 1959062452 STIM_START
336 0 1960062572 STIM_END_RESP_START
336 0 1961262592 RESP_END
USER_EXIT