001 1 0011805040 STIM_START
001 1 0012392348 LICK
001 1 0012683336 LICK
001 1 0012804368 STIM_END_RESP_START
001 1 0013704552 LICK
001 1 0013704956 REWARD_START
001 1 0013963236 LICK
001 1 0014004408 RESP_END
001 1 0013725400 REWARD_END
002 0 0022520848 STIM_START
002 0 0023520152 STIM_END_RESP_START
002 0 0024720180 RESP_END
003 0 0026936888 STIM_START
003 0 0027936180 STIM_END_RESP_START
003 0 0029136208 RESP_END
004 0 0031536808 STIM_START
004 0 0031845052 LICK
004 0 0032094564 LICK
004 0 0032300384 LICK
004 0 0032467732 LICK
004 0 0032536136 STIM_END_RESP_START
004 0 0033736168 RESP_END
005 1 0036179740 STIM_START
005 1 0037179036 STIM_END_RESP_START
005 1 0038379064 RESP_END
006 1 0040704716 STIM_START
006 1 0041704012 STIM_END_RESP_START
006 1 0041743184 LICK
006 1 0041743596 REWARD_START
006 1 0042298464 LICK
006 1 0042798512 LICK
006 1 0042904036 RESP_END
006 1 0041764044 REWARD_END
007 0 0045046780 STIM_START
007 0 0045969728 LICK
007 0 0046046092 STIM_END_RESP_START
007 0 0046132936 LICK
007 0 0046133348 TIMEOUT_START
007 0 0046357396 LICK
007 0 0046357808 TIMEOUT_START
007 0 0047246132 RESP_END
007 0 0053358236 TIMEOUT_END
008 1 0055474808 STIM_START
008 1 0056474104 STIM_END_RESP_START
008 1 0056719664 LICK
008 1 0056720072 REWARD_START
008 1 0056963368 LICK
008 1 0057255828 LICK
008 1 0057618996 LICK
008 1 0057674140 RESP_END
008 1 0056740516 REWARD_END
009 1 0060192652 STIM_START
009 1 0061191944 STIM_END_RESP_START
009 1 0062391964 RESP_END
010 0 0064827552 STIM_START
010 0 0065826848 STIM_END_RESP_START
010 0 0067026868 RESP_END
011 0 0069508412 STIM_START
011 0 0070507744 STIM_END_RESP_START
011 0 0071707772 RESP_END
012 0 0073888516 STIM_START
012 0 0074887812 STIM_END_RESP_START
012 0 0076087840 RESP_END
013 1 0078418464 STIM_START
013 1 0079417764 STIM_END_RESP_START
013 1 0080617792 RESP_END
014 1 0083051372 STIM_START
014 1 0084050668 STIM_END_RESP_START
014 1 0084124704 LICK
014 1 0084125112 REWARD_START
014 1 0084372252 LICK
014 1 0084671228 LICK
014 1 0084847100 LICK
014 1 0085017260 LICK
014 1 0085180840 LICK
014 1 0085250708 RESP_END
014 1 0084145560 REWARD_END
015 1 0087592356 STIM_START
015 1 0088591652 STIM_END_RESP_START
015 1 0089791684 RESP_END
016 0 0092178248 STIM_START
016 0 0093177544 STIM_END_RESP_START
016 0 0094377576 RESP_END
017 1 0096945052 STIM_START
017 1 0097944352 STIM_END_RESP_START
017 1 0099144380 RESP_END
018 1 0101674892 STIM_START
018 1 0102413416 LICK
018 1 0102591416 LICK
018 1 0102674188 STIM_END_RESP_START
018 1 0102801124 LICK
018 1 0102801580 REWARD_START
018 1 0103300924 LICK
018 1 0103484196 LICK
018 1 0103633132 LICK
018 1 0103874232 RESP_END
018 1 0102822068 REWARD_END
019 0 0106233848 STIM_START
019 0 0107233160 STIM_END_RESP_START
019 0 0108433208 RESP_END
020 1 0110880764 STIM_START
020 1 0111880076 STIM_END_RESP_START
020 1 0112435708 LICK
020 1 0112436160 REWARD_START
020 1 0112938732 LICK
020 1 0113080100 RESP_END
020 1 0112456648 REWARD_END
021 0 0115573644 STIM_START
021 0 0116572956 STIM_END_RESP_START
021 0 0117772968 RESP_END
022 1 0120375476 STIM_START
022 1 0121374808 STIM_END_RESP_START
022 1 0121381440 LICK
022 1 0121381900 REWARD_START
022 1 0121527044 LICK
022 1 0121853144 LICK
022 1 0122180544 LICK
022 1 0122574824 RESP_END
022 1 0121402388 REWARD_END
023 1 0124838432 STIM_START
023 1 0125837744 STIM_END_RESP_START
023 1 0126089376 LICK
023 1 0126089828 REWARD_START
023 1 0126281332 LICK
023 1 0126583880 LICK
023 1 0126746992 LICK
023 1 0126901320 LICK
023 1 0127037764 RESP_END
023 1 0126110316 REWARD_END
024 1 0131639904 STIM_START
024 1 0132639224 STIM_END_RESP_START
024 1 0132758972 LICK
024 1 0132759428 REWARD_START
024 1 0132972420 LICK
024 1 0133176396 LICK
024 1 0133309196 LICK
024 1 0133839268 RESP_END
024 1 0132779916 REWARD_END
025 0 0136443656 STIM_START
025 0 0137442968 STIM_END_RESP_START
025 0 0138643016 RESP_END
026 1 0140879748 STIM_START
026 1 0141879052 STIM_END_RESP_START
026 1 0142131088 LICK
026 1 0142131548 REWARD_START
026 1 0142331516 LICK
026 1 0142489244 LICK
026 1 0142622604 LICK
026 1 0142778012 LICK
026 1 0142976248 LICK
026 1 0143079068 RESP_END
026 1 0142152036 REWARD_END
027 0 0147739116 STIM_START
027 0 0148738428 STIM_END_RESP_START
027 0 0149938476 RESP_END
028 1 0152118216 STIM_START
028 1 0153117532 STIM_END_RESP_START
028 1 0153205516 LICK
028 1 0153205976 REWARD_START
028 1 0153376248 LICK
028 1 0153670112 LICK
028 1 0153999108 LICK
028 1 0154317544 RESP_END
028 1 0153226464 REWARD_END
029 1 0156760108 STIM_START
029 1 0157759412 STIM_END_RESP_START
029 1 0158180036 LICK
029 1 0158180492 REWARD_START
029 1 0158341708 LICK
029 1 0158494608 LICK
029 1 0158634380 LICK
029 1 0158959432 RESP_END
029 1 0158200984 REWARD_END
030 0 0161551912 STIM_START
030 0 0162551220 STIM_END_RESP_START
030 0 0162703864 LICK
030 0 0162704316 TIMEOUT_START
030 0 0162914196 LICK
030 0 0162914656 TIMEOUT_START
030 0 0163073752 LICK
030 0 0163074212 TIMEOUT_START
030 0 0163275720 LICK
030 0 0163276176 TIMEOUT_START
030 0 0163445164 LICK
030 0 0163445616 TIMEOUT_START
030 0 0163684356 LICK
030 0 0163684812 TIMEOUT_START
030 0 0163751264 RESP_END
030 0 0170685284 TIMEOUT_END
031 1 0173169116 STIM_START
031 1 0174168428 STIM_END_RESP_START
031 1 0174560652 LICK
031 1 0174561104 REWARD_START
031 1 0174701060 LICK
031 1 0174889712 LICK
031 1 0175368448 RESP_END
031 1 0174581592 REWARD_END
032 1 0177898956 STIM_START
032 1 0178898272 STIM_END_RESP_START
032 1 0179186836 LICK
032 1 0179187292 REWARD_START
032 1 0179386416 LICK
032 1 0179519040 LICK
032 1 0180029036 LICK
032 1 0180098308 RESP_END
032 1 0179207784 REWARD_END
033 0 0182650788 STIM_START
033 0 0183650104 STIM_END_RESP_START
033 0 0184850148 RESP_END
034 0 0187386612 STIM_START
034 0 0188385928 STIM_END_RESP_START
034 0 0189585940 RESP_END
035 1 0192260384 STIM_START
035 1 0193259680 STIM_END_RESP_START
035 1 0193410276 LICK
035 1 0193410728 REWARD_START
035 1 0193616036 LICK
035 1 0193887928 LICK
035 1 0194062788 LICK
035 1 0194459720 RESP_END
035 1 0193431216 REWARD_END
036 1 0197052152 STIM_START
036 1 0197955100 LICK
036 1 0198051480 STIM_END_RESP_START
036 1 0198157908 LICK
036 1 0198158368 REWARD_START
036 1 0198359888 LICK
036 1 0198639256 LICK
036 1 0198980860 LICK
036 1 0199251500 RESP_END
036 1 0198178856 REWARD_END
037 1 0201490208 STIM_START
037 1 0202199784 LICK
037 1 0202397344 LICK
037 1 0202489520 STIM_END_RESP_START
037 1 0202566776 LICK
037 1 0202567228 REWARD_START
037 1 0202756088 LICK
037 1 0203072632 LICK
037 1 0203408608 LICK
037 1 0203689564 RESP_END
037 1 0202587716 REWARD_END
038 0 0208988168 STIM_START
038 0 0209987472 STIM_END_RESP_START
038 0 0211187516 RESP_END
039 0 0213590108 STIM_START
039 0 0214589412 STIM_END_RESP_START
039 0 0215789428 RESP_END
040 1 0218038156 STIM_START
040 1 0219037468 STIM_END_RESP_START
040 1 0220237480 RESP_END
041 1 0222817964 STIM_START
041 1 0223197492 LICK
041 1 0223785544 LICK
041 1 0223817280 STIM_END_RESP_START
041 1 0223995644 LICK
041 1 0223996108 REWARD_START
041 1 0224150660 LICK
041 1 0224305472 LICK
041 1 0224454068 LICK
041 1 0224603104 LICK
041 1 0225017312 RESP_END
041 1 0224016600 REWARD_END
042 1 0227570772 STIM_START
042 1 0228384976 LICK
042 1 0228570072 STIM_END_RESP_START
042 1 0228586732 LICK
042 1 0228587188 REWARD_START
042 1 0228773828 LICK
042 1 0229062024 LICK
042 1 0229227748 LICK
042 1 0229770092 RESP_END
042 1 0228607680 REWARD_END
043 0 0232041800 STIM_START
043 0 0232570220 LICK
043 0 0232695456 LICK
043 0 0233041100 STIM_END_RESP_START
043 0 0233263640 LICK
043 0 0233264092 TIMEOUT_START
043 0 0234018896 LICK
043 0 0234019348 TIMEOUT_START
043 0 0234241144 RESP_END
043 0 0241019816 TIMEOUT_END
044 0 0243419196 STIM_START
044 0 0244418504 STIM_END_RESP_START
044 0 0245618516 RESP_END
045 1 0248037136 STIM_START
045 1 0249036448 STIM_END_RESP_START
045 1 0249155176 LICK
045 1 0249155636 REWARD_START
045 1 0249328776 LICK
045 1 0249625004 LICK
045 1 0249801820 LICK
045 1 0249941136 LICK
045 1 0250236472 RESP_END
045 1 0249176128 REWARD_END
046 1 0252603036 STIM_START
046 1 0253111832 LICK
046 1 0253327224 LICK
046 1 0253505892 LICK
046 1 0253602344 STIM_END_RESP_START
046 1 0253854376 LICK
046 1 0253854836 REWARD_START
046 1 0254084668 LICK
046 1 0254364972 LICK
046 1 0254524744 LICK
046 1 0254802376 RESP_END
046 1 0253875328 REWARD_END
047 0 0257539748 STIM_START
047 0 0258539060 STIM_END_RESP_START
047 0 0259739072 RESP_END
048 0 0262208644 STIM_START
048 0 0263207952 STIM_END_RESP_START
048 0 0264407992 RESP_END
049 0 0266964476 STIM_START
049 0 0267963788 STIM_END_RESP_START
049 0 0269163800 RESP_END
050 1 0271448584 STIM_START
050 1 0272447896 STIM_END_RESP_START
050 1 0272499368 LICK
050 1 0272499828 REWARD_START
050 1 0272683536 LICK
050 1 0273576988 LICK
050 1 0273647924 RESP_END
050 1 0272520316 REWARD_END
051 1 0275944472 STIM_START
051 1 0276864964 LICK
051 1 0276943800 STIM_END_RESP_START
051 1 0277004648 LICK
051 1 0277005100 REWARD_START
051 1 0277197480 LICK
051 1 0277541744 LICK
051 1 0278143844 RESP_END
051 1 0277025588 REWARD_END
052 1 0280278576 STIM_START
052 1 0281160552 LICK
052 1 0281277876 STIM_END_RESP_START
052 1 0281900296 LICK
052 1 0281900752 REWARD_START
052 1 0282049880 LICK
052 1 0282224016 LICK
052 1 0282378980 LICK
052 1 0282477900 RESP_END
052 1 0281921240 REWARD_END
053 0 0285353196 STIM_START
053 0 0286352512 STIM_END_RESP_START
053 0 0287552560 RESP_END
054 1 0289881144 STIM_START
054 1 0290880452 STIM_END_RESP_START
054 1 0291010020 LICK
054 1 0291010476 REWARD_START
054 1 0291187076 LICK
054 1 0291602956 LICK
054 1 0291750968 LICK
054 1 0292080480 RESP_END
054 1 0291030964 REWARD_END
055 1 0294277244 STIM_START
055 1 0294362468 LICK
055 1 0294513956 LICK
055 1 0295104064 LICK
055 1 0295276540 STIM_END_RESP_START
055 1 0295504684 LICK
055 1 0295505144 REWARD_START
055 1 0295751224 LICK
055 1 0296077148 LICK
055 1 0296229240 LICK
055 1 0296476564 RESP_END
055 1 0295525632 REWARD_END
056 1 0299314820 STIM_START
056 1 0300314132 STIM_END_RESP_START
056 1 0301514148 RESP_END
057 0 0304047680 STIM_START
057 0 0305046992 STIM_END_RESP_START
057 0 0306247008 RESP_END
058 1 0308796552 STIM_START
058 1 0309795868 STIM_END_RESP_START
058 1 0310476064 LICK
058 1 0310476516 REWARD_START
058 1 0310847136 LICK
058 1 0310995912 RESP_END
058 1 0310497012 REWARD_END
059 1 0313370480 STIM_START
059 1 0314369800 STIM_END_RESP_START
059 1 0314440140 LICK
059 1 0314440592 REWARD_START
059 1 0314654064 LICK
059 1 0314962388 LICK
059 1 0315569832 RESP_END
059 1 0314461084 REWARD_END
060 1 0317736564 STIM_START
060 1 0317914900 LICK
060 1 0318110324 LICK
060 1 0318695628 LICK
060 1 0318735888 STIM_END_RESP_START
060 1 0318953044 LICK
060 1 0318953504 REWARD_START
060 1 0319115712 LICK
060 1 0319247352 LICK
060 1 0319569628 LICK
060 1 0319935916 RESP_END
060 1 0318973996 REWARD_END
061 0 0322492376 STIM_START
061 0 0323491688 STIM_END_RESP_START
061 0 0324691704 RESP_END
062 1 0326995348 STIM_START
062 1 0327696836 LICK
062 1 0327994676 STIM_END_RESP_START
062 1 0328098232 LICK
062 1 0328098680 REWARD_START
062 1 0328245328 LICK
062 1 0328409152 LICK
062 1 0328705780 LICK
062 1 0329194708 RESP_END
062 1 0328119172 REWARD_END
063 1 0331739184 STIM_START
063 1 0332086260 LICK
063 1 0332239284 LICK
063 1 0332453368 LICK
063 1 0332738504 STIM_END_RESP_START
063 1 0332889624 LICK
063 1 0332890076 REWARD_START
063 1 0333579668 LICK
063 1 0333938524 RESP_END
063 1 0332910564 REWARD_END
064 0 0336532008 STIM_START
064 0 0336843704 LICK
064 0 0337007932 LICK
064 0 0337398068 LICK
064 0 0337531312 STIM_END_RESP_START
064 0 0338070624 LICK
064 0 0338071076 TIMEOUT_START
064 0 0338274424 LICK
064 0 0338274876 TIMEOUT_START
064 0 0338478276 LICK
064 0 0338478728 TIMEOUT_START
064 0 0338614412 LICK
064 0 0338614860 TIMEOUT_START
064 0 0338731336 RESP_END
064 0 0345615340 TIMEOUT_END
065 0 0347790488 STIM_START
065 0 0348789796 STIM_END_RESP_START
065 0 0348942060 LICK
065 0 0348942516 TIMEOUT_START
065 0 0349566232 LICK
065 0 0349566688 TIMEOUT_START
065 0 0349989840 RESP_END
065 0 0356567164 TIMEOUT_END
066 1 0359188880 STIM_START
066 1 0360139360 LICK
066 1 0360188196 STIM_END_RESP_START
066 1 0360614352 LICK
066 1 0360614804 REWARD_START
066 1 0360771244 LICK
066 1 0360944292 LICK
066 1 0361094536 LICK
066 1 0361254100 LICK
066 1 0361388240 RESP_END
066 1 0360635292 REWARD_END
067 0 0363982668 STIM_START
067 0 0364981992 STIM_END_RESP_START
067 0 0366182004 RESP_END
068 1 0368468680 STIM_START
068 1 0369324652 LICK
068 1 0369467992 STIM_END_RESP_START
068 1 0369486720 LICK
068 1 0369487176 REWARD_START
068 1 0369655256 LICK
068 1 0369944160 LICK
068 1 0370122756 LICK
068 1 0370668028 RESP_END
068 1 0369507668 REWARD_END
069 1 0375643860 STIM_START
069 1 0376643172 STIM_END_RESP_START
069 1 0376656792 LICK
069 1 0376657252 REWARD_START
069 1 0376869712 LICK
069 1 0376996380 LICK
069 1 0377303208 LICK
069 1 0377470008 LICK
069 1 0377843208 RESP_END
069 1 0376677744 REWARD_END
070 0 0380296772 STIM_START
070 0 0381296072 STIM_END_RESP_START
070 0 0381310244 LICK
070 0 0381310696 TIMEOUT_START
070 0 0381847920 LICK
070 0 0381848372 TIMEOUT_START
070 0 0382033120 LICK
070 0 0382033572 TIMEOUT_START
070 0 0382222788 LICK
070 0 0382223240 TIMEOUT_START
070 0 0382496100 RESP_END
070 0 0389223724 TIMEOUT_END
071 1 0391533268 STIM_START
071 1 0392421180 LICK
071 1 0392532564 STIM_END_RESP_START
071 1 0392603204 LICK
071 1 0392603664 REWARD_START
071 1 0392809492 LICK
071 1 0393097924 LICK
071 1 0393229448 LICK
071 1 0393732600 RESP_END
071 1 0392624156 REWARD_END
072 0 0395892356 STIM_START
072 0 0395938852 LICK
072 0 0396104712 LICK
072 0 0396891660 STIM_END_RESP_START
072 0 0397047556 LICK
072 0 0397048016 TIMEOUT_START
072 0 0397233792 LICK
072 0 0397234252 TIMEOUT_START
072 0 0398091684 RESP_END
072 0 0404234720 TIMEOUT_END
073 0 0406754080 STIM_START
073 0 0407753392 STIM_END_RESP_START
073 0 0408953408 RESP_END
074 0 0411393992 STIM_START
074 0 0412393304 STIM_END_RESP_START
074 0 0413593316 RESP_END
075 1 0416151796 STIM_START
075 1 0417129436 LICK
075 1 0417151104 STIM_END_RESP_START
075 1 0417322176 LICK
075 1 0417322632 REWARD_START
075 1 0417486152 LICK
075 1 0417651300 LICK
075 1 0417795208 LICK
075 1 0417921716 LICK
075 1 0418351132 RESP_END
075 1 0417343120 REWARD_END
076 1 0420698800 STIM_START
076 1 0421512772 LICK
076 1 0421698120 STIM_END_RESP_START
076 1 0422050040 LICK
076 1 0422050492 REWARD_START
076 1 0422317424 LICK
076 1 0422772508 LICK
076 1 0422898168 RESP_END
076 1 0422070984 REWARD_END
077 0 0425493632 STIM_START
077 0 0426492944 STIM_END_RESP_START
077 0 0427692984 RESP_END
078 1 0429947612 STIM_START
078 1 0430783676 LICK
078 1 0430946932 STIM_END_RESP_START
078 1 0430953460 LICK
078 1 0430953920 REWARD_START
078 1 0431259680 LICK
078 1 0431401228 LICK
078 1 0431516772 LICK
078 1 0432146964 RESP_END
078 1 0430974412 REWARD_END
079 0 0434509580 STIM_START
079 0 0435508892 STIM_END_RESP_START
079 0 0436708936 RESP_END
080 1 0439113484 STIM_START
080 1 0439995184 LICK
080 1 0440112808 STIM_END_RESP_START
080 1 0440174936 LICK
080 1 0440175392 REWARD_START
080 1 0440328260 LICK
080 1 0440525616 LICK
080 1 0440663680 LICK
080 1 0440826568 LICK
080 1 0441312836 RESP_END
080 1 0440195884 REWARD_END
081 1 0443581512 STIM_START
081 1 0444547108 LICK
081 1 0444580832 STIM_END_RESP_START
081 1 0444739856 LICK
081 1 0444740308 REWARD_START
081 1 0445046752 LICK
081 1 0445204864 LICK
081 1 0445500408 LICK
081 1 0445780864 RESP_END
081 1 0444760800 REWARD_END
082 0 0448280432 STIM_START
082 0 0449279744 STIM_END_RESP_START
082 0 0450479760 RESP_END
083 1 0452909348 STIM_START
083 1 0453838324 LICK
083 1 0453908644 STIM_END_RESP_START
083 1 0454171400 LICK
083 1 0454171860 REWARD_START
083 1 0454349700 LICK
083 1 0454492640 LICK
083 1 0454753228 LICK
083 1 0455108664 RESP_END
083 1 0454192348 REWARD_END
084 1 0459004208 STIM_START
084 1 0460003500 STIM_END_RESP_START
084 1 0460024064 LICK
084 1 0460024516 REWARD_START
084 1 0460159456 LICK
084 1 0460346868 LICK
084 1 0460472388 LICK
084 1 0460797556 LICK
084 1 0461203540 RESP_END
084 1 0460045008 REWARD_END
085 0 0463428276 STIM_START
085 0 0463457020 LICK
085 0 0463625060 LICK
085 0 0464342024 LICK
085 0 0464427572 STIM_END_RESP_START
085 0 0464537852 LICK
085 0 0464538300 TIMEOUT_START
085 0 0464714364 LICK
085 0 0464714824 TIMEOUT_START
085 0 0465627588 RESP_END
085 0 0471715292 TIMEOUT_END
086 1 0474069140 STIM_START
086 1 0475068456 STIM_END_RESP_START
086 1 0476268500 RESP_END
087 1 0478741016 STIM_START
087 1 0479740328 STIM_END_RESP_START
087 1 0480940344 RESP_END
088 0 0483253072 STIM_START
088 0 0484252384 STIM_END_RESP_START
088 0 0485452432 RESP_END
089 0 0487849972 STIM_START
089 0 0488849288 STIM_END_RESP_START
089 0 0490049304 RESP_END
090 0 0492500864 STIM_START
090 0 0493500176 STIM_END_RESP_START
090 0 0494700224 RESP_END
091 1 0496964840 STIM_START
091 1 0497964152 STIM_END_RESP_START
091 1 0498222860 LICK
091 1 0498223320 REWARD_START
091 1 0498684344 LICK
091 1 0498817484 LICK
091 1 0498980424 LICK
091 1 0499164204 RESP_END
091 1 0498243812 REWARD_END
092 0 0501501848 STIM_START
092 0 0502501164 STIM_END_RESP_START
092 0 0503701176 RESP_END
093 1 0506395568 STIM_START
093 1 0507342444 LICK
093 1 0507394900 STIM_END_RESP_START
093 1 0507513256 LICK
093 1 0507513712 REWARD_START
093 1 0507698352 LICK
093 1 0507977748 LICK
093 1 0508161116 LICK
093 1 0508270480 LICK
093 1 0508594936 RESP_END
093 1 0507534204 REWARD_END
094 1 0510886560 STIM_START
094 1 0511787400 LICK
094 1 0511885868 STIM_END_RESP_START
094 1 0511957936 LICK
094 1 0511958400 REWARD_START
094 1 0512141444 LICK
094 1 0512278700 LICK
094 1 0512562112 LICK
094 1 0513085900 RESP_END
094 1 0511978896 REWARD_END
095 0 0515512504 STIM_START
095 0 0515955976 LICK
095 0 0516180176 LICK
095 0 0516338324 LICK
095 0 0516511812 STIM_END_RESP_START
095 0 0517711844 RESP_END
096 0 0519800620 STIM_START
096 0 0520799944 STIM_END_RESP_START
096 0 0521999960 RESP_END
097 1 0524479548 STIM_START
097 1 0525478856 STIM_END_RESP_START
097 1 0526678900 RESP_END
098 0 0528977496 STIM_START
098 0 0529976804 STIM_END_RESP_START
098 0 0530116704 LICK
098 0 0530117156 TIMEOUT_START
098 0 0530310572 LICK
098 0 0530311024 TIMEOUT_START
098 0 0530457836 LICK
098 0 0530458288 TIMEOUT_START
098 0 0531176844 RESP_END
098 0 0537458764 TIMEOUT_END
099 1 0539889192 STIM_START
099 1 0540888504 STIM_END_RESP_START
099 1 0541146156 LICK
099 1 0541146608 REWARD_START
099 1 0541314428 LICK
099 1 0541587376 LICK
099 1 0541729148 LICK
099 1 0542088524 RESP_END
099 1 0541167096 REWARD_END
100 0 0544496152 STIM_START
100 0 0545495464 STIM_END_RESP_START
100 0 0546695476 RESP_END
101 0 0549201024 STIM_START
101 0 0550200336 STIM_END_RESP_START
101 0 0551400340 RESP_END
102 1 0553974828 STIM_START
102 1 0554888764 LICK
102 1 0554974140 STIM_END_RESP_START
102 1 0555083676 LICK
102 1 0555084140 REWARD_START
102 1 0555527568 LICK
102 1 0555820028 LICK
102 1 0556174184 RESP_END
102 1 0555104632 REWARD_END
103 0 0558382916 STIM_START
103 0 0559382232 STIM_END_RESP_START
103 0 0560582244 RESP_END
104 0 0562755956 STIM_START
104 0 0563755280 STIM_END_RESP_START
104 0 0563812164 LICK
104 0 0563812620 TIMEOUT_START
104 0 0563985864 LICK
104 0 0563986316 TIMEOUT_START
104 0 0564162996 LICK
104 0 0564163448 TIMEOUT_START
104 0 0564533012 LICK
104 0 0564533468 TIMEOUT_START
104 0 0564702608 LICK
104 0 0564703060 TIMEOUT_START
104 0 0564914772 LICK
104 0 0564915232 TIMEOUT_START
104 0 0564955316 RESP_END
104 0 0571915700 TIMEOUT_END
105 1 0574382176 STIM_START
105 1 0575381492 STIM_END_RESP_START
105 1 0575890128 LICK
105 1 0575890592 REWARD_START
105 1 0576135400 LICK
105 1 0576405592 LICK
105 1 0576565228 LICK
105 1 0576581504 RESP_END
105 1 0575911084 REWARD_END
106 0 0578652316 STIM_START
106 0 0579651636 STIM_END_RESP_START
106 0 0580851676 RESP_END
107 0 0582947480 STIM_START
107 0 0583946792 STIM_END_RESP_START
107 0 0585146808 RESP_END
108 0 0587371500 STIM_START
108 0 0588370812 STIM_END_RESP_START
108 0 0589570828 RESP_END
109 1 0591810564 STIM_START
109 1 0592713460 LICK
109 1 0592809856 STIM_END_RESP_START
109 1 0593049956 LICK
109 1 0593050412 REWARD_START
109 1 0593548748 LICK
109 1 0593709032 LICK
109 1 0594009872 RESP_END
109 1 0593070900 REWARD_END
110 0 0596414444 STIM_START
110 0 0597413756 STIM_END_RESP_START
110 0 0598613772 RESP_END
111 0 0600886508 STIM_START
111 0 0601885820 STIM_END_RESP_START
111 0 0603085868 RESP_END
112 0 0605220612 STIM_START
112 0 0606219928 STIM_END_RESP_START
112 0 0607419940 RESP_END
113 1 0609877504 STIM_START
113 1 0610876816 STIM_END_RESP_START
113 1 0611020164 LICK
113 1 0611020620 REWARD_START
113 1 0611242224 LICK
113 1 0611366524 LICK
113 1 0611496600 LICK
113 1 0611643948 LICK
113 1 0612076840 RESP_END
113 1 0611041112 REWARD_END
114 0 0614453432 STIM_START
114 0 0615452744 STIM_END_RESP_START
114 0 0616652788 RESP_END
115 1 0618928464 STIM_START
115 1 0619927780 STIM_END_RESP_START
115 1 0620373336 LICK
115 1 0620373788 REWARD_START
115 1 0620565308 LICK
115 1 0620852816 LICK
115 1 0621006928 LICK
115 1 0621127808 RESP_END
115 1 0620394280 REWARD_END
116 1 0623727228 STIM_START
116 1 0624626796 LICK
116 1 0624726524 STIM_END_RESP_START
116 1 0625063480 LICK
116 1 0625063944 REWARD_START
116 1 0625230828 LICK
116 1 0625510164 LICK
116 1 0625675676 LICK
116 1 0625926564 RESP_END
116 1 0625084432 REWARD_END
117 0 0628075360 STIM_START
117 0 0629074672 STIM_END_RESP_START
117 0 0630274688 RESP_END
118 0 0632530388 STIM_START
118 0 0633529700 STIM_END_RESP_START
118 0 0634729716 RESP_END
119 0 0636999432 STIM_START
119 0 0637998744 STIM_END_RESP_START
119 0 0639198760 RESP_END
120 1 0641362536 STIM_START
120 1 0642361848 STIM_END_RESP_START
120 1 0642713632 LICK
120 1 0642714084 REWARD_START
120 1 0643041556 LICK
120 1 0643561892 RESP_END
120 1 0642734572 REWARD_END
121 1 0645985412 STIM_START
121 1 0646984744 STIM_END_RESP_START
121 1 0647026836 LICK
121 1 0647027292 REWARD_START
121 1 0647184916 LICK
121 1 0647377072 LICK
121 1 0647505776 LICK
121 1 0648184792 RESP_END
121 1 0647047784 REWARD_END
122 1 0653995044 STIM_START
122 1 0654851256 LICK
122 1 0654994344 STIM_END_RESP_START
122 1 0655060576 LICK
122 1 0655061036 REWARD_START
122 1 0655393352 LICK
122 1 0655534560 LICK
122 1 0656194360 RESP_END
122 1 0655081532 REWARD_END
123 0 0658512056 STIM_START
123 0 0659511368 STIM_END_RESP_START
123 0 0660711408 RESP_END
124 0 0662968056 STIM_START
124 0 0663182312 LICK
124 0 0663336588 LICK
124 0 0663505736 LICK
124 0 0663648496 LICK
124 0 0663967360 STIM_END_RESP_START
124 0 0665167408 RESP_END
125 1 0667619972 STIM_START
125 1 0668550696 LICK
125 1 0668619300 STIM_END_RESP_START
125 1 0668923268 LICK
125 1 0668923720 REWARD_START
125 1 0669086976 LICK
125 1 0669819328 RESP_END
125 1 0668944208 REWARD_END
126 0 0672313844 STIM_START
126 0 0673313156 STIM_END_RESP_START
126 0 0674513168 RESP_END
127 1 0676738920 STIM_START
127 1 0677738232 STIM_END_RESP_START
127 1 0677760724 LICK
127 1 0677761184 REWARD_START
127 1 0678134492 LICK
127 1 0678938264 RESP_END
127 1 0677781672 REWARD_END
128 0 0681345780 STIM_START
128 0 0682345092 STIM_END_RESP_START
128 0 0683545104 RESP_END
129 0 0687444708 STIM_START
129 0 0688444020 STIM_END_RESP_START
129 0 0689644068 RESP_END
130 0 0691960736 STIM_START
130 0 0692960052 STIM_END_RESP_START
130 0 0694160064 RESP_END
131 1 0696253880 STIM_START
131 1 0697253192 STIM_END_RESP_START
131 1 0698453208 RESP_END
132 1 0700961732 STIM_START
132 1 0701961048 STIM_END_RESP_START
132 1 0702032312 LICK
132 1 0702032768 REWARD_START
132 1 0702240988 LICK
132 1 0702515684 LICK
132 1 0702655176 LICK
132 1 0703161080 RESP_END
132 1 0702053260 REWARD_END
133 1 0705251868 STIM_START
133 1 0706251180 STIM_END_RESP_START
133 1 0707451196 RESP_END
134 0 0709786828 STIM_START
134 0 0710786140 STIM_END_RESP_START
134 0 0711986192 RESP_END
135 1 0714385772 STIM_START
135 1 0715385084 STIM_END_RESP_START
135 1 0715502780 LICK
135 1 0715503236 REWARD_START
135 1 0715665336 LICK
135 1 0716091152 LICK
135 1 0716585116 RESP_END
135 1 0715523728 REWARD_END
136 1 0719037632 STIM_START
136 1 0720036948 STIM_END_RESP_START
136 1 0721236988 RESP_END
137 1 0723678572 STIM_START
137 1 0724593028 LICK
137 1 0724677880 STIM_END_RESP_START
137 1 0724753308 LICK
137 1 0724753768 REWARD_START
137 1 0724917840 LICK
137 1 0725205260 LICK
137 1 0725352116 LICK
137 1 0725877904 RESP_END
137 1 0724774260 REWARD_END
138 0 0728069628 STIM_START
138 0 0729068940 STIM_END_RESP_START
138 0 0729177292 LICK
138 0 0729177748 TIMEOUT_START
138 0 0729382236 LICK
138 0 0729382692 TIMEOUT_START
138 0 0729775112 LICK
138 0 0729775564 TIMEOUT_START
138 0 0729969432 LICK
138 0 0729969892 TIMEOUT_START
138 0 0730112216 LICK
138 0 0730112668 TIMEOUT_START
138 0 0730268984 RESP_END
138 0 0737113152 TIMEOUT_END
139 0 0739470040 STIM_START
139 0 0740469368 STIM_END_RESP_START
139 0 0740566248 LICK
139 0 0740566696 TIMEOUT_START
139 0 0740941644 LICK
139 0 0740942104 TIMEOUT_START
139 0 0741350800 LICK
139 0 0741351252 TIMEOUT_START
139 0 0741547292 LICK
139 0 0741547748 TIMEOUT_START
139 0 0741669416 RESP_END
139 0 0748548228 TIMEOUT_END
140 1 0751038312 STIM_START
140 1 0752037632 STIM_END_RESP_START
140 1 0752146884 LICK
140 1 0752147336 REWARD_START
140 1 0752336440 LICK
140 1 0752631832 LICK
140 1 0753237676 RESP_END
140 1 0752167828 REWARD_END
141 0 0755636252 STIM_START
141 0 0756635556 STIM_END_RESP_START
141 0 0757835572 RESP_END
142 1 0760114260 STIM_START
142 1 0761079836 LICK
142 1 0761113572 STIM_END_RESP_START
142 1 0761444144 LICK
142 1 0761444608 REWARD_START
142 1 0761903216 LICK
142 1 0762074904 LICK
142 1 0762211784 LICK
142 1 0762313616 RESP_END
142 1 0761465100 REWARD_END
143 1 0764686180 STIM_START
143 1 0765457936 LICK
143 1 0765652260 LICK
143 1 0765685480 STIM_END_RESP_START
143 1 0765829864 LICK
143 1 0765830328 REWARD_START
143 1 0766013252 LICK
143 1 0766456048 LICK
143 1 0766773880 LICK
143 1 0766885520 RESP_END
143 1 0765850820 REWARD_END
144 0 0769541976 STIM_START
144 0 0770541292 STIM_END_RESP_START
144 0 0771741304 RESP_END
145 1 0773940036 STIM_START
145 1 0774834940 LICK
145 1 0774939340 STIM_END_RESP_START
145 1 0774992848 LICK
145 1 0774993308 REWARD_START
145 1 0775190296 LICK
145 1 0775477728 LICK
145 1 0776139372 RESP_END
145 1 0775013800 REWARD_END
146 0 0778487000 STIM_START
146 0 0778884836 LICK
146 0 0779486308 STIM_END_RESP_START
146 0 0780686356 RESP_END
147 1 0782920064 STIM_START
147 1 0783898464 LICK
147 1 0783919360 STIM_END_RESP_START
147 1 0784061092 LICK
147 1 0784061552 REWARD_START
147 1 0784240840 LICK
147 1 0784511152 LICK
147 1 0784648548 LICK
147 1 0785119380 RESP_END
147 1 0784082044 REWARD_END
148 1 0793935692 STIM_START
148 1 0794935008 STIM_END_RESP_START
148 1 0795301476 LICK
148 1 0795301940 REWARD_START
148 1 0795507068 LICK
148 1 0795822224 LICK
148 1 0796135048 RESP_END
148 1 0795322428 REWARD_END
149 0 0798394776 STIM_START
149 0 0799394092 STIM_END_RESP_START
149 0 0800594108 RESP_END
150 0 0802893700 STIM_START
150 0 0803893020 STIM_END_RESP_START
150 0 0804072428 LICK
150 0 0804072888 TIMEOUT_START
150 0 0804412348 LICK
150 0 0804412808 TIMEOUT_START
150 0 0804760276 LICK
150 0 0804760736 TIMEOUT_START
150 0 0804934184 LICK
150 0 0804934636 TIMEOUT_START
150 0 0805093040 RESP_END
150 0 0811935112 TIMEOUT_END
151 0 0814147192 STIM_START
151 0 0815146504 STIM_END_RESP_START
151 0 0816346520 RESP_END
152 1 0818477316 STIM_START
152 1 0819300688 LICK
152 1 0819476620 STIM_END_RESP_START
152 1 0819502976 LICK
152 1 0819503436 REWARD_START
152 1 0819843232 LICK
152 1 0819974056 LICK
152 1 0820106044 LICK
152 1 0820676648 RESP_END
152 1 0819523924 REWARD_END
153 1 0823125212 STIM_START
153 1 0823839128 LICK
153 1 0824027824 LICK
153 1 0824124512 STIM_END_RESP_START
153 1 0824200096 LICK
153 1 0824200552 REWARD_START
153 1 0824373092 LICK
153 1 0824525624 LICK
153 1 0824804420 LICK
153 1 0825324568 RESP_END
153 1 0824221044 REWARD_END
154 0 0827409356 STIM_START
154 0 0828408668 STIM_END_RESP_START
154 0 0829608680 RESP_END
155 0 0831788412 STIM_START
155 0 0832504508 LICK
155 0 0832667716 LICK
155 0 0832787712 STIM_END_RESP_START
155 0 0833026744 LICK
155 0 0833027204 TIMEOUT_START
155 0 0833552816 LICK
155 0 0833553268 TIMEOUT_START
155 0 0833741564 LICK
155 0 0833742024 TIMEOUT_START
155 0 0833921696 LICK
155 0 0833922156 TIMEOUT_START
155 0 0833987732 RESP_END
155 0 0840922636 TIMEOUT_END
156 0 0843160816 STIM_START
156 0 0844160128 STIM_END_RESP_START
156 0 0845360172 RESP_END
157 1 0847604840 STIM_START
157 1 0848604168 STIM_END_RESP_START
157 1 0848648104 LICK
157 1 0848648564 REWARD_START
157 1 0848784088 LICK
157 1 0849241652 LICK
157 1 0849804188 RESP_END
157 1 0848669052 REWARD_END
158 1 0852047940 STIM_START
158 1 0853047268 STIM_END_RESP_START
158 1 0853055580 LICK
158 1 0853056040 REWARD_START
158 1 0853519968 LICK
158 1 0853665524 LICK
158 1 0854247296 RESP_END
158 1 0853076528 REWARD_END
159 1 0856567888 STIM_START
159 1 0857446456 LICK
159 1 0857567188 STIM_END_RESP_START
159 1 0857639660 LICK
159 1 0857640120 REWARD_START
159 1 0857832536 LICK
159 1 0858105296 LICK
159 1 0858767228 RESP_END
159 1 0857660608 REWARD_END
160 0 0860894028 STIM_START
160 0 0861893340 STIM_END_RESP_START
160 0 0862852360 LICK
160 0 0862852812 TIMEOUT_START
160 0 0863093364 RESP_END
160 0 0869853284 TIMEOUT_END
161 1 0872079552 STIM_START
161 1 0873078864 STIM_END_RESP_START
161 1 0874278908 RESP_END
162 0 0876549552 STIM_START
162 0 0877548864 STIM_END_RESP_START
162 0 0878748876 RESP_END
163 0 0881308392 STIM_START
163 0 0882307704 STIM_END_RESP_START
163 0 0883507716 RESP_END
164 0 0885755476 STIM_START
164 0 0886754788 STIM_END_RESP_START
164 0 0887954804 RESP_END
165 1 0890150556 STIM_START
165 1 0891149856 STIM_END_RESP_START
165 1 0891686260 LICK
165 1 0891686712 REWARD_START
165 1 0891893480 LICK
165 1 0892149372 LICK
165 1 0892349900 RESP_END
165 1 0891707204 REWARD_END
166 1 0894884348 STIM_START
166 1 0895756964 LICK
166 1 0895883668 STIM_END_RESP_START
166 1 0895931712 LICK
166 1 0895932168 REWARD_START
166 1 0896255388 LICK
166 1 0896398428 LICK
166 1 0896535376 LICK
166 1 0897083692 RESP_END
166 1 0895952664 REWARD_END
167 0 0899592164 STIM_START
167 0 0900591476 STIM_END_RESP_START
167 0 0901791492 RESP_END
168 1 0904219108 STIM_START
168 1 0905028468 LICK
168 1 0905193536 LICK
168 1 0905218408 STIM_END_RESP_START
168 1 0905405328 LICK
168 1 0905405792 REWARD_START
168 1 0905837020 LICK
168 1 0906418452 RESP_END
168 1 0905426284 REWARD_END
169 0 0909027892 STIM_START
169 0 0910027204 STIM_END_RESP_START
169 0 0911227220 RESP_END
170 1 0913912656 STIM_START
170 1 0914103028 LICK
170 1 0914260668 LICK
170 1 0914450552 LICK
170 1 0914801592 LICK
170 1 0914911948 STIM_END_RESP_START
170 1 0915363524 LICK
170 1 0915363984 REWARD_START
170 1 0916111992 RESP_END
170 1 0915384476 REWARD_END
171 1 0918607472 STIM_START
171 1 0919606784 STIM_END_RESP_START
171 1 0920806800 RESP_END
172 1 0923214416 STIM_START
172 1 0924213732 STIM_END_RESP_START
172 1 0925413744 RESP_END
173 0 0927668456 STIM_START
173 0 0928667768 STIM_END_RESP_START
173 0 0929867816 RESP_END
174 0 0932306372 STIM_START
174 0 0933305688 STIM_END_RESP_START
174 0 0934505700 RESP_END
175 1 0936731424 STIM_START
175 1 0937730736 STIM_END_RESP_START
175 1 0938930752 RESP_END
176 1 0941477248 STIM_START
176 1 0942476572 STIM_END_RESP_START
176 1 0942493160 LICK
176 1 0942493616 REWARD_START
176 1 0942774256 LICK
176 1 0943041004 LICK
176 1 0943347256 LICK
176 1 0943676600 RESP_END
176 1 0942514104 REWARD_END
177 0 0947617160 STIM_START
177 0 0948616472 STIM_END_RESP_START
177 0 0949816488 RESP_END
178 1 0952373992 STIM_START
178 1 0953373304 STIM_END_RESP_START
178 1 0953448608 LICK
178 1 0953449060 REWARD_START
178 1 0953628968 LICK
178 1 0954070572 LICK
178 1 0954202384 LICK
178 1 0954573340 RESP_END
178 1 0953469552 REWARD_END
179 0 0957116844 STIM_START
179 0 0958116160 STIM_END_RESP_START
179 0 0959316176 RESP_END
180 1 0961496884 STIM_START
180 1 0962496204 STIM_END_RESP_START
180 1 0962511512 LICK
180 1 0962511976 REWARD_START
180 1 0962942252 LICK
180 1 0963107908 LICK
180 1 0963249792 LICK
180 1 0963696248 RESP_END
180 1 0962532472 REWARD_END
181 1 0966241760 STIM_START
181 1 0967241076 STIM_END_RESP_START
181 1 0967686832 LICK
181 1 0967687288 REWARD_START
181 1 0968289452 LICK
181 1 0968441108 RESP_END
181 1 0967707780 REWARD_END
182 1 0970918620 STIM_START
182 1 0971917936 STIM_END_RESP_START
182 1 0973117948 RESP_END
183 0 0975438620 STIM_START
183 0 0976437932 STIM_END_RESP_START
183 0 0977637948 RESP_END
184 1 0980232388 STIM_START
184 1 0981120336 LICK
184 1 0981231684 STIM_END_RESP_START
184 1 0981484952 LICK
184 1 0981485408 REWARD_START
184 1 0981964812 LICK
184 1 0982097704 LICK
184 1 0982256252 LICK
184 1 0982431716 RESP_END
184 1 0981505900 REWARD_END
185 1 0984895320 STIM_START
185 1 0985770428 LICK
185 1 0985894620 STIM_END_RESP_START
185 1 0985932620 LICK
185 1 0985933080 REWARD_START
185 1 0986108636 LICK
185 1 0986294536 LICK
185 1 0986421400 LICK
185 1 0987094644 RESP_END
185 1 0985953572 REWARD_END
186 0 0989409300 STIM_START
186 0 0989756212 LICK
186 0 0989890168 LICK
186 0 0990408600 STIM_END_RESP_START
186 0 0991608616 RESP_END
187 0 0994092160 STIM_START
187 0 0995091484 STIM_END_RESP_START
187 0 0995149784 LICK
187 0 0995150244 TIMEOUT_START
187 0 0995517500 LICK
187 0 0995517956 TIMEOUT_START
187 0 0996291532 RESP_END
187 0 1002518428 TIMEOUT_END
188 0 1005028896 STIM_START
188 0 1006028224 STIM_END_RESP_START
188 0 1007228256 RESP_END
189 1 1009817652 STIM_START
189 1 1010816976 STIM_END_RESP_START
189 1 1010907408 LICK
189 1 1010907904 REWARD_START
189 1 1011094800 LICK
189 1 1011374956 LICK
189 1 1011525100 LICK
189 1 1012017000 RESP_END
189 1 1010928444 REWARD_END
190 1 1014501544 STIM_START
190 1 1015500876 STIM_END_RESP_START
190 1 1015955712 LICK
190 1 1015956212 REWARD_START
190 1 1016147984 LICK
190 1 1016279328 LICK
190 1 1016425136 LICK
190 1 1016700896 RESP_END
190 1 1015976748 REWARD_END
191 1 1019175424 STIM_START
191 1 1020174744 STIM_END_RESP_START
191 1 1020261672 LICK
191 1 1020262172 REWARD_START
191 1 1020444032 LICK
191 1 1020598760 LICK
191 1 1020737712 LICK
191 1 1020887736 LICK
191 1 1021374764 RESP_END
191 1 1020282712 REWARD_END
192 0 1023979208 STIM_START
192 0 1024978508 STIM_END_RESP_START
192 0 1026178536 RESP_END
193 1 1028643072 STIM_START
193 1 1029617392 LICK
193 1 1029642376 STIM_END_RESP_START
193 1 1029770108 LICK
193 1 1029770612 REWARD_START
193 1 1030209388 LICK
193 1 1030466188 LICK
193 1 1030842396 RESP_END
193 1 1029791144 REWARD_END
194 1 1034335336 STIM_START
194 1 1035334664 STIM_END_RESP_START
194 1 1036534692 RESP_END
195 0 1038995168 STIM_START
195 0 1039994500 STIM_END_RESP_START
195 0 1041194532 RESP_END
196 0 1043588120 STIM_START
196 0 1044587444 STIM_END_RESP_START
196 0 1045787472 RESP_END
197 0 1048349960 STIM_START
197 0 1049349256 STIM_END_RESP_START
197 0 1050549288 RESP_END
198 1 1053018812 STIM_START
198 1 1054018140 STIM_END_RESP_START
198 1 1054101788 LICK
198 1 1054102284 REWARD_START
198 1 1054274500 LICK
198 1 1054415200 LICK
198 1 1054662664 LICK
198 1 1054818332 LICK
198 1 1055218184 RESP_END
198 1 1054122820 REWARD_END
199 1 1057542808 STIM_START
199 1 1058452656 LICK
199 1 1058542128 STIM_END_RESP_START
199 1 1058617560 LICK
199 1 1058618056 REWARD_START
199 1 1058786972 LICK
199 1 1058937644 LICK
199 1 1059074404 LICK
199 1 1059245096 LICK
199 1 1059742160 RESP_END
199 1 1058638588 REWARD_END
200 0 1061881936 STIM_START
200 0 1062881256 STIM_END_RESP_START
200 0 1064081288 RESP_END
201 0 1066450888 STIM_START
201 0 1067450216 STIM_END_RESP_START
201 0 1068650244 RESP_END
202 0 1071065840 STIM_START
202 0 1072065168 STIM_END_RESP_START
202 0 1073265196 RESP_END
203 1 1075689716 STIM_START
203 1 1076689020 STIM_END_RESP_START
203 1 1076847988 LICK
203 1 1076848484 REWARD_START
203 1 1076987972 LICK
203 1 1077141008 LICK
203 1 1077290516 LICK
203 1 1077435828 LICK
203 1 1077871368 LICK
203 1 1077889048 RESP_END
203 1 1076869020 REWARD_END
204 1 1080026808 STIM_START
204 1 1081026120 STIM_END_RESP_START
204 1 1081222480 LICK
204 1 1081222980 REWARD_START
204 1 1081381376 LICK
204 1 1081540648 LICK
204 1 1081680212 LICK
204 1 1081808336 LICK
204 1 1081959168 LICK
204 1 1082226144 RESP_END
204 1 1081243512 REWARD_END
205 1 1084751692 STIM_START
205 1 1085751020 STIM_END_RESP_START
205 1 1085926608 LICK
205 1 1085927104 REWARD_START
205 1 1086272812 LICK
205 1 1086381628 LICK
205 1 1086544020 LICK
205 1 1086686512 LICK
205 1 1086951040 RESP_END
205 1 1085947640 REWARD_END
206 0 1089390548 STIM_START
206 0 1090389840 STIM_END_RESP_START
206 0 1091589872 RESP_END
207 1 1094073428 STIM_START
207 1 1095072732 STIM_END_RESP_START
207 1 1095146080 LICK
207 1 1095146584 REWARD_START
207 1 1095298580 LICK
207 1 1095599444 LICK
207 1 1095746696 LICK
207 1 1096272764 RESP_END
207 1 1095167120 REWARD_END
208 0 1098534476 STIM_START
208 0 1099533804 STIM_END_RESP_START
208 0 1100733836 RESP_END
209 1 1103187396 STIM_START
209 1 1104154484 LICK
209 1 1104186696 STIM_END_RESP_START
209 1 1104345868 LICK
209 1 1104346372 REWARD_START
209 1 1104497432 LICK
209 1 1104665840 LICK
209 1 1104969340 LICK
209 1 1105104892 LICK
209 1 1105386732 RESP_END
209 1 1104366908 REWARD_END
210 1 1107548464 STIM_START
210 1 1108547792 STIM_END_RESP_START
210 1 1108622164 LICK
210 1 1108622668 REWARD_START
210 1 1108795292 LICK
210 1 1109061656 LICK
210 1 1109225384 LICK
210 1 1109747836 RESP_END
210 1 1108643204 REWARD_END
211 0 1111977512 STIM_START
211 0 1112976808 STIM_END_RESP_START
211 0 1114176840 RESP_END
212 0 1116732336 STIM_START
212 0 1117633164 LICK
212 0 1117731628 STIM_END_RESP_START
212 0 1117811144 LICK
212 0 1117811644 TIMEOUT_START
212 0 1118374172 LICK
212 0 1118374672 TIMEOUT_START
212 0 1118931668 RESP_END
212 0 1125375192 TIMEOUT_END
213 0 1127650056 STIM_START
213 0 1128491300 LICK
213 0 1128649356 STIM_END_RESP_START
213 0 1128651216 LICK
213 0 1128651724 TIMEOUT_START
213 0 1128890264 LICK
213 0 1128890764 TIMEOUT_START
213 0 1129059040 LICK
213 0 1129059544 TIMEOUT_START
213 0 1129278400 LICK
213 0 1129278900 TIMEOUT_START
213 0 1129849380 RESP_END
213 0 1136279416 TIMEOUT_END
214 1 1138536748 STIM_START
214 1 1139299156 LICK
214 1 1139536064 STIM_END_RESP_START
214 1 1139912092 LICK
214 1 1139912592 REWARD_START
214 1 1140101060 LICK
214 1 1140406980 LICK
214 1 1140736076 RESP_END
214 1 1139933132 REWARD_END
215 0 1143286644 STIM_START
215 0 1144285936 STIM_END_RESP_START
215 0 1145485968 RESP_END
216 1 1147623732 STIM_START
216 1 1148361740 LICK
216 1 1148518196 LICK
216 1 1148623048 STIM_END_RESP_START
216 1 1148898244 LICK
216 1 1148898748 REWARD_START
216 1 1149105312 LICK
216 1 1149429836 LICK
216 1 1149589224 LICK
216 1 1149715056 LICK
216 1 1149823092 RESP_END
216 1 1148919284 REWARD_END
217 0 1152402516 STIM_START
217 0 1153401840 STIM_END_RESP_START
217 0 1154601872 RESP_END
218 0 1157058432 STIM_START
218 0 1157912996 LICK
218 0 1158057736 STIM_END_RESP_START
218 0 1158068260 LICK
218 0 1158068760 TIMEOUT_START
218 0 1158271020 LICK
218 0 1158271520 TIMEOUT_START
218 0 1158444636 LICK
218 0 1158445140 TIMEOUT_START
218 0 1159257768 RESP_END
218 0 1165445656 TIMEOUT_END
219 1 1168136024 STIM_START
219 1 1169106408 LICK
219 1 1169135328 STIM_END_RESP_START
219 1 1169332616 LICK
219 1 1169333112 REWARD_START
219 1 1169938480 LICK
219 1 1170094020 LICK
219 1 1170335348 RESP_END
219 1 1169353648 REWARD_END
220 0 1172846880 STIM_START
220 0 1173846176 STIM_END_RESP_START
220 0 1175046208 RESP_END
221 0 1177556732 STIM_START
221 0 1178556028 STIM_END_RESP_START
221 0 1179756060 RESP_END
222 1 1182038760 STIM_START
222 1 1182687004 LICK
222 1 1182902660 LICK
222 1 1183038076 STIM_END_RESP_START
222 1 1183078840 LICK
222 1 1183079340 REWARD_START
222 1 1183296628 LICK
222 1 1183710128 LICK
222 1 1184238104 RESP_END
222 1 1183099876 REWARD_END
223 0 1186409896 STIM_START
223 0 1187409188 STIM_END_RESP_START
223 0 1188609220 RESP_END
224 0 1191114712 STIM_START
224 0 1192114008 STIM_END_RESP_START
224 0 1193314036 RESP_END
225 0 1195690624 STIM_START
225 0 1196689920 STIM_END_RESP_START
225 0 1197889952 RESP_END
226 1 1199983784 STIM_START
226 1 1200983100 STIM_END_RESP_START
226 1 1201073076 LICK
226 1 1201073580 REWARD_START
226 1 1201275312 LICK
226 1 1201724080 LICK
226 1 1202183136 RESP_END
226 1 1201094116 REWARD_END
227 0 1204373848 STIM_START
227 0 1205373180 STIM_END_RESP_START
227 0 1206573212 RESP_END
228 1 1208918792 STIM_START
228 1 1209664252 LICK
228 1 1209877816 LICK
228 1 1209918108 STIM_END_RESP_START
228 1 1210774772 LICK
228 1 1210775276 REWARD_START
228 1 1210968928 LICK
228 1 1211118132 RESP_END
228 1 1210795812 REWARD_END
229 1 1213904536 STIM_START
229 1 1214850428 LICK
229 1 1214903868 STIM_END_RESP_START
229 1 1215020912 LICK
229 1 1215021420 REWARD_START
229 1 1215199848 LICK
229 1 1215380316 LICK
229 1 1215526312 LICK
229 1 1215647036 LICK
229 1 1216103908 RESP_END
229 1 1215041956 REWARD_END
230 0 1218498428 STIM_START
230 0 1219497724 STIM_END_RESP_START
230 0 1220697756 RESP_END
231 0 1222966468 STIM_START
231 0 1223965760 STIM_END_RESP_START
231 0 1225165788 RESP_END
232 0 1227294580 STIM_START
232 0 1228293876 STIM_END_RESP_START
232 0 1229493912 RESP_END
233 1 1231716628 STIM_START
233 1 1232597044 LICK
233 1 1232715932 STIM_END_RESP_START
233 1 1232943136 LICK
233 1 1232943636 REWARD_START
233 1 1233461020 LICK
233 1 1233613924 LICK
233 1 1233915976 RESP_END
233 1 1232964172 REWARD_END
234 0 1237117024 STIM_START
234 0 1238116356 STIM_END_RESP_START
234 0 1239316384 RESP_END
235 1 1241567064 STIM_START
235 1 1242512528 LICK
235 1 1242566384 STIM_END_RESP_START
235 1 1242713280 LICK
235 1 1242713780 REWARD_START
235 1 1242869440 LICK
235 1 1243028544 LICK
235 1 1243454824 LICK
235 1 1243614916 LICK
235 1 1243766400 RESP_END
235 1 1242734316 REWARD_END
236 1 1246014116 STIM_START
236 1 1246953104 LICK
236 1 1247013428 STIM_END_RESP_START
236 1 1247163164 LICK
236 1 1247163668 REWARD_START
236 1 1247305604 LICK
236 1 1248213444 RESP_END
236 1 1247184192 REWARD_END
237 0 1250692968 STIM_START
237 0 1251692296 STIM_END_RESP_START
237 0 1252892328 RESP_END
238 1 1255027104 STIM_START
238 1 1255934476 LICK
238 1 1256026424 STIM_END_RESP_START
238 1 1256115676 LICK
238 1 1256116176 REWARD_START
238 1 1256267916 LICK
238 1 1256555456 LICK
238 1 1256699316 LICK
238 1 1257226456 RESP_END
238 1 1256136720 REWARD_END
239 0 1259486160 STIM_START
239 0 1260485456 STIM_END_RESP_START
239 0 1261685488 RESP_END
240 0 1263979112 STIM_START
240 0 1264978444 STIM_END_RESP_START
240 0 1266178476 RESP_END
241 1 1268482104 STIM_START
241 1 1269481408 STIM_END_RESP_START
241 1 1269573132 LICK
241 1 1269573632 REWARD_START
241 1 1269776724 LICK
241 1 1269892104 LICK
241 1 1270054660 LICK
241 1 1270177892 LICK
241 1 1270332324 LICK
241 1 1270681428 RESP_END
241 1 1269594176 REWARD_END
242 0 1273149996 STIM_START
242 0 1274149324 STIM_END_RESP_START
242 0 1275349356 RESP_END
243 0 1277578024 STIM_START
243 0 1278577356 STIM_END_RESP_START
243 0 1279777388 RESP_END
244 1 1282156000 STIM_START
244 1 1283105904 LICK
244 1 1283155320 STIM_END_RESP_START
244 1 1283439152 LICK
244 1 1283439656 REWARD_START
244 1 1283886000 LICK
244 1 1284040948 LICK
244 1 1284355360 RESP_END
244 1 1283460192 REWARD_END
245 1 1287072700 STIM_START
245 1 1288072028 STIM_END_RESP_START
245 1 1288308240 LICK
245 1 1288308744 REWARD_START
245 1 1288656772 LICK
245 1 1288832500 LICK
245 1 1288948260 LICK
245 1 1289272056 RESP_END
245 1 1288329280 REWARD_END
246 1 1291798556 STIM_START
246 1 1292797876 STIM_END_RESP_START
246 1 1292967344 LICK
246 1 1292967840 REWARD_START
246 1 1293157992 LICK
246 1 1293312804 LICK
246 1 1293461492 LICK
246 1 1293598784 LICK
246 1 1293997912 RESP_END
246 1 1292988376 REWARD_END
247 0 1296493388 STIM_START
247 0 1297492720 STIM_END_RESP_START
247 0 1298692752 RESP_END
248 0 1301220260 STIM_START
248 0 1302219556 STIM_END_RESP_START
248 0 1303419588 RESP_END
249 0 1306461768 STIM_START
249 0 1307461060 STIM_END_RESP_START
249 0 1308661092 RESP_END
250 1 1311198584 STIM_START
250 1 1312197916 STIM_END_RESP_START
250 1 1313397944 RESP_END
251 1 1315660660 STIM_START
251 1 1316659988 STIM_END_RESP_START
251 1 1317860020 RESP_END
252 1 1320040732 STIM_START
252 1 1320958432 LICK
252 1 1321040056 STIM_END_RESP_START
252 1 1321114496 LICK
252 1 1321115000 REWARD_START
252 1 1321307232 LICK
252 1 1321465576 LICK
252 1 1321596772 LICK
252 1 1322240096 RESP_END
252 1 1321135536 REWARD_END
253 0 1324852480 STIM_START
253 0 1325851808 STIM_END_RESP_START
253 0 1327051840 RESP_END
254 0 1329180580 STIM_START
254 0 1330179876 STIM_END_RESP_START
254 0 1331379904 RESP_END
255 0 1333887508 STIM_START
255 0 1334886804 STIM_END_RESP_START
255 0 1336086832 RESP_END
256 1 1338739208 STIM_START
256 1 1339738520 STIM_END_RESP_START
256 1 1339751536 LICK
256 1 1339752036 REWARD_START
256 1 1340616660 LICK
256 1 1340938544 RESP_END
256 1 1339772572 REWARD_END
257 0 1343407088 STIM_START
257 0 1344280288 LICK
257 0 1344397572 LICK
257 0 1344406396 STIM_END_RESP_START
257 0 1344600144 LICK
257 0 1344600640 TIMEOUT_START
257 0 1344778868 LICK
257 0 1344779368 TIMEOUT_START
257 0 1345606412 RESP_END
257 0 1351779884 TIMEOUT_END
258 0 1354094052 STIM_START
258 0 1354724232 LICK
258 0 1354930504 LICK
258 0 1355093364 STIM_END_RESP_START
258 0 1355122752 LICK
258 0 1355123248 TIMEOUT_START
258 0 1355303084 LICK
258 0 1355303580 TIMEOUT_START
258 0 1355501912 LICK
258 0 1355502408 TIMEOUT_START
258 0 1355669568 LICK
258 0 1355670064 TIMEOUT_START
258 0 1356293376 RESP_END
258 0 1362670584 TIMEOUT_END
259 0 1365559352 STIM_START
259 0 1366558676 STIM_END_RESP_START
259 0 1367758708 RESP_END
260 1 1370320176 STIM_START
260 1 1371319500 STIM_END_RESP_START
260 1 1372519536 RESP_END
261 1 1374973064 STIM_START
261 1 1375694524 LICK
261 1 1375918836 LICK
261 1 1375972388 STIM_END_RESP_START
261 1 1376054708 LICK
261 1 1376055204 REWARD_START
261 1 1376238696 LICK
261 1 1376398152 LICK
261 1 1376525824 LICK
261 1 1377172416 RESP_END
261 1 1376075740 REWARD_END
262 0 1379370148 STIM_START
262 0 1380369440 STIM_END_RESP_START
262 0 1381569464 RESP_END
263 0 1383964096 STIM_START
263 0 1384963388 STIM_END_RESP_START
263 0 1386163420 RESP_END
264 1 1388523028 STIM_START
264 1 1389460404 LICK
264 1 1389522348 STIM_END_RESP_START
264 1 1389813304 LICK
264 1 1389813812 REWARD_START
264 1 1390122316 LICK
264 1 1390260880 LICK
264 1 1390722368 RESP_END
264 1 1389834344 REWARD_END
265 0 1393072996 STIM_START
265 0 1394072288 STIM_END_RESP_START
265 0 1395272320 RESP_END
266 1 1397443076 STIM_START
266 1 1398442372 STIM_END_RESP_START
266 1 1398732760 LICK
266 1 1398733268 REWARD_START
266 1 1398934212 LICK
266 1 1399188940 LICK
266 1 1399642384 RESP_END
266 1 1398753804 REWARD_END
267 0 1402098948 STIM_START
267 0 1403098244 STIM_END_RESP_START
267 0 1403293780 LICK
267 0 1403294276 TIMEOUT_START
267 0 1403768472 LICK
267 0 1403768980 TIMEOUT_START
267 0 1404298280 RESP_END
267 0 1410769488 TIMEOUT_END
268 1 1413107608 STIM_START
268 1 1414106904 STIM_END_RESP_START
268 1 1414289572 LICK
268 1 1414290072 REWARD_START
268 1 1414475928 LICK
268 1 1414745492 LICK
268 1 1414883232 LICK
268 1 1415306932 RESP_END
268 1 1414310608 REWARD_END
269 0 1417531676 STIM_START
269 0 1418530972 STIM_END_RESP_START
269 0 1419731004 RESP_END
270 1 1422028676 STIM_START
270 1 1422897116 LICK
270 1 1423027972 STIM_END_RESP_START
270 1 1423057500 LICK
270 1 1423058004 REWARD_START
270 1 1423252340 LICK
270 1 1423541784 LICK
270 1 1424119804 LICK
270 1 1424227992 RESP_END
270 1 1423078524 REWARD_END
271 1 1426359768 STIM_START
271 1 1427359064 STIM_END_RESP_START
271 1 1427420664 LICK
271 1 1427421164 REWARD_START
271 1 1427882036 LICK
271 1 1428559096 RESP_END
271 1 1427441708 REWARD_END
272 0 1430800824 STIM_START
272 0 1431800116 STIM_END_RESP_START
272 0 1433000148 RESP_END
273 0 1435154944 STIM_START
273 0 1436154240 STIM_END_RESP_START
273 0 1437354272 RESP_END
274 1 1439699916 STIM_START
274 1 1440699240 STIM_END_RESP_START
274 1 1441007592 LICK
274 1 1441008096 REWARD_START
274 1 1441211920 LICK
274 1 1441400024 LICK
274 1 1441682608 LICK
274 1 1441899276 RESP_END
274 1 1441028632 REWARD_END
275 0 1444469716 STIM_START
275 0 1445469012 STIM_END_RESP_START
275 0 1446669040 RESP_END
276 1 1448752844 STIM_START
276 1 1449601816 LICK
276 1 1449752160 STIM_END_RESP_START
276 1 1449776480 LICK
276 1 1449776980 REWARD_START
276 1 1449951452 LICK
276 1 1450110528 LICK
276 1 1450242468 LICK
276 1 1450376164 LICK
276 1 1450952176 RESP_END
276 1 1449797516 REWARD_END
277 1 1453133928 STIM_START
277 1 1454133260 STIM_END_RESP_START
277 1 1454432680 LICK
277 1 1454433180 REWARD_START
277 1 1454765704 LICK
277 1 1454883520 LICK
277 1 1455048092 LICK
277 1 1455167572 LICK
277 1 1455333280 RESP_END
277 1 1454453716 REWARD_END
278 1 1457714872 STIM_START
278 1 1458118200 LICK
278 1 1458302964 LICK
278 1 1458714172 STIM_END_RESP_START
278 1 1459326820 LICK
278 1 1459327324 REWARD_START
278 1 1459914196 RESP_END
278 1 1459347860 REWARD_END
279 0 1462194856 STIM_START
279 0 1463194188 STIM_END_RESP_START
279 0 1464394216 RESP_END
280 1 1466778832 STIM_START
280 1 1467778128 STIM_END_RESP_START
280 1 1468151528 LICK
280 1 1468152032 REWARD_START
280 1 1468298700 LICK
280 1 1468943560 LICK
280 1 1468978160 RESP_END
280 1 1468172568 REWARD_END
281 0 1471412748 STIM_START
281 0 1472412048 STIM_END_RESP_START
281 0 1473612080 RESP_END
282 1 1476180524 STIM_START
282 1 1477050868 LICK
282 1 1477179832 STIM_END_RESP_START
282 1 1477211024 LICK
282 1 1477211528 REWARD_START
282 1 1477379800 LICK
282 1 1477662476 LICK
282 1 1478379880 RESP_END
282 1 1477232064 REWARD_END
283 1 1480763496 STIM_START
283 1 1481735760 LICK
283 1 1481762804 STIM_END_RESP_START
283 1 1481905244 LICK
283 1 1481905740 REWARD_START
283 1 1482101588 LICK
283 1 1482244856 LICK
283 1 1482388340 LICK
283 1 1482962848 RESP_END
283 1 1481926276 REWARD_END
284 0 1485212496 STIM_START
284 0 1486211788 STIM_END_RESP_START
284 0 1487411820 RESP_END
285 0 1489792428 STIM_START
285 0 1490791724 STIM_END_RESP_START
285 0 1491991756 RESP_END
286 1 1496925668 STIM_START
286 1 1497907152 LICK
286 1 1497924988 STIM_END_RESP_START
286 1 1498409464 LICK
286 1 1498409960 REWARD_START
286 1 1499125024 RESP_END
286 1 1498430500 REWARD_END
287 1 1501653556 STIM_START
287 1 1502652852 STIM_END_RESP_START
287 1 1503852884 RESP_END
288 0 1506072640 STIM_START
288 0 1507071964 STIM_END_RESP_START
288 0 1508272000 RESP_END
289 1 1510472664 STIM_START
289 1 1511471968 STIM_END_RESP_START
289 1 1511835000 LICK
289 1 1511835500 REWARD_START
289 1 1511971764 LICK
289 1 1512508356 LICK
289 1 1512671992 RESP_END
289 1 1511856036 REWARD_END
290 1 1515144564 STIM_START
290 1 1516143860 STIM_END_RESP_START
290 1 1516279652 LICK
290 1 1516280160 REWARD_START
290 1 1516749500 LICK
290 1 1517343884 RESP_END
290 1 1516300696 REWARD_END
291 0 1519601580 STIM_START
291 0 1520600876 STIM_END_RESP_START
291 0 1521800908 RESP_END
292 0 1524322424 STIM_START
292 0 1525251956 LICK
292 0 1525321736 STIM_END_RESP_START
292 0 1525404512 LICK
292 0 1525405016 TIMEOUT_START
292 0 1525556296 LICK
292 0 1525556792 TIMEOUT_START
292 0 1525793104 LICK
292 0 1525793600 TIMEOUT_START
292 0 1525970352 LICK
292 0 1525970848 TIMEOUT_START
292 0 1526127496 LICK
292 0 1526128000 TIMEOUT_START
292 0 1526521764 RESP_END
292 0 1533128520 TIMEOUT_END
293 1 1535548940 STIM_START
293 1 1536548236 STIM_END_RESP_START
293 1 1537304616 LICK
293 1 1537305112 REWARD_START
293 1 1537631852 LICK
293 1 1537748260 RESP_END
293 1 1537325652 REWARD_END
294 1 1540262776 STIM_START
294 1 1541262080 STIM_END_RESP_START
294 1 1542462108 RESP_END
295 1 1544624928 STIM_START
295 1 1545624224 STIM_END_RESP_START
295 1 1546824256 RESP_END
296 0 1549197800 STIM_START
296 0 1550197092 STIM_END_RESP_START
296 0 1551397128 RESP_END
297 1 1553745796 STIM_START
297 1 1554684772 LICK
297 1 1554745128 STIM_END_RESP_START
297 1 1554867552 LICK
297 1 1554868052 REWARD_START
297 1 1555031528 LICK
297 1 1555303272 LICK
297 1 1555945144 RESP_END
297 1 1554888588 REWARD_END
298 0 1558327756 STIM_START
298 0 1559327088 STIM_END_RESP_START
298 0 1560527120 RESP_END
299 0 1562656888 STIM_START
299 0 1563656216 STIM_END_RESP_START
299 0 1564856244 RESP_END
300 1 1566952000 STIM_START
300 1 1567852816 LICK
300 1 1567951328 STIM_END_RESP_START
300 1 1568367692 LICK
300 1 1568368192 REWARD_START
300 1 1568524020 LICK
300 1 1568830860 LICK
300 1 1569151368 RESP_END
300 1 1568388728 REWARD_END
301 1 1571422016 STIM_START
301 1 1572421348 STIM_END_RESP_START
301 1 1572509560 LICK
301 1 1572510068 REWARD_START
301 1 1572657028 LICK
301 1 1572822536 LICK
301 1 1573105768 LICK
301 1 1573621380 RESP_END
301 1 1572530604 REWARD_END
302 0 1576134876 STIM_START
302 0 1577134204 STIM_END_RESP_START
302 0 1578334236 RESP_END
303 1 1580660860 STIM_START
303 1 1581478328 LICK
303 1 1581642852 LICK
303 1 1581660180 STIM_END_RESP_START
303 1 1581837576 LICK
303 1 1581838076 REWARD_START
303 1 1582162608 LICK
303 1 1582312520 LICK
303 1 1582453176 LICK
303 1 1582860200 RESP_END
303 1 1581858612 REWARD_END
304 1 1585405676 STIM_START
304 1 1586404972 STIM_END_RESP_START
304 1 1587193860 LICK
304 1 1587194364 REWARD_START
304 1 1587509440 LICK
304 1 1587605016 RESP_END
304 1 1587214904 REWARD_END
305 0 1590354388 STIM_START
305 0 1591353716 STIM_END_RESP_START
305 0 1592553752 RESP_END
306 0 1595120188 STIM_START
306 0 1596119484 STIM_END_RESP_START
306 0 1597319520 RESP_END
307 0 1599554284 STIM_START
307 0 1600553616 STIM_END_RESP_START
307 0 1601753644 RESP_END
308 1 1603982304 STIM_START
308 1 1604981600 STIM_END_RESP_START
308 1 1605334352 LICK
308 1 1605334852 REWARD_START
308 1 1605493932 LICK
308 1 1605945336 LICK
308 1 1606181636 RESP_END
308 1 1605355388 REWARD_END
309 0 1608393340 STIM_START
309 0 1608914868 LICK
309 0 1609392652 STIM_END_RESP_START
309 0 1610592680 RESP_END
310 0 1612723428 STIM_START
310 0 1613722724 STIM_END_RESP_START
310 0 1614922748 RESP_END
311 1 1617497288 STIM_START
311 1 1618421228 LICK
311 1 1618496596 STIM_END_RESP_START
311 1 1618622108 LICK
311 1 1618622612 REWARD_START
311 1 1618778108 LICK
311 1 1618928916 LICK
311 1 1619206152 LICK
311 1 1619696628 RESP_END
311 1 1618643148 REWARD_END
312 1 1622236116 STIM_START
312 1 1623235408 STIM_END_RESP_START
312 1 1623511556 LICK
312 1 1623512056 REWARD_START
312 1 1623667992 LICK
312 1 1623964652 LICK
312 1 1624112824 LICK
312 1 1624435448 RESP_END
312 1 1623532600 REWARD_END
313 1 1626979968 STIM_START
313 1 1627979260 STIM_END_RESP_START
313 1 1628299396 LICK
313 1 1628299892 REWARD_START
313 1 1628475956 LICK
313 1 1628611344 LICK
313 1 1628759788 LICK
313 1 1629179300 RESP_END
313 1 1628320428 REWARD_END
314 0 1631687836 STIM_START
314 0 1632687164 STIM_END_RESP_START
314 0 1633887192 RESP_END
315 0 1635988936 STIM_START
315 0 1636988268 STIM_END_RESP_START
315 0 1638188300 RESP_END
316 1 1640591884 STIM_START
316 1 1641591212 STIM_END_RESP_START
316 1 1641636332 LICK
316 1 1641636828 REWARD_START
316 1 1641796088 LICK
316 1 1641939440 LICK
316 1 1642245592 LICK
316 1 1642791252 RESP_END
316 1 1641657368 REWARD_END
317 1 1645113840 STIM_START
317 1 1645982768 LICK
317 1 1646113140 STIM_END_RESP_START
317 1 1646348252 LICK
317 1 1646348756 REWARD_START
317 1 1646502896 LICK
317 1 1646810204 LICK
317 1 1646942192 LICK
317 1 1647313156 RESP_END
317 1 1646369292 REWARD_END
318 1 1649606848 STIM_START
318 1 1650601748 LICK
318 1 1650606148 STIM_END_RESP_START
318 1 1650948232 LICK
318 1 1650948732 REWARD_START
318 1 1651120720 LICK
318 1 1651306544 LICK
318 1 1651446856 LICK
318 1 1651598084 LICK
318 1 1651806168 RESP_END
318 1 1650969264 REWARD_END
319 0 1654387664 STIM_START
319 0 1655386956 STIM_END_RESP_START
319 0 1656586988 RESP_END
320 1 1658972616 STIM_START
320 1 1659903976 LICK
320 1 1659971920 STIM_END_RESP_START
320 1 1660080568 LICK
320 1 1660081064 REWARD_START
320 1 1660278284 LICK
320 1 1660417248 LICK
320 1 1660690868 LICK
320 1 1661171948 RESP_END
320 1 1660101600 REWARD_END
321 1 1663344708 STIM_START
321 1 1664344032 STIM_END_RESP_START
321 1 1664888164 LICK
321 1 1664888660 REWARD_START
321 1 1665039816 LICK
321 1 1665190656 LICK
321 1 1665339848 LICK
321 1 1665544072 RESP_END
321 1 1664909196 REWARD_END
322 1 1667811732 STIM_START
322 1 1668811024 STIM_END_RESP_START
322 1 1670011056 RESP_END
323 0 1672407692 STIM_START
323 0 1673407020 STIM_END_RESP_START
323 0 1674607052 RESP_END
324 1 1677105512 STIM_START
324 1 1678104832 STIM_END_RESP_START
324 1 1678179280 LICK
324 1 1678179784 REWARD_START
324 1 1678325364 LICK
324 1 1678498788 LICK
324 1 1678780592 LICK
324 1 1679304868 RESP_END
324 1 1678200316 REWARD_END
325 0 1681865356 STIM_START
325 0 1682864684 STIM_END_RESP_START
325 0 1684064712 RESP_END
326 1 1686533232 STIM_START
326 1 1687292008 LICK
326 1 1687532552 STIM_END_RESP_START
326 1 1687664388 LICK
326 1 1687664892 REWARD_START
326 1 1687799248 LICK
326 1 1687958544 LICK
326 1 1688117740 LICK
326 1 1688732564 RESP_END
326 1 1687685424 REWARD_END
327 0 1691059220 STIM_START
327 0 1692058540 STIM_END_RESP_START
327 0 1693258568 RESP_END
328 0 1695548216 STIM_START
328 0 1696547512 STIM_END_RESP_START
328 0 1697747544 RESP_END
329 1 1700028236 STIM_START
329 1 1701027536 STIM_END_RESP_START
329 1 1701117588 LICK
329 1 1701118092 REWARD_START
329 1 1701271420 LICK
329 1 1701563244 LICK
329 1 1701967948 LICK
329 1 1702227584 RESP_END
329 1 1701138628 REWARD_END
330 0 1704401324 STIM_START
330 0 1705400652 STIM_END_RESP_START
330 0 1706600680 RESP_END
331 0 1708765404 STIM_START
331 0 1709764736 STIM_END_RESP_START
331 0 1710964764 RESP_END
332 1 1713257424 STIM_START
332 1 1714256752 STIM_END_RESP_START
332 1 1714446948 LICK
332 1 1714447452 REWARD_START
332 1 1715456772 RESP_END
332 1 1714467984 REWARD_END
333 0 1718003280 STIM_START
333 0 1719002612 STIM_END_RESP_START
333 0 1720202644 RESP_END
334 0 1722702120 STIM_START
334 0 1723701452 STIM_END_RESP_START
334 0 1724901480 RESP_END
335 0 1727215100 STIM_START
335 0 1728214396 STIM_END_RESP_START
335 0 1729414428 RESP_END
336 1 1731576196 STIM_START
336 1 1732488436 LICK
336 1 1732575512 STIM_END_RESP_START
336 1 1732632268 LICK
336 1 1732632772 REWARD_START
336 1 1733191620 LICK
336 1 1733775556 RESP_END
336 1 1732653308 REWARD_END
337 1 1736064200 STIM_START
337 1 1736840400 LICK
337 1 1736973276 LICK
337 1 1737063508 STIM_END_RESP_START
337 1 1737181088 LICK
337 1 1737181592 REWARD_START
337 1 1737320244 LICK
337 1 1737469116 LICK
337 1 1737616040 LICK
337 1 1737757376 LICK
337 1 1738263532 RESP_END
337 1 1737202128 REWARD_END
338 0 1740547208 STIM_START
338 0 1741546540 STIM_END_RESP_START
338 0 1742746564 RESP_END
339 1 1745164152 STIM_START
339 1 1745963280 LICK
339 1 1746163480 STIM_END_RESP_START
339 1 1746484512 LICK
339 1 1746485012 REWARD_START
339 1 1746642800 LICK
339 1 1746790472 LICK
339 1 1746921420 LICK
339 1 1747069368 LICK
339 1 1747363524 RESP_END
339 1 1746505544 REWARD_END
340 1 1749648132 STIM_START
340 1 1750647424 STIM_END_RESP_START
340 1 1750726420 LICK
340 1 1750726924 REWARD_START
340 1 1750896764 LICK
340 1 1751053168 LICK
340 1 1751175404 LICK
340 1 1751309700 LICK
340 1 1751847444 RESP_END
340 1 1750747460 REWARD_END
341 1 1754357012 STIM_START
341 1 1755356308 STIM_END_RESP_START
341 1 1756556340 RESP_END
342 0 1758756100 STIM_START
342 0 1759755392 STIM_END_RESP_START
342 0 1760955428 RESP_END
343 1 1763094216 STIM_START
343 1 1764011408 LICK
343 1 1764093516 STIM_END_RESP_START
343 1 1764510424 LICK
343 1 1764510928 REWARD_START
343 1 1764662992 LICK
343 1 1764831068 LICK
343 1 1764961916 LICK
343 1 1765119044 LICK
343 1 1765293528 RESP_END
343 1 1764531448 REWARD_END
344 0 1767457252 STIM_START
344 0 1768456580 STIM_END_RESP_START
344 0 1769656612 RESP_END
345 1 1771885308 STIM_START
345 1 1772841492 LICK
345 1 1772884616 STIM_END_RESP_START
345 1 1773044272 LICK
345 1 1773044776 REWARD_START
345 1 1773210692 LICK
345 1 1773613908 LICK
345 1 1774084656 RESP_END
345 1 1773065312 REWARD_END
346 0 1776230416 STIM_START
346 0 1777229740 STIM_END_RESP_START
346 0 1778429772 RESP_END
347 0 1780690448 STIM_START
347 0 1781689744 STIM_END_RESP_START
347 0 1782889776 RESP_END
348 1 1785111496 STIM_START
348 1 1786110820 STIM_END_RESP_START
348 1 1786148432 LICK
348 1 1786148940 REWARD_START
348 1 1786325664 LICK
348 1 1786495068 LICK
348 1 1786627132 LICK
348 1 1787310860 RESP_END
348 1 1786169476 REWARD_END
349 0 1789673480 STIM_START
349 0 1790672804 STIM_END_RESP_START
349 0 1791872836 RESP_END
350 1 1794309364 STIM_START
350 1 1795308692 STIM_END_RESP_START
350 1 1795360908 LICK
350 1 1795361404 REWARD_START
350 1 1795797944 LICK
350 1 1796508708 RESP_END
350 1 1795381940 REWARD_END
351 0 1799076212 STIM_START
351 0 1800075508 STIM_END_RESP_START
351 0 1801275540 RESP_END
352 0 1803676116 STIM_START
352 0 1804675448 STIM_END_RESP_START
352 0 1805875476 RESP_END
353 0 1808185088 STIM_START
353 0 1809037760 LICK
353 0 1809184392 STIM_END_RESP_START
353 0 1809193136 LICK
353 0 1809193636 TIMEOUT_START
353 0 1809516688 LICK
353 0 1809517188 TIMEOUT_START
353 0 1809690728 LICK
353 0 1809691224 TIMEOUT_START
353 0 1810187040 LICK
353 0 1810187544 TIMEOUT_START
353 0 1810384432 RESP_END
353 0 1817188056 TIMEOUT_END
354 1 1819805316 STIM_START
354 1 1820804644 STIM_END_RESP_START
354 1 1822004676 RESP_END
355 0 1824540208 STIM_START
355 0 1825539504 STIM_END_RESP_START
355 0 1826739536 RESP_END
356 1 1829005184 STIM_START
356 1 1830004480 STIM_END_RESP_START
356 1 1830675024 LICK
356 1 1830675528 REWARD_START
356 1 1830824588 LICK
356 1 1831204516 RESP_END
356 1 1830696068 REWARD_END
357 1 1833538168 STIM_START
357 1 1834537464 STIM_END_RESP_START
357 1 1835737496 RESP_END
358 1 1838238072 STIM_START
358 1 1839237368 STIM_END_RESP_START
358 1 1840437400 RESP_END
359 0 1842864968 STIM_START
359 0 1843864260 STIM_END_RESP_START
359 0 1845064292 RESP_END
360 0 1847324004 STIM_START
360 0 1848323332 STIM_END_RESP_START
360 0 1849523360 RESP_END
361 1 1851828032 STIM_START
361 1 1852827360 STIM_END_RESP_START
361 1 1853127888 LICK
361 1 1853128384 REWARD_START
361 1 1853295208 LICK
361 1 1853704516 LICK
361 1 1853836780 LICK
361 1 1854027388 RESP_END
361 1 1853148920 REWARD_END
362 0 1856332028 STIM_START
362 0 1857331320 STIM_END_RESP_START
362 0 1858531352 RESP_END
363 0 1860912936 STIM_START
363 0 1861912268 STIM_END_RESP_START
363 0 1863112300 RESP_END
364 0 1865537860 STIM_START
364 0 1866537156 STIM_END_RESP_START
364 0 1867737188 RESP_END
365 1 1870327664 STIM_START
365 1 1871326956 STIM_END_RESP_START
365 1 1872526992 RESP_END
366 1 1874709736 STIM_START
366 1 1875709032 STIM_END_RESP_START
366 1 1876909064 RESP_END
367 0 1879501560 STIM_START
367 0 1880500852 STIM_END_RESP_START
367 0 1881700884 RESP_END
368 1 1884169428 STIM_START
368 1 1885168720 STIM_END_RESP_START
368 1 1885605620 LICK
368 1 1885606124 REWARD_START
368 1 1885777972 LICK
368 1 1886368752 RESP_END
368 1 1885626660 REWARD_END
369 0 1888545496 STIM_START
369 0 1889544788 STIM_END_RESP_START
369 0 1890744820 RESP_END
370 1 1892893616 STIM_START
370 1 1893892908 STIM_END_RESP_START
370 1 1894380836 LICK
370 1 1894381336 REWARD_START
370 1 1894549188 LICK
370 1 1894691336 LICK
370 1 1894829888 LICK
370 1 1894961560 LICK
370 1 1895092924 RESP_END
370 1 1894401872 REWARD_END
371 0 1897352608 STIM_START
371 0 1898351904 STIM_END_RESP_START
371 0 1899551936 RESP_END
372 1 1902145428 STIM_START
372 1 1903144720 STIM_END_RESP_START
372 1 1903218444 LICK
372 1 1903218948 REWARD_START
372 1 1903400952 LICK
372 1 1903835328 LICK
372 1 1904344756 RESP_END
372 1 1903239484 REWARD_END
373 1 1906918252 STIM_START
373 1 1907917548 STIM_END_RESP_START
373 1 1908156356 LICK
373 1 1908156864 REWARD_START
373 1 1908320940 LICK
373 1 1908466988 LICK
373 1 1909117564 RESP_END
373 1 1908177400 REWARD_END
374 1 1911652120 STIM_START
374 1 1912651416 STIM_END_RESP_START
374 1 1913851448 RESP_END
375 0 1916118104 STIM_START
375 0 1917117432 STIM_END_RESP_START
375 0 1918317464 RESP_END
376 1 1920701096 STIM_START
376 1 1921700388 STIM_END_RESP_START
376 1 1921801480 LICK
376 1 1921801980 REWARD_START
376 1 1921978048 LICK
376 1 1922900408 RESP_END
376 1 1921822516 REWARD_END
377 0 1925312016 STIM_START
377 0 1926311344 STIM_END_RESP_START
377 0 1927511380 RESP_END
378 0 1929611124 STIM_START
378 0 1930610420 STIM_END_RESP_START
378 0 1931810448 RESP_END
379 0 1933923208 STIM_START
379 0 1934922536 STIM_END_RESP_START
379 0 1936122568 RESP_END
380 1 1938690096 STIM_START
380 1 1939689420 STIM_END_RESP_START
380 1 1939889972 LICK
380 1 1939890476 REWARD_START
380 1 1940064608 LICK
380 1 1940337424 LICK
380 1 1940889440 RESP_END
380 1 1939911012 REWARD_END
381 0 1943351992 STIM_START
381 0 1944351288 STIM_END_RESP_START
381 0 1945551320 RESP_END
382 1 1947823020 STIM_START
382 1 1948822316 STIM_END_RESP_START
382 1 1949132780 LICK
382 1 1949133288 REWARD_START
382 1 1949314180 LICK
382 1 1949448968 LICK
382 1 1949582400 LICK
382 1 1949729676 LICK
382 1 1950022356 RESP_END
382 1 1949153824 REWARD_END
383 0 1952432908 STIM_START
383 0 1953432236 STIM_END_RESP_START
383 0 1954632268 RESP_END
384 0 1956974852 STIM_START
384 0 1957974148 STIM_END_RESP_START
384 0 1959174180 RESP_END
385 0 1961580792 STIM_START
385 0 1962580088 STIM_END_RESP_START
385 0 1963780120 RESP_END
386 1 1966377596 STIM_START
386 1 1967359644 LICK
386 1 1967376908 STIM_END_RESP_START
386 1 1967579076 LICK
386 1 1967579584 REWARD_START
386 1 1967743428 LICK
386 1 1967874164 LICK
386 1 1968576932 RESP_END
386 1 1967600104 REWARD_END
387 1 1970879604 STIM_START
387 1 1971878936 STIM_END_RESP_START
387 1 1973078964 RESP_END
388 0 1975505492 STIM_START
388 0 1976504784 STIM_END_RESP_START
388 0 1977704816 RESP_END
389 0 1980066464 STIM_START
389 0 1981065796 STIM_END_RESP_START
389 0 1982265828 RESP_END
390 0 1984422592 STIM_START
390 0 1985421924 STIM_END_RESP_START
390 0 1986621956 RESP_END
391 1 1989053460 STIM_START
391 1 1990052784 STIM_END_RESP_START
391 1 1991252820 RESP_END
392 0 1993416576 STIM_START
392 0 1994415872 STIM_END_RESP_START
392 0 1995615904 RESP_END
393 0 1997800632 STIM_START
393 0 1998799928 STIM_END_RESP_START
393 0 1999999956 RESP_END
394 1 2002425568 STIM_START
394 1 2003424864 STIM_END_RESP_START
394 1 2004624896 RESP_END
395 0 2007006512 STIM_START
395 0 2008005812 STIM_END_RESP_START
395 0 2009205844 RESP_END
396 1 2011640384 STIM_START
396 1 2012639680 STIM_END_RESP_START
396 1 2013839712 RESP_END
397 0 2016328296 STIM_START
397 0 2017327592 STIM_END_RESP_START
397 0 2018527620 RESP_END
398 0 2020836272 STIM_START
398 0 2021835564 STIM_END_RESP_START
398 0 2023035600 RESP_END
399 1 2025385280 STIM_START
399 1 2026384576 STIM_END_RESP_START
399 1 2027584608 RESP_END
400 0 2029997188 STIM_START
400 0 2030996520 STIM_END_RESP_START
400 0 2032196548 RESP_END
401 0 2040435260 STIM_START
401 0 2041434556 STIM_END_RESP_START
401 0 2042634592 RESP_END
402 0 2045141036 STIM_START
402 0 2046140360 STIM_END_RESP_START
402 0 2047340392 RESP_END
403 1 2049697168 STIM_START
403 1 2050696496 STIM_END_RESP_START
403 1 2050991620 LICK
403 1 2050992116 REWARD_START
403 1 2051223508 LICK
403 1 2051355044 LICK
403 1 2051505128 LICK
403 1 2051896532 RESP_END
403 1 2051012660 REWARD_END
404 0 2057870520 STIM_START
404 0 2058869828 STIM_END_RESP_START
404 0 2060069856 RESP_END
405 0 2062283624 STIM_START
405 0 2063282956 STIM_END_RESP_START
405 0 2064482988 RESP_END
406 0 2066911536 STIM_START
406 0 2067910868 STIM_END_RESP_START
406 0 2069110900 RESP_END
407 1 2071701336 STIM_START
407 1 2072700632 STIM_END_RESP_START
407 1 2073900664 RESP_END
408 0 2076165356 STIM_START
408 0 2077164684 STIM_END_RESP_START
408 0 2078364716 RESP_END
409 0 2080840276 STIM_START
409 0 2081839600 STIM_END_RESP_START
409 0 2083039632 RESP_END
410 0 2085479112 STIM_START
410 0 2086478408 STIM_END_RESP_START
410 0 2087678440 RESP_END
411 1 2089817256 STIM_START
411 1 2090816588 STIM_END_RESP_START
411 1 2092016612 RESP_END
412 0 2094583092 STIM_START
412 0 2095582424 STIM_END_RESP_START
412 0 2096782460 RESP_END
413 1 2099008092 STIM_START
413 1 2100007420 STIM_END_RESP_START
413 1 2101207448 RESP_END
414 0 2103532092 STIM_START
414 0 2104531388 STIM_END_RESP_START
414 0 2105731416 RESP_END
415 0 2111993476 STIM_START
415 0 2112992772 STIM_END_RESP_START
415 0 2114192804 RESP_END
416 0 2116559408 STIM_START
416 0 2117558700 STIM_END_RESP_START
416 0 2118758736 RESP_END
417 1 2121134376 STIM_START
417 1 2122133672 STIM_END_RESP_START
417 1 2123333704 RESP_END
418 1 2125604392 STIM_START
418 1 2126603724 STIM_END_RESP_START
418 1 2127803752 RESP_END
419 1 2130344280 STIM_START
419 1 2131343608 STIM_END_RESP_START
USER_EXIT