001 0 0001706792 STIM_START
001 0 0002706120 STIM_END_RESP_START
001 0 0003250920 LICK
001 0 0003251316 TIMEOUT_START
001 0 0003906148 RESP_END
001 0 0010251720 TIMEOUT_END
002 0 0012067356 STIM_START
002 0 0012929644 LICK
002 0 0013066676 STIM_END_RESP_START
002 0 0013322988 LICK
002 0 0013323428 TIMEOUT_START
002 0 0013499856 LICK
002 0 0013500292 TIMEOUT_START
002 0 0013752920 LICK
002 0 0013753364 TIMEOUT_START
002 0 0014103784 LICK
002 0 0014104220 TIMEOUT_START
002 0 0014264452 LICK
002 0 0014264888 TIMEOUT_START
002 0 0014266704 RESP_END
002 0 0021265344 TIMEOUT_END
