001 1 0001705788 STIM_START
001 1 0002705112 STIM_END_RESP_START
001 1 0003905156 RESP_END
002 1 0005715256 STIM_START
002 1 0006714584 STIM_END_RESP_START
002 1 0007115700 LICK
002 1 0007116096 REWARD_START
002 1 0007398636 LICK
002 1 0007616500 LICK
002 1 0007914608 RESP_END
002 1 0007146520 REWARD_END
003 1 0010546276 STIM_START
003 1 0011545624 STIM_END_RESP_START
003 1 0012745640 RESP_END
004 0 0014354924 STIM_START
004 0 0015354232 STIM_END_RESP_START
004 0 0016554260 RESP_END
005 0 0018267468 STIM_START
005 0 0019266812 STIM_END_RESP_START
005 0 0020466836 RESP_END
006 1 0022397980 STIM_START
006 1 0023397324 STIM_END_RESP_START
006 1 0024597348 RESP_END
007 1 0026661236 STIM_START
007 1 0027660580 STIM_END_RESP_START
007 1 0028277608 LICK
007 1 0028278052 REWARD_START
007 1 0028860592 RESP_END
007 1 0028308516 REWARD_END
008 0 0033390080 STIM_START
008 0 0034389392 STIM_END_RESP_START
008 0 0035589420 RESP_END
009 1 0037314676 STIM_START
009 1 0037966032 LICK
009 1 0038239588 LICK
009 1 0038314020 STIM_END_RESP_START
009 1 0038678144 LICK
009 1 0038678588 REWARD_START
009 1 0038823956 LICK
009 1 0038973380 LICK
009 1 0039218048 LICK
009 1 0039406724 LICK
009 1 0039514032 RESP_END
009 1 0038709048 REWARD_END
010 1 0041245216 STIM_START
010 1 0042244560 STIM_END_RESP_START
010 1 0043444584 RESP_END
011 1 0045457644 STIM_START
011 1 0046456992 STIM_END_RESP_START
