001 0 0003157216 STIM_START
001 0 0004255868 STIM_END_RESP_START
001 0 0005455912 RESP_END
002 1 0007444084 STIM_START
002 1 0008542740 STIM_END_RESP_START
002 1 0009742780 RESP_END
003 0 0011566164 STIM_START
003 0 0012664824 STIM_END_RESP_START
003 0 0013864852 RESP_END
004 0 0015666252 STIM_START
004 0 0016764916 STIM_END_RESP_START
004 0 0017964940 RESP_END
005 1 0019699428 STIM_START
005 1 0020798096 STIM_END_RESP_START
005 1 0021049276 LICK
005 1 0021049716 REWARD_START
005 1 0021525444 LICK
005 1 0021998136 RESP_END
005 1 0021080164 REWARD_END
006 0 0023607772 STIM_START
006 0 0024706404 STIM_END_RESP_START
006 0 0025906428 RESP_END
007 0 0027558980 STIM_START
007 0 0028657644 STIM_END_RESP_START
007 0 0029857672 RESP_END
008 1 0031649132 STIM_START
008 1 0031923484 LICK
008 1 0032360472 LICK
008 1 0032626980 LICK
008 1 0032747776 STIM_END_RESP_START
008 1 0033008100 LICK
008 1 0033008536 REWARD_START
008 1 0033947804 RESP_END
008 1 0033039004 REWARD_END
009 1 0035655364 STIM_START
009 1 0036606836 LICK
009 1 0036754024 STIM_END_RESP_START
009 1 0036923836 LICK
009 1 0036924272 REWARD_START
009 1 0037133968 LICK
009 1 0037954068 RESP_END
009 1 0036954740 REWARD_END
010 1 0039807344 STIM_START
010 1 0040799468 LICK
010 1 0040905996 STIM_END_RESP_START
010 1 0041308052 LICK
010 1 0041308496 REWARD_START
010 1 0042106012 RESP_END
010 1 0041338944 REWARD_END
011 0 0043812568 STIM_START
011 0 0044911240 STIM_END_RESP_START
011 0 0046111264 RESP_END
012 1 0047959612 STIM_START
012 1 0048685284 LICK
012 1 0049011288 LICK
012 1 0049058248 STIM_END_RESP_START
012 1 0049227144 LICK
012 1 0049227580 REWARD_START
012 1 0049700088 LICK
012 1 0050258264 RESP_END
012 1 0049258048 REWARD_END
013 0 0051998776 STIM_START
013 0 0053097440 STIM_END_RESP_START
013 0 0054297464 RESP_END
014 0 0056147796 STIM_START
014 0 0057246428 STIM_END_RESP_START
014 0 0058446456 RESP_END
015 1 0060103092 STIM_START
015 1 0060862780 LICK
015 1 0061201752 STIM_END_RESP_START
015 1 0061416408 LICK
015 1 0061416856 REWARD_START
015 1 0061596708 LICK
015 1 0061820680 LICK
015 1 0062401768 RESP_END
015 1 0061447308 REWARD_END
016 1 0064249140 STIM_START
016 1 0065347808 STIM_END_RESP_START
016 1 0066547836 RESP_END
USER_EXIT