001 0 0002932672 STIM_START
001 0 0003106016 LICK
001 0 0003262216 LICK
001 0 0003486024 LICK
001 0 0004031312 STIM_END_RESP_START
001 0 0005231356 RESP_END
002 0 0007064716 STIM_START
002 0 0008163368 STIM_END_RESP_START
002 0 0008863400 LICK
002 0 0008863792 TIMEOUT_START
002 0 0008991552 LICK
002 0 0008991948 TIMEOUT_START
002 0 0009152340 LICK
002 0 0009152732 TIMEOUT_START
002 0 0009363412 RESP_END
002 0 0016153148 TIMEOUT_END
003 1 0017955656 STIM_START
003 1 0019054292 STIM_END_RESP_START
003 1 0019915200 LICK
003 1 0019915636 REWARD_START
003 1 0020043884 LICK
003 1 0020177368 LICK
003 1 0020254328 RESP_END
003 1 0019966100 REWARD_END
004 0 0024541728 STIM_START
004 0 0025640364 STIM_END_RESP_START
004 0 0026652852 LICK
004 0 0026653288 TIMEOUT_START
004 0 0026840380 RESP_END
004 0 0033653736 TIMEOUT_END
005 0 0039647604 STIM_START
005 0 0040746236 STIM_END_RESP_START
005 0 0041946260 RESP_END
006 0 0043837620 STIM_START
006 0 0044936248 STIM_END_RESP_START
006 0 0044967564 LICK
006 0 0044968004 TIMEOUT_START
006 0 0045124280 LICK
006 0 0045124720 TIMEOUT_START
006 0 0045283536 LICK
006 0 0045283972 TIMEOUT_START
006 0 0045461280 LICK
006 0 0045461720 TIMEOUT_START
006 0 0045626728 LICK
006 0 0045627164 TIMEOUT_START
006 0 0045794920 LICK
006 0 0045795364 TIMEOUT_START
006 0 0046136288 RESP_END
006 0 0052795812 TIMEOUT_END
007 1 0056881928 STIM_START
007 1 0057980560 STIM_END_RESP_START
007 1 0059180584 RESP_END
008 0 0061132840 STIM_START
008 0 0062109112 LICK
008 0 0062231492 STIM_END_RESP_START
008 0 0062249892 LICK
008 0 0062250336 TIMEOUT_START
008 0 0062399192 LICK
008 0 0062399636 TIMEOUT_START
008 0 0062622100 LICK
008 0 0062622536 TIMEOUT_START
008 0 0062791072 LICK
008 0 0062791508 TIMEOUT_START
008 0 0063431516 RESP_END
008 0 0069791976 TIMEOUT_END
009 0 0071721168 STIM_START
009 0 0072180488 LICK
009 0 0072358252 LICK
009 0 0072819832 STIM_END_RESP_START
009 0 0072824900 LICK
009 0 0072825344 TIMEOUT_START
009 0 0072984364 LICK
009 0 0072984804 TIMEOUT_START
009 0 0073150076 LICK
009 0 0073150520 TIMEOUT_START
009 0 0073590228 LICK
009 0 0073590664 TIMEOUT_START
009 0 0074019880 RESP_END
009 0 0080591128 TIMEOUT_END
010 1 0082454240 STIM_START
010 1 0083552872 STIM_END_RESP_START
010 1 0084419040 LICK
010 1 0084419476 REWARD_START
010 1 0084556552 LICK
010 1 0084711484 LICK
010 1 0084752904 RESP_END
010 1 0084469936 REWARD_END
011 1 0089208208 STIM_START
011 1 0089908632 LICK
011 1 0090041412 LICK
011 1 0090188720 LICK
011 1 0090306856 STIM_END_RESP_START
011 1 0090356304 LICK
011 1 0090356748 REWARD_START
011 1 0090511912 LICK
011 1 0090637792 LICK
011 1 0090745908 LICK
011 1 0090847516 LICK
011 1 0090963424 LICK
011 1 0091077684 LICK
011 1 0091208988 LICK
011 1 0091343172 LICK
011 1 0091490056 LICK
011 1 0091506880 RESP_END
011 1 0090407208 REWARD_END
012 1 0094164228 STIM_START
012 1 0094497216 LICK
012 1 0094627788 LICK
012 1 0094774448 LICK
012 1 0094910876 LICK
012 1 0095065920 LICK
012 1 0095213392 LICK
012 1 0095262856 STIM_END_RESP_START
012 1 0095394204 LICK
012 1 0095394640 REWARD_START
012 1 0095599636 LICK
012 1 0095742468 LICK
012 1 0095856084 LICK
012 1 0095957352 LICK
012 1 0096080912 LICK
012 1 0096199740 LICK
012 1 0096331948 LICK
012 1 0096462636 LICK
012 1 0096463100 RESP_END
012 1 0095445104 REWARD_END
013 0 0098663812 STIM_START
013 0 0098787220 LICK
013 0 0098917040 LICK
013 0 0099052180 LICK
013 0 0099192784 LICK
013 0 0099348768 LICK
013 0 0099485964 LICK
013 0 0099650124 LICK
013 0 0099762480 STIM_END_RESP_START
013 0 0099836368 LICK
013 0 0099836808 TIMEOUT_START
013 0 0100026540 LICK
013 0 0100027024 TIMEOUT_START
013 0 0100962508 RESP_END
013 0 0107027524 TIMEOUT_END
014 1 0110729308 STIM_START
014 1 0111827948 STIM_END_RESP_START
014 1 0112104464 LICK
014 1 0112104948 REWARD_START
014 1 0112232436 LICK
014 1 0112370364 LICK
014 1 0112486580 LICK
014 1 0112584724 LICK
014 1 0112698340 LICK
014 1 0112820024 LICK
014 1 0112947836 LICK
014 1 0113027980 RESP_END
014 1 0112155452 REWARD_END
015 1 0116014996 STIM_START
015 1 0116841508 LICK
015 1 0116989632 LICK
015 1 0117113644 STIM_END_RESP_START
015 1 0117126624 LICK
015 1 0117127108 REWARD_START
015 1 0117283172 LICK
015 1 0117426552 LICK
015 1 0117525400 LICK
015 1 0117647768 LICK
015 1 0117772852 LICK
015 1 0117900796 LICK
015 1 0118031188 LICK
015 1 0118185736 LICK
015 1 0118313684 RESP_END
015 1 0117177620 REWARD_END
016 1 0121999816 STIM_START
016 1 0122074092 LICK
016 1 0122225052 LICK
016 1 0122372436 LICK
016 1 0122699340 LICK
016 1 0122844028 LICK
016 1 0123020612 LICK
016 1 0123098472 STIM_END_RESP_START
016 1 0123181464 LICK
016 1 0123181948 REWARD_START
016 1 0123358752 LICK
016 1 0123506644 LICK
016 1 0123598460 LICK
016 1 0123720992 LICK
016 1 0123835032 LICK
016 1 0123969716 LICK
016 1 0124298500 RESP_END
016 1 0123232460 REWARD_END
017 0 0126064932 STIM_START
017 0 0126171952 LICK
017 0 0126304792 LICK
017 0 0126454060 LICK
017 0 0126737668 LICK
017 0 0127163560 STIM_END_RESP_START
017 0 0128363604 RESP_END
018 0 0131686156 STIM_START
018 0 0131725104 LICK
018 0 0131857652 LICK
018 0 0132049160 LICK
018 0 0132271844 LICK
018 0 0132448604 LICK
018 0 0132784788 STIM_END_RESP_START
018 0 0133984832 RESP_END
019 0 0145463616 STIM_START
019 0 0146505136 LICK
019 0 0146562248 STIM_END_RESP_START
019 0 0146752712 LICK
019 0 0146753196 TIMEOUT_START
019 0 0146946140 LICK
019 0 0146946620 TIMEOUT_START
019 0 0147085320 LICK
019 0 0147085804 TIMEOUT_START
019 0 0147242388 LICK
019 0 0147242872 TIMEOUT_START
019 0 0147428164 LICK
019 0 0147428652 TIMEOUT_START
019 0 0147630736 LICK
019 0 0147631228 TIMEOUT_START
019 0 0147762284 RESP_END
019 0 0154631728 TIMEOUT_END
020 1 0158531976 STIM_START
020 1 0158559536 LICK
020 1 0158731552 LICK
020 1 0158923320 LICK
020 1 0159085668 LICK
020 1 0159259232 LICK
020 1 0159451616 LICK
020 1 0159630604 STIM_END_RESP_START
020 1 0159647504 LICK
020 1 0159647996 REWARD_START
020 1 0159806748 LICK
020 1 0160051372 LICK
020 1 0160169548 LICK
020 1 0160281384 LICK
020 1 0160408472 LICK
020 1 0160541308 LICK
020 1 0160669944 LICK
020 1 0160830620 RESP_END
020 1 0159698504 REWARD_END
021 0 0162495216 STIM_START
021 0 0162968524 LICK
021 0 0163106860 LICK
021 0 0163249988 LICK
021 0 0163431800 LICK
021 0 0163576460 LICK
021 0 0163593864 STIM_END_RESP_START
021 0 0163737756 LICK
021 0 0163738240 TIMEOUT_START
021 0 0163894712 LICK
021 0 0163895196 TIMEOUT_START
021 0 0164038592 LICK
021 0 0164039080 TIMEOUT_START
021 0 0164219936 LICK
021 0 0164220420 TIMEOUT_START
021 0 0164382624 LICK
021 0 0164383116 TIMEOUT_START
021 0 0164793884 RESP_END
021 0 0171383620 TIMEOUT_END
022 0 0178797608 STIM_START
022 0 0179284572 LICK
022 0 0179453308 LICK
022 0 0179609052 LICK
022 0 0179776368 LICK
022 0 0179896244 STIM_END_RESP_START
022 0 0179929080 LICK
022 0 0179929568 TIMEOUT_START
022 0 0180103068 LICK
022 0 0180103560 TIMEOUT_START
022 0 0180312812 LICK
022 0 0180313300 TIMEOUT_START
022 0 0181096288 RESP_END
022 0 0187313796 TIMEOUT_END
023 1 0190525548 STIM_START
023 1 0190591816 LICK
023 1 0190757648 LICK
023 1 0191624208 STIM_END_RESP_START
023 1 0192824244 RESP_END
024 1 0196721100 STIM_START
024 1 0197210188 LICK
024 1 0197369388 LICK
024 1 0197542696 LICK
024 1 0197685888 LICK
024 1 0197819732 STIM_END_RESP_START
024 1 0197928252 LICK
024 1 0197928736 REWARD_START
024 1 0198129260 LICK
024 1 0198276232 LICK
024 1 0198368428 LICK
024 1 0198481952 LICK
024 1 0198600532 LICK
024 1 0198716628 LICK
024 1 0198841704 LICK
024 1 0199019748 RESP_END
024 1 0197979244 REWARD_END
025 0 0202075688 STIM_START
025 0 0202294628 LICK
025 0 0202430116 LICK
025 0 0202571140 LICK
025 0 0202743452 LICK
025 0 0203174340 STIM_END_RESP_START
025 0 0204374384 RESP_END
026 1 0206976796 STIM_START
026 1 0207041528 LICK
026 1 0207187648 LICK
026 1 0207354940 LICK
026 1 0207539940 LICK
026 1 0207697832 LICK
026 1 0207897128 LICK
026 1 0208075440 STIM_END_RESP_START
026 1 0208125736 LICK
026 1 0208126224 REWARD_START
026 1 0208323336 LICK
026 1 0208541260 LICK
026 1 0208656112 LICK
026 1 0208749932 LICK
026 1 0208864996 LICK
026 1 0208986468 LICK
026 1 0209116212 LICK
026 1 0209258400 LICK
026 1 0209275456 RESP_END
026 1 0208176728 REWARD_END
027 0 0212090696 STIM_START
027 0 0212223856 LICK
027 0 0212366620 LICK
027 0 0212572668 LICK
027 0 0213189360 STIM_END_RESP_START
027 0 0213366684 LICK
027 0 0213367172 TIMEOUT_START
027 0 0213525336 LICK
027 0 0213525824 TIMEOUT_START
027 0 0213671332 LICK
027 0 0213671812 TIMEOUT_START
027 0 0213836876 LICK
027 0 0213837356 TIMEOUT_START
027 0 0214389400 RESP_END
027 0 0220837852 TIMEOUT_END
028 1 0224858368 STIM_START
028 1 0224911520 LICK
028 1 0225046312 LICK
028 1 0225957004 STIM_END_RESP_START
028 1 0226214812 LICK
028 1 0226215300 REWARD_START
028 1 0226358756 LICK
028 1 0226597224 LICK
028 1 0226719544 LICK
028 1 0226815392 LICK
028 1 0226934996 LICK
028 1 0227054268 LICK
028 1 0227157032 RESP_END
028 1 0226265804 REWARD_END
029 0 0242165572 STIM_START
029 0 0243264224 STIM_END_RESP_START
029 0 0244098196 LICK
029 0 0244098684 TIMEOUT_START
029 0 0244396372 LICK
029 0 0244396856 TIMEOUT_START
029 0 0244464244 RESP_END
029 0 0251397372 TIMEOUT_END
030 1 0253483984 STIM_START
030 1 0254365072 LICK
030 1 0254504568 LICK
030 1 0254582640 STIM_END_RESP_START
030 1 0255201888 LICK
030 1 0255202376 REWARD_START
030 1 0255782684 RESP_END
030 1 0255252884 REWARD_END
031 0 0257713940 STIM_START
031 0 0258380020 LICK
031 0 0258812600 STIM_END_RESP_START
031 0 0258822948 LICK
031 0 0258823448 TIMEOUT_START
031 0 0260012628 RESP_END
031 0 0265823948 TIMEOUT_END
032 0 0267762844 STIM_START
032 0 0268158836 LICK
032 0 0268320980 LICK
032 0 0268861484 STIM_END_RESP_START
032 0 0270061520 RESP_END
033 0 0273405136 STIM_START
033 0 0273789668 LICK
033 0 0274503788 STIM_END_RESP_START
033 0 0275687704 LICK
033 0 0275688188 TIMEOUT_START
033 0 0275703804 RESP_END
033 0 0282688704 TIMEOUT_END
034 1 0285052100 STIM_START
034 1 0285818808 LICK
034 1 0286150760 STIM_END_RESP_START
034 1 0286655700 LICK
034 1 0286656184 REWARD_START
034 1 0287295128 LICK
034 1 0287350808 RESP_END
034 1 0286706696 REWARD_END
035 1 0290632480 STIM_START
035 1 0291731132 STIM_END_RESP_START
035 1 0291939548 LICK
035 1 0291940032 REWARD_START
035 1 0292097236 LICK
035 1 0292240016 LICK
035 1 0292338268 LICK
035 1 0292458984 LICK
035 1 0292582152 LICK
035 1 0292698852 LICK
035 1 0292824044 LICK
035 1 0292931144 RESP_END
035 1 0291990544 REWARD_END
036 1 0297506208 STIM_START
036 1 0298309088 LICK
036 1 0298451996 LICK
036 1 0298604864 STIM_END_RESP_START
036 1 0298608336 LICK
036 1 0298608824 REWARD_START
036 1 0298801476 LICK
036 1 0299041356 LICK
036 1 0299163588 LICK
036 1 0299278132 LICK
036 1 0299405636 LICK
036 1 0299541536 LICK
036 1 0299804904 RESP_END
036 1 0298659332 REWARD_END
037 0 0303176404 STIM_START
037 0 0303796760 LICK
037 0 0303954320 LICK
037 0 0304095860 LICK
037 0 0304247636 LICK
037 0 0304275064 STIM_END_RESP_START
037 0 0304425816 LICK
037 0 0304426304 TIMEOUT_START
037 0 0304576872 LICK
037 0 0304577356 TIMEOUT_START
037 0 0305475112 RESP_END
037 0 0311577860 TIMEOUT_END
038 0 0314311024 STIM_START
038 0 0315409664 STIM_END_RESP_START
038 0 0315491528 LICK
038 0 0315492016 TIMEOUT_START
038 0 0315645652 LICK
038 0 0315646140 TIMEOUT_START
038 0 0315825228 LICK
038 0 0315825712 TIMEOUT_START
038 0 0315989972 LICK
038 0 0315990464 TIMEOUT_START
038 0 0316170628 LICK
038 0 0316171112 TIMEOUT_START
038 0 0316328796 LICK
038 0 0316329288 TIMEOUT_START
038 0 0316539984 LICK
038 0 0316540468 TIMEOUT_START
038 0 0316609680 RESP_END
038 0 0323540972 TIMEOUT_END
039 0 0325322800 STIM_START
039 0 0326123192 LICK
039 0 0326290708 LICK
039 0 0326421440 STIM_END_RESP_START
039 0 0326462764 LICK
039 0 0326463248 TIMEOUT_START
039 0 0326623680 LICK
039 0 0326624164 TIMEOUT_START
039 0 0326796080 LICK
039 0 0326796572 TIMEOUT_START
039 0 0326964104 LICK
039 0 0326964592 TIMEOUT_START
039 0 0327621476 RESP_END
039 0 0333965104 TIMEOUT_END
040 1 0339687540 STIM_START
040 1 0339750232 LICK
040 1 0339921312 LICK
040 1 0340786208 STIM_END_RESP_START
040 1 0341986248 RESP_END
041 0 0345852144 STIM_START
041 0 0346950796 STIM_END_RESP_START
041 0 0348150840 RESP_END
042 0 0349783444 STIM_START
042 0 0350882096 STIM_END_RESP_START
042 0 0350914820 LICK
042 0 0350915304 TIMEOUT_START
042 0 0351065752 LICK
042 0 0351066244 TIMEOUT_START
042 0 0351204064 LICK
042 0 0351204552 TIMEOUT_START
042 0 0351377668 LICK
042 0 0351378152 TIMEOUT_START
042 0 0351524108 LICK
042 0 0351524592 TIMEOUT_START
042 0 0351707600 LICK
042 0 0351708084 TIMEOUT_START
042 0 0351900540 LICK
042 0 0351901032 TIMEOUT_START
042 0 0352082116 RESP_END
042 0 0358901528 TIMEOUT_END
043 1 0362387304 STIM_START
043 1 0363292056 LICK
043 1 0363482968 LICK
043 1 0363485960 STIM_END_RESP_START
043 1 0363655548 LICK
043 1 0363656032 REWARD_START
043 1 0363896696 LICK
043 1 0364126188 LICK
043 1 0364240832 LICK
043 1 0364344720 LICK
043 1 0364468212 LICK
043 1 0364594732 LICK
043 1 0364686000 RESP_END
043 1 0363706544 REWARD_END
044 1 0367214548 STIM_START
044 1 0367667192 LICK
044 1 0367862248 LICK
044 1 0368313192 STIM_END_RESP_START
044 1 0369513236 RESP_END
045 1 0375906124 STIM_START
045 1 0376953920 LICK
045 1 0377004780 STIM_END_RESP_START
045 1 0377117464 LICK
045 1 0377117956 REWARD_START
045 1 0378204804 RESP_END
045 1 0377168464 REWARD_END
046 0 0381149896 STIM_START
046 0 0382248544 STIM_END_RESP_START
046 0 0383442976 LICK
046 0 0383443464 TIMEOUT_START
046 0 0383448568 RESP_END
046 0 0390443964 TIMEOUT_END
047 0 0392166632 STIM_START
047 0 0393265288 STIM_END_RESP_START
047 0 0393405748 LICK
047 0 0393406232 TIMEOUT_START
047 0 0393557060 LICK
047 0 0393557544 TIMEOUT_START
047 0 0393727244 LICK
047 0 0393727728 TIMEOUT_START
047 0 0393943896 LICK
047 0 0393944384 TIMEOUT_START
047 0 0394465316 RESP_END
047 0 0400944884 TIMEOUT_END
048 0 0414437896 STIM_START
048 0 0415479028 LICK
048 0 0415536524 STIM_END_RESP_START
048 0 0415642188 LICK
048 0 0415642680 TIMEOUT_START
048 0 0415783508 LICK
048 0 0415784000 TIMEOUT_START
048 0 0415940788 LICK
048 0 0415941276 TIMEOUT_START
048 0 0416206824 LICK
048 0 0416207312 TIMEOUT_START
048 0 0416354348 LICK
048 0 0416354836 TIMEOUT_START
048 0 0416736548 RESP_END
048 0 0423355328 TIMEOUT_END
049 1 0426567344 STIM_START
049 1 0426724408 LICK
049 1 0426859828 LICK
049 1 0427057244 LICK
049 1 0427227456 LICK
049 1 0427380008 LICK
049 1 0427604620 LICK
049 1 0427665972 STIM_END_RESP_START
049 1 0427807484 LICK
049 1 0427807976 REWARD_START
049 1 0427961744 LICK
049 1 0428194644 LICK
049 1 0428311460 LICK
049 1 0428427288 LICK
049 1 0428563096 LICK
049 1 0428865992 RESP_END
049 1 0427858480 REWARD_END
050 1 0431422460 STIM_START
050 1 0432148296 LICK
050 1 0432297912 LICK
050 1 0432443232 LICK
050 1 0432521116 STIM_END_RESP_START
050 1 0432609064 LICK
050 1 0432609556 REWARD_START
050 1 0432788992 LICK
050 1 0432941420 LICK
050 1 0433031840 LICK
050 1 0433152176 LICK
050 1 0433276156 LICK
050 1 0433402076 LICK
050 1 0433535752 LICK
050 1 0433721152 RESP_END
050 1 0432660060 REWARD_END
051 0 0438814592 STIM_START
051 0 0439238112 LICK
051 0 0439393072 LICK
051 0 0439598056 LICK
051 0 0439813352 LICK
051 0 0439913224 STIM_END_RESP_START
051 0 0441113268 RESP_END
052 1 0446896892 STIM_START
052 1 0447165820 LICK
052 1 0447327604 LICK
052 1 0447514988 LICK
052 1 0447684752 LICK
052 1 0447995556 STIM_END_RESP_START
052 1 0449176888 LICK
052 1 0449177372 REWARD_START
052 1 0449227920 RESP_END
052 1 0449227884 REWARD_END
053 0 0454158188 STIM_START
053 0 0454502240 LICK
053 0 0455256828 STIM_END_RESP_START
053 0 0456171552 LICK
053 0 0456172036 TIMEOUT_START
053 0 0456322968 LICK
053 0 0456323460 TIMEOUT_START
053 0 0456456864 RESP_END
053 0 0463323956 TIMEOUT_END
054 1 0464968276 STIM_START
054 1 0465891880 LICK
054 1 0466057260 LICK
054 1 0466066940 STIM_END_RESP_START
054 1 0466207760 LICK
054 1 0466208248 REWARD_START
054 1 0466474080 LICK
054 1 0466708692 LICK
054 1 0466829412 LICK
054 1 0466948452 LICK
054 1 0467078252 LICK
054 1 0467223192 LICK
054 1 0467266972 RESP_END
054 1 0466258752 REWARD_END
055 0 0469159180 STIM_START
055 0 0469694068 LICK
055 0 0469821584 LICK
055 0 0469945760 LICK
055 0 0470090060 LICK
055 0 0470235612 LICK
055 0 0470257812 STIM_END_RESP_START
055 0 0470461352 LICK
055 0 0470461844 TIMEOUT_START
055 0 0470639328 LICK
055 0 0470639820 TIMEOUT_START
055 0 0470798648 LICK
055 0 0470799132 TIMEOUT_START
055 0 0471457852 RESP_END
055 0 0477799644 TIMEOUT_END
056 0 0480027204 STIM_START
056 0 0480707592 LICK
056 0 0480839616 LICK
056 0 0481027192 LICK
056 0 0481125840 STIM_END_RESP_START
056 0 0482325884 RESP_END
057 1 0487321444 STIM_START
057 1 0487451644 LICK
057 1 0487623976 LICK
057 1 0487898772 LICK
057 1 0488073912 LICK
057 1 0488420100 STIM_END_RESP_START
057 1 0488877924 LICK
057 1 0488878416 REWARD_START
057 1 0489046944 LICK
057 1 0489280944 LICK
057 1 0489402740 LICK
057 1 0489502980 LICK
057 1 0489620124 RESP_END
057 1 0488928920 REWARD_END
058 1 0492131652 STIM_START
058 1 0492572060 LICK
058 1 0492708832 LICK
058 1 0492876480 LICK
058 1 0493045112 LICK
058 1 0493216516 LICK
058 1 0493230276 STIM_END_RESP_START
058 1 0493360520 LICK
058 1 0493361008 REWARD_START
058 1 0493538328 LICK
058 1 0493770504 LICK
058 1 0493892624 LICK
058 1 0494024132 LICK
058 1 0494149348 LICK
058 1 0494430324 RESP_END
058 1 0493411516 REWARD_END
059 1 0496727108 STIM_START
059 1 0497185484 LICK
059 1 0497338504 LICK
059 1 0497480964 LICK
059 1 0497688428 LICK
059 1 0497825748 STIM_END_RESP_START
059 1 0497854984 LICK
059 1 0497855472 REWARD_START
059 1 0498029244 LICK
059 1 0498175600 LICK
059 1 0498279100 LICK
059 1 0498395280 LICK
059 1 0498512680 LICK
059 1 0498637420 LICK
059 1 0498771268 LICK
059 1 0499025784 RESP_END
059 1 0497905984 REWARD_END
060 0 0504207188 STIM_START
060 0 0504552592 LICK
060 0 0504708436 LICK
060 0 0504869936 LICK
060 0 0505026736 LICK
060 0 0505254816 LICK
060 0 0505305816 STIM_END_RESP_START
060 0 0505429320 LICK
060 0 0505429808 TIMEOUT_START
060 0 0505597996 LICK
060 0 0505598484 TIMEOUT_START
060 0 0505755432 LICK
060 0 0505755924 TIMEOUT_START
060 0 0506505860 RESP_END
060 0 0512756436 TIMEOUT_END
061 0 0525187956 STIM_START
061 0 0526286604 STIM_END_RESP_START
061 0 0527256736 LICK
061 0 0527257220 TIMEOUT_START
061 0 0527412480 LICK
061 0 0527412960 TIMEOUT_START
061 0 0527486640 RESP_END
061 0 0534413472 TIMEOUT_END
062 0 0536459476 STIM_START
062 0 0536479996 LICK
062 0 0536652792 LICK
062 0 0536917960 LICK
062 0 0537558132 STIM_END_RESP_START
062 0 0537670212 LICK
062 0 0537670704 TIMEOUT_START
062 0 0537823128 LICK
062 0 0537823616 TIMEOUT_START
062 0 0538037356 LICK
062 0 0538037840 TIMEOUT_START
062 0 0538758172 RESP_END
062 0 0545038352 TIMEOUT_END
063 1 0547411336 STIM_START
063 1 0548091416 LICK
063 1 0548226564 LICK
063 1 0548367988 LICK
063 1 0548504104 LICK
063 1 0548509960 STIM_END_RESP_START
063 1 0548668524 LICK
063 1 0548669008 REWARD_START
063 1 0548821692 LICK
063 1 0548975676 LICK
063 1 0549066064 LICK
063 1 0549181300 LICK
063 1 0549304228 LICK
063 1 0549446444 LICK
063 1 0549585408 LICK
063 1 0549709980 RESP_END
063 1 0548719512 REWARD_END
064 0 0551510392 STIM_START
064 0 0552082760 LICK
064 0 0552211208 LICK
064 0 0552365532 LICK
064 0 0552521168 LICK
064 0 0552609036 STIM_END_RESP_START
064 0 0552664736 LICK
064 0 0552665224 TIMEOUT_START
064 0 0552807436 LICK
064 0 0552807920 TIMEOUT_START
064 0 0552985524 LICK
064 0 0552986016 TIMEOUT_START
064 0 0553132384 LICK
064 0 0553132868 TIMEOUT_START
064 0 0553289292 LICK
064 0 0553289784 TIMEOUT_START
064 0 0553477080 LICK
064 0 0553477568 TIMEOUT_START
064 0 0553809080 RESP_END
064 0 0560478076 TIMEOUT_END
065 0 0563411136 STIM_START
065 0 0564326556 LICK
065 0 0564509772 STIM_END_RESP_START
065 0 0564515412 LICK
065 0 0564515904 TIMEOUT_START
065 0 0565641804 LICK
065 0 0565642296 TIMEOUT_START
065 0 0565709804 RESP_END
065 0 0572642800 TIMEOUT_END
066 0 0577015776 STIM_START
066 0 0578114424 STIM_END_RESP_START
066 0 0578267468 LICK
066 0 0578267952 TIMEOUT_START
066 0 0578429228 LICK
066 0 0578429712 TIMEOUT_START
066 0 0578601144 LICK
066 0 0578601628 TIMEOUT_START
066 0 0578955200 LICK
066 0 0578955688 TIMEOUT_START
066 0 0579314444 RESP_END
066 0 0585956196 TIMEOUT_END
067 1 0589064340 STIM_START
067 1 0590038620 LICK
067 1 0590163000 STIM_END_RESP_START
067 1 0590188592 LICK
067 1 0590189076 REWARD_START
067 1 0590355892 LICK
067 1 0590500652 LICK
067 1 0590597248 LICK
067 1 0590693512 LICK
067 1 0590807588 LICK
067 1 0590922164 LICK
067 1 0591050508 LICK
067 1 0591363032 RESP_END
067 1 0590239580 REWARD_END
068 0 0593521964 STIM_START
068 0 0594192960 LICK
068 0 0594332712 LICK
068 0 0594477432 LICK
068 0 0594620628 STIM_END_RESP_START
068 0 0594637452 LICK
068 0 0594637944 TIMEOUT_START
068 0 0594807668 LICK
068 0 0594808160 TIMEOUT_START
068 0 0594982496 LICK
068 0 0594982984 TIMEOUT_START
068 0 0595147076 LICK
068 0 0595147564 TIMEOUT_START
068 0 0595820644 RESP_END
068 0 0602148076 TIMEOUT_END
069 0 0604490848 STIM_START
069 0 0605589492 STIM_END_RESP_START
069 0 0605747308 LICK
069 0 0605747792 TIMEOUT_START
069 0 0605881156 LICK
069 0 0605881648 TIMEOUT_START
069 0 0606041596 LICK
069 0 0606042084 TIMEOUT_START
069 0 0606227684 LICK
069 0 0606228168 TIMEOUT_START
069 0 0606407732 LICK
069 0 0606408216 TIMEOUT_START
069 0 0606552180 LICK
069 0 0606552664 TIMEOUT_START
069 0 0606718128 LICK
069 0 0606718616 TIMEOUT_START
069 0 0606789540 RESP_END
069 0 0613719128 TIMEOUT_END
070 1 0615803232 STIM_START
070 1 0616692124 LICK
070 1 0616829300 LICK
070 1 0616901884 STIM_END_RESP_START
070 1 0617028492 LICK
070 1 0617028984 REWARD_START
070 1 0617178020 LICK
070 1 0617421996 LICK
070 1 0617536256 LICK
070 1 0617642120 LICK
070 1 0617761928 LICK
070 1 0617883784 LICK
070 1 0618101916 RESP_END
070 1 0617079488 REWARD_END
071 1 0620894148 STIM_START
071 1 0621293036 LICK
071 1 0621435168 LICK
071 1 0621594200 LICK
071 1 0621764820 LICK
071 1 0621976180 LICK
071 1 0621992780 STIM_END_RESP_START
071 1 0622143992 LICK
071 1 0622144480 REWARD_START
071 1 0622311408 LICK
071 1 0622450704 LICK
071 1 0622548912 LICK
071 1 0622675040 LICK
071 1 0622802204 LICK
071 1 0622919056 LICK
071 1 0623048344 LICK
071 1 0623192728 LICK
071 1 0623193236 RESP_END
071 1 0622194992 REWARD_END
072 1 0625131040 STIM_START
072 1 0625356484 LICK
072 1 0625507768 LICK
072 1 0625656140 LICK
072 1 0625800384 LICK
072 1 0625955612 LICK
072 1 0626120508 LICK
072 1 0626229676 STIM_END_RESP_START
072 1 0626321260 LICK
072 1 0626321756 REWARD_START
072 1 0626489592 LICK
072 1 0626625056 LICK
072 1 0626727696 LICK
072 1 0626846392 LICK
072 1 0626965820 LICK
072 1 0627099792 LICK
072 1 0627236836 LICK
072 1 0627369212 LICK
072 1 0627429700 RESP_END
072 1 0626372260 REWARD_END
073 0 0630967036 STIM_START
073 0 0632039260 LICK
073 0 0632065672 STIM_END_RESP_START
073 0 0632180616 LICK
073 0 0632181108 TIMEOUT_START
073 0 0632486732 LICK
073 0 0632487224 TIMEOUT_START
073 0 0632649384 LICK
073 0 0632649872 TIMEOUT_START
073 0 0633265700 RESP_END
073 0 0639650380 TIMEOUT_END
074 0 0641434532 STIM_START
074 0 0642043152 LICK
074 0 0642218044 LICK
074 0 0642371368 LICK
074 0 0642533184 STIM_END_RESP_START
074 0 0642533672 LICK
074 0 0642534160 TIMEOUT_START
074 0 0642798032 LICK
074 0 0642798516 TIMEOUT_START
074 0 0642972956 LICK
074 0 0642973440 TIMEOUT_START
074 0 0643733200 RESP_END
074 0 0649973940 TIMEOUT_END
075 1 0653495068 STIM_START
075 1 0654553716 LICK
075 1 0654593712 STIM_END_RESP_START
075 1 0654722628 LICK
075 1 0654723120 REWARD_START
075 1 0654874424 LICK
075 1 0655113796 LICK
075 1 0655235200 LICK
075 1 0655361648 LICK
075 1 0655491092 LICK
075 1 0655631420 LICK
075 1 0655769396 LICK
075 1 0655793740 RESP_END
075 1 0654773628 REWARD_END
076 0 0660028212 STIM_START
076 0 0660817356 LICK
076 0 0660964600 LICK
076 0 0661126868 STIM_END_RESP_START
076 0 0661221044 LICK
076 0 0661221532 TIMEOUT_START
076 0 0661432764 LICK
076 0 0661433248 TIMEOUT_START
076 0 0661604820 LICK
076 0 0661605304 TIMEOUT_START
076 0 0661787932 LICK
076 0 0661788416 TIMEOUT_START
076 0 0661995080 LICK
076 0 0661995572 TIMEOUT_START
076 0 0662326888 RESP_END
076 0 0668996068 TIMEOUT_END
077 0 0671715192 STIM_START
077 0 0672564300 LICK
077 0 0672716948 LICK
077 0 0672813848 STIM_END_RESP_START
077 0 0672883852 LICK
077 0 0672884336 TIMEOUT_START
077 0 0673073216 LICK
077 0 0673073700 TIMEOUT_START
077 0 0673226096 LICK
077 0 0673226580 TIMEOUT_START
077 0 0673401348 LICK
077 0 0673401832 TIMEOUT_START
077 0 0673620472 LICK
077 0 0673620956 TIMEOUT_START
077 0 0673805336 LICK
077 0 0673805816 TIMEOUT_START
077 0 0673985960 LICK
077 0 0673986444 TIMEOUT_START
077 0 0674013876 RESP_END
077 0 0680986952 TIMEOUT_END
078 1 0682969668 STIM_START
078 1 0683145044 LICK
078 1 0683299864 LICK
078 1 0683611908 LICK
078 1 0683768828 LICK
078 1 0683940928 LICK
078 1 0684068332 STIM_END_RESP_START
078 1 0684149520 LICK
078 1 0684150012 REWARD_START
078 1 0684306824 LICK
078 1 0684446604 LICK
078 1 0684539592 LICK
078 1 0684645100 LICK
078 1 0684761108 LICK
078 1 0684899576 LICK
078 1 0685215232 LICK
078 1 0685268352 RESP_END
078 1 0684200516 REWARD_END
079 1 0687631072 STIM_START
079 1 0688511496 LICK
079 1 0688640024 LICK
079 1 0688729704 STIM_END_RESP_START
079 1 0688803308 LICK
079 1 0688803792 REWARD_START
079 1 0688992472 LICK
079 1 0689226276 LICK
079 1 0689345408 LICK
079 1 0689462364 LICK
079 1 0689583076 LICK
079 1 0689736012 LICK
079 1 0689887028 LICK
079 1 0689929744 RESP_END
079 1 0688854304 REWARD_END
080 0 0692278516 STIM_START
080 0 0693106560 LICK
080 0 0693252420 LICK
080 0 0693377160 STIM_END_RESP_START
080 0 0693410480 LICK
080 0 0693410972 TIMEOUT_START
080 0 0693617404 LICK
080 0 0693617896 TIMEOUT_START
080 0 0693766664 LICK
080 0 0693767148 TIMEOUT_START
080 0 0693928792 LICK
080 0 0693929284 TIMEOUT_START
080 0 0694091560 LICK
080 0 0694092052 TIMEOUT_START
080 0 0694268744 LICK
080 0 0694269240 TIMEOUT_START
080 0 0694473752 LICK
080 0 0694474236 TIMEOUT_START
080 0 0694577208 RESP_END
080 0 0701474740 TIMEOUT_END
081 0 0703560940 STIM_START
081 0 0704404580 LICK
081 0 0704546588 LICK
081 0 0704659612 STIM_END_RESP_START
081 0 0704697404 LICK
081 0 0704697888 TIMEOUT_START
081 0 0704921708 LICK
081 0 0704922188 TIMEOUT_START
081 0 0705078324 LICK
081 0 0705078808 TIMEOUT_START
081 0 0705253600 LICK
081 0 0705254084 TIMEOUT_START
081 0 0705859636 RESP_END
081 0 0712254592 TIMEOUT_END
082 0 0716118912 STIM_START
082 0 0716632216 LICK
082 0 0716801952 LICK
082 0 0716945744 LICK
082 0 0717091972 LICK
082 0 0717217544 STIM_END_RESP_START
082 0 0717271892 LICK
082 0 0717272384 TIMEOUT_START
082 0 0717432020 LICK
082 0 0717432508 TIMEOUT_START
082 0 0717630364 LICK
082 0 0717630852 TIMEOUT_START
082 0 0717806976 LICK
082 0 0717807460 TIMEOUT_START
082 0 0717988980 LICK
082 0 0717989464 TIMEOUT_START
082 0 0718154060 LICK
082 0 0718154544 TIMEOUT_START
082 0 0718333892 LICK
082 0 0718334384 TIMEOUT_START
082 0 0718417584 RESP_END
082 0 0725334892 TIMEOUT_END
083 1 0730794320 STIM_START
083 1 0731603552 LICK
083 1 0731787016 LICK
083 1 0731892952 STIM_END_RESP_START
083 1 0733092996 RESP_END
084 1 0737527248 STIM_START
084 1 0738508384 LICK
084 1 0738625916 STIM_END_RESP_START
084 1 0738662056 LICK
084 1 0738662548 REWARD_START
084 1 0739396780 LICK
084 1 0739608936 LICK
084 1 0739725376 LICK
084 1 0739825952 RESP_END
084 1 0738713052 REWARD_END
085 0 0744415952 STIM_START
085 0 0745127672 LICK
085 0 0745270504 LICK
085 0 0745432432 LICK
085 0 0745514612 STIM_END_RESP_START
085 0 0745629852 LICK
085 0 0745630336 TIMEOUT_START
085 0 0745786520 LICK
085 0 0745787008 TIMEOUT_START
085 0 0745964320 LICK
085 0 0745964812 TIMEOUT_START
085 0 0746714636 RESP_END
085 0 0752965308 TIMEOUT_END
086 1 0754548824 STIM_START
086 1 0755436020 LICK
086 1 0755583584 LICK
086 1 0755647480 STIM_END_RESP_START
086 1 0755789868 LICK
086 1 0755790352 REWARD_START
086 1 0755976288 LICK
086 1 0756135124 LICK
086 1 0756233500 LICK
086 1 0756335400 LICK
086 1 0756456268 LICK
086 1 0756596832 LICK
086 1 0756749364 LICK
086 1 0756847496 RESP_END
086 1 0755840860 REWARD_END
087 0 0761789140 STIM_START
087 0 0762405228 LICK
087 0 0762543704 LICK
087 0 0762698432 LICK
087 0 0762887784 STIM_END_RESP_START
087 0 0762918780 LICK
087 0 0762919272 TIMEOUT_START
087 0 0763072416 LICK
087 0 0763072908 TIMEOUT_START
087 0 0763229020 LICK
087 0 0763229512 TIMEOUT_START
087 0 0763391432 LICK
087 0 0763391920 TIMEOUT_START
087 0 0763543156 LICK
087 0 0763543644 TIMEOUT_START
087 0 0763869216 LICK
087 0 0763869700 TIMEOUT_START
087 0 0764041616 LICK
087 0 0764042100 TIMEOUT_START
087 0 0764087804 RESP_END
087 0 0771042612 TIMEOUT_END
088 1 0772845908 STIM_START
088 1 0773562200 LICK
088 1 0773712240 LICK
088 1 0773867704 LICK
088 1 0773944560 STIM_END_RESP_START
088 1 0774021880 LICK
088 1 0774022372 REWARD_START
088 1 0774233260 LICK
088 1 0774474200 LICK
088 1 0774596208 LICK
088 1 0774719780 LICK
088 1 0774850732 LICK
088 1 0775144596 RESP_END
088 1 0774072880 REWARD_END
089 0 0778428124 STIM_START
089 0 0779058716 LICK
089 0 0779223592 LICK
089 0 0779492604 LICK
089 0 0779526760 STIM_END_RESP_START
089 0 0780726804 RESP_END
090 1 0782507224 STIM_START
090 1 0782540980 LICK
090 1 0782683016 LICK
090 1 0782848196 LICK
090 1 0783071316 LICK
090 1 0783252324 LICK
090 1 0783422256 LICK
090 1 0783605856 STIM_END_RESP_START
090 1 0783732316 LICK
090 1 0783732812 REWARD_START
090 1 0784573116 LICK
090 1 0784796120 LICK
090 1 0784805880 RESP_END
090 1 0783783316 REWARD_END
091 0 0788465088 STIM_START
091 0 0789328696 LICK
091 0 0789470492 LICK
091 0 0789563736 STIM_END_RESP_START
091 0 0789622472 LICK
091 0 0789622964 TIMEOUT_START
091 0 0789810056 LICK
091 0 0789810544 TIMEOUT_START
091 0 0789994092 LICK
091 0 0789994584 TIMEOUT_START
091 0 0790763760 RESP_END
091 0 0796995088 TIMEOUT_END
092 0 0798957496 STIM_START
092 0 0799316784 LICK
092 0 0799478984 LICK
092 0 0799664748 LICK
092 0 0799884156 LICK
092 0 0800056148 STIM_END_RESP_START
092 0 0800056892 LICK
092 0 0800057388 TIMEOUT_START
092 0 0800240380 LICK
092 0 0800240872 TIMEOUT_START
092 0 0800425584 LICK
092 0 0800426072 TIMEOUT_START
092 0 0801256180 RESP_END
092 0 0807426572 TIMEOUT_END
093 0 0809371020 STIM_START
093 0 0809455960 LICK
093 0 0809603780 LICK
093 0 0809751688 LICK
093 0 0809997324 LICK
093 0 0810155908 LICK
093 0 0810345344 LICK
093 0 0810469668 STIM_END_RESP_START
093 0 0810526908 LICK
093 0 0810527392 TIMEOUT_START
093 0 0811066208 LICK
093 0 0811066700 TIMEOUT_START
093 0 0811226480 LICK
093 0 0811226968 TIMEOUT_START
093 0 0811563428 LICK
093 0 0811563912 TIMEOUT_START
093 0 0811669708 RESP_END
093 0 0818564416 TIMEOUT_END
094 1 0820408784 STIM_START
094 1 0821033792 LICK
094 1 0821166908 LICK
094 1 0821311812 LICK
094 1 0821463868 LICK
094 1 0821507432 STIM_END_RESP_START
094 1 0821748364 LICK
094 1 0821748856 REWARD_START
094 1 0821921292 LICK
094 1 0822059452 LICK
094 1 0822159740 LICK
094 1 0822266344 LICK
094 1 0822379424 LICK
094 1 0822500068 LICK
094 1 0822632932 LICK
094 1 0822707480 RESP_END
094 1 0821799360 REWARD_END
095 1 0825390764 STIM_START
095 1 0825896676 LICK
095 1 0826045016 LICK
095 1 0826222172 LICK
095 1 0826374280 LICK
095 1 0826489400 STIM_END_RESP_START
095 1 0826748376 LICK
095 1 0826748864 REWARD_START
095 1 0826893876 LICK
095 1 0827029860 LICK
095 1 0827124104 LICK
095 1 0827246564 LICK
095 1 0827373124 LICK
095 1 0827501388 LICK
095 1 0827643120 LICK
095 1 0827689440 RESP_END
095 1 0826799376 REWARD_END
096 1 0830385812 STIM_START
096 1 0831009632 LICK
096 1 0831144816 LICK
096 1 0831314660 LICK
096 1 0831484452 STIM_END_RESP_START
096 1 0831492232 LICK
096 1 0831492720 REWARD_START
096 1 0832085088 LICK
096 1 0832220988 LICK
096 1 0832311240 LICK
096 1 0832429232 LICK
096 1 0832543492 LICK
096 1 0832674800 LICK
096 1 0832684488 RESP_END
096 1 0831543228 REWARD_END
097 0 0834948372 STIM_START
097 0 0835406264 LICK
097 0 0835542528 LICK
097 0 0835697168 LICK
097 0 0835885040 LICK
097 0 0836047024 STIM_END_RESP_START
097 0 0836233964 LICK
097 0 0836234456 TIMEOUT_START
097 0 0836406352 LICK
097 0 0836406836 TIMEOUT_START
097 0 0836587112 LICK
097 0 0836587604 TIMEOUT_START
097 0 0836744960 LICK
097 0 0836745452 TIMEOUT_START
097 0 0836944540 LICK
097 0 0836945032 TIMEOUT_START
097 0 0837110848 LICK
097 0 0837111336 TIMEOUT_START
097 0 0837247052 RESP_END
097 0 0844111836 TIMEOUT_END
098 1 0845936152 STIM_START
098 1 0846402616 LICK
098 1 0846603096 LICK
098 1 0846767160 LICK
098 1 0847034800 STIM_END_RESP_START
098 1 0847578064 LICK
098 1 0847578556 REWARD_START
098 1 0847773144 LICK
098 1 0848013864 LICK
098 1 0848132456 LICK
098 1 0848234824 RESP_END
098 1 0847629060 REWARD_END
099 1 0851750176 STIM_START
099 1 0852554760 LICK
099 1 0852727032 LICK
099 1 0852848836 STIM_END_RESP_START
099 1 0852944060 LICK
099 1 0852944544 REWARD_START
099 1 0853116756 LICK
099 1 0853259324 LICK
099 1 0853358412 LICK
099 1 0853474856 LICK
099 1 0853597256 LICK
099 1 0853733436 LICK
099 1 0853871828 LICK
099 1 0854048880 RESP_END
099 1 0852995048 REWARD_END
100 0 0856496440 STIM_START
100 0 0857152816 LICK
100 0 0857301400 LICK
100 0 0857460036 LICK
100 0 0857595108 STIM_END_RESP_START
100 0 0857645252 LICK
100 0 0857645736 TIMEOUT_START
100 0 0858063504 LICK
100 0 0858063996 TIMEOUT_START
100 0 0858263948 LICK
100 0 0858264432 TIMEOUT_START
100 0 0858454356 LICK
100 0 0858454840 TIMEOUT_START
100 0 0858795140 RESP_END
100 0 0865455344 TIMEOUT_END
101 1 0870276924 STIM_START
101 1 0871259680 LICK
101 1 0871375580 STIM_END_RESP_START
101 1 0871399788 LICK
101 1 0871400276 REWARD_START
101 1 0871564108 LICK
101 1 0871795276 LICK
101 1 0871912708 LICK
101 1 0872031632 LICK
101 1 0872174788 LICK
101 1 0872503468 LICK
101 1 0872575616 RESP_END
101 1 0871450788 REWARD_END
102 0 0874701644 STIM_START
102 0 0875316348 LICK
102 0 0875470080 LICK
102 0 0875637944 LICK
102 0 0875800300 STIM_END_RESP_START
102 0 0875813244 LICK
102 0 0875813728 TIMEOUT_START
102 0 0875984840 LICK
102 0 0875985332 TIMEOUT_START
102 0 0876219000 LICK
102 0 0876219492 TIMEOUT_START
102 0 0876369228 LICK
102 0 0876369712 TIMEOUT_START
102 0 0877000328 RESP_END
102 0 0883370216 TIMEOUT_END
103 0 0885787296 STIM_START
103 0 0886885948 STIM_END_RESP_START
103 0 0888085988 RESP_END
104 0 0894406992 STIM_START
104 0 0895505644 STIM_END_RESP_START
104 0 0896705688 RESP_END
105 1 0898375236 STIM_START
105 1 0898631616 LICK
105 1 0898859728 LICK
105 1 0899046732 LICK
105 1 0899222568 LICK
105 1 0899409604 LICK
105 1 0899473888 STIM_END_RESP_START
105 1 0899653736 LICK
105 1 0899654224 REWARD_START
105 1 0899828984 LICK
105 1 0899972068 LICK
105 1 0900065920 LICK
105 1 0900177748 LICK
105 1 0900299764 LICK
105 1 0900430256 LICK
105 1 0900571232 LICK
105 1 0900673928 RESP_END
105 1 0899704728 REWARD_END
106 1 0902779988 STIM_START
106 1 0903333960 LICK
106 1 0903472584 LICK
106 1 0903634604 LICK
106 1 0903810728 LICK
106 1 0903878636 STIM_END_RESP_START
106 1 0904040052 LICK
106 1 0904040540 REWARD_START
106 1 0904191052 LICK
106 1 0904329664 LICK
106 1 0904436676 LICK
106 1 0904548412 LICK
106 1 0904678380 LICK
106 1 0904806472 LICK
106 1 0904979360 LICK
106 1 0905078684 RESP_END
106 1 0904091044 REWARD_END
107 0 0908363208 STIM_START
107 0 0908811000 LICK
107 0 0908954112 LICK
107 0 0909097556 LICK
107 0 0909288228 LICK
107 0 0909451852 LICK
107 0 0909461848 STIM_END_RESP_START
107 0 0909625216 LICK
107 0 0909625708 TIMEOUT_START
107 0 0909829104 LICK
107 0 0909829596 TIMEOUT_START
107 0 0910015836 LICK
107 0 0910016320 TIMEOUT_START
107 0 0910179716 LICK
107 0 0910180200 TIMEOUT_START
107 0 0910661876 RESP_END
107 0 0917180708 TIMEOUT_END
108 0 0920043232 STIM_START
108 0 0921141884 STIM_END_RESP_START
108 0 0921233172 LICK
108 0 0921233664 TIMEOUT_START
108 0 0921371396 LICK
108 0 0921371888 TIMEOUT_START
108 0 0921517340 LICK
108 0 0921517828 TIMEOUT_START
108 0 0921688636 LICK
108 0 0921689128 TIMEOUT_START
108 0 0921857792 LICK
108 0 0921858280 TIMEOUT_START
108 0 0922031088 LICK
108 0 0922031576 TIMEOUT_START
108 0 0922341928 RESP_END
108 0 0929032084 TIMEOUT_END
109 0 0931668244 STIM_START
109 0 0932766900 STIM_END_RESP_START
109 0 0933966944 RESP_END
110 1 0936014028 STIM_START
110 1 0936652236 LICK
110 1 0936782872 LICK
110 1 0936964316 LICK
110 1 0937112656 STIM_END_RESP_START
110 1 0937128300 LICK
110 1 0937128788 REWARD_START
110 1 0937354060 LICK
110 1 0937505052 LICK
110 1 0937592184 LICK
110 1 0937706204 LICK
110 1 0937828264 LICK
110 1 0937960544 LICK
110 1 0938286060 LICK
110 1 0938312672 RESP_END
110 1 0937179300 REWARD_END
111 1 0940850260 STIM_START
111 1 0941222588 LICK
111 1 0941366572 LICK
111 1 0941520960 LICK
111 1 0941661192 LICK
111 1 0941809892 LICK
111 1 0941948888 STIM_END_RESP_START
111 1 0941983948 LICK
111 1 0941984440 REWARD_START
111 1 0942160504 LICK
111 1 0942307876 LICK
111 1 0942406768 LICK
111 1 0942520832 LICK
111 1 0942647312 LICK
111 1 0942771268 LICK
111 1 0942922732 LICK
111 1 0943076024 LICK
111 1 0943148924 RESP_END
111 1 0942034952 REWARD_END
112 1 0945254936 STIM_START
112 1 0945684500 LICK
112 1 0945868176 LICK
112 1 0946019648 LICK
112 1 0946179964 LICK
112 1 0946353564 STIM_END_RESP_START
112 1 0946385352 LICK
112 1 0946385840 REWARD_START
112 1 0946535520 LICK
112 1 0946689572 LICK
112 1 0946794224 LICK
112 1 0946926232 LICK
112 1 0947055404 LICK
112 1 0947196384 LICK
112 1 0947478356 LICK
112 1 0947553596 RESP_END
112 1 0946436352 REWARD_END
113 0 0952052792 STIM_START
113 0 0952566856 LICK
113 0 0952733880 LICK
113 0 0952941032 LICK
113 0 0953151428 STIM_END_RESP_START
113 0 0953171144 LICK
113 0 0953171632 TIMEOUT_START
113 0 0953840220 LICK
113 0 0953840712 TIMEOUT_START
113 0 0953988448 LICK
113 0 0953988932 TIMEOUT_START
113 0 0954160524 LICK
113 0 0954161012 TIMEOUT_START
113 0 0954351472 RESP_END
113 0 0961161520 TIMEOUT_END
114 0 0965812300 STIM_START
114 0 0966768580 LICK
114 0 0966910936 STIM_END_RESP_START
114 0 0966936496 LICK
114 0 0966936984 TIMEOUT_START
114 0 0967930960 LICK
114 0 0967931448 TIMEOUT_START
114 0 0968102052 LICK
114 0 0968102536 TIMEOUT_START
114 0 0968110956 RESP_END
114 0 0975103044 TIMEOUT_END
115 0 0976854024 STIM_START
115 0 0977011352 LICK
115 0 0977183428 LICK
115 0 0977413312 LICK
115 0 0977562244 LICK
115 0 0977745696 LICK
115 0 0977911264 LICK
115 0 0977952664 STIM_END_RESP_START
115 0 0978111020 LICK
115 0 0978111512 TIMEOUT_START
115 0 0978330428 LICK
115 0 0978330916 TIMEOUT_START
115 0 0978518244 LICK
115 0 0978518728 TIMEOUT_START
115 0 0978734040 LICK
115 0 0978734536 TIMEOUT_START
115 0 0979152696 RESP_END
115 0 0985735040 TIMEOUT_END
116 1 0987798884 STIM_START
116 1 0988571632 LICK
116 1 0988721244 LICK
116 1 0988873752 LICK
116 1 0988897520 STIM_END_RESP_START
116 1 0989009776 LICK
116 1 0989010268 REWARD_START
116 1 0989193276 LICK
116 1 0989432364 LICK
116 1 0989556832 LICK
116 1 0989691996 LICK
116 1 0989814088 LICK
116 1 0989973556 LICK
116 1 0990097536 RESP_END
116 1 0989060772 REWARD_END
117 1 0994226212 STIM_START
117 1 0994653768 LICK
117 1 0994796108 LICK
117 1 0994961744 LICK
117 1 0995171196 LICK
117 1 0995324228 LICK
117 1 0995324868 STIM_END_RESP_START
117 1 0995502560 LICK
117 1 0995503048 REWARD_START
117 1 0995667228 LICK
117 1 0995814016 LICK
117 1 0995905868 LICK
117 1 0996017016 LICK
117 1 0996132044 LICK
117 1 0996259672 LICK
117 1 0996406816 LICK
117 1 0996524904 RESP_END
117 1 0995553560 REWARD_END
118 0 1000279912 STIM_START
118 0 1000664996 LICK
118 0 1000805636 LICK
118 0 1000965328 LICK
118 0 1001158912 LICK
118 0 1001358136 LICK
118 0 1001378552 STIM_END_RESP_START
118 0 1001615848 LICK
118 0 1001616380 TIMEOUT_START
118 0 1001770792 LICK
118 0 1001771332 TIMEOUT_START
118 0 1001917612 LICK
118 0 1001918144 TIMEOUT_START
118 0 1002158336 LICK
118 0 1002158872 TIMEOUT_START
118 0 1002489680 LICK
118 0 1002490216 TIMEOUT_START
118 0 1002578596 RESP_END
118 0 1009490768 TIMEOUT_END
119 0 1014128292 STIM_START
119 0 1015056840 LICK
119 0 1015205612 LICK
119 0 1015226944 STIM_END_RESP_START
119 0 1015445284 LICK
119 0 1015445824 TIMEOUT_START
119 0 1016426968 RESP_END
119 0 1022446388 TIMEOUT_END
120 0 1028436120 STIM_START
120 0 1029534784 STIM_END_RESP_START
120 0 1030252396 LICK
120 0 1030252932 TIMEOUT_START
120 0 1030420064 LICK
120 0 1030420600 TIMEOUT_START
120 0 1030569020 LICK
120 0 1030569548 TIMEOUT_START
120 0 1030734808 RESP_END
120 0 1037570100 TIMEOUT_END
121 1 1039211188 STIM_START
121 1 1040309820 STIM_END_RESP_START
121 1 1041509848 RESP_END
122 1 1044961344 STIM_START
122 1 1045929444 LICK
122 1 1046060000 STIM_END_RESP_START
122 1 1046096988 LICK
122 1 1046097520 REWARD_START
122 1 1046257344 LICK
122 1 1046410904 LICK
122 1 1046503408 LICK
122 1 1046609540 LICK
122 1 1046726220 LICK
122 1 1046860476 LICK
122 1 1047260044 RESP_END
122 1 1046148088 REWARD_END
123 0 1050665496 STIM_START
123 0 1051764120 STIM_END_RESP_START
123 0 1052964144 RESP_END
124 0 1056970880 STIM_START
124 0 1058069548 STIM_END_RESP_START
124 0 1059269564 RESP_END
125 1 1061301676 STIM_START
125 1 1062400340 STIM_END_RESP_START
125 1 1062678176 LICK
125 1 1062678712 REWARD_START
125 1 1063600356 RESP_END
125 1 1062729264 REWARD_END
126 0 1065502648 STIM_START
126 0 1066601312 STIM_END_RESP_START
126 0 1067801332 RESP_END
127 1 1069463892 STIM_START
127 1 1070562556 STIM_END_RESP_START
127 1 1070974372 LICK
127 1 1070974908 REWARD_START
127 1 1071198376 LICK
127 1 1071297860 LICK
127 1 1071514264 LICK
127 1 1071740908 LICK
127 1 1071762604 RESP_END
127 1 1071025464 REWARD_END
128 0 1077377412 STIM_START
128 0 1078476076 STIM_END_RESP_START
128 0 1079676100 RESP_END
129 1 1084681664 STIM_START
129 1 1085639688 LICK
129 1 1085769876 LICK
129 1 1085780340 STIM_END_RESP_START
129 1 1085942944 LICK
129 1 1085943476 REWARD_START
129 1 1086101596 LICK
129 1 1086248652 LICK
129 1 1086362616 LICK
129 1 1086459620 LICK
129 1 1086572984 LICK
129 1 1086688616 LICK
129 1 1086821016 LICK
129 1 1086980376 RESP_END
129 1 1085994032 REWARD_END
130 0 1089028460 STIM_START
130 0 1089410928 LICK
130 0 1089550736 LICK
130 0 1089708992 LICK
130 0 1089847836 LICK
130 0 1089992872 LICK
130 0 1090127100 STIM_END_RESP_START
130 0 1090150576 LICK
130 0 1090151104 TIMEOUT_START
130 0 1090303760 LICK
130 0 1090304300 TIMEOUT_START
130 0 1090529116 LICK
130 0 1090529652 TIMEOUT_START
130 0 1090694420 LICK
130 0 1090694948 TIMEOUT_START
130 0 1090920992 LICK
130 0 1090921528 TIMEOUT_START
130 0 1091327136 RESP_END
130 0 1097922088 TIMEOUT_END
131 1 1101748148 STIM_START
131 1 1102149896 LICK
131 1 1102296200 LICK
131 1 1102455648 LICK
131 1 1102604856 LICK
131 1 1102831116 LICK
131 1 1102846808 STIM_END_RESP_START
131 1 1102987160 LICK
131 1 1102987700 REWARD_START
131 1 1103164356 LICK
131 1 1103311068 LICK
131 1 1103416416 LICK
131 1 1103513856 LICK
131 1 1103630968 LICK
131 1 1103748376 LICK
131 1 1103877796 LICK
131 1 1104016744 LICK
131 1 1104046840 RESP_END
131 1 1103038252 REWARD_END
132 0 1106305736 STIM_START
132 0 1106822124 LICK
132 0 1106959044 LICK
132 0 1107107484 LICK
132 0 1107276660 LICK
132 0 1107404372 STIM_END_RESP_START
132 0 1107465980 LICK
132 0 1107466520 TIMEOUT_START
132 0 1107615312 LICK
132 0 1107615848 TIMEOUT_START
132 0 1107776764 LICK
132 0 1107777296 TIMEOUT_START
132 0 1107915732 LICK
132 0 1107916268 TIMEOUT_START
132 0 1108103356 LICK
132 0 1108103888 TIMEOUT_START
132 0 1108565780 LICK
132 0 1108566316 TIMEOUT_START
132 0 1108604396 RESP_END
132 0 1115566868 TIMEOUT_END
133 1 1117479268 STIM_START
133 1 1118181184 LICK
133 1 1118324828 LICK
133 1 1118468804 LICK
133 1 1118577924 STIM_END_RESP_START
133 1 1118666300 LICK
133 1 1118666840 REWARD_START
133 1 1118831708 LICK
133 1 1118982996 LICK
133 1 1119073680 LICK
133 1 1119185492 LICK
133 1 1119301896 LICK
133 1 1119438460 LICK
133 1 1119577480 LICK
133 1 1119777948 RESP_END
133 1 1118717392 REWARD_END
134 1 1121359676 STIM_START
134 1 1121512128 LICK
134 1 1121654496 LICK
134 1 1121799772 LICK
134 1 1121972624 LICK
134 1 1122127224 LICK
134 1 1122334984 LICK
134 1 1122458340 STIM_END_RESP_START
134 1 1122493220 LICK
134 1 1122493760 REWARD_START
134 1 1122649676 LICK
134 1 1122783328 LICK
134 1 1122885800 LICK
134 1 1123002084 LICK
134 1 1123118256 LICK
134 1 1123237236 LICK
134 1 1123389952 LICK
134 1 1123559140 LICK
134 1 1123658372 RESP_END
134 1 1122544308 REWARD_END
135 0 1126364608 STIM_START
135 0 1126496936 LICK
135 0 1126660704 LICK
135 0 1126817828 LICK
135 0 1127022152 LICK
135 0 1127221668 LICK
135 0 1127463264 STIM_END_RESP_START
135 0 1127538384 LICK
135 0 1127538924 TIMEOUT_START
135 0 1127739904 LICK
135 0 1127740440 TIMEOUT_START
135 0 1127897028 LICK
135 0 1127897564 TIMEOUT_START
135 0 1128103752 LICK
135 0 1128104292 TIMEOUT_START
135 0 1128663280 RESP_END
135 0 1135104848 TIMEOUT_END
136 0 1136729220 STIM_START
136 0 1136978724 LICK
136 0 1137138936 LICK
136 0 1137383272 LICK
136 0 1137827888 STIM_END_RESP_START
136 0 1138261848 LICK
136 0 1138262388 TIMEOUT_START
136 0 1138418708 LICK
136 0 1138419244 TIMEOUT_START
136 0 1138619516 LICK
136 0 1138620048 TIMEOUT_START
136 0 1138844088 LICK
136 0 1138844620 TIMEOUT_START
136 0 1139019540 LICK
136 0 1139020080 TIMEOUT_START
136 0 1139027908 RESP_END
136 0 1146020636 TIMEOUT_END
137 0 1149980316 STIM_START
137 0 1151078948 STIM_END_RESP_START
137 0 1152278976 RESP_END
138 1 1155073168 STIM_START
138 1 1155638620 LICK
138 1 1155814036 LICK
138 1 1156171836 STIM_END_RESP_START
138 1 1156272860 LICK
138 1 1156273400 REWARD_START
138 1 1156443948 LICK
138 1 1156674312 LICK
138 1 1156791848 LICK
138 1 1156906400 LICK
138 1 1157028464 LICK
138 1 1157284652 LICK
138 1 1157371880 RESP_END
138 1 1156323952 REWARD_END
139 1 1159980312 STIM_START
139 1 1160722984 LICK
139 1 1160860976 LICK
139 1 1161003808 LICK
139 1 1161078964 STIM_END_RESP_START
139 1 1161181416 LICK
139 1 1161181952 REWARD_START
139 1 1161320344 LICK
139 1 1161458264 LICK
139 1 1161551944 LICK
139 1 1161669196 LICK
139 1 1161786584 LICK
139 1 1162063060 LICK
139 1 1162195804 LICK
139 1 1162279008 RESP_END
139 1 1161232512 REWARD_END
140 1 1165243012 STIM_START
140 1 1165858612 LICK
140 1 1166043796 LICK
140 1 1166208472 LICK
140 1 1166341660 STIM_END_RESP_START
140 1 1166369076 LICK
140 1 1166369612 REWARD_START
140 1 1166546312 LICK
140 1 1166690716 LICK
140 1 1166797084 LICK
140 1 1166906280 LICK
140 1 1167025228 LICK
140 1 1167152488 LICK
140 1 1167298008 LICK
140 1 1167490144 LICK
140 1 1167541680 RESP_END
140 1 1166420168 REWARD_END
141 0 1169168308 STIM_START
141 0 1169533040 LICK
141 0 1169681320 LICK
141 0 1169847756 LICK
141 0 1169995004 LICK
141 0 1170160580 LICK
141 0 1170266952 STIM_END_RESP_START
141 0 1170360060 LICK
141 0 1170360600 TIMEOUT_START
141 0 1170568088 LICK
141 0 1170568624 TIMEOUT_START
141 0 1170779308 LICK
141 0 1170779844 TIMEOUT_START
141 0 1171467000 RESP_END
141 0 1177780404 TIMEOUT_END
142 1 1179733652 STIM_START
142 1 1180051120 LICK
142 1 1180201664 LICK
142 1 1180353124 LICK
142 1 1180578140 LICK
142 1 1180832304 STIM_END_RESP_START
142 1 1182032328 RESP_END
143 0 1184001500 STIM_START
143 0 1184998076 LICK
143 0 1185100124 STIM_END_RESP_START
143 0 1185160536 LICK
143 0 1185161068 TIMEOUT_START
143 0 1185361384 LICK
143 0 1185361916 TIMEOUT_START
143 0 1185527020 LICK
143 0 1185527552 TIMEOUT_START
143 0 1185696036 LICK
143 0 1185696568 TIMEOUT_START
143 0 1185869680 LICK
143 0 1185870216 TIMEOUT_START
143 0 1186187496 LICK
143 0 1186188028 TIMEOUT_START
143 0 1186300168 RESP_END
143 0 1193188588 TIMEOUT_END
144 1 1197326544 STIM_START
144 1 1198001676 LICK
144 1 1198151524 LICK
144 1 1198311088 LICK
144 1 1198425200 STIM_END_RESP_START
144 1 1198459628 LICK
144 1 1198460168 REWARD_START
144 1 1198621076 LICK
144 1 1198856516 LICK
144 1 1198975412 LICK
144 1 1199089280 LICK
144 1 1199218640 LICK
144 1 1199625252 RESP_END
144 1 1198510720 REWARD_END
145 0 1201508436 STIM_START
145 0 1202069040 LICK
145 0 1202212220 LICK
145 0 1202366320 LICK
145 0 1202540260 LICK
145 0 1202607084 STIM_END_RESP_START
145 0 1202727976 LICK
145 0 1202728512 TIMEOUT_START
145 0 1202878784 LICK
145 0 1202879316 TIMEOUT_START
145 0 1203077704 LICK
145 0 1203078244 TIMEOUT_START
145 0 1203248732 LICK
145 0 1203249272 TIMEOUT_START
145 0 1203453548 LICK
145 0 1203454084 TIMEOUT_START
145 0 1203632572 LICK
145 0 1203633104 TIMEOUT_START
145 0 1203807124 RESP_END
145 0 1210633664 TIMEOUT_END
146 1 1213299332 STIM_START
146 1 1213981240 LICK
146 1 1214119796 LICK
146 1 1214269576 LICK
146 1 1214397972 STIM_END_RESP_START
146 1 1214406956 LICK
146 1 1214407496 REWARD_START
146 1 1214639728 LICK
146 1 1214876876 LICK
146 1 1214994372 LICK
146 1 1215093128 LICK
146 1 1215217832 LICK
146 1 1215354568 LICK
146 1 1215597988 RESP_END
146 1 1214458052 REWARD_END
147 0 1219564836 STIM_START
147 0 1220319364 LICK
147 0 1220479212 LICK
147 0 1220645880 LICK
147 0 1220663496 STIM_END_RESP_START
147 0 1220827496 LICK
147 0 1220828028 TIMEOUT_START
147 0 1220994172 LICK
147 0 1220994704 TIMEOUT_START
147 0 1221269884 LICK
147 0 1221270416 TIMEOUT_START
147 0 1221863544 RESP_END
147 0 1228270976 TIMEOUT_END
148 1 1231632288 STIM_START
148 1 1232372500 LICK
148 1 1232547940 LICK
148 1 1232730928 STIM_END_RESP_START
148 1 1232735760 LICK
148 1 1232736304 REWARD_START
148 1 1232964932 LICK
148 1 1233197944 LICK
148 1 1233313432 LICK
148 1 1233421804 LICK
148 1 1233546988 LICK
148 1 1233682368 LICK
148 1 1233930960 RESP_END
148 1 1232786852 REWARD_END
149 1 1236929988 STIM_START
149 1 1237617056 LICK
149 1 1237767644 LICK
149 1 1237914968 LICK
149 1 1238028648 STIM_END_RESP_START
149 1 1238053472 LICK
149 1 1238054012 REWARD_START
149 1 1238297880 LICK
149 1 1238530900 LICK
149 1 1238645856 LICK
149 1 1238760248 LICK
149 1 1238879908 LICK
149 1 1239010852 LICK
149 1 1239167188 LICK
149 1 1239228688 RESP_END
149 1 1238104564 REWARD_END
150 1 1242494248 STIM_START
150 1 1243003212 LICK
150 1 1243169832 LICK
150 1 1243332972 LICK
150 1 1243496296 LICK
150 1 1243592900 STIM_END_RESP_START
150 1 1243661644 LICK
150 1 1243662176 REWARD_START
150 1 1243869924 LICK
150 1 1244009188 LICK
150 1 1244111548 LICK
150 1 1244227412 LICK
150 1 1244346084 LICK
150 1 1244472568 LICK
150 1 1244792936 RESP_END
150 1 1243712732 REWARD_END
151 0 1247557212 STIM_START
151 0 1248554076 LICK
151 0 1248655876 STIM_END_RESP_START
151 0 1248703748 LICK
151 0 1248704284 TIMEOUT_START
151 0 1248861596 LICK
151 0 1248862132 TIMEOUT_START
151 0 1249062764 LICK
151 0 1249063304 TIMEOUT_START
151 0 1249246164 LICK
151 0 1249246704 TIMEOUT_START
151 0 1249393248 LICK
151 0 1249393784 TIMEOUT_START
151 0 1249550688 LICK
151 0 1249551220 TIMEOUT_START
151 0 1249745816 LICK
151 0 1249746352 TIMEOUT_START
151 0 1249855916 RESP_END
151 0 1256746904 TIMEOUT_END
152 1 1260928128 STIM_START
152 1 1261777772 LICK
152 1 1261942576 LICK
152 1 1262026772 STIM_END_RESP_START
152 1 1262148672 LICK
152 1 1262149204 REWARD_START
152 1 1262308576 LICK
152 1 1262455296 LICK
152 1 1262553068 LICK
152 1 1262660248 LICK
152 1 1262773576 LICK
152 1 1262894784 LICK
152 1 1263226804 RESP_END
152 1 1262199772 REWARD_END
153 1 1265568556 STIM_START
153 1 1266667224 STIM_END_RESP_START
153 1 1267125068 LICK
153 1 1267125608 REWARD_START
153 1 1267282584 LICK
153 1 1267417976 LICK
153 1 1267519904 LICK
153 1 1267634288 LICK
153 1 1267751416 LICK
153 1 1267867252 RESP_END
153 1 1267176164 REWARD_END
154 0 1270792296 STIM_START
154 0 1271698488 LICK
154 0 1271856280 LICK
154 0 1271890960 STIM_END_RESP_START
154 0 1272008156 LICK
154 0 1272008688 TIMEOUT_START
154 0 1272202664 LICK
154 0 1272203196 TIMEOUT_START
154 0 1272347316 LICK
154 0 1272347856 TIMEOUT_START
154 0 1272520984 LICK
154 0 1272521516 TIMEOUT_START
154 0 1273090980 RESP_END
154 0 1279522076 TIMEOUT_END
155 0 1283879644 STIM_START
155 0 1284868912 LICK
155 0 1284978308 STIM_END_RESP_START
155 0 1285024044 LICK
155 0 1285024572 TIMEOUT_START
155 0 1286178340 RESP_END
155 0 1292025140 TIMEOUT_END
156 0 1296327668 STIM_START
156 0 1297426296 STIM_END_RESP_START
156 0 1298626320 RESP_END
157 1 1300596532 STIM_START
157 1 1301289256 LICK
157 1 1301439204 LICK
157 1 1301630280 LICK
157 1 1301695168 STIM_END_RESP_START
157 1 1301781144 LICK
157 1 1301781684 REWARD_START
157 1 1301974228 LICK
157 1 1302131120 LICK
157 1 1302229692 LICK
157 1 1302346064 LICK
157 1 1302476640 LICK
157 1 1302608724 LICK
157 1 1302747196 LICK
157 1 1302895204 RESP_END
157 1 1301832232 REWARD_END
158 1 1305382804 STIM_START
158 1 1306226192 LICK
158 1 1306373280 LICK
158 1 1306481440 STIM_END_RESP_START
158 1 1306553792 LICK
158 1 1306554324 REWARD_START
158 1 1306721148 LICK
158 1 1306859120 LICK
158 1 1306960480 LICK
158 1 1307062744 LICK
158 1 1307184068 LICK
158 1 1307308848 LICK
158 1 1307430892 LICK
158 1 1307588324 LICK
158 1 1307681488 RESP_END
158 1 1306604884 REWARD_END
159 0 1311544384 STIM_START
159 0 1312643040 STIM_END_RESP_START
159 0 1313843064 RESP_END
160 1 1315794328 STIM_START
160 1 1316527612 LICK
160 1 1316664904 LICK
160 1 1316789280 LICK
160 1 1316892972 STIM_END_RESP_START
160 1 1316947636 LICK
160 1 1316948172 REWARD_START
160 1 1317099116 LICK
160 1 1317230732 LICK
160 1 1317326376 LICK
160 1 1317435004 LICK
160 1 1317554548 LICK
160 1 1317677192 LICK
160 1 1317802112 LICK
160 1 1317928636 LICK
160 1 1318092992 RESP_END
160 1 1316998724 REWARD_END
161 0 1320660504 STIM_START
161 0 1321283104 LICK
161 0 1321433992 LICK
161 0 1321596816 LICK
161 0 1321739184 LICK
161 0 1321759136 STIM_END_RESP_START
161 0 1321901372 LICK
161 0 1321901900 TIMEOUT_START
161 0 1322084388 LICK
161 0 1322084920 TIMEOUT_START
161 0 1322249140 LICK
161 0 1322249676 TIMEOUT_START
161 0 1322448372 LICK
161 0 1322448908 TIMEOUT_START
161 0 1322940612 LICK
161 0 1322941144 TIMEOUT_START
161 0 1322959152 RESP_END
161 0 1329941712 TIMEOUT_END
162 0 1333737752 STIM_START
162 0 1334836388 STIM_END_RESP_START
162 0 1336036412 RESP_END
163 0 1337666144 STIM_START
163 0 1338764808 STIM_END_RESP_START
163 0 1338796316 LICK
163 0 1338796848 TIMEOUT_START
163 0 1338956776 LICK
163 0 1338957316 TIMEOUT_START
163 0 1339096472 LICK
163 0 1339097004 TIMEOUT_START
163 0 1339446880 LICK
163 0 1339447416 TIMEOUT_START
163 0 1339612184 LICK
163 0 1339612716 TIMEOUT_START
163 0 1339964828 RESP_END
163 0 1346613276 TIMEOUT_END
164 1 1348591988 STIM_START
164 1 1349265388 LICK
164 1 1349401196 LICK
164 1 1349544304 LICK
164 1 1349690648 STIM_END_RESP_START
164 1 1349707380 LICK
164 1 1349707916 REWARD_START
164 1 1349904100 LICK
164 1 1350136620 LICK
164 1 1350247904 LICK
164 1 1350362476 LICK
164 1 1350487852 LICK
164 1 1350890688 RESP_END
164 1 1349758468 REWARD_END
165 0 1352698032 STIM_START
165 0 1353772696 LICK
165 0 1353796676 STIM_END_RESP_START
165 0 1353908252 LICK
165 0 1353908784 TIMEOUT_START
165 0 1354056372 LICK
165 0 1354056908 TIMEOUT_START
165 0 1354197692 LICK
165 0 1354198228 TIMEOUT_START
165 0 1354364140 LICK
165 0 1354364672 TIMEOUT_START
165 0 1354526676 LICK
165 0 1354527216 TIMEOUT_START
165 0 1354684868 LICK
165 0 1354685396 TIMEOUT_START
165 0 1354847288 LICK
165 0 1354847820 TIMEOUT_START
165 0 1354996704 RESP_END
165 0 1361848388 TIMEOUT_END
166 1 1363473184 STIM_START
166 1 1364571808 STIM_END_RESP_START
166 1 1364724416 LICK
166 1 1364724952 REWARD_START
166 1 1364884156 LICK
166 1 1365025688 LICK
166 1 1365114156 LICK
166 1 1365230016 LICK
166 1 1365335072 LICK
166 1 1365455372 LICK
166 1 1365581080 LICK
166 1 1365714320 LICK
166 1 1365771828 RESP_END
166 1 1364775504 REWARD_END
167 1 1367539216 STIM_START
167 1 1367993688 LICK
167 1 1368127452 LICK
167 1 1368263304 LICK
167 1 1368397800 LICK
167 1 1368562356 LICK
167 1 1368637848 STIM_END_RESP_START
167 1 1368701672 LICK
167 1 1368702212 REWARD_START
167 1 1368845752 LICK
167 1 1368977852 LICK
167 1 1369086192 LICK
167 1 1369206820 LICK
167 1 1369341100 LICK
167 1 1369481312 LICK
167 1 1369837872 RESP_END
167 1 1368752760 REWARD_END
168 1 1371664228 STIM_START
168 1 1372143948 LICK
168 1 1372272632 LICK
168 1 1372416112 LICK
168 1 1372552612 LICK
168 1 1372697476 LICK
168 1 1372762880 STIM_END_RESP_START
168 1 1372864396 LICK
168 1 1372864936 REWARD_START
168 1 1373015116 LICK
168 1 1373153984 LICK
168 1 1373251236 LICK
168 1 1373371220 LICK
168 1 1373484764 LICK
168 1 1373611220 LICK
168 1 1373802248 LICK
168 1 1373959448 LICK
168 1 1373962896 RESP_END
168 1 1372915484 REWARD_END
169 0 1376468476 STIM_START
169 0 1377152008 LICK
169 0 1377299168 LICK
169 0 1377442608 LICK
169 0 1377567120 STIM_END_RESP_START
169 0 1377603128 LICK
169 0 1377603664 TIMEOUT_START
169 0 1377763808 LICK
169 0 1377764340 TIMEOUT_START
169 0 1377956364 LICK
169 0 1377956900 TIMEOUT_START
169 0 1378100468 LICK
169 0 1378101000 TIMEOUT_START
169 0 1378246908 LICK
169 0 1378247436 TIMEOUT_START
169 0 1378419788 LICK
169 0 1378420320 TIMEOUT_START
169 0 1378627840 LICK
169 0 1378628372 TIMEOUT_START
169 0 1378767168 RESP_END
169 0 1385628932 TIMEOUT_END
170 1 1387314456 STIM_START
170 1 1387413916 LICK
170 1 1387562304 LICK
170 1 1387701468 LICK
170 1 1387855744 LICK
170 1 1388030356 LICK
170 1 1388167036 LICK
170 1 1388322872 LICK
170 1 1388413124 STIM_END_RESP_START
170 1 1388518656 LICK
170 1 1388519188 REWARD_START
170 1 1389613136 RESP_END
170 1 1388569748 REWARD_END
171 1 1391422524 STIM_START
171 1 1392456744 LICK
171 1 1392521156 STIM_END_RESP_START
171 1 1392578904 LICK
171 1 1392579436 REWARD_START
171 1 1392678056 LICK
171 1 1392883464 LICK
171 1 1392993300 LICK
171 1 1393212696 LICK
171 1 1393335508 LICK
171 1 1393446416 LICK
171 1 1393581036 LICK
171 1 1393721192 RESP_END
171 1 1392629996 REWARD_END
172 0 1398223408 STIM_START
172 0 1398563820 LICK
172 0 1398708480 LICK
172 0 1398878972 LICK
172 0 1399153312 LICK
172 0 1399322040 STIM_END_RESP_START
172 0 1400522064 RESP_END
173 0 1403121520 STIM_START
173 0 1403960640 LICK
173 0 1404103880 LICK
173 0 1404220176 STIM_END_RESP_START
173 0 1404255960 LICK
173 0 1404256496 TIMEOUT_START
173 0 1404402180 LICK
173 0 1404402720 TIMEOUT_START
173 0 1404655068 LICK
173 0 1404655604 TIMEOUT_START
173 0 1404856032 LICK
173 0 1404856568 TIMEOUT_START
173 0 1405005368 LICK
173 0 1405005908 TIMEOUT_START
173 0 1405159968 LICK
173 0 1405160508 TIMEOUT_START
173 0 1405362792 LICK
173 0 1405363332 TIMEOUT_START
173 0 1405420220 RESP_END
173 0 1412363892 TIMEOUT_END
174 1 1414290080 STIM_START
174 1 1414577144 LICK
174 1 1414734468 LICK
174 1 1414892084 LICK
174 1 1415066724 LICK
174 1 1415222516 LICK
174 1 1415379792 LICK
174 1 1415388712 STIM_END_RESP_START
174 1 1415578196 LICK
174 1 1415578736 REWARD_START
174 1 1415752080 LICK
174 1 1415906476 LICK
174 1 1416003648 LICK
174 1 1416110644 LICK
174 1 1416238264 LICK
174 1 1416362384 LICK
174 1 1416588744 RESP_END
174 1 1415629284 REWARD_END
175 1 1419465936 STIM_START
175 1 1420564568 STIM_END_RESP_START
175 1 1421764584 RESP_END
176 1 1423662876 STIM_START
176 1 1424627480 LICK
176 1 1424750676 LICK
176 1 1424761528 STIM_END_RESP_START
176 1 1424882860 LICK
176 1 1424883396 REWARD_START
176 1 1425026672 LICK
176 1 1425250400 LICK
176 1 1425368160 LICK
176 1 1425481296 LICK
176 1 1425602732 LICK
176 1 1425961568 RESP_END
176 1 1424933952 REWARD_END
177 0 1430786328 STIM_START
177 0 1431884956 STIM_END_RESP_START
177 0 1433084984 RESP_END
178 0 1434822428 STIM_START
178 0 1435873316 LICK
178 0 1435921064 STIM_END_RESP_START
178 0 1436009028 LICK
178 0 1436009568 TIMEOUT_START
178 0 1436141920 LICK
178 0 1436142452 TIMEOUT_START
178 0 1436299916 LICK
178 0 1436300456 TIMEOUT_START
178 0 1436470632 LICK
178 0 1436471164 TIMEOUT_START
178 0 1436638232 LICK
178 0 1436638764 TIMEOUT_START
178 0 1436836084 LICK
178 0 1436836616 TIMEOUT_START
178 0 1437121080 RESP_END
178 0 1443837176 TIMEOUT_END
179 1 1445779288 STIM_START
179 1 1446549056 LICK
179 1 1446697948 LICK
179 1 1446850072 LICK
179 1 1446877924 STIM_END_RESP_START
179 1 1447009032 LICK
179 1 1447009572 REWARD_START
179 1 1447154252 LICK
179 1 1447287296 LICK
179 1 1447384044 LICK
179 1 1447487028 LICK
179 1 1447599084 LICK
179 1 1447838164 LICK
179 1 1447962188 LICK
179 1 1448077956 RESP_END
179 1 1447060124 REWARD_END
180 1 1450236984 STIM_START
180 1 1451335644 STIM_END_RESP_START
180 1 1452535668 RESP_END
181 1 1454134264 STIM_START
181 1 1455048036 LICK
181 1 1455184804 LICK
181 1 1455232900 STIM_END_RESP_START
181 1 1455321244 LICK
181 1 1455321776 REWARD_START
181 1 1455458188 LICK
181 1 1455590620 LICK
181 1 1455699428 LICK
181 1 1455816052 LICK
181 1 1455937936 LICK
181 1 1456071652 LICK
181 1 1456219652 LICK
181 1 1456364260 LICK
181 1 1456432924 RESP_END
181 1 1455372332 REWARD_END
182 0 1458419164 STIM_START
182 0 1459153524 LICK
182 0 1459281440 LICK
182 0 1459416240 LICK
182 0 1459517824 STIM_END_RESP_START
182 0 1459557024 LICK
182 0 1459557564 TIMEOUT_START
182 0 1459689696 LICK
182 0 1459690228 TIMEOUT_START
182 0 1459847668 LICK
182 0 1459848204 TIMEOUT_START
182 0 1460016072 LICK
182 0 1460016612 TIMEOUT_START
182 0 1460193344 LICK
182 0 1460193876 TIMEOUT_START
182 0 1460352112 LICK
182 0 1460352644 TIMEOUT_START
182 0 1460717860 RESP_END
182 0 1467353192 TIMEOUT_END
183 1 1469004460 STIM_START
183 1 1470103092 STIM_END_RESP_START
183 1 1470339824 LICK
183 1 1470340364 REWARD_START
183 1 1470849424 LICK
183 1 1471091648 LICK
183 1 1471303112 RESP_END
183 1 1470390920 REWARD_END
184 1 1473351208 STIM_START
184 1 1473972468 LICK
184 1 1474122168 LICK
184 1 1474251128 LICK
184 1 1474376664 LICK
184 1 1474449844 STIM_END_RESP_START
184 1 1474524108 LICK
184 1 1474524648 REWARD_START
184 1 1474658636 LICK
184 1 1474790820 LICK
184 1 1474891076 LICK
184 1 1475006360 LICK
184 1 1475125000 LICK
184 1 1475245380 LICK
184 1 1475380744 LICK
184 1 1475649880 RESP_END
184 1 1474575200 REWARD_END
185 1 1477736952 STIM_START
185 1 1478417856 LICK
185 1 1478551344 LICK
185 1 1478699480 LICK
185 1 1478835592 STIM_END_RESP_START
185 1 1478836120 LICK
185 1 1478836668 REWARD_START
185 1 1479023592 LICK
185 1 1479166500 LICK
185 1 1479275060 LICK
185 1 1479404332 LICK
185 1 1479532716 LICK
185 1 1479669204 LICK
185 1 1479815000 LICK
185 1 1480035632 RESP_END
185 1 1478887212 REWARD_END
186 0 1481842012 STIM_START
186 0 1482782448 LICK
186 0 1482940648 STIM_END_RESP_START
186 0 1483234632 LICK
186 0 1483235160 TIMEOUT_START
186 0 1483376116 LICK
186 0 1483376652 TIMEOUT_START
186 0 1483515212 LICK
186 0 1483515744 TIMEOUT_START
186 0 1483657048 LICK
186 0 1483657584 TIMEOUT_START
186 0 1483830212 LICK
186 0 1483830748 TIMEOUT_START
186 0 1483989380 LICK
186 0 1483989912 TIMEOUT_START
186 0 1484138804 LICK
186 0 1484139340 TIMEOUT_START
186 0 1484140688 RESP_END
186 0 1491139912 TIMEOUT_END
187 1 1493140476 STIM_START
187 1 1494239128 STIM_END_RESP_START
187 1 1494247484 LICK
187 1 1494248016 REWARD_START
187 1 1494399148 LICK
187 1 1494636144 LICK
187 1 1494757476 LICK
187 1 1494875040 LICK
187 1 1494999816 LICK
187 1 1495439168 RESP_END
187 1 1494298572 REWARD_END
188 0 1497018804 STIM_START
188 0 1497759900 LICK
188 0 1497892272 LICK
188 0 1498033092 LICK
188 0 1498117452 STIM_END_RESP_START
188 0 1498173468 LICK
188 0 1498174000 TIMEOUT_START
188 0 1498358736 LICK
188 0 1498359276 TIMEOUT_START
188 0 1498507072 LICK
188 0 1498507612 TIMEOUT_START
188 0 1498658568 LICK
188 0 1498659104 TIMEOUT_START
188 0 1498841520 LICK
188 0 1498842056 TIMEOUT_START
188 0 1499091456 LICK
188 0 1499091996 TIMEOUT_START
188 0 1499271244 LICK
188 0 1499271776 TIMEOUT_START
188 0 1499317484 RESP_END
188 0 1506272332 TIMEOUT_END
189 0 1507875824 STIM_START
189 0 1508595488 LICK
189 0 1508741084 LICK
189 0 1508887920 LICK
189 0 1508974460 STIM_END_RESP_START
189 0 1509019108 LICK
189 0 1509019640 TIMEOUT_START
189 0 1509298076 LICK
189 0 1509298616 TIMEOUT_START
189 0 1509448680 LICK
189 0 1509449220 TIMEOUT_START
189 0 1509600084 LICK
189 0 1509600620 TIMEOUT_START
189 0 1510174476 RESP_END
189 0 1516601172 TIMEOUT_END
190 0 1518569936 STIM_START
190 0 1519427248 LICK
190 0 1519558352 LICK
190 0 1519668576 STIM_END_RESP_START
190 0 1519701136 LICK
190 0 1519701668 TIMEOUT_START
190 0 1519838284 LICK
190 0 1519838816 TIMEOUT_START
190 0 1520058868 LICK
190 0 1520059404 TIMEOUT_START
190 0 1520206080 LICK
190 0 1520206612 TIMEOUT_START
190 0 1520405796 LICK
190 0 1520406328 TIMEOUT_START
190 0 1520868616 RESP_END
190 0 1527406896 TIMEOUT_END
191 1 1529473868 STIM_START
191 1 1530036904 LICK
191 1 1530179020 LICK
191 1 1530320872 LICK
191 1 1530459228 LICK
191 1 1530572516 STIM_END_RESP_START
191 1 1530637632 LICK
191 1 1530638164 REWARD_START
191 1 1530791500 LICK
191 1 1530935896 LICK
191 1 1531047692 LICK
191 1 1531153936 LICK
191 1 1531273112 LICK
191 1 1531404536 LICK
191 1 1531772544 RESP_END
191 1 1530688724 REWARD_END
192 1 1533740792 STIM_START
192 1 1534591948 LICK
192 1 1534719172 LICK
192 1 1534839420 STIM_END_RESP_START
192 1 1534856236 LICK
192 1 1534856768 REWARD_START
192 1 1534994568 LICK
192 1 1535127756 LICK
192 1 1535230912 LICK
192 1 1535342612 LICK
192 1 1535461964 LICK
192 1 1535597896 LICK
192 1 1536039444 RESP_END
192 1 1534907336 REWARD_END
193 1 1537901740 STIM_START
193 1 1538515872 LICK
193 1 1538644008 LICK
193 1 1538770700 LICK
193 1 1538925520 LICK
193 1 1539000396 STIM_END_RESP_START
193 1 1539058892 LICK
193 1 1539059424 REWARD_START
193 1 1539213252 LICK
193 1 1539354504 LICK
193 1 1539455904 LICK
193 1 1539577828 LICK
193 1 1539702272 LICK
193 1 1539849764 LICK
193 1 1539990272 LICK
193 1 1540125636 LICK
193 1 1540200432 RESP_END
193 1 1539109984 REWARD_END
194 0 1542186592 STIM_START
194 0 1542720336 LICK
194 0 1542853640 LICK
194 0 1542991404 LICK
194 0 1543134944 LICK
194 0 1543285240 STIM_END_RESP_START
194 0 1543301492 LICK
194 0 1543302024 TIMEOUT_START
194 0 1543470656 LICK
194 0 1543471196 TIMEOUT_START
194 0 1543622412 LICK
194 0 1543622952 TIMEOUT_START
194 0 1543777264 LICK
194 0 1543777804 TIMEOUT_START
194 0 1544006112 LICK
194 0 1544006644 TIMEOUT_START
194 0 1544485284 RESP_END
194 0 1551007204 TIMEOUT_END
195 1 1552753912 STIM_START
195 1 1553332996 LICK
195 1 1553461484 LICK
195 1 1553603316 LICK
195 1 1553745524 LICK
195 1 1553852568 STIM_END_RESP_START
195 1 1553933224 LICK
195 1 1553933764 REWARD_START
195 1 1554077876 LICK
195 1 1554304852 LICK
195 1 1554417128 LICK
195 1 1554531360 LICK
195 1 1554653368 LICK
195 1 1554791752 LICK
195 1 1555052584 RESP_END
195 1 1553984316 REWARD_END
196 1 1557030828 STIM_START
196 1 1557539676 LICK
196 1 1557669156 LICK
196 1 1557819472 LICK
196 1 1557956176 LICK
196 1 1558088244 LICK
196 1 1558129468 STIM_END_RESP_START
196 1 1558234928 LICK
196 1 1558235468 REWARD_START
196 1 1558498588 LICK
196 1 1558639640 LICK
196 1 1558737492 LICK
196 1 1558850164 LICK
196 1 1558968944 LICK
196 1 1559087468 LICK
196 1 1559224300 LICK
196 1 1559329492 RESP_END
196 1 1558286024 REWARD_END
197 0 1561009016 STIM_START
197 0 1561612264 LICK
197 0 1561747884 LICK
197 0 1561889248 LICK
197 0 1562024736 LICK
197 0 1562107652 STIM_END_RESP_START
197 0 1562170164 LICK
197 0 1562170704 TIMEOUT_START
197 0 1562354012 LICK
197 0 1562354548 TIMEOUT_START
197 0 1562525076 LICK
197 0 1562525608 TIMEOUT_START
197 0 1562833044 LICK
197 0 1562833576 TIMEOUT_START
197 0 1563047136 LICK
197 0 1563047668 TIMEOUT_START
197 0 1563233888 LICK
197 0 1563234428 TIMEOUT_START
197 0 1563307696 RESP_END
197 0 1570234976 TIMEOUT_END
198 0 1573020636 STIM_START
198 0 1574119296 STIM_END_RESP_START
198 0 1574128460 LICK
198 0 1574129008 TIMEOUT_START
198 0 1574266348 LICK
198 0 1574266888 TIMEOUT_START
198 0 1574544080 LICK
198 0 1574544612 TIMEOUT_START
198 0 1575319324 RESP_END
198 0 1581545176 TIMEOUT_END
199 1 1583148476 STIM_START
199 1 1583354196 LICK
199 1 1583488064 LICK
199 1 1583660012 LICK
199 1 1583795572 LICK
199 1 1583985436 LICK
199 1 1584247140 STIM_END_RESP_START
199 1 1585447164 RESP_END
200 1 1587277512 STIM_START
200 1 1588376140 STIM_END_RESP_START
200 1 1588400928 LICK
200 1 1588401468 REWARD_START
200 1 1588547900 LICK
200 1 1588698784 LICK
200 1 1588842172 LICK
200 1 1588935168 LICK
200 1 1589043260 LICK
200 1 1589169408 LICK
200 1 1589293832 LICK
200 1 1589576172 RESP_END
200 1 1588452020 REWARD_END
201 0 1591518396 STIM_START
201 0 1592617028 STIM_END_RESP_START
201 0 1593817044 RESP_END
202 0 1595552576 STIM_START
202 0 1596651204 STIM_END_RESP_START
202 0 1597377652 LICK
202 0 1597378184 TIMEOUT_START
202 0 1597515412 LICK
202 0 1597515952 TIMEOUT_START
202 0 1597652204 LICK
202 0 1597652736 TIMEOUT_START
202 0 1597798540 LICK
202 0 1597799072 TIMEOUT_START
202 0 1597851236 RESP_END
202 0 1604799628 TIMEOUT_END
203 1 1606502472 STIM_START
203 1 1607601132 STIM_END_RESP_START
203 1 1608801152 RESP_END
204 0 1613912580 STIM_START
204 0 1615011208 STIM_END_RESP_START
204 0 1616211232 RESP_END
205 0 1618190420 STIM_START
205 0 1619289080 STIM_END_RESP_START
205 0 1620489104 RESP_END
206 0 1622938724 STIM_START
206 0 1624037392 STIM_END_RESP_START
206 0 1624763228 LICK
206 0 1624763768 TIMEOUT_START
206 0 1624943040 LICK
206 0 1624943576 TIMEOUT_START
206 0 1625092924 LICK
206 0 1625093464 TIMEOUT_START
206 0 1625237404 RESP_END
206 0 1632094028 TIMEOUT_END
207 1 1633803672 STIM_START
207 1 1634902340 STIM_END_RESP_START
207 1 1635753004 LICK
207 1 1635753536 REWARD_START
207 1 1635909880 LICK
207 1 1636035988 LICK
207 1 1636102368 RESP_END
207 1 1635804108 REWARD_END
208 0 1638487064 STIM_START
208 0 1639372156 LICK
208 0 1639496892 LICK
208 0 1639585708 STIM_END_RESP_START
208 0 1639635196 LICK
208 0 1639635728 TIMEOUT_START
208 0 1639777740 LICK
208 0 1639778272 TIMEOUT_START
208 0 1640101752 LICK
208 0 1640102288 TIMEOUT_START
208 0 1640260584 LICK
208 0 1640261120 TIMEOUT_START
208 0 1640785724 RESP_END
208 0 1647261660 TIMEOUT_END
209 0 1650037216 STIM_START
209 0 1651135884 STIM_END_RESP_START
209 0 1652335908 RESP_END
210 0 1654415912 STIM_START
210 0 1655514540 STIM_END_RESP_START
210 0 1656714564 RESP_END
211 1 1658350184 STIM_START
211 1 1659448852 STIM_END_RESP_START
211 1 1660208924 LICK
211 1 1660209460 REWARD_START
211 1 1660356872 LICK
211 1 1660637808 LICK
211 1 1660648876 RESP_END
211 1 1660260012 REWARD_END
212 1 1662733924 STIM_START
212 1 1663832560 STIM_END_RESP_START
212 1 1665032588 RESP_END
213 1 1666789080 STIM_START
213 1 1667887712 STIM_END_RESP_START
213 1 1668720276 LICK
213 1 1668720816 REWARD_START
213 1 1668847404 LICK
213 1 1669054824 LICK
213 1 1669087752 RESP_END
213 1 1668771364 REWARD_END
214 0 1672227536 STIM_START
214 0 1673326164 STIM_END_RESP_START
214 0 1674526188 RESP_END
215 1 1676464464 STIM_START
215 1 1677563132 STIM_END_RESP_START
215 1 1678763156 RESP_END
216 0 1680561640 STIM_START
216 0 1681660268 STIM_END_RESP_START
216 0 1682860288 RESP_END
217 1 1684688620 STIM_START
217 1 1685787244 STIM_END_RESP_START
217 1 1686987268 RESP_END
218 1 1688664916 STIM_START
218 1 1689763580 STIM_END_RESP_START
218 1 1690963604 RESP_END
219 0 1692711048 STIM_START
219 0 1693809712 STIM_END_RESP_START
219 0 1695009732 RESP_END
220 1 1697005832 STIM_START
220 1 1698104496 STIM_END_RESP_START
220 1 1699304520 RESP_END
221 1 1702520204 STIM_START
221 1 1703618832 STIM_END_RESP_START
221 1 1704645212 LICK
221 1 1704645748 REWARD_START
221 1 1704818880 RESP_END
221 1 1704696296 REWARD_END
222 0 1706701200 STIM_START
222 0 1707799824 STIM_END_RESP_START
222 0 1708152556 LICK
222 0 1708153092 TIMEOUT_START
222 0 1708294808 LICK
222 0 1708295344 TIMEOUT_START
222 0 1708501740 LICK
222 0 1708502280 TIMEOUT_START
222 0 1708616108 LICK
222 0 1708616640 TIMEOUT_START
222 0 1708727368 LICK
222 0 1708727900 TIMEOUT_START
222 0 1708999852 RESP_END
222 0 1715728464 TIMEOUT_END
223 0 1717576136 STIM_START
223 0 1718674804 STIM_END_RESP_START
223 0 1719323112 LICK
223 0 1719323648 TIMEOUT_START
223 0 1719469032 LICK
223 0 1719469572 TIMEOUT_START
223 0 1719619672 LICK
223 0 1719620208 TIMEOUT_START
223 0 1719775076 LICK
223 0 1719775616 TIMEOUT_START
223 0 1719874852 RESP_END
223 0 1726776180 TIMEOUT_END
224 1 1728520016 STIM_START
224 1 1729618680 STIM_END_RESP_START
224 1 1729961724 LICK
224 1 1729962264 REWARD_START
224 1 1730288348 LICK
224 1 1730534640 LICK
224 1 1730652912 LICK
224 1 1730768832 LICK
224 1 1730818696 RESP_END
224 1 1730012816 REWARD_END
225 1 1732552136 STIM_START
225 1 1733650764 STIM_END_RESP_START
225 1 1734180048 LICK
225 1 1734180580 REWARD_START
225 1 1734335052 LICK
225 1 1734566892 LICK
225 1 1734684664 LICK
225 1 1734796988 LICK
225 1 1734850788 RESP_END
225 1 1734231140 REWARD_END
226 0 1737403308 STIM_START
226 0 1738501936 STIM_END_RESP_START
226 0 1739701960 RESP_END
227 0 1741498392 STIM_START
227 0 1742597052 STIM_END_RESP_START
227 0 1742898620 LICK
227 0 1742899152 TIMEOUT_START
227 0 1743038120 LICK
227 0 1743038656 TIMEOUT_START
227 0 1743174732 LICK
227 0 1743175268 TIMEOUT_START
227 0 1743308552 LICK
227 0 1743309092 TIMEOUT_START
227 0 1743484916 LICK
227 0 1743485452 TIMEOUT_START
227 0 1743639224 LICK
227 0 1743639760 TIMEOUT_START
227 0 1743797068 RESP_END
227 0 1750640312 TIMEOUT_END
228 0 1752322392 STIM_START
228 0 1753421060 STIM_END_RESP_START
228 0 1754587428 LICK
228 0 1754587960 TIMEOUT_START
228 0 1754621088 RESP_END
228 0 1761588520 TIMEOUT_END
229 1 1763596920 STIM_START
229 1 1764695584 STIM_END_RESP_START
229 1 1765895608 RESP_END
230 1 1768824632 STIM_START
230 1 1769923260 STIM_END_RESP_START
230 1 1771123284 RESP_END
231 0 1772880768 STIM_START
231 0 1773413204 LICK
231 0 1773577272 LICK
231 0 1773736940 LICK
231 0 1773979436 STIM_END_RESP_START
231 0 1775179460 RESP_END
232 0 1776887900 STIM_START
232 0 1777986568 STIM_END_RESP_START
232 0 1779186584 RESP_END
233 0 1780985040 STIM_START
233 0 1781513744 LICK
233 0 1781676888 LICK
233 0 1781873356 LICK
233 0 1782083708 STIM_END_RESP_START
233 0 1783283732 RESP_END
234 1 1785341804 STIM_START
234 1 1786440432 STIM_END_RESP_START
234 1 1787640456 RESP_END
235 0 1789537760 STIM_START
235 0 1790636388 STIM_END_RESP_START
235 0 1791836416 RESP_END
236 0 1793790668 STIM_START
236 0 1794889300 STIM_END_RESP_START
236 0 1796089320 RESP_END
237 0 1798007564 STIM_START
237 0 1799106196 STIM_END_RESP_START
237 0 1799615996 LICK
237 0 1799616540 TIMEOUT_START
237 0 1799755436 LICK
237 0 1799755976 TIMEOUT_START
237 0 1799888064 LICK
237 0 1799888596 TIMEOUT_START
237 0 1800028672 LICK
237 0 1800029208 TIMEOUT_START
237 0 1800190332 LICK
237 0 1800190868 TIMEOUT_START
237 0 1800306244 RESP_END
237 0 1807191436 TIMEOUT_END
238 1 1809115296 STIM_START
238 1 1810213960 STIM_END_RESP_START
238 1 1811413980 RESP_END
239 0 1813272232 STIM_START
239 0 1814370864 STIM_END_RESP_START
239 0 1815570888 RESP_END
240 0 1817527168 STIM_START
240 0 1818625796 STIM_END_RESP_START
240 0 1819825820 RESP_END
241 0 1822964600 STIM_START
241 0 1824063228 STIM_END_RESP_START
241 0 1825263252 RESP_END
242 1 1827026744 STIM_START
242 1 1828004664 LICK
242 1 1828125388 STIM_END_RESP_START
242 1 1829325404 RESP_END
243 0 1830984024 STIM_START
243 0 1832082688 STIM_END_RESP_START
243 0 1833282712 RESP_END
244 0 1836878912 STIM_START
244 0 1837977532 STIM_END_RESP_START
244 0 1839177560 RESP_END
245 1 1841186776 STIM_START
245 1 1842285404 STIM_END_RESP_START
245 1 1843485428 RESP_END
246 1 1845441668 STIM_START
246 1 1846540336 STIM_END_RESP_START
246 1 1847740352 RESP_END
USER_EXIT