001 1 0003775260 STIM_START
001 1 0004592000 LICK
001 1 0004873868 STIM_END_RESP_START
001 1 0005028708 LICK
001 1 0005029104 REWARD_START
001 1 0005181380 LICK
001 1 0005326460 LICK
001 1 0005454940 LICK
001 1 0005579452 LICK
001 1 0005717008 LICK
001 1 0005884188 LICK
001 1 0006073912 RESP_END
001 1 0005059520 REWARD_END
002 1 0010717640 STIM_START
002 1 0010738104 LICK
002 1 0010879636 LICK
002 1 0011034184 LICK
002 1 0011816256 STIM_END_RESP_START
002 1 0012780504 LICK
002 1 0012780948 REWARD_START
002 1 0012928544 LICK
002 1 0013016272 RESP_END
002 1 0012811396 REWARD_END
003 0 0022741816 STIM_START
003 0 0023073528 LICK
003 0 0023217516 LICK
003 0 0023840432 STIM_END_RESP_START
003 0 0024432256 LICK
003 0 0024432696 TIMEOUT_START
003 0 0024557748 LICK
003 0 0024558188 TIMEOUT_START
003 0 0024703880 LICK
003 0 0024704320 TIMEOUT_START
003 0 0024841896 LICK
003 0 0024842336 TIMEOUT_START
003 0 0024995492 LICK
003 0 0024995932 TIMEOUT_START
003 0 0025040444 RESP_END
003 0 0031996380 TIMEOUT_END
004 0 0035381144 STIM_START
004 0 0036197904 LICK
004 0 0036323968 LICK
004 0 0036479752 STIM_END_RESP_START
004 0 0036480232 LICK
004 0 0036480668 TIMEOUT_START
004 0 0036632032 LICK
004 0 0036632472 TIMEOUT_START
004 0 0036770216 LICK
004 0 0036770652 TIMEOUT_START
004 0 0036920308 LICK
004 0 0036920748 TIMEOUT_START
004 0 0037077620 LICK
004 0 0037078060 TIMEOUT_START
004 0 0037214588 LICK
004 0 0037215024 TIMEOUT_START
004 0 0037378760 LICK
004 0 0037379200 TIMEOUT_START
004 0 0037539028 LICK
004 0 0037539464 TIMEOUT_START
004 0 0037679796 RESP_END
004 0 0044539936 TIMEOUT_END
005 1 0047630992 STIM_START
005 1 0048564200 LICK
005 1 0048685740 LICK
005 1 0048729600 STIM_END_RESP_START
005 1 0048850960 LICK
005 1 0048851396 REWARD_START
005 1 0048993416 LICK
005 1 0049120316 LICK
005 1 0049228484 LICK
005 1 0049355716 LICK
005 1 0049490312 LICK
005 1 0049645664 LICK
005 1 0049800252 LICK
005 1 0049929640 RESP_END
005 1 0048881844 REWARD_END
006 0 0057357896 STIM_START
006 0 0058082412 LICK
006 0 0058203628 LICK
006 0 0058355756 LICK
006 0 0058456492 STIM_END_RESP_START
006 0 0058480152 LICK
006 0 0058480588 TIMEOUT_START
006 0 0058640844 LICK
006 0 0058641280 TIMEOUT_START
006 0 0058780460 LICK
006 0 0058780904 TIMEOUT_START
006 0 0058933496 LICK
006 0 0058933932 TIMEOUT_START
006 0 0059067044 LICK
006 0 0059067484 TIMEOUT_START
006 0 0059226964 LICK
006 0 0059227404 TIMEOUT_START
006 0 0059384656 LICK
006 0 0059385100 TIMEOUT_START
006 0 0059555316 LICK
006 0 0059555752 TIMEOUT_START
006 0 0059656532 RESP_END
006 0 0066556208 TIMEOUT_END
007 0 0070316876 STIM_START
007 0 0071415472 STIM_END_RESP_START
007 0 0072615500 RESP_END
008 0 0075863068 STIM_START
008 0 0076298068 LICK
008 0 0076444468 LICK
008 0 0076634512 LICK
008 0 0076787256 LICK
008 0 0076958596 LICK
008 0 0076961696 STIM_END_RESP_START
008 0 0078161732 RESP_END
009 1 0080020904 STIM_START
009 1 0080283848 LICK
009 1 0080418592 LICK
009 1 0080570820 LICK
009 1 0080711968 LICK
009 1 0080853092 LICK
009 1 0081011540 LICK
009 1 0081119504 STIM_END_RESP_START
009 1 0081158256 LICK
009 1 0081158696 REWARD_START
009 1 0081346996 LICK
009 1 0081468528 LICK
009 1 0081580480 LICK
009 1 0081696144 LICK
009 1 0081826876 LICK
009 1 0081962736 LICK
009 1 0082100964 LICK
009 1 0082246220 LICK
009 1 0082319532 RESP_END
009 1 0081189148 REWARD_END
010 0 0084166792 STIM_START
010 0 0084331520 LICK
010 0 0084462216 LICK
010 0 0084605188 LICK
010 0 0084746812 LICK
010 0 0084895012 LICK
010 0 0085052812 LICK
010 0 0085199780 LICK
010 0 0085265404 STIM_END_RESP_START
010 0 0085350556 LICK
010 0 0085350992 TIMEOUT_START
010 0 0085490332 LICK
010 0 0085490776 TIMEOUT_START
010 0 0085655256 LICK
010 0 0085655696 TIMEOUT_START
010 0 0085805868 LICK
010 0 0085806312 TIMEOUT_START
010 0 0086003208 LICK
010 0 0086003644 TIMEOUT_START
010 0 0086134584 LICK
010 0 0086135024 TIMEOUT_START
010 0 0086334620 LICK
010 0 0086335060 TIMEOUT_START
010 0 0086465436 RESP_END
010 0 0093335520 TIMEOUT_END
011 0 0095307968 STIM_START
011 0 0095912028 LICK
011 0 0096049196 LICK
011 0 0096217656 LICK
011 0 0096354328 LICK
011 0 0096406560 STIM_END_RESP_START
011 0 0096525152 LICK
011 0 0096525592 TIMEOUT_START
011 0 0096671540 LICK
011 0 0096671980 TIMEOUT_START
011 0 0096817404 LICK
011 0 0096817844 TIMEOUT_START
011 0 0096978304 LICK
011 0 0096978740 TIMEOUT_START
011 0 0097148216 LICK
011 0 0097148656 TIMEOUT_START
011 0 0097606580 RESP_END
011 0 0104149120 TIMEOUT_END
012 0 0107634720 STIM_START
012 0 0108421280 LICK
012 0 0108609952 LICK
012 0 0108733344 STIM_END_RESP_START
012 0 0108756836 LICK
012 0 0108757324 TIMEOUT_START
012 0 0108903192 LICK
012 0 0108903680 TIMEOUT_START
012 0 0109074508 LICK
012 0 0109074988 TIMEOUT_START
012 0 0109252084 LICK
012 0 0109252564 TIMEOUT_START
012 0 0109423680 LICK
012 0 0109424160 TIMEOUT_START
012 0 0109616308 LICK
012 0 0109616792 TIMEOUT_START
012 0 0109933356 RESP_END
012 0 0116617304 TIMEOUT_END
013 1 0118382412 STIM_START
013 1 0119062192 LICK
013 1 0119211812 LICK
013 1 0119347116 LICK
013 1 0119481028 STIM_END_RESP_START
013 1 0119501860 LICK
013 1 0119502344 REWARD_START
013 1 0119643536 LICK
013 1 0119776996 LICK
013 1 0119886264 LICK
013 1 0120013876 LICK
013 1 0120145148 LICK
013 1 0120298328 LICK
013 1 0120681056 RESP_END
013 1 0119532840 REWARD_END
014 0 0124797500 STIM_START
014 0 0125896112 STIM_END_RESP_START
014 0 0126010184 LICK
014 0 0126010672 TIMEOUT_START
014 0 0126139936 LICK
014 0 0126140428 TIMEOUT_START
014 0 0126311440 LICK
014 0 0126311924 TIMEOUT_START
014 0 0126442008 LICK
014 0 0126442492 TIMEOUT_START
014 0 0126590848 LICK
014 0 0126591336 TIMEOUT_START
014 0 0126767504 LICK
014 0 0126767988 TIMEOUT_START
014 0 0127096136 RESP_END
014 0 0133768496 TIMEOUT_END
015 1 0136209396 STIM_START
015 1 0137007392 LICK
015 1 0137182344 LICK
015 1 0137308000 STIM_END_RESP_START
015 1 0137331908 LICK
015 1 0137332392 REWARD_START
015 1 0137474860 LICK
015 1 0137608440 LICK
015 1 0137728852 LICK
015 1 0137869260 LICK
015 1 0138015468 LICK
015 1 0138508036 RESP_END
015 1 0137362904 REWARD_END
016 0 0142612428 STIM_START
016 0 0143409276 LICK
016 0 0143551236 LICK
016 0 0143711020 STIM_END_RESP_START
016 0 0143724856 LICK
016 0 0143725340 TIMEOUT_START
016 0 0143863340 LICK
016 0 0143863828 TIMEOUT_START
016 0 0144021184 LICK
016 0 0144021676 TIMEOUT_START
016 0 0144199364 LICK
016 0 0144199852 TIMEOUT_START
016 0 0144419364 LICK
016 0 0144419852 TIMEOUT_START
016 0 0144592668 LICK
016 0 0144593156 TIMEOUT_START
016 0 0144747556 LICK
016 0 0144748040 TIMEOUT_START
016 0 0144911036 RESP_END
016 0 0151748540 TIMEOUT_END
017 1 0153571876 STIM_START
017 1 0154670488 STIM_END_RESP_START
017 1 0154826604 LICK
017 1 0154827096 REWARD_START
017 1 0154970296 LICK
017 1 0155097744 LICK
017 1 0155202916 LICK
017 1 0155343896 LICK
017 1 0155495784 LICK
017 1 0155697288 LICK
017 1 0155840948 LICK
017 1 0155870528 RESP_END
017 1 0154857592 REWARD_END
018 0 0158196148 STIM_START
018 0 0158367988 LICK
018 0 0159294748 STIM_END_RESP_START
018 0 0159495796 LICK
018 0 0159496288 TIMEOUT_START
018 0 0159636188 LICK
018 0 0159636680 TIMEOUT_START
018 0 0159785576 LICK
018 0 0159786068 TIMEOUT_START
018 0 0159935008 LICK
018 0 0159935500 TIMEOUT_START
018 0 0160081612 LICK
018 0 0160082100 TIMEOUT_START
018 0 0160231740 LICK
018 0 0160232224 TIMEOUT_START
018 0 0160409724 LICK
018 0 0160410208 TIMEOUT_START
018 0 0160494776 RESP_END
018 0 0167410716 TIMEOUT_END
019 0 0169744824 STIM_START
019 0 0170771132 LICK
019 0 0170843440 STIM_END_RESP_START
019 0 0170910360 LICK
019 0 0170910852 TIMEOUT_START
019 0 0171052772 LICK
019 0 0171053264 TIMEOUT_START
019 0 0171219308 LICK
019 0 0171219792 TIMEOUT_START
019 0 0171352832 LICK
019 0 0171353320 TIMEOUT_START
019 0 0171520280 LICK
019 0 0171520760 TIMEOUT_START
019 0 0171668220 LICK
019 0 0171668708 TIMEOUT_START
019 0 0171824948 LICK
019 0 0171825436 TIMEOUT_START
019 0 0172043472 RESP_END
019 0 0178825948 TIMEOUT_END
020 0 0181093792 STIM_START
020 0 0181378460 LICK
020 0 0182192396 STIM_END_RESP_START
020 0 0182931844 LICK
020 0 0182932328 TIMEOUT_START
020 0 0183068204 LICK
020 0 0183068696 TIMEOUT_START
020 0 0183245672 LICK
020 0 0183246164 TIMEOUT_START
020 0 0183386096 LICK
020 0 0183386588 TIMEOUT_START
020 0 0183392412 RESP_END
020 0 0190387088 TIMEOUT_END
021 1 0192441756 STIM_START
021 1 0192605896 LICK
021 1 0192771292 LICK
021 1 0192915524 LICK
021 1 0193075812 LICK
021 1 0193215116 LICK
021 1 0193368564 LICK
021 1 0193507972 LICK
021 1 0193540380 STIM_END_RESP_START
021 1 0193648456 LICK
021 1 0193648944 REWARD_START
021 1 0193819972 LICK
021 1 0193958892 LICK
021 1 0194071152 LICK
021 1 0194206780 LICK
021 1 0194356660 LICK
021 1 0194740416 RESP_END
021 1 0193679440 REWARD_END
022 0 0197379700 STIM_START
022 0 0197867940 LICK
022 0 0198038760 LICK
022 0 0198194424 LICK
022 0 0198370396 LICK
022 0 0198478304 STIM_END_RESP_START
022 0 0198519364 LICK
022 0 0198519852 TIMEOUT_START
022 0 0198681696 LICK
022 0 0198682180 TIMEOUT_START
022 0 0198900808 LICK
022 0 0198901292 TIMEOUT_START
022 0 0199678336 RESP_END
022 0 0205901792 TIMEOUT_END
023 1 0207747872 STIM_START
023 1 0208076680 LICK
023 1 0208236636 LICK
023 1 0208373620 LICK
023 1 0208506332 LICK
023 1 0208640364 LICK
023 1 0208773316 LICK
023 1 0208846496 STIM_END_RESP_START
023 1 0208924196 LICK
023 1 0208924684 REWARD_START
023 1 0209062172 LICK
023 1 0209190376 LICK
023 1 0209315112 LICK
023 1 0209439080 LICK
023 1 0209556460 LICK
023 1 0209710364 LICK
023 1 0209855508 LICK
023 1 0210013884 LICK
023 1 0210046536 RESP_END
023 1 0208955192 REWARD_END
024 1 0219934768 STIM_START
024 1 0220611000 LICK
024 1 0220754328 LICK
024 1 0220893712 LICK
024 1 0221030016 LICK
024 1 0221033360 STIM_END_RESP_START
024 1 0221310860 LICK
024 1 0221311352 REWARD_START
024 1 0221448440 LICK
024 1 0221586300 LICK
024 1 0221693628 LICK
024 1 0221808556 LICK
024 1 0221942460 LICK
024 1 0222233408 RESP_END
024 1 0221341848 REWARD_END
025 0 0224559012 STIM_START
025 0 0225189492 LICK
025 0 0225349124 LICK
025 0 0225518264 LICK
025 0 0225657636 STIM_END_RESP_START
025 0 0225664140 LICK
025 0 0225664624 TIMEOUT_START
025 0 0225817388 LICK
025 0 0225817876 TIMEOUT_START
025 0 0225964044 LICK
025 0 0225964528 TIMEOUT_START
025 0 0226115312 LICK
025 0 0226115800 TIMEOUT_START
025 0 0226295772 LICK
025 0 0226296260 TIMEOUT_START
025 0 0226448476 LICK
025 0 0226448960 TIMEOUT_START
025 0 0226857648 RESP_END
025 0 0233449460 TIMEOUT_END
026 0 0235233784 STIM_START
026 0 0235519068 LICK
026 0 0235705720 LICK
026 0 0235853512 LICK
026 0 0236006608 LICK
026 0 0236138232 LICK
026 0 0236325732 LICK
026 0 0236332408 STIM_END_RESP_START
026 0 0236497176 LICK
026 0 0236497660 TIMEOUT_START
026 0 0236648592 LICK
026 0 0236649076 TIMEOUT_START
026 0 0236821112 LICK
026 0 0236821600 TIMEOUT_START
026 0 0237532448 RESP_END
026 0 0243822100 TIMEOUT_END
027 0 0246518828 STIM_START
027 0 0247617436 STIM_END_RESP_START
027 0 0248371228 LICK
027 0 0248371712 TIMEOUT_START
027 0 0248507916 LICK
027 0 0248508400 TIMEOUT_START
027 0 0248665524 LICK
027 0 0248666008 TIMEOUT_START
027 0 0248808716 LICK
027 0 0248809200 TIMEOUT_START
027 0 0248817472 RESP_END
027 0 0255809708 TIMEOUT_END
028 1 0259005428 STIM_START
028 1 0259872124 LICK
028 1 0260034568 LICK
028 1 0260104020 STIM_END_RESP_START
028 1 0260222748 LICK
028 1 0260223236 REWARD_START
028 1 0260365032 LICK
028 1 0260492120 LICK
028 1 0260602612 LICK
028 1 0260727904 LICK
028 1 0260881272 LICK
028 1 0261304048 RESP_END
028 1 0260253736 REWARD_END
029 0 0263080368 STIM_START
029 0 0264178976 STIM_END_RESP_START
029 0 0265379016 RESP_END
030 1 0267374028 STIM_START
030 1 0267674780 LICK
030 1 0267831120 LICK
030 1 0267974680 LICK
030 1 0268105552 LICK
030 1 0268262316 LICK
030 1 0268398528 LICK
030 1 0268472628 STIM_END_RESP_START
030 1 0268557760 LICK
030 1 0268558244 REWARD_START
030 1 0268709500 LICK
030 1 0268844736 LICK
030 1 0268949484 LICK
030 1 0269067476 LICK
030 1 0269203288 LICK
030 1 0269341716 LICK
030 1 0269540488 LICK
030 1 0269672644 RESP_END
030 1 0268588756 REWARD_END
031 0 0275688776 STIM_START
031 0 0276268300 LICK
031 0 0276413376 LICK
031 0 0276572504 LICK
031 0 0276716908 LICK
031 0 0276787368 STIM_END_RESP_START
031 0 0276868292 LICK
031 0 0276868776 TIMEOUT_START
031 0 0277002216 LICK
031 0 0277002704 TIMEOUT_START
031 0 0277159324 LICK
031 0 0277159808 TIMEOUT_START
031 0 0277291608 LICK
031 0 0277292096 TIMEOUT_START
031 0 0277599164 LICK
031 0 0277599656 TIMEOUT_START
031 0 0277740072 LICK
031 0 0277740564 TIMEOUT_START
031 0 0277940560 LICK
031 0 0277941044 TIMEOUT_START
031 0 0277987416 RESP_END
031 0 0284941544 TIMEOUT_END
032 0 0286742056 STIM_START
032 0 0287840668 STIM_END_RESP_START
032 0 0288231524 LICK
032 0 0288232008 TIMEOUT_START
032 0 0288399752 LICK
032 0 0288400236 TIMEOUT_START
032 0 0288571144 LICK
032 0 0288571632 TIMEOUT_START
032 0 0288733560 LICK
032 0 0288734044 TIMEOUT_START
032 0 0288906788 LICK
032 0 0288907276 TIMEOUT_START
032 0 0289040704 RESP_END
032 0 0295907776 TIMEOUT_END
033 0 0297634596 STIM_START
033 0 0298733208 STIM_END_RESP_START
033 0 0298832304 LICK
033 0 0298832788 TIMEOUT_START
033 0 0298978480 LICK
033 0 0298978964 TIMEOUT_START
033 0 0299182368 LICK
033 0 0299182852 TIMEOUT_START
033 0 0299371500 LICK
033 0 0299371992 TIMEOUT_START
033 0 0299526812 LICK
033 0 0299527300 TIMEOUT_START
033 0 0299698840 LICK
033 0 0299699328 TIMEOUT_START
033 0 0299933220 RESP_END
033 0 0306699836 TIMEOUT_END
034 1 0310861184 STIM_START
034 1 0310913004 LICK
034 1 0311094340 LICK
034 1 0311248244 LICK
034 1 0311548380 LICK
034 1 0311680512 LICK
034 1 0311824796 LICK
034 1 0311959796 STIM_END_RESP_START
034 1 0311967124 LICK
034 1 0311967612 REWARD_START
034 1 0312109752 LICK
034 1 0312234532 LICK
034 1 0312340764 LICK
034 1 0312466636 LICK
034 1 0312617060 LICK
034 1 0312754876 LICK
034 1 0313159836 RESP_END
034 1 0311998128 REWARD_END
035 1 0315166904 STIM_START
035 1 0316265516 STIM_END_RESP_START
035 1 0316370168 LICK
035 1 0316370652 REWARD_START
035 1 0316497380 LICK
035 1 0316629072 LICK
035 1 0316737980 LICK
035 1 0316861964 LICK
035 1 0316998672 LICK
035 1 0317141732 LICK
035 1 0317305496 LICK
035 1 0317441356 LICK
035 1 0317465556 RESP_END
035 1 0316401168 REWARD_END
036 0 0327087068 STIM_START
036 0 0327992368 LICK
036 0 0328144212 LICK
036 0 0328185688 STIM_END_RESP_START
036 0 0328286688 LICK
036 0 0328287172 TIMEOUT_START
036 0 0328426664 LICK
036 0 0328427144 TIMEOUT_START
036 0 0328573756 LICK
036 0 0328574248 TIMEOUT_START
036 0 0328726076 LICK
036 0 0328726564 TIMEOUT_START
036 0 0328867936 LICK
036 0 0328868420 TIMEOUT_START
036 0 0329026016 LICK
036 0 0329026500 TIMEOUT_START
036 0 0329182468 LICK
036 0 0329182952 TIMEOUT_START
036 0 0329343340 LICK
036 0 0329343824 TIMEOUT_START
036 0 0329385732 RESP_END
036 0 0336344328 TIMEOUT_END
037 0 0338203340 STIM_START
037 0 0339209260 LICK
037 0 0339301948 STIM_END_RESP_START
037 0 0339344808 LICK
037 0 0339345292 TIMEOUT_START
037 0 0339478728 LICK
037 0 0339479208 TIMEOUT_START
037 0 0339629052 LICK
037 0 0339629544 TIMEOUT_START
037 0 0339777736 LICK
037 0 0339778220 TIMEOUT_START
037 0 0339927324 LICK
037 0 0339927808 TIMEOUT_START
037 0 0340068896 LICK
037 0 0340069388 TIMEOUT_START
037 0 0340225204 LICK
037 0 0340225688 TIMEOUT_START
037 0 0340501988 RESP_END
037 0 0347226196 TIMEOUT_END
038 0 0349168772 STIM_START
038 0 0350267376 STIM_END_RESP_START
038 0 0350461936 LICK
038 0 0350462428 TIMEOUT_START
038 0 0350670876 LICK
038 0 0350671360 TIMEOUT_START
038 0 0350861320 LICK
038 0 0350861804 TIMEOUT_START
038 0 0351026700 LICK
038 0 0351027188 TIMEOUT_START
038 0 0351181912 LICK
038 0 0351182400 TIMEOUT_START
038 0 0351467396 RESP_END
038 0 0358182908 TIMEOUT_END
039 1 0359958432 STIM_START
039 1 0360745040 LICK
039 1 0360896944 LICK
039 1 0361035400 LICK
039 1 0361057020 STIM_END_RESP_START
039 1 0361167284 LICK
039 1 0361167768 REWARD_START
039 1 0361450904 LICK
039 1 0361549420 LICK
039 1 0361671132 LICK
039 1 0361800568 LICK
039 1 0361923372 LICK
039 1 0362257068 RESP_END
039 1 0361198280 REWARD_END
040 0 0366017980 STIM_START
040 0 0366306572 LICK
040 0 0366463300 LICK
040 0 0366617552 LICK
040 0 0366756428 LICK
040 0 0366897612 LICK
040 0 0367041980 LICK
040 0 0367116564 STIM_END_RESP_START
040 0 0367212844 LICK
040 0 0367213328 TIMEOUT_START
040 0 0367350988 LICK
040 0 0367351476 TIMEOUT_START
040 0 0367497952 LICK
040 0 0367498444 TIMEOUT_START
040 0 0367659492 LICK
040 0 0367659976 TIMEOUT_START
040 0 0367827376 LICK
040 0 0367827860 TIMEOUT_START
040 0 0367982484 LICK
040 0 0367982976 TIMEOUT_START
040 0 0368316604 RESP_END
040 0 0374983476 TIMEOUT_END
041 0 0376944392 STIM_START
041 0 0377721184 LICK
041 0 0377914360 LICK
041 0 0378043012 STIM_END_RESP_START
041 0 0378116732 LICK
041 0 0378117224 TIMEOUT_START
041 0 0378278744 LICK
041 0 0378279236 TIMEOUT_START
041 0 0379243056 RESP_END
041 0 0385279736 TIMEOUT_END
042 1 0389603720 STIM_START
042 1 0390448508 LICK
042 1 0390587428 LICK
042 1 0390702312 STIM_END_RESP_START
042 1 0390739992 LICK
042 1 0390740480 REWARD_START
042 1 0390974864 LICK
042 1 0391076396 LICK
042 1 0391200400 LICK
042 1 0391510188 LICK
042 1 0391660140 LICK
042 1 0391902324 RESP_END
042 1 0390770976 REWARD_END
043 1 0394124108 STIM_START
043 1 0394669348 LICK
043 1 0394799924 LICK
043 1 0394947816 LICK
043 1 0395222736 STIM_END_RESP_START
043 1 0395228080 LICK
043 1 0395228572 REWARD_START
043 1 0395353336 LICK
043 1 0395477476 LICK
043 1 0395577912 LICK
043 1 0395703580 LICK
043 1 0395836656 LICK
043 1 0395996632 LICK
043 1 0396422752 RESP_END
043 1 0395259088 REWARD_END
044 1 0400010904 STIM_START
044 1 0400492412 LICK
044 1 0400636456 LICK
044 1 0400788072 LICK
044 1 0400950560 LICK
044 1 0401078808 LICK
044 1 0401109504 STIM_END_RESP_START
044 1 0401216244 LICK
044 1 0401216732 REWARD_START
044 1 0401361264 LICK
044 1 0401494540 LICK
044 1 0401589572 LICK
044 1 0401705352 LICK
044 1 0401831348 LICK
044 1 0401958676 LICK
044 1 0402108484 LICK
044 1 0402309540 RESP_END
044 1 0401247248 REWARD_END
045 0 0404870840 STIM_START
045 0 0405969448 STIM_END_RESP_START
045 0 0406478404 LICK
045 0 0406478896 TIMEOUT_START
045 0 0406645212 LICK
045 0 0406645696 TIMEOUT_START
045 0 0406787196 LICK
045 0 0406787680 TIMEOUT_START
045 0 0406933928 LICK
045 0 0406934416 TIMEOUT_START
045 0 0407075864 LICK
045 0 0407076348 TIMEOUT_START
045 0 0407169496 RESP_END
045 0 0414076852 TIMEOUT_END
046 1 0416123900 STIM_START
046 1 0416950488 LICK
046 1 0417119944 LICK
046 1 0417222492 STIM_END_RESP_START
046 1 0417252324 LICK
046 1 0417252816 REWARD_START
046 1 0417397588 LICK
046 1 0417524564 LICK
046 1 0417621988 LICK
046 1 0417739220 LICK
046 1 0417868224 LICK
046 1 0418053708 LICK
046 1 0418194032 LICK
046 1 0418422516 RESP_END
046 1 0417283312 REWARD_END
047 0 0425425392 STIM_START
047 0 0426524004 STIM_END_RESP_START
047 0 0426601736 LICK
047 0 0426602220 TIMEOUT_START
047 0 0426821476 LICK
047 0 0426821964 TIMEOUT_START
047 0 0427724040 RESP_END
047 0 0433822468 TIMEOUT_END
048 1 0435582828 STIM_START
048 1 0436681420 STIM_END_RESP_START
048 1 0436697360 LICK
048 1 0436697848 REWARD_START
048 1 0436823552 LICK
048 1 0436948632 LICK
048 1 0437058008 LICK
048 1 0437176380 LICK
048 1 0437320008 LICK
048 1 0437485324 LICK
048 1 0437881440 RESP_END
048 1 0436728360 REWARD_END
049 0 0444242100 STIM_START
049 0 0444629020 LICK
049 0 0444771588 LICK
049 0 0444929532 LICK
049 0 0445070020 LICK
049 0 0445218424 LICK
049 0 0445340704 STIM_END_RESP_START
049 0 0445371212 LICK
049 0 0445371704 TIMEOUT_START
049 0 0445526364 LICK
049 0 0445526848 TIMEOUT_START
049 0 0445693448 LICK
049 0 0445693928 TIMEOUT_START
049 0 0445856660 LICK
049 0 0445857148 TIMEOUT_START
049 0 0446009156 LICK
049 0 0446009648 TIMEOUT_START
049 0 0446185660 LICK
049 0 0446186144 TIMEOUT_START
049 0 0446540724 RESP_END
049 0 0453186652 TIMEOUT_END
050 1 0454970864 STIM_START
050 1 0455558084 LICK
050 1 0455692456 LICK
050 1 0455835184 LICK
050 1 0455969632 LICK
050 1 0456069460 STIM_END_RESP_START
050 1 0456104548 LICK
050 1 0456105040 REWARD_START
050 1 0456243940 LICK
050 1 0456377020 LICK
050 1 0456472364 LICK
050 1 0456590388 LICK
050 1 0456722072 LICK
050 1 0456873508 LICK
050 1 0457269476 RESP_END
050 1 0456135544 REWARD_END
051 0 0470221004 STIM_START
051 0 0470852476 LICK
051 0 0471319596 STIM_END_RESP_START
051 0 0472329632 LICK
051 0 0472330116 TIMEOUT_START
051 0 0472500424 LICK
051 0 0472500908 TIMEOUT_START
051 0 0472519620 RESP_END
051 0 0479501416 TIMEOUT_END
052 0 0489938552 STIM_START
052 0 0490415828 LICK
052 0 0490596348 LICK
052 0 0491037144 STIM_END_RESP_START
052 0 0491355996 LICK
052 0 0491356488 TIMEOUT_START
052 0 0492237156 RESP_END
052 0 0498357000 TIMEOUT_END
053 0 0500292768 STIM_START
053 0 0500901924 LICK
053 0 0501069736 LICK
053 0 0501242504 LICK
053 0 0501391384 STIM_END_RESP_START
053 0 0501400568 LICK
053 0 0501401068 TIMEOUT_START
053 0 0501582968 LICK
053 0 0501583452 TIMEOUT_START
053 0 0501755392 LICK
053 0 0501755880 TIMEOUT_START
053 0 0502132052 LICK
053 0 0502132536 TIMEOUT_START
053 0 0502591420 RESP_END
053 0 0509133044 TIMEOUT_END
054 1 0511054436 STIM_START
054 1 0511709428 LICK
054 1 0511887800 LICK
054 1 0512064224 LICK
054 1 0512153028 STIM_END_RESP_START
054 1 0512216500 LICK
054 1 0512216984 REWARD_START
054 1 0512380992 LICK
054 1 0512635128 LICK
054 1 0512908012 LICK
054 1 0513238452 LICK
054 1 0513353040 RESP_END
054 1 0512247496 REWARD_END
055 0 0515244228 STIM_START
055 0 0516036092 LICK
055 0 0516342832 STIM_END_RESP_START
055 0 0516373792 LICK
055 0 0516374276 TIMEOUT_START
055 0 0516701888 LICK
055 0 0516702380 TIMEOUT_START
055 0 0516886524 LICK
055 0 0516887012 TIMEOUT_START
055 0 0517089192 LICK
055 0 0517089684 TIMEOUT_START
055 0 0517542880 RESP_END
055 0 0524090180 TIMEOUT_END
056 0 0526070852 STIM_START
056 0 0527169460 STIM_END_RESP_START
056 0 0527221520 LICK
056 0 0527222008 TIMEOUT_START
056 0 0528369500 RESP_END
056 0 0534222504 TIMEOUT_END
057 1 0536595856 STIM_START
057 1 0537694468 STIM_END_RESP_START
057 1 0538215884 LICK
057 1 0538216368 REWARD_START
057 1 0538894492 RESP_END
057 1 0538246880 REWARD_END
058 1 0540723680 STIM_START
058 1 0541822288 STIM_END_RESP_START
058 1 0543022332 RESP_END
059 1 0545092348 STIM_START
059 1 0546190960 STIM_END_RESP_START
059 1 0546388484 LICK
059 1 0546388972 REWARD_START
059 1 0546663560 LICK
059 1 0547390996 RESP_END
059 1 0546419484 REWARD_END
060 0 0552735848 STIM_START
060 0 0553388528 LICK
060 0 0553587400 LICK
060 0 0553753828 LICK
060 0 0553834464 STIM_END_RESP_START
060 0 0554097172 LICK
060 0 0554097656 TIMEOUT_START
060 0 0554999164 LICK
060 0 0554999648 TIMEOUT_START
060 0 0555034484 RESP_END
060 0 0562000168 TIMEOUT_END
061 1 0563870132 STIM_START
061 1 0564733360 LICK
061 1 0564931488 LICK
061 1 0564968752 STIM_END_RESP_START
061 1 0565077012 LICK
061 1 0565077496 REWARD_START
061 1 0565241344 LICK
061 1 0565626068 LICK
061 1 0565884792 LICK
061 1 0566046664 LICK
061 1 0566168776 RESP_END
061 1 0565107996 REWARD_END
062 0 0569601984 STIM_START
062 0 0570305132 LICK
062 0 0570481936 LICK
062 0 0570639760 LICK
062 0 0570700596 STIM_END_RESP_START
062 0 0570824472 LICK
062 0 0570824960 TIMEOUT_START
062 0 0571401280 LICK
062 0 0571401764 TIMEOUT_START
062 0 0571900640 RESP_END
062 0 0578402260 TIMEOUT_END
063 1 0580389668 STIM_START
063 1 0581488280 STIM_END_RESP_START
063 1 0581806500 LICK
063 1 0581806984 REWARD_START
063 1 0582483120 LICK
063 1 0582644676 LICK
063 1 0582688316 RESP_END
063 1 0581837500 REWARD_END
064 0 0586181460 STIM_START
064 0 0587280072 STIM_END_RESP_START
064 0 0587416520 LICK
064 0 0587417008 TIMEOUT_START
064 0 0588480096 RESP_END
064 0 0594417516 TIMEOUT_END
065 1 0596484720 STIM_START
065 1 0597413172 LICK
065 1 0597577088 LICK
065 1 0597583332 STIM_END_RESP_START
065 1 0598783344 RESP_END
066 0 0601413584 STIM_START
066 0 0602512200 STIM_END_RESP_START
066 0 0603712244 RESP_END
067 0 0605786216 STIM_START
067 0 0606884824 STIM_END_RESP_START
067 0 0606949156 LICK
067 0 0606949648 TIMEOUT_START
067 0 0607119400 LICK
067 0 0607119884 TIMEOUT_START
067 0 0607278420 LICK
067 0 0607278904 TIMEOUT_START
067 0 0607417248 LICK
067 0 0607417740 TIMEOUT_START
067 0 0608084848 RESP_END
067 0 0614418240 TIMEOUT_END
068 1 0616025540 STIM_START
068 1 0616956800 LICK
068 1 0617124156 STIM_END_RESP_START
068 1 0617827900 LICK
068 1 0617828392 REWARD_START
068 1 0618005788 LICK
068 1 0618324200 RESP_END
068 1 0617858904 REWARD_END
069 0 0622280812 STIM_START
069 0 0623044776 LICK
069 0 0623379436 STIM_END_RESP_START
069 0 0623706812 LICK
069 0 0623707304 TIMEOUT_START
069 0 0624035696 LICK
069 0 0624036188 TIMEOUT_START
069 0 0624579452 RESP_END
069 0 0631036688 TIMEOUT_END
070 1 0632857708 STIM_START
070 1 0633683564 LICK
070 1 0633844076 LICK
070 1 0633956304 STIM_END_RESP_START
070 1 0633991848 LICK
070 1 0633992340 REWARD_START
070 1 0634140732 LICK
070 1 0634660960 LICK
070 1 0634950064 LICK
070 1 0635116144 LICK
070 1 0635156316 RESP_END
070 1 0634022848 REWARD_END
071 0 0637194376 STIM_START
071 0 0638292984 STIM_END_RESP_START
071 0 0639493028 RESP_END
072 1 0641543988 STIM_START
072 1 0642124396 LICK
072 1 0642425572 LICK
072 1 0642642584 STIM_END_RESP_START
072 1 0643842612 RESP_END
073 1 0645676900 STIM_START
073 1 0646482436 LICK
073 1 0646650816 LICK
073 1 0646775492 STIM_END_RESP_START
073 1 0647105044 LICK
073 1 0647105532 REWARD_START
073 1 0647270612 LICK
073 1 0647919676 LICK
073 1 0647975520 RESP_END
073 1 0647136048 REWARD_END
074 0 0651073176 STIM_START
074 0 0652143440 LICK
074 0 0652171780 STIM_END_RESP_START
074 0 0652328272 LICK
074 0 0652328756 TIMEOUT_START
074 0 0653371820 RESP_END
074 0 0659329260 TIMEOUT_END
075 0 0661385448 STIM_START
075 0 0662458764 LICK
075 0 0662484064 STIM_END_RESP_START
075 0 0662733156 LICK
075 0 0662733640 TIMEOUT_START
075 0 0662865156 LICK
075 0 0662865644 TIMEOUT_START
075 0 0663007064 LICK
075 0 0663007556 TIMEOUT_START
075 0 0663142904 LICK
075 0 0663143388 TIMEOUT_START
075 0 0663458648 LICK
075 0 0663459136 TIMEOUT_START
075 0 0663619680 LICK
075 0 0663620164 TIMEOUT_START
075 0 0663684076 RESP_END
075 0 0670620684 TIMEOUT_END
076 0 0672589528 STIM_START
076 0 0673688136 STIM_END_RESP_START
076 0 0674888180 RESP_END
077 1 0676884228 STIM_START
077 1 0677982840 STIM_END_RESP_START
077 1 0679182884 RESP_END
078 1 0681059060 STIM_START
078 1 0682157672 STIM_END_RESP_START
078 1 0682916492 LICK
078 1 0682916984 REWARD_START
078 1 0683357716 RESP_END
078 1 0682947488 REWARD_END
079 1 0685242884 STIM_START
079 1 0686341496 STIM_END_RESP_START
079 1 0687541540 RESP_END
080 0 0689253908 STIM_START
080 0 0690352520 STIM_END_RESP_START
080 0 0691552564 RESP_END
081 1 0693306932 STIM_START
081 1 0693884380 LICK
081 1 0694289388 LICK
081 1 0694405524 STIM_END_RESP_START
081 1 0694566184 LICK
081 1 0694566668 REWARD_START
081 1 0695072440 LICK
081 1 0695605548 RESP_END
081 1 0694597184 REWARD_END
082 0 0702583444 STIM_START
082 0 0703682056 STIM_END_RESP_START
082 0 0704882072 RESP_END
083 1 0706591476 STIM_START
083 1 0707493712 LICK
083 1 0707661284 LICK
083 1 0707690092 STIM_END_RESP_START
083 1 0707990304 LICK
083 1 0707990796 REWARD_START
083 1 0708355616 LICK
083 1 0708890132 RESP_END
083 1 0708021292 REWARD_END
084 1 0711615284 STIM_START
084 1 0712207280 LICK
084 1 0712359220 LICK
084 1 0712713888 STIM_END_RESP_START
084 1 0712727532 LICK
084 1 0712728024 REWARD_START
084 1 0712906616 LICK
084 1 0713207748 LICK
084 1 0713533680 LICK
084 1 0713913912 RESP_END
084 1 0712758520 REWARD_END
085 0 0715595360 STIM_START
085 0 0716693972 STIM_END_RESP_START
085 0 0717894016 RESP_END
086 1 0719601388 STIM_START
086 1 0720167520 LICK
086 1 0720502884 LICK
086 1 0720682228 LICK
086 1 0720699976 STIM_END_RESP_START
086 1 0720846784 LICK
086 1 0720847276 REWARD_START
086 1 0721297084 LICK
086 1 0721543980 LICK
086 1 0721697964 LICK
086 1 0721900012 RESP_END
086 1 0720877772 REWARD_END
087 0 0723607456 STIM_START
087 0 0724394636 LICK
087 0 0724706064 STIM_END_RESP_START
087 0 0725906108 RESP_END
088 1 0727557516 STIM_START
088 1 0728656128 STIM_END_RESP_START
088 1 0728883272 LICK
088 1 0728883756 REWARD_START
088 1 0729856156 RESP_END
088 1 0728914272 REWARD_END
089 1 0734249288 STIM_START
089 1 0735347896 STIM_END_RESP_START
089 1 0736547940 RESP_END
090 1 0738435140 STIM_START
090 1 0739533744 STIM_END_RESP_START
090 1 0740733788 RESP_END
091 0 0742791660 STIM_START
091 0 0743890272 STIM_END_RESP_START
091 0 0745090316 RESP_END
092 1 0746903604 STIM_START
092 1 0748002212 STIM_END_RESP_START
092 1 0749202256 RESP_END
093 1 0751017536 STIM_START
093 1 0752116148 STIM_END_RESP_START
093 1 0753316196 RESP_END
094 1 0755153384 STIM_START
094 1 0756251996 STIM_END_RESP_START
094 1 0756375944 LICK
094 1 0756376432 REWARD_START
094 1 0756534896 LICK
094 1 0756781944 LICK
094 1 0757080952 LICK
094 1 0757427104 LICK
094 1 0757452032 RESP_END
094 1 0756406948 REWARD_END
095 0 0760349984 STIM_START
095 0 0761440528 LICK
095 0 0761448588 STIM_END_RESP_START
095 0 0761614296 LICK
095 0 0761614788 TIMEOUT_START
095 0 0761992160 LICK
095 0 0761992652 TIMEOUT_START
095 0 0762331276 LICK
095 0 0762331760 TIMEOUT_START
095 0 0762648644 RESP_END
095 0 0769332276 TIMEOUT_END
096 1 0770916924 STIM_START
096 1 0772015536 STIM_END_RESP_START
096 1 0772305632 LICK
096 1 0772306124 REWARD_START
096 1 0773215576 RESP_END
096 1 0772336632 REWARD_END
097 1 0775928672 STIM_START
097 1 0776631508 LICK
097 1 0776783688 LICK
097 1 0777027256 STIM_END_RESP_START
097 1 0777108332 LICK
097 1 0777108824 REWARD_START
097 1 0777593796 LICK
097 1 0777894288 LICK
097 1 0778227296 RESP_END
097 1 0777139320 REWARD_END
098 0 0781990260 STIM_START
098 0 0783088876 STIM_END_RESP_START
098 0 0784288920 RESP_END
099 0 0788637952 STIM_START
099 0 0789736564 STIM_END_RESP_START
099 0 0790936608 RESP_END
100 1 0792787836 STIM_START
100 1 0793654376 LICK
100 1 0793886444 STIM_END_RESP_START
100 1 0794505244 LICK
100 1 0794505732 REWARD_START
100 1 0795086472 RESP_END
100 1 0794536228 REWARD_END
101 0 0798169160 STIM_START
101 0 0799267768 STIM_END_RESP_START
101 0 0800467812 RESP_END
102 1 0803717300 STIM_START
102 1 0804815912 STIM_END_RESP_START
102 1 0806015952 RESP_END
103 0 0807672448 STIM_START
103 0 0808771060 STIM_END_RESP_START
103 0 0809971104 RESP_END
104 1 0811810316 STIM_START
104 1 0812908936 STIM_END_RESP_START
104 1 0812926352 LICK
104 1 0812926840 REWARD_START
104 1 0813091292 LICK
104 1 0813338760 LICK
104 1 0813469224 LICK
104 1 0813609252 LICK
104 1 0813949780 LICK
104 1 0814108976 RESP_END
104 1 0812957356 REWARD_END
105 1 0816053036 STIM_START
105 1 0816868344 LICK
105 1 0817151632 STIM_END_RESP_START
105 1 0817211168 LICK
105 1 0817211660 REWARD_START
105 1 0817387572 LICK
105 1 0817950788 LICK
105 1 0818351672 RESP_END
105 1 0817242160 REWARD_END
106 1 0820276836 STIM_START
106 1 0820972040 LICK
106 1 0821375444 STIM_END_RESP_START
106 1 0821450968 LICK
106 1 0821451452 REWARD_START
106 1 0821612264 LICK
106 1 0821879068 LICK
106 1 0822159224 LICK
106 1 0822502340 LICK
106 1 0822575492 RESP_END
106 1 0821481968 REWARD_END
107 0 0824177988 STIM_START
107 0 0825276600 STIM_END_RESP_START
107 0 0826476644 RESP_END
108 1 0830805792 STIM_START
108 1 0831546716 LICK
108 1 0831904408 STIM_END_RESP_START
108 1 0831908332 LICK
108 1 0831908828 REWARD_START
108 1 0832314580 LICK
108 1 0832619308 LICK
108 1 0832932276 LICK
108 1 0833104440 RESP_END
108 1 0831939344 REWARD_END
109 1 0835192384 STIM_START
109 1 0836291000 STIM_END_RESP_START
109 1 0836655504 LICK
109 1 0836655992 REWARD_START
109 1 0836802168 LICK
109 1 0837407720 LICK
109 1 0837491032 RESP_END
109 1 0836686508 REWARD_END
110 1 0839833624 STIM_START
110 1 0840440692 LICK
110 1 0840747736 LICK
110 1 0840932232 STIM_END_RESP_START
110 1 0841066304 LICK
110 1 0841066796 REWARD_START
110 1 0841473120 LICK
110 1 0841770084 LICK
110 1 0842087244 LICK
110 1 0842132248 RESP_END
110 1 0841097292 REWARD_END
111 0 0844362020 STIM_START
111 0 0845218892 LICK
111 0 0845460636 STIM_END_RESP_START
111 0 0846660680 RESP_END
112 1 0848380084 STIM_START
112 1 0849478688 STIM_END_RESP_START
112 1 0849641412 LICK
112 1 0849641900 REWARD_START
112 1 0849785576 LICK
112 1 0850060500 LICK
112 1 0850420104 LICK
112 1 0850568056 LICK
112 1 0850678720 RESP_END
112 1 0849672396 REWARD_END
113 1 0852351148 STIM_START
113 1 0852890128 LICK
113 1 0853197128 LICK
113 1 0853353152 LICK
113 1 0853449772 STIM_END_RESP_START
113 1 0853531632 LICK
113 1 0853532120 REWARD_START
113 1 0853706052 LICK
113 1 0853992468 LICK
113 1 0854649816 RESP_END
113 1 0853562620 REWARD_END
114 1 0856494044 STIM_START
114 1 0856940804 LICK
114 1 0857090152 LICK
114 1 0857249928 LICK
114 1 0857450028 LICK
114 1 0857592656 STIM_END_RESP_START
114 1 0857609892 LICK
114 1 0857610384 REWARD_START
114 1 0857771248 LICK
114 1 0858057976 LICK
114 1 0858412884 LICK
114 1 0858574564 LICK
114 1 0858792692 RESP_END
114 1 0857640892 REWARD_END
115 0 0860816668 STIM_START
115 0 0861750140 LICK
115 0 0861915272 STIM_END_RESP_START
115 0 0861958808 LICK
115 0 0861959300 TIMEOUT_START
115 0 0862103192 LICK
115 0 0862103680 TIMEOUT_START
115 0 0862288496 LICK
115 0 0862288984 TIMEOUT_START
115 0 0862457832 LICK
115 0 0862458320 TIMEOUT_START
115 0 0863115312 RESP_END
115 0 0869458816 TIMEOUT_END
116 1 0871467464 STIM_START
116 1 0872566076 STIM_END_RESP_START
116 1 0873741436 LICK
116 1 0873741924 REWARD_START
116 1 0873772472 RESP_END
116 1 0873772436 REWARD_END
117 1 0878927288 STIM_START
117 1 0879466528 LICK
117 1 0879637880 LICK
117 1 0879952408 LICK
117 1 0880025892 STIM_END_RESP_START
117 1 0880317492 LICK
117 1 0880317980 REWARD_START
117 1 0880520472 LICK
117 1 0880908116 LICK
117 1 0881225920 RESP_END
117 1 0880348476 REWARD_END
118 1 0882868400 STIM_START
118 1 0883417752 LICK
118 1 0883624480 LICK
118 1 0883799420 LICK
118 1 0883967012 STIM_END_RESP_START
118 1 0884248724 LICK
118 1 0884249208 REWARD_START
118 1 0884417396 LICK
118 1 0884693496 LICK
118 1 0884998008 LICK
118 1 0885167028 RESP_END
118 1 0884279720 REWARD_END
119 0 0887033224 STIM_START
119 0 0888131836 STIM_END_RESP_START
119 0 0889331880 RESP_END
120 0 0895249068 STIM_START
120 0 0896071268 LICK
120 0 0896263000 LICK
120 0 0896347684 STIM_END_RESP_START
120 0 0897547728 RESP_END
121 0 0899372952 STIM_START
121 0 0899771992 LICK
121 0 0900471568 STIM_END_RESP_START
121 0 0901671612 RESP_END
122 1 0903319072 STIM_START
122 1 0903979604 LICK
122 1 0904133592 LICK
122 1 0904323924 LICK
122 1 0904417688 STIM_END_RESP_START
122 1 0904502136 LICK
122 1 0904502628 REWARD_START
122 1 0904685664 LICK
122 1 0904931388 LICK
122 1 0905084072 LICK
122 1 0905230628 LICK
122 1 0905617708 RESP_END
122 1 0904533124 REWARD_END
123 0 0907615776 STIM_START
123 0 0908714388 STIM_END_RESP_START
123 0 0909914436 RESP_END
124 1 0911747664 STIM_START
124 1 0912362212 LICK
124 1 0912504768 LICK
124 1 0912677196 LICK
124 1 0912846248 STIM_END_RESP_START
124 1 0912864332 LICK
124 1 0912864816 REWARD_START
124 1 0913018068 LICK
124 1 0913282116 LICK
124 1 0914046256 RESP_END
124 1 0912895332 REWARD_END
125 0 0915856564 STIM_START
125 0 0916955176 STIM_END_RESP_START
125 0 0918155216 RESP_END
126 0 0919884608 STIM_START
126 0 0920598864 LICK
126 0 0920740448 LICK
126 0 0920902420 LICK
126 0 0920983228 STIM_END_RESP_START
126 0 0921059952 LICK
126 0 0921060444 TIMEOUT_START
126 0 0921195760 LICK
126 0 0921196248 TIMEOUT_START
126 0 0921378556 LICK
126 0 0921379048 TIMEOUT_START
126 0 0921554488 LICK
126 0 0921554980 TIMEOUT_START
126 0 0921713640 LICK
126 0 0921714128 TIMEOUT_START
126 0 0922183252 RESP_END
126 0 0928714624 TIMEOUT_END
127 0 0930614340 STIM_START
127 0 0931712948 STIM_END_RESP_START
127 0 0932912992 RESP_END
128 1 0934625352 STIM_START
128 1 0935723956 STIM_END_RESP_START
128 1 0935783980 LICK
128 1 0935784472 REWARD_START
128 1 0935925108 LICK
128 1 0936168764 LICK
128 1 0936463540 LICK
128 1 0936923968 RESP_END
128 1 0935814980 REWARD_END
129 0 0938801200 STIM_START
129 0 0939563636 LICK
129 0 0939861124 LICK
129 0 0939899804 STIM_END_RESP_START
129 0 0940158788 LICK
129 0 0940159280 TIMEOUT_START
129 0 0940468456 LICK
129 0 0940468940 TIMEOUT_START
129 0 0940765792 LICK
129 0 0940766288 TIMEOUT_START
129 0 0941099816 RESP_END
129 0 0947766792 TIMEOUT_END
130 1 0949785620 STIM_START
130 1 0950440568 LICK
130 1 0950593572 LICK
130 1 0950733560 LICK
130 1 0950884188 LICK
130 1 0950884716 STIM_END_RESP_START
130 1 0951051384 LICK
130 1 0951051868 REWARD_START
130 1 0951461560 LICK
130 1 0951753172 LICK
130 1 0952084748 RESP_END
130 1 0951082384 REWARD_END
131 1 0955893056 STIM_START
131 1 0956619016 LICK
131 1 0956759924 LICK
131 1 0956899748 LICK
131 1 0956991648 STIM_END_RESP_START
131 1 0957191484 LICK
131 1 0957191972 REWARD_START
131 1 0957360676 LICK
131 1 0957573444 LICK
131 1 0957875600 LICK
131 1 0958041820 LICK
131 1 0958191696 RESP_END
131 1 0957222488 REWARD_END
132 0 0960793040 STIM_START
132 0 0961483356 LICK
132 0 0961673620 LICK
132 0 0961869200 LICK
132 0 0961891624 STIM_END_RESP_START
132 0 0962017824 LICK
132 0 0962018316 TIMEOUT_START
132 0 0962365136 LICK
132 0 0962365628 TIMEOUT_START
132 0 0962523804 LICK
132 0 0962524300 TIMEOUT_START
132 0 0962731668 LICK
132 0 0962732160 TIMEOUT_START
132 0 0963091660 RESP_END
132 0 0969732652 TIMEOUT_END
133 0 0971449784 STIM_START
133 0 0972548396 STIM_END_RESP_START
133 0 0972852540 LICK
133 0 0972853020 TIMEOUT_START
133 0 0973028960 LICK
133 0 0973029452 TIMEOUT_START
133 0 0973748412 RESP_END
133 0 0980029960 TIMEOUT_END
134 0 0981735076 STIM_START
134 0 0982833692 STIM_END_RESP_START
134 0 0983933112 LICK
134 0 0983933600 TIMEOUT_START
134 0 0984033720 RESP_END
134 0 0990934112 TIMEOUT_END
135 1 0992942192 STIM_START
135 1 0993768628 LICK
135 1 0994040800 STIM_END_RESP_START
135 1 0994192004 LICK
135 1 0994192496 REWARD_START
135 1 0994355824 LICK
135 1 0994598212 LICK
135 1 0994888192 LICK
135 1 0995240840 RESP_END
135 1 0994223004 REWARD_END
136 0 0997092076 STIM_START
136 0 0998190688 STIM_END_RESP_START
136 0 0999390736 RESP_END
137 0 1001317836 STIM_START
137 0 1001616064 LICK
137 0 1001769868 LICK
137 0 1001916872 LICK
137 0 1002062084 LICK
137 0 1002192852 LICK
137 0 1002355092 LICK
137 0 1002416440 STIM_END_RESP_START
137 0 1002500008 LICK
137 0 1002500544 TIMEOUT_START
137 0 1002671388 LICK
137 0 1002671920 TIMEOUT_START
137 0 1002802140 LICK
137 0 1002802676 TIMEOUT_START
137 0 1003174608 LICK
137 0 1003175148 TIMEOUT_START
137 0 1003339908 LICK
137 0 1003340440 TIMEOUT_START
137 0 1003540348 LICK
137 0 1003540884 TIMEOUT_START
137 0 1003616452 RESP_END
137 0 1010541440 TIMEOUT_END
138 1 1012289280 STIM_START
138 1 1013153400 LICK
138 1 1013387884 STIM_END_RESP_START
138 1 1013607124 LICK
138 1 1013607664 REWARD_START
138 1 1013775188 LICK
138 1 1013996640 LICK
138 1 1014152320 LICK
138 1 1014587924 RESP_END
138 1 1013638224 REWARD_END
139 0 1016472076 STIM_START
139 0 1017570664 STIM_END_RESP_START
139 0 1018770688 RESP_END
140 0 1020546040 STIM_START
140 0 1021644628 STIM_END_RESP_START
140 0 1022412180 LICK
140 0 1022412712 TIMEOUT_START
140 0 1022746424 LICK
140 0 1022746964 TIMEOUT_START
140 0 1022844652 RESP_END
140 0 1029747520 TIMEOUT_END
141 1 1031374644 STIM_START
141 1 1032473232 STIM_END_RESP_START
141 1 1032888092 LICK
141 1 1032888632 REWARD_START
141 1 1033401324 LICK
141 1 1033673272 RESP_END
141 1 1032919188 REWARD_END
142 1 1035698284 STIM_START
142 1 1036273316 LICK
142 1 1036437752 LICK
142 1 1036598748 LICK
142 1 1036760892 LICK
142 1 1036796912 STIM_END_RESP_START
142 1 1036905188 LICK
142 1 1036905724 REWARD_START
142 1 1037210528 LICK
142 1 1037495160 LICK
142 1 1037821400 LICK
142 1 1037996940 RESP_END
142 1 1036936280 REWARD_END
143 1 1039821232 STIM_START
143 1 1040423896 LICK
143 1 1040577856 LICK
143 1 1040742840 LICK
143 1 1040919832 STIM_END_RESP_START
143 1 1040921892 LICK
143 1 1040922432 REWARD_START
143 1 1041075984 LICK
143 1 1041335048 LICK
143 1 1041495968 LICK
143 1 1042119872 RESP_END
143 1 1040952992 REWARD_END
144 0 1045187576 STIM_START
144 0 1046286168 STIM_END_RESP_START
144 0 1047486192 RESP_END
145 1 1049562136 STIM_START
145 1 1050539052 LICK
145 1 1050660756 STIM_END_RESP_START
145 1 1050678308 LICK
145 1 1050678836 REWARD_START
145 1 1050829500 LICK
145 1 1051094792 LICK
145 1 1051239528 LICK
145 1 1051860796 RESP_END
145 1 1050709396 REWARD_END
146 0 1053821868 STIM_START
146 0 1054920492 STIM_END_RESP_START
146 0 1056120516 RESP_END
147 1 1058118608 STIM_START
147 1 1058608484 LICK
147 1 1058768740 LICK
147 1 1059051328 LICK
147 1 1059195172 LICK
147 1 1059217228 STIM_END_RESP_START
147 1 1059340484 LICK
147 1 1059341016 REWARD_START
147 1 1059488712 LICK
147 1 1059745888 LICK
147 1 1060066244 LICK
147 1 1060417268 RESP_END
147 1 1059371572 REWARD_END
148 0 1062044692 STIM_START
148 0 1063143312 STIM_END_RESP_START
148 0 1064343336 RESP_END
149 1 1066252496 STIM_START
149 1 1067351080 STIM_END_RESP_START
149 1 1067543140 LICK
149 1 1067543676 REWARD_START
149 1 1067682688 LICK
149 1 1067925376 LICK
149 1 1068219036 LICK
149 1 1068392660 LICK
149 1 1068551128 RESP_END
149 1 1067574228 REWARD_END
150 0 1071411124 STIM_START
150 0 1072509716 STIM_END_RESP_START
150 0 1073709740 RESP_END
151 1 1075681856 STIM_START
151 1 1076356340 LICK
151 1 1076519744 LICK
151 1 1076665772 LICK
151 1 1076780440 STIM_END_RESP_START
151 1 1076814196 LICK
151 1 1076814728 REWARD_START
151 1 1076982880 LICK
151 1 1077234668 LICK
151 1 1077400596 LICK
151 1 1077545432 LICK
151 1 1077980464 RESP_END
151 1 1076845284 REWARD_END
152 0 1079849712 STIM_START
152 0 1079938824 LICK
152 0 1080274848 LICK
152 0 1080433912 LICK
152 0 1080608460 LICK
152 0 1080943544 LICK
152 0 1080948328 STIM_END_RESP_START
152 0 1081285468 LICK
152 0 1081286004 TIMEOUT_START
152 0 1081648264 LICK
152 0 1081648796 TIMEOUT_START
152 0 1082148352 RESP_END
152 0 1088649348 TIMEOUT_END
153 1 1090722236 STIM_START
153 1 1091500468 LICK
153 1 1091661096 LICK
153 1 1091820828 STIM_END_RESP_START
153 1 1091832528 LICK
153 1 1091833064 REWARD_START
153 1 1091994528 LICK
153 1 1092266420 LICK
153 1 1092428704 LICK
153 1 1093020864 RESP_END
153 1 1091863624 REWARD_END
154 1 1094881072 STIM_START
154 1 1095045152 LICK
154 1 1095200708 LICK
154 1 1095355200 LICK
154 1 1095493056 LICK
154 1 1095645468 LICK
154 1 1095818100 LICK
154 1 1095979692 STIM_END_RESP_START
154 1 1095989424 LICK
154 1 1095989956 REWARD_START
154 1 1096198988 LICK
154 1 1096466008 LICK
154 1 1096813016 LICK
154 1 1097179736 RESP_END
154 1 1096020512 REWARD_END
155 1 1098897140 STIM_START
155 1 1099639388 LICK
155 1 1099815780 LICK
155 1 1099960896 LICK
155 1 1099995752 STIM_END_RESP_START
155 1 1100123064 LICK
155 1 1100123604 REWARD_START
155 1 1100298220 LICK
155 1 1100553728 LICK
155 1 1100710360 LICK
155 1 1100839532 LICK
155 1 1101195796 RESP_END
155 1 1100154164 REWARD_END
156 0 1103137900 STIM_START
156 0 1103802216 LICK
156 0 1103972420 LICK
156 0 1104129856 LICK
156 0 1104236512 STIM_END_RESP_START
156 0 1104494288 LICK
156 0 1104494828 TIMEOUT_START
156 0 1104853240 LICK
156 0 1104853772 TIMEOUT_START
156 0 1105436532 RESP_END
156 0 1111854336 TIMEOUT_END
157 1 1113598912 STIM_START
157 1 1114697504 STIM_END_RESP_START
157 1 1114756940 LICK
157 1 1114757480 REWARD_START
157 1 1115033540 LICK
157 1 1115288856 LICK
157 1 1115427288 LICK
157 1 1115897552 RESP_END
157 1 1114788036 REWARD_END
158 0 1117962496 STIM_START
158 0 1119061088 STIM_END_RESP_START
158 0 1119688836 LICK
158 0 1119689368 TIMEOUT_START
158 0 1120261108 RESP_END
158 0 1126689936 TIMEOUT_END
159 0 1128681296 STIM_START
159 0 1129779888 STIM_END_RESP_START
159 0 1130979912 RESP_END
160 0 1132752236 STIM_START
160 0 1133850864 STIM_END_RESP_START
160 0 1134139740 LICK
160 0 1134140272 TIMEOUT_START
160 0 1134285704 LICK
160 0 1134286240 TIMEOUT_START
160 0 1134430380 LICK
160 0 1134430912 TIMEOUT_START
160 0 1134587888 LICK
160 0 1134588428 TIMEOUT_START
160 0 1134739116 LICK
160 0 1134739656 TIMEOUT_START
160 0 1134907512 LICK
160 0 1134908044 TIMEOUT_START
160 0 1135048856 LICK
160 0 1135049388 TIMEOUT_START
160 0 1135050884 RESP_END
160 0 1142049944 TIMEOUT_END
161 1 1143906420 STIM_START
161 1 1145005012 STIM_END_RESP_START
161 1 1145052212 LICK
161 1 1145052748 REWARD_START
161 1 1145195040 LICK
161 1 1145443300 LICK
161 1 1145580880 LICK
161 1 1145742508 LICK
161 1 1146205032 RESP_END
161 1 1145083308 REWARD_END
162 0 1148437820 STIM_START
162 0 1149536448 STIM_END_RESP_START
162 0 1150736472 RESP_END
163 1 1152750516 STIM_START
163 1 1153849108 STIM_END_RESP_START
163 1 1153997024 LICK
163 1 1153997556 REWARD_START
163 1 1154352716 LICK
163 1 1154605756 LICK
163 1 1154886444 LICK
163 1 1155049132 RESP_END
163 1 1154028112 REWARD_END
164 1 1157079172 STIM_START
164 1 1157816916 LICK
164 1 1157987208 LICK
164 1 1158177772 STIM_END_RESP_START
164 1 1158315072 LICK
164 1 1158315604 REWARD_START
164 1 1158473076 LICK
164 1 1158732132 LICK
164 1 1159377800 RESP_END
164 1 1158346164 REWARD_END
165 1 1161332912 STIM_START
165 1 1161899940 LICK
165 1 1162052904 LICK
165 1 1162196688 LICK
165 1 1162431516 STIM_END_RESP_START
165 1 1162511144 LICK
165 1 1162511684 REWARD_START
165 1 1162662732 LICK
165 1 1162809108 LICK
165 1 1162948436 LICK
165 1 1163631532 RESP_END
165 1 1162542244 REWARD_END
166 0 1165553692 STIM_START
166 0 1166142816 LICK
166 0 1166294652 LICK
166 0 1166460300 LICK
166 0 1166605156 LICK
166 0 1166652312 STIM_END_RESP_START
166 0 1166767384 LICK
166 0 1166767916 TIMEOUT_START
166 0 1166929196 LICK
166 0 1166929728 TIMEOUT_START
166 0 1167257316 LICK
166 0 1167257856 TIMEOUT_START
166 0 1167767880 LICK
166 0 1167768412 TIMEOUT_START
166 0 1167852324 RESP_END
166 0 1174768968 TIMEOUT_END
167 0 1176724804 STIM_START
167 0 1177823432 STIM_END_RESP_START
167 0 1179023456 RESP_END
168 1 1180881716 STIM_START
168 1 1181916088 LICK
168 1 1181980316 STIM_END_RESP_START
168 1 1182086300 LICK
168 1 1182086836 REWARD_START
168 1 1182489428 LICK
168 1 1183060368 LICK
168 1 1183180340 RESP_END
168 1 1182117392 REWARD_END
169 1 1185301248 STIM_START
169 1 1186160756 LICK
169 1 1186348512 LICK
169 1 1186399836 STIM_END_RESP_START
169 1 1186503120 LICK
169 1 1186503652 REWARD_START
169 1 1186670012 LICK
169 1 1186819312 LICK
169 1 1186967304 LICK
169 1 1187599852 RESP_END
169 1 1186534212 REWARD_END
170 1 1189493064 STIM_START
170 1 1190123248 LICK
170 1 1190272532 LICK
170 1 1190428868 LICK
170 1 1190591656 STIM_END_RESP_START
170 1 1190601420 LICK
170 1 1190601956 REWARD_START
170 1 1190764140 LICK
170 1 1190998300 LICK
170 1 1191148184 LICK
170 1 1191328296 LICK
170 1 1191791688 RESP_END
170 1 1190632516 REWARD_END
171 0 1195693340 STIM_START
171 0 1196791932 STIM_END_RESP_START
171 0 1197991960 RESP_END
172 0 1199905124 STIM_START
172 0 1200687084 LICK
172 0 1200890320 LICK
172 0 1201003724 STIM_END_RESP_START
172 0 1201072284 LICK
172 0 1201072812 TIMEOUT_START
172 0 1201211480 LICK
172 0 1201212012 TIMEOUT_START
172 0 1201366040 LICK
172 0 1201366572 TIMEOUT_START
172 0 1201748136 LICK
172 0 1201748668 TIMEOUT_START
172 0 1202203768 RESP_END
172 0 1208749232 TIMEOUT_END
173 0 1210750764 STIM_START
173 0 1211849356 STIM_END_RESP_START
173 0 1213049380 RESP_END
174 1 1214827708 STIM_START
174 1 1215900256 LICK
174 1 1215926312 STIM_END_RESP_START
174 1 1216228388 LICK
174 1 1216228920 REWARD_START
174 1 1216403172 LICK
174 1 1216667720 LICK
174 1 1216833784 LICK
174 1 1217126360 RESP_END
174 1 1216259480 REWARD_END
175 0 1219117392 STIM_START
175 0 1220216020 STIM_END_RESP_START
175 0 1221416044 RESP_END
176 1 1223184372 STIM_START
176 1 1224187192 LICK
176 1 1224282980 STIM_END_RESP_START
176 1 1224334908 LICK
176 1 1224335448 REWARD_START
176 1 1224500848 LICK
176 1 1224750628 LICK
176 1 1225061700 LICK
176 1 1225482996 RESP_END
176 1 1224366000 REWARD_END
177 1 1227560988 STIM_START
177 1 1228226924 LICK
177 1 1228386792 LICK
177 1 1228546296 LICK
177 1 1228659576 STIM_END_RESP_START
177 1 1228699872 LICK
177 1 1228700408 REWARD_START
177 1 1228860776 LICK
177 1 1228983124 LICK
177 1 1229288848 LICK
177 1 1229859612 RESP_END
177 1 1228730968 REWARD_END
178 0 1231822660 STIM_START
178 0 1232921252 STIM_END_RESP_START
178 0 1234121276 RESP_END
179 0 1235902644 STIM_START
179 0 1237001272 STIM_END_RESP_START
179 0 1238201292 RESP_END
180 1 1239895668 STIM_START
180 1 1240994260 STIM_END_RESP_START
180 1 1241341252 LICK
180 1 1241341784 REWARD_START
180 1 1241492120 LICK
180 1 1241747064 LICK
180 1 1242085736 LICK
180 1 1242194300 RESP_END
180 1 1241372348 REWARD_END
181 1 1244103464 STIM_START
181 1 1244812928 LICK
181 1 1244977144 LICK
181 1 1245146536 LICK
181 1 1245202080 STIM_END_RESP_START
181 1 1245318464 LICK
181 1 1245318996 REWARD_START
181 1 1245520528 LICK
181 1 1245783512 LICK
181 1 1245934496 LICK
181 1 1246088476 LICK
181 1 1246402104 RESP_END
181 1 1245349556 REWARD_END
182 0 1248266364 STIM_START
182 0 1249364988 STIM_END_RESP_START
182 0 1250565008 RESP_END
183 0 1252282392 STIM_START
183 0 1253380980 STIM_END_RESP_START
183 0 1254581000 RESP_END
184 1 1256600976 STIM_START
184 1 1257469604 LICK
184 1 1257699600 STIM_END_RESP_START
184 1 1257813056 LICK
184 1 1257813592 REWARD_START
184 1 1257973740 LICK
184 1 1258212332 LICK
184 1 1258357636 LICK
184 1 1258675864 LICK
184 1 1258899648 RESP_END
184 1 1257844152 REWARD_END
185 0 1261537884 STIM_START
185 0 1262636472 STIM_END_RESP_START
185 0 1263836496 RESP_END
186 1 1265642852 STIM_START
186 1 1266741464 STIM_END_RESP_START
186 1 1266795568 LICK
186 1 1266796104 REWARD_START
186 1 1266942836 LICK
186 1 1267208288 LICK
186 1 1267384456 LICK
186 1 1267523260 LICK
186 1 1267713988 LICK
186 1 1267941488 RESP_END
186 1 1266826664 REWARD_END
187 0 1271211964 STIM_START
187 0 1272310556 STIM_END_RESP_START
187 0 1272413876 LICK
187 0 1272414412 TIMEOUT_START
187 0 1272597232 LICK
187 0 1272597772 TIMEOUT_START
187 0 1272749620 LICK
187 0 1272750160 TIMEOUT_START
187 0 1272899068 LICK
187 0 1272899604 TIMEOUT_START
187 0 1273090876 LICK
187 0 1273091412 TIMEOUT_START
187 0 1273227660 LICK
187 0 1273228192 TIMEOUT_START
187 0 1273385528 LICK
187 0 1273386068 TIMEOUT_START
187 0 1273510576 RESP_END
187 0 1280386624 TIMEOUT_END
188 1 1282153432 STIM_START
188 1 1283134548 LICK
188 1 1283252052 STIM_END_RESP_START
188 1 1283290428 LICK
188 1 1283290956 REWARD_START
188 1 1283456816 LICK
188 1 1283726708 LICK
188 1 1284452084 RESP_END
188 1 1283321516 REWARD_END
189 1 1286416164 STIM_START
189 1 1287514752 STIM_END_RESP_START
189 1 1287524220 LICK
189 1 1287524756 REWARD_START
189 1 1287676716 LICK
189 1 1287939284 LICK
189 1 1288114460 LICK
189 1 1288714772 RESP_END
189 1 1287555316 REWARD_END
190 0 1290796736 STIM_START
190 0 1290995484 LICK
190 0 1291185376 LICK
190 0 1291349100 LICK
190 0 1291693396 LICK
190 0 1291851360 LICK
190 0 1291895356 STIM_END_RESP_START
190 0 1292197036 LICK
190 0 1292197568 TIMEOUT_START
190 0 1292367924 LICK
190 0 1292368456 TIMEOUT_START
190 0 1292551944 LICK
190 0 1292552484 TIMEOUT_START
190 0 1293095388 RESP_END
190 0 1299553036 TIMEOUT_END
191 1 1301552428 STIM_START
191 1 1302409244 LICK
191 1 1302568992 LICK
191 1 1302651012 STIM_END_RESP_START
191 1 1302736868 LICK
191 1 1302737408 REWARD_START
191 1 1302902264 LICK
191 1 1303149356 LICK
191 1 1303451136 LICK
191 1 1303851048 RESP_END
191 1 1302767968 REWARD_END
192 1 1305720236 STIM_START
192 1 1306818828 STIM_END_RESP_START
192 1 1308018852 RESP_END
193 0 1309696324 STIM_START
193 0 1310794912 STIM_END_RESP_START
193 0 1311994932 RESP_END
194 1 1313778248 STIM_START
194 1 1314549208 LICK
194 1 1314705432 LICK
194 1 1314874316 LICK
194 1 1314876860 STIM_END_RESP_START
194 1 1315023664 LICK
194 1 1315024204 REWARD_START
194 1 1315172752 LICK
194 1 1315432312 LICK
194 1 1315765836 LICK
194 1 1316076880 RESP_END
194 1 1315054760 REWARD_END
195 1 1318002040 STIM_START
195 1 1318740520 LICK
195 1 1318901816 LICK
195 1 1319080208 LICK
195 1 1319100628 STIM_END_RESP_START
195 1 1319246160 LICK
195 1 1319246692 REWARD_START
195 1 1319404524 LICK
195 1 1319552216 LICK
195 1 1319701212 LICK
195 1 1320300656 RESP_END
195 1 1319277248 REWARD_END
196 0 1321948168 STIM_START
196 0 1323046788 STIM_END_RESP_START
196 0 1324246812 RESP_END
197 0 1326317760 STIM_START
197 0 1327416352 STIM_END_RESP_START
197 0 1328616368 RESP_END
198 0 1330427680 STIM_START
198 0 1331526272 STIM_END_RESP_START
198 0 1332726296 RESP_END
199 1 1334395772 STIM_START
199 1 1335494364 STIM_END_RESP_START
199 1 1335795860 LICK
199 1 1335796392 REWARD_START
199 1 1335950584 LICK
199 1 1336221792 LICK
199 1 1336553224 LICK
199 1 1336694404 RESP_END
199 1 1335826952 REWARD_END
200 1 1338452732 STIM_START
200 1 1339551320 STIM_END_RESP_START
200 1 1340079060 LICK
200 1 1340079600 REWARD_START
200 1 1340237124 LICK
200 1 1340488840 LICK
200 1 1340631628 LICK
200 1 1340751340 RESP_END
200 1 1340110160 REWARD_END
201 1 1342593660 STIM_START
201 1 1343692248 STIM_END_RESP_START
201 1 1344193036 LICK
201 1 1344193572 REWARD_START
201 1 1344570844 LICK
201 1 1344720724 LICK
201 1 1344837880 LICK
201 1 1344892268 RESP_END
201 1 1344224124 REWARD_END
202 0 1347136004 STIM_START
202 0 1348234588 STIM_END_RESP_START
202 0 1349434612 RESP_END
203 1 1351350824 STIM_START
203 1 1352130596 LICK
203 1 1352303948 LICK
203 1 1352449412 STIM_END_RESP_START
203 1 1352471416 LICK
203 1 1352471952 REWARD_START
203 1 1352787224 LICK
203 1 1353036476 LICK
203 1 1353357636 LICK
203 1 1353649452 RESP_END
203 1 1352502512 REWARD_END
204 1 1355301888 STIM_START
204 1 1356029592 LICK
204 1 1356233372 LICK
204 1 1356386212 LICK
204 1 1356400488 STIM_END_RESP_START
204 1 1356578608 LICK
204 1 1356579148 REWARD_START
204 1 1356737024 LICK
204 1 1356980052 LICK
204 1 1357535516 LICK
204 1 1357600508 RESP_END
204 1 1356609708 REWARD_END
205 0 1359384844 STIM_START
205 0 1360483472 STIM_END_RESP_START
205 0 1361683496 RESP_END
206 0 1363580700 STIM_START
206 0 1364679328 STIM_END_RESP_START
206 0 1365879352 RESP_END
207 0 1367838396 STIM_START
207 0 1368936988 STIM_END_RESP_START
207 0 1370137008 RESP_END
208 1 1372046200 STIM_START
208 1 1373057984 LICK
208 1 1373144800 STIM_END_RESP_START
208 1 1373218460 LICK
208 1 1373218996 REWARD_START
208 1 1373360752 LICK
208 1 1373612656 LICK
208 1 1373757732 LICK
208 1 1374154580 LICK
208 1 1374344836 RESP_END
208 1 1373249556 REWARD_END
209 1 1376391800 STIM_START
209 1 1377490428 STIM_END_RESP_START
209 1 1377710076 LICK
209 1 1377710616 REWARD_START
209 1 1377870412 LICK
209 1 1378107220 LICK
209 1 1378453976 LICK
209 1 1378690468 RESP_END
209 1 1377741176 REWARD_END
210 0 1380538716 STIM_START
210 0 1381637304 STIM_END_RESP_START
210 0 1382837328 RESP_END
211 0 1384475792 STIM_START
211 0 1385574420 STIM_END_RESP_START
211 0 1385976136 LICK
211 0 1385976668 TIMEOUT_START
211 0 1386142624 LICK
211 0 1386143160 TIMEOUT_START
211 0 1386309984 LICK
211 0 1386310516 TIMEOUT_START
211 0 1386452656 LICK
211 0 1386453196 TIMEOUT_START
211 0 1386774428 RESP_END
211 0 1393453748 TIMEOUT_END
212 1 1395217496 STIM_START
212 1 1396316116 STIM_END_RESP_START
212 1 1396787480 LICK
212 1 1396788008 REWARD_START
212 1 1396965628 LICK
212 1 1397220600 LICK
212 1 1397516136 RESP_END
212 1 1396818568 REWARD_END
213 1 1399300460 STIM_START
213 1 1400399052 STIM_END_RESP_START
213 1 1401599076 RESP_END
214 1 1403429340 STIM_START
214 1 1404527928 STIM_END_RESP_START
214 1 1404554516 LICK
214 1 1404555052 REWARD_START
214 1 1404705464 LICK
214 1 1404943720 LICK
214 1 1405081884 LICK
214 1 1405389688 LICK
214 1 1405727968 RESP_END
214 1 1404585612 REWARD_END
215 0 1407676112 STIM_START
215 0 1408774704 STIM_END_RESP_START
215 0 1409974732 RESP_END
216 0 1411562320 STIM_START
216 0 1412660948 STIM_END_RESP_START
216 0 1412711148 LICK
216 0 1412711688 TIMEOUT_START
216 0 1413098328 LICK
216 0 1413098864 TIMEOUT_START
216 0 1413445208 LICK
216 0 1413445744 TIMEOUT_START
216 0 1413618644 LICK
216 0 1413619180 TIMEOUT_START
216 0 1413791088 LICK
216 0 1413791620 TIMEOUT_START
216 0 1413860988 RESP_END
216 0 1420792176 TIMEOUT_END
217 0 1422532736 STIM_START
217 0 1423631368 STIM_END_RESP_START
217 0 1424831384 RESP_END
218 1 1429117572 STIM_START
218 1 1430216160 STIM_END_RESP_START
218 1 1431416184 RESP_END
219 0 1433487208 STIM_START
219 0 1434585800 STIM_END_RESP_START
219 0 1435785824 RESP_END
220 0 1437774864 STIM_START
220 0 1438873448 STIM_END_RESP_START
220 0 1439696368 LICK
220 0 1439696908 TIMEOUT_START
220 0 1439872296 LICK
220 0 1439872828 TIMEOUT_START
220 0 1440017648 LICK
220 0 1440018180 TIMEOUT_START
220 0 1440073488 RESP_END
220 0 1447018732 TIMEOUT_END
221 0 1448863172 STIM_START
221 0 1449961760 STIM_END_RESP_START
221 0 1451161784 RESP_END
222 1 1453233788 STIM_START
222 1 1454332380 STIM_END_RESP_START
222 1 1454414904 LICK
222 1 1454415436 REWARD_START
222 1 1454740872 LICK
222 1 1454994832 LICK
222 1 1455316368 LICK
222 1 1455532408 RESP_END
222 1 1454445996 REWARD_END
223 0 1457415560 STIM_START
223 0 1458514152 STIM_END_RESP_START
223 0 1459714176 RESP_END
224 1 1461449564 STIM_START
224 1 1462548156 STIM_END_RESP_START
224 1 1462763192 LICK
224 1 1462763736 REWARD_START
224 1 1462918468 LICK
224 1 1463158644 LICK
224 1 1463299012 LICK
224 1 1463748192 RESP_END
224 1 1462794296 REWARD_END
225 1 1465820144 STIM_START
225 1 1466909396 LICK
225 1 1466918740 STIM_END_RESP_START
225 1 1467055880 LICK
225 1 1467056420 REWARD_START
225 1 1467231856 LICK
225 1 1467474204 LICK
225 1 1467785660 LICK
225 1 1468118772 RESP_END
225 1 1467086980 REWARD_END
226 0 1470044936 STIM_START
226 0 1471143528 STIM_END_RESP_START
226 0 1472343556 RESP_END
227 1 1473960116 STIM_START
227 1 1474805564 LICK
227 1 1474951476 LICK
227 1 1475058748 STIM_END_RESP_START
227 1 1475086612 LICK
227 1 1475087140 REWARD_START
227 1 1475233936 LICK
227 1 1475481384 LICK
227 1 1475613448 LICK
227 1 1476258768 RESP_END
227 1 1475117700 REWARD_END
228 0 1478059044 STIM_START
228 0 1479157668 STIM_END_RESP_START
228 0 1480357692 RESP_END
229 1 1482272796 STIM_START
229 1 1483270684 LICK
229 1 1483371412 STIM_END_RESP_START
229 1 1483408776 LICK
229 1 1483409308 REWARD_START
229 1 1483563892 LICK
229 1 1483804236 LICK
229 1 1484128996 LICK
229 1 1484571456 RESP_END
229 1 1483439868 REWARD_END
230 0 1487931832 STIM_START
230 0 1489030424 STIM_END_RESP_START
230 0 1490230448 RESP_END
231 1 1492005752 STIM_START
231 1 1493104344 STIM_END_RESP_START
231 1 1493667636 LICK
231 1 1493668176 REWARD_START
231 1 1493845580 LICK
231 1 1494102528 LICK
231 1 1494304388 RESP_END
231 1 1493698736 REWARD_END
232 0 1496377356 STIM_START
232 0 1497475976 STIM_END_RESP_START
232 0 1498676004 RESP_END
233 0 1500705996 STIM_START
233 0 1501804588 STIM_END_RESP_START
233 0 1503004604 RESP_END
234 1 1504715048 STIM_START
234 1 1505813640 STIM_END_RESP_START
234 1 1505988660 LICK
234 1 1505989192 REWARD_START
234 1 1506140740 LICK
234 1 1506383660 LICK
234 1 1506685972 LICK
234 1 1507013668 RESP_END
234 1 1506019756 REWARD_END
235 0 1508662156 STIM_START
235 0 1509760744 STIM_END_RESP_START
235 0 1510960772 RESP_END
236 1 1512611308 STIM_START
236 1 1513709900 STIM_END_RESP_START
236 1 1514186908 LICK
236 1 1514187444 REWARD_START
236 1 1514330860 LICK
236 1 1514577400 LICK
236 1 1514852256 LICK
236 1 1514909944 RESP_END
236 1 1514218004 REWARD_END
237 1 1516611344 STIM_START
237 1 1517709932 STIM_END_RESP_START
237 1 1518182572 LICK
237 1 1518183104 REWARD_START
237 1 1518383196 LICK
237 1 1518640828 LICK
237 1 1518779180 LICK
237 1 1518909976 RESP_END
237 1 1518213660 REWARD_END
238 1 1520660296 STIM_START
238 1 1521758884 STIM_END_RESP_START
238 1 1522958912 RESP_END
239 0 1524729272 STIM_START
239 0 1525827864 STIM_END_RESP_START
239 0 1525936248 LICK
239 0 1525936780 TIMEOUT_START
239 0 1526070188 LICK
239 0 1526070728 TIMEOUT_START
239 0 1526211360 LICK
239 0 1526211896 TIMEOUT_START
239 0 1526360492 LICK
239 0 1526361024 TIMEOUT_START
239 0 1526491312 LICK
239 0 1526491844 TIMEOUT_START
239 0 1527027896 RESP_END
239 0 1533492404 TIMEOUT_END
240 1 1535475968 STIM_START
240 1 1536574560 STIM_END_RESP_START
240 1 1536832388 LICK
240 1 1536832924 REWARD_START
240 1 1536998076 LICK
240 1 1537228516 LICK
240 1 1537534692 LICK
240 1 1537774588 RESP_END
240 1 1536863480 REWARD_END
241 0 1539809612 STIM_START
241 0 1540908204 STIM_END_RESP_START
241 0 1542108228 RESP_END
242 0 1543762760 STIM_START
242 0 1544705128 LICK
242 0 1544854632 LICK
242 0 1544861384 STIM_END_RESP_START
242 0 1545006412 LICK
242 0 1545006944 TIMEOUT_START
242 0 1545143720 LICK
242 0 1545144252 TIMEOUT_START
242 0 1545464456 LICK
242 0 1545464996 TIMEOUT_START
242 0 1545624880 LICK
242 0 1545625412 TIMEOUT_START
242 0 1545989868 LICK
242 0 1545990408 TIMEOUT_START
242 0 1546061424 RESP_END
242 0 1552990964 TIMEOUT_END
243 1 1554616292 STIM_START
243 1 1555714884 STIM_END_RESP_START
243 1 1555834160 LICK
243 1 1555834692 REWARD_START
243 1 1555988656 LICK
243 1 1556234524 LICK
243 1 1556552568 LICK
243 1 1556914932 RESP_END
243 1 1555865256 REWARD_END
244 0 1558697260 STIM_START
244 0 1559795852 STIM_END_RESP_START
244 0 1560995876 RESP_END
245 1 1562669328 STIM_START
245 1 1563650824 LICK
245 1 1563767936 STIM_END_RESP_START
245 1 1563806084 LICK
245 1 1563806616 REWARD_START
245 1 1563960916 LICK
245 1 1564198204 LICK
245 1 1564498132 LICK
245 1 1564967976 RESP_END
245 1 1563837180 REWARD_END
246 0 1566940044 STIM_START
246 0 1568038672 STIM_END_RESP_START
246 0 1569238696 RESP_END
247 1 1571119876 STIM_START
247 1 1572218472 STIM_END_RESP_START
247 1 1572484380 LICK
247 1 1572484912 REWARD_START
247 1 1572634412 LICK
247 1 1572881348 LICK
247 1 1573198404 LICK
247 1 1573418516 RESP_END
247 1 1572515476 REWARD_END
248 0 1575226796 STIM_START
248 0 1576325388 STIM_END_RESP_START
248 0 1577525412 RESP_END
249 0 1579245852 STIM_START
249 0 1580344444 STIM_END_RESP_START
249 0 1581544472 RESP_END
250 1 1583459604 STIM_START
250 1 1584304932 LICK
250 1 1584558212 STIM_END_RESP_START
250 1 1584617340 LICK
250 1 1584617884 REWARD_START
250 1 1584752428 LICK
250 1 1585024928 LICK
250 1 1585758248 RESP_END
250 1 1584648444 REWARD_END
251 0 1587826220 STIM_START
251 0 1588924812 STIM_END_RESP_START
251 0 1589277392 LICK
251 0 1589277932 TIMEOUT_START
251 0 1589429140 LICK
251 0 1589429676 TIMEOUT_START
251 0 1589600656 LICK
251 0 1589601188 TIMEOUT_START
251 0 1589756088 LICK
251 0 1589756620 TIMEOUT_START
251 0 1590081896 LICK
251 0 1590082428 TIMEOUT_START
251 0 1590124828 RESP_END
251 0 1597083000 TIMEOUT_END
252 0 1598846560 STIM_START
252 0 1599945152 STIM_END_RESP_START
252 0 1600168412 LICK
252 0 1600168940 TIMEOUT_START
252 0 1600332300 LICK
252 0 1600332836 TIMEOUT_START
252 0 1600504864 LICK
252 0 1600505396 TIMEOUT_START
252 0 1600648952 LICK
252 0 1600649488 TIMEOUT_START
252 0 1600807380 LICK
252 0 1600807912 TIMEOUT_START
252 0 1601145196 RESP_END
252 0 1607808472 TIMEOUT_END
253 1 1609473424 STIM_START
253 1 1610572032 STIM_END_RESP_START
253 1 1610656352 LICK
253 1 1610656892 REWARD_START
253 1 1610787756 LICK
253 1 1611027628 LICK
253 1 1611183352 LICK
253 1 1611772052 RESP_END
253 1 1610687444 REWARD_END
254 1 1613652252 STIM_START
254 1 1614421632 LICK
254 1 1614750840 STIM_END_RESP_START
254 1 1614926880 LICK
254 1 1614927412 REWARD_START
254 1 1615084756 LICK
254 1 1615250372 LICK
254 1 1615366084 LICK
254 1 1615705712 LICK
254 1 1615950888 RESP_END
254 1 1614957972 REWARD_END
255 0 1617594376 STIM_START
255 0 1618692960 STIM_END_RESP_START
255 0 1619892984 RESP_END
256 1 1621493576 STIM_START
256 1 1622402920 LICK
256 1 1622592172 STIM_END_RESP_START
256 1 1622700184 LICK
256 1 1622700716 REWARD_START
256 1 1622856876 LICK
256 1 1623126452 LICK
256 1 1623433036 LICK
256 1 1623792216 RESP_END
256 1 1622731280 REWARD_END
257 0 1625597468 STIM_START
257 0 1626696060 STIM_END_RESP_START
257 0 1627896084 RESP_END
258 0 1629925104 STIM_START
258 0 1631023696 STIM_END_RESP_START
258 0 1632223720 RESP_END
259 0 1634261748 STIM_START
259 0 1635360340 STIM_END_RESP_START
259 0 1636560364 RESP_END
260 1 1638161956 STIM_START
260 1 1639260548 STIM_END_RESP_START
260 1 1639836716 LICK
260 1 1639837248 REWARD_START
260 1 1640009976 LICK
260 1 1640274124 LICK
260 1 1640460576 RESP_END
260 1 1639867804 REWARD_END
261 0 1642249860 STIM_START
261 0 1643348484 STIM_END_RESP_START
261 0 1644548508 RESP_END
262 0 1646265872 STIM_START
262 0 1647364464 STIM_END_RESP_START
262 0 1648564484 RESP_END
263 1 1650376816 STIM_START
263 1 1651475440 STIM_END_RESP_START
263 1 1652589556 LICK
263 1 1652590092 REWARD_START
263 1 1652675468 RESP_END
263 1 1652620652 REWARD_END
264 0 1654939196 STIM_START
264 0 1656037784 STIM_END_RESP_START
264 0 1657237808 RESP_END
265 0 1658996164 STIM_START
265 0 1660094756 STIM_END_RESP_START
265 0 1660680980 LICK
265 0 1660681520 TIMEOUT_START
265 0 1660851588 LICK
265 0 1660852120 TIMEOUT_START
265 0 1661025780 LICK
265 0 1661026316 TIMEOUT_START
265 0 1661169164 LICK
265 0 1661169704 TIMEOUT_START
265 0 1661294784 RESP_END
265 0 1668170268 TIMEOUT_END
266 1 1670109436 STIM_START
266 1 1671208032 STIM_END_RESP_START
266 1 1671574708 LICK
266 1 1671575244 REWARD_START
266 1 1671714152 LICK
266 1 1671999624 LICK
266 1 1672273708 LICK
266 1 1672408060 RESP_END
266 1 1671605804 REWARD_END
267 0 1674431092 STIM_START
267 0 1675529720 STIM_END_RESP_START
267 0 1676009816 LICK
267 0 1676010348 TIMEOUT_START
267 0 1676170400 LICK
267 0 1676170932 TIMEOUT_START
267 0 1676313240 LICK
267 0 1676313780 TIMEOUT_START
267 0 1676486648 LICK
267 0 1676487184 TIMEOUT_START
267 0 1676624052 LICK
267 0 1676624584 TIMEOUT_START
267 0 1676729740 RESP_END
267 0 1683625148 TIMEOUT_END
268 0 1685646148 STIM_START
268 0 1686744736 STIM_END_RESP_START
268 0 1687389784 LICK
268 0 1687390320 TIMEOUT_START
268 0 1687533660 LICK
268 0 1687534192 TIMEOUT_START
268 0 1687692284 LICK
268 0 1687692820 TIMEOUT_START
268 0 1687862652 LICK
268 0 1687863180 TIMEOUT_START
268 0 1687944772 RESP_END
268 0 1694863752 TIMEOUT_END
269 0 1696511716 STIM_START
269 0 1697610308 STIM_END_RESP_START
269 0 1698810332 RESP_END
270 1 1700482800 STIM_START
270 1 1701581388 STIM_END_RESP_START
270 1 1702781412 RESP_END
271 0 1704397952 STIM_START
271 0 1705496572 STIM_END_RESP_START
271 0 1706696596 RESP_END
272 1 1709888160 STIM_START
272 1 1710986748 STIM_END_RESP_START
272 1 1712186772 RESP_END
273 1 1713819328 STIM_START
273 1 1714917916 STIM_END_RESP_START
273 1 1715992496 LICK
273 1 1715993036 REWARD_START
273 1 1716117964 RESP_END
273 1 1716023596 REWARD_END
274 0 1718434596 STIM_START
274 0 1719533224 STIM_END_RESP_START
274 0 1720733248 RESP_END
275 1 1722441632 STIM_START
275 1 1723540260 STIM_END_RESP_START
275 1 1723897048 LICK
275 1 1723897580 REWARD_START
275 1 1724037216 LICK
275 1 1724299316 LICK
275 1 1724600872 LICK
275 1 1724740304 RESP_END
275 1 1723928140 REWARD_END
276 1 1726388796 STIM_START
276 1 1727304064 LICK
276 1 1727451148 LICK
276 1 1727487408 STIM_END_RESP_START
276 1 1727610324 LICK
276 1 1727610860 REWARD_START
276 1 1727763812 LICK
276 1 1727907408 LICK
276 1 1728208152 LICK
276 1 1728687440 RESP_END
276 1 1727641420 REWARD_END
277 1 1730591584 STIM_START
277 1 1731675296 LICK
277 1 1731690184 STIM_END_RESP_START
277 1 1731833140 LICK
277 1 1731833676 REWARD_START
277 1 1731997372 LICK
277 1 1732256740 LICK
277 1 1732599296 LICK
277 1 1732890208 RESP_END
277 1 1731864232 REWARD_END
278 0 1734699456 STIM_START
278 0 1735798048 STIM_END_RESP_START
278 0 1736998072 RESP_END
279 1 1739028116 STIM_START
279 1 1740069456 LICK
279 1 1740126716 STIM_END_RESP_START
279 1 1740370436 LICK
279 1 1740370976 REWARD_START
279 1 1740706532 LICK
279 1 1740988092 LICK
279 1 1741326756 RESP_END
279 1 1740401528 REWARD_END
280 0 1743216928 STIM_START
280 0 1744315556 STIM_END_RESP_START
280 0 1745515580 RESP_END
281 1 1747510656 STIM_START
281 1 1748503776 LICK
281 1 1748609256 STIM_END_RESP_START
281 1 1748649616 LICK
281 1 1748650156 REWARD_START
281 1 1748799956 LICK
281 1 1749055728 LICK
281 1 1749353756 LICK
281 1 1749809300 RESP_END
281 1 1748680716 REWARD_END
282 1 1751575612 STIM_START
282 1 1752485956 LICK
282 1 1752637244 LICK
282 1 1752674228 STIM_END_RESP_START
282 1 1752793952 LICK
282 1 1752794492 REWARD_START
282 1 1752936960 LICK
282 1 1753207844 LICK
282 1 1753874240 RESP_END
282 1 1752825052 REWARD_END
283 0 1755875300 STIM_START
283 0 1756973892 STIM_END_RESP_START
283 0 1757320168 LICK
283 0 1757320704 TIMEOUT_START
283 0 1757467380 LICK
283 0 1757467916 TIMEOUT_START
283 0 1757616804 LICK
283 0 1757617340 TIMEOUT_START
283 0 1757759728 LICK
283 0 1757760260 TIMEOUT_START
283 0 1757905828 LICK
283 0 1757906368 TIMEOUT_START
283 0 1758173932 RESP_END
283 0 1764906924 TIMEOUT_END
284 0 1766494144 STIM_START
284 0 1767592732 STIM_END_RESP_START
284 0 1768792756 RESP_END
285 1 1770649992 STIM_START
285 1 1771748620 STIM_END_RESP_START
285 1 1772491276 LICK
285 1 1772491816 REWARD_START
285 1 1772659848 LICK
285 1 1772888192 LICK
285 1 1772948644 RESP_END
285 1 1772522368 REWARD_END
286 0 1774690996 STIM_START
286 0 1775789588 STIM_END_RESP_START
286 0 1776989612 RESP_END
287 0 1778970732 STIM_START
287 0 1780069316 STIM_END_RESP_START
287 0 1781269340 RESP_END
288 1 1783179520 STIM_START
288 1 1784278148 STIM_END_RESP_START
288 1 1784329020 LICK
288 1 1784329556 REWARD_START
288 1 1784491180 LICK
288 1 1784745580 LICK
288 1 1784894712 LICK
288 1 1785478184 RESP_END
288 1 1784360116 REWARD_END
289 0 1788218264 STIM_START
289 0 1789316856 STIM_END_RESP_START
289 0 1790516880 RESP_END
290 1 1792356172 STIM_START
290 1 1793335864 LICK
290 1 1793454764 STIM_END_RESP_START
290 1 1793491636 LICK
290 1 1793492172 REWARD_START
290 1 1793637632 LICK
290 1 1793903480 LICK
290 1 1794053300 LICK
290 1 1794654776 RESP_END
290 1 1793522732 REWARD_END
291 1 1796698772 STIM_START
291 1 1797797364 STIM_END_RESP_START
291 1 1798266132 LICK
291 1 1798266664 REWARD_START
291 1 1798450576 LICK
291 1 1798997404 RESP_END
291 1 1798297224 REWARD_END
292 0 1800991488 STIM_START
292 0 1802090076 STIM_END_RESP_START
292 0 1803290100 RESP_END
293 0 1805080412 STIM_START
293 0 1806150036 LICK
293 0 1806179004 STIM_END_RESP_START
293 0 1806302908 LICK
293 0 1806303444 TIMEOUT_START
293 0 1806465480 LICK
293 0 1806466008 TIMEOUT_START
293 0 1806791876 LICK
293 0 1806792408 TIMEOUT_START
293 0 1806954476 LICK
293 0 1806955012 TIMEOUT_START
293 0 1807379036 RESP_END
293 0 1813955568 TIMEOUT_END
294 1 1815992896 STIM_START
294 1 1817091488 STIM_END_RESP_START
294 1 1817567464 LICK
294 1 1817568000 REWARD_START
294 1 1817922772 LICK
294 1 1818186924 LICK
294 1 1818291504 RESP_END
294 1 1817598560 REWARD_END
295 1 1820464340 STIM_START
295 1 1821562932 STIM_END_RESP_START
295 1 1821937212 LICK
295 1 1821937748 REWARD_START
295 1 1822093140 LICK
295 1 1822237108 LICK
295 1 1822378156 LICK
295 1 1822721572 LICK
295 1 1822762980 RESP_END
295 1 1821968304 REWARD_END
296 0 1824845920 STIM_START
296 0 1825944540 STIM_END_RESP_START
296 0 1827144564 RESP_END
297 0 1829003796 STIM_START
297 0 1830102388 STIM_END_RESP_START
297 0 1830528064 LICK
297 0 1830528596 TIMEOUT_START
297 0 1830685680 LICK
297 0 1830686220 TIMEOUT_START
297 0 1830841928 LICK
297 0 1830842468 TIMEOUT_START
297 0 1830996460 LICK
297 0 1830997000 TIMEOUT_START
297 0 1831146568 LICK
297 0 1831147100 TIMEOUT_START
297 0 1831302416 RESP_END
297 0 1838147672 TIMEOUT_END
298 0 1840174996 STIM_START
298 0 1841273592 STIM_END_RESP_START
298 0 1842473616 RESP_END
299 1 1844092128 STIM_START
299 1 1845190720 STIM_END_RESP_START
299 1 1845256308 LICK
299 1 1845256840 REWARD_START
299 1 1845391040 LICK
299 1 1845643244 LICK
299 1 1845979460 LICK
299 1 1846390744 RESP_END
299 1 1845287400 REWARD_END
300 1 1848276976 STIM_START
300 1 1848986436 LICK
300 1 1849150884 LICK
300 1 1849306512 LICK
300 1 1849375592 STIM_END_RESP_START
300 1 1849482136 LICK
300 1 1849482676 REWARD_START
300 1 1849612756 LICK
300 1 1849791276 LICK
300 1 1850575604 RESP_END
300 1 1849513236 REWARD_END
301 1 1852169144 STIM_START
301 1 1852956384 LICK
301 1 1853097092 LICK
301 1 1853264612 LICK
301 1 1853267732 STIM_END_RESP_START
301 1 1853415468 LICK
301 1 1853416000 REWARD_START
301 1 1853576328 LICK
301 1 1853849924 LICK
301 1 1854163600 LICK
301 1 1854354644 LICK
301 1 1854467764 RESP_END
301 1 1853446560 REWARD_END
302 0 1856553672 STIM_START
302 0 1857652260 STIM_END_RESP_START
302 0 1858852288 RESP_END
303 1 1860528812 STIM_START
303 1 1861222340 LICK
303 1 1861367912 LICK
303 1 1861513596 LICK
303 1 1861627424 STIM_END_RESP_START
303 1 1861645820 LICK
303 1 1861646360 REWARD_START
303 1 1861807620 LICK
303 1 1862091408 LICK
303 1 1862479924 LICK
303 1 1862645136 LICK
303 1 1862827464 RESP_END
303 1 1861676912 REWARD_END
304 0 1865617536 STIM_START
304 0 1866716168 STIM_END_RESP_START
304 0 1867916184 RESP_END
305 1 1869706520 STIM_START
305 1 1870805108 STIM_END_RESP_START
305 1 1870826744 LICK
305 1 1870827276 REWARD_START
305 1 1870981220 LICK
305 1 1871266448 LICK
305 1 1871601380 LICK
305 1 1871785464 LICK
305 1 1872005160 RESP_END
305 1 1870857836 REWARD_END
306 0 1873796364 STIM_START
306 0 1874894952 STIM_END_RESP_START
306 0 1876094972 RESP_END
307 1 1877771456 STIM_START
307 1 1878870044 STIM_END_RESP_START
307 1 1879093036 LICK
307 1 1879093576 REWARD_START
307 1 1879249376 LICK
307 1 1879418596 LICK
307 1 1879551444 LICK
307 1 1880070060 RESP_END
307 1 1879124136 REWARD_END
308 0 1883349524 STIM_START
308 0 1884448116 STIM_END_RESP_START
308 0 1885648140 RESP_END
309 1 1887337624 STIM_START
309 1 1888436212 STIM_END_RESP_START
309 1 1888481904 LICK
309 1 1888482444 REWARD_START
309 1 1888661632 LICK
309 1 1888795168 LICK
309 1 1888936372 LICK
309 1 1889259952 LICK
309 1 1889636236 RESP_END
309 1 1888512996 REWARD_END
310 1 1891421584 STIM_START
310 1 1892520176 STIM_END_RESP_START
310 1 1893720200 RESP_END
311 1 1895648364 STIM_START
311 1 1896746976 STIM_END_RESP_START
311 1 1896821316 LICK
311 1 1896821856 REWARD_START
311 1 1896981596 LICK
311 1 1897128252 LICK
311 1 1897255732 LICK
311 1 1897947020 RESP_END
311 1 1896852412 REWARD_END
312 0 1899917096 STIM_START
312 0 1901015688 STIM_END_RESP_START
312 0 1902215712 RESP_END
313 1 1903892148 STIM_START
313 1 1904917404 LICK
313 1 1904990736 STIM_END_RESP_START
313 1 1905094052 LICK
313 1 1905094588 REWARD_START
313 1 1905233000 LICK
313 1 1905836280 LICK
313 1 1906190756 RESP_END
313 1 1905125148 REWARD_END
314 0 1908797052 STIM_START
314 0 1909895640 STIM_END_RESP_START
314 0 1911095668 RESP_END
315 1 1912846048 STIM_START
315 1 1913944676 STIM_END_RESP_START
315 1 1914039208 LICK
315 1 1914039748 REWARD_START
315 1 1914183620 LICK
315 1 1914339436 LICK
315 1 1914466092 LICK
315 1 1915144724 RESP_END
315 1 1914070312 REWARD_END
316 1 1917233668 STIM_START
316 1 1918332260 STIM_END_RESP_START
316 1 1918628756 LICK
316 1 1918629296 REWARD_START
316 1 1918770268 LICK
316 1 1919071292 LICK
316 1 1919532292 RESP_END
316 1 1918659860 REWARD_END
317 1 1921415456 STIM_START
317 1 1922514044 STIM_END_RESP_START
317 1 1922876800 LICK
317 1 1922877332 REWARD_START
317 1 1923022952 LICK
317 1 1923162624 LICK
317 1 1923673668 LICK
317 1 1923714076 RESP_END
317 1 1922907892 REWARD_END
318 0 1926272472 STIM_START
318 0 1927371064 STIM_END_RESP_START
318 0 1928571088 RESP_END
319 0 1930541180 STIM_START
319 0 1931639764 STIM_END_RESP_START
319 0 1932839788 RESP_END
320 0 1934830848 STIM_START
320 0 1935929440 STIM_END_RESP_START
320 0 1937129456 RESP_END
321 1 1939105576 STIM_START
321 1 1939967280 LICK
321 1 1940147032 LICK
321 1 1940204172 STIM_END_RESP_START
321 1 1940307824 LICK
321 1 1940308364 REWARD_START
321 1 1940453732 LICK
321 1 1940959784 LICK
321 1 1941122744 LICK
321 1 1941404216 RESP_END
321 1 1940338924 REWARD_END
322 1 1943076636 STIM_START
322 1 1944079996 LICK
322 1 1944175232 STIM_END_RESP_START
322 1 1944242548 LICK
322 1 1944243084 REWARD_START
322 1 1944410208 LICK
322 1 1944552056 LICK
322 1 1944728596 LICK
322 1 1944877152 LICK
322 1 1945375244 RESP_END
322 1 1944273648 REWARD_END
323 1 1947383320 STIM_START
323 1 1948198876 LICK
323 1 1948343148 LICK
323 1 1948481920 STIM_END_RESP_START
323 1 1948500316 LICK
323 1 1948500852 REWARD_START
323 1 1948662088 LICK
323 1 1948831036 LICK
323 1 1949533004 LICK
323 1 1949681940 RESP_END
323 1 1948531412 REWARD_END
324 0 1951766896 STIM_START
324 0 1952865524 STIM_END_RESP_START
324 0 1954065548 RESP_END
325 1 1955795936 STIM_START
325 1 1956735076 LICK
325 1 1956894556 STIM_END_RESP_START
325 1 1957160352 LICK
325 1 1957160884 REWARD_START
325 1 1957338172 LICK
325 1 1957607740 LICK
325 1 1958094580 RESP_END
325 1 1957191444 REWARD_END
326 0 1959880880 STIM_START
326 0 1960979480 STIM_END_RESP_START
326 0 1962179496 RESP_END
327 1 1963791032 STIM_START
327 1 1964889624 STIM_END_RESP_START
327 1 1965274904 LICK
327 1 1965275444 REWARD_START
327 1 1965413552 LICK
327 1 1965687944 LICK
327 1 1966041556 LICK
327 1 1966089664 RESP_END
327 1 1965306004 REWARD_END
328 0 1970891256 STIM_START
328 0 1971989848 STIM_END_RESP_START
328 0 1973189872 RESP_END
329 0 1975109056 STIM_START
329 0 1976207648 STIM_END_RESP_START
329 0 1977407676 RESP_END
330 1 1979120068 STIM_START
330 1 1980218660 STIM_END_RESP_START
330 1 1980559192 LICK
330 1 1980559732 REWARD_START
330 1 1980718780 LICK
330 1 1980996588 LICK
330 1 1981172148 LICK
330 1 1981345052 LICK
330 1 1981418704 RESP_END
330 1 1980590292 REWARD_END
331 0 1983363856 STIM_START
331 0 1984462444 STIM_END_RESP_START
331 0 1985662472 RESP_END
332 0 1987439816 STIM_START
332 0 1988538404 STIM_END_RESP_START
332 0 1989738424 RESP_END
333 1 1991593588 STIM_START
333 1 1992692184 STIM_END_RESP_START
333 1 1992803984 LICK
333 1 1992804524 REWARD_START
333 1 1992969684 LICK
333 1 1993251976 LICK
333 1 1993567096 LICK
333 1 1993731616 LICK
333 1 1993892220 RESP_END
333 1 1992835084 REWARD_END
334 1 1995657584 STIM_START
334 1 1996756176 STIM_END_RESP_START
334 1 1997956204 RESP_END
335 0 1999993236 STIM_START
335 0 2001091832 STIM_END_RESP_START
335 0 2002291856 RESP_END
336 0 2003901388 STIM_START
336 0 2004999976 STIM_END_RESP_START
336 0 2006200004 RESP_END
337 1 2007973384 STIM_START
337 1 2009071976 STIM_END_RESP_START
337 1 2009721272 LICK
337 1 2009721804 REWARD_START
337 1 2009912908 LICK
337 1 2010165572 LICK
337 1 2010272012 RESP_END
337 1 2009752364 REWARD_END
338 0 2012827352 STIM_START
338 0 2013925944 STIM_END_RESP_START
338 0 2015125968 RESP_END
339 0 2017201976 STIM_START
339 0 2018300568 STIM_END_RESP_START
339 0 2019500596 RESP_END
340 0 2021257940 STIM_START
340 0 2022356532 STIM_END_RESP_START
340 0 2023556560 RESP_END
341 1 2025406808 STIM_START
341 1 2026045616 LICK
341 1 2026193168 LICK
341 1 2026350460 LICK
341 1 2026502784 LICK
341 1 2026505404 STIM_END_RESP_START
341 1 2026671952 LICK
341 1 2026672492 REWARD_START
341 1 2026831812 LICK
341 1 2027071276 LICK
341 1 2027392588 LICK
341 1 2027705416 RESP_END
341 1 2026703056 REWARD_END
342 1 2029354888 STIM_START
342 1 2030421896 LICK
342 1 2030453492 STIM_END_RESP_START
342 1 2030596160 LICK
342 1 2030596696 REWARD_START
342 1 2030763220 LICK
342 1 2031050848 LICK
342 1 2031426844 LICK
342 1 2031653508 RESP_END
342 1 2030627256 REWARD_END
343 1 2034695320 STIM_START
343 1 2035556488 LICK
343 1 2035725820 LICK
343 1 2035793952 STIM_END_RESP_START
343 1 2035887136 LICK
343 1 2035887668 REWARD_START
343 1 2036070496 LICK
343 1 2036352212 LICK
343 1 2036994000 RESP_END
343 1 2035918228 REWARD_END
344 0 2038764280 STIM_START
344 0 2039862868 STIM_END_RESP_START
344 0 2041062896 RESP_END
345 0 2042659456 STIM_START
345 0 2043661196 LICK
345 0 2043758048 STIM_END_RESP_START
345 0 2043812156 LICK
345 0 2043812688 TIMEOUT_START
345 0 2044128028 LICK
345 0 2044128568 TIMEOUT_START
345 0 2044296704 LICK
345 0 2044297244 TIMEOUT_START
345 0 2044451864 LICK
345 0 2044452400 TIMEOUT_START
345 0 2044593452 LICK
345 0 2044593988 TIMEOUT_START
345 0 2044784580 LICK
345 0 2044785120 TIMEOUT_START
345 0 2044958064 RESP_END
345 0 2051785688 TIMEOUT_END
346 1 2053750716 STIM_START
346 1 2054796752 LICK
346 1 2054849312 STIM_END_RESP_START
346 1 2054952332 LICK
346 1 2054952864 REWARD_START
346 1 2055121400 LICK
346 1 2055398116 LICK
346 1 2056049324 RESP_END
346 1 2054983424 REWARD_END
347 0 2058077344 STIM_START
347 0 2059175972 STIM_END_RESP_START
347 0 2060375992 RESP_END
348 0 2062088432 STIM_START
348 0 2063187056 STIM_END_RESP_START
348 0 2064387084 RESP_END
349 0 2066095480 STIM_START
349 0 2067194068 STIM_END_RESP_START
349 0 2068394096 RESP_END
350 1 2070382148 STIM_START
350 1 2071431876 LICK
350 1 2071480752 STIM_END_RESP_START
350 1 2071590748 LICK
350 1 2071591288 REWARD_START
350 1 2071735768 LICK
350 1 2072015436 LICK
350 1 2072350168 LICK
350 1 2072680792 RESP_END
350 1 2071621848 REWARD_END
351 1 2074688864 STIM_START
351 1 2075454508 LICK
351 1 2075590564 LICK
351 1 2075767388 LICK
351 1 2075787460 STIM_END_RESP_START
351 1 2075930512 LICK
351 1 2075931052 REWARD_START
351 1 2076076248 LICK
351 1 2076225672 LICK
351 1 2076987508 RESP_END
351 1 2075961612 REWARD_END
352 0 2078776760 STIM_START
352 0 2079875348 STIM_END_RESP_START
352 0 2081075376 RESP_END
353 1 2082706916 STIM_START
353 1 2083805508 STIM_END_RESP_START
353 1 2084468204 LICK
353 1 2084468744 REWARD_START
353 1 2084650796 LICK
353 1 2084939000 LICK
353 1 2085005528 RESP_END
353 1 2084499296 REWARD_END
354 0 2087300220 STIM_START
354 0 2088398804 STIM_END_RESP_START
354 0 2089598828 RESP_END
355 0 2091417140 STIM_START
355 0 2092515732 STIM_END_RESP_START
355 0 2093715760 RESP_END
356 0 2095763728 STIM_START
356 0 2096862320 STIM_END_RESP_START
356 0 2097286792 LICK
356 0 2097287324 TIMEOUT_START
356 0 2097451476 LICK
356 0 2097452008 TIMEOUT_START
356 0 2097584660 LICK
356 0 2097585196 TIMEOUT_START
356 0 2097758996 LICK
356 0 2097759536 TIMEOUT_START
356 0 2097943908 LICK
356 0 2097944436 TIMEOUT_START
356 0 2098062336 RESP_END
356 0 2104945004 TIMEOUT_END
357 1 2106647300 STIM_START
357 1 2107745892 STIM_END_RESP_START
357 1 2108067456 LICK
357 1 2108067996 REWARD_START
357 1 2108436308 LICK
357 1 2108851412 LICK
357 1 2108945900 RESP_END
357 1 2108098548 REWARD_END
358 0 2110976924 STIM_START
358 0 2112075548 STIM_END_RESP_START
358 0 2113275572 RESP_END
359 0 2115064888 STIM_START
359 0 2116163512 STIM_END_RESP_START
359 0 2117363536 RESP_END
360 0 2119154836 STIM_START
360 0 2120253424 STIM_END_RESP_START
360 0 2121453448 RESP_END
361 1 2124881744 STIM_START
361 1 2125980332 STIM_END_RESP_START
361 1 2127180356 RESP_END
362 0 2128998640 STIM_START
362 0 2130097228 STIM_END_RESP_START
362 0 2131297244 RESP_END
363 1 2132988684 STIM_START
363 1 2134087276 STIM_END_RESP_START
363 1 2134131688 LICK
363 1 2134132228 REWARD_START
363 1 2134427356 LICK
363 1 2134732324 LICK
363 1 2135287316 RESP_END
363 1 2134162788 REWARD_END
364 1 2137134552 STIM_START
364 1 2138233144 STIM_END_RESP_START
364 1 2139433168 RESP_END
365 1 2141185528 STIM_START
365 1 2142140440 LICK
365 1 2142276684 LICK
365 1 2142284136 STIM_END_RESP_START
365 1 2142434884 LICK
365 1 2142435420 REWARD_START
365 1 2142574508 LICK
365 1 2142712228 LICK
365 1 2143008864 LICK
365 1 2143484164 RESP_END
365 1 2142465976 REWARD_END
366 0 2145092732 STIM_START
366 0 2146191316 STIM_END_RESP_START
366 0 2147391344 RESP_END
367 1 2149369436 STIM_START
367 1 2150335588 LICK
367 1 2150468036 STIM_END_RESP_START
367 1 2150491172 LICK
367 1 2150491700 REWARD_START
367 1 2150633948 LICK
367 1 2150770668 LICK
367 1 2151084772 LICK
367 1 2151668056 RESP_END
367 1 2150522260 REWARD_END
368 0 2153529356 STIM_START
368 0 2154627980 STIM_END_RESP_START
368 0 2155828004 RESP_END
369 0 2157466420 STIM_START
369 0 2158549284 LICK
369 0 2158565024 STIM_END_RESP_START
369 0 2158700144 LICK
369 0 2158700684 TIMEOUT_START
369 0 2158856664 LICK
369 0 2158857196 TIMEOUT_START
369 0 2159016492 LICK
369 0 2159017028 TIMEOUT_START
369 0 2159338712 LICK
369 0 2159339248 TIMEOUT_START
369 0 2159673732 LICK
369 0 2159674264 TIMEOUT_START
369 0 2159765052 RESP_END
369 0 2166674824 TIMEOUT_END
370 1 2168690484 STIM_START
370 1 2169789076 STIM_END_RESP_START
370 1 2170121996 LICK
370 1 2170122536 REWARD_START
370 1 2170315912 LICK
370 1 2170544452 LICK
370 1 2170877552 LICK
370 1 2170989108 RESP_END
370 1 2170153096 REWARD_END
371 1 2172877296 STIM_START
371 1 2173975924 STIM_END_RESP_START
371 1 2174286428 LICK
371 1 2174286968 REWARD_START
371 1 2174428976 LICK
371 1 2174707232 LICK
371 1 2174871884 LICK
371 1 2175175940 RESP_END
371 1 2174317520 REWARD_END
372 1 2177157020 STIM_START
372 1 2178255608 STIM_END_RESP_START
372 1 2179455632 RESP_END
373 0 2181327912 STIM_START
373 0 2182426492 STIM_END_RESP_START
373 0 2183626516 RESP_END
374 0 2185343888 STIM_START
374 0 2186442480 STIM_END_RESP_START
374 0 2187642504 RESP_END
375 0 2190281796 STIM_START
375 0 2191380384 STIM_END_RESP_START
375 0 2192580408 RESP_END
376 1 2194411692 STIM_START
376 1 2195510284 STIM_END_RESP_START
376 1 2196011632 LICK
376 1 2196012168 REWARD_START
376 1 2196206760 LICK
376 1 2196455520 LICK
376 1 2196599712 LICK
376 1 2196710296 RESP_END
376 1 2196042724 REWARD_END
377 0 2198800296 STIM_START
377 0 2199898884 STIM_END_RESP_START
377 0 2201098908 RESP_END
378 1 2203030036 STIM_START
378 1 2204128624 STIM_END_RESP_START
378 1 2205328648 RESP_END
379 1 2207124944 STIM_START
379 1 2208223536 STIM_END_RESP_START
379 1 2208920352 LICK
379 1 2208920892 REWARD_START
379 1 2209090200 LICK
379 1 2209338388 LICK
379 1 2209423572 RESP_END
379 1 2208951452 REWARD_END
380 1 2211655364 STIM_START
380 1 2212753956 STIM_END_RESP_START
380 1 2213953984 RESP_END
381 0 2215932068 STIM_START
381 0 2217030700 STIM_END_RESP_START
381 0 2218230720 RESP_END
382 0 2219842228 STIM_START
382 0 2220940856 STIM_END_RESP_START
382 0 2222140880 RESP_END
383 0 2223852240 STIM_START
383 0 2224950832 STIM_END_RESP_START
383 0 2226150856 RESP_END
384 1 2227954224 STIM_START
384 1 2229052816 STIM_END_RESP_START
384 1 2229407348 LICK
384 1 2229407888 REWARD_START
384 1 2229549644 LICK
384 1 2229821732 LICK
384 1 2230128732 LICK
384 1 2230252844 RESP_END
384 1 2229438440 REWARD_END
385 0 2232243900 STIM_START
385 0 2233342492 STIM_END_RESP_START
385 0 2234542516 RESP_END
386 1 2236302844 STIM_START
386 1 2237401436 STIM_END_RESP_START
386 1 2237702964 LICK
386 1 2237703504 REWARD_START
386 1 2237865772 LICK
386 1 2238133152 LICK
386 1 2238427836 LICK
386 1 2238601484 RESP_END
386 1 2237734064 REWARD_END
387 1 2240229024 STIM_START
387 1 2241327616 STIM_END_RESP_START
387 1 2241566192 LICK
387 1 2241566732 REWARD_START
387 1 2241727852 LICK
387 1 2241867604 LICK
387 1 2242029508 LICK
387 1 2242527644 RESP_END
387 1 2241597284 REWARD_END
388 0 2244536648 STIM_START
388 0 2245635240 STIM_END_RESP_START
388 0 2246835264 RESP_END
389 0 2248532712 STIM_START
389 0 2249631304 STIM_END_RESP_START
389 0 2250265208 LICK
389 0 2250265744 TIMEOUT_START
389 0 2250427796 LICK
389 0 2250428332 TIMEOUT_START
389 0 2250599948 LICK
389 0 2250600488 TIMEOUT_START
389 0 2250751820 LICK
389 0 2250752364 TIMEOUT_START
389 0 2250831336 RESP_END
389 0 2257752916 TIMEOUT_END
390 0 2259717880 STIM_START
390 0 2260816472 STIM_END_RESP_START
390 0 2262016496 RESP_END
391 1 2263988592 STIM_START
391 1 2265087184 STIM_END_RESP_START
391 1 2265271588 LICK
391 1 2265272124 REWARD_START
391 1 2265483888 LICK
391 1 2265734920 LICK
391 1 2266287220 RESP_END
391 1 2265302684 REWARD_END
392 1 2268057560 STIM_START
392 1 2269156152 STIM_END_RESP_START
392 1 2270356180 RESP_END
393 0 2272308304 STIM_START
393 0 2273270368 LICK
393 0 2273406924 STIM_END_RESP_START
393 0 2273416164 LICK
393 0 2273416708 TIMEOUT_START
393 0 2273589976 LICK
393 0 2273590516 TIMEOUT_START
393 0 2273740424 LICK
393 0 2273740964 TIMEOUT_START
393 0 2273926440 LICK
393 0 2273926972 TIMEOUT_START
393 0 2274077504 LICK
393 0 2274078044 TIMEOUT_START
393 0 2274606972 RESP_END
393 0 2281078596 TIMEOUT_END
394 0 2282720412 STIM_START
394 0 2283819040 STIM_END_RESP_START
394 0 2285019060 RESP_END
395 1 2286714484 STIM_START
395 1 2287813076 STIM_END_RESP_START
395 1 2289013104 RESP_END
396 0 2292001964 STIM_START
396 0 2293100592 STIM_END_RESP_START
396 0 2294300616 RESP_END
397 0 2296114864 STIM_START
397 0 2297213456 STIM_END_RESP_START
397 0 2298413480 RESP_END
398 1 2300165840 STIM_START
398 1 2301264428 STIM_END_RESP_START
398 1 2301954644 LICK
398 1 2301955184 REWARD_START
398 1 2302263848 LICK
398 1 2302464456 RESP_END
398 1 2301985736 REWARD_END
399 0 2304509476 STIM_START
399 0 2305608064 STIM_END_RESP_START
399 0 2306808092 RESP_END
400 0 2308397668 STIM_START
400 0 2309496256 STIM_END_RESP_START
400 0 2310696284 RESP_END
401 0 2312418664 STIM_START
401 0 2313517252 STIM_END_RESP_START
401 0 2314717276 RESP_END
402 1 2317495416 STIM_START
402 1 2318594036 STIM_END_RESP_START
402 1 2319794060 RESP_END
403 1 2321686208 STIM_START
403 1 2322784836 STIM_END_RESP_START
403 1 2323125636 LICK
403 1 2323126168 REWARD_START
403 1 2323322900 LICK
403 1 2323577908 LICK
403 1 2323923872 LICK
403 1 2323984852 RESP_END
403 1 2323156732 REWARD_END
404 1 2325756184 STIM_START
404 1 2326854776 STIM_END_RESP_START
404 1 2328054800 RESP_END
405 0 2329933992 STIM_START
405 0 2331032580 STIM_END_RESP_START
405 0 2332232600 RESP_END
406 1 2334110808 STIM_START
406 1 2335053592 LICK
406 1 2335205400 LICK
406 1 2335209408 STIM_END_RESP_START
406 1 2335618736 LICK
406 1 2335619276 REWARD_START
406 1 2335815396 LICK
406 1 2336130404 LICK
406 1 2336409440 RESP_END
406 1 2335649836 REWARD_END
407 1 2338570304 STIM_START
407 1 2339668928 STIM_END_RESP_START
407 1 2340868952 RESP_END
408 1 2342643304 STIM_START
408 1 2343741896 STIM_END_RESP_START
408 1 2344166012 LICK
408 1 2344166552 REWARD_START
408 1 2344329352 LICK
408 1 2344589252 LICK
408 1 2344913108 LICK
408 1 2344941932 RESP_END
408 1 2344197104 REWARD_END
409 0 2346924948 STIM_START
409 0 2348023544 STIM_END_RESP_START
409 0 2349223568 RESP_END
410 0 2351060836 STIM_START
410 0 2352159428 STIM_END_RESP_START
410 0 2353092784 LICK
410 0 2353093316 TIMEOUT_START
410 0 2353253600 LICK
410 0 2353254136 TIMEOUT_START
410 0 2353359456 RESP_END
410 0 2360254696 TIMEOUT_END
411 0 2362082240 STIM_START
411 0 2363180828 STIM_END_RESP_START
411 0 2364380852 RESP_END
412 1 2366456804 STIM_START
412 1 2367555392 STIM_END_RESP_START
412 1 2368755416 RESP_END
413 0 2370393920 STIM_START
413 0 2371492548 STIM_END_RESP_START
413 0 2372692572 RESP_END
414 0 2374555828 STIM_START
414 0 2375654420 STIM_END_RESP_START
414 0 2376854440 RESP_END
415 1 2378611744 STIM_START
415 1 2379710332 STIM_END_RESP_START
415 1 2380062128 LICK
415 1 2380062664 REWARD_START
415 1 2380368156 LICK
415 1 2380639516 LICK
415 1 2380910364 RESP_END
415 1 2380093224 REWARD_END
416 1 2382871512 STIM_START
416 1 2383970104 STIM_END_RESP_START
416 1 2385170132 RESP_END
USER_EXIT