001 1 0287623808 STIM_START
001 1 0288722500 STIM_END_RESP_START
001 1 0289922540 RESP_END
002 0 0291797904 STIM_START
002 0 0292896592 STIM_END_RESP_START
002 0 0294096636 RESP_END
003 0 0296221648 STIM_START
003 0 0297320332 STIM_END_RESP_START
003 0 0298520376 RESP_END
004 1 0300562532 STIM_START
004 1 0301262624 LICK
004 1 0301441068 LICK
004 1 0301594392 LICK
004 1 0301661200 STIM_END_RESP_START
004 1 0301753428 LICK
004 1 0301753912 REWARD_START
004 1 0302386156 LICK
004 1 0302514388 LICK
004 1 0302861236 RESP_END
004 1 0301784428 REWARD_END
005 0 0317577456 STIM_START
005 0 0318146376 LICK
005 0 0318325432 LICK
005 0 0318518824 LICK
005 0 0318676124 STIM_END_RESP_START
005 0 0318734072 LICK
005 0 0318734564 TIMEOUT_START
005 0 0318906144 LICK
005 0 0318906632 TIMEOUT_START
005 0 0319112092 LICK
005 0 0319112584 TIMEOUT_START
005 0 0319301600 LICK
005 0 0319302092 TIMEOUT_START
005 0 0319876148 RESP_END
005 0 0326302600 TIMEOUT_END
006 1 0329358596 STIM_START
006 1 0330457244 STIM_END_RESP_START
006 1 0331101532 LICK
006 1 0331102020 REWARD_START
006 1 0331283704 LICK
006 1 0331433584 LICK
006 1 0331588444 LICK
006 1 0331657260 RESP_END
006 1 0331132532 REWARD_END
007 0 0337380080 STIM_START
007 0 0337680988 LICK
007 0 0337878980 LICK
007 0 0338054324 LICK
007 0 0338266576 LICK
007 0 0338446280 LICK
007 0 0338478756 STIM_END_RESP_START
007 0 0338624756 LICK
007 0 0338625236 TIMEOUT_START
007 0 0338811348 LICK
007 0 0338811832 TIMEOUT_START
007 0 0339678788 RESP_END
007 0 0345812344 TIMEOUT_END
008 1 0347393308 STIM_START
008 1 0348491992 STIM_END_RESP_START
008 1 0349692036 RESP_END
009 0 0351329720 STIM_START
009 0 0352428408 STIM_END_RESP_START
009 0 0353628428 RESP_END
010 0 0355238080 STIM_START
010 0 0356336768 STIM_END_RESP_START
010 0 0357536812 RESP_END
011 1 0359588892 STIM_START
011 1 0360687572 STIM_END_RESP_START
011 1 0361529280 LICK
011 1 0361529768 REWARD_START
011 1 0361695052 LICK
011 1 0361856588 LICK
011 1 0361887600 RESP_END
011 1 0361560264 REWARD_END
012 0 0368241728 STIM_START
012 0 0369340408 STIM_END_RESP_START
012 0 0370540452 RESP_END
013 0 0372309920 STIM_START
013 0 0373408608 STIM_END_RESP_START
013 0 0374608652 RESP_END
014 1 0376683724 STIM_START
014 1 0377478752 LICK
014 1 0377663948 LICK
014 1 0377782376 STIM_END_RESP_START
014 1 0377872460 LICK
014 1 0377872944 REWARD_START
014 1 0378112512 LICK
014 1 0378284652 LICK
014 1 0378433672 LICK
014 1 0378982392 RESP_END
014 1 0377903460 REWARD_END
015 1 0381811720 STIM_START
015 1 0382910400 STIM_END_RESP_START
015 1 0384110444 RESP_END
016 0 0386120652 STIM_START
016 0 0387219300 STIM_END_RESP_START
016 0 0388419344 RESP_END
017 1 0390409588 STIM_START
017 1 0391508276 STIM_END_RESP_START
017 1 0392708324 RESP_END
018 0 0394514712 STIM_START
018 0 0395613404 STIM_END_RESP_START
018 0 0396813448 RESP_END
019 0 0398882624 STIM_START
019 0 0399981276 STIM_END_RESP_START
019 0 0401181320 RESP_END
020 0 0403094632 STIM_START
020 0 0404193320 STIM_END_RESP_START
020 0 0405153272 LICK
020 0 0405153756 TIMEOUT_START
020 0 0405331492 LICK
020 0 0405331984 TIMEOUT_START
020 0 0405393356 RESP_END
020 0 0412332480 TIMEOUT_END
021 1 0414956604 STIM_START
021 1 0416055284 STIM_END_RESP_START
021 1 0417132288 LICK
021 1 0417132780 REWARD_START
021 1 0417255308 RESP_END
021 1 0417163296 REWARD_END
022 0 0419787920 STIM_START
022 0 0420886608 STIM_END_RESP_START
022 0 0422086644 RESP_END
023 0 0425293380 STIM_START
023 0 0426392068 STIM_END_RESP_START
023 0 0426949224 LICK
023 0 0426949712 TIMEOUT_START
023 0 0427343116 LICK
023 0 0427343600 TIMEOUT_START
023 0 0427501752 LICK
023 0 0427502236 TIMEOUT_START
023 0 0427592108 RESP_END
023 0 0434502744 TIMEOUT_END
024 1 0436527192 STIM_START
024 1 0437518372 LICK
024 1 0437625852 STIM_END_RESP_START
024 1 0437691384 LICK
024 1 0437691876 REWARD_START
024 1 0437873188 LICK
024 1 0438158844 LICK
024 1 0438307744 LICK
024 1 0438825864 RESP_END
024 1 0437722376 REWARD_END
025 0 0440716188 STIM_START
025 0 0441814876 STIM_END_RESP_START
025 0 0443014920 RESP_END
026 0 0444891328 STIM_START
026 0 0445990016 STIM_END_RESP_START
026 0 0446265884 LICK
026 0 0446266372 TIMEOUT_START
026 0 0446440956 LICK
026 0 0446441440 TIMEOUT_START
026 0 0446600008 LICK
026 0 0446600496 TIMEOUT_START
026 0 0446767520 LICK
026 0 0446768008 TIMEOUT_START
026 0 0446955252 LICK
026 0 0446955744 TIMEOUT_START
026 0 0447125372 LICK
026 0 0447125864 TIMEOUT_START
026 0 0447190064 RESP_END
026 0 0454126368 TIMEOUT_END
027 1 0455890300 STIM_START
027 1 0456988948 STIM_END_RESP_START
027 1 0457694968 LICK
027 1 0457695460 REWARD_START
027 1 0457878016 LICK
027 1 0458151084 LICK
027 1 0458188968 RESP_END
027 1 0457725976 REWARD_END
028 0 0460311096 STIM_START
028 0 0461409748 STIM_END_RESP_START
028 0 0462609788 RESP_END
029 0 0466283100 STIM_START
029 0 0467381788 STIM_END_RESP_START
029 0 0468581832 RESP_END
030 0 0470952540 STIM_START
030 0 0472051192 STIM_END_RESP_START
030 0 0472863692 LICK
030 0 0472864180 TIMEOUT_START
030 0 0473119328 LICK
030 0 0473119820 TIMEOUT_START
030 0 0473251208 RESP_END
030 0 0480120328 TIMEOUT_END
031 1 0482118428 STIM_START
031 1 0483217076 STIM_END_RESP_START
031 1 0484011896 LICK
031 1 0484012388 REWARD_START
031 1 0484208736 LICK
031 1 0484356872 LICK
031 1 0484417100 RESP_END
031 1 0484042884 REWARD_END
032 0 0486157616 STIM_START
032 0 0486442016 LICK
032 0 0486623928 LICK
032 0 0486878972 LICK
032 0 0487046756 LICK
032 0 0487231812 LICK
032 0 0487256292 STIM_END_RESP_START
032 0 0487393820 LICK
032 0 0487394312 TIMEOUT_START
032 0 0487578640 LICK
032 0 0487579124 TIMEOUT_START
032 0 0487783320 LICK
032 0 0487783812 TIMEOUT_START
032 0 0487964964 LICK
032 0 0487965448 TIMEOUT_START
032 0 0488135508 LICK
032 0 0488136000 TIMEOUT_START
032 0 0488318416 LICK
032 0 0488318900 TIMEOUT_START
032 0 0488456316 RESP_END
032 0 0495319404 TIMEOUT_END
033 1 0497176656 STIM_START
033 1 0498246800 LICK
033 1 0498275340 STIM_END_RESP_START
033 1 0498426348 LICK
033 1 0498426832 REWARD_START
033 1 0498581332 LICK
033 1 0498834452 LICK
033 1 0498978796 LICK
033 1 0499124096 LICK
033 1 0499475372 RESP_END
033 1 0498457348 REWARD_END
034 1 0501484572 STIM_START
034 1 0502583236 STIM_END_RESP_START
034 1 0503783280 RESP_END
035 0 0505516768 STIM_START
035 0 0506615456 STIM_END_RESP_START
035 0 0507195888 LICK
035 0 0507196376 TIMEOUT_START
035 0 0507422268 LICK
035 0 0507422760 TIMEOUT_START
035 0 0507599080 LICK
035 0 0507599564 TIMEOUT_START
035 0 0507788396 LICK
035 0 0507788880 TIMEOUT_START
035 0 0507815484 RESP_END
035 0 0514789404 TIMEOUT_END
036 1 0516447876 STIM_START
036 1 0517470696 LICK
036 1 0517546536 STIM_END_RESP_START
036 1 0518167284 LICK
036 1 0518167772 REWARD_START
036 1 0518359628 LICK
036 1 0518620968 LICK
036 1 0518746568 RESP_END
036 1 0518198288 REWARD_END
037 1 0520908612 STIM_START
037 1 0522007304 STIM_END_RESP_START
037 1 0523207348 RESP_END
038 1 0525035808 STIM_START
038 1 0526134492 STIM_END_RESP_START
038 1 0526621256 LICK
038 1 0526621748 REWARD_START
038 1 0526760300 LICK
038 1 0526921256 LICK
038 1 0527050732 LICK
038 1 0527218064 LICK
038 1 0527334512 RESP_END
038 1 0526652256 REWARD_END
039 0 0529498508 STIM_START
039 0 0530597156 STIM_END_RESP_START
039 0 0531174992 LICK
039 0 0531175484 TIMEOUT_START
039 0 0531349188 LICK
039 0 0531349680 TIMEOUT_START
039 0 0531797172 RESP_END
039 0 0538350188 TIMEOUT_END
040 1 0540355680 STIM_START
040 1 0541454368 STIM_END_RESP_START
040 1 0541541296 LICK
040 1 0541541788 REWARD_START
040 1 0541718280 LICK
040 1 0541861304 LICK
040 1 0542003180 LICK
040 1 0542163268 LICK
040 1 0542342956 LICK
040 1 0542654388 RESP_END
040 1 0541572284 REWARD_END
041 0 0544640704 STIM_START
041 0 0545739356 STIM_END_RESP_START
041 0 0546939400 RESP_END
042 1 0548534060 STIM_START
042 1 0549632712 STIM_END_RESP_START
042 1 0549966132 LICK
042 1 0549966616 REWARD_START
042 1 0550118040 LICK
042 1 0550257536 LICK
042 1 0550401392 LICK
042 1 0550574020 LICK
042 1 0550743100 LICK
042 1 0550832740 RESP_END
042 1 0549997132 REWARD_END
043 1 0552501348 STIM_START
043 1 0553600036 STIM_END_RESP_START
043 1 0554800076 RESP_END
044 0 0556810320 STIM_START
044 0 0557909008 STIM_END_RESP_START
044 0 0559109044 RESP_END
045 0 0560855504 STIM_START
045 0 0561954156 STIM_END_RESP_START
045 0 0563154200 RESP_END
046 1 0564782908 STIM_START
046 1 0565881600 STIM_END_RESP_START
046 1 0566060320 LICK
046 1 0566060804 REWARD_START
046 1 0567081644 RESP_END
046 1 0566091320 REWARD_END
047 0 0568888028 STIM_START
047 0 0569986716 STIM_END_RESP_START
047 0 0571186764 RESP_END
048 0 0572868336 STIM_START
048 0 0573966984 STIM_END_RESP_START
048 0 0575167032 RESP_END
049 1 0577082388 STIM_START
049 1 0577798452 LICK
049 1 0577939560 LICK
049 1 0578082880 LICK
049 1 0578181072 STIM_END_RESP_START
049 1 0578229980 LICK
049 1 0578230472 REWARD_START
049 1 0578373496 LICK
049 1 0578522776 LICK
049 1 0578661164 LICK
049 1 0579381096 RESP_END
049 1 0578260980 REWARD_END
050 0 0581354376 STIM_START
050 0 0582453024 STIM_END_RESP_START
050 0 0583653068 RESP_END
051 1 0585725208 STIM_START
051 1 0586823860 STIM_END_RESP_START
051 1 0586863228 LICK
051 1 0586863724 REWARD_START
051 1 0587034036 LICK
051 1 0587182668 LICK
051 1 0587331444 LICK
051 1 0587759556 LICK
051 1 0587952340 LICK
051 1 0588023888 RESP_END
051 1 0586894232 REWARD_END
052 1 0589987212 STIM_START
052 1 0591085860 STIM_END_RESP_START
052 1 0591446944 LICK
052 1 0591447436 REWARD_START
052 1 0591616588 LICK
052 1 0591774968 LICK
052 1 0591933840 LICK
052 1 0592285888 RESP_END
052 1 0591477936 REWARD_END
053 0 0597192664 STIM_START
053 0 0598174884 LICK
053 0 0598291312 STIM_END_RESP_START
053 0 0598368564 LICK
053 0 0598369048 TIMEOUT_START
053 0 0598554036 LICK
053 0 0598554524 TIMEOUT_START
053 0 0598732192 LICK
053 0 0598732676 TIMEOUT_START
053 0 0598923088 LICK
053 0 0598923580 TIMEOUT_START
053 0 0599491344 RESP_END
053 0 0605924080 TIMEOUT_END
054 0 0607705312 STIM_START
054 0 0608660084 LICK
054 0 0608803976 STIM_END_RESP_START
054 0 0608841540 LICK
054 0 0608842028 TIMEOUT_START
054 0 0609082036 LICK
054 0 0609082528 TIMEOUT_START
054 0 0610004004 RESP_END
054 0 0616083024 TIMEOUT_END
055 1 0617930236 STIM_START
055 1 0619028892 STIM_END_RESP_START
055 1 0619036064 LICK
055 1 0619036560 REWARD_START
055 1 0619258632 LICK
055 1 0619420200 LICK
055 1 0619557752 LICK
055 1 0620228908 RESP_END
055 1 0619067076 REWARD_END
056 1 0622295092 STIM_START
056 1 0623393776 STIM_END_RESP_START
056 1 0623489908 LICK
056 1 0623490404 REWARD_START
056 1 0623653644 LICK
056 1 0623812140 LICK
056 1 0623963540 LICK
056 1 0624593804 RESP_END
056 1 0623520900 REWARD_END
057 0 0626875676 STIM_START
057 0 0627974328 STIM_END_RESP_START
057 0 0628539104 LICK
057 0 0628539596 TIMEOUT_START
057 0 0628705168 LICK
057 0 0628705660 TIMEOUT_START
057 0 0628890020 LICK
057 0 0628890504 TIMEOUT_START
057 0 0629174340 RESP_END
057 0 0635891020 TIMEOUT_END
058 0 0637939652 STIM_START
058 0 0639038304 STIM_END_RESP_START
058 0 0640238348 RESP_END
059 0 0641827008 STIM_START
059 0 0642925696 STIM_END_RESP_START
059 0 0643227880 LICK
059 0 0643228364 TIMEOUT_START
059 0 0643415820 LICK
059 0 0643416312 TIMEOUT_START
059 0 0644125752 RESP_END
059 0 0650416816 TIMEOUT_END
060 1 0654626980 STIM_START
060 1 0655725632 STIM_END_RESP_START
060 1 0656925668 RESP_END
061 1 0658517352 STIM_START
061 1 0659616012 STIM_END_RESP_START
061 1 0659863912 LICK
061 1 0659864400 REWARD_START
061 1 0660021536 LICK
061 1 0660174868 LICK
061 1 0660307164 LICK
061 1 0660473420 LICK
061 1 0660680640 LICK
061 1 0660816028 RESP_END
061 1 0659894912 REWARD_END
062 1 0662841244 STIM_START
062 1 0663939932 STIM_END_RESP_START
062 1 0665139976 RESP_END
063 0 0666850528 STIM_START
063 0 0667949180 STIM_END_RESP_START
063 0 0669149224 RESP_END
064 1 0670839824 STIM_START
064 1 0671938508 STIM_END_RESP_START
064 1 0672165204 LICK
064 1 0672165688 REWARD_START
064 1 0672342672 LICK
064 1 0672500756 LICK
064 1 0672638996 LICK
064 1 0672995540 LICK
064 1 0673138536 RESP_END
064 1 0672196200 REWARD_END
065 0 0675016932 STIM_START
065 0 0676115620 STIM_END_RESP_START
065 0 0676861636 LICK
065 0 0676862124 TIMEOUT_START
065 0 0677007952 LICK
065 0 0677008440 TIMEOUT_START
065 0 0677172760 LICK
065 0 0677173244 TIMEOUT_START
065 0 0677315656 RESP_END
065 0 0684173752 TIMEOUT_END
066 1 0685986992 STIM_START
066 1 0687085648 STIM_END_RESP_START
066 1 0688285684 RESP_END
067 0 0689896392 STIM_START
067 0 0690995044 STIM_END_RESP_START
067 0 0692195088 RESP_END
068 1 0694141352 STIM_START
068 1 0695240044 STIM_END_RESP_START
068 1 0695266576 LICK
068 1 0695267060 REWARD_START
068 1 0695445564 LICK
068 1 0695603864 LICK
068 1 0695755916 LICK
068 1 0695914324 LICK
068 1 0696440076 RESP_END
068 1 0695297576 REWARD_END
069 0 0698046740 STIM_START
069 0 0699145428 STIM_END_RESP_START
069 0 0700345476 RESP_END
070 1 0702039048 STIM_START
070 1 0703137732 STIM_END_RESP_START
070 1 0703188780 LICK
070 1 0703189272 REWARD_START
070 1 0703350424 LICK
070 1 0703509144 LICK
070 1 0703665776 LICK
070 1 0704337760 RESP_END
070 1 0703219772 REWARD_END
071 1 0706120220 STIM_START
071 1 0707218908 STIM_END_RESP_START
071 1 0707240448 LICK
071 1 0707240936 REWARD_START
071 1 0707384536 LICK
071 1 0707536232 LICK
071 1 0707688164 LICK
071 1 0708418940 RESP_END
071 1 0707271448 REWARD_END
072 1 0710406180 STIM_START
072 1 0711504864 STIM_END_RESP_START
072 1 0712704912 RESP_END
073 0 0716140524 STIM_START
073 0 0717239176 STIM_END_RESP_START
073 0 0718439220 RESP_END
074 1 0720311528 STIM_START
074 1 0721410216 STIM_END_RESP_START
074 1 0721695540 LICK
074 1 0721696032 REWARD_START
074 1 0721893312 LICK
074 1 0722057428 LICK
074 1 0722184288 LICK
074 1 0722330488 LICK
074 1 0722610256 RESP_END
074 1 0721726528 REWARD_END
075 0 0724321748 STIM_START
075 0 0725420396 STIM_END_RESP_START
075 0 0726620444 RESP_END
076 1 0728492864 STIM_START
076 1 0729472692 LICK
076 1 0729591532 STIM_END_RESP_START
076 1 0729629860 LICK
076 1 0729630344 REWARD_START
076 1 0729915564 LICK
076 1 0730091616 LICK
076 1 0730225156 LICK
076 1 0730791556 RESP_END
076 1 0729660856 REWARD_END
077 1 0732541092 STIM_START
077 1 0733639784 STIM_END_RESP_START
077 1 0734839828 RESP_END
078 1 0736785052 STIM_START
078 1 0737671828 LICK
078 1 0737883740 STIM_END_RESP_START
078 1 0737912824 LICK
078 1 0737913316 REWARD_START
078 1 0738135324 LICK
078 1 0738285704 LICK
078 1 0738431716 LICK
078 1 0738580344 LICK
078 1 0739083756 RESP_END
078 1 0737943812 REWARD_END
079 0 0740821312 STIM_START
079 0 0741920000 STIM_END_RESP_START
079 0 0743120044 RESP_END
080 0 0744847596 STIM_START
080 0 0745946244 STIM_END_RESP_START
080 0 0746853264 LICK
080 0 0746853756 TIMEOUT_START
080 0 0747146264 RESP_END
080 0 0753854256 TIMEOUT_END
081 0 0755857584 STIM_START
081 0 0756956236 STIM_END_RESP_START
081 0 0758156272 RESP_END
082 1 0761227252 STIM_START
082 1 0762325904 STIM_END_RESP_START
082 1 0763525948 RESP_END
083 1 0765313452 STIM_START
083 1 0766412104 STIM_END_RESP_START
083 1 0767612148 RESP_END
084 1 0769483516 STIM_START
084 1 0770582168 STIM_END_RESP_START
084 1 0771197324 LICK
084 1 0771197808 REWARD_START
084 1 0771369472 LICK
084 1 0771648684 LICK
084 1 0771782188 RESP_END
084 1 0771228324 REWARD_END
085 0 0773552712 STIM_START
085 0 0774651368 STIM_END_RESP_START
085 0 0775851412 RESP_END
086 1 0777501080 STIM_START
086 1 0778599732 STIM_END_RESP_START
086 1 0779799776 RESP_END
087 0 0781555320 STIM_START
087 0 0782653972 STIM_END_RESP_START
087 0 0783854020 RESP_END
088 1 0785821248 STIM_START
088 1 0786919900 STIM_END_RESP_START
088 1 0786992344 LICK
088 1 0786992828 REWARD_START
088 1 0787161836 LICK
088 1 0787322340 LICK
088 1 0787473016 LICK
088 1 0788119932 RESP_END
088 1 0787023344 REWARD_END
089 0 0789925432 STIM_START
089 0 0791024120 STIM_END_RESP_START
089 0 0792224164 RESP_END
090 0 0794294252 STIM_START
090 0 0795392944 STIM_END_RESP_START
090 0 0796592988 RESP_END
091 1 0798440372 STIM_START
091 1 0799539060 STIM_END_RESP_START
091 1 0799976884 LICK
091 1 0799977372 REWARD_START
091 1 0800145620 LICK
091 1 0800301720 LICK
091 1 0800449136 LICK
091 1 0800592988 LICK
091 1 0800739092 RESP_END
091 1 0800007888 REWARD_END
092 0 0802382732 STIM_START
092 0 0803481384 STIM_END_RESP_START
092 0 0804681424 RESP_END
093 0 0806332092 STIM_START
093 0 0807430744 STIM_END_RESP_START
093 0 0807784020 LICK
093 0 0807784512 TIMEOUT_START
093 0 0807943756 LICK
093 0 0807944248 TIMEOUT_START
093 0 0808107600 LICK
093 0 0808108092 TIMEOUT_START
093 0 0808306220 LICK
093 0 0808306708 TIMEOUT_START
093 0 0808499136 LICK
093 0 0808499628 TIMEOUT_START
093 0 0808630768 RESP_END
093 0 0815500136 TIMEOUT_END
094 1 0817099372 STIM_START
094 1 0817693720 LICK
094 1 0817936780 LICK
094 1 0818118572 LICK
094 1 0818198032 STIM_END_RESP_START
094 1 0818284064 LICK
094 1 0818284556 REWARD_START
094 1 0818454204 LICK
094 1 0818612700 LICK
094 1 0818742940 LICK
094 1 0818895400 LICK
094 1 0819108052 LICK
094 1 0819398052 RESP_END
094 1 0818315068 REWARD_END
095 1 0821442288 STIM_START
095 1 0822540976 STIM_END_RESP_START
095 1 0823741020 RESP_END
096 0 0825590392 STIM_START
096 0 0826689044 STIM_END_RESP_START
096 0 0827889084 RESP_END
097 0 0829594660 STIM_START
097 0 0830693340 STIM_END_RESP_START
097 0 0831893364 RESP_END
098 1 0835404784 STIM_START
098 1 0836503436 STIM_END_RESP_START
098 1 0837703480 RESP_END
099 0 0839466000 STIM_START
099 0 0840564680 STIM_END_RESP_START
099 0 0841764720 RESP_END
100 0 0843679048 STIM_START
100 0 0843799584 LICK
100 0 0843991588 LICK
100 0 0844777716 STIM_END_RESP_START
100 0 0845977760 RESP_END
101 0 0847834156 STIM_START
101 0 0848932840 STIM_END_RESP_START
101 0 0850132884 RESP_END
102 1 0852159068 STIM_START
102 1 0853257756 STIM_END_RESP_START
102 1 0853386808 LICK
102 1 0853387300 REWARD_START
102 1 0853543272 LICK
102 1 0853692132 LICK
102 1 0853968460 LICK
102 1 0854127480 LICK
102 1 0854457800 RESP_END
102 1 0853417808 REWARD_END
103 1 0856401036 STIM_START
103 1 0857499724 STIM_END_RESP_START
103 1 0858699760 RESP_END
104 1 0860494216 STIM_START
104 1 0861521336 LICK
104 1 0861592880 STIM_END_RESP_START
104 1 0861805196 LICK
104 1 0861805684 REWARD_START
104 1 0861967952 LICK
104 1 0862112708 LICK
104 1 0862259336 LICK
104 1 0862792896 RESP_END
104 1 0861836192 REWARD_END
105 0 0864861052 STIM_START
105 0 0865959740 STIM_END_RESP_START
105 0 0867159784 RESP_END
106 0 0869210936 STIM_START
106 0 0870309584 STIM_END_RESP_START
106 0 0871509632 RESP_END
107 1 0873267172 STIM_START
107 1 0874365864 STIM_END_RESP_START
107 1 0875338620 LICK
107 1 0875339116 REWARD_START
107 1 0875504356 LICK
107 1 0875565908 RESP_END
107 1 0875369612 REWARD_END
108 0 0877655976 STIM_START
108 0 0878754628 STIM_END_RESP_START
108 0 0879954676 RESP_END
109 0 0881602328 STIM_START
109 0 0882700976 STIM_END_RESP_START
109 0 0883901020 RESP_END
110 0 0885972216 STIM_START
110 0 0887070864 STIM_END_RESP_START
110 0 0887890832 LICK
110 0 0887891320 TIMEOUT_START
110 0 0888050664 LICK
110 0 0888051156 TIMEOUT_START
110 0 0888220700 LICK
110 0 0888221188 TIMEOUT_START
110 0 0888270916 RESP_END
110 0 0895221680 TIMEOUT_END
111 1 0896945228 STIM_START
111 1 0898043916 STIM_END_RESP_START
111 1 0899243956 RESP_END
112 1 0900914528 STIM_START
112 1 0902013180 STIM_END_RESP_START
112 1 0903213228 RESP_END
113 0 0904865908 STIM_START
113 0 0905964596 STIM_END_RESP_START
113 0 0907164636 RESP_END
114 1 0908856220 STIM_START
114 1 0909954868 STIM_END_RESP_START
114 1 0910581780 LICK
114 1 0910582264 REWARD_START
114 1 0910743340 LICK
114 1 0910885920 LICK
114 1 0911028128 LICK
114 1 0911154896 RESP_END
114 1 0910612764 REWARD_END
115 0 0913065192 STIM_START
115 0 0914163880 STIM_END_RESP_START
115 0 0915363924 RESP_END
116 0 0917136464 STIM_START
116 0 0918235156 STIM_END_RESP_START
116 0 0919435192 RESP_END
117 0 0921428388 STIM_START
117 0 0922527080 STIM_END_RESP_START
117 0 0923727128 RESP_END
118 1 0925764284 STIM_START
118 1 0926862936 STIM_END_RESP_START
118 1 0927091392 LICK
118 1 0927091884 REWARD_START
118 1 0927237828 LICK
118 1 0927379900 LICK
118 1 0927514848 LICK
118 1 0927676928 LICK
118 1 0928062956 RESP_END
118 1 0927122392 REWARD_END
119 0 0930051208 STIM_START
119 0 0931149856 STIM_END_RESP_START
119 0 0932349896 RESP_END
120 0 0934318204 STIM_START
120 0 0935416892 STIM_END_RESP_START
120 0 0936616932 RESP_END
121 0 0938342448 STIM_START
121 0 0939441132 STIM_END_RESP_START
121 0 0940217788 LICK
121 0 0940218272 TIMEOUT_START
121 0 0940393036 LICK
121 0 0940393528 TIMEOUT_START
121 0 0940573872 LICK
121 0 0940574360 TIMEOUT_START
121 0 0940641160 RESP_END
121 0 0947574868 TIMEOUT_END
122 1 0949387440 STIM_START
122 1 0950486092 STIM_END_RESP_START
122 1 0950737896 LICK
122 1 0950738388 REWARD_START
122 1 0950897200 LICK
122 1 0951049276 LICK
122 1 0951192256 LICK
122 1 0951346080 LICK
122 1 0951686140 RESP_END
122 1 0950768884 REWARD_END
123 0 0953619468 STIM_START
123 0 0954718112 STIM_END_RESP_START
123 0 0955854172 LICK
123 0 0955854656 TIMEOUT_START
123 0 0955918148 RESP_END
123 0 0962855164 TIMEOUT_END
124 1 0964887136 STIM_START
124 1 0965985788 STIM_END_RESP_START
124 1 0966553680 LICK
124 1 0966554168 REWARD_START
124 1 0966723224 LICK
124 1 0966870868 LICK
124 1 0967028632 LICK
124 1 0967185828 RESP_END
124 1 0966584680 REWARD_END
125 1 0969209044 STIM_START
125 1 0970307732 STIM_END_RESP_START
125 1 0970548124 LICK
125 1 0970548616 REWARD_START
125 1 0970706092 LICK
125 1 0970860032 LICK
125 1 0971014356 LICK
125 1 0971207396 LICK
125 1 0971507752 RESP_END
125 1 0970579112 REWARD_END
126 1 0973580880 STIM_START
126 1 0974679564 STIM_END_RESP_START
126 1 0974833812 LICK
126 1 0974834300 REWARD_START
126 1 0975001772 LICK
126 1 0975154196 LICK
126 1 0975321188 LICK
126 1 0975879588 RESP_END
126 1 0974864816 REWARD_END
127 0 0977918776 STIM_START
127 0 0978705960 LICK
127 0 0978870788 LICK
127 0 0979017444 STIM_END_RESP_START
127 0 0979021076 LICK
127 0 0979021560 TIMEOUT_START
127 0 0979191232 LICK
127 0 0979191720 TIMEOUT_START
127 0 0979392176 LICK
127 0 0979392668 TIMEOUT_START
127 0 0980217476 RESP_END
127 0 0986393176 TIMEOUT_END
128 1 0988310520 STIM_START
128 1 0989409208 STIM_END_RESP_START
128 1 0989950936 LICK
128 1 0989951432 REWARD_START
128 1 0990118324 LICK
128 1 0990257664 LICK
128 1 0990409900 LICK
128 1 0990609248 RESP_END
128 1 0989981932 REWARD_END
129 0 0992447640 STIM_START
129 0 0993546292 STIM_END_RESP_START
129 0 0994746332 RESP_END
130 0 0996672672 STIM_START
130 0 0997771360 STIM_END_RESP_START
130 0 0998971404 RESP_END
131 1 1000725908 STIM_START
131 1 1001824576 STIM_END_RESP_START
131 1 1003024604 RESP_END
132 1 1004693244 STIM_START
132 1 1005791908 STIM_END_RESP_START
132 1 1006503560 LICK
132 1 1006504100 REWARD_START
132 1 1006651724 LICK
132 1 1006819352 LICK
132 1 1006975564 LICK
132 1 1006991924 RESP_END
132 1 1006534652 REWARD_END
133 1 1009072044 STIM_START
133 1 1009927208 LICK
133 1 1010100548 LICK
133 1 1010170716 STIM_END_RESP_START
133 1 1010305908 LICK
133 1 1010306448 REWARD_START
133 1 1010494484 LICK
133 1 1010654684 LICK
133 1 1010823028 LICK
133 1 1011370740 RESP_END
133 1 1010337004 REWARD_END
134 0 1013259096 STIM_START
134 0 1014357764 STIM_END_RESP_START
134 0 1015557788 RESP_END
135 0 1017611960 STIM_START
135 0 1018710628 STIM_END_RESP_START
135 0 1018818412 LICK
135 0 1018818952 TIMEOUT_START
135 0 1018991876 LICK
135 0 1018992412 TIMEOUT_START
135 0 1019189312 LICK
135 0 1019189844 TIMEOUT_START
135 0 1019400204 LICK
135 0 1019400736 TIMEOUT_START
135 0 1019593124 LICK
135 0 1019593660 TIMEOUT_START
135 0 1019910672 RESP_END
135 0 1026594224 TIMEOUT_END
136 0 1028596972 STIM_START
136 0 1029695636 STIM_END_RESP_START
136 0 1029756456 LICK
136 0 1029756996 TIMEOUT_START
136 0 1029907948 LICK
136 0 1029908488 TIMEOUT_START
136 0 1030094540 LICK
136 0 1030095076 TIMEOUT_START
136 0 1030301712 LICK
136 0 1030302244 TIMEOUT_START
136 0 1030519768 LICK
136 0 1030520304 TIMEOUT_START
136 0 1030895684 RESP_END
136 0 1037520860 TIMEOUT_END
137 1 1039165584 STIM_START
137 1 1040264252 STIM_END_RESP_START
137 1 1040692096 LICK
137 1 1040692632 REWARD_START
137 1 1040869164 LICK
137 1 1041028608 LICK
137 1 1041184860 LICK
137 1 1041464280 RESP_END
137 1 1040723188 REWARD_END
138 0 1043533432 STIM_START
138 0 1044632100 STIM_END_RESP_START
138 0 1045832124 RESP_END
139 1 1047704496 STIM_START
139 1 1048386792 LICK
139 1 1048545044 LICK
139 1 1048722372 LICK
139 1 1048803168 STIM_END_RESP_START
139 1 1048899052 LICK
139 1 1048899580 REWARD_START
139 1 1049081232 LICK
139 1 1049244848 LICK
139 1 1049412468 LICK
139 1 1049591448 LICK
139 1 1050003184 RESP_END
139 1 1048930140 REWARD_END
140 1 1051665828 STIM_START
140 1 1052764492 STIM_END_RESP_START
140 1 1053964512 RESP_END
141 1 1055849884 STIM_START
141 1 1056691072 LICK
141 1 1056853856 LICK
141 1 1056948564 STIM_END_RESP_START
141 1 1057023536 LICK
141 1 1057024076 REWARD_START
141 1 1057198628 LICK
141 1 1057349660 LICK
141 1 1057505860 LICK
141 1 1058148612 RESP_END
141 1 1057054624 REWARD_END
142 0 1059862188 STIM_START
142 0 1060960856 STIM_END_RESP_START
142 0 1062160876 RESP_END
143 0 1063812528 STIM_START
143 0 1064911192 STIM_END_RESP_START
143 0 1066111220 RESP_END
144 0 1068203344 STIM_START
144 0 1069302008 STIM_END_RESP_START
144 0 1070502032 RESP_END
145 1 1072956748 STIM_START
145 1 1073956564 LICK
145 1 1074055400 STIM_END_RESP_START
145 1 1074138816 LICK
145 1 1074139356 REWARD_START
145 1 1074362272 LICK
145 1 1074513068 LICK
145 1 1074651272 LICK
145 1 1075255412 RESP_END
145 1 1074169916 REWARD_END
146 0 1077062904 STIM_START
146 0 1078161572 STIM_END_RESP_START
146 0 1079361596 RESP_END
147 1 1081415752 STIM_START
147 1 1082514408 STIM_END_RESP_START
147 1 1082765860 LICK
147 1 1082766400 REWARD_START
147 1 1082925192 LICK
147 1 1083068772 LICK
147 1 1083204436 LICK
147 1 1083714440 RESP_END
147 1 1082796952 REWARD_END
148 1 1085479972 STIM_START
148 1 1086230840 LICK
148 1 1086380164 LICK
148 1 1086552696 LICK
148 1 1086578628 STIM_END_RESP_START
148 1 1086727132 LICK
148 1 1086727672 REWARD_START
148 1 1086906692 LICK
148 1 1087084980 LICK
148 1 1087778664 RESP_END
148 1 1086758228 REWARD_END
149 0 1089628096 STIM_START
149 0 1090160492 LICK
149 0 1090339872 LICK
149 0 1090529428 LICK
149 0 1090726764 STIM_END_RESP_START
149 0 1090747872 LICK
149 0 1090748400 TIMEOUT_START
149 0 1090924592 LICK
149 0 1090925120 TIMEOUT_START
149 0 1091096752 LICK
149 0 1091097284 TIMEOUT_START
149 0 1091296292 LICK
149 0 1091296820 TIMEOUT_START
149 0 1091926776 RESP_END
149 0 1098297380 TIMEOUT_END
150 0 1100014816 STIM_START
150 0 1100680752 LICK
150 0 1100871100 LICK
150 0 1101068024 LICK
150 0 1101113488 STIM_END_RESP_START
150 0 1101274568 LICK
150 0 1101275100 TIMEOUT_START
150 0 1101470336 LICK
150 0 1101470876 TIMEOUT_START
150 0 1101674640 LICK
150 0 1101675172 TIMEOUT_START
150 0 1101872828 LICK
150 0 1101873364 TIMEOUT_START
150 0 1102313528 RESP_END
150 0 1108873912 TIMEOUT_END
151 0 1110838052 STIM_START
151 0 1111936720 STIM_END_RESP_START
151 0 1112908444 LICK
151 0 1112908984 TIMEOUT_START
151 0 1113136752 RESP_END
151 0 1119909532 TIMEOUT_END
152 1 1121728224 STIM_START
152 1 1122826888 STIM_END_RESP_START
152 1 1124026912 RESP_END
153 1 1125761484 STIM_START
153 1 1126860148 STIM_END_RESP_START
153 1 1127329476 LICK
153 1 1127330016 REWARD_START
153 1 1127505860 LICK
153 1 1127694200 LICK
153 1 1127825536 LICK
153 1 1128060172 RESP_END
153 1 1127360572 REWARD_END
154 0 1129924560 STIM_START
154 0 1131023224 STIM_END_RESP_START
154 0 1132223248 RESP_END
155 0 1134011744 STIM_START
155 0 1135110412 STIM_END_RESP_START
155 0 1136310432 RESP_END
156 1 1138121916 STIM_START
156 1 1139220580 STIM_END_RESP_START
156 1 1139641856 LICK
156 1 1139642396 REWARD_START
156 1 1139782180 LICK
156 1 1139937716 LICK
156 1 1140083616 LICK
156 1 1140420604 RESP_END
156 1 1139672952 REWARD_END
157 0 1142291000 STIM_START
157 0 1142931700 LICK
157 0 1143093988 LICK
157 0 1143389672 STIM_END_RESP_START
157 0 1144589696 RESP_END
158 0 1146215312 STIM_START
158 0 1147313980 STIM_END_RESP_START
158 0 1148514004 RESP_END
159 1 1150443388 STIM_START
159 1 1151542072 STIM_END_RESP_START
159 1 1151681300 LICK
159 1 1151681836 REWARD_START
159 1 1151850972 LICK
159 1 1152012468 LICK
159 1 1152162008 LICK
159 1 1152322308 LICK
159 1 1152742096 RESP_END
159 1 1151712400 REWARD_END
160 0 1156113700 STIM_START
160 0 1157212368 STIM_END_RESP_START
160 0 1157797092 LICK
160 0 1157797624 TIMEOUT_START
160 0 1157993584 LICK
160 0 1157994116 TIMEOUT_START
160 0 1158412396 RESP_END
160 0 1164994680 TIMEOUT_END
161 0 1166578344 STIM_START
161 0 1167677012 STIM_END_RESP_START
161 0 1168877036 RESP_END
162 0 1170625572 STIM_START
162 0 1171724236 STIM_END_RESP_START
162 0 1172924260 RESP_END
163 1 1174993436 STIM_START
163 1 1176092104 STIM_END_RESP_START
163 1 1176625740 LICK
163 1 1176626280 REWARD_START
163 1 1176779680 LICK
163 1 1176947464 LICK
163 1 1177076940 LICK
163 1 1177292120 RESP_END
163 1 1176656832 REWARD_END
164 1 1179288384 STIM_START
164 1 1180096596 LICK
164 1 1180234976 LICK
164 1 1180378068 LICK
164 1 1180387064 STIM_END_RESP_START
164 1 1180535420 LICK
164 1 1180535956 REWARD_START
164 1 1180727544 LICK
164 1 1181010320 LICK
164 1 1181169876 LICK
164 1 1181587076 RESP_END
164 1 1180566512 REWARD_END
165 1 1183449452 STIM_START
165 1 1184548120 STIM_END_RESP_START
165 1 1185748144 RESP_END
166 0 1187514680 STIM_START
166 0 1188613344 STIM_END_RESP_START
166 0 1189813372 RESP_END
167 1 1191669756 STIM_START
167 1 1192768424 STIM_END_RESP_START
167 1 1193118116 LICK
167 1 1193118652 REWARD_START
167 1 1193279852 LICK
167 1 1193429612 LICK
167 1 1193579740 LICK
167 1 1193968448 RESP_END
167 1 1193149212 REWARD_END
168 1 1195817884 STIM_START
168 1 1196916552 STIM_END_RESP_START
168 1 1197348120 LICK
168 1 1197348652 REWARD_START
168 1 1197512036 LICK
168 1 1197675192 LICK
168 1 1197826680 LICK
168 1 1198116596 RESP_END
168 1 1197379212 REWARD_END
169 1 1199903024 STIM_START
169 1 1200722700 LICK
169 1 1200885088 LICK
169 1 1201001696 STIM_END_RESP_START
169 1 1201079444 LICK
169 1 1201079980 REWARD_START
169 1 1201264544 LICK
169 1 1201539548 LICK
169 1 1201688672 LICK
169 1 1201830892 LICK
169 1 1202201712 RESP_END
169 1 1201110540 REWARD_END
170 0 1204245948 STIM_START
170 0 1205344612 STIM_END_RESP_START
170 0 1206544640 RESP_END
171 0 1208620776 STIM_START
171 0 1208922168 LICK
171 0 1209109612 LICK
171 0 1209275920 LICK
171 0 1209495668 LICK
171 0 1209690136 LICK
171 0 1209719432 STIM_END_RESP_START
171 0 1210919456 RESP_END
172 0 1212781904 STIM_START
172 0 1213880572 STIM_END_RESP_START
172 0 1215080596 RESP_END
173 1 1217038900 STIM_START
173 1 1218137568 STIM_END_RESP_START
173 1 1218196176 LICK
173 1 1218196716 REWARD_START
173 1 1218361888 LICK
173 1 1218493272 LICK
173 1 1218643452 LICK
173 1 1219337596 RESP_END
173 1 1218227276 REWARD_END
174 0 1220923276 STIM_START
174 0 1222021944 STIM_END_RESP_START
174 0 1223221968 RESP_END
175 0 1225273144 STIM_START
175 0 1226328464 LICK
175 0 1226371816 STIM_END_RESP_START
175 0 1226513312 LICK
175 0 1226513852 TIMEOUT_START
175 0 1226684096 LICK
175 0 1226684636 TIMEOUT_START
175 0 1226874980 LICK
175 0 1226875512 TIMEOUT_START
175 0 1227571836 RESP_END
175 0 1233876080 TIMEOUT_END
176 1 1235721808 STIM_START
176 1 1236530864 LICK
176 1 1236757420 LICK
176 1 1236820472 STIM_END_RESP_START
176 1 1236934904 LICK
176 1 1236935436 REWARD_START
176 1 1237112968 LICK
176 1 1237272592 LICK
176 1 1237418232 LICK
176 1 1238020516 RESP_END
176 1 1236966000 REWARD_END
177 1 1240034744 STIM_START
177 1 1241118804 LICK
177 1 1241133420 STIM_END_RESP_START
177 1 1241273200 LICK
177 1 1241273740 REWARD_START
177 1 1241426048 LICK
177 1 1241583948 LICK
177 1 1241751416 LICK
177 1 1242333452 RESP_END
177 1 1241304300 REWARD_END
178 1 1243937124 STIM_START
178 1 1245035792 STIM_END_RESP_START
178 1 1245408608 LICK
178 1 1245409140 REWARD_START
178 1 1245567000 LICK
178 1 1245720900 LICK
178 1 1245876964 LICK
178 1 1246235840 RESP_END
178 1 1245439700 REWARD_END
179 0 1247859544 STIM_START
179 0 1248958212 STIM_END_RESP_START
179 0 1249115964 LICK
179 0 1249116504 TIMEOUT_START
179 0 1249322428 LICK
179 0 1249322956 TIMEOUT_START
179 0 1250158224 RESP_END
179 0 1256323516 TIMEOUT_END
180 1 1258308244 STIM_START
180 1 1259406908 STIM_END_RESP_START
180 1 1259583204 LICK
180 1 1259583744 REWARD_START
180 1 1259754964 LICK
180 1 1259913000 LICK
180 1 1260036232 LICK
180 1 1260180300 LICK
180 1 1260606956 RESP_END
180 1 1259614304 REWARD_END
181 1 1262613172 STIM_START
181 1 1263711836 STIM_END_RESP_START
181 1 1264911860 RESP_END
182 1 1266588464 STIM_START
182 1 1267687132 STIM_END_RESP_START
182 1 1267935544 LICK
182 1 1267936076 REWARD_START
182 1 1268100116 LICK
182 1 1268262588 LICK
182 1 1268402228 LICK
182 1 1268887172 RESP_END
182 1 1267966636 REWARD_END
183 0 1270834456 STIM_START
183 0 1271933124 STIM_END_RESP_START
183 0 1273133148 RESP_END
184 1 1274908752 STIM_START
184 1 1276007412 STIM_END_RESP_START
184 1 1276377900 LICK
184 1 1276378440 REWARD_START
184 1 1276521796 LICK
184 1 1276674832 LICK
184 1 1276835440 LICK
184 1 1277082520 LICK
184 1 1277207436 RESP_END
184 1 1276409000 REWARD_END
185 1 1278946852 STIM_START
185 1 1280045520 STIM_END_RESP_START
185 1 1280909656 LICK
185 1 1280910184 REWARD_START
185 1 1281082616 LICK
185 1 1281245568 RESP_END
185 1 1280940744 REWARD_END
186 1 1283486516 STIM_START
186 1 1284043700 LICK
186 1 1284193744 LICK
186 1 1284368116 LICK
186 1 1284547220 LICK
186 1 1284585204 STIM_END_RESP_START
186 1 1284719384 LICK
186 1 1284719920 REWARD_START
186 1 1284894172 LICK
186 1 1285052048 LICK
186 1 1285226212 LICK
186 1 1285785220 RESP_END
186 1 1284750480 REWARD_END
187 0 1287868404 STIM_START
187 0 1288967068 STIM_END_RESP_START
187 0 1290167092 RESP_END
188 0 1291843664 STIM_START
188 0 1292942324 STIM_END_RESP_START
188 0 1294142344 RESP_END
189 1 1296092632 STIM_START
189 1 1297092912 LICK
189 1 1297191316 STIM_END_RESP_START
189 1 1297253980 LICK
189 1 1297254520 REWARD_START
189 1 1297420116 LICK
189 1 1297582708 LICK
189 1 1297931360 LICK
189 1 1298391344 RESP_END
189 1 1297285072 REWARD_END
190 1 1300174832 STIM_START
190 1 1300926904 LICK
190 1 1301125056 LICK
190 1 1301273512 STIM_END_RESP_START
190 1 1301327844 LICK
190 1 1301328380 REWARD_START
190 1 1301490936 LICK
190 1 1301657580 LICK
190 1 1302473536 RESP_END
190 1 1301358940 REWARD_END
191 1 1304502808 STIM_START
191 1 1305260832 LICK
191 1 1305438008 LICK
191 1 1305601484 STIM_END_RESP_START
191 1 1305611060 LICK
191 1 1305611600 REWARD_START
191 1 1305784028 LICK
191 1 1305949204 LICK
191 1 1306110996 LICK
191 1 1306801532 RESP_END
191 1 1305642156 REWARD_END
192 0 1308729760 STIM_START
192 0 1309828428 STIM_END_RESP_START
192 0 1311028452 RESP_END
193 1 1313045696 STIM_START
193 1 1314048856 LICK
193 1 1314144380 STIM_END_RESP_START
193 1 1314245668 LICK
193 1 1314246200 REWARD_START
193 1 1314404256 LICK
193 1 1314567640 LICK
193 1 1314734480 LICK
193 1 1315344424 RESP_END
193 1 1314276756 REWARD_END
194 0 1317354624 STIM_START
194 0 1318411892 LICK
194 0 1318453280 STIM_END_RESP_START
194 0 1318584860 LICK
194 0 1318585396 TIMEOUT_START
194 0 1318802520 LICK
194 0 1318803052 TIMEOUT_START
194 0 1319653296 RESP_END
194 0 1325803616 TIMEOUT_END
195 0 1327862240 STIM_START
195 0 1328960908 STIM_END_RESP_START
195 0 1330160932 RESP_END
196 1 1331991344 STIM_START
196 1 1333090012 STIM_END_RESP_START
196 1 1333392968 LICK
196 1 1333393504 REWARD_START
196 1 1333563520 LICK
196 1 1333731612 LICK
196 1 1333868220 LICK
196 1 1334290052 RESP_END
196 1 1333424060 REWARD_END
197 1 1335933720 STIM_START
197 1 1337032384 STIM_END_RESP_START
197 1 1338232408 RESP_END
198 0 1339852096 STIM_START
198 0 1340950760 STIM_END_RESP_START
198 0 1342150784 RESP_END
199 1 1343803440 STIM_START
199 1 1344902100 STIM_END_RESP_START
199 1 1345117060 LICK
199 1 1345117596 REWARD_START
199 1 1345274328 LICK
199 1 1345448292 LICK
199 1 1345607400 LICK
199 1 1346102120 RESP_END
199 1 1345148156 REWARD_END
200 0 1347907544 STIM_START
200 0 1349006212 STIM_END_RESP_START
200 0 1349549980 LICK
200 0 1349550520 TIMEOUT_START
200 0 1349729288 LICK
200 0 1349729820 TIMEOUT_START
200 0 1349917788 LICK
200 0 1349918324 TIMEOUT_START
200 0 1350206240 RESP_END
200 0 1356918888 TIMEOUT_END
201 0 1358786736 STIM_START
201 0 1359885400 STIM_END_RESP_START
201 0 1361085416 RESP_END
202 1 1362821968 STIM_START
202 1 1363920632 STIM_END_RESP_START
202 1 1364127112 LICK
202 1 1364127644 REWARD_START
202 1 1364279968 LICK
202 1 1364432604 LICK
202 1 1364587588 LICK
202 1 1365120684 RESP_END
202 1 1364158200 REWARD_END
203 1 1366929152 STIM_START
203 1 1368027820 STIM_END_RESP_START
203 1 1368147844 LICK
203 1 1368148380 REWARD_START
203 1 1368317748 LICK
203 1 1368487688 LICK
203 1 1368666056 LICK
203 1 1369227832 RESP_END
203 1 1368178940 REWARD_END
204 0 1370987376 STIM_START
204 0 1372086064 STIM_END_RESP_START
204 0 1372115168 LICK
204 0 1372115704 TIMEOUT_START
204 0 1372314752 LICK
204 0 1372315284 TIMEOUT_START
204 0 1373286076 RESP_END
204 0 1379315848 TIMEOUT_END
205 0 1381176352 STIM_START
205 0 1382275012 STIM_END_RESP_START
205 0 1382382728 LICK
205 0 1382383264 TIMEOUT_START
205 0 1382546228 LICK
205 0 1382546764 TIMEOUT_START
205 0 1382736200 LICK
205 0 1382736728 TIMEOUT_START
205 0 1383475056 RESP_END
205 0 1389737288 TIMEOUT_END
206 0 1391443220 STIM_START
206 0 1392541884 STIM_END_RESP_START
206 0 1393741912 RESP_END
207 1 1395822052 STIM_START
207 1 1396920724 STIM_END_RESP_START
207 1 1396933020 LICK
207 1 1396933564 REWARD_START
207 1 1397127868 LICK
207 1 1397391220 LICK
207 1 1397544524 LICK
207 1 1397856844 LICK
207 1 1398120752 RESP_END
207 1 1396964112 REWARD_END
208 0 1399789360 STIM_START
208 0 1400888028 STIM_END_RESP_START
208 0 1402088052 RESP_END
209 1 1403767740 STIM_START
209 1 1404866408 STIM_END_RESP_START
209 1 1406066432 RESP_END
210 1 1408036680 STIM_START
210 1 1409135348 STIM_END_RESP_START
210 1 1409297864 LICK
210 1 1409298396 REWARD_START
210 1 1409473860 LICK
210 1 1409630240 LICK
210 1 1409782680 LICK
210 1 1409928672 LICK
210 1 1410335364 RESP_END
210 1 1409328952 REWARD_END
211 1 1411967044 STIM_START
211 1 1413065704 STIM_END_RESP_START
211 1 1413219408 LICK
211 1 1413219940 REWARD_START
211 1 1413370216 LICK
211 1 1413531852 LICK
211 1 1413678660 LICK
211 1 1413849832 LICK
211 1 1414037524 LICK
211 1 1414265740 RESP_END
211 1 1413250500 REWARD_END
212 0 1415968304 STIM_START
212 0 1417066972 STIM_END_RESP_START
212 0 1418266996 RESP_END
213 1 1420015528 STIM_START
213 1 1420968436 LICK
213 1 1421114196 STIM_END_RESP_START
213 1 1421131228 LICK
213 1 1421131760 REWARD_START
213 1 1421288660 LICK
213 1 1421450988 LICK
213 1 1422314228 RESP_END
213 1 1421162320 REWARD_END
214 1 1424271532 STIM_START
214 1 1424868508 LICK
214 1 1425028608 LICK
214 1 1425199400 LICK
214 1 1425370212 STIM_END_RESP_START
214 1 1425379416 LICK
214 1 1425379956 REWARD_START
214 1 1425561696 LICK
214 1 1425723296 LICK
214 1 1425889792 LICK
214 1 1426570236 RESP_END
214 1 1425410516 REWARD_END
215 1 1428254892 STIM_START
215 1 1429353560 STIM_END_RESP_START
215 1 1430553580 RESP_END
216 0 1432506836 STIM_START
216 0 1433605504 STIM_END_RESP_START
216 0 1434805524 RESP_END
217 0 1436604984 STIM_START
217 0 1436800960 LICK
217 0 1436965152 LICK
217 0 1437176664 LICK
217 0 1437367416 LICK
217 0 1437569280 LICK
217 0 1437703652 STIM_END_RESP_START
217 0 1438903672 RESP_END
218 0 1440795072 STIM_START
218 0 1441893740 STIM_END_RESP_START
218 0 1443093764 RESP_END
219 1 1445008128 STIM_START
219 1 1446106792 STIM_END_RESP_START
219 1 1446303852 LICK
219 1 1446304384 REWARD_START
219 1 1446469384 LICK
219 1 1446642432 LICK
219 1 1446789140 LICK
219 1 1447306808 RESP_END
219 1 1446334944 REWARD_END
220 0 1449288080 STIM_START
220 0 1450386744 STIM_END_RESP_START
220 0 1451586768 RESP_END
221 1 1453200448 STIM_START
221 1 1454299108 STIM_END_RESP_START
221 1 1454422588 LICK
221 1 1454423124 REWARD_START
221 1 1454562100 LICK
221 1 1454723388 LICK
221 1 1454882796 LICK
221 1 1455048800 LICK
221 1 1455499148 RESP_END
221 1 1454453680 REWARD_END
222 1 1457490364 STIM_START
222 1 1458221304 LICK
222 1 1458404084 LICK
222 1 1458588192 LICK
222 1 1458589036 STIM_END_RESP_START
222 1 1458771192 LICK
222 1 1458771728 REWARD_START
222 1 1458948044 LICK
222 1 1459110068 LICK
222 1 1459283720 LICK
222 1 1459789068 RESP_END
222 1 1458802288 REWARD_END
223 1 1461640472 STIM_START
223 1 1462559164 LICK
223 1 1462728840 LICK
223 1 1462739148 STIM_END_RESP_START
223 1 1462895880 LICK
223 1 1462896416 REWARD_START
223 1 1463087580 LICK
223 1 1463259244 LICK
223 1 1463399644 LICK
223 1 1463904616 LICK
223 1 1463939188 RESP_END
223 1 1462926972 REWARD_END
224 0 1465699656 STIM_START
224 0 1466798324 STIM_END_RESP_START
224 0 1467998348 RESP_END
225 1 1469650988 STIM_START
225 1 1470717608 LICK
225 1 1470749664 STIM_END_RESP_START
225 1 1470883208 LICK
225 1 1470883740 REWARD_START
225 1 1471046752 LICK
225 1 1471205016 LICK
225 1 1471363124 LICK
225 1 1471949708 RESP_END
225 1 1470914296 REWARD_END
226 0 1473857080 STIM_START
226 0 1474955748 STIM_END_RESP_START
226 0 1476155772 RESP_END
227 1 1478106060 STIM_START
227 1 1479204728 STIM_END_RESP_START
227 1 1479870388 LICK
227 1 1479870928 REWARD_START
227 1 1480028064 LICK
227 1 1480188120 LICK
227 1 1480345924 LICK
227 1 1480404752 RESP_END
227 1 1479901488 REWARD_END
228 0 1482388036 STIM_START
228 0 1483486704 STIM_END_RESP_START
228 0 1484686732 RESP_END
229 0 1486665976 STIM_START
229 0 1487764644 STIM_END_RESP_START
229 0 1488386272 LICK
229 0 1488386804 TIMEOUT_START
229 0 1488547924 LICK
229 0 1488548456 TIMEOUT_START
229 0 1488734344 LICK
229 0 1488734876 TIMEOUT_START
229 0 1488926220 LICK
229 0 1488926760 TIMEOUT_START
229 0 1488964672 RESP_END
229 0 1495927324 TIMEOUT_END
230 0 1497644988 STIM_START
230 0 1498743656 STIM_END_RESP_START
230 0 1499943680 RESP_END
231 1 1501735168 STIM_START
231 1 1502750452 LICK
231 1 1502833820 STIM_END_RESP_START
231 1 1502920280 LICK
231 1 1502920820 REWARD_START
231 1 1503123592 LICK
231 1 1503284360 LICK
231 1 1503413268 LICK
231 1 1504033832 RESP_END
231 1 1502951376 REWARD_END
232 1 1505920248 STIM_START
232 1 1507018912 STIM_END_RESP_START
232 1 1508159532 LICK
232 1 1508160064 REWARD_START
232 1 1508218944 RESP_END
232 1 1508190624 REWARD_END
233 1 1510301104 STIM_START
233 1 1510951764 LICK
233 1 1511104272 LICK
233 1 1511292116 LICK
233 1 1511399780 STIM_END_RESP_START
233 1 1511464540 LICK
233 1 1511465080 REWARD_START
233 1 1511638904 LICK
233 1 1511803204 LICK
233 1 1512599812 RESP_END
233 1 1511495632 REWARD_END
234 0 1514236436 STIM_START
234 0 1515105524 LICK
234 0 1515279528 LICK
234 0 1515335084 STIM_END_RESP_START
234 0 1515477484 LICK
234 0 1515478024 TIMEOUT_START
234 0 1515665704 LICK
234 0 1515666236 TIMEOUT_START
234 0 1515836912 LICK
234 0 1515837452 TIMEOUT_START
234 0 1516535128 RESP_END
234 0 1522838012 TIMEOUT_END
235 1 1524626196 STIM_START
235 1 1525658728 LICK
235 1 1525724852 STIM_END_RESP_START
235 1 1525831360 LICK
235 1 1525831900 REWARD_START
235 1 1526150084 LICK
235 1 1526316996 LICK
235 1 1526447544 LICK
235 1 1526924896 RESP_END
235 1 1525862460 REWARD_END
236 0 1528733376 STIM_START
236 0 1529832044 STIM_END_RESP_START
236 0 1531032072 RESP_END
237 1 1533081256 STIM_START
237 1 1533942036 LICK
237 1 1534110684 LICK
237 1 1534179912 STIM_END_RESP_START
237 1 1534271328 LICK
237 1 1534271872 REWARD_START
237 1 1534449152 LICK
237 1 1534624524 LICK
237 1 1534773308 LICK
237 1 1535379944 RESP_END
237 1 1534302432 REWARD_END
238 1 1536970688 STIM_START
238 1 1537852596 LICK
238 1 1538069348 STIM_END_RESP_START
238 1 1538126384 LICK
238 1 1538126920 REWARD_START
238 1 1538303640 LICK
238 1 1538465936 LICK
238 1 1538766944 LICK
238 1 1539269396 RESP_END
238 1 1538157476 REWARD_END
239 1 1541101776 STIM_START
239 1 1541938576 LICK
239 1 1542121620 LICK
239 1 1542200448 STIM_END_RESP_START
239 1 1542309356 LICK
239 1 1542309896 REWARD_START
239 1 1542492516 LICK
239 1 1542660196 LICK
239 1 1542818152 LICK
239 1 1542972320 LICK
239 1 1543400488 RESP_END
239 1 1542340452 REWARD_END
240 0 1545109020 STIM_START
240 0 1546207688 STIM_END_RESP_START
240 0 1547407716 RESP_END
241 1 1549446900 STIM_START
241 1 1550477228 LICK
241 1 1550545556 STIM_END_RESP_START
241 1 1550645908 LICK
241 1 1550646448 REWARD_START
241 1 1550876688 LICK
241 1 1551032304 LICK
241 1 1551173384 LICK
241 1 1551341012 LICK
241 1 1551745592 RESP_END
241 1 1550677008 REWARD_END
242 1 1553932668 STIM_START
242 1 1555031336 STIM_END_RESP_START
242 1 1556231364 RESP_END
243 1 1557864040 STIM_START
243 1 1558761684 LICK
243 1 1558914380 LICK
243 1 1558962724 STIM_END_RESP_START
243 1 1559069108 LICK
243 1 1559069644 REWARD_START
243 1 1559242612 LICK
243 1 1559391020 LICK
243 1 1559554068 LICK
243 1 1560162760 RESP_END
243 1 1559100204 REWARD_END
244 0 1562224828 STIM_START
244 0 1563323496 STIM_END_RESP_START
244 0 1563400980 LICK
244 0 1563401520 TIMEOUT_START
244 0 1563548964 LICK
244 0 1563549496 TIMEOUT_START
244 0 1563724812 LICK
244 0 1563725340 TIMEOUT_START
244 0 1563916524 LICK
244 0 1563917060 TIMEOUT_START
244 0 1564110924 LICK
244 0 1564111460 TIMEOUT_START
244 0 1564286752 LICK
244 0 1564287288 TIMEOUT_START
244 0 1564523544 RESP_END
244 0 1571287856 TIMEOUT_END
245 0 1573130972 STIM_START
245 0 1574229640 STIM_END_RESP_START
245 0 1575429664 RESP_END
246 0 1578018248 STIM_START
246 0 1579116916 STIM_END_RESP_START
246 0 1580316940 RESP_END
247 1 1582290204 STIM_START
247 1 1583388872 STIM_END_RESP_START
247 1 1584089028 LICK
247 1 1584089564 REWARD_START
247 1 1584272892 LICK
247 1 1584455468 LICK
247 1 1584588916 RESP_END
247 1 1584120128 REWARD_END
248 1 1586281468 STIM_START
248 1 1586980164 LICK
248 1 1587123396 LICK
248 1 1587292336 LICK
248 1 1587380132 STIM_END_RESP_START
248 1 1587480224 LICK
248 1 1587480760 REWARD_START
248 1 1587647164 LICK
248 1 1587803232 LICK
248 1 1587960928 LICK
248 1 1588580156 RESP_END
248 1 1587511320 REWARD_END
249 1 1590258788 STIM_START
249 1 1591357456 STIM_END_RESP_START
249 1 1592557476 RESP_END
250 0 1594581724 STIM_START
250 0 1595680392 STIM_END_RESP_START
250 0 1596880416 RESP_END
251 0 1598710872 STIM_START
251 0 1599809532 STIM_END_RESP_START
251 0 1601009560 RESP_END
252 1 1603697968 STIM_START
252 1 1604796636 STIM_END_RESP_START
252 1 1605996664 RESP_END
253 1 1607946952 STIM_START
253 1 1609045616 STIM_END_RESP_START
253 1 1610245640 RESP_END
254 1 1612081040 STIM_START
254 1 1613179704 STIM_END_RESP_START
254 1 1613575388 LICK
254 1 1613575920 REWARD_START
254 1 1613755220 LICK
254 1 1613902728 LICK
254 1 1614044176 LICK
254 1 1614180448 LICK
254 1 1614379728 RESP_END
254 1 1613606480 REWARD_END
255 0 1616460028 STIM_START
255 0 1617558692 STIM_END_RESP_START
255 0 1618758720 RESP_END
256 1 1620438196 STIM_START
256 1 1621536860 STIM_END_RESP_START
256 1 1622378180 LICK
256 1 1622378720 REWARD_START
256 1 1622550740 LICK
256 1 1622702964 LICK
256 1 1622736916 RESP_END
256 1 1622409284 REWARD_END
257 1 1625177620 STIM_START
257 1 1626276288 STIM_END_RESP_START
257 1 1627476312 RESP_END
258 0 1629505572 STIM_START
258 0 1630604232 STIM_END_RESP_START
258 0 1631804256 RESP_END
259 0 1633636704 STIM_START
259 0 1634735372 STIM_END_RESP_START
259 0 1635935396 RESP_END
260 0 1637744848 STIM_START
260 0 1638843516 STIM_END_RESP_START
260 0 1640043540 RESP_END
261 1 1642054700 STIM_START
261 1 1643086608 LICK
261 1 1643153392 STIM_END_RESP_START
261 1 1643257688 LICK
261 1 1643258224 REWARD_START
261 1 1643405784 LICK
261 1 1643559084 LICK
261 1 1643703584 LICK
261 1 1644353420 RESP_END
261 1 1643288784 REWARD_END
262 0 1646222844 STIM_START
262 0 1647321512 STIM_END_RESP_START
262 0 1648521536 RESP_END
263 1 1650375944 STIM_START
263 1 1651474612 STIM_END_RESP_START
263 1 1651741788 LICK
263 1 1651742320 REWARD_START
263 1 1651887912 LICK
263 1 1652038524 LICK
263 1 1652194440 LICK
263 1 1652674640 RESP_END
263 1 1651772880 REWARD_END
264 0 1654350280 STIM_START
264 0 1655448948 STIM_END_RESP_START
264 0 1656648972 RESP_END
265 0 1658617212 STIM_START
265 0 1659715880 STIM_END_RESP_START
265 0 1660915900 RESP_END
266 0 1662868212 STIM_START
266 0 1663966880 STIM_END_RESP_START
266 0 1665166908 RESP_END
267 1 1666937456 STIM_START
267 1 1668036124 STIM_END_RESP_START
267 1 1668101228 LICK
267 1 1668101756 REWARD_START
267 1 1668249388 LICK
267 1 1668400428 LICK
267 1 1668548132 LICK
267 1 1668700860 LICK
267 1 1669017156 LICK
267 1 1669236168 RESP_END
267 1 1668132316 REWARD_END
268 0 1670876748 STIM_START
268 0 1671975416 STIM_END_RESP_START
268 0 1673175444 RESP_END
269 0 1674884004 STIM_START
269 0 1675982668 STIM_END_RESP_START
269 0 1677182696 RESP_END
270 0 1678849400 STIM_START
270 0 1679948064 STIM_END_RESP_START
270 0 1681148088 RESP_END
271 1 1683038464 STIM_START
271 1 1684075876 LICK
271 1 1684137144 STIM_END_RESP_START
271 1 1684238880 LICK
271 1 1684239420 REWARD_START
271 1 1684370180 LICK
271 1 1684522648 LICK
271 1 1684680424 LICK
271 1 1685337168 RESP_END
271 1 1684269972 REWARD_END
272 1 1687076688 STIM_START
272 1 1688175352 STIM_END_RESP_START
272 1 1688448280 LICK
272 1 1688448808 REWARD_START
272 1 1688598360 LICK
272 1 1688743472 LICK
272 1 1688891640 LICK
272 1 1689375364 RESP_END
272 1 1688479364 REWARD_END
273 0 1691218788 STIM_START
273 0 1692317456 STIM_END_RESP_START
273 0 1693517476 RESP_END
274 1 1695372900 STIM_START
274 1 1696471564 STIM_END_RESP_START
274 1 1696858040 LICK
274 1 1696858576 REWARD_START
274 1 1697009196 LICK
274 1 1697162496 LICK
274 1 1697317376 LICK
274 1 1697671580 RESP_END
274 1 1696889136 REWARD_END
275 0 1699316284 STIM_START
275 0 1700414952 STIM_END_RESP_START
275 0 1700861196 LICK
275 0 1700861728 TIMEOUT_START
275 0 1701021520 LICK
275 0 1701022056 TIMEOUT_START
275 0 1701179620 LICK
275 0 1701180152 TIMEOUT_START
275 0 1701393348 LICK
275 0 1701393884 TIMEOUT_START
275 0 1701564088 LICK
275 0 1701564624 TIMEOUT_START
275 0 1701614996 RESP_END
275 0 1708565176 TIMEOUT_END
276 0 1710164496 STIM_START
276 0 1711263164 STIM_END_RESP_START
276 0 1712463188 RESP_END
277 1 1714170744 STIM_START
277 1 1715269412 STIM_END_RESP_START
277 1 1715792536 LICK
277 1 1715793076 REWARD_START
277 1 1715952544 LICK
277 1 1716100200 LICK
277 1 1716249884 LICK
277 1 1716469456 RESP_END
277 1 1715823636 REWARD_END
278 0 1718115060 STIM_START
278 0 1719213724 STIM_END_RESP_START
278 0 1720413752 RESP_END
279 0 1722205296 STIM_START
279 0 1723303960 STIM_END_RESP_START
279 0 1724503980 RESP_END
280 1 1726322384 STIM_START
280 1 1727421048 STIM_END_RESP_START
280 1 1728062916 LICK
280 1 1728063444 REWARD_START
280 1 1728241760 LICK
280 1 1728403096 LICK
280 1 1728543468 LICK
280 1 1728621080 RESP_END
280 1 1728094004 REWARD_END
281 1 1730742180 STIM_START
281 1 1731459496 LICK
281 1 1731630196 LICK
281 1 1731840860 STIM_END_RESP_START
281 1 1731970868 LICK
281 1 1731971404 REWARD_START
281 1 1732128972 LICK
281 1 1732280720 LICK
281 1 1732630280 LICK
281 1 1733040880 RESP_END
281 1 1732001964 REWARD_END
282 0 1735107044 STIM_START
282 0 1736205708 STIM_END_RESP_START
282 0 1737405732 RESP_END
283 1 1739362032 STIM_START
283 1 1740460700 STIM_END_RESP_START
283 1 1740499712 LICK
283 1 1740500252 REWARD_START
283 1 1740670572 LICK
283 1 1740827824 LICK
283 1 1740959012 LICK
283 1 1741660728 RESP_END
283 1 1740530812 REWARD_END
284 0 1743254492 STIM_START
284 0 1744353160 STIM_END_RESP_START
284 0 1744593992 LICK
284 0 1744594524 TIMEOUT_START
284 0 1744759264 LICK
284 0 1744759796 TIMEOUT_START
284 0 1744980944 LICK
284 0 1744981480 TIMEOUT_START
284 0 1745155488 LICK
284 0 1745156020 TIMEOUT_START
284 0 1745412760 LICK
284 0 1745413296 TIMEOUT_START
284 0 1745553208 RESP_END
284 0 1752413848 TIMEOUT_END
285 0 1754396360 STIM_START
285 0 1755495028 STIM_END_RESP_START
285 0 1756695052 RESP_END
286 0 1758706248 STIM_START
286 0 1759804916 STIM_END_RESP_START
286 0 1761004944 RESP_END
287 1 1763021164 STIM_START
287 1 1764119828 STIM_END_RESP_START
287 1 1764152572 LICK
287 1 1764153104 REWARD_START
287 1 1764314248 LICK
287 1 1764464580 LICK
287 1 1764629476 LICK
287 1 1765319872 RESP_END
287 1 1764183664 REWARD_END
288 0 1767245180 STIM_START
288 0 1768343844 STIM_END_RESP_START
288 0 1769015548 LICK
288 0 1769016080 TIMEOUT_START
288 0 1769543864 RESP_END
288 0 1776016636 TIMEOUT_END
289 1 1778034492 STIM_START
289 1 1779133156 STIM_END_RESP_START
289 1 1779502188 LICK
289 1 1779502720 REWARD_START
289 1 1779653572 LICK
289 1 1779810020 LICK
289 1 1779941736 LICK
289 1 1780235284 LICK
289 1 1780333192 RESP_END
289 1 1779533280 REWARD_END
290 1 1782017696 STIM_START
290 1 1783116364 STIM_END_RESP_START
290 1 1783371716 LICK
290 1 1783372252 REWARD_START
290 1 1783541700 LICK
290 1 1783693132 LICK
290 1 1783853836 LICK
290 1 1784316396 RESP_END
290 1 1783402812 REWARD_END
291 0 1786244752 STIM_START
291 0 1787343416 STIM_END_RESP_START
291 0 1788065844 LICK
291 0 1788066376 TIMEOUT_START
291 0 1788252936 LICK
291 0 1788253472 TIMEOUT_START
291 0 1788543448 RESP_END
291 0 1795254036 TIMEOUT_END
292 0 1796971108 STIM_START
292 0 1798069776 STIM_END_RESP_START
292 0 1798578784 LICK
292 0 1798579324 TIMEOUT_START
292 0 1798746576 LICK
292 0 1798747108 TIMEOUT_START
292 0 1798921876 LICK
292 0 1798922416 TIMEOUT_START
292 0 1799269820 RESP_END
292 0 1805922976 TIMEOUT_END
293 1 1807825332 STIM_START
293 1 1808924000 STIM_END_RESP_START
293 1 1810075012 LICK
293 1 1810075544 REWARD_START
293 1 1810124024 RESP_END
293 1 1810106104 REWARD_END
294 0 1812394912 STIM_START
294 0 1813493584 STIM_END_RESP_START
294 0 1814693608 RESP_END
295 0 1816764800 STIM_START
295 0 1817863468 STIM_END_RESP_START
295 0 1818128276 LICK
295 0 1818128816 TIMEOUT_START
295 0 1818268228 LICK
295 0 1818268768 TIMEOUT_START
295 0 1818427768 LICK
295 0 1818428300 TIMEOUT_START
295 0 1818627880 LICK
295 0 1818628416 TIMEOUT_START
295 0 1818833680 LICK
295 0 1818834220 TIMEOUT_START
295 0 1819003656 LICK
295 0 1819004196 TIMEOUT_START
295 0 1819063488 RESP_END
295 0 1826004752 TIMEOUT_END
296 1 1827829700 STIM_START
296 1 1828864736 LICK
296 1 1828928352 STIM_END_RESP_START
296 1 1829031448 LICK
296 1 1829031988 REWARD_START
296 1 1829200604 LICK
296 1 1829349356 LICK
296 1 1829502616 LICK
296 1 1830128372 RESP_END
296 1 1829062540 REWARD_END
297 1 1832175568 STIM_START
297 1 1833274240 STIM_END_RESP_START
297 1 1833492660 LICK
297 1 1833493192 REWARD_START
297 1 1833641360 LICK
297 1 1833806076 LICK
297 1 1833981284 LICK
297 1 1834474268 RESP_END
297 1 1833523752 REWARD_END
298 0 1836557512 STIM_START
298 0 1837656180 STIM_END_RESP_START
298 0 1838437688 LICK
298 0 1838438220 TIMEOUT_START
298 0 1838620472 LICK
298 0 1838621012 TIMEOUT_START
298 0 1838856216 RESP_END
298 0 1845621564 TIMEOUT_END
299 0 1847420604 STIM_START
299 0 1848519272 STIM_END_RESP_START
299 0 1849719296 RESP_END
300 1 1851371016 STIM_START
300 1 1852469684 STIM_END_RESP_START
300 1 1852655928 LICK
300 1 1852656460 REWARD_START
300 1 1852818152 LICK
300 1 1852980848 LICK
300 1 1853144764 LICK
300 1 1853669720 RESP_END
300 1 1852687020 REWARD_END
301 0 1855450120 STIM_START
301 0 1856548784 STIM_END_RESP_START
301 0 1857748804 RESP_END
302 0 1859767084 STIM_START
302 0 1859813636 LICK
302 0 1859984504 LICK
302 0 1860185264 LICK
302 0 1860364268 LICK
302 0 1860561420 LICK
302 0 1860780124 LICK
302 0 1860865744 STIM_END_RESP_START
302 0 1862065768 RESP_END
303 0 1864037992 STIM_START
303 0 1865136660 STIM_END_RESP_START
303 0 1866336684 RESP_END
304 1 1868229072 STIM_START
304 1 1869226232 LICK
304 1 1869327724 STIM_END_RESP_START
304 1 1869414676 LICK
304 1 1869415204 REWARD_START
304 1 1869580464 LICK
304 1 1869756484 LICK
304 1 1869895404 LICK
304 1 1870527756 RESP_END
304 1 1869445764 REWARD_END
305 0 1872525044 STIM_START
305 0 1873623712 STIM_END_RESP_START
305 0 1874823736 RESP_END
306 0 1876756020 STIM_START
306 0 1877854688 STIM_END_RESP_START
306 0 1878739060 LICK
306 0 1878739592 TIMEOUT_START
306 0 1878921792 LICK
306 0 1878922332 TIMEOUT_START
306 0 1879054736 RESP_END
306 0 1885922892 TIMEOUT_END
307 1 1887606248 STIM_START
307 1 1888704916 STIM_END_RESP_START
307 1 1888793288 LICK
307 1 1888793828 REWARD_START
307 1 1888958712 LICK
307 1 1889121340 LICK
307 1 1889281196 LICK
307 1 1889904944 RESP_END
307 1 1888824384 REWARD_END
308 0 1891514660 STIM_START
308 0 1892613328 STIM_END_RESP_START
308 0 1893813356 RESP_END
309 0 1895410008 STIM_START
309 0 1896275860 LICK
309 0 1896435860 LICK
309 0 1896508676 STIM_END_RESP_START
309 0 1896579224 LICK
309 0 1896579756 TIMEOUT_START
309 0 1896764824 LICK
309 0 1896765356 TIMEOUT_START
309 0 1897708696 RESP_END
309 0 1903765924 TIMEOUT_END
310 0 1905739816 STIM_START
310 0 1906838476 STIM_END_RESP_START
310 0 1908038504 RESP_END
311 1 1910106692 STIM_START
311 1 1911205360 STIM_END_RESP_START
311 1 1911320916 LICK
311 1 1911321452 REWARD_START
311 1 1911475600 LICK
311 1 1911616068 LICK
311 1 1911769568 LICK
311 1 1912405372 RESP_END
311 1 1911352012 REWARD_END
312 1 1914207916 STIM_START
312 1 1915306584 STIM_END_RESP_START
312 1 1916506608 RESP_END
313 1 1918177224 STIM_START
313 1 1919275892 STIM_END_RESP_START
313 1 1920475920 RESP_END
314 0 1922431148 STIM_START
314 0 1923529816 STIM_END_RESP_START
314 0 1924729832 RESP_END
315 1 1926459476 STIM_START
315 1 1927558136 STIM_END_RESP_START
315 1 1927896644 LICK
315 1 1927897184 REWARD_START
315 1 1928039360 LICK
315 1 1928208296 LICK
315 1 1928758156 RESP_END
315 1 1927927740 REWARD_END
316 0 1930508680 STIM_START
316 0 1931607348 STIM_END_RESP_START
316 0 1932807372 RESP_END
317 1 1934648816 STIM_START
317 1 1935667568 LICK
317 1 1935747480 STIM_END_RESP_START
317 1 1935822452 LICK
317 1 1935822992 REWARD_START
317 1 1935999036 LICK
317 1 1936155676 LICK
317 1 1936306148 LICK
317 1 1936947504 RESP_END
317 1 1935853548 REWARD_END
318 0 1938714016 STIM_START
318 0 1939812680 STIM_END_RESP_START
318 0 1940014544 LICK
318 0 1940015076 TIMEOUT_START
318 0 1940175788 LICK
318 0 1940176324 TIMEOUT_START
318 0 1940369676 LICK
318 0 1940370208 TIMEOUT_START
318 0 1940559548 LICK
318 0 1940560088 TIMEOUT_START
318 0 1941012712 RESP_END
318 0 1947560644 TIMEOUT_END
319 0 1949293480 STIM_START
319 0 1950392148 STIM_END_RESP_START
319 0 1951592172 RESP_END
320 0 1953409624 STIM_START
320 0 1954508292 STIM_END_RESP_START
320 0 1955708316 RESP_END
321 1 1957679588 STIM_START
321 1 1958778260 STIM_END_RESP_START
321 1 1958839756 LICK
321 1 1958840292 REWARD_START
321 1 1959013096 LICK
321 1 1959164792 LICK
321 1 1959330224 LICK
321 1 1959978284 RESP_END
321 1 1958870852 REWARD_END
322 1 1961945592 STIM_START
322 1 1962386056 LICK
322 1 1962545348 LICK
322 1 1962720116 LICK
322 1 1962882488 LICK
322 1 1963044260 STIM_END_RESP_START
322 1 1963048460 LICK
322 1 1963049000 REWARD_START
322 1 1963227076 LICK
322 1 1963390496 LICK
322 1 1963758572 LICK
322 1 1964244272 RESP_END
322 1 1963079556 REWARD_END
323 0 1966268488 STIM_START
323 0 1967237784 LICK
323 0 1967367156 STIM_END_RESP_START
323 0 1967400652 LICK
323 0 1967401188 TIMEOUT_START
323 0 1967568100 LICK
323 0 1967568628 TIMEOUT_START
323 0 1967755128 LICK
323 0 1967755668 TIMEOUT_START
323 0 1967922860 LICK
323 0 1967923400 TIMEOUT_START
323 0 1968102484 LICK
323 0 1968103016 TIMEOUT_START
323 0 1968567192 RESP_END
323 0 1975103584 TIMEOUT_END
324 0 1976896956 STIM_START
324 0 1977995620 STIM_END_RESP_START
324 0 1978603396 LICK
324 0 1978603936 TIMEOUT_START
324 0 1978798184 LICK
324 0 1978798716 TIMEOUT_START
324 0 1978987584 LICK
324 0 1978988116 TIMEOUT_START
324 0 1979195656 RESP_END
324 0 1985988688 TIMEOUT_END
325 1 1987852016 STIM_START
325 1 1988950684 STIM_END_RESP_START
325 1 1989311900 LICK
325 1 1989312436 REWARD_START
325 1 1989475952 LICK
325 1 1989640328 LICK
325 1 1989768668 LICK
325 1 1990084964 LICK
325 1 1990150720 RESP_END
325 1 1989342996 REWARD_END
326 1 1991992124 STIM_START
326 1 1992909664 LICK
326 1 1993090804 STIM_END_RESP_START
326 1 1993161724 LICK
326 1 1993162264 REWARD_START
326 1 1993307116 LICK
326 1 1993465420 LICK
326 1 1993621220 LICK
326 1 1994290820 RESP_END
326 1 1993192824 REWARD_END
327 1 1996202204 STIM_START
327 1 1997251820 LICK
327 1 1997300856 STIM_END_RESP_START
327 1 1997407740 LICK
327 1 1997408280 REWARD_START
327 1 1997604312 LICK
327 1 1997901500 LICK
327 1 1998500904 RESP_END
327 1 1997438836 REWARD_END
328 0 2000480116 STIM_START
328 0 2001578784 STIM_END_RESP_START
328 0 2002778808 RESP_END
329 1 2004783056 STIM_START
329 1 2005881724 STIM_END_RESP_START
329 1 2005935196 LICK
329 1 2005935732 REWARD_START
329 1 2006142608 LICK
329 1 2006403124 LICK
329 1 2006558020 LICK
329 1 2007081756 RESP_END
329 1 2005966292 REWARD_END
330 0 2009019112 STIM_START
330 0 2010117780 STIM_END_RESP_START
330 0 2011317804 RESP_END
331 1 2013131228 STIM_START
331 1 2014229896 STIM_END_RESP_START
331 1 2014516144 LICK
331 1 2014516680 REWARD_START
331 1 2014655548 LICK
331 1 2014805464 LICK
331 1 2014949816 LICK
331 1 2015429936 RESP_END
331 1 2014547240 REWARD_END
332 1 2017271372 STIM_START
332 1 2018283820 LICK
332 1 2018370024 STIM_END_RESP_START
332 1 2018472592 LICK
332 1 2018473132 REWARD_START
332 1 2018642964 LICK
332 1 2018811620 LICK
332 1 2019570044 RESP_END
332 1 2018503692 REWARD_END
333 0 2021439452 STIM_START
333 0 2022538120 STIM_END_RESP_START
333 0 2023738144 RESP_END
334 1 2025635480 STIM_START
334 1 2026734148 STIM_END_RESP_START
334 1 2026985528 LICK
334 1 2026986060 REWARD_START
334 1 2027135536 LICK
334 1 2027281348 LICK
334 1 2027934188 RESP_END
334 1 2027016624 REWARD_END
335 1 2029979356 STIM_START
335 1 2030885504 LICK
335 1 2031026712 LICK
335 1 2031078024 STIM_END_RESP_START
335 1 2031176732 LICK
335 1 2031177268 REWARD_START
335 1 2031328076 LICK
335 1 2031486424 LICK
335 1 2031652580 LICK
335 1 2032278072 RESP_END
335 1 2031207832 REWARD_END
336 0 2034284260 STIM_START
336 0 2035304784 LICK
336 0 2035382924 STIM_END_RESP_START
336 0 2035478624 LICK
336 0 2035479156 TIMEOUT_START
336 0 2035699584 LICK
336 0 2035700124 TIMEOUT_START
336 0 2036582940 RESP_END
336 0 2042700680 TIMEOUT_END
337 1 2044739940 STIM_START
337 1 2045287924 LICK
337 1 2045593432 LICK
337 1 2045760156 LICK
337 1 2045838624 STIM_END_RESP_START
337 1 2045952380 LICK
337 1 2045952912 REWARD_START
337 1 2047038656 RESP_END
337 1 2045983472 REWARD_END
338 0 2048890016 STIM_START
338 0 2049988680 STIM_END_RESP_START
338 0 2051188696 RESP_END
339 0 2052798404 STIM_START
339 0 2053897072 STIM_END_RESP_START
339 0 2055097096 RESP_END
340 0 2057149292 STIM_START
340 0 2058247956 STIM_END_RESP_START
340 0 2059079884 LICK
340 0 2059080416 TIMEOUT_START
340 0 2059256800 LICK
340 0 2059257340 TIMEOUT_START
340 0 2059448000 RESP_END
340 0 2066257900 TIMEOUT_END
341 1 2068278188 STIM_START
341 1 2069376856 STIM_END_RESP_START
341 1 2069685928 LICK
341 1 2069686468 REWARD_START
341 1 2069875428 LICK
341 1 2070022500 LICK
341 1 2070169960 LICK
341 1 2070576884 RESP_END
341 1 2069717024 REWARD_END
342 1 2072461268 STIM_START
342 1 2073559936 STIM_END_RESP_START
342 1 2074759964 RESP_END
343 0 2076725216 STIM_START
343 0 2077823880 STIM_END_RESP_START
343 0 2079023908 RESP_END
344 0 2081000168 STIM_START
344 0 2082098832 STIM_END_RESP_START
344 0 2083298856 RESP_END
345 1 2085256144 STIM_START
345 1 2086354812 STIM_END_RESP_START
345 1 2087086956 LICK
345 1 2087087496 REWARD_START
345 1 2087240876 LICK
345 1 2087421284 LICK
345 1 2087554836 RESP_END
345 1 2087118056 REWARD_END
346 1 2090231308 STIM_START
346 1 2091133116 LICK
346 1 2091282944 LICK
346 1 2091329980 STIM_END_RESP_START
346 1 2091424328 LICK
346 1 2091424864 REWARD_START
346 1 2091573868 LICK
346 1 2091732896 LICK
346 1 2091896244 LICK
346 1 2092031072 LICK
346 1 2092530008 RESP_END
346 1 2091455420 REWARD_END
347 0 2094396420 STIM_START
347 0 2095495092 STIM_END_RESP_START
347 0 2096695120 RESP_END
348 1 2098405636 STIM_START
348 1 2099216224 LICK
348 1 2099359592 LICK
348 1 2099504292 STIM_END_RESP_START
348 1 2099517768 LICK
348 1 2099518300 REWARD_START
348 1 2099670692 LICK
348 1 2099825484 LICK
348 1 2100704328 RESP_END
348 1 2099548856 REWARD_END
349 0 2102469840 STIM_START
349 0 2103568504 STIM_END_RESP_START
349 0 2104768528 RESP_END
350 1 2106553024 STIM_START
350 1 2107600648 LICK
350 1 2107651676 STIM_END_RESP_START
350 1 2107790276 LICK
350 1 2107790816 REWARD_START
350 1 2108063604 LICK
350 1 2108223880 LICK
350 1 2108374944 LICK
350 1 2108851692 RESP_END
350 1 2107821376 REWARD_END
351 1 2110910908 STIM_START
351 1 2112009576 STIM_END_RESP_START
351 1 2113209596 RESP_END
352 0 2115263804 STIM_START
352 0 2116362472 STIM_END_RESP_START
352 0 2117562496 RESP_END
353 1 2119633600 STIM_START
353 1 2120697340 LICK
353 1 2120732272 STIM_END_RESP_START
353 1 2120860780 LICK
353 1 2120861312 REWARD_START
353 1 2121026236 LICK
353 1 2121183784 LICK
353 1 2121337348 LICK
353 1 2121932300 RESP_END
353 1 2120891872 REWARD_END
354 0 2123974492 STIM_START
354 0 2125073156 STIM_END_RESP_START
354 0 2126273180 RESP_END
355 1 2128106616 STIM_START
355 1 2129205284 STIM_END_RESP_START
355 1 2129986376 LICK
355 1 2129986912 REWARD_START
355 1 2130153072 LICK
355 1 2130305240 LICK
355 1 2130405296 RESP_END
355 1 2130017468 REWARD_END
356 1 2132507428 STIM_START
356 1 2133606096 STIM_END_RESP_START
356 1 2134806120 RESP_END
357 1 2136524744 STIM_START
357 1 2137623412 STIM_END_RESP_START
357 1 2137853912 LICK
357 1 2137854452 REWARD_START
357 1 2138002648 LICK
357 1 2138147404 LICK
357 1 2138306732 LICK
357 1 2138823452 RESP_END
357 1 2137885012 REWARD_END
358 0 2140484040 STIM_START
358 0 2141582704 STIM_END_RESP_START
358 0 2142782732 RESP_END
359 0 2144396448 STIM_START
359 0 2145495116 STIM_END_RESP_START
359 0 2146695132 RESP_END
360 0 2148707372 STIM_START
360 0 2149806032 STIM_END_RESP_START
360 0 2150649560 LICK
360 0 2150650096 TIMEOUT_START
360 0 2150843216 LICK
360 0 2150843752 TIMEOUT_START
360 0 2150992044 LICK
360 0 2150992576 TIMEOUT_START
360 0 2151006056 RESP_END
360 0 2157993132 TIMEOUT_END
361 1 2159616464 STIM_START
361 1 2160663660 LICK
361 1 2160715148 STIM_END_RESP_START
361 1 2160822856 LICK
361 1 2160823396 REWARD_START
361 1 2160978960 LICK
361 1 2161137452 LICK
361 1 2161292648 LICK
361 1 2161915184 RESP_END
361 1 2160853948 REWARD_END
362 1 2163841448 STIM_START
362 1 2164940112 STIM_END_RESP_START
362 1 2166140136 RESP_END
363 0 2168210364 STIM_START
363 0 2169309032 STIM_END_RESP_START
363 0 2170509056 RESP_END
364 1 2172162696 STIM_START
364 1 2173261360 STIM_END_RESP_START
364 1 2173668528 LICK
364 1 2173669060 REWARD_START
364 1 2173815944 LICK
364 1 2173964076 LICK
364 1 2174105736 LICK
364 1 2174280492 LICK
364 1 2174461380 RESP_END
364 1 2173699620 REWARD_END
365 1 2176064116 STIM_START
365 1 2177162776 STIM_END_RESP_START
365 1 2177340240 LICK
365 1 2177340780 REWARD_START
365 1 2177487964 LICK
365 1 2177633448 LICK
365 1 2177789180 LICK
365 1 2178362824 RESP_END
365 1 2177371340 REWARD_END
366 1 2180045388 STIM_START
366 1 2181144052 STIM_END_RESP_START
366 1 2182344076 RESP_END
367 0 2184373272 STIM_START
367 0 2185471932 STIM_END_RESP_START
367 0 2186671960 RESP_END
368 1 2188303672 STIM_START
368 1 2189402340 STIM_END_RESP_START
368 1 2189600440 LICK
368 1 2189600980 REWARD_START
368 1 2189746756 LICK
368 1 2189903776 LICK
368 1 2190057452 LICK
368 1 2190602388 RESP_END
368 1 2189631536 REWARD_END
369 0 2192593600 STIM_START
369 0 2193692264 STIM_END_RESP_START
369 0 2193816756 LICK
369 0 2193817292 TIMEOUT_START
369 0 2193978952 LICK
369 0 2193979488 TIMEOUT_START
369 0 2194159080 LICK
369 0 2194159612 TIMEOUT_START
369 0 2194892296 RESP_END
369 0 2201160176 TIMEOUT_END
370 0 2203121208 STIM_START
370 0 2204219872 STIM_END_RESP_START
370 0 2205419896 RESP_END
371 1 2207215384 STIM_START
371 1 2208314052 STIM_END_RESP_START
371 1 2209514076 RESP_END
372 0 2211244616 STIM_START
372 0 2212343284 STIM_END_RESP_START
372 0 2213543312 RESP_END
373 0 2215154004 STIM_START
373 0 2216252672 STIM_END_RESP_START
373 0 2217452696 RESP_END
374 1 2219105332 STIM_START
374 1 2219903188 LICK
374 1 2220077032 LICK
374 1 2220204008 STIM_END_RESP_START
374 1 2220291000 LICK
374 1 2220291536 REWARD_START
374 1 2220476436 LICK
374 1 2220632280 LICK
374 1 2220776244 LICK
374 1 2221404044 RESP_END
374 1 2220322096 REWARD_END
375 0 2223253420 STIM_START
375 0 2224352088 STIM_END_RESP_START
375 0 2225552112 RESP_END
376 0 2227569344 STIM_START
376 0 2228668008 STIM_END_RESP_START
376 0 2229868032 RESP_END
377 1 2231522704 STIM_START
377 1 2232621380 STIM_END_RESP_START
377 1 2232681492 LICK
377 1 2232682028 REWARD_START
377 1 2232830996 LICK
377 1 2232981364 LICK
377 1 2233127356 LICK
377 1 2233821408 RESP_END
377 1 2232712588 REWARD_END
378 0 2235450028 STIM_START
378 0 2236548696 STIM_END_RESP_START
378 0 2237748720 RESP_END
379 0 2239796964 STIM_START
379 0 2240895628 STIM_END_RESP_START
379 0 2242095656 RESP_END
380 1 2243847172 STIM_START
380 1 2244945836 STIM_END_RESP_START
380 1 2245289408 LICK
380 1 2245289940 REWARD_START
380 1 2245427864 LICK
380 1 2245565504 LICK
380 1 2245701652 LICK
380 1 2246025880 LICK
380 1 2246145856 RESP_END
380 1 2245320500 REWARD_END
381 1 2247925348 STIM_START
381 1 2249024012 STIM_END_RESP_START
381 1 2249194528 LICK
381 1 2249195064 REWARD_START
381 1 2249394272 LICK
381 1 2249543584 LICK
381 1 2249707384 LICK
381 1 2250224036 RESP_END
381 1 2249225628 REWARD_END
382 1 2252289180 STIM_START
382 1 2253387848 STIM_END_RESP_START
382 1 2254587868 RESP_END
383 0 2256559128 STIM_START
383 0 2257657788 STIM_END_RESP_START
383 0 2258857812 RESP_END
384 0 2260546428 STIM_START
384 0 2261645096 STIM_END_RESP_START
384 0 2262845120 RESP_END
385 1 2264935300 STIM_START
385 1 2266033968 STIM_END_RESP_START
385 1 2266102372 LICK
385 1 2266102912 REWARD_START
385 1 2266245416 LICK
385 1 2266386340 LICK
385 1 2267233992 RESP_END
385 1 2266133468 REWARD_END
386 1 2269124340 STIM_START
386 1 2270223008 STIM_END_RESP_START
386 1 2270623832 LICK
386 1 2270624368 REWARD_START
386 1 2270756292 LICK
386 1 2270894828 LICK
386 1 2271043264 LICK
386 1 2271423032 RESP_END
386 1 2270654924 REWARD_END
387 0 2273026712 STIM_START
387 0 2274125380 STIM_END_RESP_START
387 0 2275325404 RESP_END
388 1 2277279700 STIM_START
388 1 2278378368 STIM_END_RESP_START
388 1 2278545320 LICK
388 1 2278545860 REWARD_START
388 1 2278682760 LICK
388 1 2278829228 LICK
388 1 2278983620 LICK
388 1 2279578396 RESP_END
388 1 2278576420 REWARD_END
389 1 2281503768 STIM_START
389 1 2282602424 STIM_END_RESP_START
389 1 2283736436 LICK
389 1 2283736972 REWARD_START
389 1 2283802444 RESP_END
389 1 2283767532 REWARD_END
390 0 2286390972 STIM_START
390 0 2287489640 STIM_END_RESP_START
390 0 2288689664 RESP_END
391 0 2290642992 STIM_START
391 0 2291741656 STIM_END_RESP_START
391 0 2292061936 LICK
391 0 2292062476 TIMEOUT_START
391 0 2292941672 RESP_END
391 0 2299063040 TIMEOUT_END
392 0 2300812956 STIM_START
392 0 2301911624 STIM_END_RESP_START
392 0 2303111652 RESP_END
393 1 2304809280 STIM_START
393 1 2305825952 LICK
393 1 2305907940 STIM_END_RESP_START
393 1 2305985388 LICK
393 1 2305985928 REWARD_START
393 1 2306134992 LICK
393 1 2306292948 LICK
393 1 2306456704 LICK
393 1 2307107988 RESP_END
393 1 2306016488 REWARD_END
394 1 2308874480 STIM_START
394 1 2309973148 STIM_END_RESP_START
394 1 2311173172 RESP_END
395 1 2313213312 STIM_START
395 1 2314311968 STIM_END_RESP_START
395 1 2314312948 LICK
395 1 2314313488 REWARD_START
395 1 2314447408 LICK
395 1 2314592424 LICK
395 1 2314747500 LICK
395 1 2315511996 RESP_END
395 1 2314344052 REWARD_END
396 0 2317455320 STIM_START
396 0 2318553988 STIM_END_RESP_START
396 0 2318915808 LICK
396 0 2318916340 TIMEOUT_START
396 0 2319081932 LICK
396 0 2319082464 TIMEOUT_START
396 0 2319261324 LICK
396 0 2319261864 TIMEOUT_START
396 0 2319429840 LICK
396 0 2319430372 TIMEOUT_START
396 0 2319754020 RESP_END
396 0 2326430940 TIMEOUT_END
397 1 2328306564 STIM_START
397 1 2329182396 LICK
397 1 2329330352 LICK
397 1 2329405224 STIM_END_RESP_START
397 1 2329487712 LICK
397 1 2329488248 REWARD_START
397 1 2329655508 LICK
397 1 2329827004 LICK
397 1 2330001800 LICK
397 1 2330605264 RESP_END
397 1 2329518808 REWARD_END
398 0 2332640440 STIM_START
398 0 2333739108 STIM_END_RESP_START
398 0 2334939128 RESP_END
399 1 2336690692 STIM_START
399 1 2337789360 STIM_END_RESP_START
399 1 2338397960 LICK
399 1 2338398504 REWARD_START
399 1 2338556528 LICK
399 1 2338717480 LICK
399 1 2338862516 LICK
399 1 2338989392 RESP_END
399 1 2338429064 REWARD_END
400 0 2340578072 STIM_START
400 0 2341676740 STIM_END_RESP_START
400 0 2342876768 RESP_END
401 0 2344549380 STIM_START
401 0 2345648044 STIM_END_RESP_START
401 0 2346848068 RESP_END
402 0 2348585576 STIM_START
402 0 2349684248 STIM_END_RESP_START
402 0 2350884272 RESP_END
403 1 2352599908 STIM_START
403 1 2353698580 STIM_END_RESP_START
403 1 2354037988 LICK
403 1 2354038524 REWARD_START
403 1 2354171852 LICK
403 1 2354320100 LICK
403 1 2354458948 LICK
403 1 2354630560 LICK
403 1 2354898604 RESP_END
403 1 2354069084 REWARD_END
404 1 2356924804 STIM_START
404 1 2358023472 STIM_END_RESP_START
404 1 2359223496 RESP_END
405 1 2360879144 STIM_START
405 1 2361977804 STIM_END_RESP_START
405 1 2362053796 LICK
405 1 2362054332 REWARD_START
405 1 2362201820 LICK
405 1 2362357944 LICK
405 1 2362513956 LICK
405 1 2362670208 LICK
405 1 2363177832 RESP_END
405 1 2362084892 REWARD_END
406 0 2364982308 STIM_START
406 0 2366080968 STIM_END_RESP_START
406 0 2367280992 RESP_END
407 0 2369232272 STIM_START
407 0 2370330940 STIM_END_RESP_START
407 0 2371530964 RESP_END
408 0 2373479236 STIM_START
408 0 2374577904 STIM_END_RESP_START
408 0 2375777928 RESP_END
409 1 2377651296 STIM_START
409 1 2378749960 STIM_END_RESP_START
409 1 2378772156 LICK
409 1 2378772696 REWARD_START
409 1 2378885632 LICK
409 1 2379163060 LICK
409 1 2379315072 LICK
409 1 2379515164 LICK
409 1 2379950000 RESP_END
409 1 2378803256 REWARD_END
410 0 2381873332 STIM_START
410 0 2382972000 STIM_END_RESP_START
410 0 2384172016 RESP_END
411 0 2386058388 STIM_START
411 0 2387157052 STIM_END_RESP_START
411 0 2388357072 RESP_END
412 1 2390350320 STIM_START
412 1 2391448988 STIM_END_RESP_START
412 1 2391600768 LICK
412 1 2391601312 REWARD_START
412 1 2391735280 LICK
412 1 2392006408 LICK
412 1 2392159864 LICK
412 1 2392649008 RESP_END
412 1 2391631864 REWARD_END
413 0 2394535464 STIM_START
413 0 2395634132 STIM_END_RESP_START
413 0 2396834156 RESP_END
414 1 2398907288 STIM_START
414 1 2399970760 LICK
414 1 2400005972 STIM_END_RESP_START
414 1 2400116392 LICK
414 1 2400116932 REWARD_START
414 1 2400286020 LICK
414 1 2400443068 LICK
414 1 2400607928 LICK
414 1 2401206004 RESP_END
414 1 2400147492 REWARD_END
415 1 2402885604 STIM_START
415 1 2403984268 STIM_END_RESP_START
415 1 2404705384 LICK
415 1 2404705920 REWARD_START
415 1 2404853400 LICK
415 1 2405014464 LICK
415 1 2405171368 LICK
415 1 2405184304 RESP_END
415 1 2404736480 REWARD_END
416 0 2406781988 STIM_START
416 0 2407880652 STIM_END_RESP_START
416 0 2409080676 RESP_END
417 0 2410851224 STIM_START
417 0 2411949880 STIM_END_RESP_START
417 0 2412018064 LICK
417 0 2412018596 TIMEOUT_START
417 0 2412190132 LICK
417 0 2412190664 TIMEOUT_START
417 0 2412383024 LICK
417 0 2412383564 TIMEOUT_START
417 0 2412594380 LICK
417 0 2412594912 TIMEOUT_START
417 0 2413149908 RESP_END
417 0 2419595472 TIMEOUT_END
418 0 2421301828 STIM_START
418 0 2422400496 STIM_END_RESP_START
418 0 2422645560 LICK
418 0 2422646100 TIMEOUT_START
418 0 2422798992 LICK
418 0 2422799532 TIMEOUT_START
418 0 2422982296 LICK
418 0 2422982840 TIMEOUT_START
418 0 2423600528 RESP_END
418 0 2429983400 TIMEOUT_END
419 1 2431854440 STIM_START
419 1 2432953108 STIM_END_RESP_START
419 1 2433115064 LICK
419 1 2433115600 REWARD_START
419 1 2433267584 LICK
419 1 2433421748 LICK
419 1 2433567540 LICK
419 1 2434153132 RESP_END
419 1 2433146160 REWARD_END
420 0 2436239236 STIM_START
420 0 2437337904 STIM_END_RESP_START
420 0 2438363276 LICK
420 0 2438363808 TIMEOUT_START
420 0 2438513924 LICK
420 0 2438514456 TIMEOUT_START
420 0 2438537932 RESP_END
420 0 2445515012 TIMEOUT_END
421 1 2447455972 STIM_START
421 1 2448554644 STIM_END_RESP_START
421 1 2448907416 LICK
421 1 2448907952 REWARD_START
421 1 2449050728 LICK
421 1 2449198592 LICK
421 1 2449363756 LICK
421 1 2449754680 RESP_END
421 1 2448938512 REWARD_END
422 1 2451357416 STIM_START
422 1 2452456084 STIM_END_RESP_START
422 1 2452611364 LICK
422 1 2452611896 REWARD_START
422 1 2452774024 LICK
422 1 2452930996 LICK
422 1 2453095404 LICK
422 1 2453656120 RESP_END
422 1 2452642456 REWARD_END
423 1 2455716256 STIM_START
423 1 2456814940 STIM_END_RESP_START
423 1 2456828128 LICK
423 1 2456828664 REWARD_START
423 1 2456993392 LICK
423 1 2457154992 LICK
423 1 2457323768 LICK
423 1 2458014988 RESP_END
423 1 2456859228 REWARD_END
424 0 2459638660 STIM_START
424 0 2460737328 STIM_END_RESP_START
424 0 2461937352 RESP_END
425 0 2463986532 STIM_START
425 0 2465085204 STIM_END_RESP_START
425 0 2466285228 RESP_END
426 1 2468071668 STIM_START
426 1 2469170340 STIM_END_RESP_START
426 1 2469296408 LICK
426 1 2469296940 REWARD_START
426 1 2469456528 LICK
426 1 2469614388 LICK
426 1 2469765292 LICK
426 1 2470370384 RESP_END
426 1 2469327500 REWARD_END
427 0 2472358628 STIM_START
427 0 2473457296 STIM_END_RESP_START
427 0 2474657320 RESP_END
428 1 2476487752 STIM_START
428 1 2477496224 LICK
428 1 2477586420 STIM_END_RESP_START
428 1 2477645940 LICK
428 1 2477646472 REWARD_START
428 1 2477826288 LICK
428 1 2477989528 LICK
428 1 2478169292 LICK
428 1 2478786444 RESP_END
428 1 2477677032 REWARD_END
429 0 2480703764 STIM_START
429 0 2481802432 STIM_END_RESP_START
429 0 2483002456 RESP_END
430 1 2484653160 STIM_START
430 1 2485751828 STIM_END_RESP_START
430 1 2485994796 LICK
430 1 2485995332 REWARD_START
430 1 2486132604 LICK
430 1 2486271788 LICK
430 1 2486421564 LICK
430 1 2486799188 LICK
430 1 2486951860 RESP_END
430 1 2486025892 REWARD_END
431 0 2488634468 STIM_START
431 0 2489733136 STIM_END_RESP_START
431 0 2490933156 RESP_END
432 0 2492928344 STIM_START
432 0 2494027008 STIM_END_RESP_START
432 0 2495227036 RESP_END
433 1 2496837788 STIM_START
433 1 2497926844 LICK
433 1 2497936468 STIM_END_RESP_START
433 1 2498074200 LICK
433 1 2498074740 REWARD_START
433 1 2498225700 LICK
433 1 2498389088 LICK
433 1 2499136508 RESP_END
433 1 2498105296 REWARD_END
434 1 2500980892 STIM_START
434 1 2501800528 LICK
434 1 2501950680 LICK
434 1 2502079572 STIM_END_RESP_START
434 1 2502116932 LICK
434 1 2502117472 REWARD_START
434 1 2502298452 LICK
434 1 2502457204 LICK
434 1 2503279608 RESP_END
434 1 2502148028 REWARD_END
435 0 2505043064 STIM_START
435 0 2506141732 STIM_END_RESP_START
435 0 2507341748 RESP_END
436 0 2508969488 STIM_START
436 0 2510068156 STIM_END_RESP_START
436 0 2511268184 RESP_END
437 0 2513200472 STIM_START
437 0 2514299140 STIM_END_RESP_START
437 0 2515499168 RESP_END
438 1 2517199728 STIM_START
438 1 2518227796 LICK
438 1 2518298404 STIM_END_RESP_START
438 1 2518375144 LICK
438 1 2518375684 REWARD_START
438 1 2518512544 LICK
438 1 2518664404 LICK
438 1 2518818756 LICK
438 1 2518977364 LICK
438 1 2519498448 RESP_END
438 1 2518406244 REWARD_END
439 0 2521343808 STIM_START
439 0 2522442480 STIM_END_RESP_START
439 0 2523642504 RESP_END
440 0 2525371124 STIM_START
440 0 2526469792 STIM_END_RESP_START
440 0 2527669820 RESP_END
441 0 2529602132 STIM_START
441 0 2530700800 STIM_END_RESP_START
441 0 2531129924 LICK
441 0 2531130464 TIMEOUT_START
441 0 2531295668 LICK
441 0 2531296204 TIMEOUT_START
441 0 2531494740 LICK
441 0 2531495276 TIMEOUT_START
441 0 2531675268 LICK
441 0 2531675804 TIMEOUT_START
441 0 2531900848 RESP_END
441 0 2538676368 TIMEOUT_END
442 1 2540632100 STIM_START
442 1 2541730760 STIM_END_RESP_START
442 1 2542107896 LICK
442 1 2542108432 REWARD_START
442 1 2542262936 LICK
442 1 2542412016 LICK
442 1 2542930792 RESP_END
442 1 2542138992 REWARD_END
443 0 2544710260 STIM_START
443 0 2545808928 STIM_END_RESP_START
443 0 2547008952 RESP_END
444 0 2548857356 STIM_START
444 0 2549956024 STIM_END_RESP_START
444 0 2551156052 RESP_END
445 0 2554705504 STIM_START
445 0 2555804172 STIM_END_RESP_START
445 0 2557004200 RESP_END
446 1 2559081316 STIM_START
446 1 2560179984 STIM_END_RESP_START
446 1 2560696124 LICK
446 1 2560696664 REWARD_START
446 1 2560866516 LICK
446 1 2561043696 LICK
446 1 2561192668 LICK
446 1 2561380012 RESP_END
446 1 2560727220 REWARD_END
447 0 2563166492 STIM_START
447 0 2564265160 STIM_END_RESP_START
447 0 2565465184 RESP_END
448 0 2567457464 STIM_START
448 0 2568556128 STIM_END_RESP_START
448 0 2569756152 RESP_END
449 0 2571808316 STIM_START
449 0 2572906984 STIM_END_RESP_START
449 0 2574107004 RESP_END
450 1 2575877512 STIM_START
450 1 2576976180 STIM_END_RESP_START
450 1 2578176204 RESP_END
451 1 2580204428 STIM_START
451 1 2581303092 STIM_END_RESP_START
451 1 2582230748 LICK
451 1 2582231284 REWARD_START
451 1 2582396072 LICK
451 1 2582503120 RESP_END
451 1 2582261844 REWARD_END
452 0 2584745044 STIM_START
452 0 2585843704 STIM_END_RESP_START
452 0 2587043728 RESP_END
453 1 2589115908 STIM_START
453 1 2590214576 STIM_END_RESP_START
453 1 2590800428 LICK
453 1 2590800968 REWARD_START
453 1 2590938052 LICK
453 1 2591085248 LICK
453 1 2591240552 LICK
453 1 2591414616 RESP_END
453 1 2590831520 REWARD_END
454 0 2593042296 STIM_START
454 0 2594140960 STIM_END_RESP_START
454 0 2595340988 RESP_END
455 1 2597349232 STIM_START
455 1 2598447900 STIM_END_RESP_START
455 1 2598559704 LICK
455 1 2598560244 REWARD_START
455 1 2598698160 LICK
455 1 2598853312 LICK
455 1 2599000276 LICK
455 1 2599647916 RESP_END
455 1 2598590804 REWARD_END
456 1 2601553280 STIM_START
456 1 2602357176 LICK
456 1 2602513808 LICK
456 1 2602651944 STIM_END_RESP_START
456 1 2602675568 LICK
456 1 2602676100 REWARD_START
456 1 2602850816 LICK
456 1 2603014048 LICK
456 1 2603170228 LICK
456 1 2603851968 RESP_END
456 1 2602706660 REWARD_END
457 1 2605592476 STIM_START
457 1 2606289700 LICK
457 1 2606447912 LICK
457 1 2606602532 LICK
457 1 2606691152 STIM_END_RESP_START
457 1 2606766584 LICK
457 1 2606767124 REWARD_START
457 1 2606921676 LICK
457 1 2607086380 LICK
457 1 2607263496 LICK
457 1 2607891188 RESP_END
457 1 2606797680 REWARD_END
458 0 2609882456 STIM_START
458 0 2610981124 STIM_END_RESP_START
458 0 2612181148 RESP_END
459 0 2613795860 STIM_START
459 0 2614894520 STIM_END_RESP_START
459 0 2616094544 RESP_END
460 0 2617784052 STIM_START
460 0 2618882720 STIM_END_RESP_START
460 0 2618943584 LICK
460 0 2618944120 TIMEOUT_START
460 0 2619103892 LICK
460 0 2619104432 TIMEOUT_START
460 0 2619279344 LICK
460 0 2619279884 TIMEOUT_START
460 0 2619473696 LICK
460 0 2619474236 TIMEOUT_START
460 0 2619656204 LICK
460 0 2619656740 TIMEOUT_START
460 0 2620082752 RESP_END
460 0 2626657316 TIMEOUT_END
461 1 2628611276 STIM_START
461 1 2629709940 STIM_END_RESP_START
461 1 2629779920 LICK
461 1 2629780452 REWARD_START
461 1 2629948168 LICK
461 1 2630104428 LICK
461 1 2630260752 LICK
461 1 2630909992 RESP_END
461 1 2629811012 REWARD_END
462 0 2632718484 STIM_START
462 0 2633817152 STIM_END_RESP_START
462 0 2633930040 LICK
462 0 2633930572 TIMEOUT_START
462 0 2634088412 LICK
462 0 2634088952 TIMEOUT_START
462 0 2634287436 LICK
462 0 2634287968 TIMEOUT_START
462 0 2634462108 LICK
462 0 2634462644 TIMEOUT_START
462 0 2634649620 LICK
462 0 2634650152 TIMEOUT_START
462 0 2635017192 RESP_END
462 0 2641650716 TIMEOUT_END
463 1 2643510756 STIM_START
463 1 2644609424 STIM_END_RESP_START
463 1 2645005096 LICK
463 1 2645005636 REWARD_START
463 1 2645164004 LICK
463 1 2645318936 LICK
463 1 2645809456 RESP_END
463 1 2645036196 REWARD_END
464 1 2647833672 STIM_START
464 1 2648932328 STIM_END_RESP_START
464 1 2650132352 RESP_END
465 0 2652203464 STIM_START
465 0 2653302132 STIM_END_RESP_START
465 0 2654502156 RESP_END
466 0 2656137872 STIM_START
466 0 2657236540 STIM_END_RESP_START
466 0 2658436564 RESP_END
467 0 2660168124 STIM_START
467 0 2661266792 STIM_END_RESP_START
467 0 2662466816 RESP_END
468 1 2664241300 STIM_START
468 1 2665339968 STIM_END_RESP_START
468 1 2665371848 LICK
468 1 2665372380 REWARD_START
468 1 2665519812 LICK
468 1 2665663700 LICK
468 1 2665803272 LICK
468 1 2666539992 RESP_END
468 1 2665402940 REWARD_END
469 1 2668582160 STIM_START
469 1 2669680828 STIM_END_RESP_START
469 1 2670880852 RESP_END
470 1 2672577460 STIM_START
470 1 2673676128 STIM_END_RESP_START
470 1 2674314048 LICK
470 1 2674314588 REWARD_START
470 1 2674458876 LICK
470 1 2674630220 LICK
470 1 2674759616 LICK
470 1 2674876148 RESP_END
470 1 2674345148 REWARD_END
471 0 2676518828 STIM_START
471 0 2677617492 STIM_END_RESP_START
471 0 2677793488 LICK
471 0 2677794028 TIMEOUT_START
471 0 2677939876 LICK
471 0 2677940416 TIMEOUT_START
471 0 2678143240 LICK
471 0 2678143772 TIMEOUT_START
471 0 2678817532 RESP_END
471 0 2685144344 TIMEOUT_END
472 1 2687085312 STIM_START
472 1 2688183976 STIM_END_RESP_START
472 1 2688213676 LICK
472 1 2688214212 REWARD_START
472 1 2688352396 LICK
472 1 2688502348 LICK
472 1 2688654432 LICK
472 1 2689383992 RESP_END
472 1 2688244772 REWARD_END
473 0 2691363312 STIM_START
473 0 2692461980 STIM_END_RESP_START
473 0 2693662004 RESP_END
474 1 2695659244 STIM_START
474 1 2696757912 STIM_END_RESP_START
474 1 2697169616 LICK
474 1 2697170156 REWARD_START
474 1 2697319256 LICK
474 1 2697506152 LICK
474 1 2697639764 LICK
474 1 2697957944 RESP_END
474 1 2697200716 REWARD_END
475 0 2700025048 STIM_START
475 0 2701123716 STIM_END_RESP_START
475 0 2702323740 RESP_END
476 0 2704331952 STIM_START
476 0 2705430620 STIM_END_RESP_START
476 0 2706630636 RESP_END
477 0 2708500088 STIM_START
477 0 2709598752 STIM_END_RESP_START
477 0 2710798776 RESP_END
478 1 2712831992 STIM_START
478 1 2713921140 LICK
478 1 2713930668 STIM_END_RESP_START
478 1 2714100780 LICK
478 1 2714101312 REWARD_START
478 1 2714273928 LICK
478 1 2714434464 LICK
478 1 2714596024 LICK
478 1 2715130688 RESP_END
478 1 2714131872 REWARD_END
479 0 2716882164 STIM_START
479 0 2717980828 STIM_END_RESP_START
479 0 2719180856 RESP_END
480 0 2721051280 STIM_START
480 0 2722149948 STIM_END_RESP_START
480 0 2723349972 RESP_END
481 1 2725278300 STIM_START
481 1 2726376968 STIM_END_RESP_START
481 1 2726808612 LICK
481 1 2726809140 REWARD_START
481 1 2726946304 LICK
481 1 2727105176 LICK
481 1 2727256464 LICK
481 1 2727576988 RESP_END
481 1 2726839700 REWARD_END
482 0 2729638140 STIM_START
482 0 2730736804 STIM_END_RESP_START
482 0 2731936828 RESP_END
483 1 2733615412 STIM_START
483 1 2734534720 LICK
483 1 2734687256 LICK
483 1 2734714072 STIM_END_RESP_START
483 1 2734860132 LICK
483 1 2734860672 REWARD_START
483 1 2735030824 LICK
483 1 2735195804 LICK
483 1 2735353532 LICK
483 1 2735914100 RESP_END
483 1 2734891232 REWARD_END
484 1 2737598780 STIM_START
484 1 2738424648 LICK
484 1 2738602212 LICK
484 1 2738697448 STIM_END_RESP_START
484 1 2739897472 RESP_END
485 0 2741714948 STIM_START
485 0 2742813608 STIM_END_RESP_START
485 0 2744013632 RESP_END
486 0 2745663256 STIM_START
486 0 2746761924 STIM_END_RESP_START
486 0 2747961948 RESP_END
487 1 2749950184 STIM_START
487 1 2751048852 STIM_END_RESP_START
487 1 2751466604 LICK
487 1 2751467140 REWARD_START
487 1 2751610332 LICK
487 1 2751765904 LICK
487 1 2752090580 LICK
487 1 2752248872 RESP_END
487 1 2751497700 REWARD_END
488 0 2754152212 STIM_START
488 0 2755250876 STIM_END_RESP_START
488 0 2756450900 RESP_END
489 0 2758423180 STIM_START
489 0 2759521848 STIM_END_RESP_START
489 0 2760721872 RESP_END
490 1 2762615220 STIM_START
490 1 2763696504 LICK
490 1 2763713888 STIM_END_RESP_START
490 1 2763841448 LICK
490 1 2763841988 REWARD_START
490 1 2763990416 LICK
490 1 2764153608 LICK
490 1 2764311912 LICK
490 1 2764913932 RESP_END
490 1 2763872548 REWARD_END
491 1 2766896204 STIM_START
491 1 2767994864 STIM_END_RESP_START
491 1 2769194892 RESP_END
492 1 2770946416 STIM_START
492 1 2772045080 STIM_END_RESP_START
492 1 2772378816 LICK
492 1 2772379348 REWARD_START
492 1 2772505248 LICK
492 1 2772644844 LICK
492 1 2772793060 LICK
492 1 2773245116 RESP_END
492 1 2772409908 REWARD_END
493 0 2775195400 STIM_START
493 0 2776294068 STIM_END_RESP_START
493 0 2777494092 RESP_END
494 0 2779171736 STIM_START
494 0 2780270404 STIM_END_RESP_START
494 0 2781470432 RESP_END
495 1 2783224924 STIM_START
495 1 2784323580 STIM_END_RESP_START
495 1 2784335252 LICK
495 1 2784335788 REWARD_START
495 1 2784483156 LICK
495 1 2784635316 LICK
495 1 2784962388 LICK
495 1 2785523628 RESP_END
495 1 2784366344 REWARD_END
496 1 2787462888 STIM_START
496 1 2788561556 STIM_END_RESP_START
496 1 2788816496 LICK
496 1 2788817036 REWARD_START
496 1 2788994220 LICK
496 1 2789153016 LICK
496 1 2789297512 LICK
496 1 2789470304 LICK
496 1 2789761588 RESP_END
496 1 2788847588 REWARD_END
497 1 2791848764 STIM_START
497 1 2792947428 STIM_END_RESP_START
497 1 2794147456 RESP_END
498 0 2795907012 STIM_START
498 0 2797005680 STIM_END_RESP_START
498 0 2798205704 RESP_END
499 0 2800278788 STIM_START
499 0 2801377456 STIM_END_RESP_START
499 0 2801734612 LICK
499 0 2801735152 TIMEOUT_START
499 0 2801903488 LICK
499 0 2801904028 TIMEOUT_START
499 0 2802089780 LICK
499 0 2802090316 TIMEOUT_START
499 0 2802278660 LICK
499 0 2802279192 TIMEOUT_START
499 0 2802577488 RESP_END
499 0 2809279756 TIMEOUT_END
500 1 2811256900 STIM_START
500 1 2812355560 STIM_END_RESP_START
500 1 2812625484 LICK
500 1 2812626024 REWARD_START
500 1 2812781356 LICK
500 1 2812934580 LICK
500 1 2813098080 LICK
500 1 2813555592 RESP_END
500 1 2812656580 REWARD_END
501 1 2815287124 STIM_START
501 1 2816385792 STIM_END_RESP_START
501 1 2817585816 RESP_END
502 0 2819655944 STIM_START
502 0 2820754612 STIM_END_RESP_START
502 0 2821954636 RESP_END
503 0 2823823056 STIM_START
503 0 2824921724 STIM_END_RESP_START
503 0 2826121748 RESP_END
504 0 2828111996 STIM_START
504 0 2829210668 STIM_END_RESP_START
504 0 2830410684 RESP_END
505 1 2832059336 STIM_START
505 1 2833158004 STIM_END_RESP_START
505 1 2833183204 LICK
505 1 2833183736 REWARD_START
505 1 2833338232 LICK
505 1 2833493656 LICK
505 1 2833654808 LICK
505 1 2834358044 RESP_END
505 1 2833214296 REWARD_END
506 1 2836394236 STIM_START
506 1 2837333364 LICK
506 1 2837474792 LICK
506 1 2837492904 STIM_END_RESP_START
506 1 2837653492 LICK
506 1 2837654032 REWARD_START
506 1 2837823744 LICK
506 1 2837999332 LICK
506 1 2838692944 RESP_END
506 1 2837684596 REWARD_END
507 0 2840675188 STIM_START
507 0 2841773856 STIM_END_RESP_START
507 0 2842973884 RESP_END
508 0 2844884204 STIM_START
508 0 2845982868 STIM_END_RESP_START
508 0 2847182892 RESP_END
509 1 2849239088 STIM_START
509 1 2850337752 STIM_END_RESP_START
509 1 2850735908 LICK
509 1 2850736452 REWARD_START
509 1 2850895888 LICK
509 1 2851054796 LICK
509 1 2851215880 LICK
509 1 2851356576 LICK
509 1 2851537768 RESP_END
509 1 2850767012 REWARD_END
510 0 2853600872 STIM_START
510 0 2854699540 STIM_END_RESP_START
510 0 2855899564 RESP_END
511 0 2857552264 STIM_START
511 0 2858650932 STIM_END_RESP_START
511 0 2858877268 LICK
511 0 2858877804 TIMEOUT_START
511 0 2859041664 LICK
511 0 2859042204 TIMEOUT_START
511 0 2859207440 LICK
511 0 2859207980 TIMEOUT_START
511 0 2859381680 LICK
511 0 2859382216 TIMEOUT_START
511 0 2859850972 RESP_END
511 0 2866382772 TIMEOUT_END
512 1 2868223680 STIM_START
512 1 2869322348 STIM_END_RESP_START
512 1 2869631984 LICK
512 1 2869632524 REWARD_START
512 1 2869780992 LICK
512 1 2869933652 LICK
512 1 2870085648 LICK
512 1 2870522388 RESP_END
512 1 2869663084 REWARD_END
513 1 2872228936 STIM_START
513 1 2873327600 STIM_END_RESP_START
513 1 2874527624 RESP_END
514 1 2877161112 STIM_START
514 1 2878259780 STIM_END_RESP_START
514 1 2879459804 RESP_END
515 0 2881426136 STIM_START
515 0 2882524800 STIM_END_RESP_START
515 0 2883724828 RESP_END
516 0 2885757008 STIM_START
516 0 2886855668 STIM_END_RESP_START
516 0 2888055696 RESP_END
517 0 2889669392 STIM_START
517 0 2890768056 STIM_END_RESP_START
517 0 2891968080 RESP_END
518 1 2893579724 STIM_START
518 1 2894678388 STIM_END_RESP_START
518 1 2894900820 LICK
518 1 2894901356 REWARD_START
518 1 2895043224 LICK
518 1 2895201716 LICK
518 1 2895338888 LICK
518 1 2895878412 RESP_END
518 1 2894931912 REWARD_END
519 1 2897604032 STIM_START
519 1 2898702700 STIM_END_RESP_START
519 1 2899159940 LICK
519 1 2899160480 REWARD_START
519 1 2899312500 LICK
519 1 2899463912 LICK
519 1 2899624372 LICK
519 1 2899902732 RESP_END
519 1 2899191040 REWARD_END
520 0 2901545312 STIM_START
520 0 2902643980 STIM_END_RESP_START
520 0 2903844004 RESP_END
521 0 2905913168 STIM_START
521 0 2907011836 STIM_END_RESP_START
521 0 2908211864 RESP_END
522 1 2910265104 STIM_START
522 1 2911342120 LICK
522 1 2911363772 STIM_END_RESP_START
522 1 2911470356 LICK
522 1 2911470896 REWARD_START
522 1 2911613628 LICK
522 1 2911770564 LICK
522 1 2912563800 RESP_END
522 1 2911501456 REWARD_END
523 1 2914407208 STIM_START
523 1 2915201104 LICK
523 1 2915344252 LICK
523 1 2915505876 STIM_END_RESP_START
523 1 2915526840 LICK
523 1 2915527376 REWARD_START
523 1 2915700608 LICK
523 1 2915850764 LICK
523 1 2916017092 LICK
523 1 2916705924 RESP_END
523 1 2915557936 REWARD_END
524 0 2918757124 STIM_START
524 0 2919855788 STIM_END_RESP_START
524 0 2921055816 RESP_END
525 1 2922685464 STIM_START
525 1 2923784124 STIM_END_RESP_START
525 1 2923960008 LICK
525 1 2923960548 REWARD_START
525 1 2924100512 LICK
525 1 2924247012 LICK
525 1 2924542424 LICK
525 1 2924984168 RESP_END
525 1 2923991108 REWARD_END
526 1 2926696712 STIM_START
526 1 2927767916 LICK
526 1 2927795364 STIM_END_RESP_START
526 1 2927914092 LICK
526 1 2927914628 REWARD_START
526 1 2928072040 LICK
526 1 2928235836 LICK
526 1 2928995408 RESP_END
526 1 2927945188 REWARD_END
527 0 2930620060 STIM_START
527 0 2931718728 STIM_END_RESP_START
527 0 2932918752 RESP_END
528 1 2934772164 STIM_START
528 1 2935870836 STIM_END_RESP_START
528 1 2935957336 LICK
528 1 2935957876 REWARD_START
528 1 2936102700 LICK
528 1 2936242612 LICK
528 1 2936379332 LICK
528 1 2937070860 RESP_END
528 1 2935988440 REWARD_END
529 1 2939077076 STIM_START
529 1 2940175744 STIM_END_RESP_START
529 1 2940477540 LICK
529 1 2940478072 REWARD_START
529 1 2940622224 LICK
529 1 2940778028 LICK
529 1 2940922784 LICK
529 1 2941375792 RESP_END
529 1 2940508636 REWARD_END
530 0 2943384024 STIM_START
530 0 2944482692 STIM_END_RESP_START
530 0 2945682716 RESP_END
531 0 2947537104 STIM_START
531 0 2948635772 STIM_END_RESP_START
531 0 2949835796 RESP_END
532 1 2951911968 STIM_START
532 1 2953010636 STIM_END_RESP_START
532 1 2953691508 LICK
532 1 2953692040 REWARD_START
532 1 2954210684 RESP_END
532 1 2953722600 REWARD_END
533 1 2955835336 STIM_START
533 1 2956934004 STIM_END_RESP_START
533 1 2958134028 RESP_END
534 1 2960206136 STIM_START
534 1 2961304804 STIM_END_RESP_START
534 1 2961624720 LICK
534 1 2961625260 REWARD_START
534 1 2961881028 LICK
534 1 2962139308 LICK
534 1 2962504820 RESP_END
534 1 2961655820 REWARD_END
535 0 2964369260 STIM_START
535 0 2965467928 STIM_END_RESP_START
535 0 2966667952 RESP_END
536 0 2968378476 STIM_START
536 0 2969477144 STIM_END_RESP_START
536 0 2970677164 RESP_END
537 0 2972606492 STIM_START
537 0 2973705156 STIM_END_RESP_START
537 0 2974905180 RESP_END
538 1 2976501940 STIM_START
538 1 2977597616 LICK
538 1 2977600624 STIM_END_RESP_START
538 1 2977754812 LICK
538 1 2977755352 REWARD_START
538 1 2977911216 LICK
538 1 2978076844 LICK
538 1 2978800636 RESP_END
538 1 2977785916 REWARD_END
539 1 2980702980 STIM_START
539 1 2981801648 STIM_END_RESP_START
539 1 2983001676 RESP_END
540 0 2984646340 STIM_START
540 0 2985745008 STIM_END_RESP_START
540 0 2986945036 RESP_END
541 0 2988598684 STIM_START
541 0 2989697352 STIM_END_RESP_START
541 0 2990897376 RESP_END
542 1 2992666836 STIM_START
542 1 2993765504 STIM_END_RESP_START
542 1 2994965532 RESP_END
543 0 2996693096 STIM_START
543 0 2997791764 STIM_END_RESP_START
543 0 2998991784 RESP_END
544 1 3001046968 STIM_START
544 1 3002145636 STIM_END_RESP_START
544 1 3003345664 RESP_END
545 0 3005294980 STIM_START
545 0 3006393648 STIM_END_RESP_START
545 0 3007593676 RESP_END
546 1 3009504972 STIM_START
546 1 3010603640 STIM_END_RESP_START
546 1 3011565980 LICK
546 1 3011566516 REWARD_START
546 1 3011725028 LICK
546 1 3011803656 RESP_END
546 1 3011597080 REWARD_END
547 0 3013687088 STIM_START
547 0 3014785756 STIM_END_RESP_START
547 0 3015985780 RESP_END
548 1 3017936080 STIM_START
548 1 3018553484 LICK
548 1 3018725204 LICK
548 1 3018896520 LICK
548 1 3019034744 STIM_END_RESP_START
548 1 3019051148 LICK
548 1 3019051684 REWARD_START
548 1 3019224876 LICK
548 1 3019386744 LICK
548 1 3019517408 LICK
548 1 3020234792 RESP_END
548 1 3019082244 REWARD_END
549 0 3021876388 STIM_START
549 0 3022975056 STIM_END_RESP_START
549 0 3024175076 RESP_END
550 1 3026171332 STIM_START
550 1 3027270000 STIM_END_RESP_START
550 1 3027556512 LICK
550 1 3027557048 REWARD_START
550 1 3027708296 LICK
550 1 3027851516 LICK
550 1 3027988808 LICK
550 1 3028150972 LICK
550 1 3028470028 RESP_END
550 1 3027587612 REWARD_END
551 1 3030495264 STIM_START
551 1 3031382288 LICK
551 1 3031593952 STIM_END_RESP_START
551 1 3031607404 LICK
551 1 3031607936 REWARD_START
551 1 3031757576 LICK
551 1 3031911444 LICK
551 1 3032060948 LICK
551 1 3032793992 RESP_END
551 1 3031638496 REWARD_END
552 0 3034782216 STIM_START
552 0 3035880884 STIM_END_RESP_START
552 0 3037080912 RESP_END
553 1 3039092140 STIM_START
553 1 3040190808 STIM_END_RESP_START
553 1 3040546656 LICK
553 1 3040547196 REWARD_START
553 1 3040688488 LICK
553 1 3040838672 LICK
553 1 3041390820 RESP_END
553 1 3040577756 REWARD_END
554 0 3043375024 STIM_START
554 0 3044473696 STIM_END_RESP_START
554 0 3045673720 RESP_END
555 0 3047327412 STIM_START
555 0 3048426080 STIM_END_RESP_START
555 0 3049626104 RESP_END
556 1 3051359608 STIM_START
556 1 3052458276 STIM_END_RESP_START
556 1 3053658304 RESP_END
557 1 3055429808 STIM_START
557 1 3056528476 STIM_END_RESP_START
557 1 3056980836 LICK
557 1 3056981376 REWARD_START
557 1 3057108712 LICK
557 1 3057251508 LICK
557 1 3057412148 LICK
557 1 3057728508 RESP_END
557 1 3057011936 REWARD_END
558 1 3059814644 STIM_START
558 1 3060913312 STIM_END_RESP_START
558 1 3062113340 RESP_END
559 0 3063921788 STIM_START
559 0 3065020456 STIM_END_RESP_START
559 0 3066089180 LICK
559 0 3066089720 TIMEOUT_START
559 0 3066220476 RESP_END
559 0 3073090280 TIMEOUT_END
560 1 3074752008 STIM_START
560 1 3075850680 STIM_END_RESP_START
560 1 3077050704 RESP_END
561 1 3078983064 STIM_START
561 1 3080081732 STIM_END_RESP_START
561 1 3081281760 RESP_END
562 0 3082974352 STIM_START
562 0 3084073020 STIM_END_RESP_START
562 0 3085273040 RESP_END
563 0 3087247312 STIM_START
563 0 3088345980 STIM_END_RESP_START
563 0 3089546004 RESP_END
564 0 3091496288 STIM_START
564 0 3092594956 STIM_END_RESP_START
564 0 3093794984 RESP_END
565 1 3095427628 STIM_START
565 1 3096526296 STIM_END_RESP_START
565 1 3097726324 RESP_END
566 0 3099377968 STIM_START
566 0 3100476640 STIM_END_RESP_START
566 0 3101676664 RESP_END
567 0 3103654916 STIM_START
567 0 3104753580 STIM_END_RESP_START
567 0 3105953608 RESP_END
568 0 3107647232 STIM_START
568 0 3108745904 STIM_END_RESP_START
568 0 3109945928 RESP_END
569 1 3111756384 STIM_START
569 1 3112855052 STIM_END_RESP_START
569 1 3114055080 RESP_END
570 1 3116122252 STIM_START
570 1 3117220920 STIM_END_RESP_START
570 1 3118420940 RESP_END
571 0 3120677832 STIM_START
571 0 3121776500 STIM_END_RESP_START
USER_EXIT