001 0 0010288032 STIM_START
001 0 0011386696 STIM_END_RESP_START
001 0 0012586724 RESP_END
002 0 0014462164 STIM_START
002 0 0015560832 STIM_END_RESP_START
002 0 0016760856 RESP_END
003 1 0018884948 STIM_START
003 1 0019983608 STIM_END_RESP_START
003 1 0019984528 LICK
003 1 0019984972 REWARD_START
003 1 0020163908 LICK
003 1 0020315924 LICK
003 1 0020437024 LICK
003 1 0020597780 LICK
003 1 0021183644 RESP_END
003 1 0020015420 REWARD_END
004 1 0023236876 STIM_START
004 1 0023610844 LICK
004 1 0023779472 LICK
004 1 0024181500 LICK
004 1 0024335540 STIM_END_RESP_START
004 1 0024353120 LICK
004 1 0024353556 REWARD_START
004 1 0024559404 LICK
004 1 0024842940 LICK
004 1 0024994836 LICK
004 1 0025142976 LICK
004 1 0025301580 LICK
004 1 0025535568 RESP_END
004 1 0024384024 REWARD_END
005 0 0027350120 STIM_START
005 0 0028448792 STIM_END_RESP_START
005 0 0029648808 RESP_END
006 1 0031524188 STIM_START
006 1 0032220376 LICK
006 1 0032410632 LICK
006 1 0032595156 LICK
006 1 0032622860 STIM_END_RESP_START
006 1 0032849512 LICK
006 1 0032849952 REWARD_START
006 1 0033016812 LICK
006 1 0033174472 LICK
006 1 0033299096 LICK
006 1 0033463436 LICK
006 1 0033799228 LICK
006 1 0033822880 RESP_END
006 1 0032880408 REWARD_END
007 0 0035621432 STIM_START
007 0 0036549748 LICK
007 0 0036720108 STIM_END_RESP_START
007 0 0036740576 LICK
007 0 0036741012 TIMEOUT_START
007 0 0036926884 LICK
007 0 0036927320 TIMEOUT_START
007 0 0037103780 LICK
007 0 0037104220 TIMEOUT_START
007 0 0037281488 LICK
007 0 0037281928 TIMEOUT_START
007 0 0037489360 LICK
007 0 0037489800 TIMEOUT_START
007 0 0037670784 LICK
007 0 0037671228 TIMEOUT_START
007 0 0037920136 RESP_END
007 0 0044671684 TIMEOUT_END
008 0 0046253964 STIM_START
008 0 0047352648 STIM_END_RESP_START
008 0 0048552676 RESP_END
009 1 0050202348 STIM_START
009 1 0051301020 STIM_END_RESP_START
009 1 0052501048 RESP_END
010 0 0054110756 STIM_START
010 0 0054250860 LICK
010 0 0054622608 LICK
010 0 0054804056 LICK
010 0 0054979936 LICK
010 0 0055209428 STIM_END_RESP_START
010 0 0056409452 RESP_END
011 1 0058472624 STIM_START
011 1 0059571296 STIM_END_RESP_START
011 1 0059690452 LICK
011 1 0059690892 REWARD_START
011 1 0059854404 LICK
011 1 0060151980 LICK
011 1 0060311492 LICK
011 1 0060463276 LICK
011 1 0060771324 RESP_END
011 1 0059721356 REWARD_END
012 1 0062862532 STIM_START
012 1 0063006716 LICK
012 1 0063194384 LICK
012 1 0063410416 LICK
012 1 0063591636 LICK
012 1 0063759144 LICK
012 1 0063916700 LICK
012 1 0063961232 STIM_END_RESP_START
012 1 0064100192 LICK
012 1 0064100636 REWARD_START
012 1 0064269252 LICK
012 1 0064442988 LICK
012 1 0064581000 LICK
012 1 0064765856 LICK
012 1 0064948472 LICK
012 1 0065161256 RESP_END
012 1 0064131104 REWARD_END
013 0 0066925804 STIM_START
013 0 0068024476 STIM_END_RESP_START
013 0 0068096632 LICK
013 0 0068097072 TIMEOUT_START
013 0 0069224520 RESP_END
013 0 0075097528 TIMEOUT_END
014 1 0077168796 STIM_START
014 1 0078147320 LICK
014 1 0078267480 STIM_END_RESP_START
014 1 0078337648 LICK
014 1 0078338092 REWARD_START
014 1 0078519316 LICK
014 1 0078805616 LICK
014 1 0078966084 LICK
014 1 0079467512 RESP_END
014 1 0078368536 REWARD_END
015 0 0081169148 STIM_START
015 0 0082267816 STIM_END_RESP_START
015 0 0083467844 RESP_END
016 1 0085493104 STIM_START
016 1 0086494116 LICK
016 1 0086591788 STIM_END_RESP_START
016 1 0086657380 LICK
016 1 0086657816 REWARD_START
016 1 0086814848 LICK
016 1 0086975120 LICK
016 1 0087119852 LICK
016 1 0087288396 LICK
016 1 0087791808 RESP_END
016 1 0086688284 REWARD_END
017 0 0089798028 STIM_START
017 0 0090896700 STIM_END_RESP_START
017 0 0091356868 LICK
017 0 0091357312 TIMEOUT_START
017 0 0091513648 LICK
017 0 0091514092 TIMEOUT_START
017 0 0091688808 LICK
017 0 0091689252 TIMEOUT_START
017 0 0091863752 LICK
017 0 0091864196 TIMEOUT_START
017 0 0092096712 RESP_END
017 0 0098864652 TIMEOUT_END
018 0 0100675308 STIM_START
018 0 0101773996 STIM_END_RESP_START
018 0 0102155844 LICK
018 0 0102156332 TIMEOUT_START
018 0 0102308144 LICK
018 0 0102308628 TIMEOUT_START
018 0 0102541648 LICK
018 0 0102542132 TIMEOUT_START
018 0 0102784780 LICK
018 0 0102785268 TIMEOUT_START
018 0 0102974028 RESP_END
018 0 0109785764 TIMEOUT_END
019 1 0111850212 STIM_START
019 1 0112656560 LICK
019 1 0112832596 LICK
019 1 0112948880 STIM_END_RESP_START
019 1 0113251852 LICK
019 1 0113252336 REWARD_START
019 1 0113451060 LICK
019 1 0113735508 LICK
019 1 0114048548 LICK
019 1 0114148920 RESP_END
019 1 0113282848 REWARD_END
020 1 0116063296 STIM_START
020 1 0117132748 LICK
020 1 0117161956 STIM_END_RESP_START
020 1 0117292628 LICK
020 1 0117293120 REWARD_START
020 1 0117492524 LICK
020 1 0117653676 LICK
020 1 0117802388 LICK
020 1 0118317944 LICK
020 1 0118362000 RESP_END
020 1 0117323628 REWARD_END
021 0 0120121524 STIM_START
021 0 0121220212 STIM_END_RESP_START
021 0 0122420256 RESP_END
022 1 0124429500 STIM_START
022 1 0125528188 STIM_END_RESP_START
022 1 0126050740 LICK
022 1 0126051224 REWARD_START
022 1 0126205480 LICK
022 1 0126472932 LICK
022 1 0126728232 RESP_END
022 1 0126081736 REWARD_END
023 1 0128433776 STIM_START
023 1 0129532460 STIM_END_RESP_START
023 1 0129694324 LICK
023 1 0129694812 REWARD_START
023 1 0129843412 LICK
023 1 0129988096 LICK
023 1 0130132060 LICK
023 1 0130288356 LICK
023 1 0130732484 RESP_END
023 1 0129725320 REWARD_END
024 0 0132741776 STIM_START
024 0 0133840460 STIM_END_RESP_START
024 0 0135040500 RESP_END
025 0 0136908912 STIM_START
025 0 0137105332 LICK
025 0 0138007600 STIM_END_RESP_START
025 0 0139207636 RESP_END
026 0 0141078044 STIM_START
026 0 0142176728 STIM_END_RESP_START
026 0 0143376772 RESP_END
027 1 0145129324 STIM_START
027 1 0146202280 LICK
027 1 0146228004 STIM_END_RESP_START
027 1 0146390688 LICK
027 1 0146391180 REWARD_START
027 1 0146560204 LICK
027 1 0146718060 LICK
027 1 0146872412 LICK
027 1 0147428048 RESP_END
027 1 0146421688 REWARD_END
028 0 0149412224 STIM_START
028 0 0150510912 STIM_END_RESP_START
028 0 0151710956 RESP_END
029 0 0153358700 STIM_START
029 0 0154457384 STIM_END_RESP_START
029 0 0154877148 LICK
029 0 0154877632 TIMEOUT_START
029 0 0155028732 LICK
029 0 0155029216 TIMEOUT_START
029 0 0155241160 LICK
029 0 0155241652 TIMEOUT_START
029 0 0155657412 RESP_END
029 0 0162242160 TIMEOUT_END
030 1 0164064148 STIM_START
030 1 0165162832 STIM_END_RESP_START
030 1 0165183356 LICK
030 1 0165183844 REWARD_START
030 1 0165397828 LICK
030 1 0165685716 LICK
030 1 0166057396 LICK
030 1 0166362868 RESP_END
030 1 0165214340 REWARD_END
031 1 0168373076 STIM_START
031 1 0169471752 STIM_END_RESP_START
031 1 0169475456 LICK
031 1 0169475944 REWARD_START
031 1 0169650688 LICK
031 1 0170671788 RESP_END
031 1 0169506460 REWARD_END
032 0 0173091548 STIM_START
032 0 0173668764 LICK
032 0 0173886524 LICK
032 0 0174083000 LICK
032 0 0174190244 STIM_END_RESP_START
032 0 0174296920 LICK
032 0 0174297408 TIMEOUT_START
032 0 0174467692 LICK
032 0 0174468180 TIMEOUT_START
032 0 0174636668 LICK
032 0 0174637156 TIMEOUT_START
032 0 0174807708 LICK
032 0 0174808196 TIMEOUT_START
032 0 0174990024 LICK
032 0 0174990512 TIMEOUT_START
032 0 0175390292 RESP_END
032 0 0181991024 TIMEOUT_END
033 0 0183855996 STIM_START
033 0 0184954684 STIM_END_RESP_START
033 0 0186154728 RESP_END
034 0 0188082984 STIM_START
034 0 0189181672 STIM_END_RESP_START
034 0 0190381716 RESP_END
035 1 0192799492 STIM_START
035 1 0193898180 STIM_END_RESP_START
035 1 0194814928 LICK
035 1 0194815420 REWARD_START
035 1 0194965864 LICK
035 1 0195098208 RESP_END
035 1 0194845916 REWARD_END
036 0 0197185372 STIM_START
036 0 0198128064 LICK
036 0 0198284064 STIM_END_RESP_START
036 0 0199484088 RESP_END
037 0 0202256380 STIM_START
037 0 0203355064 STIM_END_RESP_START
037 0 0204555108 RESP_END
038 0 0206383608 STIM_START
038 0 0207482296 STIM_END_RESP_START
038 0 0208682336 RESP_END
039 1 0210719520 STIM_START
039 1 0211818208 STIM_END_RESP_START
039 1 0212440648 LICK
039 1 0212441136 REWARD_START
039 1 0212633352 LICK
039 1 0212796588 LICK
039 1 0212935280 LICK
039 1 0213018216 RESP_END
039 1 0212471644 REWARD_END
040 0 0215029464 STIM_START
040 0 0215930400 LICK
040 0 0216128136 STIM_END_RESP_START
040 0 0217328180 RESP_END
041 1 0219296460 STIM_START
041 1 0220199704 LICK
041 1 0220361480 LICK
041 1 0220395124 STIM_END_RESP_START
041 1 0220523796 LICK
041 1 0220524280 REWARD_START
041 1 0220710324 LICK
041 1 0221002812 LICK
041 1 0221324536 LICK
041 1 0221527020 LICK
041 1 0221595172 RESP_END
041 1 0220554792 REWARD_END
042 1 0223191932 STIM_START
042 1 0224169996 LICK
042 1 0224290608 STIM_END_RESP_START
042 1 0224682292 LICK
042 1 0224682776 REWARD_START
042 1 0224853580 LICK
042 1 0225013412 LICK
042 1 0225167504 LICK
042 1 0225355944 LICK
042 1 0225490640 RESP_END
042 1 0224713288 REWARD_END
043 0 0227152272 STIM_START
043 0 0227814500 LICK
043 0 0228250936 STIM_END_RESP_START
043 0 0228372744 LICK
043 0 0228373228 TIMEOUT_START
043 0 0228565972 LICK
043 0 0228566464 TIMEOUT_START
043 0 0228759328 LICK
043 0 0228759820 TIMEOUT_START
043 0 0228947140 LICK
043 0 0228947624 TIMEOUT_START
043 0 0229119684 LICK
043 0 0229120176 TIMEOUT_START
043 0 0229285176 LICK
043 0 0229285660 TIMEOUT_START
043 0 0229450984 RESP_END
043 0 0236286164 TIMEOUT_END
044 0 0238303212 STIM_START
044 0 0239401904 STIM_END_RESP_START
044 0 0240601948 RESP_END
045 0 0242349484 STIM_START
045 0 0243448172 STIM_END_RESP_START
045 0 0244648220 RESP_END
046 1 0246271860 STIM_START
046 1 0247370548 STIM_END_RESP_START
046 1 0247743012 LICK
046 1 0247743504 REWARD_START
046 1 0247903096 LICK
046 1 0248063744 LICK
046 1 0248205132 LICK
046 1 0248570576 RESP_END
046 1 0247774012 REWARD_END
047 1 0250367124 STIM_START
047 1 0251108276 LICK
047 1 0251275492 LICK
047 1 0251458808 LICK
047 1 0251465788 STIM_END_RESP_START
047 1 0251640716 LICK
047 1 0251641208 REWARD_START
047 1 0251831884 LICK
047 1 0252124632 LICK
047 1 0252269088 LICK
047 1 0252665816 RESP_END
047 1 0251671708 REWARD_END
048 0 0255168508 STIM_START
048 0 0256267196 STIM_END_RESP_START
048 0 0257467236 RESP_END
049 1 0259381564 STIM_START
049 1 0260480252 STIM_END_RESP_START
049 1 0261084100 LICK
049 1 0261084592 REWARD_START
049 1 0261248020 LICK
049 1 0261537392 LICK
049 1 0261680292 RESP_END
049 1 0261115088 REWARD_END
050 1 0263827328 STIM_START
050 1 0264641332 LICK
050 1 0264836452 LICK
050 1 0264925996 STIM_END_RESP_START
050 1 0265048480 LICK
050 1 0265048964 REWARD_START
050 1 0265256636 LICK
050 1 0265533952 LICK
050 1 0265691384 LICK
050 1 0265848432 LICK
050 1 0266126032 RESP_END
050 1 0265079476 REWARD_END
051 0 0268731548 STIM_START
051 0 0269830236 STIM_END_RESP_START
051 0 0271030280 RESP_END
052 1 0272980620 STIM_START
052 1 0273806744 LICK
052 1 0273992888 LICK
052 1 0274079300 STIM_END_RESP_START
052 1 0274150200 LICK
052 1 0274150692 REWARD_START
052 1 0274315964 LICK
052 1 0274471380 LICK
052 1 0274608640 LICK
052 1 0275279340 RESP_END
052 1 0274181188 REWARD_END
053 0 0277324564 STIM_START
053 0 0278127180 LICK
053 0 0278423252 STIM_END_RESP_START
053 0 0278432368 LICK
053 0 0278432864 TIMEOUT_START
053 0 0278605520 LICK
053 0 0278606008 TIMEOUT_START
053 0 0278788584 LICK
053 0 0278789068 TIMEOUT_START
053 0 0279623260 RESP_END
053 0 0285789568 TIMEOUT_END
054 1 0287586500 STIM_START
054 1 0288685188 STIM_END_RESP_START
054 1 0288836308 LICK
054 1 0288836796 REWARD_START
054 1 0289007104 LICK
054 1 0289321804 LICK
054 1 0289482280 LICK
054 1 0289885224 RESP_END
054 1 0288867304 REWARD_END
055 0 0291749644 STIM_START
055 0 0292848332 STIM_END_RESP_START
055 0 0294048376 RESP_END
056 1 0296101536 STIM_START
056 1 0297200224 STIM_END_RESP_START
056 1 0297771664 LICK
056 1 0297772156 REWARD_START
056 1 0297992968 LICK
056 1 0298151724 LICK
056 1 0298283528 LICK
056 1 0298400236 RESP_END
056 1 0297802664 REWARD_END
057 0 0300305716 STIM_START
057 0 0301404408 STIM_END_RESP_START
057 0 0302432156 LICK
057 0 0302432648 TIMEOUT_START
057 0 0302604424 RESP_END
057 0 0309433144 TIMEOUT_END
058 0 0311476572 STIM_START
058 0 0312575260 STIM_END_RESP_START
058 0 0313330780 LICK
058 0 0313331268 TIMEOUT_START
058 0 0313499744 LICK
058 0 0313500228 TIMEOUT_START
058 0 0313689928 LICK
058 0 0313690416 TIMEOUT_START
058 0 0313775284 RESP_END
058 0 0320690924 TIMEOUT_END
059 0 0322278872 STIM_START
059 0 0323377560 STIM_END_RESP_START
059 0 0324577604 RESP_END
060 1 0326325152 STIM_START
060 1 0326676316 LICK
060 1 0326825168 LICK
060 1 0326987216 LICK
060 1 0327169308 LICK
060 1 0327333468 LICK
060 1 0327423812 STIM_END_RESP_START
060 1 0327502604 LICK
060 1 0327503096 REWARD_START
060 1 0327674180 LICK
060 1 0327959416 LICK
060 1 0328108996 LICK
060 1 0328623860 RESP_END
060 1 0327533596 REWARD_END
061 0 0330207632 STIM_START
061 0 0331190956 LICK
061 0 0331306300 STIM_END_RESP_START
061 0 0331341536 LICK
061 0 0331342028 TIMEOUT_START
061 0 0331516264 LICK
061 0 0331516752 TIMEOUT_START
061 0 0332506336 RESP_END
061 0 0338517268 TIMEOUT_END
062 1 0344209252 STIM_START
062 1 0344571116 LICK
062 1 0345307924 STIM_END_RESP_START
062 1 0346507968 RESP_END
063 0 0348223544 STIM_START
063 0 0349322224 STIM_END_RESP_START
063 0 0350522268 RESP_END
064 1 0352221832 STIM_START
064 1 0352394924 LICK
064 1 0353320504 STIM_END_RESP_START
064 1 0354031344 LICK
064 1 0354031836 REWARD_START
064 1 0354232604 LICK
064 1 0354506276 LICK
064 1 0354520544 RESP_END
064 1 0354062352 REWARD_END
065 1 0356558764 STIM_START
065 1 0356692392 LICK
065 1 0356884380 LICK
065 1 0357067856 LICK
065 1 0357263576 LICK
065 1 0357431692 LICK
065 1 0357600324 LICK
065 1 0357657452 STIM_END_RESP_START
065 1 0357758056 LICK
065 1 0357758540 REWARD_START
065 1 0357915520 LICK
065 1 0358074044 LICK
065 1 0358199084 LICK
065 1 0358857500 RESP_END
065 1 0357789056 REWARD_END
066 0 0360652948 STIM_START
066 0 0361148072 LICK
066 0 0361360408 LICK
066 0 0361568568 LICK
066 0 0361751620 STIM_END_RESP_START
066 0 0361764120 LICK
066 0 0361764600 TIMEOUT_START
066 0 0361925000 LICK
066 0 0361925484 TIMEOUT_START
066 0 0362099896 LICK
066 0 0362100380 TIMEOUT_START
066 0 0362281332 LICK
066 0 0362281816 TIMEOUT_START
066 0 0362471448 LICK
066 0 0362471932 TIMEOUT_START
066 0 0362640100 LICK
066 0 0362640588 TIMEOUT_START
066 0 0362828732 LICK
066 0 0362829220 TIMEOUT_START
066 0 0362951636 RESP_END
066 0 0369829720 TIMEOUT_END
067 1 0371431304 STIM_START
067 1 0372529992 STIM_END_RESP_START
067 1 0373730036 RESP_END
068 0 0376356512 STIM_START
068 0 0377455200 STIM_END_RESP_START
068 0 0378655244 RESP_END
069 0 0380264936 STIM_START
069 0 0381363624 STIM_END_RESP_START
069 0 0382182240 LICK
069 0 0382182732 TIMEOUT_START
069 0 0382376920 LICK
069 0 0382377412 TIMEOUT_START
069 0 0382563640 RESP_END
069 0 0389377916 TIMEOUT_END
070 1 0391070344 STIM_START
070 1 0392169036 STIM_END_RESP_START
070 1 0393369080 RESP_END
071 1 0396711780 STIM_START
071 1 0397810468 STIM_END_RESP_START
071 1 0399010512 RESP_END
072 0 0402814588 STIM_START
072 0 0403913280 STIM_END_RESP_START
072 0 0405113320 RESP_END
073 0 0406980700 STIM_START
073 0 0408079388 STIM_END_RESP_START
073 0 0409279428 RESP_END
074 1 0411146756 STIM_START
074 1 0412245444 STIM_END_RESP_START
074 1 0413445488 RESP_END
075 0 0416212884 STIM_START
075 0 0417311572 STIM_END_RESP_START
075 0 0418511616 RESP_END
076 1 0420377984 STIM_START
076 1 0421159580 LICK
076 1 0421310412 LICK
076 1 0421476668 STIM_END_RESP_START
076 1 0421500424 LICK
076 1 0421500908 REWARD_START
076 1 0421682800 LICK
076 1 0421937780 LICK
076 1 0422247396 LICK
076 1 0422676708 RESP_END
076 1 0421531420 REWARD_END
077 0 0424424216 STIM_START
077 0 0425522904 STIM_END_RESP_START
077 0 0426722948 RESP_END
078 0 0428653324 STIM_START
078 0 0429752012 STIM_END_RESP_START
078 0 0430952056 RESP_END
079 0 0432683580 STIM_START
079 0 0433782264 STIM_END_RESP_START
079 0 0434982308 RESP_END
080 1 0436691840 STIM_START
080 1 0437790528 STIM_END_RESP_START
080 1 0438663508 LICK
080 1 0438663996 REWARD_START
080 1 0438813448 LICK
080 1 0438990544 RESP_END
080 1 0438694508 REWARD_END
081 0 0441413372 STIM_START
081 0 0441607028 LICK
081 0 0441809188 LICK
081 0 0442082000 LICK
081 0 0442265484 LICK
081 0 0442512044 STIM_END_RESP_START
081 0 0442623300 LICK
081 0 0442623788 TIMEOUT_START
081 0 0442837988 LICK
081 0 0442838480 TIMEOUT_START
081 0 0443712088 RESP_END
081 0 0449838980 TIMEOUT_END
082 0 0451659348 STIM_START
082 0 0452758036 STIM_END_RESP_START
082 0 0453958056 RESP_END
083 1 0455731544 STIM_START
083 1 0456830232 STIM_END_RESP_START
083 1 0458030252 RESP_END
084 0 0460161480 STIM_START
084 0 0461260172 STIM_END_RESP_START
084 0 0462460216 RESP_END
085 0 0464210668 STIM_START
085 0 0465309356 STIM_END_RESP_START
085 0 0466509396 RESP_END
086 0 0468164024 STIM_START
086 0 0469262712 STIM_END_RESP_START
086 0 0470462756 RESP_END
087 1 0472214272 STIM_START
087 1 0473312956 STIM_END_RESP_START
087 1 0474376036 LICK
087 1 0474376528 REWARD_START
087 1 0474512992 RESP_END
087 1 0474407024 REWARD_END
088 1 0477283356 STIM_START
088 1 0477959044 LICK
088 1 0478380852 LICK
088 1 0478382040 STIM_END_RESP_START
088 1 0478576632 LICK
088 1 0478577124 REWARD_START
088 1 0478734808 LICK
088 1 0479582056 RESP_END
088 1 0478607624 REWARD_END
089 0 0482979648 STIM_START
089 0 0484078336 STIM_END_RESP_START
089 0 0485278380 RESP_END
090 1 0487345536 STIM_START
090 1 0488417760 LICK
090 1 0488444220 STIM_END_RESP_START
090 1 0488623456 LICK
090 1 0488623944 REWARD_START
090 1 0488804292 LICK
090 1 0488974200 LICK
090 1 0489099888 LICK
090 1 0489644264 RESP_END
090 1 0488654456 REWARD_END
091 0 0491484644 STIM_START
091 0 0492583336 STIM_END_RESP_START
091 0 0493783360 RESP_END
092 1 0495430080 STIM_START
092 1 0496393552 LICK
092 1 0496528776 STIM_END_RESP_START
092 1 0496588376 LICK
092 1 0496588872 REWARD_START
092 1 0497063268 LICK
092 1 0497728816 RESP_END
092 1 0496619376 REWARD_END
093 1 0499377428 STIM_START
093 1 0500476108 STIM_END_RESP_START
093 1 0501141756 LICK
093 1 0501142244 REWARD_START
093 1 0501323604 LICK
093 1 0501505004 LICK
093 1 0501652344 LICK
093 1 0501676136 RESP_END
093 1 0501172760 REWARD_END
094 1 0504334620 STIM_START
094 1 0505364844 LICK
094 1 0505433300 STIM_END_RESP_START
094 1 0505543884 LICK
094 1 0505544372 REWARD_START
094 1 0505739964 LICK
094 1 0505908660 LICK
094 1 0506066508 LICK
094 1 0506246468 LICK
094 1 0506633328 RESP_END
094 1 0505574888 REWARD_END
095 0 0508680496 STIM_START
095 0 0509779184 STIM_END_RESP_START
095 0 0510979228 RESP_END
096 1 0512827700 STIM_START
096 1 0513680724 LICK
096 1 0513878052 LICK
096 1 0513926368 STIM_END_RESP_START
096 1 0514156592 LICK
096 1 0514157076 REWARD_START
096 1 0514312372 LICK
096 1 0514467028 LICK
096 1 0515126388 RESP_END
096 1 0514187572 REWARD_END
097 0 0518435088 STIM_START
097 0 0519533776 STIM_END_RESP_START
097 0 0520733824 RESP_END
098 1 0522422464 STIM_START
098 1 0523472292 LICK
098 1 0523521132 STIM_END_RESP_START
098 1 0524113832 LICK
098 1 0524114328 REWARD_START
098 1 0524347716 LICK
098 1 0524508140 LICK
098 1 0524640880 LICK
098 1 0524721188 RESP_END
098 1 0524144828 REWARD_END
099 1 0526557600 STIM_START
099 1 0527656284 STIM_END_RESP_START
099 1 0528079912 LICK
099 1 0528080396 REWARD_START
099 1 0528275476 LICK
099 1 0528430188 LICK
099 1 0528599520 LICK
099 1 0528769276 LICK
099 1 0528856304 RESP_END
099 1 0528110892 REWARD_END
100 0 0530777656 STIM_START
100 0 0531876344 STIM_END_RESP_START
100 0 0533076388 RESP_END
101 1 0534932796 STIM_START
101 1 0535928864 LICK
101 1 0536031468 STIM_END_RESP_START
101 1 0536094524 LICK
101 1 0536095016 REWARD_START
101 1 0536260972 LICK
101 1 0536425452 LICK
101 1 0536570032 LICK
101 1 0537231516 RESP_END
101 1 0536125508 REWARD_END
102 1 0539248748 STIM_START
102 1 0540347436 STIM_END_RESP_START
102 1 0540766780 LICK
102 1 0540767272 REWARD_START
102 1 0540919332 LICK
102 1 0541078280 LICK
102 1 0541547480 RESP_END
102 1 0540797780 REWARD_END
103 1 0543492756 STIM_START
103 1 0543929008 LICK
103 1 0544101760 LICK
103 1 0544303352 LICK
103 1 0544551516 LICK
103 1 0544591436 STIM_END_RESP_START
103 1 0544729564 LICK
103 1 0544730052 REWARD_START
103 1 0544906524 LICK
103 1 0545070668 LICK
103 1 0545225368 LICK
103 1 0545585356 LICK
103 1 0545785188 LICK
103 1 0545791484 RESP_END
103 1 0544760564 REWARD_END
104 0 0547572972 STIM_START
104 0 0548671664 STIM_END_RESP_START
104 0 0549871708 RESP_END
105 0 0551940852 STIM_START
105 0 0553039540 STIM_END_RESP_START
105 0 0554239584 RESP_END
106 0 0556287764 STIM_START
106 0 0557386448 STIM_END_RESP_START
106 0 0557495904 LICK
106 0 0557496396 TIMEOUT_START
106 0 0557714988 LICK
106 0 0557715480 TIMEOUT_START
106 0 0558586472 RESP_END
106 0 0564715992 TIMEOUT_END
107 1 0566453832 STIM_START
107 1 0567552520 STIM_END_RESP_START
107 1 0568488820 LICK
107 1 0568489312 REWARD_START
107 1 0568689112 LICK
107 1 0568752556 RESP_END
107 1 0568519808 REWARD_END
108 0 0570859716 STIM_START
108 0 0571958408 STIM_END_RESP_START
108 0 0573158452 RESP_END
109 0 0574808036 STIM_START
109 0 0575906724 STIM_END_RESP_START
109 0 0577106768 RESP_END
110 0 0579160916 STIM_START
110 0 0580259608 STIM_END_RESP_START
110 0 0581459652 RESP_END
111 1 0583174280 STIM_START
111 1 0584272972 STIM_END_RESP_START
111 1 0584763568 LICK
111 1 0584764052 REWARD_START
111 1 0584936848 LICK
111 1 0585106528 LICK
111 1 0585253264 LICK
111 1 0585415092 LICK
111 1 0585473016 RESP_END
111 1 0584794568 REWARD_END
112 1 0587157624 STIM_START
112 1 0587809188 LICK
112 1 0587961552 LICK
112 1 0588122328 LICK
112 1 0588256304 STIM_END_RESP_START
112 1 0588299008 LICK
112 1 0588299500 REWARD_START
112 1 0588467636 LICK
112 1 0588630192 LICK
112 1 0588774080 LICK
112 1 0589456344 RESP_END
112 1 0588330016 REWARD_END
113 1 0591099964 STIM_START
113 1 0591583200 LICK
113 1 0591837244 LICK
113 1 0592026308 LICK
113 1 0592198664 STIM_END_RESP_START
113 1 0592199332 LICK
113 1 0592199832 REWARD_START
113 1 0592414696 LICK
113 1 0592569440 LICK
113 1 0592733736 LICK
113 1 0592883692 LICK
113 1 0593060924 LICK
113 1 0593398708 RESP_END
113 1 0592230340 REWARD_END
114 0 0595075320 STIM_START
114 0 0596174004 STIM_END_RESP_START
114 0 0597374048 RESP_END
115 1 0599284372 STIM_START
115 1 0599833112 LICK
115 1 0600024752 LICK
115 1 0600213556 LICK
115 1 0600383064 STIM_END_RESP_START
115 1 0600415716 LICK
115 1 0600416204 REWARD_START
115 1 0600588492 LICK
115 1 0600733528 LICK
115 1 0600885228 LICK
115 1 0601069124 LICK
115 1 0601583084 RESP_END
115 1 0600446716 REWARD_END
116 0 0603351640 STIM_START
116 0 0604224988 LICK
116 0 0604412228 LICK
116 0 0604450316 STIM_END_RESP_START
116 0 0604611468 LICK
116 0 0604611956 TIMEOUT_START
116 0 0604795584 LICK
116 0 0604796076 TIMEOUT_START
116 0 0604965876 LICK
116 0 0604966368 TIMEOUT_START
116 0 0605151404 LICK
116 0 0605151892 TIMEOUT_START
116 0 0605322460 LICK
116 0 0605322944 TIMEOUT_START
116 0 0605533024 LICK
116 0 0605533516 TIMEOUT_START
116 0 0605650348 RESP_END
116 0 0612534016 TIMEOUT_END
117 1 0614536456 STIM_START
117 1 0615635144 STIM_END_RESP_START
117 1 0616198272 LICK
117 1 0616198756 REWARD_START
117 1 0616367084 LICK
117 1 0616524776 LICK
117 1 0616678424 LICK
117 1 0616835188 RESP_END
117 1 0616229272 REWARD_END
118 1 0618915420 STIM_START
118 1 0619677280 LICK
118 1 0619844728 LICK
118 1 0620014108 STIM_END_RESP_START
118 1 0620032896 LICK
118 1 0620033384 REWARD_START
118 1 0620191916 LICK
118 1 0620347068 LICK
118 1 0620513448 LICK
118 1 0621214152 RESP_END
118 1 0620063880 REWARD_END
119 0 0623189344 STIM_START
119 0 0623967056 LICK
119 0 0624145764 LICK
119 0 0624288040 STIM_END_RESP_START
119 0 0624346216 LICK
119 0 0624346700 TIMEOUT_START
119 0 0624522332 LICK
119 0 0624522816 TIMEOUT_START
119 0 0624685728 LICK
119 0 0624686220 TIMEOUT_START
119 0 0625488056 RESP_END
119 0 0631686716 TIMEOUT_END
120 0 0633654056 STIM_START
120 0 0634752744 STIM_END_RESP_START
120 0 0635952788 RESP_END
121 0 0637683384 STIM_START
121 0 0638782072 STIM_END_RESP_START
121 0 0639982116 RESP_END
122 1 0641792556 STIM_START
122 1 0642840456 LICK
122 1 0642891256 STIM_END_RESP_START
122 1 0643021732 LICK
122 1 0643022224 REWARD_START
122 1 0643211128 LICK
122 1 0643369052 LICK
122 1 0643510892 LICK
122 1 0643679896 LICK
122 1 0644091300 RESP_END
122 1 0643052720 REWARD_END
123 1 0646015604 STIM_START
123 1 0646960816 LICK
123 1 0647114032 LICK
123 1 0647114552 STIM_END_RESP_START
123 1 0647271648 LICK
123 1 0647272132 REWARD_START
123 1 0647435664 LICK
123 1 0647734332 LICK
123 1 0647899420 LICK
123 1 0648273064 LICK
123 1 0648314588 RESP_END
123 1 0647302648 REWARD_END
124 1 0651427308 STIM_START
124 1 0652309548 LICK
124 1 0652471932 LICK
124 1 0652525972 STIM_END_RESP_START
124 1 0652676536 LICK
124 1 0652677024 REWARD_START
124 1 0652838212 LICK
124 1 0653006788 LICK
124 1 0653726000 RESP_END
124 1 0652707540 REWARD_END
125 0 0655746204 STIM_START
125 0 0656844892 STIM_END_RESP_START
125 0 0657832508 LICK
125 0 0657833000 TIMEOUT_START
125 0 0658036324 LICK
125 0 0658036812 TIMEOUT_START
125 0 0658044924 RESP_END
125 0 0665037304 TIMEOUT_END
126 1 0667110904 STIM_START
126 1 0668209596 STIM_END_RESP_START
126 1 0668292180 LICK
126 1 0668292664 REWARD_START
126 1 0668491912 LICK
126 1 0668797968 LICK
126 1 0668956348 LICK
126 1 0669409624 RESP_END
126 1 0668323180 REWARD_END
127 0 0671428876 STIM_START
127 0 0672338852 LICK
127 0 0672510752 LICK
127 0 0672527544 STIM_END_RESP_START
127 0 0673727584 RESP_END
128 0 0675659904 STIM_START
128 0 0676758596 STIM_END_RESP_START
128 0 0677958632 RESP_END
129 1 0679809016 STIM_START
129 1 0680907704 STIM_END_RESP_START
129 1 0681215856 LICK
129 1 0681216352 REWARD_START
129 1 0681412968 LICK
129 1 0681593876 LICK
129 1 0681749896 LICK
129 1 0682107712 RESP_END
129 1 0681246844 REWARD_END
130 1 0684047044 STIM_START
130 1 0684883596 LICK
130 1 0685145704 STIM_END_RESP_START
130 1 0685161160 LICK
130 1 0685161652 REWARD_START
130 1 0685322492 LICK
130 1 0685486140 LICK
130 1 0685655928 LICK
130 1 0685993052 LICK
130 1 0686188260 LICK
130 1 0686345748 RESP_END
130 1 0685192156 REWARD_END
131 1 0688091328 STIM_START
131 1 0689190024 STIM_END_RESP_START
131 1 0689194952 LICK
131 1 0689195452 REWARD_START
131 1 0689340280 LICK
131 1 0689499920 LICK
131 1 0689645284 LICK
131 1 0689842116 LICK
131 1 0690390056 RESP_END
131 1 0689225952 REWARD_END
132 0 0692055672 STIM_START
132 0 0692594020 LICK
132 0 0693154352 STIM_END_RESP_START
132 0 0694354396 RESP_END
133 0 0696423548 STIM_START
133 0 0697233892 LICK
133 0 0697421780 LICK
133 0 0697522240 STIM_END_RESP_START
133 0 0698722276 RESP_END
134 0 0702198796 STIM_START
134 0 0703297480 STIM_END_RESP_START
134 0 0704497524 RESP_END
135 1 0706566664 STIM_START
135 1 0707665352 STIM_END_RESP_START
135 1 0707852928 LICK
135 1 0707853420 REWARD_START
135 1 0708042692 LICK
135 1 0708211732 LICK
135 1 0708364800 LICK
135 1 0708514148 LICK
135 1 0708865368 RESP_END
135 1 0707883928 REWARD_END
136 0 0710848616 STIM_START
136 0 0711849108 LICK
136 0 0711947280 STIM_END_RESP_START
136 0 0712038828 LICK
136 0 0712039316 TIMEOUT_START
136 0 0712419792 LICK
136 0 0712420280 TIMEOUT_START
136 0 0712595036 LICK
136 0 0712595528 TIMEOUT_START
136 0 0712801692 LICK
136 0 0712802176 TIMEOUT_START
136 0 0713147292 RESP_END
136 0 0719802688 TIMEOUT_END
137 1 0721449228 STIM_START
137 1 0722547916 STIM_END_RESP_START
137 1 0723447728 LICK
137 1 0723448220 REWARD_START
137 1 0723747956 RESP_END
137 1 0723478716 REWARD_END
138 0 0725897972 STIM_START
138 0 0726996660 STIM_END_RESP_START
138 0 0728196704 RESP_END
139 0 0730067048 STIM_START
139 0 0731165736 STIM_END_RESP_START
139 0 0732365776 RESP_END
140 1 0734015420 STIM_START
140 1 0735114104 STIM_END_RESP_START
140 1 0735776468 LICK
140 1 0735776960 REWARD_START
140 1 0735942180 LICK
140 1 0736104236 LICK
140 1 0736236448 LICK
140 1 0736314132 RESP_END
140 1 0735807468 REWARD_END
141 1 0739855588 STIM_START
141 1 0740675672 LICK
141 1 0740838532 LICK
141 1 0740954248 STIM_END_RESP_START
141 1 0741027028 LICK
141 1 0741027516 REWARD_START
141 1 0741198488 LICK
141 1 0741348636 LICK
141 1 0741494424 LICK
141 1 0742154280 RESP_END
141 1 0741058032 REWARD_END
142 0 0744471224 STIM_START
142 0 0744852488 LICK
142 0 0745049632 LICK
142 0 0745569916 STIM_END_RESP_START
142 0 0746769960 RESP_END
143 1 0748417600 STIM_START
143 1 0749516292 STIM_END_RESP_START
143 1 0749603524 LICK
143 1 0749604016 REWARD_START
143 1 0749783444 LICK
143 1 0749948236 LICK
143 1 0750104792 LICK
143 1 0750716324 RESP_END
143 1 0749634524 REWARD_END
144 1 0752795448 STIM_START
144 1 0753894116 STIM_END_RESP_START
144 1 0753902040 LICK
144 1 0753902536 REWARD_START
144 1 0754041580 LICK
144 1 0754223468 LICK
144 1 0754381192 LICK
144 1 0755094148 RESP_END
144 1 0753933048 REWARD_END
145 1 0758437804 STIM_START
145 1 0759130204 LICK
145 1 0759303320 LICK
145 1 0759497972 LICK
145 1 0759536488 STIM_END_RESP_START
145 1 0759665460 LICK
145 1 0759665952 REWARD_START
145 1 0759889144 LICK
145 1 0760165512 LICK
145 1 0760531908 LICK
145 1 0760736500 RESP_END
145 1 0759696452 REWARD_END
146 0 0762520076 STIM_START
146 0 0763618764 STIM_END_RESP_START
146 0 0764818808 RESP_END
147 1 0766872944 STIM_START
147 1 0767965340 LICK
147 1 0767971628 STIM_END_RESP_START
147 1 0768168008 LICK
147 1 0768168492 REWARD_START
147 1 0768624612 LICK
147 1 0768912896 LICK
147 1 0769088068 LICK
147 1 0769171644 RESP_END
147 1 0768198984 REWARD_END
148 0 0770924200 STIM_START
148 0 0772022888 STIM_END_RESP_START
148 0 0772582220 LICK
148 0 0772582712 TIMEOUT_START
148 0 0773222924 RESP_END
148 0 0779583220 TIMEOUT_END
149 1 0781416904 STIM_START
149 1 0782515592 STIM_END_RESP_START
149 1 0782644908 LICK
149 1 0782645400 REWARD_START
149 1 0782823896 LICK
149 1 0782994524 LICK
149 1 0783153776 LICK
149 1 0783715632 RESP_END
149 1 0782675908 REWARD_END
150 1 0785433196 STIM_START
150 1 0786181244 LICK
150 1 0786343064 LICK
150 1 0786531864 STIM_END_RESP_START
150 1 0786535228 LICK
150 1 0786535720 REWARD_START
150 1 0786706108 LICK
150 1 0786986456 LICK
150 1 0787731912 RESP_END
150 1 0786566224 REWARD_END
151 0 0789696212 STIM_START
151 0 0790631524 LICK
151 0 0790794880 STIM_END_RESP_START
151 0 0791994920 RESP_END
152 0 0793799424 STIM_START
152 0 0794898112 STIM_END_RESP_START
152 0 0795323388 LICK
152 0 0795323880 TIMEOUT_START
152 0 0795510340 LICK
152 0 0795510832 TIMEOUT_START
152 0 0795694428 LICK
152 0 0795694912 TIMEOUT_START
152 0 0795871276 LICK
152 0 0795871764 TIMEOUT_START
152 0 0796098148 RESP_END
152 0 0802872276 TIMEOUT_END
153 1 0804598760 STIM_START
153 1 0805697448 STIM_END_RESP_START
153 1 0805773760 LICK
153 1 0805774248 REWARD_START
153 1 0806263980 LICK
153 1 0806897472 RESP_END
153 1 0805804760 REWARD_END
154 0 0808740864 STIM_START
154 0 0809839552 STIM_END_RESP_START
154 0 0811039596 RESP_END
155 1 0812832084 STIM_START
155 1 0813711888 LICK
155 1 0813906784 LICK
155 1 0813930752 STIM_END_RESP_START
155 1 0814324392 LICK
155 1 0814324884 REWARD_START
155 1 0814506944 LICK
155 1 0815130780 RESP_END
155 1 0814355396 REWARD_END
156 0 0816934260 STIM_START
156 0 0818032948 STIM_END_RESP_START
156 0 0819232996 RESP_END
157 1 0821103368 STIM_START
157 1 0821989452 LICK
157 1 0822202040 STIM_END_RESP_START
157 1 0822384432 LICK
157 1 0822384928 REWARD_START
157 1 0822567840 LICK
157 1 0822727288 LICK
157 1 0822893588 LICK
157 1 0823402080 RESP_END
157 1 0822415424 REWARD_END
158 1 0825032788 STIM_START
158 1 0826117900 LICK
158 1 0826131476 STIM_END_RESP_START
158 1 0826252320 LICK
158 1 0826252804 REWARD_START
158 1 0826410232 LICK
158 1 0826566136 LICK
158 1 0826697900 LICK
158 1 0826875164 LICK
158 1 0827331500 RESP_END
158 1 0826283300 REWARD_END
159 1 0829270776 STIM_START
159 1 0830230016 LICK
159 1 0830369444 STIM_END_RESP_START
159 1 0830415572 LICK
159 1 0830416064 REWARD_START
159 1 0830620388 LICK
159 1 0830775800 LICK
159 1 0830920160 LICK
159 1 0831569464 RESP_END
159 1 0830446572 REWARD_END
160 0 0833436932 STIM_START
160 0 0834535620 STIM_END_RESP_START
160 0 0835735668 RESP_END
161 1 0837328296 STIM_START
161 1 0838063180 LICK
161 1 0838232564 LICK
161 1 0838404572 LICK
161 1 0838426960 STIM_END_RESP_START
161 1 0838597832 LICK
161 1 0838598320 REWARD_START
161 1 0838774996 LICK
161 1 0838933408 LICK
161 1 0839088484 LICK
161 1 0839626984 RESP_END
161 1 0838628836 REWARD_END
162 0 0841392596 STIM_START
162 0 0842491284 STIM_END_RESP_START
162 0 0843691328 RESP_END
163 0 0845761480 STIM_START
163 0 0846860164 STIM_END_RESP_START
163 0 0848060208 RESP_END
164 1 0850054436 STIM_START
164 1 0851071304 LICK
164 1 0851153120 STIM_END_RESP_START
164 1 0851238584 LICK
164 1 0851239076 REWARD_START
164 1 0851465044 LICK
164 1 0851757464 LICK
164 1 0852353136 RESP_END
164 1 0851269584 REWARD_END
165 0 0854218560 STIM_START
165 0 0855317248 STIM_END_RESP_START
165 0 0856517292 RESP_END
166 0 0858289768 STIM_START
166 0 0859388456 STIM_END_RESP_START
166 0 0860588504 RESP_END
167 0 0862445912 STIM_START
167 0 0863544600 STIM_END_RESP_START
167 0 0864744644 RESP_END
168 1 0866594052 STIM_START
168 1 0867692740 STIM_END_RESP_START
168 1 0868510084 LICK
168 1 0868510568 REWARD_START
168 1 0868682848 LICK
168 1 0868837016 LICK
168 1 0868892764 RESP_END
168 1 0868541084 REWARD_END
169 0 0870776132 STIM_START
169 0 0871874820 STIM_END_RESP_START
169 0 0873074864 RESP_END
170 1 0875110048 STIM_START
170 1 0875711588 LICK
170 1 0876173624 LICK
170 1 0876208736 STIM_END_RESP_START
170 1 0876334800 LICK
170 1 0876335292 REWARD_START
170 1 0876506584 LICK
170 1 0876653936 LICK
170 1 0876802676 LICK
170 1 0877408748 RESP_END
170 1 0876365800 REWARD_END
171 0 0879473944 STIM_START
171 0 0880572636 STIM_END_RESP_START
171 0 0881772680 RESP_END
172 0 0883623044 STIM_START
172 0 0884721732 STIM_END_RESP_START
172 0 0885060672 LICK
172 0 0885061156 TIMEOUT_START
172 0 0885255144 LICK
172 0 0885255636 TIMEOUT_START
172 0 0885440404 LICK
172 0 0885440896 TIMEOUT_START
172 0 0885611036 LICK
172 0 0885611528 TIMEOUT_START
172 0 0885921764 RESP_END
172 0 0892612036 TIMEOUT_END
173 1 0894561252 STIM_START
173 1 0895659944 STIM_END_RESP_START
173 1 0896555672 LICK
173 1 0896556164 REWARD_START
173 1 0896698696 LICK
173 1 0896859876 LICK
173 1 0896860384 RESP_END
173 1 0896586672 REWARD_END
174 0 0898608496 STIM_START
174 0 0899707192 STIM_END_RESP_START
174 0 0900907236 RESP_END
175 0 0902957360 STIM_START
175 0 0903951888 LICK
175 0 0904056032 STIM_END_RESP_START
175 0 0904098512 LICK
175 0 0904099004 TIMEOUT_START
175 0 0904283020 LICK
175 0 0904283512 TIMEOUT_START
175 0 0904489808 LICK
175 0 0904490296 TIMEOUT_START
175 0 0904675076 LICK
175 0 0904675568 TIMEOUT_START
175 0 0905256064 RESP_END
175 0 0911676060 TIMEOUT_END
176 0 0913513012 STIM_START
176 0 0914611700 STIM_END_RESP_START
176 0 0915811744 RESP_END
177 1 0917825948 STIM_START
177 1 0918924636 STIM_END_RESP_START
177 1 0920124680 RESP_END
178 1 0921713416 STIM_START
178 1 0922812104 STIM_END_RESP_START
178 1 0923419168 LICK
178 1 0923419660 REWARD_START
178 1 0923608804 LICK
178 1 0923760544 LICK
178 1 0923897264 LICK
178 1 0924012128 RESP_END
178 1 0923450168 REWARD_END
179 0 0925615848 STIM_START
179 0 0926714536 STIM_END_RESP_START
179 0 0926842500 LICK
179 0 0926842992 TIMEOUT_START
179 0 0927039260 LICK
179 0 0927039752 TIMEOUT_START
179 0 0927221768 LICK
179 0 0927222252 TIMEOUT_START
179 0 0927401396 LICK
179 0 0927401880 TIMEOUT_START
179 0 0927609428 LICK
179 0 0927609920 TIMEOUT_START
179 0 0927914584 RESP_END
179 0 0934610424 TIMEOUT_END
180 0 0936587972 STIM_START
180 0 0937686664 STIM_END_RESP_START
180 0 0938886708 RESP_END
181 0 0940897896 STIM_START
181 0 0941513180 LICK
181 0 0941704632 LICK
181 0 0941872120 LICK
181 0 0941996556 STIM_END_RESP_START
181 0 0942035480 LICK
181 0 0942035972 TIMEOUT_START
181 0 0942231676 LICK
181 0 0942232160 TIMEOUT_START
181 0 0943196584 RESP_END
181 0 0949232676 TIMEOUT_END
182 1 0950910172 STIM_START
182 1 0951840048 LICK
182 1 0952008860 STIM_END_RESP_START
182 1 0952029800 LICK
182 1 0952030292 REWARD_START
182 1 0952188568 LICK
182 1 0952358476 LICK
182 1 0952485684 LICK
182 1 0952634048 LICK
182 1 0953208872 RESP_END
182 1 0952060800 REWARD_END
183 0 0956329824 STIM_START
183 0 0957428516 STIM_END_RESP_START
183 0 0958628560 RESP_END
184 1 0960404036 STIM_START
184 1 0961491388 LICK
184 1 0961502732 STIM_END_RESP_START
184 1 0961683800 LICK
184 1 0961684284 REWARD_START
184 1 0961863212 LICK
184 1 0962024236 LICK
184 1 0962183192 LICK
184 1 0962520688 LICK
184 1 0962702756 RESP_END
184 1 0961714800 REWARD_END
185 1 0964443248 STIM_START
185 1 0965116628 LICK
185 1 0965308968 LICK
185 1 0965499096 LICK
185 1 0965541924 STIM_END_RESP_START
185 1 0965680464 LICK
185 1 0965680952 REWARD_START
185 1 0965850776 LICK
185 1 0966013148 LICK
185 1 0966348324 LICK
185 1 0966741936 RESP_END
185 1 0965711464 REWARD_END
186 1 0968807124 STIM_START
186 1 0969439140 LICK
186 1 0969640712 LICK
186 1 0969816496 LICK
186 1 0969905820 STIM_END_RESP_START
186 1 0969992792 LICK
186 1 0969993288 REWARD_START
186 1 0970158748 LICK
186 1 0970320576 LICK
186 1 0970505880 LICK
186 1 0971105848 RESP_END
186 1 0970023792 REWARD_END
187 0 0973188064 STIM_START
187 0 0974286752 STIM_END_RESP_START
187 0 0974500572 LICK
187 0 0974501060 TIMEOUT_START
187 0 0974655316 LICK
187 0 0974655808 TIMEOUT_START
187 0 0974840540 LICK
187 0 0974841032 TIMEOUT_START
187 0 0975486792 RESP_END
187 0 0981841540 TIMEOUT_END
188 0 0983513928 STIM_START
188 0 0984612616 STIM_END_RESP_START
188 0 0985812664 RESP_END
189 0 0987749920 STIM_START
189 0 0988848608 STIM_END_RESP_START
189 0 0990048656 RESP_END
190 1 0991814168 STIM_START
190 1 0992912856 STIM_END_RESP_START
190 1 0993317596 LICK
190 1 0993318088 REWARD_START
190 1 0993497976 LICK
190 1 0993653972 LICK
190 1 0993809356 LICK
190 1 0994112888 RESP_END
190 1 0993348596 REWARD_END
191 1 0996229008 STIM_START
191 1 0997327676 STIM_END_RESP_START
191 1 0997338484 LICK
191 1 0997338968 REWARD_START
191 1 0997550360 LICK
191 1 0997726836 LICK
191 1 0998527696 RESP_END
191 1 0997369484 REWARD_END
192 1 1000450084 STIM_START
192 1 1000908904 LICK
192 1 1001105144 LICK
192 1 1001291004 LICK
192 1 1001493828 LICK
192 1 1001548776 STIM_END_RESP_START
192 1 1001662580 LICK
192 1 1001663112 REWARD_START
192 1 1001837244 LICK
192 1 1001998440 LICK
192 1 1002329600 LICK
192 1 1002507168 LICK
192 1 1002748812 RESP_END
192 1 1001693672 REWARD_END
193 0 1004766028 STIM_START
193 0 1005864692 STIM_END_RESP_START
193 0 1007064720 RESP_END
194 0 1009078912 STIM_START
194 0 1010177580 STIM_END_RESP_START
194 0 1011377604 RESP_END
195 1 1013447860 STIM_START
195 1 1014546528 STIM_END_RESP_START
195 1 1014816520 LICK
195 1 1014817056 REWARD_START
195 1 1015008844 LICK
195 1 1015182360 LICK
195 1 1015343460 LICK
195 1 1015746556 RESP_END
195 1 1014847616 REWARD_END
196 1 1017564004 STIM_START
196 1 1018314564 LICK
196 1 1018492080 LICK
196 1 1018662692 STIM_END_RESP_START
196 1 1018682388 LICK
196 1 1018682920 REWARD_START
196 1 1018861704 LICK
196 1 1019022156 LICK
196 1 1019175124 LICK
196 1 1019862736 RESP_END
196 1 1018713480 REWARD_END
197 1 1023639888 STIM_START
197 1 1024350040 LICK
197 1 1024554600 LICK
197 1 1024738560 STIM_END_RESP_START
197 1 1024766308 LICK
197 1 1024766840 REWARD_START
197 1 1024933408 LICK
197 1 1025093956 LICK
197 1 1025245772 LICK
197 1 1025850652 LICK
197 1 1025938588 RESP_END
197 1 1024797400 REWARD_END
198 0 1027546288 STIM_START
198 0 1028644952 STIM_END_RESP_START
198 0 1029844968 RESP_END
199 1 1031496672 STIM_START
199 1 1032595340 STIM_END_RESP_START
199 1 1033155028 LICK
199 1 1033155560 REWARD_START
199 1 1033317124 LICK
199 1 1033497812 LICK
199 1 1033651640 LICK
199 1 1033795360 RESP_END
199 1 1033186120 REWARD_END
200 1 1035595852 STIM_START
200 1 1036096656 LICK
200 1 1036282088 LICK
200 1 1036451468 LICK
200 1 1036631496 LICK
200 1 1036694520 STIM_END_RESP_START
200 1 1036819580 LICK
200 1 1036820112 REWARD_START
200 1 1037011756 LICK
200 1 1037182164 LICK
200 1 1037329880 LICK
200 1 1037894540 RESP_END
200 1 1036850672 REWARD_END
201 1 1039740008 STIM_START
201 1 1040314508 LICK
201 1 1040521396 LICK
201 1 1040741256 LICK
201 1 1040838700 STIM_END_RESP_START
201 1 1040885028 LICK
201 1 1040885560 REWARD_START
201 1 1041079772 LICK
201 1 1041240952 LICK
201 1 1041371760 LICK
201 1 1042038744 RESP_END
201 1 1040916120 REWARD_END
202 0 1043783228 STIM_START
202 0 1044881892 STIM_END_RESP_START
202 0 1046081916 RESP_END
203 0 1047894376 STIM_START
203 0 1048993044 STIM_END_RESP_START
203 0 1050193068 RESP_END
204 0 1051971664 STIM_START
204 0 1053070324 STIM_END_RESP_START
204 0 1054270348 RESP_END
205 1 1056148740 STIM_START
205 1 1057247404 STIM_END_RESP_START
205 1 1057589400 LICK
205 1 1057589932 REWARD_START
205 1 1057780072 LICK
205 1 1057955140 LICK
205 1 1058118336 LICK
205 1 1058447440 RESP_END
205 1 1057620488 REWARD_END
206 1 1060148064 STIM_START
206 1 1060923328 LICK
206 1 1061097816 LICK
206 1 1061246720 STIM_END_RESP_START
206 1 1061286524 LICK
206 1 1061287060 REWARD_START
206 1 1061462492 LICK
206 1 1061618252 LICK
206 1 1061769044 LICK
206 1 1062446764 RESP_END
206 1 1061317612 REWARD_END
207 0 1064508956 STIM_START
207 0 1065169044 LICK
207 0 1065354308 LICK
207 0 1065529284 LICK
207 0 1065607628 STIM_END_RESP_START
207 0 1065748968 LICK
207 0 1065749500 TIMEOUT_START
207 0 1065918356 LICK
207 0 1065918892 TIMEOUT_START
207 0 1066085844 LICK
207 0 1066086376 TIMEOUT_START
207 0 1066273120 LICK
207 0 1066273648 TIMEOUT_START
207 0 1066807644 RESP_END
207 0 1073274208 TIMEOUT_END
208 1 1074916700 STIM_START
208 1 1076015368 STIM_END_RESP_START
208 1 1076272560 LICK
208 1 1076273092 REWARD_START
208 1 1076439848 LICK
208 1 1076591972 LICK
208 1 1076740076 LICK
208 1 1077215388 RESP_END
208 1 1076303648 REWARD_END
209 0 1078881056 STIM_START
209 0 1079596444 LICK
209 0 1079784412 LICK
209 0 1079979740 STIM_END_RESP_START
209 0 1081179764 RESP_END
210 0 1083136112 STIM_START
210 0 1084234776 STIM_END_RESP_START
210 0 1085434792 RESP_END
211 0 1087073480 STIM_START
211 0 1088172148 STIM_END_RESP_START
211 0 1089372168 RESP_END
212 1 1091068800 STIM_START
212 1 1092167468 STIM_END_RESP_START
212 1 1092866876 LICK
212 1 1092867412 REWARD_START
212 1 1093045760 LICK
212 1 1093204068 LICK
212 1 1093337140 LICK
212 1 1093367492 RESP_END
212 1 1092897972 REWARD_END
213 0 1095246900 STIM_START
213 0 1095374568 LICK
213 0 1096345576 STIM_END_RESP_START
213 0 1097545600 RESP_END
214 0 1099516900 STIM_START
214 0 1100615568 STIM_END_RESP_START
214 0 1101815592 RESP_END
215 0 1103520172 STIM_START
215 0 1104618836 STIM_END_RESP_START
215 0 1105818864 RESP_END
216 1 1107758204 STIM_START
216 1 1108856868 STIM_END_RESP_START
216 1 1109140076 LICK
216 1 1109140612 REWARD_START
216 1 1109338052 LICK
216 1 1109495832 LICK
216 1 1109640056 LICK
216 1 1110056912 RESP_END
216 1 1109171168 REWARD_END
217 1 1111857392 STIM_START
217 1 1112902232 LICK
217 1 1112956084 STIM_END_RESP_START
217 1 1113073512 LICK
217 1 1113074056 REWARD_START
217 1 1113276968 LICK
217 1 1113540628 LICK
217 1 1113695556 LICK
217 1 1114156104 RESP_END
217 1 1113104616 REWARD_END
218 1 1116038468 STIM_START
218 1 1116957540 LICK
218 1 1117101096 LICK
218 1 1117137148 STIM_END_RESP_START
218 1 1117271652 LICK
218 1 1117272192 REWARD_START
218 1 1117424476 LICK
218 1 1117586176 LICK
218 1 1117727080 LICK
218 1 1117887128 LICK
218 1 1118337180 RESP_END
218 1 1117302744 REWARD_END
219 0 1120257568 STIM_START
219 0 1121356236 STIM_END_RESP_START
219 0 1122556260 RESP_END
220 0 1124548484 STIM_START
220 0 1125647152 STIM_END_RESP_START
220 0 1125792180 LICK
220 0 1125792712 TIMEOUT_START
220 0 1125956732 LICK
220 0 1125957264 TIMEOUT_START
220 0 1126121216 LICK
220 0 1126121756 TIMEOUT_START
220 0 1126328928 LICK
220 0 1126329464 TIMEOUT_START
220 0 1126847188 RESP_END
220 0 1133330032 TIMEOUT_END
221 1 1134935328 STIM_START
221 1 1136033992 STIM_END_RESP_START
221 1 1136422644 LICK
221 1 1136423184 REWARD_START
221 1 1136584236 LICK
221 1 1136881644 LICK
221 1 1137038548 LICK
221 1 1137234036 RESP_END
221 1 1136453744 REWARD_END
222 1 1139229324 STIM_START
222 1 1140060040 LICK
222 1 1140231424 LICK
222 1 1140328004 STIM_END_RESP_START
222 1 1140422988 LICK
222 1 1140423520 REWARD_START
222 1 1140578400 LICK
222 1 1140740212 LICK
222 1 1140910592 LICK
222 1 1141528044 RESP_END
222 1 1140454080 REWARD_END
223 1 1143373420 STIM_START
223 1 1144472088 STIM_END_RESP_START
223 1 1144638432 LICK
223 1 1144638972 REWARD_START
223 1 1144836760 LICK
223 1 1145007844 LICK
223 1 1145159964 LICK
223 1 1145672136 RESP_END
223 1 1144669536 REWARD_END
224 0 1147418712 STIM_START
224 0 1148517372 STIM_END_RESP_START
224 0 1149717400 RESP_END
225 0 1151376064 STIM_START
225 0 1152474732 STIM_END_RESP_START
225 0 1153674756 RESP_END
226 0 1155585092 STIM_START
226 0 1156683792 STIM_END_RESP_START
226 0 1157883812 RESP_END
227 1 1159842132 STIM_START
227 1 1160940796 STIM_END_RESP_START
227 1 1161336140 LICK
227 1 1161336672 REWARD_START
227 1 1161530724 LICK
227 1 1161697684 LICK
227 1 1161869936 LICK
227 1 1162140820 RESP_END
227 1 1161367232 REWARD_END
228 1 1164127088 STIM_START
228 1 1165225752 STIM_END_RESP_START
228 1 1165257148 LICK
228 1 1165257680 REWARD_START
228 1 1165447680 LICK
228 1 1165633136 LICK
228 1 1166425772 RESP_END
228 1 1165288240 REWARD_END
229 0 1168392080 STIM_START
229 0 1169490744 STIM_END_RESP_START
229 0 1170139740 LICK
229 0 1170140280 TIMEOUT_START
229 0 1170335300 LICK
229 0 1170335840 TIMEOUT_START
229 0 1170690772 RESP_END
229 0 1177336404 TIMEOUT_END
230 0 1179054556 STIM_START
230 0 1180153220 STIM_END_RESP_START
230 0 1180406136 LICK
230 0 1180406668 TIMEOUT_START
230 0 1180668204 LICK
230 0 1180668736 TIMEOUT_START
230 0 1180864752 LICK
230 0 1180865284 TIMEOUT_START
230 0 1181353268 RESP_END
230 0 1187865848 TIMEOUT_END
231 1 1189624152 STIM_START
231 1 1190722816 STIM_END_RESP_START
231 1 1190997912 LICK
231 1 1190998452 REWARD_START
231 1 1191251908 LICK
231 1 1191431340 LICK
231 1 1191575844 LICK
231 1 1191922844 RESP_END
231 1 1191029012 REWARD_END
232 0 1193826256 STIM_START
232 0 1194924920 STIM_END_RESP_START
232 0 1196124944 RESP_END
233 1 1197802596 STIM_START
233 1 1198901264 STIM_END_RESP_START
233 1 1199159656 LICK
233 1 1199160192 REWARD_START
233 1 1199309884 LICK
233 1 1199451948 LICK
233 1 1200101296 RESP_END
233 1 1199190752 REWARD_END
234 1 1201723948 STIM_START
234 1 1202822616 STIM_END_RESP_START
234 1 1204022640 RESP_END
235 1 1205799196 STIM_START
235 1 1206897868 STIM_END_RESP_START
235 1 1207187444 LICK
235 1 1207187980 REWARD_START
235 1 1207354348 LICK
235 1 1207517732 LICK
235 1 1207671336 LICK
235 1 1208097908 RESP_END
235 1 1207218540 REWARD_END
236 0 1212082808 STIM_START
236 0 1213181476 STIM_END_RESP_START
236 0 1214358092 LICK
236 0 1214358632 TIMEOUT_START
236 0 1214381496 RESP_END
236 0 1221359192 TIMEOUT_END
237 0 1223417560 STIM_START
237 0 1224516228 STIM_END_RESP_START
237 0 1225716252 RESP_END
238 1 1227304980 STIM_START
238 1 1228403640 STIM_END_RESP_START
238 1 1229603668 RESP_END
239 0 1233511720 STIM_START
239 0 1234610384 STIM_END_RESP_START
239 0 1235810412 RESP_END
240 0 1237520992 STIM_START
240 0 1238619656 STIM_END_RESP_START
240 0 1239819684 RESP_END
241 1 1241869852 STIM_START
241 1 1242968520 STIM_END_RESP_START
241 1 1243721172 LICK
241 1 1243721704 REWARD_START
241 1 1243908192 LICK
241 1 1244077380 LICK
241 1 1244168568 RESP_END
241 1 1243752264 REWARD_END
242 0 1246197920 STIM_START
242 0 1247116388 LICK
242 0 1247296612 STIM_END_RESP_START
242 0 1247337576 LICK
242 0 1247338108 TIMEOUT_START
242 0 1247532540 LICK
242 0 1247533080 TIMEOUT_START
242 0 1247724728 LICK
242 0 1247725260 TIMEOUT_START
242 0 1247894900 LICK
242 0 1247895432 TIMEOUT_START
242 0 1248496656 RESP_END
242 0 1254896000 TIMEOUT_END
243 0 1256542700 STIM_START
243 0 1257641368 STIM_END_RESP_START
243 0 1257658548 LICK
243 0 1257659080 TIMEOUT_START
243 0 1257851516 LICK
243 0 1257852056 TIMEOUT_START
243 0 1258559016 LICK
243 0 1258559556 TIMEOUT_START
243 0 1258841400 RESP_END
243 0 1265560112 TIMEOUT_END
244 1 1267624656 STIM_START
244 1 1268723324 STIM_END_RESP_START
244 1 1269923348 RESP_END
245 0 1271753852 STIM_START
245 0 1272852520 STIM_END_RESP_START
245 0 1274052536 RESP_END
246 1 1275762124 STIM_START
246 1 1276860792 STIM_END_RESP_START
246 1 1277723612 LICK
246 1 1277724156 REWARD_START
246 1 1277927404 LICK
246 1 1278060812 RESP_END
246 1 1277754716 REWARD_END
247 0 1280246868 STIM_START
247 0 1281345568 STIM_END_RESP_START
247 0 1282545584 RESP_END
248 1 1284216208 STIM_START
248 1 1285314876 STIM_END_RESP_START
248 1 1285684984 LICK
248 1 1285685524 REWARD_START
248 1 1285875616 LICK
248 1 1286033736 LICK
248 1 1286195180 LICK
248 1 1286514916 RESP_END
248 1 1285716080 REWARD_END
249 1 1288196580 STIM_START
249 1 1289295244 STIM_END_RESP_START
249 1 1289481600 LICK
249 1 1289482132 REWARD_START
249 1 1289705492 LICK
249 1 1289869216 LICK
249 1 1290033704 LICK
249 1 1290495280 RESP_END
249 1 1289512692 REWARD_END
250 1 1292515504 STIM_START
250 1 1293614168 STIM_END_RESP_START
250 1 1293976924 LICK
250 1 1293977456 REWARD_START
250 1 1294174648 LICK
250 1 1294337876 LICK
250 1 1294684372 LICK
250 1 1294814204 RESP_END
250 1 1294008016 REWARD_END
251 0 1296639668 STIM_START
251 0 1297738336 STIM_END_RESP_START
251 0 1298938356 RESP_END
252 0 1300596004 STIM_START
252 0 1301694668 STIM_END_RESP_START
252 0 1302894692 RESP_END
253 0 1304845028 STIM_START
253 0 1305943692 STIM_END_RESP_START
253 0 1307143716 RESP_END
254 1 1310677176 STIM_START
254 1 1311775848 STIM_END_RESP_START
254 1 1312975864 RESP_END
255 0 1315050040 STIM_START
255 0 1316148704 STIM_END_RESP_START
255 0 1317348728 RESP_END
256 0 1319026384 STIM_START
256 0 1320125048 STIM_END_RESP_START
256 0 1321325072 RESP_END
257 1 1323292380 STIM_START
257 1 1324391048 STIM_END_RESP_START
257 1 1325489916 LICK
257 1 1325490456 REWARD_START
257 1 1325591080 RESP_END
257 1 1325521012 REWARD_END
258 0 1328170652 STIM_START
258 0 1329269316 STIM_END_RESP_START
258 0 1330469340 RESP_END
259 0 1332297848 STIM_START
259 0 1333396512 STIM_END_RESP_START
259 0 1334596532 RESP_END
260 1 1336405032 STIM_START
260 1 1337503688 STIM_END_RESP_START
260 1 1338107304 LICK
260 1 1338107836 REWARD_START
260 1 1338268776 LICK
260 1 1338425976 LICK
260 1 1338583588 LICK
260 1 1338703712 RESP_END
260 1 1338138396 REWARD_END
261 1 1340697960 STIM_START
261 1 1341431124 LICK
261 1 1341589844 LICK
261 1 1341796620 STIM_END_RESP_START
261 1 1341814756 LICK
261 1 1341815296 REWARD_START
261 1 1341987512 LICK
261 1 1342289892 LICK
261 1 1342996668 RESP_END
261 1 1341845856 REWARD_END
262 0 1344876104 STIM_START
262 0 1345974768 STIM_END_RESP_START
262 0 1347174792 RESP_END
263 1 1349038172 STIM_START
263 1 1349949516 LICK
263 1 1350136876 STIM_END_RESP_START
263 1 1350154232 LICK
263 1 1350154768 REWARD_START
263 1 1350500292 LICK
263 1 1350786364 LICK
263 1 1350947900 LICK
263 1 1351336912 RESP_END
263 1 1350185328 REWARD_END
264 1 1353004472 STIM_START
264 1 1354014484 LICK
264 1 1354103156 STIM_END_RESP_START
264 1 1354185004 LICK
264 1 1354185536 REWARD_START
264 1 1354368928 LICK
264 1 1354536296 LICK
264 1 1354702480 LICK
264 1 1354910932 LICK
264 1 1355303180 RESP_END
264 1 1354216096 REWARD_END
265 1 1357272504 STIM_START
265 1 1358371172 STIM_END_RESP_START
265 1 1358517660 LICK
265 1 1358518196 REWARD_START
265 1 1358720512 LICK
265 1 1358893796 LICK
265 1 1359044132 LICK
265 1 1359571204 RESP_END
265 1 1358548752 REWARD_END
266 0 1361539520 STIM_START
266 0 1362638188 STIM_END_RESP_START
266 0 1363560356 LICK
266 0 1363560888 TIMEOUT_START
266 0 1363838232 RESP_END
266 0 1370561436 TIMEOUT_END
267 1 1372327856 STIM_START
267 1 1373384320 LICK
267 1 1373426516 STIM_END_RESP_START
267 1 1373581884 LICK
267 1 1373582424 REWARD_START
267 1 1373763908 LICK
267 1 1373935480 LICK
267 1 1374090864 LICK
267 1 1374626548 RESP_END
267 1 1373612976 REWARD_END
268 1 1376268244 STIM_START
268 1 1377366908 STIM_END_RESP_START
268 1 1377626468 LICK
268 1 1377626996 REWARD_START
268 1 1378566940 RESP_END
268 1 1377657556 REWARD_END
269 1 1380282564 STIM_START
269 1 1381381228 STIM_END_RESP_START
269 1 1381508384 LICK
269 1 1381508916 REWARD_START
269 1 1381684624 LICK
269 1 1381844216 LICK
269 1 1382162944 LICK
269 1 1382581244 RESP_END
269 1 1381539476 REWARD_END
270 0 1384259832 STIM_START
270 0 1385358500 STIM_END_RESP_START
270 0 1385909704 LICK
270 0 1385910236 TIMEOUT_START
270 0 1386076212 LICK
270 0 1386076744 TIMEOUT_START
270 0 1386280516 LICK
270 0 1386281056 TIMEOUT_START
270 0 1386466504 LICK
270 0 1386467036 TIMEOUT_START
270 0 1386558540 RESP_END
270 0 1393467600 TIMEOUT_END
271 1 1395346836 STIM_START
271 1 1396445500 STIM_END_RESP_START
271 1 1396784716 LICK
271 1 1396785252 REWARD_START
271 1 1396997180 LICK
271 1 1397175276 LICK
271 1 1397324628 LICK
271 1 1397645536 RESP_END
271 1 1396815808 REWARD_END
272 1 1399382084 STIM_START
272 1 1400480744 STIM_END_RESP_START
272 1 1401680768 RESP_END
273 0 1403530268 STIM_START
273 0 1404628928 STIM_END_RESP_START
273 0 1405828952 RESP_END
274 0 1407681328 STIM_START
274 0 1408779992 STIM_END_RESP_START
274 0 1409980020 RESP_END
275 1 1411630736 STIM_START
275 1 1412729404 STIM_END_RESP_START
275 1 1412954528 LICK
275 1 1412955060 REWARD_START
275 1 1413182712 LICK
275 1 1413357548 LICK
275 1 1413519420 LICK
275 1 1413929416 RESP_END
275 1 1412985624 REWARD_END
276 0 1415518196 STIM_START
276 0 1416616864 STIM_END_RESP_START
276 0 1417816888 RESP_END
277 1 1419525452 STIM_START
277 1 1420624116 STIM_END_RESP_START
277 1 1420705360 LICK
277 1 1420705900 REWARD_START
277 1 1420879932 LICK
277 1 1421050480 LICK
277 1 1421209352 LICK
277 1 1421824156 RESP_END
277 1 1420736456 REWARD_END
278 0 1423470844 STIM_START
278 0 1424569512 STIM_END_RESP_START
278 0 1425769536 RESP_END
279 1 1427537100 STIM_START
279 1 1428635764 STIM_END_RESP_START
279 1 1428919464 LICK
279 1 1428919996 REWARD_START
279 1 1429083832 LICK
279 1 1429260720 LICK
279 1 1429440948 LICK
279 1 1429835816 RESP_END
279 1 1428950556 REWARD_END
280 1 1431642292 STIM_START
280 1 1432636684 LICK
280 1 1432740956 STIM_END_RESP_START
280 1 1432823176 LICK
280 1 1432823712 REWARD_START
280 1 1433033664 LICK
280 1 1433319672 LICK
280 1 1433757072 LICK
280 1 1433940988 RESP_END
280 1 1432854272 REWARD_END
281 1 1436155964 STIM_START
281 1 1437148468 LICK
281 1 1437254636 STIM_END_RESP_START
281 1 1437352104 LICK
281 1 1437352636 REWARD_START
281 1 1437530880 LICK
281 1 1437854436 LICK
281 1 1438454668 RESP_END
281 1 1437383200 REWARD_END
282 0 1441653464 STIM_START
282 0 1442752132 STIM_END_RESP_START
282 0 1443952156 RESP_END
283 0 1445900512 STIM_START
283 0 1446999176 STIM_END_RESP_START
283 0 1447267596 LICK
283 0 1447268124 TIMEOUT_START
283 0 1447502832 LICK
283 0 1447503368 TIMEOUT_START
283 0 1447690988 LICK
283 0 1447691524 TIMEOUT_START
283 0 1447896740 LICK
283 0 1447897280 TIMEOUT_START
283 0 1448108944 LICK
283 0 1448109484 TIMEOUT_START
283 0 1448199212 RESP_END
283 0 1455110032 TIMEOUT_END
284 0 1456691864 STIM_START
284 0 1457790528 STIM_END_RESP_START
284 0 1458990556 RESP_END
285 1 1460979840 STIM_START
285 1 1462078504 STIM_END_RESP_START
285 1 1463278524 RESP_END
286 1 1465284800 STIM_START
286 1 1466383464 STIM_END_RESP_START
286 1 1467583484 RESP_END
287 1 1469602696 STIM_START
287 1 1470701360 STIM_END_RESP_START
287 1 1470995984 LICK
287 1 1470996524 REWARD_START
287 1 1471177292 LICK
287 1 1471484792 LICK
287 1 1471636992 LICK
287 1 1471901384 RESP_END
287 1 1471027076 REWARD_END
288 0 1473823736 STIM_START
288 0 1474922404 STIM_END_RESP_START
288 0 1476122428 RESP_END
289 1 1478129684 STIM_START
289 1 1479228344 STIM_END_RESP_START
289 1 1479767276 LICK
289 1 1479767808 REWARD_START
289 1 1479945840 LICK
289 1 1480115412 LICK
289 1 1480271776 LICK
289 1 1480428392 RESP_END
289 1 1479798368 REWARD_END
290 0 1482105040 STIM_START
290 0 1483203708 STIM_END_RESP_START
290 0 1484403732 RESP_END
291 1 1486338100 STIM_START
291 1 1487436760 STIM_END_RESP_START
291 1 1487617528 LICK
291 1 1487618068 REWARD_START
291 1 1487795416 LICK
291 1 1487965584 LICK
291 1 1488105492 LICK
291 1 1488636776 RESP_END
291 1 1487648620 REWARD_END
292 0 1490360364 STIM_START
292 0 1491459024 STIM_END_RESP_START
292 0 1492659048 RESP_END
293 1 1494555440 STIM_START
293 1 1495654104 STIM_END_RESP_START
293 1 1496214396 LICK
293 1 1496214936 REWARD_START
293 1 1496361736 LICK
293 1 1496515344 LICK
293 1 1496653800 LICK
293 1 1496854148 RESP_END
293 1 1496245496 REWARD_END
294 0 1498653628 STIM_START
294 0 1499752296 STIM_END_RESP_START
294 0 1500952320 RESP_END
295 1 1503008520 STIM_START
295 1 1504107188 STIM_END_RESP_START
295 1 1504304292 LICK
295 1 1504304824 REWARD_START
295 1 1504504928 LICK
295 1 1504666412 LICK
295 1 1504825628 LICK
295 1 1505307232 RESP_END
295 1 1504335384 REWARD_END
296 0 1507150624 STIM_START
296 0 1508249292 STIM_END_RESP_START
296 0 1509449316 RESP_END
297 0 1511479608 STIM_START
297 0 1512578272 STIM_END_RESP_START
297 0 1513778296 RESP_END
298 1 1515853452 STIM_START
298 1 1516952116 STIM_END_RESP_START
298 1 1517051460 LICK
298 1 1517052000 REWARD_START
298 1 1517227928 LICK
298 1 1517394732 LICK
298 1 1517551720 LICK
298 1 1518152132 RESP_END
298 1 1517082552 REWARD_END
299 1 1519933680 STIM_START
299 1 1521032352 STIM_END_RESP_START
299 1 1521123768 LICK
299 1 1521124300 REWARD_START
299 1 1521302316 LICK
299 1 1522232400 RESP_END
299 1 1521154860 REWARD_END
300 0 1523898992 STIM_START
300 0 1524997660 STIM_END_RESP_START
300 0 1526197684 RESP_END
301 1 1527971236 STIM_START
301 1 1529069904 STIM_END_RESP_START
301 1 1529569264 LICK
301 1 1529569804 REWARD_START
301 1 1529749180 LICK
301 1 1530089904 LICK
301 1 1530269924 RESP_END
301 1 1529600364 REWARD_END
302 1 1532292160 STIM_START
302 1 1533313144 LICK
302 1 1533390828 STIM_END_RESP_START
302 1 1533496288 LICK
302 1 1533496832 REWARD_START
302 1 1533681988 LICK
302 1 1533972044 LICK
302 1 1534147864 LICK
302 1 1534590860 RESP_END
302 1 1533527392 REWARD_END
303 1 1536561108 STIM_START
303 1 1537659776 STIM_END_RESP_START
303 1 1538518408 LICK
303 1 1538518940 REWARD_START
303 1 1538735196 LICK
303 1 1538859812 RESP_END
303 1 1538549504 REWARD_END
304 0 1541076888 STIM_START
304 0 1542175552 STIM_END_RESP_START
304 0 1543375576 RESP_END
305 0 1545385812 STIM_START
305 0 1546484480 STIM_END_RESP_START
305 0 1547684504 RESP_END
306 0 1549623820 STIM_START
306 0 1550722488 STIM_END_RESP_START
306 0 1551922512 RESP_END
307 1 1553600176 STIM_START
307 1 1554698844 STIM_END_RESP_START
307 1 1555698912 LICK
307 1 1555699448 REWARD_START
307 1 1555898868 RESP_END
307 1 1555730008 REWARD_END
308 0 1557840184 STIM_START
308 0 1558938856 STIM_END_RESP_START
308 0 1560138880 RESP_END
309 1 1561722620 STIM_START
309 1 1562821288 STIM_END_RESP_START
309 1 1563369644 LICK
309 1 1563370176 REWARD_START
309 1 1563632812 LICK
309 1 1563784056 LICK
309 1 1563929540 LICK
309 1 1564021304 RESP_END
309 1 1563400736 REWARD_END
310 1 1565986640 STIM_START
310 1 1567085304 STIM_END_RESP_START
310 1 1568285332 RESP_END
311 1 1572850604 STIM_START
311 1 1573949276 STIM_END_RESP_START
311 1 1575149300 RESP_END
312 0 1576959720 STIM_START
312 0 1578058388 STIM_END_RESP_START
312 0 1579258412 RESP_END
313 0 1580949060 STIM_START
313 0 1582047728 STIM_END_RESP_START
313 0 1583247756 RESP_END
314 1 1585198072 STIM_START
314 1 1586296740 STIM_END_RESP_START
314 1 1586602104 LICK
314 1 1586602636 REWARD_START
314 1 1586811544 LICK
314 1 1587108540 LICK
314 1 1587282132 LICK
314 1 1587496768 RESP_END
314 1 1586633200 REWARD_END
315 0 1589219384 STIM_START
315 0 1590318048 STIM_END_RESP_START
315 0 1591518072 RESP_END
316 0 1593253580 STIM_START
316 0 1594352252 STIM_END_RESP_START
316 0 1595552276 RESP_END
317 1 1597384780 STIM_START
317 1 1598483448 STIM_END_RESP_START
317 1 1598513492 LICK
317 1 1598514024 REWARD_START
317 1 1599189544 LICK
317 1 1599683468 RESP_END
317 1 1598544584 REWARD_END
318 0 1601462020 STIM_START
318 0 1602560688 STIM_END_RESP_START
318 0 1603760708 RESP_END
319 1 1605474260 STIM_START
319 1 1606572928 STIM_END_RESP_START
319 1 1607645336 LICK
319 1 1607645868 REWARD_START
319 1 1607772956 RESP_END
319 1 1607676432 REWARD_END
320 1 1609920104 STIM_START
320 1 1610815164 LICK
320 1 1610988448 LICK
320 1 1611018796 STIM_END_RESP_START
320 1 1611173612 LICK
320 1 1611174152 REWARD_START
320 1 1611345636 LICK
320 1 1611521720 LICK
320 1 1612218824 RESP_END
320 1 1611204712 REWARD_END
321 1 1614167064 STIM_START
321 1 1614759108 LICK
321 1 1614967236 LICK
321 1 1615128864 LICK
321 1 1615265728 STIM_END_RESP_START
321 1 1615309584 LICK
321 1 1615310120 REWARD_START
321 1 1615484864 LICK
321 1 1615655996 LICK
321 1 1615811756 LICK
321 1 1616465768 RESP_END
321 1 1615340680 REWARD_END
322 0 1618430104 STIM_START
322 0 1619528768 STIM_END_RESP_START
322 0 1620728788 RESP_END
323 1 1622738048 STIM_START
323 1 1623836716 STIM_END_RESP_START
323 1 1624012296 LICK
323 1 1624012836 REWARD_START
323 1 1624197400 LICK
323 1 1624367836 LICK
323 1 1624536876 LICK
323 1 1625036760 RESP_END
323 1 1624043388 REWARD_END
324 0 1626817244 STIM_START
324 0 1627915912 STIM_END_RESP_START
324 0 1629115936 RESP_END
325 0 1633003932 STIM_START
325 0 1634102604 STIM_END_RESP_START
325 0 1635302624 RESP_END
326 1 1637115152 STIM_START
326 1 1638213824 STIM_END_RESP_START
326 1 1638412116 LICK
326 1 1638412652 REWARD_START
326 1 1638590712 LICK
326 1 1638786824 LICK
326 1 1639413840 RESP_END
326 1 1638443208 REWARD_END
327 1 1641327236 STIM_START
327 1 1642425900 STIM_END_RESP_START
327 1 1643625924 RESP_END
328 1 1645581200 STIM_START
328 1 1646679864 STIM_END_RESP_START
328 1 1647134404 LICK
328 1 1647134940 REWARD_START
328 1 1647302032 LICK
328 1 1647481532 LICK
328 1 1647656856 LICK
328 1 1647879888 RESP_END
328 1 1647165500 REWARD_END
329 0 1649889168 STIM_START
329 0 1650987832 STIM_END_RESP_START
329 0 1652187856 RESP_END
330 0 1654120200 STIM_START
330 0 1655166352 LICK
330 0 1655218872 STIM_END_RESP_START
330 0 1655324516 LICK
330 0 1655325056 TIMEOUT_START
330 0 1655519104 LICK
330 0 1655519644 TIMEOUT_START
330 0 1655691644 LICK
330 0 1655692172 TIMEOUT_START
330 0 1655893880 LICK
330 0 1655894420 TIMEOUT_START
330 0 1656418912 RESP_END
330 0 1662894980 TIMEOUT_END
331 0 1664715740 STIM_START
331 0 1665814404 STIM_END_RESP_START
331 0 1667014428 RESP_END
332 1 1668844916 STIM_START
332 1 1669943580 STIM_END_RESP_START
332 1 1670119652 LICK
332 1 1670120188 REWARD_START
332 1 1670311840 LICK
332 1 1670482544 LICK
332 1 1670651468 LICK
332 1 1671143616 RESP_END
332 1 1670150748 REWARD_END
333 1 1673010016 STIM_START
333 1 1674108684 STIM_END_RESP_START
333 1 1675308712 RESP_END
334 0 1677219116 STIM_START
334 0 1678317784 STIM_END_RESP_START
334 0 1679517808 RESP_END
335 1 1681567016 STIM_START
335 1 1682665680 STIM_END_RESP_START
335 1 1683052660 LICK
335 1 1683053188 REWARD_START
335 1 1683221676 LICK
335 1 1683378312 LICK
335 1 1683522800 LICK
335 1 1683865700 RESP_END
335 1 1683083748 REWARD_END
336 1 1685877932 STIM_START
336 1 1686976600 STIM_END_RESP_START
336 1 1688176620 RESP_END
337 0 1690228804 STIM_START
337 0 1691327460 STIM_END_RESP_START
337 0 1692527484 RESP_END
338 0 1694376956 STIM_START
338 0 1695475620 STIM_END_RESP_START
338 0 1696675644 RESP_END
339 0 1698283324 STIM_START
339 0 1699381988 STIM_END_RESP_START
339 0 1700582012 RESP_END
340 1 1702651288 STIM_START
340 1 1703749952 STIM_END_RESP_START
340 1 1704339184 LICK
340 1 1704339724 REWARD_START
340 1 1704530204 LICK
340 1 1704838920 LICK
340 1 1704949992 RESP_END
340 1 1704370280 REWARD_END
341 1 1707015104 STIM_START
341 1 1707862380 LICK
341 1 1708043224 LICK
341 1 1708113776 STIM_END_RESP_START
341 1 1708214992 LICK
341 1 1708215532 REWARD_START
341 1 1708393000 LICK
341 1 1708554380 LICK
341 1 1708723672 LICK
341 1 1709313820 RESP_END
341 1 1708246092 REWARD_END
342 1 1711199216 STIM_START
342 1 1712211236 LICK
342 1 1712297892 STIM_END_RESP_START
342 1 1712405604 LICK
342 1 1712406136 REWARD_START
342 1 1712577252 LICK
342 1 1712732600 LICK
342 1 1713497916 RESP_END
342 1 1712436692 REWARD_END
343 0 1715456212 STIM_START
343 0 1716554876 STIM_END_RESP_START
343 0 1717754900 RESP_END
344 1 1719704232 STIM_START
344 1 1720802920 STIM_END_RESP_START
344 1 1720805876 LICK
344 1 1720806420 REWARD_START
344 1 1720991224 LICK
344 1 1721154580 LICK
344 1 1721311136 LICK
344 1 1722002956 RESP_END
344 1 1720836976 REWARD_END
345 0 1723959280 STIM_START
345 0 1724879780 LICK
345 0 1725057940 STIM_END_RESP_START
345 0 1726257960 RESP_END
346 0 1728062384 STIM_START
346 0 1729161048 STIM_END_RESP_START
346 0 1730361072 RESP_END
347 1 1732218560 STIM_START
347 1 1733126864 LICK
347 1 1733317228 STIM_END_RESP_START
347 1 1733376996 LICK
347 1 1733377536 REWARD_START
347 1 1733565944 LICK
347 1 1733731052 LICK
347 1 1733891624 LICK
347 1 1734517268 RESP_END
347 1 1733408096 REWARD_END
348 1 1736223792 STIM_START
348 1 1737322452 STIM_END_RESP_START
348 1 1737399612 LICK
348 1 1737400144 REWARD_START
348 1 1737576964 LICK
348 1 1737754644 LICK
348 1 1737931300 LICK
348 1 1738522464 RESP_END
348 1 1737430704 REWARD_END
349 0 1740266116 STIM_START
349 0 1741364784 STIM_END_RESP_START
349 0 1742564808 RESP_END
350 1 1744363300 STIM_START
350 1 1745387284 LICK
350 1 1745461996 STIM_END_RESP_START
350 1 1745597788 LICK
350 1 1745598324 REWARD_START
350 1 1745803244 LICK
350 1 1745969552 LICK
350 1 1746119928 LICK
350 1 1746662020 RESP_END
350 1 1745628884 REWARD_END
351 0 1748719128 STIM_START
351 0 1749817796 STIM_END_RESP_START
351 0 1751017820 RESP_END
352 1 1753065072 STIM_START
352 1 1754163740 STIM_END_RESP_START
352 1 1754563024 LICK
352 1 1754563556 REWARD_START
352 1 1754740188 LICK
352 1 1755031192 LICK
352 1 1755363784 RESP_END
352 1 1754594116 REWARD_END
353 0 1757429972 STIM_START
353 0 1758528640 STIM_END_RESP_START
353 0 1759728664 RESP_END
354 0 1761757880 STIM_START
354 0 1762856544 STIM_END_RESP_START
354 0 1764056572 RESP_END
355 1 1765873084 STIM_START
355 1 1766971752 STIM_END_RESP_START
355 1 1768092020 LICK
355 1 1768092552 REWARD_START
355 1 1768171792 RESP_END
355 1 1768123112 REWARD_END
356 1 1770192984 STIM_START
356 1 1771291644 STIM_END_RESP_START
356 1 1771477960 LICK
356 1 1771478500 REWARD_START
356 1 1771677792 LICK
356 1 1771866396 LICK
356 1 1772052992 LICK
356 1 1772491660 RESP_END
356 1 1771509060 REWARD_END
357 0 1774217244 STIM_START
357 0 1775315904 STIM_END_RESP_START
357 0 1776515932 RESP_END
358 0 1778185616 STIM_START
358 0 1779284280 STIM_END_RESP_START
358 0 1780484308 RESP_END
359 0 1782094000 STIM_START
359 0 1783192664 STIM_END_RESP_START
359 0 1784392684 RESP_END
360 1 1786422936 STIM_START
360 1 1787521600 STIM_END_RESP_START
360 1 1788118484 LICK
360 1 1788119016 REWARD_START
360 1 1788337436 LICK
360 1 1788642928 LICK
360 1 1788721616 RESP_END
360 1 1788149576 REWARD_END
361 0 1790466128 STIM_START
361 0 1791564788 STIM_END_RESP_START
361 0 1792764820 RESP_END
362 0 1794680240 STIM_START
362 0 1795778908 STIM_END_RESP_START
362 0 1796978932 RESP_END
363 1 1799055136 STIM_START
363 1 1800088632 LICK
363 1 1800153796 STIM_END_RESP_START
363 1 1800337148 LICK
363 1 1800337688 REWARD_START
363 1 1800515148 LICK
363 1 1800678308 LICK
363 1 1800845216 LICK
363 1 1801353816 RESP_END
363 1 1800368244 REWARD_END
364 0 1803023444 STIM_START
364 0 1804122104 STIM_END_RESP_START
364 0 1805322128 RESP_END
365 0 1806931904 STIM_START
365 0 1808030568 STIM_END_RESP_START
365 0 1809230592 RESP_END
366 0 1810921152 STIM_START
366 0 1812019820 STIM_END_RESP_START
366 0 1813219844 RESP_END
367 1 1815258044 STIM_START
367 1 1816356712 STIM_END_RESP_START
367 1 1817556736 RESP_END
368 0 1820487952 STIM_START
368 0 1821586620 STIM_END_RESP_START
368 0 1822786648 RESP_END
369 1 1824773900 STIM_START
369 1 1825654764 LICK
369 1 1825872580 STIM_END_RESP_START
369 1 1827072604 RESP_END
370 1 1829039924 STIM_START
370 1 1830138592 STIM_END_RESP_START
370 1 1831338620 RESP_END
371 1 1833130104 STIM_START
371 1 1834228772 STIM_END_RESP_START
371 1 1835428792 RESP_END
372 0 1837141364 STIM_START
372 0 1838240028 STIM_END_RESP_START
372 0 1839440052 RESP_END
373 1 1842368256 STIM_START
373 1 1843466924 STIM_END_RESP_START
373 1 1844666948 RESP_END
374 0 1846296664 STIM_START
374 0 1847395324 STIM_END_RESP_START
374 0 1848595348 RESP_END
375 1 1850446768 STIM_START
375 1 1851545432 STIM_END_RESP_START
375 1 1852745460 RESP_END
376 1 1854744748 STIM_START
376 1 1855843412 STIM_END_RESP_START
376 1 1857043432 RESP_END
377 1 1859050680 STIM_START
377 1 1860149348 STIM_END_RESP_START
377 1 1861349368 RESP_END
378 0 1862966076 STIM_START
378 0 1864064744 STIM_END_RESP_START
378 0 1865264768 RESP_END
379 1 1867314956 STIM_START
379 1 1868413628 STIM_END_RESP_START
379 1 1869613652 RESP_END
380 0 1871368168 STIM_START
380 0 1872466836 STIM_END_RESP_START
380 0 1873666860 RESP_END
381 0 1875458376 STIM_START
381 0 1876557044 STIM_END_RESP_START
381 0 1877757068 RESP_END
382 1 1879828304 STIM_START
382 1 1880926976 STIM_END_RESP_START
382 1 1881339280 LICK
382 1 1881339816 REWARD_START
382 1 1881606504 LICK
382 1 1881900204 LICK
382 1 1882048872 LICK
382 1 1882127020 RESP_END
382 1 1881370376 REWARD_END
383 1 1884085240 STIM_START
383 1 1885183912 STIM_END_RESP_START
383 1 1885971512 LICK
383 1 1885972044 REWARD_START
383 1 1886117144 LICK
383 1 1886285800 LICK
383 1 1886383944 RESP_END
383 1 1886002604 REWARD_END
384 0 1888306364 STIM_START
384 0 1889311448 LICK
384 0 1889405032 STIM_END_RESP_START
384 0 1889495620 LICK
384 0 1889496160 TIMEOUT_START
384 0 1889677164 LICK
384 0 1889677704 TIMEOUT_START
384 0 1889879636 LICK
384 0 1889880176 TIMEOUT_START
384 0 1890605080 RESP_END
384 0 1896880732 TIMEOUT_END
385 0 1898954932 STIM_START
385 0 1900053600 STIM_END_RESP_START
385 0 1901253616 RESP_END
386 1 1903142884 STIM_START
386 1 1904241552 STIM_END_RESP_START
386 1 1905441580 RESP_END
387 1 1907051340 STIM_START
387 1 1908150008 STIM_END_RESP_START
387 1 1909189948 LICK
387 1 1909190480 REWARD_START
387 1 1909350040 RESP_END
387 1 1909221040 REWARD_END
388 1 1911630904 STIM_START
388 1 1912729568 STIM_END_RESP_START
388 1 1913929596 RESP_END
389 0 1917137444 STIM_START
389 0 1918236112 STIM_END_RESP_START
389 0 1919436140 RESP_END
390 0 1921252640 STIM_START
390 0 1922351308 STIM_END_RESP_START
390 0 1923551332 RESP_END
391 0 1925502680 STIM_START
391 0 1926601348 STIM_END_RESP_START
391 0 1927801376 RESP_END
392 1 1929555884 STIM_START
392 1 1930654552 STIM_END_RESP_START
392 1 1931854576 RESP_END
393 1 1933559272 STIM_START
393 1 1934657940 STIM_END_RESP_START
393 1 1935857964 RESP_END
394 1 1937636436 STIM_START
394 1 1938735096 STIM_END_RESP_START
394 1 1939935124 RESP_END
395 0 1941962316 STIM_START
395 0 1943060980 STIM_END_RESP_START
395 0 1944261008 RESP_END
396 1 1946219360 STIM_START
396 1 1947318028 STIM_END_RESP_START
396 1 1948518076 RESP_END
397 1 1951327340 STIM_START
397 1 1952426012 STIM_END_RESP_START
397 1 1953626028 RESP_END
398 0 1955678220 STIM_START
398 0 1956776880 STIM_END_RESP_START
398 0 1957976908 RESP_END
399 0 1959714488 STIM_START
399 0 1960813156 STIM_END_RESP_START
399 0 1962013184 RESP_END
400 0 1963602960 STIM_START
400 0 1964701620 STIM_END_RESP_START
400 0 1965901648 RESP_END
401 1 1967558312 STIM_START
401 1 1968656980 STIM_END_RESP_START
401 1 1969489468 LICK
401 1 1969490008 REWARD_START
401 1 1969666116 LICK
401 1 1969857004 RESP_END
401 1 1969520560 REWARD_END
402 1 1971738380 STIM_START
402 1 1972837048 STIM_END_RESP_START
402 1 1974037072 RESP_END
403 0 1975766672 STIM_START
403 0 1976865340 STIM_END_RESP_START
403 0 1978065364 RESP_END
404 1 1980081608 STIM_START
404 1 1981180276 STIM_END_RESP_START
404 1 1982380300 RESP_END
405 0 1984034992 STIM_START
405 0 1985133656 STIM_END_RESP_START
405 0 1986333676 RESP_END
406 1 1988124144 STIM_START
406 1 1989222812 STIM_END_RESP_START
406 1 1990422836 RESP_END
407 1 1992374180 STIM_START
407 1 1993472844 STIM_END_RESP_START
407 1 1994672872 RESP_END
408 0 1996643164 STIM_START
408 0 1997741832 STIM_END_RESP_START
408 0 1998525940 LICK
408 0 1998526476 TIMEOUT_START
408 0 1998686312 LICK
408 0 1998686848 TIMEOUT_START
408 0 1998857840 LICK
408 0 1998858376 TIMEOUT_START
408 0 1998941876 RESP_END
408 0 2005858928 TIMEOUT_END
409 1 2007744108 STIM_START
409 1 2008842772 STIM_END_RESP_START
409 1 2009855604 LICK
409 1 2009856144 REWARD_START
409 1 2010018456 LICK
409 1 2010042792 RESP_END
409 1 2009886696 REWARD_END
410 1 2012280736 STIM_START
410 1 2013379412 STIM_END_RESP_START
410 1 2013517640 LICK
410 1 2013518180 REWARD_START
410 1 2013651168 LICK
410 1 2013808128 LICK
410 1 2013972460 LICK
410 1 2014579444 RESP_END
410 1 2013548740 REWARD_END
411 1 2018537456 STIM_START
411 1 2019636120 STIM_END_RESP_START
411 1 2020836144 RESP_END
412 0 2024443468 STIM_START
412 0 2025542132 STIM_END_RESP_START
412 0 2026742160 RESP_END
413 0 2028632536 STIM_START
413 0 2029731204 STIM_END_RESP_START
413 0 2030931228 RESP_END
414 1 2032999436 STIM_START
414 1 2034098100 STIM_END_RESP_START
414 1 2035298124 RESP_END
415 1 2036994712 STIM_START
415 1 2038093380 STIM_END_RESP_START
415 1 2039293404 RESP_END
416 1 2040887184 STIM_START
416 1 2041985852 STIM_END_RESP_START
416 1 2042179268 LICK
416 1 2042179808 REWARD_START
416 1 2042363884 LICK
416 1 2042544940 LICK
416 1 2042692628 LICK
416 1 2043185872 RESP_END
416 1 2042210368 REWARD_END
417 0 2044952412 STIM_START
417 0 2046051080 STIM_END_RESP_START
417 0 2046183044 LICK
417 0 2046183584 TIMEOUT_START
417 0 2046373148 LICK
417 0 2046373680 TIMEOUT_START
417 0 2046563948 LICK
417 0 2046564488 TIMEOUT_START
417 0 2046741996 LICK
417 0 2046742536 TIMEOUT_START
417 0 2047251100 RESP_END
417 0 2053743088 TIMEOUT_END
418 0 2055448064 STIM_START
418 0 2056546728 STIM_END_RESP_START
418 0 2057746752 RESP_END
419 1 2059615216 STIM_START
419 1 2060713884 STIM_END_RESP_START
419 1 2061056072 LICK
419 1 2061056604 REWARD_START
419 1 2061236812 LICK
419 1 2061412788 LICK
419 1 2061572836 LICK
419 1 2061738384 LICK
419 1 2061913920 RESP_END
419 1 2061087164 REWARD_END
420 0 2064000064 STIM_START
420 0 2065098764 STIM_END_RESP_START
420 0 2066298784 RESP_END
421 1 2068251056 STIM_START
421 1 2069349724 STIM_END_RESP_START
421 1 2069444708 LICK
421 1 2069445240 REWARD_START
421 1 2069603080 LICK
421 1 2069767876 LICK
421 1 2069938072 LICK
421 1 2070549732 RESP_END
421 1 2069475800 REWARD_END
422 0 2072147480 STIM_START
422 0 2073246148 STIM_END_RESP_START
422 0 2074446172 RESP_END
423 0 2076499412 STIM_START
423 0 2077598076 STIM_END_RESP_START
423 0 2078798100 RESP_END
424 0 2080415728 STIM_START
424 0 2081514396 STIM_END_RESP_START
424 0 2082714420 RESP_END
425 1 2084771652 STIM_START
425 1 2085870320 STIM_END_RESP_START
425 1 2085899088 LICK
425 1 2085899624 REWARD_START
425 1 2086050564 LICK
425 1 2086231280 LICK
425 1 2086402820 LICK
425 1 2087070340 RESP_END
425 1 2085930184 REWARD_END
426 1 2088854864 STIM_START
426 1 2089953532 STIM_END_RESP_START
426 1 2090109972 LICK
426 1 2090110504 REWARD_START
426 1 2090297628 LICK
426 1 2090460784 LICK
426 1 2090611004 LICK
426 1 2091153564 RESP_END
426 1 2090141064 REWARD_END
427 1 2093136832 STIM_START
427 1 2093804848 LICK
427 1 2093983252 LICK
427 1 2094182344 LICK
427 1 2094235516 STIM_END_RESP_START
427 1 2094353740 LICK
427 1 2094354272 REWARD_START
427 1 2094512828 LICK
427 1 2094674808 LICK
427 1 2094828144 LICK
427 1 2095435540 RESP_END
427 1 2094384832 REWARD_END
428 0 2097277968 STIM_START
428 0 2098376628 STIM_END_RESP_START
428 0 2099576648 RESP_END
429 0 2101497040 STIM_START
429 0 2102595704 STIM_END_RESP_START
429 0 2103795728 RESP_END
430 0 2105453356 STIM_START
430 0 2106552024 STIM_END_RESP_START
430 0 2107752048 RESP_END
431 1 2109421736 STIM_START
431 1 2110518028 LICK
431 1 2110520420 STIM_END_RESP_START
431 1 2110678204 LICK
431 1 2110678736 REWARD_START
431 1 2110851200 LICK
431 1 2111017252 LICK
431 1 2111166036 LICK
431 1 2111720444 RESP_END
431 1 2110709296 REWARD_END
432 0 2113716660 STIM_START
432 0 2114815324 STIM_END_RESP_START
432 0 2115083332 LICK
432 0 2115083864 TIMEOUT_START
432 0 2115246192 LICK
432 0 2115246724 TIMEOUT_START
432 0 2116015352 RESP_END
432 0 2122247284 TIMEOUT_END
433 1 2123845764 STIM_START
433 1 2124944428 STIM_END_RESP_START
433 1 2125368088 LICK
433 1 2125368624 REWARD_START
433 1 2125529184 LICK
433 1 2125685436 LICK
433 1 2125824852 LICK
433 1 2126144472 RESP_END
433 1 2125399184 REWARD_END
434 1 2127979932 STIM_START
434 1 2129078600 STIM_END_RESP_START
434 1 2129189576 LICK
434 1 2129190116 REWARD_START
434 1 2129342292 LICK
434 1 2129515580 LICK
434 1 2129671524 LICK
434 1 2129841016 LICK
434 1 2130278628 RESP_END
434 1 2129220676 REWARD_END
435 0 2132044164 STIM_START
435 0 2133142832 STIM_END_RESP_START
435 0 2134342856 RESP_END
436 1 2135970480 STIM_START
436 1 2136829564 LICK
436 1 2137005368 LICK
436 1 2137069168 STIM_END_RESP_START
436 1 2137174180 LICK
436 1 2137174712 REWARD_START
436 1 2137361732 LICK
436 1 2137512748 LICK
436 1 2137653384 LICK
436 1 2138269204 RESP_END
436 1 2137205272 REWARD_END
437 0 2140203580 STIM_START
437 0 2141302244 STIM_END_RESP_START
437 0 2142502268 RESP_END
438 0 2144191900 STIM_START
438 0 2145290568 STIM_END_RESP_START
438 0 2146490592 RESP_END
439 0 2148330052 STIM_START
439 0 2149428720 STIM_END_RESP_START
439 0 2150628744 RESP_END
440 1 2152355280 STIM_START
440 1 2153453948 STIM_END_RESP_START
440 1 2153614024 LICK
440 1 2153614564 REWARD_START
440 1 2153801864 LICK
440 1 2153953900 LICK
440 1 2154094840 LICK
440 1 2154242108 LICK
440 1 2154653964 RESP_END
440 1 2153645124 REWARD_END
441 1 2156578332 STIM_START
441 1 2157534852 LICK
441 1 2157676996 STIM_END_RESP_START
441 1 2157677788 LICK
441 1 2157678328 REWARD_START
441 1 2157826976 LICK
441 1 2158099812 LICK
441 1 2158278144 LICK
441 1 2158877008 RESP_END
441 1 2157708892 REWARD_END
442 0 2160833292 STIM_START
442 0 2161931960 STIM_END_RESP_START
442 0 2162270728 LICK
442 0 2162271264 TIMEOUT_START
442 0 2162455508 LICK
442 0 2162456048 TIMEOUT_START
442 0 2163132000 RESP_END
442 0 2169456600 TIMEOUT_END
443 1 2171223120 STIM_START
443 1 2172234516 LICK
443 1 2172321808 STIM_END_RESP_START
443 1 2172420804 LICK
443 1 2172421340 REWARD_START
443 1 2172596284 LICK
443 1 2172751324 LICK
443 1 2172891340 LICK
443 1 2173521844 RESP_END
443 1 2172451900 REWARD_END
444 1 2175387256 STIM_START
444 1 2176485924 STIM_END_RESP_START
444 1 2176911672 LICK
444 1 2176912204 REWARD_START
444 1 2177115076 LICK
444 1 2177305316 LICK
444 1 2177468740 LICK
444 1 2177685960 RESP_END
444 1 2176942764 REWARD_END
445 0 2179769056 STIM_START
445 0 2180867720 STIM_END_RESP_START
445 0 2182067744 RESP_END
446 0 2184143948 STIM_START
446 0 2185242608 STIM_END_RESP_START
446 0 2185716704 LICK
446 0 2185717244 TIMEOUT_START
446 0 2185895508 LICK
446 0 2185896048 TIMEOUT_START
446 0 2186442644 RESP_END
446 0 2192896604 TIMEOUT_END
447 0 2194689580 STIM_START
447 0 2195788248 STIM_END_RESP_START
447 0 2196988272 RESP_END
448 1 2198978524 STIM_START
448 1 2200077192 STIM_END_RESP_START
448 1 2200933712 LICK
448 1 2200934244 REWARD_START
448 1 2201100004 LICK
448 1 2201277236 RESP_END
448 1 2200964808 REWARD_END
449 1 2203498256 STIM_START
449 1 2204596924 STIM_END_RESP_START
449 1 2205199936 LICK
449 1 2205200476 REWARD_START
449 1 2205366600 LICK
449 1 2205545648 LICK
449 1 2205796960 RESP_END
449 1 2205231028 REWARD_END
450 1 2207568428 STIM_START
450 1 2208667096 STIM_END_RESP_START
450 1 2208803336 LICK
450 1 2208803876 REWARD_START
450 1 2208993492 LICK
450 1 2209149704 LICK
450 1 2209294736 LICK
450 1 2209867132 RESP_END
450 1 2208834428 REWARD_END
451 0 2211893392 STIM_START
451 0 2212992056 STIM_END_RESP_START
451 0 2214192076 RESP_END
452 1 2216220336 STIM_START
452 1 2217148036 LICK
452 1 2217319024 STIM_END_RESP_START
452 1 2217320864 LICK
452 1 2217321408 REWARD_START
452 1 2217504672 LICK
452 1 2217665928 LICK
452 1 2217794772 LICK
452 1 2217954664 LICK
452 1 2218519060 RESP_END
452 1 2217351952 REWARD_END
453 1 2220944716 STIM_START
453 1 2222043384 STIM_END_RESP_START
453 1 2223243412 RESP_END
454 0 2225592260 STIM_START
454 0 2226690928 STIM_END_RESP_START
454 0 2227890952 RESP_END
455 1 2229914208 STIM_START
455 1 2231012872 STIM_END_RESP_START
455 1 2231279076 LICK
455 1 2231279612 REWARD_START
455 1 2231457732 LICK
455 1 2231632648 LICK
455 1 2231798424 LICK
455 1 2232212900 RESP_END
455 1 2231310172 REWARD_END
456 0 2234119252 STIM_START
456 0 2235217912 STIM_END_RESP_START
456 0 2236417936 RESP_END
457 0 2238167460 STIM_START
457 0 2239266128 STIM_END_RESP_START
457 0 2239350076 LICK
457 0 2239350612 TIMEOUT_START
457 0 2239536868 LICK
457 0 2239537408 TIMEOUT_START
457 0 2239794708 LICK
457 0 2239795248 TIMEOUT_START
457 0 2240025816 LICK
457 0 2240026344 TIMEOUT_START
457 0 2240175432 LICK
457 0 2240175964 TIMEOUT_START
457 0 2240466176 RESP_END
457 0 2247176520 TIMEOUT_END
458 1 2249160600 STIM_START
458 1 2250259268 STIM_END_RESP_START
458 1 2250532828 LICK
458 1 2250533368 REWARD_START
458 1 2250701888 LICK
458 1 2250876372 LICK
458 1 2251459316 RESP_END
458 1 2250563928 REWARD_END
459 0 2253060024 STIM_START
459 0 2254158688 STIM_END_RESP_START
459 0 2255358716 RESP_END
460 0 2257035332 STIM_START
460 0 2258133992 STIM_END_RESP_START
460 0 2259334016 RESP_END
461 0 2261282364 STIM_START
461 0 2262381028 STIM_END_RESP_START
461 0 2262539156 LICK
461 0 2262539692 TIMEOUT_START
461 0 2262705364 LICK
461 0 2262705896 TIMEOUT_START
461 0 2262888376 LICK
461 0 2262888912 TIMEOUT_START
461 0 2263096892 LICK
461 0 2263097428 TIMEOUT_START
461 0 2263264648 LICK
461 0 2263265180 TIMEOUT_START
461 0 2263581076 RESP_END
461 0 2270265736 TIMEOUT_END
462 1 2272082648 STIM_START
462 1 2273181316 STIM_END_RESP_START
462 1 2273329908 LICK
462 1 2273330448 REWARD_START
462 1 2273473788 LICK
462 1 2273632000 LICK
462 1 2274381364 RESP_END
462 1 2273361008 REWARD_END
463 1 2276243768 STIM_START
463 1 2277068988 LICK
463 1 2277217116 LICK
463 1 2277342428 STIM_END_RESP_START
463 1 2277406292 LICK
463 1 2277406832 REWARD_START
463 1 2277562992 LICK
463 1 2277732528 LICK
463 1 2278542452 RESP_END
463 1 2277437388 REWARD_END
464 1 2280574668 STIM_START
464 1 2281177648 LICK
464 1 2281351196 LICK
464 1 2281539892 LICK
464 1 2281673336 STIM_END_RESP_START
464 1 2281739188 LICK
464 1 2281739728 REWARD_START
464 1 2281896832 LICK
464 1 2282064008 LICK
464 1 2282873364 RESP_END
464 1 2281770288 REWARD_END
465 0 2284940560 STIM_START
465 0 2286039228 STIM_END_RESP_START
465 0 2287239252 RESP_END
466 1 2288891928 STIM_START
466 1 2289793996 LICK
466 1 2289982472 LICK
466 1 2289990612 STIM_END_RESP_START
466 1 2290173400 LICK
466 1 2290173936 REWARD_START
466 1 2290340960 LICK
466 1 2290513368 LICK
466 1 2291190632 RESP_END
466 1 2290204500 REWARD_END
467 1 2292910188 STIM_START
467 1 2294008856 STIM_END_RESP_START
467 1 2294108380 LICK
467 1 2294108916 REWARD_START
467 1 2294277860 LICK
467 1 2294455048 LICK
467 1 2294626200 LICK
467 1 2295208884 RESP_END
467 1 2294139472 REWARD_END
468 1 2298291880 STIM_START
468 1 2299158200 LICK
468 1 2299382884 LICK
468 1 2299390564 STIM_END_RESP_START
468 1 2299585836 LICK
468 1 2299586368 REWARD_START
468 1 2299771092 LICK
468 1 2299929884 LICK
468 1 2300115156 LICK
468 1 2300590612 RESP_END
468 1 2299616932 REWARD_END
469 0 2302634784 STIM_START
469 0 2303733452 STIM_END_RESP_START
469 0 2304933480 RESP_END
470 0 2306625100 STIM_START
470 0 2307723768 STIM_END_RESP_START
470 0 2308923792 RESP_END
471 0 2310560448 STIM_START
471 0 2311659112 STIM_END_RESP_START
471 0 2312859140 RESP_END
472 1 2314799480 STIM_START
472 1 2315862064 LICK
472 1 2315898144 STIM_END_RESP_START
472 1 2316052868 LICK
472 1 2316053400 REWARD_START
472 1 2316253508 LICK
472 1 2316440524 LICK
472 1 2317098176 RESP_END
472 1 2316083960 REWARD_END
473 1 2319063480 STIM_START
473 1 2319743768 LICK
473 1 2319910724 LICK
473 1 2320099276 LICK
473 1 2320162144 STIM_END_RESP_START
473 1 2320280892 LICK
473 1 2320281424 REWARD_START
473 1 2320449400 LICK
473 1 2320615592 LICK
473 1 2321362188 RESP_END
473 1 2320311984 REWARD_END
474 0 2323362428 STIM_START
474 0 2324461096 STIM_END_RESP_START
474 0 2325661120 RESP_END
475 0 2327731304 STIM_START
475 0 2328829972 STIM_END_RESP_START
475 0 2330029992 RESP_END
476 0 2332041172 STIM_START
476 0 2333139840 STIM_END_RESP_START
476 0 2334339868 RESP_END
477 1 2336206332 STIM_START
477 1 2337184832 LICK
477 1 2337305020 STIM_END_RESP_START
477 1 2337373352 LICK
477 1 2337373888 REWARD_START
477 1 2337562188 LICK
477 1 2337737984 LICK
477 1 2337941524 LICK
477 1 2338505048 RESP_END
477 1 2337404448 REWARD_END
478 0 2340521272 STIM_START
478 0 2341619940 STIM_END_RESP_START
478 0 2342819968 RESP_END
479 1 2344569472 STIM_START
479 1 2345668140 STIM_END_RESP_START
479 1 2345716052 LICK
479 1 2345716588 REWARD_START
479 1 2345885868 LICK
479 1 2346068180 LICK
479 1 2346247716 LICK
479 1 2346868168 RESP_END
479 1 2345747148 REWARD_END
480 1 2348737592 STIM_START
480 1 2349295160 LICK
480 1 2349503360 LICK
480 1 2349738208 LICK
480 1 2349836264 STIM_END_RESP_START
480 1 2349916348 LICK
480 1 2349916884 REWARD_START
480 1 2350112752 LICK
480 1 2350274844 LICK
480 1 2351036300 RESP_END
480 1 2349947444 REWARD_END
481 0 2354027384 STIM_START
481 0 2355126052 STIM_END_RESP_START
481 0 2356326080 RESP_END
482 1 2358379272 STIM_START
482 1 2358938572 LICK
482 1 2359114092 LICK
482 1 2359298816 LICK
482 1 2359477960 STIM_END_RESP_START
482 1 2359486496 LICK
482 1 2359487028 REWARD_START
482 1 2359688968 LICK
482 1 2359998284 LICK
482 1 2360179312 LICK
482 1 2360677984 RESP_END
482 1 2359517596 REWARD_END
483 0 2362364564 STIM_START
483 0 2363463232 STIM_END_RESP_START
483 0 2364663256 RESP_END
484 0 2366340956 STIM_START
484 0 2367439624 STIM_END_RESP_START
484 0 2368639648 RESP_END
485 1 2370469052 STIM_START
485 1 2371265212 LICK
485 1 2371462996 LICK
485 1 2371567720 STIM_END_RESP_START
485 1 2371646640 LICK
485 1 2371647172 REWARD_START
485 1 2371851928 LICK
485 1 2372022936 LICK
485 1 2372217916 LICK
485 1 2372767740 RESP_END
485 1 2371677732 REWARD_END
486 0 2374416456 STIM_START
486 0 2375515116 STIM_END_RESP_START
486 0 2376715144 RESP_END
487 1 2378709364 STIM_START
487 1 2379480360 LICK
487 1 2379662812 LICK
487 1 2379808044 STIM_END_RESP_START
487 1 2379857192 LICK
487 1 2379857724 REWARD_START
487 1 2380027544 LICK
487 1 2380201664 LICK
487 1 2381008064 RESP_END
487 1 2379888284 REWARD_END
488 0 2382929428 STIM_START
488 0 2384028096 STIM_END_RESP_START
488 0 2385228120 RESP_END
489 0 2387217392 STIM_START
489 0 2388316060 STIM_END_RESP_START
489 0 2389516084 RESP_END
490 1 2391404488 STIM_START
490 1 2392503156 STIM_END_RESP_START
490 1 2393124004 LICK
490 1 2393124536 REWARD_START
490 1 2393291944 LICK
490 1 2393598424 LICK
490 1 2393703188 RESP_END
490 1 2393155096 REWARD_END
491 1 2395691396 STIM_START
491 1 2396790068 STIM_END_RESP_START
491 1 2396820332 LICK
491 1 2396820872 REWARD_START
491 1 2397000116 LICK
491 1 2397191604 LICK
491 1 2397376680 LICK
491 1 2397990080 RESP_END
491 1 2396851432 REWARD_END
492 0 2399754652 STIM_START
492 0 2400853324 STIM_END_RESP_START
492 0 2402053348 RESP_END
493 0 2404011652 STIM_START
493 0 2405110320 STIM_END_RESP_START
493 0 2406310348 RESP_END
494 1 2407981024 STIM_START
494 1 2409079692 STIM_END_RESP_START
494 1 2409574140 LICK
494 1 2409574680 REWARD_START
494 1 2409952768 LICK
494 1 2410106820 LICK
494 1 2410279708 RESP_END
494 1 2409605240 REWARD_END
495 1 2412033248 STIM_START
495 1 2412802664 LICK
495 1 2412966364 LICK
495 1 2413131916 STIM_END_RESP_START
495 1 2413149540 LICK
495 1 2413150072 REWARD_START
495 1 2413344104 LICK
495 1 2413645236 LICK
495 1 2413797476 LICK
495 1 2414331944 RESP_END
495 1 2413180632 REWARD_END
496 1 2416271300 STIM_START
496 1 2417369968 STIM_END_RESP_START
496 1 2418098852 LICK
496 1 2418099392 REWARD_START
496 1 2418263892 LICK
496 1 2418425684 LICK
496 1 2418570012 RESP_END
496 1 2418129952 REWARD_END
497 0 2420654108 STIM_START
497 0 2421752772 STIM_END_RESP_START
497 0 2422952800 RESP_END
498 0 2424706320 STIM_START
498 0 2425804988 STIM_END_RESP_START
498 0 2427005012 RESP_END
499 1 2429611580 STIM_START
499 1 2430648072 LICK
499 1 2430710248 STIM_END_RESP_START
499 1 2430799192 LICK
499 1 2430799728 REWARD_START
499 1 2430999688 LICK
499 1 2431177368 LICK
499 1 2431330444 LICK
499 1 2431910268 RESP_END
499 1 2430830292 REWARD_END
500 1 2433896552 STIM_START
500 1 2434556752 LICK
500 1 2434744812 LICK
500 1 2434935996 LICK
500 1 2434995228 STIM_END_RESP_START
500 1 2435123920 LICK
500 1 2435124456 REWARD_START
500 1 2435280344 LICK
500 1 2435445248 LICK
500 1 2435606284 LICK
500 1 2436195252 RESP_END
500 1 2435155016 REWARD_END
501 1 2437919852 STIM_START
501 1 2439018524 STIM_END_RESP_START
501 1 2439581064 LICK
501 1 2439581596 REWARD_START
501 1 2439788680 LICK
501 1 2440067320 LICK
501 1 2440218548 RESP_END
501 1 2439612160 REWARD_END
502 0 2442302664 STIM_START
502 0 2443401332 STIM_END_RESP_START
502 0 2444601356 RESP_END
503 0 2446471804 STIM_START
503 0 2447570472 STIM_END_RESP_START
503 0 2448770496 RESP_END
504 0 2451306104 STIM_START
504 0 2452404772 STIM_END_RESP_START
504 0 2453604800 RESP_END
505 1 2455262436 STIM_START
505 1 2456361008 LICK
505 1 2456361576 STIM_END_RESP_START
505 1 2456562020 LICK
505 1 2456562556 REWARD_START
505 1 2456730872 LICK
505 1 2456900428 LICK
505 1 2457086804 LICK
505 1 2457561612 RESP_END
505 1 2456593120 REWARD_END
506 0 2459607328 STIM_START
506 0 2460705996 STIM_END_RESP_START
506 0 2461906020 RESP_END
507 0 2463880336 STIM_START
507 0 2464979004 STIM_END_RESP_START
507 0 2466179024 RESP_END
508 0 2468075372 STIM_START
508 0 2469174040 STIM_END_RESP_START
508 0 2470374064 RESP_END
509 1 2472430300 STIM_START
509 1 2473528968 STIM_END_RESP_START
509 1 2474217804 LICK
509 1 2474218340 REWARD_START
509 1 2474396048 LICK
509 1 2474699604 LICK
509 1 2474728992 RESP_END
509 1 2474248900 REWARD_END
510 1 2476810136 STIM_START
510 1 2477908804 STIM_END_RESP_START
510 1 2478180152 LICK
510 1 2478180692 REWARD_START
510 1 2478362872 LICK
510 1 2478529556 LICK
510 1 2478704612 LICK
510 1 2479108852 RESP_END
510 1 2478211252 REWARD_END
511 0 2480758436 STIM_START
511 0 2481857104 STIM_END_RESP_START
511 0 2483057128 RESP_END
512 0 2484904636 STIM_START
512 0 2486003304 STIM_END_RESP_START
512 0 2487203328 RESP_END
513 0 2488899932 STIM_START
513 0 2489998600 STIM_END_RESP_START
513 0 2491198624 RESP_END
514 1 2493033060 STIM_START
514 1 2494131732 STIM_END_RESP_START
514 1 2494528528 LICK
514 1 2494529064 REWARD_START
514 1 2494710888 LICK
514 1 2494874644 LICK
514 1 2495056648 LICK
514 1 2495331748 RESP_END
514 1 2494559624 REWARD_END
515 0 2497295048 STIM_START
515 0 2498393712 STIM_END_RESP_START
515 0 2499593740 RESP_END
516 0 2501623988 STIM_START
516 0 2502722656 STIM_END_RESP_START
516 0 2503922676 RESP_END
517 0 2505538356 STIM_START
517 0 2506637024 STIM_END_RESP_START
517 0 2507837048 RESP_END
518 1 2509446780 STIM_START
518 1 2510545448 STIM_END_RESP_START
518 1 2511090012 LICK
518 1 2511090544 REWARD_START
518 1 2511264788 LICK
518 1 2511435996 LICK
518 1 2511617464 LICK
518 1 2511745480 RESP_END
518 1 2511121108 REWARD_END
519 1 2513475068 STIM_START
519 1 2514108372 LICK
519 1 2514280740 LICK
519 1 2514443296 LICK
519 1 2514573764 STIM_END_RESP_START
519 1 2514624412 LICK
519 1 2514624952 REWARD_START
519 1 2514807412 LICK
519 1 2514961344 LICK
519 1 2515104672 LICK
519 1 2515773784 RESP_END
519 1 2514655512 REWARD_END
520 1 2517412432 STIM_START
520 1 2518063784 LICK
520 1 2518274812 LICK
520 1 2518459652 LICK
520 1 2518511104 STIM_END_RESP_START
520 1 2518636952 LICK
520 1 2518637484 REWARD_START
520 1 2518838896 LICK
520 1 2519009192 LICK
520 1 2519172760 LICK
520 1 2519711132 RESP_END
520 1 2518668044 REWARD_END
521 0 2521772288 STIM_START
521 0 2522870956 STIM_END_RESP_START
521 0 2524070984 RESP_END
522 0 2526127172 STIM_START
522 0 2527225832 STIM_END_RESP_START
522 0 2528425860 RESP_END
523 0 2530277320 STIM_START
523 0 2531375988 STIM_END_RESP_START
523 0 2532576012 RESP_END
524 1 2534625136 STIM_START
524 1 2535723804 STIM_END_RESP_START
524 1 2535860120 LICK
524 1 2535860660 REWARD_START
524 1 2536002304 LICK
524 1 2536161300 LICK
524 1 2536312440 LICK
524 1 2536923820 RESP_END
524 1 2535891224 REWARD_END
525 1 2538550564 STIM_START
525 1 2539649232 STIM_END_RESP_START
525 1 2540223184 LICK
525 1 2540223724 REWARD_START
525 1 2540386476 LICK
525 1 2540662920 LICK
525 1 2540849268 RESP_END
525 1 2540254284 REWARD_END
526 1 2542553816 STIM_START
526 1 2543241152 LICK
526 1 2543410156 LICK
526 1 2543614292 LICK
526 1 2543652492 STIM_END_RESP_START
526 1 2543799600 LICK
526 1 2543800132 REWARD_START
526 1 2543969724 LICK
526 1 2544134768 LICK
526 1 2544852536 RESP_END
526 1 2543830696 REWARD_END
527 0 2546474260 STIM_START
527 0 2547572928 STIM_END_RESP_START
527 0 2548772952 RESP_END
528 0 2550623372 STIM_START
528 0 2551722040 STIM_END_RESP_START
528 0 2552922064 RESP_END
529 1 2554916352 STIM_START
529 1 2556015020 STIM_END_RESP_START
529 1 2557215044 RESP_END
530 1 2559224292 STIM_START
530 1 2559312252 LICK
530 1 2559490480 LICK
530 1 2559691272 LICK
530 1 2559884236 LICK
530 1 2560161356 LICK
530 1 2560322984 STIM_END_RESP_START
530 1 2560366232 LICK
530 1 2560366772 REWARD_START
530 1 2561522992 RESP_END
530 1 2560397328 REWARD_END
531 0 2563362416 STIM_START
531 0 2564461080 STIM_END_RESP_START
531 0 2565661104 RESP_END
532 0 2567731320 STIM_START
532 0 2568829988 STIM_END_RESP_START
532 0 2570030008 RESP_END
533 1 2571666668 STIM_START
533 1 2572765336 STIM_END_RESP_START
533 1 2573322996 LICK
533 1 2573323532 REWARD_START
533 1 2573475028 LICK
533 1 2573602604 LICK
533 1 2573895356 LICK
533 1 2573965364 RESP_END
533 1 2573354092 REWARD_END
534 1 2576191324 STIM_START
534 1 2577289992 STIM_END_RESP_START
534 1 2577382272 LICK
534 1 2577382812 REWARD_START
534 1 2577526612 LICK
534 1 2577699704 LICK
534 1 2577837228 LICK
534 1 2578490028 RESP_END
534 1 2577413372 REWARD_END
535 1 2580357448 STIM_START
535 1 2581456116 STIM_END_RESP_START
535 1 2582656140 RESP_END
536 0 2584350716 STIM_START
536 0 2585449384 STIM_END_RESP_START
536 0 2586649408 RESP_END
537 0 2588568800 STIM_START
537 0 2589667468 STIM_END_RESP_START
537 0 2590867492 RESP_END
538 1 2592459256 STIM_START
538 1 2593557920 STIM_END_RESP_START
538 1 2593713832 LICK
538 1 2593714372 REWARD_START
538 1 2593892636 LICK
538 1 2594207044 LICK
538 1 2594757936 RESP_END
538 1 2593744932 REWARD_END
539 0 2596667228 STIM_START
539 0 2597765896 STIM_END_RESP_START
539 0 2598965920 RESP_END
540 1 2600616632 STIM_START
540 1 2601715300 STIM_END_RESP_START
540 1 2601959008 LICK
540 1 2601959544 REWARD_START
540 1 2602139932 LICK
540 1 2602310676 LICK
540 1 2602474780 LICK
540 1 2602915340 RESP_END
540 1 2601990100 REWARD_END
541 1 2604565012 STIM_START
541 1 2605187504 LICK
541 1 2605340716 LICK
541 1 2605543068 LICK
541 1 2605663676 STIM_END_RESP_START
541 1 2605743120 LICK
541 1 2605743656 REWARD_START
541 1 2605901432 LICK
541 1 2606067352 LICK
541 1 2606239124 LICK
541 1 2606863704 RESP_END
541 1 2605774216 REWARD_END
542 0 2608632204 STIM_START
542 0 2609730872 STIM_END_RESP_START
542 0 2610930900 RESP_END
543 0 2612641520 STIM_START
543 0 2613740188 STIM_END_RESP_START
543 0 2614940212 RESP_END
544 0 2616987340 STIM_START
544 0 2618086008 STIM_END_RESP_START
544 0 2619286032 RESP_END
545 1 2621216416 STIM_START
545 1 2622300900 LICK
545 1 2622315096 STIM_END_RESP_START
545 1 2622490692 LICK
545 1 2622491220 REWARD_START
545 1 2622682324 LICK
545 1 2622844340 LICK
545 1 2623010040 LICK
545 1 2623515112 RESP_END
545 1 2622521780 REWARD_END
546 1 2625436448 STIM_START
546 1 2626535112 STIM_END_RESP_START
546 1 2626766552 LICK
546 1 2626767088 REWARD_START
546 1 2626952288 LICK
546 1 2627114488 LICK
546 1 2627283380 LICK
546 1 2627735128 RESP_END
546 1 2626797648 REWARD_END
547 0 2629380844 STIM_START
547 0 2630479512 STIM_END_RESP_START
547 0 2631055420 LICK
547 0 2631055952 TIMEOUT_START
547 0 2631295956 LICK
547 0 2631296496 TIMEOUT_START
547 0 2631679524 RESP_END
547 0 2638297048 TIMEOUT_END
548 1 2640254016 STIM_START
548 1 2641352676 STIM_END_RESP_START
548 1 2641760820 LICK
548 1 2641761356 REWARD_START
548 1 2641938000 LICK
548 1 2642103200 LICK
548 1 2642261128 LICK
548 1 2642552716 RESP_END
548 1 2641791908 REWARD_END
549 1 2644196428 STIM_START
549 1 2645239884 LICK
549 1 2645295124 STIM_END_RESP_START
549 1 2645416044 LICK
549 1 2645416576 REWARD_START
549 1 2645594284 LICK
549 1 2645751636 LICK
549 1 2645915664 LICK
549 1 2646495156 RESP_END
549 1 2645447136 REWARD_END
550 0 2648504336 STIM_START
550 0 2649602996 STIM_END_RESP_START
550 0 2650218620 LICK
550 0 2650219152 TIMEOUT_START
550 0 2650409152 LICK
550 0 2650409684 TIMEOUT_START
550 0 2650606752 LICK
550 0 2650607284 TIMEOUT_START
550 0 2650803008 RESP_END
550 0 2657607840 TIMEOUT_END
551 1 2659629252 STIM_START
551 1 2660727920 STIM_END_RESP_START
551 1 2661927948 RESP_END
552 0 2663896244 STIM_START
552 0 2664994908 STIM_END_RESP_START
552 0 2666194924 RESP_END
553 0 2668212168 STIM_START
553 0 2669310836 STIM_END_RESP_START
553 0 2670510860 RESP_END
554 1 2672507096 STIM_START
554 1 2673605764 STIM_END_RESP_START
554 1 2674323608 LICK
554 1 2674324140 REWARD_START
554 1 2674496948 LICK
554 1 2674666136 LICK
554 1 2674805800 RESP_END
554 1 2674354700 REWARD_END
555 0 2676489436 STIM_START
555 0 2676781584 LICK
555 0 2676944344 LICK
555 0 2677111956 LICK
555 0 2677302128 LICK
555 0 2677588104 STIM_END_RESP_START
555 0 2678788128 RESP_END
556 0 2682248632 STIM_START
556 0 2683347300 STIM_END_RESP_START
556 0 2684547324 RESP_END
557 0 2686578572 STIM_START
557 0 2687677256 STIM_END_RESP_START
557 0 2688877284 RESP_END
558 1 2690944440 STIM_START
558 1 2692043104 STIM_END_RESP_START
558 1 2693243132 RESP_END
559 1 2695061608 STIM_START
559 1 2696160276 STIM_END_RESP_START
559 1 2697360292 RESP_END
560 1 2699037952 STIM_START
560 1 2700136620 STIM_END_RESP_START
560 1 2701336644 RESP_END
561 0 2704224856 STIM_START
561 0 2705323520 STIM_END_RESP_START
561 0 2706523548 RESP_END
562 1 2708195164 STIM_START
562 1 2709293832 STIM_END_RESP_START
562 1 2710493856 RESP_END
563 0 2712469144 STIM_START
563 0 2713567812 STIM_END_RESP_START
563 0 2714767840 RESP_END
564 0 2716704184 STIM_START
564 0 2717802848 STIM_END_RESP_START
564 0 2719002876 RESP_END
565 0 2720637548 STIM_START
565 0 2721736216 STIM_END_RESP_START
565 0 2722936240 RESP_END
566 1 2724584940 STIM_START
566 1 2725683608 STIM_END_RESP_START
566 1 2726883632 RESP_END
567 1 2728851904 STIM_START
567 1 2729950568 STIM_END_RESP_START
567 1 2731150592 RESP_END
568 0 2732839236 STIM_START
568 0 2733937904 STIM_END_RESP_START
568 0 2735137928 RESP_END
569 0 2736951372 STIM_START
569 0 2738050028 STIM_END_RESP_START
569 0 2739250056 RESP_END
570 1 2741321204 STIM_START
570 1 2742419868 STIM_END_RESP_START
570 1 2743619892 RESP_END
USER_EXIT