001 1 0005947000 STIM_START
001 1 0007045652 STIM_END_RESP_START
001 1 0008245696 RESP_END
002 1 0010176940 STIM_START
002 1 0011275608 STIM_END_RESP_START
002 1 0012295384 LICK
002 1 0012295820 REWARD_START
002 1 0012475620 RESP_END
002 1 0012326284 REWARD_END
003 1 0016044968 STIM_START
003 1 0017143640 STIM_END_RESP_START
003 1 0018343664 RESP_END
004 0 0022284512 STIM_START
004 0 0023383180 STIM_END_RESP_START
004 0 0024583204 RESP_END
005 1 0028761788 STIM_START
005 1 0029100544 LICK
005 1 0029501804 LICK
005 1 0029688400 LICK
005 1 0029860420 STIM_END_RESP_START
005 1 0029864332 LICK
005 1 0029864776 REWARD_START
005 1 0030166868 LICK
005 1 0030462164 LICK
005 1 0030616796 LICK
005 1 0031060460 RESP_END
005 1 0029895244 REWARD_END
006 0 0033542056 STIM_START
006 0 0034640728 STIM_END_RESP_START
006 0 0035840752 RESP_END
007 0 0037531260 STIM_START
007 0 0037680868 LICK
007 0 0038629916 STIM_END_RESP_START
007 0 0039829940 RESP_END
008 0 0041834144 STIM_START
008 0 0042932780 STIM_END_RESP_START
008 0 0043458004 LICK
008 0 0043458440 TIMEOUT_START
008 0 0043663548 LICK
008 0 0043663984 TIMEOUT_START
008 0 0044132808 RESP_END
008 0 0050664448 TIMEOUT_END
009 1 0052444504 STIM_START
009 1 0053543140 STIM_END_RESP_START
009 1 0054743164 RESP_END
010 1 0056612488 STIM_START
010 1 0057711156 STIM_END_RESP_START
010 1 0058911184 RESP_END
011 0 0060757564 STIM_START
011 0 0061856200 STIM_END_RESP_START
011 0 0063056224 RESP_END
012 0 0064802728 STIM_START
012 0 0065901396 STIM_END_RESP_START
012 0 0067101424 RESP_END
013 1 0068846908 STIM_START
013 1 0069945580 STIM_END_RESP_START
013 1 0071145604 RESP_END
014 1 0072982944 STIM_START
014 1 0074081616 STIM_END_RESP_START
014 1 0075281640 RESP_END
015 1 0077052108 STIM_START
015 1 0078150740 STIM_END_RESP_START
015 1 0079350760 RESP_END
016 0 0081267072 STIM_START
016 0 0082365744 STIM_END_RESP_START
016 0 0083565768 RESP_END
017 0 0085183328 STIM_START
017 0 0086282000 STIM_END_RESP_START
017 0 0087482028 RESP_END
018 0 0089188608 STIM_START
018 0 0090287280 STIM_END_RESP_START
018 0 0091487304 RESP_END
019 1 0093390572 STIM_START
019 1 0094489204 STIM_END_RESP_START
019 1 0095689228 RESP_END
020 0 0097463728 STIM_START
020 0 0098562364 STIM_END_RESP_START
020 0 0099762388 RESP_END
021 0 0101709640 STIM_START
021 0 0102808288 STIM_END_RESP_START
021 0 0104008332 RESP_END
022 0 0105977568 STIM_START
022 0 0107076212 STIM_END_RESP_START
022 0 0108276256 RESP_END
023 1 0109950800 STIM_START
023 1 0111049452 STIM_END_RESP_START
023 1 0112249492 RESP_END
024 0 0113919072 STIM_START
024 0 0115017716 STIM_END_RESP_START
024 0 0116217760 RESP_END
025 1 0118165020 STIM_START
025 1 0119263668 STIM_END_RESP_START
025 1 0120463712 RESP_END
026 1 0122094320 STIM_START
026 1 0123192968 STIM_END_RESP_START
026 1 0124393012 RESP_END
027 0 0126165428 STIM_START
027 0 0127264076 STIM_END_RESP_START
027 0 0128464120 RESP_END
028 1 0130079744 STIM_START
028 1 0131178392 STIM_END_RESP_START
028 1 0132378432 RESP_END
029 0 0134442568 STIM_START
029 0 0135541216 STIM_END_RESP_START
029 0 0136741260 RESP_END
030 1 0138629568 STIM_START
030 1 0139728216 STIM_END_RESP_START
030 1 0140928260 RESP_END
031 0 0142678732 STIM_START
031 0 0143777384 STIM_END_RESP_START
031 0 0144977424 RESP_END
032 1 0146649972 STIM_START
032 1 0147748620 STIM_END_RESP_START
032 1 0148948664 RESP_END
033 0 0150956800 STIM_START
033 0 0152055448 STIM_END_RESP_START
033 0 0153255492 RESP_END
034 0 0154884140 STIM_START
034 0 0155293300 LICK
034 0 0155435108 LICK
034 0 0155705336 LICK
034 0 0155963372 LICK
034 0 0155982780 STIM_END_RESP_START
034 0 0156136040 LICK
034 0 0156136532 TIMEOUT_START
034 0 0156289012 LICK
034 0 0156289500 TIMEOUT_START
034 0 0156449104 LICK
034 0 0156449588 TIMEOUT_START
034 0 0156571356 LICK
034 0 0156571848 TIMEOUT_START
034 0 0157027976 LICK
034 0 0157028468 TIMEOUT_START
034 0 0157182804 RESP_END
034 0 0164028980 TIMEOUT_END
035 1 0173400008 STIM_START
