001 1 0022364352 STIM_START
001 1 0026389776 STIM_END_RESP_START
001 1 0027589788 RESP_END
002 1 0029828524 STIM_START
002 1 0031322892 LICK
002 1 0031453468 LICK
002 1 0031569772 LICK
002 1 0031700304 LICK
002 1 0031859320 LICK
002 1 0032002152 LICK
002 1 0033353908 STIM_END_RESP_START
002 1 0033736000 LICK
002 1 0033736436 REWARD_START
002 1 0033873340 LICK
002 1 0034019056 LICK
002 1 0034131300 LICK
002 1 0034249632 LICK
002 1 0034372400 LICK
002 1 0034495156 LICK
002 1 0034553928 RESP_END
002 1 0033749412 REWARD_END
003 0 0048698352 STIM_START
003 0 0049833328 LICK
003 0 0049985136 LICK
003 0 0050128312 LICK
003 0 0050286228 LICK
003 0 0051158960 LICK
003 0 0051292796 LICK
003 0 0051481320 LICK
003 0 0051973704 STIM_END_RESP_START
003 0 0053173720 RESP_END
004 0 0054918292 STIM_START
004 0 0057993636 STIM_END_RESP_START
004 0 0058582872 LICK
004 0 0058583316 TIMEOUT_START
004 0 0058721432 LICK
004 0 0058721868 TIMEOUT_START
004 0 0058884512 LICK
004 0 0058884944 TIMEOUT_START
004 0 0059031176 LICK
004 0 0059031616 TIMEOUT_START
004 0 0059185000 LICK
004 0 0059185444 TIMEOUT_START
004 0 0059193668 RESP_END
004 0 0066185904 TIMEOUT_END
005 0 0068376300 STIM_START
005 0 0070012180 LICK
005 0 0070151000 LICK
005 0 0070293084 LICK
005 0 0070937688 LICK
005 0 0071084216 LICK
005 0 0071264348 LICK
005 0 0071651652 STIM_END_RESP_START
005 0 0071696740 LICK
005 0 0071697176 TIMEOUT_START
005 0 0071848164 LICK
005 0 0071848600 TIMEOUT_START
005 0 0072851668 RESP_END
005 0 0078849068 TIMEOUT_END
006 1 0080783212 STIM_START
006 1 0082758484 LICK
006 1 0082898184 LICK
006 1 0083039280 LICK
006 1 0084058576 STIM_END_RESP_START
006 1 0084157484 LICK
006 1 0084157920 REWARD_START
006 1 0084292248 LICK
006 1 0084442324 LICK
006 1 0084542640 LICK
006 1 0084642212 LICK
006 1 0084751940 LICK
006 1 0084862696 LICK
006 1 0084979144 LICK
006 1 0085117688 LICK
006 1 0085221672 LICK
006 1 0085258624 RESP_END
006 1 0084170896 REWARD_END
007 0 0088346332 STIM_START
007 0 0088355096 LICK
007 0 0088491204 LICK
007 0 0089609572 LICK
007 0 0089754728 LICK
007 0 0090266908 LICK
007 0 0090431048 LICK
007 0 0090614076 LICK
007 0 0090860468 LICK
007 0 0091044000 LICK
007 0 0092325784 LICK
007 0 0092371764 STIM_END_RESP_START
007 0 0092454852 LICK
007 0 0092455292 TIMEOUT_START
007 0 0093571804 RESP_END
007 0 0099455740 TIMEOUT_END
008 0 0101598340 STIM_START
008 0 0103926288 LICK
008 0 0104059072 LICK
008 0 0104232088 LICK
008 0 0105623756 STIM_END_RESP_START
008 0 0106823788 RESP_END
009 0 0108857432 STIM_START
009 0 0110123128 LICK
009 0 0110809040 LICK
009 0 0110941468 LICK
009 0 0111964596 LICK
009 0 0112382808 STIM_END_RESP_START
009 0 0113582844 RESP_END
010 1 0115725440 STIM_START
010 1 0119218340 LICK
010 1 0119250796 STIM_END_RESP_START
010 1 0119357044 LICK
010 1 0119357536 REWARD_START
010 1 0119548152 LICK
010 1 0119701068 LICK
010 1 0119858140 LICK
010 1 0119957276 LICK
010 1 0120054136 LICK
010 1 0120164628 LICK
010 1 0120302960 LICK
010 1 0120399448 LICK
010 1 0120450824 RESP_END
010 1 0119370552 REWARD_END
011 1 0128515380 STIM_START
011 1 0128753972 LICK
011 1 0128877412 LICK
011 1 0129770104 LICK
011 1 0129909100 LICK
011 1 0130097352 LICK
011 1 0131052856 LICK
011 1 0131175756 LICK
011 1 0131367908 LICK
011 1 0131590712 STIM_END_RESP_START
011 1 0132042856 LICK
011 1 0132043340 REWARD_START
011 1 0132172948 LICK
011 1 0132320008 LICK
011 1 0132425000 LICK
011 1 0132539048 LICK
011 1 0132662552 LICK
011 1 0132780788 LICK
011 1 0132790724 RESP_END
011 1 0132056360 REWARD_END
012 0 0135705468 STIM_START
012 0 0135866328 LICK
012 0 0135975092 LICK
012 0 0137175808 LICK
012 0 0137308860 LICK
012 0 0137466356 LICK
012 0 0137767344 LICK
012 0 0137903492 LICK
012 0 0138050360 LICK
012 0 0138220296 LICK
012 0 0138780812 STIM_END_RESP_START
012 0 0139560796 LICK
012 0 0139561284 TIMEOUT_START
012 0 0139686168 LICK
012 0 0139686652 TIMEOUT_START
012 0 0139878456 LICK
012 0 0139878936 TIMEOUT_START
012 0 0139980860 RESP_END
012 0 0146879432 TIMEOUT_END
013 0 0149356512 STIM_START
013 0 0150452144 LICK
013 0 0151018832 LICK
013 0 0151152328 LICK
013 0 0151337660 LICK
013 0 0152060144 LICK
013 0 0152209196 LICK
013 0 0152413764 LICK
013 0 0152481856 STIM_END_RESP_START
013 0 0153264828 LICK
013 0 0153265316 TIMEOUT_START
013 0 0153402484 LICK
013 0 0153402968 TIMEOUT_START
013 0 0153588612 LICK
013 0 0153589104 TIMEOUT_START
013 0 0153681904 RESP_END
013 0 0160589612 TIMEOUT_END
014 1 0162489484 STIM_START
014 1 0163818648 LICK
014 1 0164005636 LICK
014 1 0164198608 LICK
014 1 0164362980 LICK
014 1 0164576556 LICK
014 1 0164720024 LICK
014 1 0165336648 LICK
014 1 0165490856 LICK
014 1 0165764840 STIM_END_RESP_START
014 1 0166395436 LICK
014 1 0166395928 REWARD_START
014 1 0166535992 LICK
014 1 0166710644 LICK
014 1 0166820372 LICK
014 1 0166935644 LICK
014 1 0166964852 RESP_END
014 1 0166408944 REWARD_END
015 1 0172577024 STIM_START
015 1 0172754884 LICK
015 1 0172876468 LICK
015 1 0174013092 LICK
015 1 0174153404 LICK
015 1 0175103056 LICK
015 1 0175211664 LICK
015 1 0176102408 STIM_END_RESP_START
015 1 0177302436 RESP_END
016 0 0179433032 STIM_START
016 0 0180691316 LICK
016 0 0180841508 LICK
016 0 0180994084 LICK
016 0 0181872648 LICK
016 0 0181997512 LICK
016 0 0182157348 LICK
016 0 0182708392 STIM_END_RESP_START
016 0 0183908428 RESP_END
017 1 0185647000 STIM_START
017 1 0185655268 LICK
017 1 0186594864 LICK
017 1 0186726700 LICK
017 1 0186921992 LICK
017 1 0187795592 LICK
017 1 0187932596 LICK
017 1 0189172368 STIM_END_RESP_START
017 1 0190372404 RESP_END
018 1 0192307944 STIM_START
018 1 0194091340 LICK
018 1 0194233388 LICK
018 1 0195833316 STIM_END_RESP_START
018 1 0196132152 LICK
018 1 0196132636 REWARD_START
018 1 0196283888 LICK
018 1 0196418252 LICK
018 1 0196526608 LICK
018 1 0196647524 LICK
018 1 0196739884 LICK
018 1 0196861040 LICK
018 1 0196979624 LICK
018 1 0197033328 RESP_END
018 1 0196145660 REWARD_END
019 0 0199533044 STIM_START
019 0 0199718960 LICK
019 0 0199841856 LICK
019 0 0200009588 LICK
019 0 0200744008 LICK
019 0 0200886728 LICK
019 0 0202798176 LICK
019 0 0202808396 STIM_END_RESP_START
019 0 0202955492 LICK
019 0 0202955984 TIMEOUT_START
019 0 0203121584 LICK
019 0 0203122076 TIMEOUT_START
019 0 0203863916 LICK
019 0 0203864408 TIMEOUT_START
019 0 0203996052 LICK
019 0 0203996540 TIMEOUT_START
019 0 0204008444 RESP_END
019 0 0210997044 TIMEOUT_END
020 1 0213352136 STIM_START
020 1 0214475828 LICK
020 1 0214588636 LICK
020 1 0214740372 LICK
020 1 0215538212 LICK
020 1 0215689256 LICK
020 1 0215891144 LICK
020 1 0216557248 LICK
020 1 0216627464 STIM_END_RESP_START
020 1 0216706580 LICK
020 1 0216707064 REWARD_START
020 1 0216893484 LICK
020 1 0217003360 LICK
020 1 0217125052 LICK
020 1 0217248512 LICK
020 1 0217367500 LICK
020 1 0217520032 LICK
020 1 0217631676 LICK
020 1 0217827492 RESP_END
020 1 0216720084 REWARD_END
021 0 0219912096 STIM_START
021 0 0220133164 LICK
021 0 0221979644 LICK
021 0 0222108116 LICK
021 0 0222313392 LICK
021 0 0223037432 STIM_END_RESP_START
021 0 0223093192 LICK
021 0 0223093676 TIMEOUT_START
021 0 0223222952 LICK
021 0 0223223436 TIMEOUT_START
021 0 0223404712 LICK
021 0 0223405200 TIMEOUT_START
021 0 0224237464 RESP_END
021 0 0230405700 TIMEOUT_END
022 0 0232552000 STIM_START
022 0 0234058616 LICK
022 0 0234240800 LICK
022 0 0234384352 LICK
022 0 0235097260 LICK
022 0 0235222320 LICK
022 0 0236577424 STIM_END_RESP_START
022 0 0237777456 RESP_END
023 1 0239595092 STIM_START
023 1 0241330008 LICK
023 1 0241481804 LICK
023 1 0242095968 LICK
023 1 0242278036 LICK
023 1 0242670412 STIM_END_RESP_START
023 1 0243851512 LICK
023 1 0243851996 REWARD_START
023 1 0243870424 RESP_END
023 1 0243865020 REWARD_END
024 1 0247731252 STIM_START
024 1 0248919312 LICK
024 1 0249068240 LICK
024 1 0249725812 LICK
024 1 0249843236 LICK
024 1 0250019704 LICK
024 1 0251077488 LICK
024 1 0251203280 LICK
024 1 0251756680 STIM_END_RESP_START
024 1 0252956716 RESP_END
025 0 0254864360 STIM_START
025 0 0256731212 LICK
025 0 0256867488 LICK
025 0 0257036396 LICK
025 0 0257989708 STIM_END_RESP_START
025 0 0259189736 RESP_END
026 1 0261129300 STIM_START
026 1 0261374292 LICK
026 1 0262024796 LICK
026 1 0263643476 LICK
026 1 0263931784 LICK
026 1 0264082420 LICK
026 1 0264204640 STIM_END_RESP_START
026 1 0264705420 LICK
026 1 0264705904 REWARD_START
026 1 0264847680 LICK
026 1 0264990188 LICK
026 1 0265104024 LICK
026 1 0265225960 LICK
026 1 0265359356 LICK
026 1 0265404664 RESP_END
026 1 0264718924 REWARD_END
027 1 0268278332 STIM_START
027 1 0268508172 LICK
027 1 0268613744 LICK
027 1 0270013132 LICK
027 1 0270163220 LICK
027 1 0271095116 LICK
027 1 0271243972 LICK
027 1 0271458252 LICK
027 1 0271553704 STIM_END_RESP_START
027 1 0272753740 RESP_END
028 0 0274544320 STIM_START
028 0 0275861824 LICK
028 0 0276023456 LICK
028 0 0276862768 LICK
028 0 0276985728 LICK
028 0 0277819668 STIM_END_RESP_START
028 0 0279019704 RESP_END
029 0 0280801256 STIM_START
029 0 0283926580 STIM_END_RESP_START
029 0 0285126608 RESP_END
030 0 0292055940 STIM_START
030 0 0295181296 STIM_END_RESP_START
030 0 0296131180 LICK
030 0 0296131672 TIMEOUT_START
030 0 0296286068 LICK
030 0 0296286560 TIMEOUT_START
030 0 0296381324 RESP_END
030 0 0303287052 TIMEOUT_END
031 1 0305153004 STIM_START
031 1 0308161164 LICK
031 1 0308228328 STIM_END_RESP_START
031 1 0308318936 LICK
031 1 0308319428 REWARD_START
031 1 0308750716 LICK
031 1 0308880084 LICK
031 1 0308961308 LICK
031 1 0309110216 LICK
031 1 0309214596 LICK
031 1 0309428372 RESP_END
031 1 0308332444 REWARD_END
032 1 0311462860 STIM_START
032 1 0315488308 STIM_END_RESP_START
032 1 0316688336 RESP_END
033 1 0318897992 STIM_START
033 1 0322173332 STIM_END_RESP_START
033 1 0323373368 RESP_END
034 0 0325145940 STIM_START
034 0 0327453516 LICK
034 0 0327588824 LICK
034 0 0328221260 STIM_END_RESP_START
034 0 0328706584 LICK
034 0 0328707064 TIMEOUT_START
034 0 0328870776 LICK
034 0 0328871268 TIMEOUT_START
034 0 0329421296 RESP_END
034 0 0335871772 TIMEOUT_END
035 1 0337682800 STIM_START
035 1 0339677476 LICK
035 1 0340006448 LICK
035 1 0340359656 LICK
035 1 0340958152 STIM_END_RESP_START
035 1 0341973216 LICK
035 1 0341973700 REWARD_START
035 1 0342120396 LICK
035 1 0342158188 RESP_END
035 1 0341986724 REWARD_END
036 0 0347277196 STIM_START
036 0 0347528208 LICK
036 0 0347664300 LICK
036 0 0348888916 LICK
036 0 0349095516 LICK
036 0 0349976308 LICK
036 0 0350105916 LICK
036 0 0350402532 STIM_END_RESP_START
036 0 0351602568 RESP_END
037 1 0353763184 STIM_START
037 1 0357288572 STIM_END_RESP_START
037 1 0358488608 RESP_END
038 0 0360385204 STIM_START
038 0 0363510524 STIM_END_RESP_START
038 0 0364710560 RESP_END
039 0 0366798188 STIM_START
039 0 0368280628 LICK
039 0 0369195724 LICK
039 0 0369385296 LICK
039 0 0370578816 LICK
039 0 0370699780 LICK
039 0 0370823620 STIM_END_RESP_START
039 0 0372023652 RESP_END
040 1 0374066280 STIM_START
040 1 0376399232 LICK
040 1 0376524596 LICK
040 1 0376678208 LICK
040 1 0377141616 STIM_END_RESP_START
040 1 0377231112 LICK
040 1 0377231608 REWARD_START
040 1 0377383588 LICK
040 1 0377531180 LICK
040 1 0377642840 LICK
040 1 0377759360 LICK
040 1 0377883616 LICK
040 1 0378022116 LICK
040 1 0378146148 LICK
040 1 0378285072 LICK
040 1 0378341660 RESP_END
040 1 0377244624 REWARD_END
041 1 0380847244 STIM_START
041 1 0381187772 LICK
041 1 0381350812 LICK
041 1 0384135180 LICK
041 1 0384277396 LICK
041 1 0384872684 STIM_END_RESP_START
041 1 0386072720 RESP_END
042 0 0387975344 STIM_START
042 0 0392000784 STIM_END_RESP_START
042 0 0393200816 RESP_END
043 1 0395268460 STIM_START
043 1 0396674596 LICK
043 1 0396811428 LICK
043 1 0398393816 STIM_END_RESP_START
043 1 0399593852 RESP_END
044 0 0401626360 STIM_START
044 0 0404901732 STIM_END_RESP_START
044 0 0406101768 RESP_END
045 1 0408115372 STIM_START
045 1 0411240688 STIM_END_RESP_START
045 1 0411536132 LICK
045 1 0411536624 REWARD_START
045 1 0411675056 LICK
045 1 0411799644 LICK
045 1 0411904212 LICK
045 1 0412018264 LICK
045 1 0412117752 LICK
045 1 0412242636 LICK
045 1 0412440716 RESP_END
045 1 0411549640 REWARD_END
046 0 0416637640 STIM_START
046 0 0416857820 LICK
046 0 0417002088 LICK
046 0 0418030652 LICK
046 0 0418170268 LICK
046 0 0419132096 LICK
046 0 0419232528 LICK
046 0 0419388332 LICK
046 0 0420128692 LICK
046 0 0420269672 LICK
046 0 0420383640 LICK
046 0 0420620644 LICK
046 0 0420663048 STIM_END_RESP_START
046 0 0420756948 LICK
046 0 0420757428 TIMEOUT_START
046 0 0421863088 RESP_END
046 0 0427757940 TIMEOUT_END
047 0 0429748612 STIM_START
047 0 0431706100 LICK
047 0 0431821876 LICK
047 0 0431968636 LICK
047 0 0432823940 STIM_END_RESP_START
047 0 0433045144 LICK
047 0 0433045636 TIMEOUT_START
047 0 0433220764 LICK
047 0 0433221248 TIMEOUT_START
047 0 0434023964 RESP_END
047 0 0440221756 TIMEOUT_END
048 0 0442424500 STIM_START
048 0 0444453668 LICK
048 0 0444626252 LICK
048 0 0444728968 LICK
048 0 0444882196 LICK
048 0 0445045836 LICK
048 0 0445193612 LICK
048 0 0445387424 LICK
048 0 0445549832 STIM_END_RESP_START
048 0 0445566772 LICK
048 0 0445567264 TIMEOUT_START
048 0 0445707188 LICK
048 0 0445707676 TIMEOUT_START
048 0 0445917724 LICK
048 0 0445918212 TIMEOUT_START
048 0 0446086972 LICK
048 0 0446087460 TIMEOUT_START
048 0 0446242472 LICK
048 0 0446242960 TIMEOUT_START
048 0 0446749876 RESP_END
048 0 0453243468 TIMEOUT_END
049 1 0455150412 STIM_START
049 1 0455426332 LICK
049 1 0455613148 LICK
049 1 0456318632 LICK
049 1 0456459604 LICK
049 1 0456643592 LICK
049 1 0457379060 LICK
049 1 0457492148 LICK
049 1 0457696668 LICK
049 1 0457903756 LICK
049 1 0458102252 LICK
049 1 0458225748 STIM_END_RESP_START
049 1 0458245208 LICK
049 1 0458245692 REWARD_START
049 1 0458424932 LICK
049 1 0458581424 LICK
049 1 0458674132 LICK
049 1 0458781900 LICK
049 1 0458895600 LICK
049 1 0459018500 LICK
049 1 0459160064 LICK
049 1 0459267148 LICK
049 1 0459411716 LICK
049 1 0459425772 RESP_END
049 1 0458258716 REWARD_END
050 1 0464060756 STIM_START
050 1 0464110564 LICK
050 1 0464248072 LICK
050 1 0464407332 LICK
050 1 0465224140 LICK
050 1 0465345320 LICK
050 1 0465605260 LICK
050 1 0465745252 LICK
050 1 0465865668 LICK
050 1 0466066764 LICK
050 1 0466995644 LICK
050 1 0467128932 LICK
050 1 0467136068 STIM_END_RESP_START
050 1 0467305172 LICK
050 1 0467305664 REWARD_START
050 1 0467474064 LICK
050 1 0467610704 LICK
050 1 0467741256 LICK
050 1 0467854824 LICK
050 1 0467991200 LICK
050 1 0468138000 LICK
050 1 0468268984 LICK
050 1 0468336084 RESP_END
050 1 0467318680 REWARD_END
051 0 0477084668 STIM_START
051 0 0477230728 LICK
051 0 0477382040 LICK
051 0 0477549544 LICK
051 0 0478126368 LICK
051 0 0478271428 LICK
051 0 0478438344 LICK
051 0 0478648984 LICK
051 0 0478794560 LICK
051 0 0478929608 LICK
051 0 0479118984 LICK
051 0 0479326768 LICK
051 0 0479495092 LICK
051 0 0479674496 LICK
051 0 0479830592 LICK
051 0 0479963584 LICK
051 0 0480159656 LICK
051 0 0480160184 STIM_END_RESP_START
051 0 0481257436 LICK
051 0 0481257932 TIMEOUT_START
051 0 0481360224 RESP_END
051 0 0488258436 TIMEOUT_END
052 1 0491109756 STIM_START
052 1 0491147852 LICK
052 1 0491295856 LICK
052 1 0491932752 LICK
052 1 0492093956 LICK
052 1 0493186496 LICK
052 1 0493320092 LICK
052 1 0493480240 LICK
052 1 0494385112 STIM_END_RESP_START
052 1 0495585148 RESP_END
053 1 0497422684 STIM_START
053 1 0497458656 LICK
053 1 0497622416 LICK
053 1 0498564772 LICK
053 1 0498746736 LICK
053 1 0500131064 LICK
053 1 0500246804 LICK
053 1 0500449336 LICK
053 1 0501448092 STIM_END_RESP_START
053 1 0502449952 LICK
053 1 0502450444 REWARD_START
053 1 0502584860 LICK
053 1 0502648136 RESP_END
053 1 0502463464 REWARD_END
054 1 0506266052 STIM_START
054 1 0506412904 LICK
054 1 0506523968 LICK
054 1 0507420256 LICK
054 1 0507574688 LICK
054 1 0507706008 LICK
054 1 0507894348 LICK
054 1 0508101376 LICK
054 1 0508254204 LICK
054 1 0509012604 LICK
054 1 0509180848 LICK
054 1 0509303596 LICK
054 1 0509791444 STIM_END_RESP_START
054 1 0510947092 LICK
054 1 0510947588 REWARD_START
054 1 0510991472 RESP_END
054 1 0510960604 REWARD_END
055 0 0517654728 STIM_START
055 0 0517798276 LICK
055 0 0517905316 LICK
055 0 0518074908 LICK
055 0 0518786972 LICK
055 0 0518918548 LICK
055 0 0519087476 LICK
055 0 0519926516 LICK
055 0 0520034760 LICK
055 0 0520193808 LICK
055 0 0520392632 LICK
055 0 0520930080 STIM_END_RESP_START
055 0 0521354080 LICK
055 0 0521354572 TIMEOUT_START
055 0 0521485836 LICK
055 0 0521486320 TIMEOUT_START
055 0 0521666468 LICK
055 0 0521666960 TIMEOUT_START
055 0 0521824664 LICK
055 0 0521825148 TIMEOUT_START
055 0 0521980216 LICK
055 0 0521980704 TIMEOUT_START
055 0 0522130108 RESP_END
055 0 0528981208 TIMEOUT_END
056 0 0530818660 STIM_START
056 0 0531155184 LICK
056 0 0531321584 LICK
056 0 0532162436 LICK
056 0 0532308212 LICK
056 0 0533542072 LICK
056 0 0533683552 LICK
056 0 0534795024 LICK
056 0 0534844096 STIM_END_RESP_START
056 0 0534974428 LICK
056 0 0534974916 TIMEOUT_START
056 0 0536044120 RESP_END
056 0 0541975412 TIMEOUT_END
057 1 0543814600 STIM_START
057 1 0543982580 LICK
057 1 0544121628 LICK
057 1 0544889540 LICK
057 1 0545025344 LICK
057 1 0545223472 LICK
057 1 0545897924 LICK
057 1 0546039796 LICK
057 1 0546262644 LICK
057 1 0546889924 STIM_END_RESP_START
057 1 0547017920 LICK
057 1 0547018404 REWARD_START
057 1 0547156652 LICK
057 1 0547308992 LICK
057 1 0547427704 LICK
057 1 0547560460 LICK
057 1 0547700364 LICK
057 1 0547845520 LICK
057 1 0547972580 LICK
057 1 0548089960 RESP_END
057 1 0547031428 REWARD_END
058 1 0550655640 STIM_START
058 1 0550810208 LICK
058 1 0550930652 LICK
058 1 0551093188 LICK
058 1 0551811096 LICK
058 1 0551956732 LICK
058 1 0552119852 LICK
058 1 0552328948 LICK
058 1 0553054188 LICK
058 1 0553203108 LICK
058 1 0553413284 LICK
058 1 0553591540 LICK
058 1 0553774524 LICK
058 1 0554681052 STIM_END_RESP_START
058 1 0554926580 LICK
058 1 0554927064 REWARD_START
058 1 0555046892 LICK
058 1 0555192912 LICK
058 1 0555303964 LICK
058 1 0555425912 LICK
058 1 0555555764 LICK
058 1 0555713204 LICK
058 1 0555829284 LICK
058 1 0555881072 RESP_END
058 1 0554940088 REWARD_END
059 0 0558065772 STIM_START
059 0 0558219640 LICK
059 0 0558335120 LICK
059 0 0559301868 LICK
059 0 0559424920 LICK
059 0 0559598096 LICK
059 0 0559755288 LICK
059 0 0560595028 LICK
059 0 0560729360 LICK
059 0 0560886620 LICK
059 0 0561114944 LICK
059 0 0561141104 STIM_END_RESP_START
059 0 0562341132 RESP_END
060 1 0564257700 STIM_START
060 1 0564512972 LICK
060 1 0565364720 LICK
060 1 0565500912 LICK
060 1 0566122700 LICK
060 1 0566249008 LICK
060 1 0567037792 LICK
060 1 0567161620 LICK
060 1 0567341020 LICK
060 1 0567783080 STIM_END_RESP_START
060 1 0568212460 LICK
060 1 0568212952 REWARD_START
060 1 0568325236 LICK
060 1 0568473188 LICK
060 1 0568576048 LICK
060 1 0568693528 LICK
060 1 0568821040 LICK
060 1 0568955628 LICK
060 1 0568983112 RESP_END
060 1 0568225976 REWARD_END
061 0 0575900360 STIM_START
061 0 0576192896 LICK
061 0 0576326196 LICK
061 0 0577467924 LICK
061 0 0577601884 LICK
061 0 0578801872 LICK
061 0 0578918684 LICK
061 0 0579025696 STIM_END_RESP_START
061 0 0579077332 LICK
061 0 0579077816 TIMEOUT_START
061 0 0580225744 RESP_END
061 0 0586078324 TIMEOUT_END
062 1 0587985236 STIM_START
062 1 0588794472 LICK
062 1 0588935348 LICK
062 1 0589105364 LICK
062 1 0589738628 LICK
062 1 0589882744 LICK
062 1 0590032848 LICK
062 1 0590715136 LICK
062 1 0590843884 LICK
062 1 0591013028 LICK
062 1 0591510596 STIM_END_RESP_START
062 1 0591972212 LICK
062 1 0591972704 REWARD_START
062 1 0592109892 LICK
062 1 0592255904 LICK
062 1 0592362012 LICK
062 1 0592503168 LICK
062 1 0592620372 LICK
062 1 0592710616 RESP_END
062 1 0591985728 REWARD_END
063 0 0598072672 STIM_START
063 0 0598209460 LICK
063 0 0598335148 LICK
063 0 0599113748 LICK
063 0 0599228208 LICK
063 0 0600127116 LICK
063 0 0600257768 LICK
063 0 0601111608 LICK
063 0 0601265864 LICK
063 0 0601428716 LICK
063 0 0601598048 STIM_END_RESP_START
063 0 0602798096 RESP_END
064 0 0604892776 STIM_START
064 0 0605028652 LICK
064 0 0605149376 LICK
064 0 0605748824 LICK
064 0 0605885764 LICK
064 0 0606093472 LICK
064 0 0606750508 LICK
064 0 0606892916 LICK
064 0 0607062548 LICK
064 0 0607294516 LICK
064 0 0608015448 LICK
064 0 0608156736 LICK
064 0 0608918196 STIM_END_RESP_START
064 0 0609782912 LICK
064 0 0609783396 TIMEOUT_START
064 0 0609887752 LICK
064 0 0609888240 TIMEOUT_START
064 0 0610118236 RESP_END
064 0 0616888744 TIMEOUT_END
065 1 0618838824 STIM_START
065 1 0619000224 LICK
065 1 0619122176 LICK
065 1 0620104004 LICK
065 1 0620254680 LICK
065 1 0621139448 LICK
065 1 0621252692 LICK
065 1 0621437112 LICK
065 1 0622114176 STIM_END_RESP_START
065 1 0623049396 LICK
065 1 0623049888 REWARD_START
065 1 0623185764 LICK
065 1 0623314192 RESP_END
065 1 0623062904 REWARD_END
066 0 0626372932 STIM_START
066 0 0627196964 LICK
066 0 0627328524 LICK
066 0 0627516320 LICK
066 0 0628055460 LICK
066 0 0628162420 LICK
066 0 0628323364 LICK
066 0 0628527340 LICK
066 0 0628706352 LICK
066 0 0628888036 LICK
066 0 0629033320 LICK
066 0 0629200204 LICK
066 0 0629384784 LICK
066 0 0629648268 STIM_END_RESP_START
066 0 0630383680 LICK
066 0 0630384168 TIMEOUT_START
066 0 0630514384 LICK
066 0 0630514876 TIMEOUT_START
066 0 0630656668 LICK
066 0 0630657160 TIMEOUT_START
066 0 0630848312 RESP_END
066 0 0637657664 TIMEOUT_END
067 0 0640345012 STIM_START
067 0 0641573696 LICK
067 0 0641707748 LICK
067 0 0642255400 LICK
067 0 0642402260 LICK
067 0 0642567280 LICK
067 0 0643720656 LICK
067 0 0643863944 LICK
067 0 0643870384 STIM_END_RESP_START
067 0 0645070416 RESP_END
068 0 0647039960 STIM_START
068 0 0648181420 LICK
068 0 0648329716 LICK
068 0 0649519632 LICK
068 0 0649667572 LICK
068 0 0649863300 LICK
068 0 0651065392 STIM_END_RESP_START
068 0 0651439224 LICK
068 0 0651439712 TIMEOUT_START
068 0 0651560760 LICK
068 0 0651561248 TIMEOUT_START
068 0 0651747072 LICK
068 0 0651747564 TIMEOUT_START
068 0 0652265412 RESP_END
068 0 0658748072 TIMEOUT_END
069 1 0670637508 STIM_START
069 1 0674662952 STIM_END_RESP_START
069 1 0675862984 RESP_END
070 0 0677661556 STIM_START
070 0 0681186944 STIM_END_RESP_START
070 0 0682386976 RESP_END
071 1 0684209556 STIM_START
071 1 0687334876 STIM_END_RESP_START
071 1 0687736996 LICK
071 1 0687737484 REWARD_START
071 1 0688534920 RESP_END
071 1 0687750508 REWARD_END
072 1 0733992848 STIM_START
072 1 0737593396 LICK
072 1 0737737948 LICK
072 1 0737917844 LICK
072 1 0738018284 STIM_END_RESP_START
072 1 0739218316 RESP_END
073 1 0741137912 STIM_START
073 1 0743657008 LICK
073 1 0743882300 LICK
073 1 0744072212 LICK
073 1 0744213260 STIM_END_RESP_START
073 1 0744275472 LICK
073 1 0744275960 REWARD_START
073 1 0745413304 RESP_END
073 1 0744288984 REWARD_END
074 0 0747370856 STIM_START
074 0 0749274012 LICK
074 0 0749734548 LICK
074 0 0749883684 LICK
074 0 0749999980 LICK
074 0 0750085256 LICK
074 0 0750195676 LICK
074 0 0750326308 LICK
074 0 0750430380 LICK
074 0 0750496176 STIM_END_RESP_START
074 0 0750561572 LICK
074 0 0750562056 TIMEOUT_START
074 0 0750687528 LICK
074 0 0750688012 TIMEOUT_START
074 0 0750830428 LICK
074 0 0750830920 TIMEOUT_START
074 0 0750963260 LICK
074 0 0750963748 TIMEOUT_START
074 0 0751094516 LICK
074 0 0751095008 TIMEOUT_START
074 0 0751696188 RESP_END
074 0 0758095512 TIMEOUT_END
075 0 0760165716 STIM_START
075 0 0760458196 LICK
075 0 0760594592 LICK
075 0 0761301768 LICK
075 0 0761484396 LICK
075 0 0761693964 LICK
075 0 0761837260 LICK
075 0 0762033572 LICK
075 0 0762173600 LICK
075 0 0763241060 STIM_END_RESP_START
075 0 0763341820 LICK
075 0 0763342312 TIMEOUT_START
075 0 0763468700 LICK
075 0 0763469192 TIMEOUT_START
075 0 0764441104 RESP_END
075 0 0770469696 TIMEOUT_END
076 1 0772243528 STIM_START
076 1 0773898444 LICK
076 1 0774051288 LICK
076 1 0774209232 LICK
076 1 0774750088 LICK
076 1 0774931392 LICK
076 1 0775518884 STIM_END_RESP_START
076 1 0775825076 LICK
076 1 0775825568 REWARD_START
076 1 0775987280 LICK
076 1 0776110192 LICK
076 1 0776225232 LICK
076 1 0776333696 LICK
076 1 0776453300 LICK
076 1 0776575984 LICK
076 1 0776695964 LICK
076 1 0776718928 RESP_END
076 1 0775838588 REWARD_END
077 0 0779701684 STIM_START
077 0 0779896548 LICK
077 0 0780028852 LICK
077 0 0781009556 LICK
077 0 0781170332 LICK
077 0 0782138416 LICK
077 0 0782280772 LICK
077 0 0782477768 LICK
077 0 0782649656 LICK
077 0 0782977036 STIM_END_RESP_START
077 0 0783588428 LICK
077 0 0783588912 TIMEOUT_START
077 0 0783720228 LICK
077 0 0783720720 TIMEOUT_START
077 0 0784177048 RESP_END
077 0 0790721224 TIMEOUT_END
078 0 0792501556 STIM_START
078 0 0793923248 LICK
078 0 0794048252 LICK
078 0 0794748196 LICK
078 0 0794870368 LICK
078 0 0795838452 LICK
078 0 0795955716 LICK
078 0 0796026944 STIM_END_RESP_START
078 0 0797226972 RESP_END
079 1 0799638644 STIM_START
079 1 0800020036 LICK
079 1 0800171036 LICK
079 1 0800932376 LICK
079 1 0801087292 LICK
079 1 0802481788 LICK
079 1 0802610096 LICK
079 1 0802713968 STIM_END_RESP_START
079 1 0803914004 RESP_END
080 0 0807535828 STIM_START
080 0 0808916936 LICK
080 0 0809044968 LICK
080 0 0809999812 LICK
080 0 0810154424 LICK
080 0 0810811172 STIM_END_RESP_START
080 0 0812011208 RESP_END
081 0 0814040768 STIM_START
081 0 0815151244 LICK
081 0 0815293156 LICK
081 0 0816227684 LICK
081 0 0816359888 LICK
081 0 0816538264 LICK
081 0 0817166092 STIM_END_RESP_START
081 0 0817353408 LICK
081 0 0817353904 TIMEOUT_START
081 0 0817533248 LICK
081 0 0817533736 TIMEOUT_START
081 0 0818366108 RESP_END
081 0 0824534248 TIMEOUT_END
082 0 0826599624 STIM_START
082 0 0827762300 LICK
082 0 0827891044 LICK
082 0 0828805332 LICK
082 0 0828968288 LICK
082 0 0829150936 LICK
082 0 0829988260 LICK
082 0 0830123052 LICK
082 0 0830346548 LICK
082 0 0830625052 STIM_END_RESP_START
082 0 0831447536 LICK
082 0 0831448020 TIMEOUT_START
082 0 0831573784 LICK
082 0 0831574276 TIMEOUT_START
082 0 0831825080 RESP_END
082 0 0838574772 TIMEOUT_END
083 1 0840578724 STIM_START
083 1 0841633360 LICK
083 1 0841768228 LICK
083 1 0841941316 LICK
083 1 0842668892 LICK
083 1 0842814484 LICK
083 1 0843764856 LICK
083 1 0843854088 STIM_END_RESP_START
083 1 0843892332 LICK
083 1 0843892820 REWARD_START
083 1 0845054104 RESP_END
083 1 0843905836 REWARD_END
084 0 0846921656 STIM_START
084 0 0848861000 LICK
084 0 0848994328 LICK
084 0 0849100032 LICK
084 0 0849201704 LICK
084 0 0849318220 LICK
084 0 0849437984 LICK
084 0 0849558108 LICK
084 0 0849695812 LICK
084 0 0850350344 LICK
084 0 0850489676 LICK
084 0 0850657752 LICK
084 0 0850863092 LICK
084 0 0850947084 STIM_END_RESP_START
084 0 0851054732 LICK
084 0 0851055216 TIMEOUT_START
084 0 0851835388 LICK
084 0 0851835872 TIMEOUT_START
084 0 0851966428 LICK
084 0 0851966912 TIMEOUT_START
084 0 0852147104 RESP_END
084 0 0858967432 TIMEOUT_END
085 1 0860891780 STIM_START
085 1 0861152284 LICK
085 1 0862185444 LICK
085 1 0862322752 LICK
085 1 0863221268 LICK
085 1 0863356408 LICK
085 1 0863544524 LICK
085 1 0864017124 STIM_END_RESP_START
085 1 0865217156 RESP_END
086 1 0867297744 STIM_START
086 1 0868850020 LICK
086 1 0868984292 LICK
086 1 0869917436 LICK
086 1 0870046840 LICK
086 1 0870823128 STIM_END_RESP_START
086 1 0872023152 RESP_END
087 1 0874264760 STIM_START
087 1 0876487760 LICK
087 1 0876633016 LICK
087 1 0878290188 STIM_END_RESP_START
087 1 0879490224 RESP_END
088 0 0881307836 STIM_START
088 0 0883164032 LICK
088 0 0883294956 LICK
088 0 0885333252 STIM_END_RESP_START
088 0 0886533288 RESP_END
089 1 0888714948 STIM_START
089 1 0890297032 LICK
089 1 0890438156 LICK
089 1 0891107872 LICK
089 1 0891255008 LICK
089 1 0891412248 LICK
089 1 0891653068 LICK
089 1 0891786340 LICK
089 1 0891840292 STIM_END_RESP_START
089 1 0891944780 LICK
089 1 0891945276 REWARD_START
089 1 0892120904 LICK
089 1 0892286524 LICK
089 1 0892372016 LICK
089 1 0892484536 LICK
089 1 0892592628 LICK
089 1 0892719780 LICK
089 1 0892845488 LICK
089 1 0892975756 LICK
089 1 0893040340 RESP_END
089 1 0891958296 REWARD_END
090 0 0898728460 STIM_START
090 0 0898907972 LICK
090 0 0899044580 LICK
090 0 0899831964 LICK
090 0 0899957684 LICK
090 0 0900153128 LICK
090 0 0900962968 LICK
090 0 0901090756 LICK
090 0 0901271096 LICK
090 0 0901803792 STIM_END_RESP_START
090 0 0902157480 LICK
090 0 0902157964 TIMEOUT_START
090 0 0902287404 LICK
090 0 0902287888 TIMEOUT_START
090 0 0903003832 RESP_END
090 0 0909288396 TIMEOUT_END
091 1 0913982660 STIM_START
091 1 0915225036 LICK
091 1 0915360228 LICK
091 1 0916112848 LICK
091 1 0916230524 LICK
091 1 0916417032 LICK
091 1 0917128548 LICK
091 1 0917272564 LICK
091 1 0917508052 STIM_END_RESP_START
091 1 0918708088 RESP_END
092 0 0920547724 STIM_START
092 0 0921415360 LICK
092 0 0921518756 LICK
092 0 0921658984 LICK
092 0 0922438012 LICK
092 0 0922677348 LICK
092 0 0922842692 LICK
092 0 0923050008 LICK
092 0 0923218540 LICK
092 0 0923906024 LICK
092 0 0924041144 LICK
092 0 0924073076 STIM_END_RESP_START
092 0 0925273112 RESP_END
093 0 0927274760 STIM_START
093 0 0930400080 STIM_END_RESP_START
093 0 0930464820 LICK
093 0 0930465304 TIMEOUT_START
093 0 0930604712 LICK
093 0 0930605204 TIMEOUT_START
093 0 0930772952 LICK
093 0 0930773444 TIMEOUT_START
093 0 0931328424 LICK
093 0 0931328908 TIMEOUT_START
093 0 0931442776 LICK
093 0 0931443260 TIMEOUT_START
093 0 0931574548 LICK
093 0 0931575040 TIMEOUT_START
093 0 0931600120 RESP_END
093 0 0938575552 TIMEOUT_END
094 0 0940619660 STIM_START
094 0 0941739188 LICK
094 0 0941870556 LICK
094 0 0942078196 LICK
094 0 0942462064 LICK
094 0 0942613244 LICK
094 0 0943337516 LICK
094 0 0943474488 LICK
094 0 0943694972 STIM_END_RESP_START
094 0 0944895008 RESP_END
095 1 0946745608 STIM_START
095 1 0948499388 LICK
095 1 0948655552 LICK
095 1 0949411360 LICK
095 1 0949544352 LICK
095 1 0950020948 STIM_END_RESP_START
095 1 0951220984 RESP_END
096 0 0953343572 STIM_START
096 0 0956339968 LICK
096 0 0956482192 LICK
096 0 0956669708 LICK
096 0 0956828220 LICK
096 0 0956868940 STIM_END_RESP_START
096 0 0957010972 LICK
096 0 0957011460 TIMEOUT_START
096 0 0957188656 LICK
096 0 0957189148 TIMEOUT_START
096 0 0957343560 LICK
096 0 0957344056 TIMEOUT_START
096 0 0957486036 LICK
096 0 0957486528 TIMEOUT_START
096 0 0957653072 LICK
096 0 0957653560 TIMEOUT_START
096 0 0957827456 LICK
096 0 0957827940 TIMEOUT_START
096 0 0957982304 LICK
096 0 0957982796 TIMEOUT_START
096 0 0958068960 RESP_END
096 0 0964983304 TIMEOUT_END
097 1 0967117640 STIM_START
097 1 0968087252 LICK
097 1 0968225556 LICK
097 1 0968670164 LICK
097 1 0968823820 LICK
097 1 0969494944 LICK
097 1 0969641208 LICK
097 1 0970392972 STIM_END_RESP_START
097 1 0970879872 LICK
097 1 0970880368 REWARD_START
097 1 0971016168 LICK
097 1 0971180092 LICK
097 1 0971297184 LICK
097 1 0971406044 LICK
097 1 0971526884 LICK
097 1 0971593016 RESP_END
097 1 0970893372 REWARD_END
098 1 0975383856 STIM_START
098 1 0975538412 LICK
098 1 0975659328 LICK
098 1 0976405292 LICK
098 1 0976551696 LICK
098 1 0976719368 LICK
098 1 0976949216 LICK
098 1 0977118288 LICK
098 1 0977249860 LICK
098 1 0977396220 LICK
098 1 0977549580 LICK
098 1 0978260504 LICK
098 1 0978421664 LICK
098 1 0978617052 LICK
098 1 0978791804 LICK
098 1 0979409280 STIM_END_RESP_START
098 1 0979743128 LICK
098 1 0979743616 REWARD_START
098 1 0979878676 LICK
098 1 0980028816 LICK
098 1 0980140016 LICK
098 1 0980272144 LICK
098 1 0980398656 LICK
098 1 0980535516 LICK
098 1 0980609320 RESP_END
098 1 0979756640 REWARD_END
099 0 0988313804 STIM_START
099 0 0988470832 LICK
099 0 0988599712 LICK
099 0 0989559872 LICK
099 0 0989708012 LICK
099 0 0989889164 LICK
099 0 0990527912 LICK
099 0 0990658316 LICK
099 0 0990821464 LICK
099 0 0991000676 LICK
099 0 0991389132 STIM_END_RESP_START
099 0 0992386332 LICK
099 0 0992386816 TIMEOUT_START
099 0 0992499340 LICK
099 0 0992499828 TIMEOUT_START
099 0 0992589176 RESP_END
099 0 0999500324 TIMEOUT_END
100 1 1003060012 STIM_START
100 1 1003122384 LICK
100 1 1003302340 LICK
100 1 1003846436 LICK
100 1 1004003804 LICK
100 1 1004551696 LICK
100 1 1005224232 LICK
100 1 1005376432 LICK
100 1 1005530704 LICK
100 1 1005733284 LICK
100 1 1006335348 STIM_END_RESP_START
100 1 1006376424 LICK
100 1 1006376956 REWARD_START
100 1 1006558908 LICK
100 1 1006712188 LICK
100 1 1006824880 LICK
100 1 1006942408 LICK
100 1 1007056980 LICK
100 1 1007183964 LICK
100 1 1007307648 LICK
100 1 1007436484 LICK
100 1 1007535368 RESP_END
100 1 1006390036 REWARD_END
101 1 1011923296 STIM_START
101 1 1012133008 LICK
101 1 1012272768 LICK
101 1 1013409092 LICK
101 1 1013560792 LICK
101 1 1013720092 LICK
101 1 1014697052 LICK
101 1 1014827120 LICK
101 1 1014981068 LICK
101 1 1015186752 LICK
101 1 1015341004 LICK
101 1 1015448648 STIM_END_RESP_START
101 1 1015509908 LICK
101 1 1015510448 REWARD_START
101 1 1015656228 LICK
101 1 1015779352 LICK
101 1 1015906832 LICK
101 1 1016014692 LICK
101 1 1016135048 LICK
101 1 1016260852 LICK
101 1 1016402556 LICK
101 1 1016648680 RESP_END
101 1 1015523528 REWARD_END
102 1 1018519240 STIM_START
102 1 1018700416 LICK
102 1 1018810296 LICK
102 1 1018962760 LICK
102 1 1019135016 LICK
102 1 1019286688 LICK
102 1 1019457180 LICK
102 1 1019603504 LICK
102 1 1019759624 LICK
102 1 1019886052 LICK
102 1 1020031320 LICK
102 1 1020196908 LICK
102 1 1020374444 LICK
102 1 1020532416 LICK
102 1 1020698748 LICK
102 1 1020867852 LICK
102 1 1021794568 STIM_END_RESP_START
102 1 1022994584 RESP_END
103 0 1024862200 STIM_START
103 0 1025139696 LICK
103 0 1025330508 LICK
103 0 1025914096 LICK
103 0 1026056368 LICK
103 0 1026946376 LICK
103 0 1027095040 LICK
103 0 1027274836 LICK
103 0 1028012944 LICK
103 0 1028142756 LICK
103 0 1028303248 LICK
103 0 1028887604 STIM_END_RESP_START
103 0 1030087648 RESP_END
104 0 1032252288 STIM_START
104 0 1032548372 LICK
104 0 1032694780 LICK
104 0 1034043300 LICK
104 0 1034197196 LICK
104 0 1034419604 LICK
104 0 1034605700 LICK
104 0 1034772996 LICK
104 0 1035584800 LICK
104 0 1035720460 LICK
104 0 1035777648 STIM_END_RESP_START
104 0 1035914532 LICK
104 0 1035915064 TIMEOUT_START
104 0 1036977676 RESP_END
104 0 1042915632 TIMEOUT_END
105 0 1044976224 STIM_START
105 0 1046191196 LICK
105 0 1046340268 LICK
105 0 1046487708 LICK
105 0 1047178400 LICK
105 0 1047319416 LICK
105 0 1047491220 LICK
105 0 1048228924 LICK
105 0 1048360844 LICK
105 0 1048501588 STIM_END_RESP_START
105 0 1049536508 LICK
105 0 1049537044 TIMEOUT_START
105 0 1049670080 LICK
105 0 1049670608 TIMEOUT_START
105 0 1049701632 RESP_END
105 0 1056671168 TIMEOUT_END
106 1 1058727288 STIM_START
106 1 1059865604 LICK
106 1 1060007588 LICK
106 1 1060687708 LICK
106 1 1060827576 LICK
106 1 1061012456 LICK
106 1 1061238340 LICK
106 1 1061373664 LICK
106 1 1061521316 LICK
106 1 1061674540 LICK
106 1 1061858200 LICK
106 1 1062002628 STIM_END_RESP_START
106 1 1062865320 LICK
106 1 1062865852 REWARD_START
106 1 1063016352 LICK
106 1 1063150268 LICK
106 1 1063202648 RESP_END
106 1 1062878932 REWARD_END
107 1 1070334008 STIM_START
107 1 1070599744 LICK
107 1 1070755960 LICK
107 1 1071558084 LICK
107 1 1071699056 LICK
107 1 1071875852 LICK
107 1 1072523452 LICK
107 1 1072678032 LICK
107 1 1072819276 LICK
107 1 1072991496 LICK
107 1 1073167964 LICK
107 1 1073334548 LICK
107 1 1073409352 STIM_END_RESP_START
107 1 1073510688 LICK
107 1 1073511220 REWARD_START
107 1 1073660612 LICK
107 1 1073799388 LICK
107 1 1073901984 LICK
107 1 1074019616 LICK
107 1 1074133616 LICK
107 1 1074248988 LICK
107 1 1074374728 LICK
107 1 1074522548 LICK
107 1 1074609396 RESP_END
107 1 1073524296 REWARD_END
108 0 1079005272 STIM_START
108 0 1079175464 LICK
108 0 1079293180 LICK
108 0 1080319392 LICK
108 0 1080456604 LICK
108 0 1080626444 LICK
108 0 1081540596 LICK
108 0 1081650012 LICK
108 0 1081828236 LICK
108 0 1082024084 LICK
108 0 1082196288 LICK
108 0 1083030700 STIM_END_RESP_START
108 0 1083112380 LICK
108 0 1083112916 TIMEOUT_START
108 0 1083237956 LICK
108 0 1083238496 TIMEOUT_START
108 0 1083391920 LICK
108 0 1083392460 TIMEOUT_START
108 0 1084230748 RESP_END
108 0 1090393020 TIMEOUT_END
109 0 1092972336 STIM_START
109 0 1093141228 LICK
109 0 1093297916 LICK
109 0 1094115688 LICK
109 0 1094268060 LICK
109 0 1094471868 LICK
109 0 1094666984 LICK
109 0 1094853620 LICK
109 0 1094997648 LICK
109 0 1095159776 LICK
109 0 1095340576 LICK
109 0 1095979148 LICK
109 0 1096097684 STIM_END_RESP_START
109 0 1096099528 LICK
109 0 1096100072 TIMEOUT_START
109 0 1096292120 LICK
109 0 1096292656 TIMEOUT_START
109 0 1096704992 LICK
109 0 1096705528 TIMEOUT_START
109 0 1096855840 LICK
109 0 1096856372 TIMEOUT_START
109 0 1097008672 LICK
109 0 1097009208 TIMEOUT_START
109 0 1097297716 RESP_END
109 0 1104009760 TIMEOUT_END
110 0 1106159312 STIM_START
110 0 1107350056 LICK
110 0 1107527140 LICK
110 0 1107731188 LICK
110 0 1108254616 LICK
110 0 1108390724 LICK
110 0 1108559672 LICK
110 0 1109222052 LICK
110 0 1109345416 LICK
110 0 1109510356 LICK
110 0 1109684700 STIM_END_RESP_START
110 0 1110425424 LICK
110 0 1110425964 TIMEOUT_START
110 0 1110564312 LICK
110 0 1110564844 TIMEOUT_START
110 0 1110884720 RESP_END
110 0 1117565408 TIMEOUT_END
111 1 1119531252 STIM_START
111 1 1121258472 LICK
111 1 1121402892 LICK
111 1 1122113928 LICK
111 1 1122265488 LICK
111 1 1122451912 LICK
111 1 1122806584 STIM_END_RESP_START
111 1 1123408632 LICK
111 1 1123409168 REWARD_START
111 1 1123537664 LICK
111 1 1123698812 LICK
111 1 1123799692 LICK
111 1 1123915372 LICK
111 1 1124006624 RESP_END
111 1 1123422248 REWARD_END
112 1 1131337084 STIM_START
112 1 1131489632 LICK
112 1 1131609696 LICK
112 1 1132441588 LICK
112 1 1132584392 LICK
112 1 1132820812 LICK
112 1 1133449244 LICK
112 1 1133581320 LICK
112 1 1133737560 LICK
112 1 1133950844 LICK
112 1 1134107668 LICK
112 1 1134261652 LICK
112 1 1134412400 STIM_END_RESP_START
112 1 1134427260 LICK
112 1 1134427792 REWARD_START
112 1 1134584644 LICK
112 1 1134717724 LICK
112 1 1134833448 LICK
112 1 1134954896 LICK
112 1 1135072880 LICK
112 1 1135211272 LICK
112 1 1135337716 LICK
112 1 1135478332 LICK
112 1 1135609336 LICK
112 1 1135612444 RESP_END
112 1 1134440872 REWARD_END
113 1 1142228652 STIM_START
113 1 1142487976 LICK
113 1 1142633348 LICK
113 1 1142850952 LICK
113 1 1143486820 LICK
113 1 1143613620 LICK
113 1 1143775548 LICK
113 1 1143934140 LICK
113 1 1144105896 LICK
113 1 1145003624 LICK
113 1 1145144264 LICK
113 1 1145303976 STIM_END_RESP_START
113 1 1145337280 LICK
113 1 1145337816 REWARD_START
113 1 1146503992 RESP_END
113 1 1145350896 REWARD_END
114 0 1148386604 STIM_START
114 0 1149607180 LICK
114 0 1149752196 LICK
114 0 1149858916 LICK
114 0 1149970916 LICK
114 0 1150099272 LICK
114 0 1150228816 LICK
114 0 1150356092 LICK
114 0 1150474420 LICK
114 0 1150611336 LICK
114 0 1150742932 LICK
114 0 1150886524 LICK
114 0 1151029340 LICK
114 0 1152388104 LICK
114 0 1152412032 STIM_END_RESP_START
114 0 1152517268 LICK
114 0 1152517800 TIMEOUT_START
114 0 1152683648 LICK
114 0 1152684184 TIMEOUT_START
114 0 1153612068 RESP_END
114 0 1159684752 TIMEOUT_END
115 1 1163361788 STIM_START
115 1 1164617440 LICK
115 1 1164767268 LICK
115 1 1164940936 LICK
115 1 1165602796 LICK
115 1 1165733416 LICK
115 1 1165900200 LICK
115 1 1166666932 LICK
115 1 1166803796 LICK
115 1 1166887172 STIM_END_RESP_START
115 1 1167876660 LICK
115 1 1167877200 REWARD_START
115 1 1167997332 LICK
115 1 1168087192 RESP_END
115 1 1167890268 REWARD_END
116 0 1172625192 STIM_START
116 0 1172788832 LICK
116 0 1172913808 LICK
116 0 1173669224 LICK
116 0 1173811444 LICK
116 0 1174741884 LICK
116 0 1174868668 LICK
116 0 1175029952 LICK
116 0 1175900552 STIM_END_RESP_START
116 0 1175990252 LICK
116 0 1175990792 TIMEOUT_START
116 0 1176120088 LICK
116 0 1176120628 TIMEOUT_START
116 0 1176309408 LICK
116 0 1176309948 TIMEOUT_START
116 0 1176458900 LICK
116 0 1176459436 TIMEOUT_START
116 0 1177100576 RESP_END
116 0 1183459988 TIMEOUT_END
117 1 1187777412 STIM_START
117 1 1187795568 LICK
117 1 1187916048 LICK
117 1 1188682548 LICK
117 1 1188853964 LICK
117 1 1189673848 LICK
117 1 1189802244 LICK
117 1 1189984412 LICK
117 1 1190177912 LICK
117 1 1190336764 LICK
117 1 1190493420 LICK
117 1 1190675392 LICK
117 1 1190867696 LICK
117 1 1191011672 LICK
117 1 1191191544 LICK
117 1 1191718864 LICK
117 1 1191802828 STIM_END_RESP_START
117 1 1191840564 LICK
117 1 1191841104 REWARD_START
117 1 1192043964 LICK
117 1 1192189368 LICK
117 1 1192316264 LICK
117 1 1192432852 LICK
117 1 1192569128 LICK
117 1 1193002864 RESP_END
117 1 1191854184 REWARD_END
118 0 1196705816 STIM_START
118 0 1197872504 LICK
118 0 1198033620 LICK
118 0 1198209988 LICK
118 0 1198383576 LICK
118 0 1198531984 LICK
118 0 1198698376 LICK
118 0 1198871112 LICK
118 0 1199040696 LICK
118 0 1199165568 LICK
118 0 1199347368 LICK
118 0 1199552116 LICK
118 0 1199716716 LICK
118 0 1199833200 LICK
118 0 1200231176 STIM_END_RESP_START
118 0 1201168796 LICK
118 0 1201169328 TIMEOUT_START
118 0 1201320352 LICK
118 0 1201320884 TIMEOUT_START
118 0 1201431200 RESP_END
118 0 1208321448 TIMEOUT_END
119 1 1210068760 STIM_START
119 1 1210278264 LICK
119 1 1210999628 LICK
119 1 1211138720 LICK
119 1 1211336108 LICK
119 1 1211869920 LICK
119 1 1212016212 LICK
119 1 1212193992 LICK
119 1 1212929548 LICK
119 1 1213050556 LICK
119 1 1213250176 LICK
119 1 1213594144 STIM_END_RESP_START
119 1 1213913984 LICK
119 1 1213914524 REWARD_START
119 1 1214026432 LICK
119 1 1214186168 LICK
119 1 1214291692 LICK
119 1 1214413908 LICK
119 1 1214507944 LICK
119 1 1214626240 LICK
119 1 1214757964 LICK
119 1 1214794180 RESP_END
119 1 1213927604 REWARD_END
120 1 1221154380 STIM_START
120 1 1222507980 LICK
120 1 1222685980 LICK
120 1 1223578136 LICK
120 1 1223734760 LICK
120 1 1225059576 LICK
120 1 1225170248 LICK
120 1 1225179804 STIM_END_RESP_START
120 1 1226379820 RESP_END
121 0 1228387476 STIM_START
121 0 1229383512 LICK
121 0 1229558004 LICK
121 0 1230598364 LICK
121 0 1230737460 LICK
121 0 1231662828 STIM_END_RESP_START
121 0 1232862848 RESP_END
122 1 1234596388 STIM_START
122 1 1235804436 LICK
122 1 1235909224 LICK
122 1 1237347520 LICK
122 1 1237558204 LICK
122 1 1237671712 STIM_END_RESP_START
122 1 1238618320 LICK
122 1 1238618856 REWARD_START
122 1 1238763732 LICK
122 1 1238871752 RESP_END
122 1 1238631936 REWARD_END
123 1 1241643440 STIM_START
123 1 1241974300 LICK
123 1 1242156312 LICK
123 1 1242277084 LICK
123 1 1242466748 LICK
123 1 1242627952 LICK
123 1 1242788380 LICK
123 1 1242960380 LICK
123 1 1243120416 LICK
123 1 1243315924 LICK
123 1 1243911468 LICK
123 1 1244069188 LICK
123 1 1245668856 STIM_END_RESP_START
123 1 1246868868 RESP_END
124 1 1248809512 STIM_START
124 1 1249858504 LICK
124 1 1249982956 LICK
124 1 1250171164 LICK
124 1 1250820504 LICK
124 1 1250963780 LICK
124 1 1251779408 LICK
124 1 1251905456 LICK
124 1 1252334900 STIM_END_RESP_START
124 1 1253534916 RESP_END
125 0 1255241440 STIM_START
125 0 1256999996 LICK
125 0 1257151604 LICK
125 0 1258247868 LICK
125 0 1258387800 LICK
125 0 1258516796 STIM_END_RESP_START
125 0 1258579860 LICK
125 0 1258580396 TIMEOUT_START
125 0 1258749584 LICK
125 0 1258750120 TIMEOUT_START
125 0 1259716840 RESP_END
125 0 1265750672 TIMEOUT_END
126 1 1267654300 STIM_START
126 1 1269273424 LICK
126 1 1269412316 LICK
126 1 1270165600 LICK
126 1 1270331448 LICK
126 1 1270547052 LICK
126 1 1270929656 STIM_END_RESP_START
126 1 1271495436 LICK
126 1 1271495972 REWARD_START
126 1 1271628272 LICK
126 1 1271805540 LICK
126 1 1271887640 LICK
126 1 1272004672 LICK
126 1 1272124620 LICK
126 1 1272129684 RESP_END
126 1 1271509036 REWARD_END
127 1 1275673512 STIM_START
127 1 1276387324 LICK
127 1 1276541000 LICK
127 1 1278204920 LICK
127 1 1278354244 LICK
127 1 1278498600 LICK
127 1 1278656924 LICK
127 1 1278948852 STIM_END_RESP_START
127 1 1279426244 LICK
127 1 1279426784 REWARD_START
127 1 1279574600 LICK
127 1 1279716316 LICK
127 1 1279833428 LICK
127 1 1279955492 LICK
127 1 1280085084 LICK
127 1 1280148888 RESP_END
127 1 1279439860 REWARD_END
128 1 1283704708 STIM_START
128 1 1283861364 LICK
128 1 1283983768 LICK
128 1 1285233536 LICK
128 1 1285376676 LICK
128 1 1286436048 LICK
128 1 1286552108 LICK
128 1 1286697616 LICK
128 1 1287230096 STIM_END_RESP_START
128 1 1288430108 RESP_END
129 0 1290269688 STIM_START
129 0 1294174828 LICK
129 0 1294295120 STIM_END_RESP_START
129 0 1294308040 LICK
129 0 1294308576 TIMEOUT_START
129 0 1294452824 LICK
129 0 1294453356 TIMEOUT_START
129 0 1295317352 LICK
129 0 1295317884 TIMEOUT_START
129 0 1295456524 LICK
129 0 1295457056 TIMEOUT_START
129 0 1295495144 RESP_END
129 0 1302457620 TIMEOUT_END
130 1 1304199768 STIM_START
130 1 1306027828 LICK
130 1 1306153428 LICK
130 1 1306969516 LICK
130 1 1307118056 LICK
130 1 1307278100 LICK
130 1 1307475100 STIM_END_RESP_START
130 1 1307591688 LICK
130 1 1307592224 REWARD_START
130 1 1307722484 LICK
130 1 1307849632 LICK
130 1 1307955976 LICK
130 1 1308078172 LICK
130 1 1308212828 LICK
130 1 1308675132 RESP_END
130 1 1307605300 REWARD_END
131 0 1310559680 STIM_START
131 0 1312112524 LICK
131 0 1312221688 LICK
131 0 1312387500 LICK
131 0 1312541612 LICK
131 0 1312681340 LICK
131 0 1312823892 LICK
131 0 1312975192 LICK
131 0 1313144140 LICK
131 0 1313282588 LICK
131 0 1313414780 LICK
131 0 1313560204 LICK
131 0 1314585084 STIM_END_RESP_START
131 0 1315785096 RESP_END
132 1 1317599756 STIM_START
132 1 1317917708 LICK
132 1 1319648740 LICK
132 1 1319797212 LICK
132 1 1319965040 LICK
132 1 1320875112 STIM_END_RESP_START
132 1 1322075164 RESP_END
133 1 1324239752 STIM_START
133 1 1327365088 STIM_END_RESP_START
133 1 1327558088 LICK
133 1 1327558620 REWARD_START
133 1 1327696400 LICK
133 1 1327823060 LICK
133 1 1327927592 LICK
133 1 1328032712 LICK
133 1 1328149068 LICK
133 1 1328261460 LICK
133 1 1328390940 LICK
133 1 1328517260 LICK
133 1 1328565112 RESP_END
133 1 1327571696 REWARD_END
134 1 1330593680 STIM_START
134 1 1332166568 LICK
134 1 1332278808 LICK
134 1 1332416036 LICK
134 1 1333118756 LICK
134 1 1333272600 LICK
134 1 1333446320 LICK
134 1 1333869028 STIM_END_RESP_START
134 1 1334232552 LICK
134 1 1334233088 REWARD_START
134 1 1334366432 LICK
134 1 1334506184 LICK
134 1 1334624016 LICK
134 1 1334746972 LICK
134 1 1334881864 LICK
134 1 1335069072 RESP_END
134 1 1334246164 REWARD_END
135 0 1337058660 STIM_START
135 0 1338859120 LICK
135 0 1338983036 LICK
135 0 1339117868 LICK
135 0 1339298980 LICK
135 0 1339451456 LICK
135 0 1339591496 LICK
135 0 1339778856 LICK
135 0 1339927784 LICK
135 0 1340070384 LICK
135 0 1340225532 LICK
135 0 1340334020 STIM_END_RESP_START
135 0 1340365016 LICK
135 0 1340365548 TIMEOUT_START
135 0 1340518808 LICK
135 0 1340519340 TIMEOUT_START
135 0 1341534064 RESP_END
135 0 1347519896 TIMEOUT_END
136 1 1349646496 STIM_START
136 1 1349973768 LICK
136 1 1350128168 LICK
136 1 1351239020 LICK
136 1 1351373860 LICK
136 1 1351570808 LICK
136 1 1352198144 LICK
136 1 1352353272 LICK
136 1 1353171884 STIM_END_RESP_START
136 1 1354371896 RESP_END
137 0 1356431492 STIM_START
137 0 1358741908 LICK
137 0 1358896588 LICK
137 0 1359047008 LICK
137 0 1359556824 STIM_END_RESP_START
137 0 1359763664 LICK
137 0 1359764196 TIMEOUT_START
137 0 1359898576 LICK
137 0 1359899112 TIMEOUT_START
137 0 1360756872 RESP_END
137 0 1366899652 TIMEOUT_END
138 0 1368629344 STIM_START
138 0 1370094248 LICK
138 0 1370237044 LICK
138 0 1370395224 LICK
138 0 1370865972 LICK
138 0 1371002948 LICK
138 0 1371685004 LICK
138 0 1371818484 LICK
138 0 1371904680 STIM_END_RESP_START
138 0 1372939352 LICK
138 0 1372939884 TIMEOUT_START
138 0 1373063120 LICK
138 0 1373063660 TIMEOUT_START
138 0 1373104704 RESP_END
138 0 1380064208 TIMEOUT_END
139 0 1382120332 STIM_START
139 0 1383825080 LICK
139 0 1383974120 LICK
139 0 1384766188 LICK
139 0 1384922952 LICK
139 0 1385685148 LICK
139 0 1385834524 LICK
139 0 1386017768 LICK
139 0 1386145760 STIM_END_RESP_START
139 0 1386229720 LICK
139 0 1386230256 TIMEOUT_START
139 0 1386411024 LICK
139 0 1386411556 TIMEOUT_START
139 0 1386561956 LICK
139 0 1386562488 TIMEOUT_START
139 0 1386796336 LICK
139 0 1386796868 TIMEOUT_START
139 0 1387345792 RESP_END
139 0 1393797436 TIMEOUT_END
140 1 1395862388 STIM_START
140 1 1396729560 LICK
140 1 1396879972 LICK
140 1 1397971552 LICK
140 1 1398124208 LICK
140 1 1398937692 STIM_END_RESP_START
140 1 1399246020 LICK
140 1 1399246552 REWARD_START
140 1 1399392744 LICK
140 1 1399547636 LICK
140 1 1399658024 LICK
140 1 1399769596 LICK
140 1 1399895492 LICK
140 1 1400026700 LICK
140 1 1400137712 RESP_END
140 1 1399259628 REWARD_END
141 1 1401878272 STIM_START
141 1 1403497560 LICK
141 1 1404022700 LICK
141 1 1404186260 LICK
141 1 1404312404 LICK
141 1 1404453576 LICK
141 1 1404579184 LICK
141 1 1405153616 STIM_END_RESP_START
141 1 1405162696 LICK
141 1 1405163236 REWARD_START
141 1 1405331644 LICK
141 1 1405474800 LICK
141 1 1405587112 LICK
141 1 1405705592 LICK
141 1 1405831120 LICK
141 1 1405966276 LICK
141 1 1406275888 LICK
141 1 1406353660 RESP_END
141 1 1405176308 REWARD_END
142 1 1408740304 STIM_START
142 1 1408919452 LICK
142 1 1409045608 LICK
142 1 1409213420 LICK
142 1 1409899228 LICK
142 1 1410061608 LICK
142 1 1410211904 LICK
142 1 1411096312 LICK
142 1 1411210652 LICK
142 1 1411391144 LICK
142 1 1411562832 LICK
142 1 1411815640 STIM_END_RESP_START
142 1 1413015656 RESP_END
143 0 1414928212 STIM_START
143 0 1415209216 LICK
143 0 1415353440 LICK
143 0 1417160116 LICK
143 0 1417720560 LICK
143 0 1417843248 LICK
143 0 1418203576 STIM_END_RESP_START
143 0 1419387556 LICK
143 0 1419388096 TIMEOUT_START
143 0 1419403612 RESP_END
143 0 1426388656 TIMEOUT_END
144 0 1428148240 STIM_START
144 0 1431423600 STIM_END_RESP_START
144 0 1432623616 RESP_END
145 1 1434778212 STIM_START
145 1 1438803632 STIM_END_RESP_START
145 1 1440003644 RESP_END
146 0 1441976260 STIM_START
146 0 1445101600 STIM_END_RESP_START
146 0 1446301648 RESP_END
147 1 1448129180 STIM_START
147 1 1451204520 STIM_END_RESP_START
147 1 1452404536 RESP_END
148 0 1454466100 STIM_START
148 0 1457991460 STIM_END_RESP_START
148 0 1459191476 RESP_END
149 0 1461036104 STIM_START
149 0 1463306268 LICK
149 0 1464082572 LICK
149 0 1464239292 LICK
149 0 1464561472 STIM_END_RESP_START
149 0 1464934280 LICK
149 0 1464934820 TIMEOUT_START
149 0 1465098796 LICK
149 0 1465099332 TIMEOUT_START
149 0 1465761516 RESP_END
149 0 1472099892 TIMEOUT_END
150 1 1474224096 STIM_START
150 1 1477749464 STIM_END_RESP_START
150 1 1478949480 RESP_END
151 1 1480861044 STIM_START
151 1 1483936380 STIM_END_RESP_START
151 1 1485136396 RESP_END
152 0 1487104008 STIM_START
152 0 1490379356 STIM_END_RESP_START
152 0 1491579376 RESP_END
153 1 1493600972 STIM_START
153 1 1497126340 STIM_END_RESP_START
153 1 1498326356 RESP_END
154 0 1500472944 STIM_START
154 0 1503548284 STIM_END_RESP_START
154 0 1504748300 RESP_END
155 1 1506833952 STIM_START
155 1 1509909296 STIM_END_RESP_START
155 1 1511109312 RESP_END
156 0 1513152880 STIM_START
156 0 1516228220 STIM_END_RESP_START
156 0 1517428236 RESP_END
157 1 1519288812 STIM_START
157 1 1523314232 STIM_END_RESP_START
157 1 1524514248 RESP_END
158 1 1526605888 STIM_START
158 1 1529681228 STIM_END_RESP_START
158 1 1530881244 RESP_END
159 0 1532747788 STIM_START
159 0 1534451720 LICK
159 0 1534586376 LICK
159 0 1535485152 LICK
159 0 1535659236 LICK
159 0 1535811568 LICK
159 0 1535962956 LICK
159 0 1536023128 STIM_END_RESP_START
159 0 1537223140 RESP_END
160 0 1544450528 STIM_START
160 0 1544674488 LICK
160 0 1547725856 STIM_END_RESP_START
160 0 1548925904 RESP_END
161 0 1550960516 STIM_START
161 0 1551309728 LICK
161 0 1554485904 STIM_END_RESP_START
161 0 1555685916 RESP_END
162 1 1557670468 STIM_START
162 1 1560795804 STIM_END_RESP_START
162 1 1561995820 RESP_END
163 0 1565000580 STIM_START
163 0 1565266560 LICK
163 0 1565447360 LICK
163 0 1567581504 LICK
163 0 1568075912 STIM_END_RESP_START
163 0 1569275964 RESP_END
164 0 1571041484 STIM_START
164 0 1574089228 LICK
164 0 1574316816 STIM_END_RESP_START
164 0 1575202732 LICK
164 0 1575203268 TIMEOUT_START
164 0 1575355428 LICK
164 0 1575355960 TIMEOUT_START
164 0 1575516840 RESP_END
164 0 1582356528 TIMEOUT_END
165 0 1584407556 STIM_START
165 0 1586334100 LICK
165 0 1587205300 LICK
165 0 1587357488 LICK
165 0 1587532888 STIM_END_RESP_START
165 0 1588280980 LICK
165 0 1588281516 TIMEOUT_START
165 0 1588421988 LICK
165 0 1588422524 TIMEOUT_START
165 0 1588586048 LICK
165 0 1588586588 TIMEOUT_START
165 0 1588732924 RESP_END
165 0 1595587148 TIMEOUT_END
166 1 1600309820 STIM_START
166 1 1602202536 LICK
166 1 1602358128 LICK
166 1 1602924416 LICK
166 1 1603054812 LICK
166 1 1603853400 LICK
166 1 1603989956 LICK
166 1 1604335228 STIM_END_RESP_START
166 1 1604673148 LICK
166 1 1604673684 REWARD_START
166 1 1604811408 LICK
166 1 1604948844 LICK
166 1 1605058412 LICK
166 1 1605189688 LICK
166 1 1605310680 LICK
166 1 1605458316 LICK
166 1 1605535268 RESP_END
166 1 1604686756 REWARD_END
167 0 1609382220 STIM_START
167 0 1609528592 LICK
167 0 1609682520 LICK
167 0 1611098244 LICK
167 0 1611231660 LICK
167 0 1612206736 LICK
167 0 1612347512 LICK
167 0 1612556148 LICK
167 0 1612693528 LICK
167 0 1612848092 LICK
167 0 1612907576 STIM_END_RESP_START
167 0 1612999656 LICK
167 0 1613000196 TIMEOUT_START
167 0 1613136576 LICK
167 0 1613137112 TIMEOUT_START
167 0 1613292636 LICK
167 0 1613293168 TIMEOUT_START
167 0 1614107624 RESP_END
167 0 1620293724 TIMEOUT_END
168 1 1622887204 STIM_START
168 1 1625444304 LICK
168 1 1625618000 LICK
168 1 1625808224 LICK
168 1 1626006016 LICK
168 1 1626545984 LICK
168 1 1626714084 LICK
168 1 1626912624 STIM_END_RESP_START
168 1 1626937856 LICK
168 1 1626938396 REWARD_START
168 1 1627154196 LICK
168 1 1627276004 LICK
168 1 1627381608 LICK
168 1 1627505476 LICK
168 1 1627647712 LICK
168 1 1627929804 LICK
168 1 1628061312 LICK
168 1 1628112660 RESP_END
168 1 1626951468 REWARD_END
169 0 1631157360 STIM_START
169 0 1631289284 LICK
169 0 1631417360 LICK
169 0 1632275980 LICK
169 0 1632419888 LICK
169 0 1632620636 LICK
169 0 1633138952 LICK
169 0 1633280488 LICK
169 0 1633474064 LICK
169 0 1634055672 LICK
169 0 1634197840 LICK
169 0 1634232700 STIM_END_RESP_START
169 0 1634336164 LICK
169 0 1634336696 TIMEOUT_START
169 0 1634520676 LICK
169 0 1634521216 TIMEOUT_START
169 0 1634722232 LICK
169 0 1634722764 TIMEOUT_START
169 0 1634878156 LICK
169 0 1634878696 TIMEOUT_START
169 0 1635006828 LICK
169 0 1635007360 TIMEOUT_START
169 0 1635178204 LICK
169 0 1635178744 TIMEOUT_START
169 0 1635320908 LICK
169 0 1635321444 TIMEOUT_START
169 0 1635432716 RESP_END
169 0 1642322012 TIMEOUT_END
170 0 1644496356 STIM_START
170 0 1644646164 LICK
170 0 1644766888 LICK
170 0 1646085916 LICK
170 0 1646239676 LICK
170 0 1646903424 LICK
170 0 1647037168 LICK
170 0 1647235080 LICK
170 0 1647771680 STIM_END_RESP_START
170 0 1648781164 LICK
170 0 1648781700 TIMEOUT_START
170 0 1648912980 LICK
170 0 1648913516 TIMEOUT_START
170 0 1648971708 RESP_END
170 0 1655914068 TIMEOUT_END
171 0 1657857320 STIM_START
171 0 1658796836 LICK
171 0 1658935960 LICK
171 0 1659096404 LICK
171 0 1659767456 LICK
171 0 1659932456 LICK
171 0 1660527920 LICK
171 0 1660682648 LICK
171 0 1661382704 STIM_END_RESP_START
171 0 1661975220 LICK
171 0 1661975756 TIMEOUT_START
171 0 1662130016 LICK
171 0 1662130552 TIMEOUT_START
171 0 1662582720 RESP_END
171 0 1669131116 TIMEOUT_END
172 1 1672831536 STIM_START
172 1 1673000372 LICK
172 1 1673174856 LICK
172 1 1673897232 LICK
172 1 1674115632 LICK
172 1 1674365468 LICK
172 1 1674541088 LICK
172 1 1674743000 LICK
172 1 1674886208 LICK
172 1 1675066688 LICK
172 1 1675560956 LICK
172 1 1675705780 LICK
172 1 1675918488 LICK
172 1 1676106884 STIM_END_RESP_START
172 1 1676909052 LICK
172 1 1676909592 REWARD_START
172 1 1677049624 LICK
172 1 1677176636 LICK
172 1 1677284472 LICK
172 1 1677306932 RESP_END
172 1 1676922664 REWARD_END
173 1 1685908488 STIM_START
173 1 1686075560 LICK
173 1 1686197120 LICK
173 1 1687323216 LICK
173 1 1687474532 LICK
173 1 1687712300 LICK
173 1 1687899556 LICK
173 1 1688081900 LICK
173 1 1688234844 LICK
173 1 1688419856 LICK
173 1 1688895960 LICK
173 1 1688983816 STIM_END_RESP_START
173 1 1688995912 LICK
173 1 1688996452 REWARD_START
173 1 1689204344 LICK
173 1 1689345048 LICK
173 1 1689451436 LICK
173 1 1689566060 LICK
173 1 1689699100 LICK
173 1 1689810172 LICK
173 1 1689937684 LICK
173 1 1690074096 LICK
173 1 1690183844 RESP_END
173 1 1689009520 REWARD_END
174 1 1699598448 STIM_START
174 1 1699738928 LICK
174 1 1700458664 LICK
174 1 1700643872 LICK
174 1 1700805220 LICK
174 1 1701008284 LICK
174 1 1701579096 LICK
174 1 1701716476 LICK
174 1 1701920252 LICK
174 1 1702510324 LICK
174 1 1702655840 LICK
174 1 1702873784 STIM_END_RESP_START
174 1 1704073800 RESP_END
175 0 1706721544 STIM_START
175 0 1706884944 LICK
175 0 1707014052 LICK
175 0 1707857252 LICK
175 0 1707994372 LICK
175 0 1709016724 LICK
175 0 1709146972 LICK
175 0 1710246900 STIM_END_RESP_START
175 0 1711165172 LICK
175 0 1711165708 TIMEOUT_START
175 0 1711258812 LICK
175 0 1711259344 TIMEOUT_START
175 0 1711446920 RESP_END
175 0 1718259904 TIMEOUT_END
176 0 1721488688 STIM_START
176 0 1723477596 LICK
176 0 1724362076 LICK
176 0 1724474764 LICK
176 0 1725514120 STIM_END_RESP_START
176 0 1726714136 RESP_END
177 0 1736675972 STIM_START
177 0 1739513048 LICK
177 0 1739655480 LICK
177 0 1739751280 STIM_END_RESP_START
177 0 1740951296 RESP_END
178 1 1742949876 STIM_START
178 1 1745419380 LICK
178 1 1745860236 LICK
178 1 1746225220 STIM_END_RESP_START
178 1 1747425264 RESP_END
179 1 1749372888 STIM_START
179 1 1752648244 STIM_END_RESP_START
179 1 1753848260 RESP_END
180 0 1755748808 STIM_START
180 0 1759274176 STIM_END_RESP_START
180 0 1760474192 RESP_END
181 0 1762296780 STIM_START
181 0 1765372084 STIM_END_RESP_START
181 0 1765403192 LICK
181 0 1765403728 TIMEOUT_START
181 0 1765588716 LICK
181 0 1765589252 TIMEOUT_START
181 0 1766572100 RESP_END
181 0 1772589820 TIMEOUT_END
182 0 1774308580 STIM_START
182 0 1777383924 STIM_END_RESP_START
182 0 1778583936 RESP_END
183 1 1780475500 STIM_START
183 1 1783750860 STIM_END_RESP_START
183 1 1784950876 RESP_END
184 1 1786690396 STIM_START
184 1 1790215760 STIM_END_RESP_START
184 1 1791415776 RESP_END
185 1 1793194364 STIM_START
185 1 1796719728 STIM_END_RESP_START
185 1 1797919784 RESP_END
186 0 1799733340 STIM_START
186 0 1802858676 STIM_END_RESP_START
186 0 1804058688 RESP_END
187 0 1806168288 STIM_START
187 0 1809196500 LICK
187 0 1809243616 STIM_END_RESP_START
187 0 1809339880 LICK
187 0 1809340412 TIMEOUT_START
187 0 1810443632 RESP_END
187 0 1816340976 TIMEOUT_END
188 1 1818563092 STIM_START
188 1 1822588512 STIM_END_RESP_START
188 1 1823788528 RESP_END
189 0 1825718200 STIM_START
189 0 1827549668 LICK
189 0 1828843536 STIM_END_RESP_START
189 0 1830043544 RESP_END
190 1 1832145164 STIM_START
190 1 1835270500 STIM_END_RESP_START
190 1 1836470516 RESP_END
191 1 1838535060 STIM_START
191 1 1842560476 STIM_END_RESP_START
191 1 1843760492 RESP_END
192 0 1845519084 STIM_START
192 0 1848794440 STIM_END_RESP_START
192 0 1849994456 RESP_END
193 0 1852076108 STIM_START
193 0 1854278740 LICK
193 0 1854391896 LICK
193 0 1854872820 LICK
193 0 1855014308 LICK
193 0 1855151436 STIM_END_RESP_START
193 0 1856351452 RESP_END
194 0 1860370304 STIM_START
194 0 1862115784 LICK
194 0 1862251964 LICK
194 0 1862580276 LICK
194 0 1862748188 LICK
194 0 1863279584 LICK
194 0 1863456192 LICK
194 0 1863645656 STIM_END_RESP_START
194 0 1863700988 LICK
194 0 1863701524 TIMEOUT_START
194 0 1864845680 RESP_END
194 0 1870702084 TIMEOUT_END
195 1 1874673440 STIM_START
195 1 1875307728 LICK
195 1 1875486208 LICK
195 1 1875970460 LICK
195 1 1876346916 LICK
195 1 1877515252 LICK
195 1 1877748776 STIM_END_RESP_START
195 1 1878383232 LICK
195 1 1878383772 REWARD_START
195 1 1878545092 LICK
195 1 1878722932 LICK
195 1 1878798008 LICK
195 1 1878945836 LICK
195 1 1878948808 RESP_END
195 1 1878396848 REWARD_END
196 0 1881741508 STIM_START
196 0 1881890772 LICK
196 0 1882016280 LICK
196 0 1882352464 LICK
196 0 1882542072 LICK
196 0 1882704792 LICK
196 0 1882956768 LICK
196 0 1883144564 LICK
196 0 1884394168 LICK
196 0 1885266872 STIM_END_RESP_START
196 0 1886466892 RESP_END
197 0 1888393472 STIM_START
197 0 1888669904 LICK
197 0 1891518816 STIM_END_RESP_START
197 0 1892718836 RESP_END
198 1 1894645360 STIM_START
198 1 1897715352 LICK
198 1 1897720704 STIM_END_RESP_START
198 1 1897856704 LICK
198 1 1897857244 REWARD_START
198 1 1898056184 LICK
198 1 1898198608 LICK
198 1 1898312036 LICK
198 1 1898457372 LICK
198 1 1898920736 RESP_END
198 1 1897870316 REWARD_END
199 1 1903032616 STIM_START
199 1 1903235916 LICK
199 1 1903366108 LICK
199 1 1904082520 LICK
199 1 1904552736 LICK
199 1 1906307964 STIM_END_RESP_START
199 1 1907507980 RESP_END
200 1 1910538716 STIM_START
200 1 1912586680 LICK
200 1 1913614060 STIM_END_RESP_START
200 1 1914184224 LICK
200 1 1914184760 REWARD_START
200 1 1914435368 LICK
200 1 1914623204 LICK
200 1 1914783092 LICK
200 1 1914814104 RESP_END
200 1 1914197836 REWARD_END
201 0 1924723816 STIM_START
201 0 1924999004 LICK
201 0 1925740176 LICK
201 0 1926663656 LICK
201 0 1927133460 LICK
201 0 1927999152 STIM_END_RESP_START
201 0 1928008272 LICK
201 0 1928008816 TIMEOUT_START
201 0 1929199180 RESP_END
201 0 1935009360 TIMEOUT_END
202 0 1936745572 STIM_START
202 0 1938242380 LICK
202 0 1938774860 LICK
202 0 1939508024 LICK
202 0 1939951148 LICK
202 0 1940020912 STIM_END_RESP_START
202 0 1941220932 RESP_END
203 1 1943027536 STIM_START
203 1 1943228476 LICK
203 1 1944378208 LICK
203 1 1945630212 LICK
203 1 1947052956 STIM_END_RESP_START
203 1 1948252972 RESP_END
204 0 1950250596 STIM_START
204 0 1951462964 LICK
204 0 1953775964 STIM_END_RESP_START
204 0 1954975984 RESP_END
205 0 1956714556 STIM_START
205 0 1957729056 LICK
205 0 1959989900 STIM_END_RESP_START
205 0 1961000496 LICK
205 0 1961001036 TIMEOUT_START
205 0 1961189916 RESP_END
205 0 1968001596 TIMEOUT_END
206 0 1970011516 STIM_START
206 0 1973286868 STIM_END_RESP_START
206 0 1974486884 RESP_END
207 1 1976303504 STIM_START
207 1 1980328924 STIM_END_RESP_START
207 1 1981528940 RESP_END
208 0 1983368464 STIM_START
208 0 1983531408 LICK
208 0 1983684300 LICK
208 0 1984639220 LICK
208 0 1984859804 LICK
208 0 1985067492 LICK
208 0 1985390624 LICK
208 0 1986493800 STIM_END_RESP_START
208 0 1987693816 RESP_END
209 0 1989532364 STIM_START
209 0 1993057732 STIM_END_RESP_START
209 0 1994257748 RESP_END
210 0 1996330408 STIM_START
210 0 1999180100 LICK
210 0 1999347916 LICK
210 0 1999499560 LICK
210 0 2000355844 STIM_END_RESP_START
210 0 2000415880 LICK
210 0 2000416412 TIMEOUT_START
210 0 2001555876 RESP_END
210 0 2007416980 TIMEOUT_END
211 1 2009228328 STIM_START
211 1 2011906384 LICK
211 1 2012038940 LICK
211 1 2012215368 LICK
211 1 2012364220 LICK
211 1 2012503664 STIM_END_RESP_START
211 1 2012533184 LICK
211 1 2012533716 REWARD_START
211 1 2012712108 LICK
211 1 2012816200 LICK
211 1 2012917040 LICK
211 1 2013032408 LICK
211 1 2013141644 LICK
211 1 2013270760 LICK
211 1 2013393824 LICK
211 1 2013527100 LICK
211 1 2013637868 LICK
211 1 2013703700 RESP_END
211 1 2012546796 REWARD_END
212 1 2019216888 STIM_START
212 1 2019224432 LICK
212 1 2019326452 LICK
212 1 2019481680 LICK
212 1 2020120912 LICK
212 1 2020266140 LICK
212 1 2020497264 LICK
212 1 2021065812 LICK
212 1 2021196400 LICK
212 1 2021489688 LICK
212 1 2021640904 LICK
212 1 2021893496 LICK
212 1 2022292224 STIM_END_RESP_START
212 1 2023492240 RESP_END
213 0 2026611840 STIM_START
213 0 2026756628 LICK
213 0 2028097544 LICK
213 0 2028244712 LICK
213 0 2028477492 LICK
213 0 2028632852 LICK
213 0 2028790864 LICK
213 0 2028959624 LICK
213 0 2029113872 LICK
213 0 2029285276 LICK
213 0 2029528680 LICK
213 0 2029681652 LICK
213 0 2029887180 STIM_END_RESP_START
213 0 2031087200 RESP_END
214 0 2032914792 STIM_START
214 0 2033065628 LICK
214 0 2033229632 LICK
214 0 2034249744 LICK
214 0 2035241748 LICK
214 0 2035392124 LICK
214 0 2035661864 LICK
214 0 2035821660 LICK
214 0 2035986656 LICK
214 0 2036190132 STIM_END_RESP_START
214 0 2036196248 LICK
214 0 2036196792 TIMEOUT_START
214 0 2037182240 LICK
214 0 2037182780 TIMEOUT_START
214 0 2037299848 LICK
214 0 2037300384 TIMEOUT_START
214 0 2037390152 RESP_END
214 0 2044300948 TIMEOUT_END
215 1 2047479908 STIM_START
215 1 2047629936 LICK
215 1 2047795736 LICK
215 1 2048434256 LICK
215 1 2048575684 LICK
215 1 2048813988 LICK
215 1 2048971496 LICK
215 1 2049136000 LICK
215 1 2049322668 LICK
215 1 2049882016 LICK
215 1 2050021280 LICK
215 1 2050657908 LICK
215 1 2050792992 LICK
215 1 2050996052 LICK
215 1 2051005276 STIM_END_RESP_START
215 1 2052117060 LICK
215 1 2052117600 REWARD_START
215 1 2052205296 RESP_END
215 1 2052130668 REWARD_END
216 1 2056559256 STIM_START
216 1 2056677796 LICK
216 1 2056808880 LICK
216 1 2057004928 LICK
216 1 2057215844 LICK
216 1 2057391164 LICK
216 1 2057549012 LICK
216 1 2057737012 LICK
216 1 2058304396 LICK
216 1 2058477608 LICK
216 1 2059425976 LICK
216 1 2059568548 LICK
216 1 2059834612 STIM_END_RESP_START
216 1 2061034628 RESP_END
217 1 2064139400 STIM_START
217 1 2064271544 LICK
217 1 2064417780 LICK
217 1 2065280488 LICK
217 1 2065415540 LICK
217 1 2065675392 LICK
217 1 2066205924 LICK
217 1 2066348048 LICK
217 1 2067264720 STIM_END_RESP_START
217 1 2067389436 LICK
217 1 2067389976 REWARD_START
217 1 2067549964 LICK
217 1 2067680112 LICK
217 1 2067778636 LICK
217 1 2067908280 LICK
217 1 2068070156 LICK
217 1 2068199856 LICK
217 1 2068327444 LICK
217 1 2068456468 LICK
217 1 2068464764 RESP_END
217 1 2067403056 REWARD_END
218 0 2072125540 STIM_START
218 0 2072245484 LICK
218 0 2072380208 LICK
218 0 2072645184 LICK
218 0 2072823580 LICK
218 0 2072967176 LICK
218 0 2073145620 LICK
218 0 2073371240 LICK
218 0 2073644108 LICK
218 0 2073784304 LICK
218 0 2073948180 LICK
218 0 2074180884 LICK
218 0 2074828860 LICK
218 0 2074967172 LICK
218 0 2075156000 LICK
218 0 2075200860 STIM_END_RESP_START
218 0 2076400908 RESP_END
219 0 2078208436 STIM_START
219 0 2078237652 LICK
219 0 2079091428 LICK
219 0 2079303312 LICK
219 0 2079521620 LICK
219 0 2080244348 LICK
219 0 2080385932 LICK
219 0 2080593884 LICK
219 0 2080728240 LICK
219 0 2080889436 LICK
219 0 2081036596 LICK
219 0 2081188884 LICK
219 0 2081376300 LICK
219 0 2081483764 STIM_END_RESP_START
219 0 2082683780 RESP_END
220 1 2087538808 STIM_START
220 1 2087704180 LICK
220 1 2088652048 LICK
220 1 2088805388 LICK
220 1 2089016976 LICK
220 1 2089576872 LICK
220 1 2089721368 LICK
220 1 2089943056 LICK
220 1 2090544540 LICK
220 1 2090682360 LICK
220 1 2090814160 STIM_END_RESP_START
220 1 2092014176 RESP_END
221 0 2094201784 STIM_START
221 0 2094338792 LICK
221 0 2094511840 LICK
221 0 2095172444 LICK
221 0 2095307384 LICK
221 0 2096093000 LICK
221 0 2096263232 LICK
221 0 2096454668 LICK
221 0 2096897592 LICK
221 0 2097045488 LICK
221 0 2097477124 STIM_END_RESP_START
221 0 2098068448 LICK
221 0 2098068984 TIMEOUT_START
221 0 2098207344 LICK
221 0 2098207880 TIMEOUT_START
221 0 2098405360 LICK
221 0 2098405896 TIMEOUT_START
221 0 2098677140 RESP_END
221 0 2105406460 TIMEOUT_END
222 1 2107377740 STIM_START
222 1 2108239016 LICK
222 1 2108378400 LICK
222 1 2108945928 LICK
222 1 2109092508 LICK
222 1 2109275056 LICK
222 1 2109448776 LICK
222 1 2109647320 LICK
222 1 2109804344 LICK
222 1 2110402248 LICK
222 1 2110503056 STIM_END_RESP_START
222 1 2110549664 LICK
222 1 2110550200 REWARD_START
222 1 2110731964 LICK
222 1 2110837556 LICK
222 1 2110945152 LICK
222 1 2111063344 LICK
222 1 2111184584 LICK
222 1 2111304744 LICK
222 1 2111433748 LICK
222 1 2111555848 LICK
222 1 2111696536 LICK
222 1 2111703088 RESP_END
222 1 2110563272 REWARD_END
223 1 2117608196 STIM_START
223 1 2117843884 LICK
223 1 2117991644 LICK
223 1 2120250428 LICK
223 1 2120667856 LICK
223 1 2120833496 LICK
223 1 2121003148 LICK
223 1 2121133580 STIM_END_RESP_START
223 1 2121174200 LICK
223 1 2121174736 REWARD_START
223 1 2121389364 LICK
223 1 2121509052 LICK
223 1 2121624432 LICK
223 1 2121747540 LICK
223 1 2121883760 LICK
223 1 2122027356 LICK
223 1 2122173148 LICK
223 1 2122314012 LICK
223 1 2122333616 RESP_END
223 1 2121187812 REWARD_END
224 1 2124435180 STIM_START
224 1 2124568648 LICK
224 1 2124697960 LICK
224 1 2124866104 LICK
224 1 2125056076 LICK
224 1 2125237628 LICK
224 1 2125380980 LICK
224 1 2125560552 LICK
224 1 2125791872 LICK
224 1 2126250208 LICK
224 1 2126398016 LICK
224 1 2126572552 LICK
224 1 2126746408 LICK
224 1 2126924820 LICK
224 1 2127078652 LICK
224 1 2127228544 LICK
224 1 2127377056 LICK
224 1 2127511956 LICK
224 1 2127663188 LICK
224 1 2127838308 LICK
224 1 2128460584 STIM_END_RESP_START
224 1 2129660600 RESP_END
225 0 2132389388 STIM_START
225 0 2132527664 LICK
225 0 2132683328 LICK
225 0 2133298332 LICK
225 0 2133439548 LICK
225 0 2133605668 LICK
225 0 2133822960 LICK
225 0 2134284996 LICK
225 0 2134426676 LICK
225 0 2134597092 LICK
225 0 2134754504 LICK
225 0 2134923312 LICK
225 0 2135075800 LICK
225 0 2135235264 LICK
225 0 2135390356 LICK
225 0 2135464688 STIM_END_RESP_START
225 0 2136664700 RESP_END
226 1 2139475360 STIM_START
226 1 2140223816 LICK
226 1 2140386944 LICK
226 1 2141279108 LICK
226 1 2141432284 LICK
226 1 2141632752 LICK
226 1 2141859152 LICK
226 1 2142013876 LICK
226 1 2142140232 LICK
226 1 2142553100 LICK
226 1 2142717728 LICK
226 1 2142750692 STIM_END_RESP_START
226 1 2142887232 LICK
226 1 2142887768 REWARD_START
226 1 2143057128 LICK
226 1 2143174796 LICK
226 1 2143284380 LICK
226 1 2143409260 LICK
226 1 2143531824 LICK
226 1 2143666808 LICK
226 1 2143799796 LICK
226 1 2143950740 RESP_END
226 1 2142900844 REWARD_END
227 0 2146490412 STIM_START
227 0 2148835504 LICK
227 0 2149015112 LICK
227 0 2149196476 LICK
227 0 2149347144 LICK
227 0 2149490356 LICK
227 0 2149636140 LICK
227 0 2149795516 LICK
227 0 2149948320 LICK
227 0 2150015788 STIM_END_RESP_START
227 0 2150148552 LICK
227 0 2150149084 TIMEOUT_START
227 0 2150324268 LICK
227 0 2150324800 TIMEOUT_START
227 0 2150480764 LICK
227 0 2150481300 TIMEOUT_START
227 0 2150647332 LICK
227 0 2150647872 TIMEOUT_START
227 0 2150797660 LICK
227 0 2150798192 TIMEOUT_START
227 0 2150956648 LICK
227 0 2150957184 TIMEOUT_START
227 0 2151174044 LICK
227 0 2151174580 TIMEOUT_START
227 0 2151215808 RESP_END
227 0 2158175136 TIMEOUT_END
228 0 2161077540 STIM_START
228 0 2164458952 LICK
228 0 2164603940 LICK
228 0 2164777312 LICK
228 0 2164922064 LICK
228 0 2165102960 STIM_END_RESP_START
228 0 2165311568 LICK
228 0 2165312100 TIMEOUT_START
228 0 2165485128 LICK
228 0 2165485664 TIMEOUT_START
228 0 2165648224 LICK
228 0 2165648760 TIMEOUT_START
228 0 2165836440 LICK
228 0 2165836980 TIMEOUT_START
228 0 2166303008 RESP_END
228 0 2172837528 TIMEOUT_END
229 0 2175818688 STIM_START
229 0 2177682116 LICK
229 0 2177900916 LICK
229 0 2178041924 LICK
229 0 2178408584 LICK
229 0 2178561604 LICK
229 0 2178795080 LICK
229 0 2179010520 LICK
229 0 2179166840 LICK
229 0 2179844128 STIM_END_RESP_START
229 0 2179945220 LICK
229 0 2179945756 TIMEOUT_START
229 0 2181044156 RESP_END
229 0 2186946312 TIMEOUT_END
230 1 2188689592 STIM_START
230 1 2191764896 STIM_END_RESP_START
230 1 2192964912 RESP_END
231 0 2194884556 STIM_START
231 0 2196715276 LICK
231 0 2196849768 LICK
231 0 2197344716 LICK
231 0 2197510484 LICK
231 0 2197677136 LICK
231 0 2197901300 LICK
231 0 2197959868 STIM_END_RESP_START
231 0 2198134524 LICK
231 0 2198135064 TIMEOUT_START
231 0 2198289360 LICK
231 0 2198289900 TIMEOUT_START
231 0 2198452160 LICK
231 0 2198452696 TIMEOUT_START
231 0 2199007904 LICK
231 0 2199008444 TIMEOUT_START
231 0 2199159900 RESP_END
231 0 2206009008 TIMEOUT_END
232 1 2207962416 STIM_START
232 1 2210579004 LICK
232 1 2210753164 LICK
232 1 2210916064 LICK
232 1 2211087756 STIM_END_RESP_START
232 1 2211409892 LICK
232 1 2211410432 REWARD_START
232 1 2211729672 LICK
232 1 2211863176 LICK
232 1 2211973176 LICK
232 1 2212096288 LICK
232 1 2212230956 LICK
232 1 2212287784 RESP_END
232 1 2211423512 REWARD_END
233 1 2214625420 STIM_START
233 1 2217906132 LICK
233 1 2218034120 LICK
233 1 2218150764 STIM_END_RESP_START
233 1 2218235300 LICK
233 1 2218235836 REWARD_START
233 1 2218374188 LICK
233 1 2218489844 LICK
233 1 2218591360 LICK
233 1 2218705048 LICK
233 1 2218820312 LICK
233 1 2218948456 LICK
233 1 2219078096 LICK
233 1 2219211180 LICK
233 1 2219350804 RESP_END
233 1 2218248916 REWARD_END
234 0 2222187548 STIM_START
234 0 2223622984 LICK
234 0 2223765900 LICK
234 0 2223963836 LICK
234 0 2224101612 LICK
234 0 2224254616 LICK
234 0 2224401468 LICK
234 0 2224579604 LICK
234 0 2224754388 LICK
234 0 2224914808 LICK
234 0 2225067232 LICK
234 0 2225223100 LICK
234 0 2225396672 LICK
234 0 2225462872 STIM_END_RESP_START
234 0 2225533120 LICK
234 0 2225533652 TIMEOUT_START
234 0 2225681724 LICK
234 0 2225682256 TIMEOUT_START
234 0 2225825656 LICK
234 0 2225826192 TIMEOUT_START
234 0 2225975012 LICK
234 0 2225975548 TIMEOUT_START
234 0 2226149620 LICK
234 0 2226150152 TIMEOUT_START
234 0 2226662892 RESP_END
234 0 2233150712 TIMEOUT_END
235 1 2235191396 STIM_START
235 1 2237848604 LICK
235 1 2237996712 LICK
235 1 2238466724 STIM_END_RESP_START
235 1 2239666740 RESP_END
236 1 2241600384 STIM_START
236 1 2243070252 LICK
236 1 2243287156 LICK
236 1 2243561848 LICK
236 1 2243905080 LICK
236 1 2244432732 LICK
236 1 2245125760 STIM_END_RESP_START
236 1 2245867068 LICK
236 1 2245867608 REWARD_START
236 1 2246325772 RESP_END
236 1 2245880680 REWARD_END
237 0 2248134316 STIM_START
237 0 2248868544 LICK
237 0 2248989116 LICK
237 0 2249081168 LICK
237 0 2249198044 LICK
237 0 2249325304 LICK
237 0 2249777468 LICK
237 0 2249922356 LICK
237 0 2250055072 LICK
237 0 2250223360 LICK
237 0 2250357744 LICK
237 0 2250528612 LICK
237 0 2251209620 STIM_END_RESP_START
237 0 2252409636 RESP_END
238 0 2254411232 STIM_START
238 0 2257699584 LICK
238 0 2257936588 STIM_END_RESP_START
238 0 2259136604 RESP_END
239 1 2260933220 STIM_START
239 1 2264208580 STIM_END_RESP_START
239 1 2265408592 RESP_END
240 1 2267392144 STIM_START
240 1 2271417564 STIM_END_RESP_START
240 1 2272617580 RESP_END
241 1 2274817220 STIM_START
241 1 2277942556 STIM_END_RESP_START
241 1 2279142572 RESP_END
242 0 2281280220 STIM_START
242 0 2284405556 STIM_END_RESP_START
242 0 2285605572 RESP_END
243 0 2287602112 STIM_START
243 0 2291627536 STIM_END_RESP_START
243 0 2292827552 RESP_END
244 1 2295052256 STIM_START
244 1 2299077680 STIM_END_RESP_START
244 1 2300277728 RESP_END
245 0 2302087264 STIM_START
245 0 2305612624 STIM_END_RESP_START
245 0 2306334176 LICK
245 0 2306334708 TIMEOUT_START
245 0 2306464912 LICK
245 0 2306465444 TIMEOUT_START
245 0 2306596668 LICK
245 0 2306597204 TIMEOUT_START
245 0 2306706416 LICK
245 0 2306706952 TIMEOUT_START
245 0 2306812656 RESP_END
245 0 2313707516 TIMEOUT_END
246 1 2319476792 STIM_START
246 1 2320391376 LICK
246 1 2320538560 LICK
246 1 2321541752 LICK
246 1 2322752128 STIM_END_RESP_START
246 1 2323237044 LICK
246 1 2323237576 REWARD_START
246 1 2323427584 LICK
246 1 2323526516 LICK
246 1 2323637776 LICK
246 1 2323753444 LICK
246 1 2323890376 LICK
246 1 2323952148 RESP_END
246 1 2323250656 REWARD_END
247 0 2326762836 STIM_START
247 0 2326915076 LICK
247 0 2327030688 LICK
247 0 2327225924 LICK
247 0 2327353400 LICK
247 0 2327500724 LICK
247 0 2327656592 LICK
247 0 2327815888 LICK
247 0 2327974652 LICK
247 0 2328100872 LICK
247 0 2328278268 LICK
247 0 2328459656 LICK
247 0 2328703244 LICK
247 0 2328920868 LICK
247 0 2329067656 LICK
247 0 2329230112 LICK
247 0 2329449820 LICK
247 0 2329888168 STIM_END_RESP_START
247 0 2330200804 LICK
247 0 2330201340 TIMEOUT_START
247 0 2330989632 LICK
247 0 2330990164 TIMEOUT_START
247 0 2331088204 RESP_END
247 0 2337990728 TIMEOUT_END
248 1 2340072868 STIM_START
248 1 2340227152 LICK
248 1 2341650452 LICK
248 1 2341808708 LICK
248 1 2341937060 LICK
248 1 2342153040 LICK
248 1 2342330816 LICK
248 1 2342607564 LICK
248 1 2343198184 STIM_END_RESP_START
248 1 2344398200 RESP_END
249 0 2346544716 STIM_START
249 0 2346707904 LICK
249 0 2349620056 STIM_END_RESP_START
249 0 2350715688 LICK
249 0 2350716228 TIMEOUT_START
249 0 2350820076 RESP_END
249 0 2357716780 TIMEOUT_END
250 1 2359747644 STIM_START
250 1 2359913836 LICK
250 1 2360741956 LICK
250 1 2360878352 LICK
250 1 2361039496 LICK
250 1 2361561728 LICK
250 1 2361635384 LICK
250 1 2361868544 LICK
250 1 2362536972 LICK
250 1 2362667752 LICK
250 1 2362822960 STIM_END_RESP_START
250 1 2362872328 LICK
250 1 2362872868 REWARD_START
250 1 2363052612 LICK
250 1 2363153368 LICK
250 1 2363264404 LICK
250 1 2363384036 LICK
250 1 2363512084 LICK
250 1 2363638912 LICK
250 1 2363769888 LICK
250 1 2363921512 LICK
250 1 2364022988 RESP_END
250 1 2362885944 REWARD_END
251 0 2369586096 STIM_START
251 0 2369754548 LICK
251 0 2369907248 LICK
251 0 2370064084 LICK
251 0 2370238908 LICK
251 0 2370431392 LICK
251 0 2370591336 LICK
251 0 2370752944 LICK
251 0 2370892756 LICK
251 0 2371052092 LICK
251 0 2371200264 LICK
251 0 2371344988 LICK
251 0 2371525992 LICK
251 0 2371695640 LICK
251 0 2371894552 LICK
251 0 2372070764 LICK
251 0 2372252620 LICK
251 0 2372431552 LICK
251 0 2372596192 LICK
251 0 2372661428 STIM_END_RESP_START
251 0 2372779812 LICK
251 0 2372780352 TIMEOUT_START
251 0 2373014524 LICK
251 0 2373015064 TIMEOUT_START
251 0 2373202396 LICK
251 0 2373202932 TIMEOUT_START
251 0 2373395992 LICK
251 0 2373396532 TIMEOUT_START
251 0 2373861456 RESP_END
251 0 2380397100 TIMEOUT_END
252 1 2388031768 STIM_START
252 1 2389216644 LICK
252 1 2391157100 STIM_END_RESP_START
252 1 2392357116 RESP_END
253 0 2394162712 STIM_START
253 0 2394766248 LICK
253 0 2394930040 LICK
253 0 2395996116 LICK
253 0 2396158164 LICK
253 0 2396361572 LICK
253 0 2396587760 LICK
253 0 2396992724 LICK
253 0 2397183252 LICK
253 0 2397238032 STIM_END_RESP_START
253 0 2397406884 LICK
253 0 2397407424 TIMEOUT_START
253 0 2397585688 LICK
253 0 2397586220 TIMEOUT_START
253 0 2397701080 LICK
253 0 2397701620 TIMEOUT_START
253 0 2397913152 LICK
253 0 2397913684 TIMEOUT_START
253 0 2398149284 LICK
253 0 2398149824 TIMEOUT_START
253 0 2398438052 RESP_END
253 0 2405150388 TIMEOUT_END
254 1 2407175620 STIM_START
254 1 2407350980 LICK
254 1 2408106820 LICK
254 1 2408246156 LICK
254 1 2408418996 LICK
254 1 2408606548 LICK
254 1 2409604960 LICK
254 1 2409730840 LICK
254 1 2409934420 LICK
254 1 2410700988 STIM_END_RESP_START
254 1 2410719620 LICK
254 1 2410720156 REWARD_START
254 1 2410839360 LICK
254 1 2411013148 LICK
254 1 2411085804 LICK
254 1 2411197916 LICK
254 1 2411320036 LICK
254 1 2411480128 LICK
254 1 2411599784 LICK
254 1 2411710436 LICK
254 1 2411834432 LICK
254 1 2411901016 RESP_END
254 1 2410733236 REWARD_END
255 0 2416974024 STIM_START
255 0 2417123600 LICK
255 0 2417261500 LICK
255 0 2417891936 LICK
255 0 2418059860 LICK
255 0 2418485616 LICK
255 0 2418680892 LICK
255 0 2418861136 LICK
255 0 2419057260 LICK
255 0 2419256404 LICK
255 0 2419428800 LICK
255 0 2419677448 LICK
255 0 2419846480 LICK
255 0 2420072336 LICK
255 0 2420342832 LICK
255 0 2420499388 STIM_END_RESP_START
255 0 2420567808 LICK
255 0 2420568348 TIMEOUT_START
255 0 2421699404 RESP_END
255 0 2427568904 TIMEOUT_END
256 0 2429364876 STIM_START
256 0 2429542288 LICK
256 0 2431338580 LICK
256 0 2431470056 LICK
256 0 2432392008 LICK
256 0 2432440212 STIM_END_RESP_START
256 0 2432540352 LICK
256 0 2432540892 TIMEOUT_START
256 0 2433640240 RESP_END
256 0 2439541440 TIMEOUT_END
257 0 2441632612 STIM_START
257 0 2444757948 STIM_END_RESP_START
257 0 2445957964 RESP_END
258 1 2447882536 STIM_START
258 1 2449080948 LICK
258 1 2450103192 LICK
258 1 2450272064 LICK
258 1 2450455972 LICK
258 1 2450714300 LICK
258 1 2450828304 LICK
258 1 2450957872 STIM_END_RESP_START
258 1 2450987168 LICK
258 1 2450987704 REWARD_START
258 1 2451142844 LICK
258 1 2451326100 LICK
258 1 2451489552 LICK
258 1 2451639060 LICK
258 1 2451800380 LICK
258 1 2451925988 LICK
258 1 2452063940 LICK
258 1 2452157904 RESP_END
258 1 2451000784 REWARD_END
259 0 2455428672 STIM_START
259 0 2455619036 LICK
259 0 2456349716 LICK
259 0 2456544044 LICK
259 0 2456706672 LICK
259 0 2456912712 LICK
259 0 2457099724 LICK
259 0 2457266340 LICK
259 0 2457470512 LICK
259 0 2457667780 LICK
259 0 2457866708 LICK
259 0 2458035308 LICK
259 0 2458216396 LICK
259 0 2458389188 LICK
259 0 2458568756 LICK
259 0 2458703996 STIM_END_RESP_START
259 0 2458752112 LICK
259 0 2458752644 TIMEOUT_START
259 0 2459904032 RESP_END
259 0 2465753200 TIMEOUT_END
260 1 2467963436 STIM_START
260 1 2468176132 LICK
260 1 2470431800 LICK
260 1 2470640680 LICK
260 1 2470791264 LICK
260 1 2471337364 LICK
260 1 2471488792 STIM_END_RESP_START
260 1 2471524724 LICK
260 1 2471525260 REWARD_START
260 1 2471912784 LICK
260 1 2472028632 LICK
260 1 2472147124 LICK
260 1 2472281156 LICK
260 1 2472387832 LICK
260 1 2472534604 LICK
260 1 2472688820 RESP_END
260 1 2471538340 REWARD_END
261 1 2475002500 STIM_START
261 1 2475167892 LICK
261 1 2475342812 LICK
261 1 2475550564 LICK
261 1 2475754328 LICK
261 1 2475929764 LICK
261 1 2476178044 LICK
261 1 2476332624 LICK
261 1 2476508452 LICK
261 1 2476670128 LICK
261 1 2476834952 LICK
261 1 2476985568 LICK
261 1 2477152424 LICK
261 1 2477260996 LICK
261 1 2477331924 LICK
261 1 2477721000 LICK
261 1 2477894884 LICK
261 1 2478107072 LICK
261 1 2478277828 STIM_END_RESP_START
261 1 2478288908 LICK
261 1 2478289448 REWARD_START
261 1 2478461396 LICK
261 1 2478565872 LICK
261 1 2478713708 LICK
261 1 2478800992 LICK
261 1 2478936924 LICK
261 1 2479079480 LICK
261 1 2479220680 LICK
261 1 2479371796 LICK
261 1 2479477872 RESP_END
261 1 2478302520 REWARD_END
262 1 2481664464 STIM_START
262 1 2481883740 LICK
262 1 2482101036 LICK
262 1 2482295604 LICK
262 1 2482396312 LICK
262 1 2482594512 LICK
262 1 2482740076 LICK
262 1 2482882704 LICK
262 1 2483025528 LICK
262 1 2483199400 LICK
262 1 2483522484 LICK
262 1 2483691164 LICK
262 1 2483936180 LICK
262 1 2484425116 LICK
262 1 2484612512 LICK
262 1 2485189840 STIM_END_RESP_START
262 1 2486389856 RESP_END
263 0 2488462460 STIM_START
263 0 2489202328 LICK
263 0 2491987836 STIM_END_RESP_START
263 0 2493187856 RESP_END
264 1 2495653492 STIM_START
264 1 2498189732 LICK
264 1 2498928840 STIM_END_RESP_START
264 1 2500128852 RESP_END
265 0 2502302512 STIM_START
265 0 2505827880 STIM_END_RESP_START
265 0 2507027896 RESP_END
266 1 2508923452 STIM_START
266 1 2511998792 STIM_END_RESP_START
266 1 2513198812 RESP_END
267 0 2515194380 STIM_START
267 0 2519219804 STIM_END_RESP_START
267 0 2519596196 LICK
267 0 2519596728 TIMEOUT_START
267 0 2520419836 RESP_END
267 0 2526597288 TIMEOUT_END
268 1 2528423336 STIM_START
268 1 2531948700 STIM_END_RESP_START
268 1 2533148720 RESP_END
269 1 2535001312 STIM_START
269 1 2538526676 STIM_END_RESP_START
269 1 2539726692 RESP_END
270 0 2541599280 STIM_START
270 0 2545124648 STIM_END_RESP_START
270 0 2546324664 RESP_END
271 0 2548415256 STIM_START
271 0 2551345236 LICK
271 0 2551540560 STIM_END_RESP_START
271 0 2552740576 RESP_END
272 1 2554847204 STIM_START
272 1 2558065500 LICK
272 1 2558872628 STIM_END_RESP_START
272 1 2560072676 RESP_END
273 0 2561797216 STIM_START
273 0 2562088340 LICK
273 0 2563136248 LICK
273 0 2564922544 STIM_END_RESP_START
273 0 2566122556 RESP_END
274 1 2568168172 STIM_START
274 1 2571693540 STIM_END_RESP_START
274 1 2572893556 RESP_END
275 0 2574814132 STIM_START
275 0 2577889440 STIM_END_RESP_START
275 0 2579089456 RESP_END
276 0 2580913024 STIM_START
276 0 2584038360 STIM_END_RESP_START
276 0 2585238376 RESP_END
277 1 2587363968 STIM_START
277 1 2590889336 STIM_END_RESP_START
277 1 2592089348 RESP_END
278 1 2594156964 STIM_START
278 1 2597682328 STIM_END_RESP_START
278 1 2598882348 RESP_END
279 0 2600818928 STIM_START
279 0 2603944264 STIM_END_RESP_START
279 0 2605144280 RESP_END
280 1 2607320928 STIM_START
280 1 2610596248 STIM_END_RESP_START
280 1 2611796264 RESP_END
281 1 2613514820 STIM_START
281 1 2617040188 STIM_END_RESP_START
281 1 2618240200 RESP_END
282 1 2620315784 STIM_START
282 1 2624341204 STIM_END_RESP_START
282 1 2625541252 RESP_END
283 0 2627475876 STIM_START
283 0 2629653424 LICK
283 0 2629848844 LICK
283 0 2629982596 LICK
283 0 2631001244 STIM_END_RESP_START
283 0 2632201260 RESP_END
284 0 2633940756 STIM_START
284 0 2636988468 LICK
284 0 2637016092 STIM_END_RESP_START
284 0 2637126520 LICK
284 0 2637127060 TIMEOUT_START
284 0 2637831476 LICK
284 0 2637832004 TIMEOUT_START
284 0 2638034608 LICK
284 0 2638035148 TIMEOUT_START
284 0 2638216136 RESP_END
284 0 2645035708 TIMEOUT_END
285 0 2647218760 STIM_START
285 0 2647499080 LICK
285 0 2650344088 STIM_END_RESP_START
285 0 2651544100 RESP_END
286 1 2653622664 STIM_START
286 1 2657148032 STIM_END_RESP_START
286 1 2658348048 RESP_END
287 0 2660304644 STIM_START
287 0 2662920052 LICK
287 0 2663379976 STIM_END_RESP_START
287 0 2664579984 RESP_END
288 0 2666684664 STIM_START
288 0 2667885584 LICK
288 0 2669960020 STIM_END_RESP_START
288 0 2671160032 RESP_END
289 0 2672880484 STIM_START
289 0 2676005820 STIM_END_RESP_START
289 0 2676399188 LICK
289 0 2676399720 TIMEOUT_START
289 0 2676543100 LICK
289 0 2676543640 TIMEOUT_START
289 0 2677205848 RESP_END
289 0 2683544192 TIMEOUT_END
290 1 2685625340 STIM_START
290 1 2688700648 STIM_END_RESP_START
290 1 2689900660 RESP_END
291 1 2691990328 STIM_START
291 1 2695065636 STIM_END_RESP_START
291 1 2696265680 RESP_END
292 0 2698344184 STIM_START
292 0 2701869552 STIM_END_RESP_START
292 0 2703069568 RESP_END
293 1 2705072220 STIM_START
293 1 2708597580 STIM_END_RESP_START
293 1 2709588152 LICK
293 1 2709588688 REWARD_START
293 1 2709718228 LICK
293 1 2709797620 RESP_END
293 1 2709601764 REWARD_END
294 1 2714904620 STIM_START
294 1 2715093300 LICK
294 1 2715238392 LICK
294 1 2717979960 STIM_END_RESP_START
294 1 2719008328 LICK
294 1 2719008868 REWARD_START
294 1 2719179996 RESP_END
294 1 2719021940 REWARD_END
295 1 2720929560 STIM_START
295 1 2722357884 LICK
295 1 2722481512 LICK
295 1 2722590516 LICK
295 1 2722709136 LICK
295 1 2724004856 STIM_END_RESP_START
295 1 2725204868 RESP_END
296 0 2727131436 STIM_START
296 0 2729119756 LICK
296 0 2729265024 LICK
296 0 2729411604 LICK
296 0 2729544864 LICK
296 0 2729693804 LICK
296 0 2729815624 LICK
296 0 2729950300 LICK
296 0 2730108884 LICK
296 0 2730256764 STIM_END_RESP_START
296 0 2730258380 LICK
296 0 2730258924 TIMEOUT_START
296 0 2730437664 LICK
296 0 2730438196 TIMEOUT_START
296 0 2730602252 LICK
296 0 2730602788 TIMEOUT_START
296 0 2731456780 RESP_END
296 0 2737603348 TIMEOUT_END
297 0 2739371256 STIM_START
297 0 2739556436 LICK
297 0 2742334748 LICK
297 0 2742896628 STIM_END_RESP_START
297 0 2743807528 LICK
297 0 2743808072 TIMEOUT_START
297 0 2744096664 RESP_END
297 0 2750808624 TIMEOUT_END
298 1 2752733144 STIM_START
298 1 2755858484 STIM_END_RESP_START
298 1 2757058528 RESP_END
299 0 2758872036 STIM_START
299 0 2760993520 LICK
299 0 2762397388 STIM_END_RESP_START
299 0 2762769872 LICK
299 0 2762770404 TIMEOUT_START
299 0 2763597408 RESP_END
299 0 2769770968 TIMEOUT_END
300 0 2771997964 STIM_START
300 0 2774023120 LICK
300 0 2775073276 STIM_END_RESP_START
300 0 2776273292 RESP_END
301 1 2778361908 STIM_START
301 1 2780171616 LICK
301 1 2781437232 STIM_END_RESP_START
301 1 2782637248 RESP_END
302 0 2784701900 STIM_START
302 0 2787777200 STIM_END_RESP_START
302 0 2788977216 RESP_END
303 1 2791162808 STIM_START
303 1 2793421024 LICK
303 1 2795188216 STIM_END_RESP_START
303 1 2796388232 RESP_END
304 1 2798573896 STIM_START
304 1 2801649200 STIM_END_RESP_START
304 1 2802849216 RESP_END
305 0 2804894808 STIM_START
305 0 2807160588 LICK
305 0 2807811512 LICK
305 0 2808420168 STIM_END_RESP_START
305 0 2809620184 RESP_END
306 1 2811767836 STIM_START
306 1 2815293196 STIM_END_RESP_START
306 1 2816493212 RESP_END
307 0 2818352788 STIM_START
307 0 2822378208 STIM_END_RESP_START
307 0 2823578224 RESP_END
308 1 2825406804 STIM_START
308 1 2827733556 LICK
308 1 2827889592 LICK
308 1 2828512060 LICK
308 1 2828532120 STIM_END_RESP_START
308 1 2829010776 LICK
308 1 2829011316 REWARD_START
308 1 2829191228 LICK
308 1 2829289824 LICK
308 1 2829402864 LICK
308 1 2829514264 LICK
308 1 2829642644 LICK
308 1 2829732156 RESP_END
308 1 2829024396 REWARD_END
309 0 2831815756 STIM_START
309 0 2831965800 LICK
309 0 2832965524 LICK
309 0 2833326944 LICK
309 0 2834215216 LICK
309 0 2834402216 LICK
309 0 2834582436 LICK
309 0 2834755652 LICK
309 0 2834918604 LICK
309 0 2834941088 STIM_END_RESP_START
309 0 2835065820 LICK
309 0 2835066360 TIMEOUT_START
309 0 2835220520 LICK
309 0 2835221048 TIMEOUT_START
309 0 2836141128 RESP_END
309 0 2842221608 TIMEOUT_END
310 1 2844054556 STIM_START
310 1 2844386032 LICK
310 1 2846877352 LICK
310 1 2847329868 STIM_END_RESP_START
310 1 2848529884 RESP_END
311 1 2850351444 STIM_START
311 1 2852153176 LICK
311 1 2853426760 STIM_END_RESP_START
311 1 2854373948 LICK
311 1 2854374488 REWARD_START
311 1 2854561916 LICK
311 1 2854626776 RESP_END
311 1 2854387564 REWARD_END
312 0 2856588416 STIM_START
312 0 2860113776 STIM_END_RESP_START
312 0 2861313792 RESP_END
313 1 2863351400 STIM_START
313 1 2863572928 LICK
313 1 2864191384 LICK
313 1 2865937276 LICK
313 1 2866626756 STIM_END_RESP_START
313 1 2867062668 LICK
313 1 2867063212 REWARD_START
313 1 2867237532 LICK
313 1 2867353512 LICK
313 1 2867452252 LICK
313 1 2867581616 LICK
313 1 2867826792 RESP_END
313 1 2867076292 REWARD_END
314 0 2870412368 STIM_START
314 0 2871886256 LICK
314 0 2873436332 LICK
314 0 2873685284 LICK
314 0 2873850512 LICK
314 0 2873937744 STIM_END_RESP_START
314 0 2874037996 LICK
314 0 2874038532 TIMEOUT_START
314 0 2874242460 LICK
314 0 2874242992 TIMEOUT_START
314 0 2875137768 RESP_END
314 0 2881243556 TIMEOUT_END
315 0 2883395312 STIM_START
315 0 2884927576 LICK
315 0 2886001464 LICK
315 0 2886470624 STIM_END_RESP_START
315 0 2887670636 RESP_END
316 1 2889597216 STIM_START
316 1 2892681368 LICK
316 1 2892722528 STIM_END_RESP_START
316 1 2893922576 RESP_END
317 1 2895824104 STIM_START
317 1 2898899444 STIM_END_RESP_START
317 1 2898941240 LICK
317 1 2898941776 REWARD_START
317 1 2899093968 LICK
317 1 2899194012 LICK
317 1 2899306156 LICK
317 1 2900099496 RESP_END
317 1 2898954856 REWARD_END
318 0 2901852064 STIM_START
318 0 2903450720 LICK
318 0 2904501528 LICK
318 0 2904823908 LICK
318 0 2905731588 LICK
318 0 2905877492 STIM_END_RESP_START
318 0 2906867144 LICK
318 0 2906867680 TIMEOUT_START
318 0 2907077516 RESP_END
318 0 2913868240 TIMEOUT_END
319 0 2915640056 STIM_START
319 0 2915803500 LICK
319 0 2918715356 STIM_END_RESP_START
319 0 2919915372 RESP_END
320 1 2921666940 STIM_START
320 1 2925192308 STIM_END_RESP_START
320 1 2925367668 LICK
320 1 2925368204 REWARD_START
320 1 2925572260 LICK
320 1 2925707468 LICK
320 1 2925817864 LICK
320 1 2925943584 LICK
320 1 2926392348 RESP_END
320 1 2925381284 REWARD_END
321 1 2928359888 STIM_START
321 1 2931885256 STIM_END_RESP_START
321 1 2933085272 RESP_END
322 0 2934911852 STIM_START
322 0 2935094644 LICK
322 0 2935224700 LICK
322 0 2935346452 LICK
322 0 2935504060 LICK
322 0 2935674948 LICK
322 0 2936270172 LICK
322 0 2936428880 LICK
322 0 2936833800 LICK
322 0 2937015356 LICK
322 0 2937882252 LICK
322 0 2938037180 STIM_END_RESP_START
322 0 2938058544 LICK
322 0 2938059084 TIMEOUT_START
322 0 2938249096 LICK
322 0 2938249636 TIMEOUT_START
322 0 2938417676 LICK
322 0 2938418216 TIMEOUT_START
322 0 2938571164 LICK
322 0 2938571696 TIMEOUT_START
322 0 2938722004 LICK
322 0 2938722544 TIMEOUT_START
322 0 2938867428 LICK
322 0 2938867968 TIMEOUT_START
322 0 2939056764 LICK
322 0 2939057304 TIMEOUT_START
322 0 2939237224 RESP_END
322 0 2946057868 TIMEOUT_END
323 1 2947858704 STIM_START
323 1 2948089560 LICK
323 1 2949830228 LICK
323 1 2951134044 STIM_END_RESP_START
323 1 2952095204 LICK
323 1 2952095736 REWARD_START
323 1 2952272104 LICK
323 1 2952334072 RESP_END
323 1 2952108812 REWARD_END
324 0 2956693016 STIM_START
324 0 2957017856 LICK
324 0 2958924660 LICK
324 0 2959093748 LICK
324 0 2959297608 LICK
324 0 2959448240 LICK
324 0 2959637832 LICK
324 0 2959768328 STIM_END_RESP_START
324 0 2959771680 LICK
324 0 2959772212 TIMEOUT_START
324 0 2959926816 LICK
324 0 2959927352 TIMEOUT_START
324 0 2960078528 LICK
324 0 2960079064 TIMEOUT_START
324 0 2960237416 LICK
324 0 2960237956 TIMEOUT_START
324 0 2960432740 LICK
324 0 2960433276 TIMEOUT_START
324 0 2960667524 LICK
324 0 2960668064 TIMEOUT_START
324 0 2960808632 LICK
324 0 2960809172 TIMEOUT_START
324 0 2960954028 LICK
324 0 2960954564 TIMEOUT_START
324 0 2960968372 RESP_END
324 0 2967955132 TIMEOUT_END
325 1 2969916956 STIM_START
325 1 2970093164 LICK
325 1 2971093512 LICK
325 1 2971240612 LICK
325 1 2971414328 LICK
325 1 2972466080 LICK
325 1 2973352592 LICK
325 1 2973942372 STIM_END_RESP_START
325 1 2975142392 RESP_END
326 0 2977238040 STIM_START
326 0 2980763400 STIM_END_RESP_START
326 0 2981963416 RESP_END
327 0 2984031012 STIM_START
327 0 2984234368 LICK
327 0 2986525712 LICK
327 0 2987156328 STIM_END_RESP_START
327 0 2988356344 RESP_END
328 0 2990394980 STIM_START
328 0 2992313988 LICK
328 0 2992486572 LICK
328 0 2992631068 LICK
328 0 2992983888 LICK
328 0 2993134264 LICK
328 0 2993307328 LICK
328 0 2993470292 STIM_END_RESP_START
328 0 2993479596 LICK
328 0 2993480148 TIMEOUT_START
328 0 2993649756 LICK
328 0 2993650288 TIMEOUT_START
328 0 2993821268 LICK
328 0 2993821808 TIMEOUT_START
328 0 2994021648 LICK
328 0 2994022180 TIMEOUT_START
328 0 2994215436 LICK
328 0 2994215976 TIMEOUT_START
328 0 2994670340 RESP_END
328 0 3001216528 TIMEOUT_END
329 1 3003149820 STIM_START
329 1 3003322288 LICK
329 1 3006141412 LICK
329 1 3006675200 STIM_END_RESP_START
329 1 3006753928 LICK
329 1 3006754460 REWARD_START
329 1 3006925184 LICK
329 1 3007010008 LICK
329 1 3007116116 LICK
329 1 3007230288 LICK
329 1 3007356736 LICK
329 1 3007655516 LICK
329 1 3007850276 LICK
329 1 3007875216 RESP_END
329 1 3006767540 REWARD_END
330 0 3011655044 STIM_START
330 0 3011794280 LICK
330 0 3011923748 LICK
330 0 3012579452 LICK
330 0 3013488368 LICK
330 0 3013955036 LICK
330 0 3014139176 LICK
330 0 3014315556 LICK
330 0 3014487188 LICK
330 0 3014628068 LICK
330 0 3014780344 STIM_END_RESP_START
330 0 3015800740 LICK
330 0 3015801280 TIMEOUT_START
330 0 3015980380 RESP_END
330 0 3022801828 TIMEOUT_END
331 0 3024600932 STIM_START
331 0 3024939468 LICK
331 0 3028626328 STIM_END_RESP_START
331 0 3029279844 LICK
331 0 3029280376 TIMEOUT_START
331 0 3029826348 RESP_END
331 0 3036280940 TIMEOUT_END
332 0 3038286960 STIM_START
332 0 3038580884 LICK
332 0 3040935344 LICK
332 0 3041562300 STIM_END_RESP_START
332 0 3041903304 LICK
332 0 3041903844 TIMEOUT_START
332 0 3042762312 RESP_END
332 0 3048904392 TIMEOUT_END
333 1 3050719808 STIM_START
333 1 3051064340 LICK
333 1 3053113292 LICK
333 1 3053995140 STIM_END_RESP_START
333 1 3055195196 RESP_END
334 1 3057110728 STIM_START
334 1 3059526304 LICK
334 1 3059659884 LICK
334 1 3060419464 LICK
334 1 3060636104 STIM_END_RESP_START
334 1 3061836120 RESP_END
335 0 3063901712 STIM_START
335 0 3064826720 LICK
335 0 3067027056 STIM_END_RESP_START
335 0 3068227072 RESP_END
336 1 3070078612 STIM_START
336 1 3073203948 STIM_END_RESP_START
336 1 3074403964 RESP_END
337 1 3076549596 STIM_START
337 1 3079824916 STIM_END_RESP_START
337 1 3081024936 RESP_END
338 0 3082744484 STIM_START
338 0 3085869820 STIM_END_RESP_START
338 0 3087069836 RESP_END
339 1 3089123412 STIM_START
339 1 3092398764 STIM_END_RESP_START
339 1 3093598784 RESP_END
340 0 3095737436 STIM_START
340 0 3098862776 STIM_END_RESP_START
340 0 3100062792 RESP_END
341 1 3102194332 STIM_START
341 1 3105319672 STIM_END_RESP_START
341 1 3106519688 RESP_END
342 1 3108504256 STIM_START
342 1 3111361716 LICK
342 1 3111579564 STIM_END_RESP_START
342 1 3112779580 RESP_END
343 0 3114639192 STIM_START
343 0 3117764528 STIM_END_RESP_START
343 0 3118964544 RESP_END
344 1 3121071100 STIM_START
344 1 3124596468 STIM_END_RESP_START
344 1 3125796484 RESP_END
USER_EXIT