001 0 0019476992 STIM_START
001 0 0019732960 LICK
001 0 0019890412 LICK
001 0 0020434368 LICK
001 0 0020696512 LICK
001 0 0020852200 LICK
001 0 0021000764 LICK
001 0 0021155664 LICK
001 0 0021267352 LICK
001 0 0022304456 LICK
001 0 0022430848 LICK
001 0 0022563664 LICK
001 0 0022748640 LICK
001 0 0022867372 LICK
001 0 0023032432 LICK
001 0 0023185848 LICK
001 0 0023502392 STIM_END_RESP_START
001 0 0024545244 LICK
001 0 0024545688 TIMEOUT_START
001 0 0024661284 LICK
001 0 0024661720 TIMEOUT_START
001 0 0024702420 RESP_END
001 0 0031662180 TIMEOUT_END
002 0 0033800080 STIM_START
002 0 0035165320 LICK
002 0 0035471120 LICK
002 0 0035629064 LICK
002 0 0035849324 LICK
002 0 0036617564 LICK
002 0 0036760304 LICK
002 0 0037825508 STIM_END_RESP_START
002 0 0037895252 LICK
002 0 0037895688 TIMEOUT_START
002 0 0038228200 LICK
002 0 0038228636 TIMEOUT_START
002 0 0038380912 LICK
002 0 0038381348 TIMEOUT_START
002 0 0038593056 LICK
002 0 0038593492 TIMEOUT_START
002 0 0038812028 LICK
002 0 0038812464 TIMEOUT_START
002 0 0039025524 RESP_END
002 0 0045812928 TIMEOUT_END
003 0 0048311316 STIM_START
003 0 0049306472 LICK
003 0 0049440356 LICK
003 0 0049715216 LICK
003 0 0049909008 LICK
003 0 0050977584 LICK
003 0 0051108272 LICK
003 0 0051334584 LICK
003 0 0051586676 STIM_END_RESP_START
003 0 0052786708 RESP_END
004 1 0055751400 STIM_START
004 1 0055966212 LICK
004 1 0056091840 LICK
004 1 0056900444 LICK
004 1 0057232860 LICK
004 1 0057395772 LICK
004 1 0057555796 LICK
004 1 0057782996 LICK
004 1 0058104108 LICK
004 1 0059276784 STIM_END_RESP_START
004 1 0059436812 LICK
004 1 0059437252 REWARD_START
004 1 0059624504 LICK
004 1 0060476824 RESP_END
004 1 0059450220 REWARD_END
005 1 0063500560 STIM_START
005 1 0064325872 LICK
005 1 0064457724 LICK
005 1 0064691644 LICK
005 1 0065243948 LICK
005 1 0065427244 LICK
005 1 0066434428 LICK
005 1 0066575888 STIM_END_RESP_START
005 1 0066601320 LICK
005 1 0066601756 REWARD_START
005 1 0066801768 LICK
005 1 0066969232 LICK
005 1 0067140876 LICK
005 1 0067656760 LICK
005 1 0067775908 RESP_END
005 1 0066614728 REWARD_END
006 0 0075655384 STIM_START
006 0 0075828068 LICK
006 0 0076626496 LICK
006 0 0076938988 LICK
006 0 0078730712 STIM_END_RESP_START
006 0 0079930732 RESP_END
007 0 0082037316 STIM_START
007 0 0083905900 LICK
007 0 0084887368 LICK
007 0 0085020916 LICK
007 0 0085167140 LICK
007 0 0086062760 STIM_END_RESP_START
007 0 0087262780 RESP_END
008 0 0088967336 STIM_START
008 0 0089776700 LICK
008 0 0092042652 STIM_END_RESP_START
008 0 0092299996 LICK
008 0 0092300436 TIMEOUT_START
008 0 0092475744 LICK
008 0 0092476184 TIMEOUT_START
008 0 0092629268 LICK
008 0 0092629704 TIMEOUT_START
008 0 0092769860 LICK
008 0 0092770300 TIMEOUT_START
008 0 0092924828 LICK
008 0 0092925272 TIMEOUT_START
008 0 0093054628 LICK
008 0 0093055076 TIMEOUT_START
008 0 0093225744 LICK
008 0 0093226184 TIMEOUT_START
008 0 0093242696 RESP_END
008 0 0100226636 TIMEOUT_END
009 1 0102112292 STIM_START
009 1 0102345004 LICK
009 1 0102499452 LICK
009 1 0104674896 LICK
009 1 0104831584 LICK
009 1 0105237636 STIM_END_RESP_START
009 1 0105506076 LICK
009 1 0105506560 REWARD_START
009 1 0105664092 LICK
009 1 0106437664 RESP_END
009 1 0105519580 REWARD_END
010 1 0108333200 STIM_START
010 1 0109786344 LICK
010 1 0109910260 LICK
010 1 0110317520 LICK
010 1 0110447552 LICK
010 1 0110633684 LICK
010 1 0110769504 LICK
010 1 0110920416 LICK
010 1 0111220188 LICK
010 1 0111332800 LICK
010 1 0111457128 LICK
010 1 0111587216 LICK
010 1 0111608528 STIM_END_RESP_START
010 1 0111749976 LICK
010 1 0111750464 REWARD_START
010 1 0112808556 RESP_END
010 1 0111763484 REWARD_END
011 1 0114944148 STIM_START
011 1 0115222280 LICK
011 1 0115352424 LICK
011 1 0117434884 LICK
011 1 0117658804 LICK
011 1 0117790880 LICK
011 1 0117940976 LICK
011 1 0118019472 STIM_END_RESP_START
011 1 0118669884 LICK
011 1 0118670372 REWARD_START
011 1 0119219504 RESP_END
011 1 0118683388 REWARD_END
012 0 0120954136 STIM_START
012 0 0124079460 STIM_END_RESP_START
012 0 0124335192 LICK
012 0 0124335680 TIMEOUT_START
012 0 0124469824 LICK
012 0 0124470316 TIMEOUT_START
012 0 0125279484 RESP_END
012 0 0131470812 TIMEOUT_END
013 1 0133395972 STIM_START
013 1 0135337680 LICK
013 1 0135470232 LICK
013 1 0135723576 LICK
013 1 0135885936 LICK
013 1 0136071752 LICK
013 1 0136521324 STIM_END_RESP_START
013 1 0137721364 RESP_END
014 1 0139843996 STIM_START
014 1 0141719524 LICK
014 1 0141898364 LICK
014 1 0142834328 LICK
014 1 0142966524 LICK
014 1 0143119332 STIM_END_RESP_START
014 1 0144319372 RESP_END
015 0 0146197828 STIM_START
015 0 0149114644 LICK
015 0 0149723220 STIM_END_RESP_START
015 0 0150923252 RESP_END
016 0 0152646832 STIM_START
016 0 0155437008 LICK
016 0 0155542200 LICK
016 0 0155718140 LICK
016 0 0155862872 LICK
016 0 0156172220 STIM_END_RESP_START
016 0 0157372256 RESP_END
017 1 0159471896 STIM_START
017 1 0160621008 LICK
017 1 0160749964 LICK
017 1 0162547212 STIM_END_RESP_START
017 1 0163747252 RESP_END
018 1 0165775800 STIM_START
018 1 0167857900 LICK
018 1 0167986848 LICK
018 1 0168123088 LICK
018 1 0168278584 LICK
018 1 0168402484 LICK
018 1 0168561304 LICK
018 1 0168719728 LICK
018 1 0168829368 LICK
018 1 0169006164 LICK
018 1 0169301168 STIM_END_RESP_START
018 1 0169471336 LICK
018 1 0169471820 REWARD_START
018 1 0169604248 LICK
018 1 0169731296 LICK
018 1 0169850212 LICK
018 1 0169987324 LICK
018 1 0170501184 RESP_END
018 1 0169484844 REWARD_END
019 1 0172562840 STIM_START
019 1 0174485840 LICK
019 1 0174645492 LICK
019 1 0176588272 STIM_END_RESP_START
019 1 0177788312 RESP_END
020 0 0179566888 STIM_START
020 0 0181157816 LICK
020 0 0181276036 LICK
020 0 0181401548 LICK
020 0 0181554872 LICK
020 0 0181708440 LICK
020 0 0182969908 LICK
020 0 0183092272 STIM_END_RESP_START
020 0 0183304080 LICK
020 0 0183304568 TIMEOUT_START
020 0 0183461592 LICK
020 0 0183462084 TIMEOUT_START
020 0 0183644056 LICK
020 0 0183644548 TIMEOUT_START
020 0 0183791052 LICK
020 0 0183791536 TIMEOUT_START
020 0 0183977556 LICK
020 0 0183978048 TIMEOUT_START
020 0 0184105524 LICK
020 0 0184106016 TIMEOUT_START
020 0 0184259612 LICK
020 0 0184260096 TIMEOUT_START
020 0 0184292316 RESP_END
020 0 0191260596 TIMEOUT_END
021 1 0193045860 STIM_START
021 1 0195044480 LICK
021 1 0195196080 LICK
021 1 0197062832 LICK
021 1 0197071292 STIM_END_RESP_START
021 1 0197209552 LICK
021 1 0197210036 REWARD_START
021 1 0197382404 LICK
021 1 0197558928 LICK
021 1 0197727912 LICK
021 1 0197869856 LICK
021 1 0198059728 LICK
021 1 0198271312 RESP_END
021 1 0197223056 REWARD_END
022 1 0200455916 STIM_START
022 1 0201809540 LICK
022 1 0201927824 LICK
022 1 0202096848 LICK
022 1 0202265036 LICK
022 1 0203050488 LICK
022 1 0203146096 LICK
022 1 0203278092 LICK
022 1 0203412964 LICK
022 1 0204481328 STIM_END_RESP_START
022 1 0205681368 RESP_END
023 1 0207499948 STIM_START
023 1 0207752868 LICK
023 1 0207892428 LICK
023 1 0208740264 LICK
023 1 0210408252 LICK
023 1 0210541744 LICK
023 1 0211525352 STIM_END_RESP_START
023 1 0211791064 LICK
023 1 0211791548 REWARD_START
023 1 0212094376 LICK
023 1 0212293932 LICK
023 1 0212417612 LICK
023 1 0212587920 LICK
023 1 0212725376 RESP_END
023 1 0211804572 REWARD_END
024 0 0214829100 STIM_START
024 0 0215010456 LICK
024 0 0215128692 LICK
024 0 0215281708 LICK
024 0 0215703100 LICK
024 0 0215847412 LICK
024 0 0215989840 LICK
024 0 0216139392 LICK
024 0 0216286520 LICK
024 0 0216576388 LICK
024 0 0216700336 LICK
024 0 0216840168 LICK
024 0 0217954420 STIM_END_RESP_START
024 0 0218113592 LICK
024 0 0218114080 TIMEOUT_START
024 0 0218278536 LICK
024 0 0218279024 TIMEOUT_START
024 0 0218478240 LICK
024 0 0218478732 TIMEOUT_START
024 0 0218698604 LICK
024 0 0218699096 TIMEOUT_START
024 0 0218817396 LICK
024 0 0218817888 TIMEOUT_START
024 0 0218979976 LICK
024 0 0218980464 TIMEOUT_START
024 0 0219154448 RESP_END
024 0 0225980960 TIMEOUT_END
025 1 0227837132 STIM_START
025 1 0230642444 LICK
025 1 0230812792 LICK
025 1 0230962468 STIM_END_RESP_START
025 1 0231520084 LICK
025 1 0231520572 REWARD_START
025 1 0231754188 LICK
025 1 0231878556 LICK
025 1 0232006220 LICK
025 1 0232156980 LICK
025 1 0232162484 RESP_END
025 1 0231533592 REWARD_END
026 1 0250094352 STIM_START
026 1 0250217256 LICK
026 1 0250337592 LICK
026 1 0250807296 LICK
026 1 0250952796 LICK
026 1 0251123352 LICK
026 1 0251274236 LICK
026 1 0251452072 LICK
026 1 0252342468 LICK
026 1 0252471688 LICK
026 1 0252636756 LICK
026 1 0252850656 LICK
026 1 0254119772 STIM_END_RESP_START
026 1 0255319812 RESP_END
027 1 0257351428 STIM_START
027 1 0257622188 LICK
027 1 0257754988 LICK
027 1 0257939144 LICK
027 1 0259006256 LICK
027 1 0259134016 LICK
027 1 0259307200 LICK
027 1 0259489752 LICK
027 1 0259663684 LICK
027 1 0259820888 LICK
027 1 0259983884 LICK
027 1 0260113312 LICK
027 1 0260323176 LICK
027 1 0260626788 STIM_END_RESP_START
027 1 0261826824 RESP_END
028 0 0263992388 STIM_START
028 0 0264251740 LICK
028 0 0264420220 LICK
028 0 0265137292 LICK
028 0 0265275320 LICK
028 0 0265443812 LICK
028 0 0265624160 LICK
028 0 0266696008 LICK
028 0 0266831564 LICK
028 0 0267005164 LICK
028 0 0267117704 STIM_END_RESP_START
028 0 0267164320 LICK
028 0 0267164812 TIMEOUT_START
028 0 0267313796 LICK
028 0 0267314284 TIMEOUT_START
028 0 0267504004 LICK
028 0 0267504484 TIMEOUT_START
028 0 0268317740 RESP_END
028 0 0274504984 TIMEOUT_END
029 0 0278383492 STIM_START
029 0 0278609780 LICK
029 0 0278749500 LICK
029 0 0278921756 LICK
029 0 0279501324 LICK
029 0 0279651680 LICK
029 0 0279828716 LICK
029 0 0280018288 LICK
029 0 0280173068 LICK
029 0 0280320588 LICK
029 0 0280479348 LICK
029 0 0280604892 LICK
029 0 0280796724 LICK
029 0 0280902128 LICK
029 0 0281041436 LICK
029 0 0281191436 LICK
029 0 0281382064 LICK
029 0 0281547300 LICK
029 0 0281658852 STIM_END_RESP_START
029 0 0281692724 LICK
029 0 0281693216 TIMEOUT_START
029 0 0281898428 LICK
029 0 0281898912 TIMEOUT_START
029 0 0282858892 RESP_END
029 0 0288899412 TIMEOUT_END
030 0 0299197592 STIM_START
030 0 0299355912 LICK
030 0 0299483800 LICK
030 0 0299605612 LICK
030 0 0299772960 LICK
030 0 0299916428 LICK
030 0 0300080728 LICK
030 0 0300522968 LICK
030 0 0300685424 LICK
030 0 0300846688 LICK
030 0 0301021588 LICK
030 0 0301646776 LICK
030 0 0301842544 LICK
030 0 0301996980 LICK
030 0 0302722968 STIM_END_RESP_START
030 0 0302994876 LICK
030 0 0302995364 TIMEOUT_START
030 0 0303150376 LICK
030 0 0303150860 TIMEOUT_START
030 0 0303359220 LICK
030 0 0303359708 TIMEOUT_START
030 0 0303588620 LICK
030 0 0303589104 TIMEOUT_START
030 0 0303923004 RESP_END
030 0 0310589624 TIMEOUT_END
031 1 0336846148 STIM_START
031 1 0336995680 LICK
031 1 0337123256 LICK
031 1 0337986992 LICK
031 1 0338131248 LICK
031 1 0338312700 LICK
031 1 0338477336 LICK
031 1 0338653448 LICK
031 1 0338775096 LICK
031 1 0338917220 LICK
031 1 0339078504 LICK
031 1 0339535536 LICK
031 1 0339694668 LICK
031 1 0339863036 LICK
031 1 0339971484 STIM_END_RESP_START
031 1 0340021364 LICK
031 1 0340021848 REWARD_START
031 1 0340190260 LICK
031 1 0340301048 LICK
031 1 0340410320 LICK
031 1 0340516980 LICK
031 1 0340643692 LICK
031 1 0340761432 LICK
031 1 0340859164 LICK
031 1 0340982844 LICK
031 1 0341117188 LICK
031 1 0341171528 RESP_END
031 1 0340034868 REWARD_END
032 1 0376146952 STIM_START
032 1 0376391116 LICK
032 1 0376546536 LICK
032 1 0376942848 LICK
032 1 0377118812 LICK
032 1 0377962428 LICK
032 1 0378087664 LICK
032 1 0378287480 LICK
032 1 0379107056 LICK
032 1 0379269508 LICK
032 1 0379439800 LICK
032 1 0379672308 STIM_END_RESP_START
032 1 0379685080 LICK
032 1 0379685568 REWARD_START
032 1 0380872340 RESP_END
032 1 0379698592 REWARD_END
033 0 0418742196 STIM_START
033 0 0418816276 LICK
033 0 0419526208 LICK
033 0 0419700952 LICK
033 0 0420557952 LICK
033 0 0420685508 LICK
033 0 0420873056 LICK
033 0 0421011360 LICK
033 0 0421169548 LICK
033 0 0421356624 LICK
033 0 0421470968 LICK
033 0 0421598800 LICK
033 0 0421742444 LICK
033 0 0421817532 STIM_END_RESP_START
033 0 0421881228 LICK
033 0 0421881712 TIMEOUT_START
033 0 0422036064 LICK
033 0 0422036552 TIMEOUT_START
033 0 0422186920 LICK
033 0 0422187408 TIMEOUT_START
033 0 0422408104 LICK
033 0 0422408592 TIMEOUT_START
033 0 0422786548 LICK
033 0 0422787032 TIMEOUT_START
033 0 0422941728 LICK
033 0 0422942208 TIMEOUT_START
033 0 0423017556 RESP_END
033 0 0429942716 TIMEOUT_END
034 1 0432565264 STIM_START
034 1 0432708516 LICK
034 1 0432881264 LICK
034 1 0433654452 LICK
034 1 0433804684 LICK
034 1 0434873040 LICK
034 1 0435007748 LICK
034 1 0436102608 LICK
034 1 0436206820 LICK
034 1 0436590676 STIM_END_RESP_START
034 1 0436598432 LICK
034 1 0436598920 REWARD_START
034 1 0436755516 LICK
034 1 0436882468 LICK
034 1 0436993220 LICK
034 1 0437097700 LICK
034 1 0437213312 LICK
034 1 0437331900 LICK
034 1 0437458692 LICK
034 1 0437575468 LICK
034 1 0437700812 LICK
034 1 0437790724 RESP_END
034 1 0436611944 REWARD_END
035 0 0446000236 STIM_START
035 0 0446085188 LICK
035 0 0446261280 LICK
035 0 0447060496 LICK
035 0 0447202860 LICK
035 0 0447870444 LICK
035 0 0448038016 LICK
035 0 0448211884 LICK
035 0 0449125556 STIM_END_RESP_START
035 0 0449323904 LICK
035 0 0449324396 TIMEOUT_START
035 0 0449458576 LICK
035 0 0449459060 TIMEOUT_START
035 0 0449811928 LICK
035 0 0449812412 TIMEOUT_START
035 0 0450018780 LICK
035 0 0450019264 TIMEOUT_START
035 0 0450271748 LICK
035 0 0450272236 TIMEOUT_START
035 0 0450325576 RESP_END
035 0 0457272736 TIMEOUT_END
036 1 0459436188 STIM_START
036 1 0459615032 LICK
036 1 0460125180 LICK
036 1 0460273904 LICK
036 1 0460995248 LICK
036 1 0461118612 LICK
036 1 0461280228 LICK
036 1 0461443652 LICK
036 1 0461598728 LICK
036 1 0461757112 LICK
036 1 0461892824 LICK
036 1 0462034220 LICK
036 1 0462198936 LICK
036 1 0462961576 STIM_END_RESP_START
036 1 0463100140 LICK
036 1 0463100628 REWARD_START
036 1 0463195484 LICK
036 1 0463480616 LICK
036 1 0463590752 LICK
036 1 0463726320 LICK
036 1 0463848224 LICK
036 1 0463983668 LICK
036 1 0464096720 LICK
036 1 0464161588 RESP_END
036 1 0463113652 REWARD_END
037 0 0471688020 STIM_START
037 0 0471869944 LICK
037 0 0472004284 LICK
037 0 0473129096 LICK
037 0 0473270704 LICK
037 0 0473442684 LICK
037 0 0473598552 LICK
037 0 0473792092 LICK
037 0 0473895168 LICK
037 0 0474033832 LICK
037 0 0474217072 LICK
037 0 0474374492 LICK
037 0 0474493488 LICK
037 0 0474622640 LICK
037 0 0474768316 LICK
037 0 0475713452 STIM_END_RESP_START
037 0 0476891192 LICK
037 0 0476891676 TIMEOUT_START
037 0 0476913488 RESP_END
037 0 0483892172 TIMEOUT_END
038 0 0486019128 STIM_START
038 0 0486209188 LICK
038 0 0486317568 LICK
038 0 0487143064 LICK
038 0 0487268044 LICK
038 0 0487456784 LICK
038 0 0488142240 LICK
038 0 0488316268 LICK
038 0 0488762184 LICK
038 0 0488934656 LICK
038 0 0489162988 LICK
038 0 0489386776 LICK
038 0 0489667492 LICK
038 0 0489837828 LICK
038 0 0489999620 LICK
038 0 0490044544 STIM_END_RESP_START
038 0 0490452088 LICK
038 0 0490452572 TIMEOUT_START
038 0 0490655112 LICK
038 0 0490655600 TIMEOUT_START
038 0 0490980064 LICK
038 0 0490980556 TIMEOUT_START
038 0 0491178892 LICK
038 0 0491179384 TIMEOUT_START
038 0 0491244588 RESP_END
038 0 0498179884 TIMEOUT_END
039 0 0500765344 STIM_START
039 0 0501613716 LICK
039 0 0501746612 LICK
039 0 0502332692 LICK
039 0 0502448704 LICK
039 0 0502578252 LICK
039 0 0502746496 LICK
039 0 0503359620 LICK
039 0 0503509508 LICK
039 0 0503827236 LICK
039 0 0503958408 LICK
039 0 0504187608 LICK
039 0 0504290704 STIM_END_RESP_START
039 0 0504368912 LICK
039 0 0504369404 TIMEOUT_START
039 0 0504574736 LICK
039 0 0504575228 TIMEOUT_START
039 0 0505490728 RESP_END
039 0 0511575728 TIMEOUT_END
040 1 0516421708 STIM_START
040 1 0516661360 LICK
040 1 0517517580 LICK
040 1 0517679116 LICK
040 1 0518998512 LICK
040 1 0519145268 LICK
040 1 0519351344 LICK
040 1 0519717824 LICK
040 1 0519835352 LICK
040 1 0520124756 LICK
040 1 0520275644 LICK
040 1 0520420228 LICK
040 1 0520447140 STIM_END_RESP_START
040 1 0520581704 LICK
040 1 0520582196 REWARD_START
040 1 0520730996 LICK
040 1 0520881172 LICK
040 1 0520989004 LICK
040 1 0521109644 LICK
040 1 0521233920 LICK
040 1 0521393924 LICK
040 1 0521507992 LICK
040 1 0521647152 RESP_END
040 1 0520595216 REWARD_END
041 0 0528019416 STIM_START
041 0 0528173652 LICK
041 0 0528338040 LICK
041 0 0529102784 LICK
041 0 0530642280 LICK
041 0 0530856932 LICK
041 0 0531551604 LICK
041 0 0531696196 LICK
041 0 0531834020 LICK
041 0 0531999844 LICK
041 0 0532044824 STIM_END_RESP_START
041 0 0532204404 LICK
041 0 0532204892 TIMEOUT_START
041 0 0533244844 RESP_END
041 0 0539205396 TIMEOUT_END
042 0 0542707588 STIM_START
042 0 0542966864 LICK
042 0 0543125000 LICK
042 0 0543918800 LICK
042 0 0544181536 LICK
042 0 0544365868 LICK
042 0 0545582768 LICK
042 0 0545832932 STIM_END_RESP_START
042 0 0546453664 LICK
042 0 0546454148 TIMEOUT_START
042 0 0546684576 LICK
042 0 0546685068 TIMEOUT_START
042 0 0546941168 LICK
042 0 0546941652 TIMEOUT_START
042 0 0547032944 RESP_END
042 0 0553942156 TIMEOUT_END
043 0 0556719612 STIM_START
043 0 0557173012 LICK
043 0 0557853940 LICK
043 0 0559267300 LICK
043 0 0560745024 STIM_END_RESP_START
043 0 0561945064 RESP_END
044 1 0563993684 STIM_START
044 1 0564759560 LICK
044 1 0564921248 LICK
044 1 0565799292 LICK
044 1 0565948736 LICK
044 1 0567285028 LICK
044 1 0567438788 LICK
044 1 0567562424 LICK
044 1 0567733128 LICK
044 1 0567933640 LICK
044 1 0568019092 STIM_END_RESP_START
044 1 0568044992 LICK
044 1 0568045476 REWARD_START
044 1 0568183556 LICK
044 1 0568352832 LICK
044 1 0568420172 LICK
044 1 0568529836 LICK
044 1 0568645672 LICK
044 1 0568769876 LICK
044 1 0568912780 LICK
044 1 0569067656 LICK
044 1 0569207764 LICK
044 1 0569219124 RESP_END
044 1 0568058500 REWARD_END
045 1 0574869268 STIM_START
045 1 0575015492 LICK
045 1 0575162852 LICK
045 1 0575942460 LICK
045 1 0576088664 LICK
045 1 0576343248 LICK
045 1 0576523588 LICK
045 1 0576799484 LICK
045 1 0577297328 LICK
045 1 0577444916 LICK
045 1 0577898252 LICK
045 1 0578060604 LICK
045 1 0578144632 STIM_END_RESP_START
045 1 0578232628 LICK
045 1 0578233116 REWARD_START
045 1 0579344648 RESP_END
045 1 0578246140 REWARD_END
046 0 0581435308 STIM_START
046 0 0581579408 LICK
046 0 0581735484 LICK
046 0 0581934104 LICK
046 0 0582061712 LICK
046 0 0582193868 LICK
046 0 0582342608 LICK
046 0 0582473480 LICK
046 0 0582620292 LICK
046 0 0582762244 LICK
046 0 0582914760 LICK
046 0 0583059120 LICK
046 0 0583195128 LICK
046 0 0583337600 LICK
046 0 0583498936 LICK
046 0 0583705016 LICK
046 0 0583847828 LICK
046 0 0584015156 LICK
046 0 0584160600 LICK
046 0 0584322932 LICK
046 0 0584512984 LICK
046 0 0584633936 LICK
046 0 0584886448 LICK
046 0 0585018196 LICK
046 0 0585168084 LICK
046 0 0585460720 STIM_END_RESP_START
046 0 0586660760 RESP_END
047 1 0589876540 STIM_START
047 1 0590134428 LICK
047 1 0591409704 LICK
047 1 0591583848 LICK
047 1 0591953360 LICK
047 1 0592110184 LICK
047 1 0593401892 STIM_END_RESP_START
047 1 0594601928 RESP_END
048 1 0596543548 STIM_START
048 1 0597664524 LICK
048 1 0597829460 LICK
048 1 0597993656 LICK
048 1 0598200584 LICK
048 1 0598719168 LICK
048 1 0598858216 LICK
048 1 0599051548 LICK
048 1 0599207700 LICK
048 1 0599368352 LICK
048 1 0599536308 LICK
048 1 0599668864 STIM_END_RESP_START
048 1 0600868904 RESP_END
049 1 0602728412 STIM_START
049 1 0604232676 LICK
049 1 0604371192 LICK
049 1 0605492140 LICK
049 1 0605675456 LICK
049 1 0606231064 LICK
049 1 0606253796 STIM_END_RESP_START
049 1 0606382008 LICK
049 1 0606382500 REWARD_START
049 1 0606542988 LICK
049 1 0606710492 LICK
049 1 0606798688 LICK
049 1 0606937344 LICK
049 1 0607035344 LICK
049 1 0607158088 LICK
049 1 0607289064 LICK
049 1 0607419228 LICK
049 1 0607453840 RESP_END
049 1 0606395524 REWARD_END
050 0 0612749932 STIM_START
050 0 0612883648 LICK
050 0 0613034164 LICK
050 0 0613238620 LICK
050 0 0613410072 LICK
050 0 0613557364 LICK
050 0 0613720196 LICK
050 0 0613959120 LICK
050 0 0614397968 LICK
050 0 0614662552 LICK
050 0 0614847052 LICK
050 0 0615101228 LICK
050 0 0616775348 STIM_END_RESP_START
050 0 0617751596 LICK
050 0 0617752080 TIMEOUT_START
050 0 0617894244 LICK
050 0 0617894732 TIMEOUT_START
050 0 0617975392 RESP_END
050 0 0624895244 TIMEOUT_END
051 0 0626702996 STIM_START
051 0 0626992640 LICK
051 0 0628849140 LICK
051 0 0628991688 LICK
051 0 0629325280 LICK
051 0 0629533432 LICK
051 0 0629629448 LICK
051 0 0629820720 LICK
051 0 0629828308 STIM_END_RESP_START
051 0 0631028324 RESP_END
052 0 0633171988 STIM_START
052 0 0633373184 LICK
052 0 0633546360 LICK
052 0 0634505224 LICK
052 0 0635507488 LICK
052 0 0635607996 LICK
052 0 0635897364 LICK
052 0 0636111528 LICK
052 0 0636247320 STIM_END_RESP_START
052 0 0636284900 LICK
052 0 0636285392 TIMEOUT_START
052 0 0636433172 LICK
052 0 0636433664 TIMEOUT_START
052 0 0637447356 RESP_END
052 0 0643434168 TIMEOUT_END
053 1 0645602864 STIM_START
053 1 0646956864 LICK
053 1 0647101448 LICK
053 1 0647295980 LICK
053 1 0647526356 LICK
053 1 0647690824 LICK
053 1 0647879288 LICK
053 1 0648038764 LICK
053 1 0648464432 LICK
053 1 0648585520 LICK
053 1 0648678200 STIM_END_RESP_START
053 1 0648822284 LICK
053 1 0648822768 REWARD_START
053 1 0649543940 LICK
053 1 0649696300 LICK
053 1 0649811520 LICK
053 1 0649878240 RESP_END
053 1 0648835792 REWARD_END
054 0 0658136764 STIM_START
054 0 0658368764 LICK
054 0 0658491448 LICK
054 0 0659276592 LICK
054 0 0659545360 LICK
054 0 0659742480 LICK
054 0 0660595576 LICK
054 0 0660814932 LICK
054 0 0660971252 LICK
054 0 0661129692 LICK
054 0 0661317628 LICK
054 0 0661412116 STIM_END_RESP_START
054 0 0662612152 RESP_END
055 0 0664469592 STIM_START
055 0 0664643716 LICK
055 0 0664761028 LICK
055 0 0665561732 LICK
055 0 0665692252 LICK
055 0 0666134144 LICK
055 0 0666259200 LICK
055 0 0666457516 LICK
055 0 0667342560 LICK
055 0 0667461856 LICK
055 0 0667544896 STIM_END_RESP_START
055 0 0667640980 LICK
055 0 0667641468 TIMEOUT_START
055 0 0668744936 RESP_END
055 0 0674641980 TIMEOUT_END
056 1 0676657364 STIM_START
056 1 0676812780 LICK
056 1 0677030260 LICK
056 1 0677913640 LICK
056 1 0678116976 LICK
056 1 0678635104 LICK
056 1 0678769512 LICK
056 1 0679449896 LICK
056 1 0679625416 LICK
056 1 0679732696 STIM_END_RESP_START
056 1 0679835948 LICK
056 1 0679836436 REWARD_START
056 1 0680059416 LICK
056 1 0680253396 LICK
056 1 0680423720 LICK
056 1 0680533552 LICK
056 1 0680671276 LICK
056 1 0680771536 LICK
056 1 0680925688 LICK
056 1 0680932716 RESP_END
056 1 0679849460 REWARD_END
057 1 0686449824 STIM_START
057 1 0686596864 LICK
057 1 0686724468 LICK
057 1 0686970540 LICK
057 1 0687147580 LICK
057 1 0687356492 LICK
057 1 0687564188 LICK
057 1 0687667320 LICK
057 1 0687807272 LICK
057 1 0687959076 LICK
057 1 0688197592 LICK
057 1 0688576104 LICK
057 1 0688743164 LICK
057 1 0688962324 LICK
057 1 0689131876 LICK
057 1 0689296096 LICK
057 1 0689486912 LICK
057 1 0689648668 LICK
057 1 0689803140 LICK
057 1 0690475220 STIM_END_RESP_START
057 1 0691675260 RESP_END
058 0 0693554872 STIM_START
058 0 0693716812 LICK
058 0 0693835884 LICK
058 0 0694761700 LICK
058 0 0694990272 LICK
058 0 0695172724 LICK
058 0 0695354964 LICK
058 0 0696122412 LICK
058 0 0696260776 LICK
058 0 0696472744 LICK
058 0 0696630200 STIM_END_RESP_START
058 0 0696685760 LICK
058 0 0696686244 TIMEOUT_START
058 0 0696835656 LICK
058 0 0696836144 TIMEOUT_START
058 0 0696989180 LICK
058 0 0696989664 TIMEOUT_START
058 0 0697159952 LICK
058 0 0697160436 TIMEOUT_START
058 0 0697351700 LICK
058 0 0697352184 TIMEOUT_START
058 0 0697830244 RESP_END
058 0 0704352688 TIMEOUT_END
059 1 0706357832 STIM_START
059 1 0706562024 LICK
059 1 0706736700 LICK
059 1 0707488668 LICK
059 1 0707611780 LICK
059 1 0707805056 LICK
059 1 0707994940 LICK
059 1 0708137556 LICK
059 1 0708287032 LICK
059 1 0708497868 LICK
059 1 0708639620 LICK
059 1 0708787368 LICK
059 1 0708923176 LICK
059 1 0709076088 LICK
059 1 0709280828 LICK
059 1 0709433168 STIM_END_RESP_START
059 1 0709471344 LICK
059 1 0709471828 REWARD_START
059 1 0709586568 LICK
059 1 0709729988 LICK
059 1 0709836600 LICK
059 1 0709952428 LICK
059 1 0710064660 LICK
059 1 0710188968 LICK
059 1 0710318532 LICK
059 1 0710441668 LICK
059 1 0710576564 LICK
059 1 0710633192 RESP_END
059 1 0709484852 REWARD_END
060 0 0718471576 STIM_START
060 0 0718616148 LICK
060 0 0718749536 LICK
060 0 0719477720 LICK
060 0 0719631148 LICK
060 0 0719816640 LICK
060 0 0719981256 LICK
060 0 0720154256 LICK
060 0 0720322676 LICK
060 0 0720497332 LICK
060 0 0721070960 LICK
060 0 0721184472 LICK
060 0 0721369084 LICK
060 0 0721996928 STIM_END_RESP_START
060 0 0722682588 LICK
060 0 0722683080 TIMEOUT_START
060 0 0722801792 LICK
060 0 0722802276 TIMEOUT_START
060 0 0723002244 LICK
060 0 0723002732 TIMEOUT_START
060 0 0723196960 RESP_END
060 0 0730003240 TIMEOUT_END
061 0 0732224572 STIM_START
061 0 0732536684 LICK
061 0 0732805204 LICK
061 0 0733405472 LICK
061 0 0733557124 LICK
061 0 0734302552 LICK
061 0 0734457392 LICK
061 0 0734655572 LICK
061 0 0735127596 LICK
061 0 0735274468 LICK
061 0 0735435192 LICK
061 0 0736249968 STIM_END_RESP_START
061 0 0736985744 LICK
061 0 0736986232 TIMEOUT_START
061 0 0737100876 LICK
061 0 0737101360 TIMEOUT_START
061 0 0737450016 RESP_END
061 0 0744101876 TIMEOUT_END
062 0 0745911608 STIM_START
062 0 0746167636 LICK
062 0 0746328640 LICK
062 0 0746932756 LICK
062 0 0747072032 LICK
062 0 0747208700 LICK
062 0 0747378528 LICK
062 0 0747513772 LICK
062 0 0747669392 LICK
062 0 0747993416 LICK
062 0 0748140788 LICK
062 0 0748339348 LICK
062 0 0748570896 LICK
062 0 0748671448 LICK
062 0 0748841656 LICK
062 0 0749436996 STIM_END_RESP_START
062 0 0749879424 LICK
062 0 0749879908 TIMEOUT_START
062 0 0749993120 LICK
062 0 0749993604 TIMEOUT_START
062 0 0750637044 RESP_END
062 0 0756994120 TIMEOUT_END
063 1 0760286724 STIM_START
063 1 0760455492 LICK
063 1 0760691468 LICK
063 1 0761164172 LICK
063 1 0761351988 LICK
063 1 0761574236 LICK
063 1 0761736512 LICK
063 1 0761903664 LICK
063 1 0762085672 LICK
063 1 0762233012 LICK
063 1 0762393104 LICK
063 1 0762971240 LICK
063 1 0763109436 LICK
063 1 0763480420 LICK
063 1 0763619592 LICK
063 1 0763742312 LICK
063 1 0763812100 STIM_END_RESP_START
063 1 0763888300 LICK
063 1 0763888792 REWARD_START
063 1 0764044244 LICK
063 1 0764165180 LICK
063 1 0764265300 LICK
063 1 0764382184 LICK
063 1 0764494124 LICK
063 1 0764601180 LICK
063 1 0764723744 LICK
063 1 0764852208 LICK
063 1 0764969764 LICK
063 1 0765012144 RESP_END
063 1 0763901812 REWARD_END
064 1 0771293372 STIM_START
064 1 0771419588 LICK
064 1 0771543908 LICK
064 1 0772264196 LICK
064 1 0772428080 LICK
064 1 0772748148 LICK
064 1 0772930856 LICK
064 1 0773132508 LICK
064 1 0773299584 LICK
064 1 0773451084 LICK
064 1 0773611048 LICK
064 1 0774418716 STIM_END_RESP_START
064 1 0774681792 LICK
064 1 0774682280 REWARD_START
064 1 0774818108 LICK
064 1 0774985152 LICK
064 1 0775105072 LICK
064 1 0775246632 LICK
064 1 0775401396 LICK
064 1 0775537024 LICK
064 1 0775618740 RESP_END
064 1 0774695300 REWARD_END
065 1 0779104552 STIM_START
065 1 0779231652 LICK
065 1 0779365208 LICK
065 1 0780219412 LICK
065 1 0780350064 LICK
065 1 0780636432 LICK
065 1 0780793316 LICK
065 1 0780959164 LICK
065 1 0781177584 LICK
065 1 0781375372 LICK
065 1 0781945456 LICK
065 1 0782025492 LICK
065 1 0782084156 LICK
065 1 0782257016 LICK
065 1 0782379900 STIM_END_RESP_START
065 1 0782490056 LICK
065 1 0782490544 REWARD_START
065 1 0783579916 RESP_END
065 1 0782503568 REWARD_END
066 0 0792977548 STIM_START
066 0 0793167580 LICK
066 0 0794063456 LICK
066 0 0794222588 LICK
066 0 0795372928 LICK
066 0 0795503052 LICK
066 0 0795643272 LICK
066 0 0796252872 STIM_END_RESP_START
066 0 0797452916 RESP_END
067 1 0799352484 STIM_START
067 1 0799578388 LICK
067 1 0799720444 LICK
067 1 0800338412 LICK
067 1 0800427136 LICK
067 1 0800696024 LICK
067 1 0800865104 LICK
067 1 0801558540 LICK
067 1 0801706668 LICK
067 1 0801926240 LICK
067 1 0802094092 LICK
067 1 0802253416 LICK
067 1 0802430208 LICK
067 1 0802477816 STIM_END_RESP_START
067 1 0803677856 RESP_END
068 0 0805627440 STIM_START
068 0 0805858576 LICK
068 0 0806045508 LICK
068 0 0806505928 LICK
068 0 0806633560 LICK
068 0 0806861032 LICK
068 0 0807025060 LICK
068 0 0807224776 LICK
068 0 0807646116 LICK
068 0 0807775744 LICK
068 0 0807997732 LICK
068 0 0808617292 LICK
068 0 0808785420 LICK
068 0 0808902780 STIM_END_RESP_START
068 0 0809120416 LICK
068 0 0809120904 TIMEOUT_START
068 0 0809287572 LICK
068 0 0809288064 TIMEOUT_START
068 0 0809462468 LICK
068 0 0809462960 TIMEOUT_START
068 0 0810102796 RESP_END
068 0 0816463472 TIMEOUT_END
069 0 0820586672 STIM_START
069 0 0820811748 LICK
069 0 0820955104 LICK
069 0 0821568804 LICK
069 0 0821719900 LICK
069 0 0822256148 LICK
069 0 0822381700 LICK
069 0 0822627592 LICK
069 0 0822764140 LICK
069 0 0822942596 LICK
069 0 0823113108 LICK
069 0 0823374160 LICK
069 0 0823552648 LICK
069 0 0823661992 STIM_END_RESP_START
069 0 0823696808 LICK
069 0 0823697292 TIMEOUT_START
069 0 0823899508 LICK
069 0 0823899992 TIMEOUT_START
069 0 0824384444 LICK
069 0 0824384936 TIMEOUT_START
069 0 0824539304 LICK
069 0 0824539788 TIMEOUT_START
069 0 0824691340 LICK
069 0 0824691828 TIMEOUT_START
069 0 0824862024 RESP_END
069 0 0831692328 TIMEOUT_END
070 1 0833617564 STIM_START
070 1 0833922008 LICK
070 1 0834052088 LICK
070 1 0834224880 LICK
070 1 0834351732 LICK
070 1 0834668832 LICK
070 1 0834820404 LICK
070 1 0835020528 LICK
070 1 0835552352 LICK
070 1 0835712380 LICK
070 1 0836228052 LICK
070 1 0836392816 LICK
070 1 0836639256 LICK
070 1 0837282880 LICK
070 1 0837392604 LICK
070 1 0837642996 STIM_END_RESP_START
070 1 0838843036 RESP_END
071 1 0845231264 STIM_START
071 1 0845967256 LICK
071 1 0846119668 LICK
071 1 0846515076 LICK
071 1 0846726572 LICK
071 1 0847473460 LICK
071 1 0847626788 LICK
071 1 0847843696 LICK
071 1 0848506592 STIM_END_RESP_START
071 1 0848544720 LICK
071 1 0848545208 REWARD_START
071 1 0848693300 LICK
071 1 0848825664 LICK
071 1 0848942712 LICK
071 1 0849062620 LICK
071 1 0849188044 LICK
071 1 0849312236 LICK
071 1 0849440312 LICK
071 1 0849574516 LICK
071 1 0849706620 RESP_END
071 1 0848558216 REWARD_END
072 0 0856575004 STIM_START
072 0 0856575508 LICK
072 0 0856694372 LICK
072 0 0856964020 LICK
072 0 0857122864 LICK
072 0 0857870440 LICK
072 0 0858028320 LICK
072 0 0858241648 LICK
072 0 0858727060 LICK
072 0 0858856064 LICK
072 0 0860143596 LICK
072 0 0860288680 LICK
072 0 0860600420 STIM_END_RESP_START
072 0 0861800460 RESP_END
073 0 0863876028 STIM_START
073 0 0864872488 LICK
073 0 0865005388 LICK
073 0 0865342776 LICK
073 0 0866156968 LICK
073 0 0866421560 LICK
073 0 0866598184 LICK
073 0 0866797816 LICK
073 0 0866945964 LICK
073 0 0867119824 LICK
073 0 0867271512 LICK
073 0 0867435952 LICK
073 0 0867901456 STIM_END_RESP_START
073 0 0869101492 RESP_END
074 1 0870850156 STIM_START
074 1 0871066916 LICK
074 1 0871172628 LICK
074 1 0871981732 LICK
074 1 0872138064 LICK
074 1 0873401760 LICK
074 1 0873579060 LICK
074 1 0874375520 STIM_END_RESP_START
074 1 0874652660 LICK
074 1 0874653152 REWARD_START
074 1 0874907008 LICK
074 1 0875102248 LICK
074 1 0875203952 LICK
074 1 0875346512 LICK
074 1 0875477212 LICK
074 1 0875568496 LICK
074 1 0875575560 RESP_END
074 1 0874666176 REWARD_END
075 0 0881972752 STIM_START
075 0 0882191984 LICK
075 0 0882384188 LICK
075 0 0882834704 LICK
075 0 0882980720 LICK
075 0 0883209712 LICK
075 0 0883898632 LICK
075 0 0884073124 LICK
075 0 0884263988 LICK
075 0 0885026132 LICK
075 0 0885143708 LICK
075 0 0885471224 LICK
075 0 0885498120 STIM_END_RESP_START
075 0 0885622536 LICK
075 0 0885623028 TIMEOUT_START
075 0 0885811588 LICK
075 0 0885812072 TIMEOUT_START
075 0 0885991732 LICK
075 0 0885992216 TIMEOUT_START
075 0 0886698152 RESP_END
075 0 0892992732 TIMEOUT_END
076 0 0894971660 STIM_START
076 0 0895342708 LICK
076 0 0895483184 LICK
076 0 0896239292 LICK
076 0 0896380496 LICK
076 0 0896925952 LICK
076 0 0897743716 LICK
076 0 0897863884 LICK
076 0 0898091156 LICK
076 0 0898997060 STIM_END_RESP_START
076 0 0900197100 RESP_END
077 0 0902201748 STIM_START
077 0 0903673040 LICK
077 0 0903877644 LICK
077 0 0904074144 LICK
077 0 0904310960 LICK
077 0 0904538732 LICK
077 0 0904695956 LICK
077 0 0904848020 LICK
077 0 0905727096 STIM_END_RESP_START
077 0 0906927136 RESP_END
078 1 0908893776 STIM_START
078 1 0910846604 LICK
078 1 0910972644 LICK
078 1 0911768356 LICK
078 1 0911925792 LICK
078 1 0912419140 STIM_END_RESP_START
078 1 0913619180 RESP_END
079 1 0915807724 STIM_START
079 1 0916816208 LICK
079 1 0916952540 LICK
079 1 0917149776 LICK
079 1 0917297516 LICK
079 1 0918332880 LICK
079 1 0918553592 LICK
079 1 0919266320 LICK
079 1 0919675764 LICK
079 1 0919833164 STIM_END_RESP_START
079 1 0919833660 LICK
079 1 0919834144 REWARD_START
079 1 0919974772 LICK
079 1 0920133052 LICK
079 1 0920260540 LICK
079 1 0920389096 LICK
079 1 0920510364 LICK
079 1 0920644180 LICK
079 1 0920761428 LICK
079 1 0920886952 LICK
079 1 0921033208 RESP_END
079 1 0919847176 REWARD_END
080 0 0925962268 STIM_START
080 0 0926726192 LICK
080 0 0926906672 LICK
080 0 0927379308 LICK
080 0 0927565484 LICK
080 0 0927718028 LICK
080 0 0927911504 LICK
080 0 0928040376 LICK
080 0 0928229772 LICK
080 0 0928398588 LICK
080 0 0928563652 LICK
080 0 0929037604 STIM_END_RESP_START
080 0 0930237644 RESP_END
081 0 0931956168 STIM_START
081 0 0933055816 LICK
081 0 0933246448 LICK
081 0 0934272452 LICK
081 0 0934426780 LICK
081 0 0935081512 STIM_END_RESP_START
081 0 0936281556 RESP_END
082 0 0938289172 STIM_START
082 0 0940651124 LICK
082 0 0940792096 LICK
082 0 0940922100 LICK
082 0 0941080640 LICK
082 0 0941237632 LICK
082 0 0941430180 LICK
082 0 0941546552 LICK
082 0 0941564516 STIM_END_RESP_START
082 0 0941707968 LICK
082 0 0941708460 TIMEOUT_START
082 0 0942764536 RESP_END
082 0 0948708960 TIMEOUT_END
083 1 0951021980 STIM_START
083 1 0952009140 LICK
083 1 0952188712 LICK
083 1 0952733052 LICK
083 1 0952893616 LICK
083 1 0953042428 LICK
083 1 0953221948 LICK
083 1 0953425608 LICK
083 1 0953583708 LICK
083 1 0953812484 LICK
083 1 0953959176 LICK
083 1 0954097288 STIM_END_RESP_START
083 1 0954162736 LICK
083 1 0954163232 REWARD_START
083 1 0954863112 LICK
083 1 0955000080 LICK
083 1 0955121636 LICK
083 1 0955245612 LICK
083 1 0955297332 RESP_END
083 1 0954176248 REWARD_END
084 1 0962477652 STIM_START
084 1 0963423744 LICK
084 1 0963638188 LICK
084 1 0964314060 LICK
084 1 0964450788 LICK
084 1 0964656324 LICK
084 1 0965552964 STIM_END_RESP_START
084 1 0965702304 LICK
084 1 0965702800 REWARD_START
084 1 0965795940 LICK
084 1 0965949216 LICK
084 1 0966050792 LICK
084 1 0966181100 LICK
084 1 0966304048 LICK
084 1 0966435100 LICK
084 1 0966560432 LICK
084 1 0966689864 LICK
084 1 0966752980 RESP_END
084 1 0965715816 REWARD_END
085 0 0971889024 STIM_START
085 0 0972069096 LICK
085 0 0972194660 LICK
085 0 0972958652 LICK
085 0 0973091684 LICK
085 0 0973290908 LICK
085 0 0974269280 LICK
085 0 0974402492 LICK
085 0 0974695932 LICK
085 0 0974877160 LICK
085 0 0974964344 STIM_END_RESP_START
085 0 0976164384 RESP_END
086 1 0978046012 STIM_START
086 1 0979037020 LICK
086 1 0979185744 LICK
086 1 0979568164 LICK
086 1 0979734052 LICK
086 1 0980816564 LICK
086 1 0980987960 LICK
086 1 0981121340 STIM_END_RESP_START
086 1 0982321380 RESP_END
087 1 0984456916 STIM_START
087 1 0986945500 LICK
087 1 0987074948 LICK
087 1 0987582248 STIM_END_RESP_START
087 1 0988084552 LICK
087 1 0988085036 REWARD_START
087 1 0988662628 LICK
087 1 0988782280 RESP_END
087 1 0988098060 REWARD_END
088 0 0993411216 STIM_START
088 0 0993433072 LICK
088 0 0993891580 LICK
088 0 0994064708 LICK
088 0 0994333492 LICK
088 0 0994492396 LICK
088 0 0994650376 LICK
088 0 0994801768 LICK
088 0 0995008812 LICK
088 0 0995736472 LICK
088 0 0995863776 LICK
088 0 0996072076 LICK
088 0 0996608832 LICK
088 0 0996711000 LICK
088 0 0996901176 LICK
088 0 0997039628 LICK
088 0 0997208656 LICK
088 0 0997436616 STIM_END_RESP_START
088 0 0998636656 RESP_END
089 1 1001800508 STIM_START
089 1 1003889264 LICK
089 1 1004078876 LICK
089 1 1004327832 LICK
089 1 1005445236 LICK
089 1 1005633868 LICK
089 1 1005825940 STIM_END_RESP_START
089 1 1007025960 RESP_END
090 0 1009173572 STIM_START
090 0 1010593804 LICK
090 0 1010748536 LICK
090 0 1011729556 LICK
090 0 1011875248 LICK
090 0 1012448908 STIM_END_RESP_START
090 0 1013648932 RESP_END
091 1 1015821544 STIM_START
091 1 1017371948 LICK
091 1 1017488764 LICK
091 1 1017664992 LICK
091 1 1018206324 LICK
091 1 1018350500 LICK
091 1 1018565384 LICK
091 1 1018709116 LICK
091 1 1018886152 LICK
091 1 1018896868 STIM_END_RESP_START
091 1 1019022060 LICK
091 1 1019022600 REWARD_START
091 1 1019213236 LICK
091 1 1019330500 LICK
091 1 1019439588 LICK
091 1 1019558324 LICK
091 1 1019722012 LICK
091 1 1019816176 LICK
091 1 1019934956 LICK
091 1 1020067968 LICK
091 1 1020096892 RESP_END
091 1 1019035680 REWARD_END
092 1 1025718028 STIM_START
092 1 1026915276 LICK
092 1 1027054720 LICK
092 1 1027300016 LICK
092 1 1027483952 LICK
092 1 1028254748 LICK
092 1 1028362736 LICK
092 1 1028549684 LICK
092 1 1028843356 STIM_END_RESP_START
092 1 1030043376 RESP_END
093 1 1031964920 STIM_START
093 1 1033296540 LICK
093 1 1033489240 LICK
093 1 1034194684 LICK
093 1 1034303288 LICK
093 1 1034467748 LICK
093 1 1035090244 STIM_END_RESP_START
093 1 1035269376 LICK
093 1 1035269908 REWARD_START
093 1 1035440620 LICK
093 1 1035532976 LICK
093 1 1035636460 LICK
093 1 1035782624 LICK
093 1 1035898064 LICK
093 1 1036020640 LICK
093 1 1036166976 LICK
093 1 1036290272 RESP_END
093 1 1035282984 REWARD_END
094 0 1039951080 STIM_START
094 0 1041221952 LICK
094 0 1041353600 LICK
094 0 1042859980 LICK
094 0 1043066012 LICK
094 0 1043076440 STIM_END_RESP_START
094 0 1043253996 LICK
094 0 1043254536 TIMEOUT_START
094 0 1043400116 LICK
094 0 1043400648 TIMEOUT_START
094 0 1043592096 LICK
094 0 1043592632 TIMEOUT_START
094 0 1044276476 RESP_END
094 0 1050593184 TIMEOUT_END
095 1 1057128644 STIM_START
095 1 1058425532 LICK
095 1 1058590620 LICK
095 1 1059313040 LICK
095 1 1059432084 LICK
095 1 1060203976 STIM_END_RESP_START
095 1 1060425136 LICK
095 1 1060425668 REWARD_START
095 1 1060534296 LICK
095 1 1060697624 LICK
095 1 1060792872 LICK
095 1 1060910792 LICK
095 1 1061029404 LICK
095 1 1061183340 LICK
095 1 1061293648 LICK
095 1 1061404028 RESP_END
095 1 1060438744 REWARD_END
096 1 1065026800 STIM_START
096 1 1065237056 LICK
096 1 1065368584 LICK
096 1 1065986916 LICK
096 1 1066131096 LICK
096 1 1066306984 LICK
096 1 1066461672 LICK
096 1 1066626792 LICK
096 1 1066775184 LICK
096 1 1066903984 LICK
096 1 1067050672 LICK
096 1 1067236700 LICK
096 1 1067660096 LICK
096 1 1067879944 LICK
096 1 1067979344 LICK
096 1 1068162100 LICK
096 1 1068373788 LICK
096 1 1068510792 LICK
096 1 1068552160 STIM_END_RESP_START
096 1 1068719736 LICK
096 1 1068720276 REWARD_START
096 1 1068870032 LICK
096 1 1069018156 LICK
096 1 1069134236 LICK
096 1 1069289828 LICK
096 1 1069415780 LICK
096 1 1069578692 LICK
096 1 1069746588 LICK
096 1 1069752176 RESP_END
096 1 1068733348 REWARD_END
097 0 1071755812 STIM_START
097 0 1074679200 LICK
097 0 1074804284 LICK
097 0 1075116352 LICK
097 0 1075280296 LICK
097 0 1075281172 STIM_END_RESP_START
097 0 1075434844 LICK
097 0 1075435372 TIMEOUT_START
097 0 1075604712 LICK
097 0 1075605240 TIMEOUT_START
097 0 1075762520 LICK
097 0 1075763052 TIMEOUT_START
097 0 1075887108 LICK
097 0 1075887640 TIMEOUT_START
097 0 1076022876 LICK
097 0 1076023412 TIMEOUT_START
097 0 1076169656 LICK
097 0 1076170192 TIMEOUT_START
097 0 1076329240 LICK
097 0 1076329776 TIMEOUT_START
097 0 1076466044 LICK
097 0 1076466572 TIMEOUT_START
097 0 1076481188 RESP_END
097 0 1083467128 TIMEOUT_END
098 0 1085600864 STIM_START
098 0 1088057228 LICK
098 0 1088211824 LICK
098 0 1088876196 STIM_END_RESP_START
098 0 1089360760 LICK
098 0 1089361296 TIMEOUT_START
098 0 1089499408 LICK
098 0 1089499940 TIMEOUT_START
098 0 1090076228 RESP_END
098 0 1096500504 TIMEOUT_END
099 1 1098499796 STIM_START
099 1 1102525220 STIM_END_RESP_START
099 1 1102976032 LICK
099 1 1102976560 REWARD_START
099 1 1103092376 LICK
099 1 1103215444 LICK
099 1 1103323160 LICK
099 1 1103442004 LICK
099 1 1103572140 LICK
099 1 1103725252 RESP_END
099 1 1102989636 REWARD_END
100 1 1109665416 STIM_START
100 1 1110437864 LICK
100 1 1110570484 LICK
100 1 1110794748 LICK
100 1 1110944852 LICK
100 1 1111052248 LICK
100 1 1111212960 LICK
100 1 1111334048 LICK
100 1 1111448708 LICK
100 1 1111607160 LICK
100 1 1111946008 LICK
100 1 1112072564 LICK
100 1 1112226644 LICK
100 1 1112411756 LICK
100 1 1113190800 STIM_END_RESP_START
100 1 1113353756 LICK
100 1 1113354296 REWARD_START
100 1 1113470304 LICK
100 1 1113619344 LICK
100 1 1113775004 LICK
100 1 1113923884 LICK
100 1 1114087440 LICK
100 1 1114240712 LICK
100 1 1114390820 RESP_END
100 1 1113367368 REWARD_END
101 1 1121887212 STIM_START
101 1 1122624280 LICK
101 1 1122778508 LICK
101 1 1123830392 LICK
101 1 1123968376 LICK
101 1 1125162572 STIM_END_RESP_START
101 1 1126362592 RESP_END
102 0 1128289212 STIM_START
102 0 1131157220 LICK
102 0 1131285620 LICK
102 0 1131364536 STIM_END_RESP_START
102 0 1131471144 LICK
102 0 1131471676 TIMEOUT_START
102 0 1131638804 LICK
102 0 1131639336 TIMEOUT_START
102 0 1131737664 LICK
102 0 1131738204 TIMEOUT_START
102 0 1131917256 LICK
102 0 1131917796 TIMEOUT_START
102 0 1132057852 LICK
102 0 1132058384 TIMEOUT_START
102 0 1132242224 LICK
102 0 1132242756 TIMEOUT_START
102 0 1132369972 LICK
102 0 1132370504 TIMEOUT_START
102 0 1132564552 RESP_END
102 0 1139371072 TIMEOUT_END
103 0 1141599184 STIM_START
103 0 1144201684 LICK
103 0 1144308752 LICK
103 0 1144465252 LICK
103 0 1144628088 LICK
103 0 1144781884 LICK
103 0 1144924088 LICK
103 0 1145108060 LICK
103 0 1145279512 LICK
103 0 1145416400 LICK
103 0 1145597352 LICK
103 0 1145624592 STIM_END_RESP_START
103 0 1145788156 LICK
103 0 1145788696 TIMEOUT_START
103 0 1145903852 LICK
103 0 1145904392 TIMEOUT_START
103 0 1146066024 LICK
103 0 1146066556 TIMEOUT_START
103 0 1146271812 LICK
103 0 1146272348 TIMEOUT_START
103 0 1146824612 RESP_END
103 0 1153272912 TIMEOUT_END
104 0 1155376264 STIM_START
104 0 1158236752 LICK
104 0 1158336320 LICK
104 0 1158486304 LICK
104 0 1158501580 STIM_END_RESP_START
104 0 1158646572 LICK
104 0 1158647108 TIMEOUT_START
104 0 1158785628 LICK
104 0 1158786164 TIMEOUT_START
104 0 1158921760 LICK
104 0 1158922300 TIMEOUT_START
104 0 1159062324 LICK
104 0 1159062860 TIMEOUT_START
104 0 1159260376 LICK
104 0 1159260908 TIMEOUT_START
104 0 1159412136 LICK
104 0 1159412668 TIMEOUT_START
104 0 1159583860 LICK
104 0 1159584392 TIMEOUT_START
104 0 1159701608 RESP_END
104 0 1166584948 TIMEOUT_END
105 1 1168454156 STIM_START
105 1 1169518632 LICK
105 1 1169651316 LICK
105 1 1169837572 LICK
105 1 1169952252 LICK
105 1 1170116936 LICK
105 1 1170283324 LICK
105 1 1170440912 LICK
105 1 1170585644 LICK
105 1 1170753636 LICK
105 1 1171350756 LICK
105 1 1171508956 LICK
105 1 1171579472 STIM_END_RESP_START
105 1 1171635112 LICK
105 1 1171635652 REWARD_START
105 1 1171833700 LICK
105 1 1171971004 LICK
105 1 1172091836 LICK
105 1 1172215048 LICK
105 1 1172378028 LICK
105 1 1172483784 LICK
105 1 1172638256 LICK
105 1 1172754940 LICK
105 1 1172779500 RESP_END
105 1 1171648712 REWARD_END
106 1 1181010004 STIM_START
106 1 1181907152 LICK
106 1 1182043820 LICK
106 1 1182954696 LICK
106 1 1183125284 LICK
106 1 1183298912 LICK
106 1 1184285332 STIM_END_RESP_START
106 1 1185485352 RESP_END
107 0 1187565960 STIM_START
107 0 1187769572 LICK
107 0 1190571784 LICK
107 0 1190728972 LICK
107 0 1190874084 LICK
107 0 1191591388 STIM_END_RESP_START
107 0 1192791408 RESP_END
108 0 1194667992 STIM_START
108 0 1194840740 LICK
108 0 1194995564 LICK
108 0 1196021944 LICK
108 0 1196150428 LICK
108 0 1196302128 LICK
108 0 1196453624 LICK
108 0 1196609096 LICK
108 0 1196747592 LICK
108 0 1196905216 LICK
108 0 1197113872 LICK
108 0 1197280452 LICK
108 0 1197486100 LICK
108 0 1197705048 LICK
108 0 1197987120 LICK
108 0 1198171680 LICK
108 0 1198357836 LICK
108 0 1198693424 STIM_END_RESP_START
108 0 1199233180 LICK
108 0 1199233712 TIMEOUT_START
108 0 1199399416 LICK
108 0 1199399952 TIMEOUT_START
108 0 1199893460 RESP_END
108 0 1206400504 TIMEOUT_END
109 0 1208474020 STIM_START
109 0 1208819168 LICK
109 0 1208952044 LICK
109 0 1209979476 LICK
109 0 1210566192 LICK
109 0 1210726148 LICK
109 0 1210931804 LICK
109 0 1211110412 LICK
109 0 1211257148 LICK
109 0 1211448152 LICK
109 0 1211599352 STIM_END_RESP_START
109 0 1212799372 RESP_END
110 1 1216281272 STIM_START
110 1 1218756016 LICK
110 1 1218889392 LICK
110 1 1219169072 LICK
110 1 1219374860 LICK
110 1 1219406600 STIM_END_RESP_START
110 1 1219501488 LICK
110 1 1219502020 REWARD_START
110 1 1219691492 LICK
110 1 1219797856 LICK
110 1 1219938036 LICK
110 1 1220067764 LICK
110 1 1220184616 LICK
110 1 1220321560 LICK
110 1 1220426740 LICK
110 1 1220592836 LICK
110 1 1220606648 RESP_END
110 1 1219515100 REWARD_END
111 1 1229851216 STIM_START
111 1 1231705636 LICK
111 1 1231922680 LICK
111 1 1232097072 LICK
111 1 1232254312 LICK
111 1 1232532544 LICK
111 1 1232926548 STIM_END_RESP_START
111 1 1232974096 LICK
111 1 1232974628 REWARD_START
111 1 1233084776 LICK
111 1 1233272532 LICK
111 1 1233382940 LICK
111 1 1233522432 LICK
111 1 1233641684 LICK
111 1 1233784120 LICK
111 1 1233932964 LICK
111 1 1234076748 LICK
111 1 1234126564 RESP_END
111 1 1232987704 REWARD_END
112 1 1240460752 STIM_START
112 1 1241939984 LICK
112 1 1242088188 LICK
112 1 1242226292 LICK
112 1 1243085420 LICK
112 1 1243206048 LICK
112 1 1243395228 LICK
112 1 1243604888 LICK
112 1 1243736108 STIM_END_RESP_START
112 1 1243747964 LICK
112 1 1243748504 REWARD_START
112 1 1243891056 LICK
112 1 1244033676 LICK
112 1 1244160684 LICK
112 1 1244298464 LICK
112 1 1244447112 LICK
112 1 1244576848 LICK
112 1 1244716608 LICK
112 1 1244874848 LICK
112 1 1244936148 RESP_END
112 1 1243761576 REWARD_END
113 0 1248243928 STIM_START
113 0 1249723840 LICK
113 0 1249869260 LICK
113 0 1250067588 LICK
113 0 1250250704 LICK
113 0 1250407360 LICK
113 0 1250610444 LICK
113 0 1250748108 LICK
113 0 1250922360 LICK
113 0 1251094172 LICK
113 0 1251275516 LICK
113 0 1251369268 STIM_END_RESP_START
113 0 1251621652 LICK
113 0 1251622192 TIMEOUT_START
113 0 1251814088 LICK
113 0 1251814628 TIMEOUT_START
113 0 1251997764 LICK
113 0 1251998296 TIMEOUT_START
113 0 1252569296 RESP_END
113 0 1258998856 TIMEOUT_END
114 1 1260916780 STIM_START
114 1 1261621696 LICK
114 1 1262961524 LICK
114 1 1264192124 STIM_END_RESP_START
114 1 1264245336 LICK
114 1 1264245876 REWARD_START
114 1 1264367272 LICK
114 1 1264547320 LICK
114 1 1264652316 LICK
114 1 1264747196 LICK
114 1 1264894612 LICK
114 1 1265058824 LICK
114 1 1265204868 LICK
114 1 1265317924 LICK
114 1 1265392152 RESP_END
114 1 1264258948 REWARD_END
115 1 1269659116 STIM_START
115 1 1270730144 LICK
115 1 1270864872 LICK
115 1 1271526776 LICK
115 1 1271688312 LICK
115 1 1271821864 LICK
115 1 1271982992 LICK
115 1 1272130016 LICK
115 1 1272280928 LICK
115 1 1272432924 LICK
115 1 1272566900 LICK
115 1 1272710100 LICK
115 1 1272879772 LICK
115 1 1273058024 LICK
115 1 1273184476 STIM_END_RESP_START
115 1 1273274708 LICK
115 1 1273275244 REWARD_START
115 1 1274384512 RESP_END
115 1 1273288324 REWARD_END
116 1 1276169084 STIM_START
116 1 1277074980 LICK
116 1 1277206296 LICK
116 1 1277310144 LICK
116 1 1277432536 LICK
116 1 1277596024 LICK
116 1 1277697444 LICK
116 1 1277837712 LICK
116 1 1277970436 LICK
116 1 1278132972 LICK
116 1 1278272368 LICK
116 1 1278415972 LICK
116 1 1278565652 LICK
116 1 1278761992 LICK
116 1 1278902256 LICK
116 1 1279036400 LICK
116 1 1279203704 LICK
116 1 1279244392 STIM_END_RESP_START
116 1 1279753752 LICK
116 1 1279754296 REWARD_START
116 1 1279891256 LICK
116 1 1280041324 LICK
116 1 1280180844 LICK
116 1 1280322468 LICK
116 1 1280444436 RESP_END
116 1 1279767368 REWARD_END
117 0 1283325176 STIM_START
117 0 1286141656 LICK
117 0 1286307304 LICK
117 0 1286450512 STIM_END_RESP_START
117 0 1286519952 LICK
117 0 1286520484 TIMEOUT_START
117 0 1286692436 LICK
117 0 1286692976 TIMEOUT_START
117 0 1287333684 LICK
117 0 1287334220 TIMEOUT_START
117 0 1287529048 LICK
117 0 1287529584 TIMEOUT_START
117 0 1287650556 RESP_END
117 0 1294530144 TIMEOUT_END
118 1 1298150328 STIM_START
118 1 1299279700 LICK
118 1 1299431176 LICK
118 1 1300024204 LICK
118 1 1300176824 LICK
118 1 1301091048 LICK
118 1 1301217152 LICK
118 1 1301399276 LICK
118 1 1301675692 STIM_END_RESP_START
118 1 1302875708 RESP_END
119 1 1304643304 STIM_START
119 1 1305541748 LICK
119 1 1306505492 LICK
119 1 1306872596 LICK
119 1 1307042996 LICK
119 1 1307577732 LICK
119 1 1307733144 LICK
119 1 1308168680 STIM_END_RESP_START
119 1 1308871108 LICK
119 1 1308871644 REWARD_START
119 1 1309009640 LICK
119 1 1309189284 LICK
119 1 1309336096 LICK
119 1 1309368712 RESP_END
119 1 1308884724 REWARD_END
120 1 1315116844 STIM_START
120 1 1316366516 LICK
120 1 1316559200 LICK
120 1 1318392180 STIM_END_RESP_START
120 1 1318807796 LICK
120 1 1318808332 REWARD_START
120 1 1318991936 LICK
120 1 1319166932 LICK
120 1 1319305952 LICK
120 1 1319416884 LICK
120 1 1319565080 LICK
120 1 1319592208 RESP_END
120 1 1318821408 REWARD_END
121 0 1323400060 STIM_START
121 0 1324474984 LICK
121 0 1324617928 LICK
121 0 1324850852 LICK
121 0 1325027908 LICK
121 0 1325209372 LICK
121 0 1325279752 LICK
121 0 1325443952 LICK
121 0 1326430800 LICK
121 0 1326537952 LICK
121 0 1326675412 STIM_END_RESP_START
121 0 1326690376 LICK
121 0 1326690908 TIMEOUT_START
121 0 1327875424 RESP_END
121 0 1333691480 TIMEOUT_END
122 0 1335454840 STIM_START
122 0 1335972648 LICK
122 0 1336141088 LICK
122 0 1336822640 LICK
122 0 1336972836 LICK
122 0 1337142680 LICK
122 0 1337333292 LICK
122 0 1337491044 LICK
122 0 1337638904 LICK
122 0 1338176348 LICK
122 0 1338348720 LICK
122 0 1338530168 STIM_END_RESP_START
122 0 1338685264 LICK
122 0 1338685804 TIMEOUT_START
122 0 1338855332 LICK
122 0 1338855868 TIMEOUT_START
122 0 1339025352 LICK
122 0 1339025892 TIMEOUT_START
122 0 1339172400 LICK
122 0 1339172940 TIMEOUT_START
122 0 1339397552 LICK
122 0 1339398080 TIMEOUT_START
122 0 1339730200 RESP_END
122 0 1346398644 TIMEOUT_END
123 1 1357367032 STIM_START
123 1 1357607220 LICK
123 1 1357747640 LICK
123 1 1358593240 LICK
123 1 1358791996 LICK
123 1 1358991800 LICK
123 1 1359451048 LICK
123 1 1359617736 LICK
123 1 1360442336 STIM_END_RESP_START
123 1 1361642356 RESP_END
124 1 1365056140 STIM_START
124 1 1366091736 LICK
124 1 1366319140 LICK
124 1 1366575028 LICK
124 1 1366873048 LICK
124 1 1366917276 LICK
124 1 1367574380 LICK
124 1 1367782836 LICK
124 1 1367950400 LICK
124 1 1368438320 LICK
124 1 1368581488 STIM_END_RESP_START
124 1 1368692724 LICK
124 1 1368693264 REWARD_START
124 1 1369781520 RESP_END
124 1 1368706340 REWARD_END
125 1 1372359284 STIM_START
125 1 1373607612 LICK
125 1 1373741092 LICK
125 1 1373945640 LICK
125 1 1374157100 LICK
125 1 1374594148 LICK
125 1 1374749016 LICK
125 1 1374874924 LICK
125 1 1375056436 LICK
125 1 1375240972 LICK
125 1 1375414160 LICK
125 1 1375574024 LICK
125 1 1375634640 STIM_END_RESP_START
125 1 1375749092 LICK
125 1 1375749632 REWARD_START
125 1 1375864144 LICK
125 1 1376012572 LICK
125 1 1376134256 LICK
125 1 1376276644 LICK
125 1 1376422392 LICK
125 1 1376567880 LICK
125 1 1376708660 LICK
125 1 1376834652 RESP_END
125 1 1375762712 REWARD_END
126 0 1379146208 STIM_START
126 0 1380740992 LICK
126 0 1382271524 STIM_END_RESP_START
126 0 1383471544 RESP_END
127 0 1385225124 STIM_START
127 0 1385791512 LICK
127 0 1385956148 LICK
127 0 1388142608 LICK
127 0 1388300452 STIM_END_RESP_START
127 0 1388416096 LICK
127 0 1388416628 TIMEOUT_START
127 0 1388574724 LICK
127 0 1388575256 TIMEOUT_START
127 0 1389500480 RESP_END
127 0 1395575816 TIMEOUT_END
128 0 1397598984 STIM_START
128 0 1398029836 LICK
128 0 1398193196 LICK
128 0 1399154288 LICK
128 0 1399567796 LICK
128 0 1400174460 LICK
128 0 1400345736 LICK
128 0 1400522240 LICK
128 0 1400654904 LICK
128 0 1400800360 LICK
128 0 1400963296 LICK
128 0 1401095564 LICK
128 0 1401254548 LICK
128 0 1401370480 LICK
128 0 1401516436 LICK
128 0 1401624412 STIM_END_RESP_START
128 0 1401688056 LICK
128 0 1401688596 TIMEOUT_START
128 0 1401841108 LICK
128 0 1401841640 TIMEOUT_START
128 0 1402014908 LICK
128 0 1402015440 TIMEOUT_START
128 0 1402824440 RESP_END
128 0 1409016008 TIMEOUT_END
129 1 1410746916 STIM_START
129 1 1412426416 LICK
129 1 1412569360 LICK
129 1 1413405576 LICK
129 1 1413560920 LICK
129 1 1413726836 LICK
129 1 1413872232 STIM_END_RESP_START
129 1 1413917152 LICK
129 1 1413917684 REWARD_START
129 1 1414085108 LICK
129 1 1414219968 LICK
129 1 1414322888 LICK
129 1 1414446960 LICK
129 1 1414566764 LICK
129 1 1414695276 LICK
129 1 1414893872 LICK
129 1 1415072248 RESP_END
129 1 1413930764 REWARD_END
130 1 1417067876 STIM_START
130 1 1417256424 LICK
130 1 1417408420 LICK
130 1 1417619420 LICK
130 1 1417784712 LICK
130 1 1417942768 LICK
130 1 1418112604 LICK
130 1 1418315376 LICK
130 1 1420143180 STIM_END_RESP_START
130 1 1420300144 LICK
130 1 1420300684 REWARD_START
130 1 1420589192 LICK
130 1 1420765824 LICK
130 1 1420872368 LICK
130 1 1420993984 LICK
130 1 1421112252 LICK
130 1 1421231460 LICK
130 1 1421343196 RESP_END
130 1 1420313744 REWARD_END
131 0 1425344108 STIM_START
131 0 1428168684 LICK
131 0 1428324096 LICK
131 0 1428931536 LICK
131 0 1429088440 LICK
131 0 1429240712 LICK
131 0 1429369516 STIM_END_RESP_START
131 0 1429509096 LICK
131 0 1429509636 TIMEOUT_START
131 0 1429645300 LICK
131 0 1429645836 TIMEOUT_START
131 0 1429782792 LICK
131 0 1429783324 TIMEOUT_START
131 0 1429945592 LICK
131 0 1429946124 TIMEOUT_START
131 0 1430569544 RESP_END
131 0 1436946684 TIMEOUT_END
132 0 1438676084 STIM_START
132 0 1441635996 LICK
132 0 1441781044 LICK
132 0 1442124652 LICK
132 0 1442324488 LICK
132 0 1442481032 LICK
132 0 1442693324 LICK
132 0 1442701492 STIM_END_RESP_START
132 0 1442840460 LICK
132 0 1442840996 TIMEOUT_START
132 0 1442990932 LICK
132 0 1442991468 TIMEOUT_START
132 0 1443184352 LICK
132 0 1443184892 TIMEOUT_START
132 0 1443314220 LICK
132 0 1443314756 TIMEOUT_START
132 0 1443485064 LICK
132 0 1443485596 TIMEOUT_START
132 0 1443654352 LICK
132 0 1443654892 TIMEOUT_START
132 0 1443837924 LICK
132 0 1443838460 TIMEOUT_START
132 0 1443901532 RESP_END
132 0 1450839020 TIMEOUT_END
133 0 1453077216 STIM_START
133 0 1456148840 LICK
133 0 1456278904 LICK
133 0 1456553252 LICK
133 0 1456709052 LICK
133 0 1456856020 LICK
133 0 1457010960 LICK
133 0 1457102616 STIM_END_RESP_START
133 0 1457182472 LICK
133 0 1457183012 TIMEOUT_START
133 0 1458302660 RESP_END
133 0 1464183560 TIMEOUT_END
134 1 1466197116 STIM_START
134 1 1468591204 LICK
134 1 1468699860 LICK
134 1 1468953920 LICK
134 1 1469130236 LICK
134 1 1469278520 LICK
134 1 1469444504 LICK
134 1 1469894112 LICK
134 1 1470034316 LICK
134 1 1470222536 STIM_END_RESP_START
134 1 1470250272 LICK
134 1 1470250808 REWARD_START
134 1 1470397860 LICK
134 1 1470532584 LICK
134 1 1470630932 LICK
134 1 1470721524 LICK
134 1 1470880988 LICK
134 1 1470959140 LICK
134 1 1471120320 LICK
134 1 1471277292 LICK
134 1 1471352036 LICK
134 1 1471422552 RESP_END
134 1 1470263884 REWARD_END
135 1 1476249636 STIM_START
135 1 1478914320 LICK
135 1 1479075252 LICK
135 1 1479374948 STIM_END_RESP_START
135 1 1479654384 LICK
135 1 1479654928 REWARD_START
135 1 1479829192 LICK
135 1 1479997764 LICK
135 1 1480086244 LICK
135 1 1480222260 LICK
135 1 1480301724 LICK
135 1 1480452032 LICK
135 1 1480567844 LICK
135 1 1480575000 RESP_END
135 1 1479668004 REWARD_END
136 0 1486343132 STIM_START
136 0 1486541720 LICK
136 0 1486707248 LICK
136 0 1487487568 LICK
136 0 1487656388 LICK
136 0 1487863432 LICK
136 0 1488864804 LICK
136 0 1489024976 LICK
136 0 1489205848 LICK
136 0 1489367132 LICK
136 0 1489468448 STIM_END_RESP_START
136 0 1489611928 LICK
136 0 1489612464 TIMEOUT_START
136 0 1489780836 LICK
136 0 1489781368 TIMEOUT_START
136 0 1489949996 LICK
136 0 1489950528 TIMEOUT_START
136 0 1490668460 RESP_END
136 0 1496951092 TIMEOUT_END
137 1 1499065020 STIM_START
137 1 1499331588 LICK
137 1 1499513960 LICK
137 1 1502190328 STIM_END_RESP_START
137 1 1502330568 LICK
137 1 1502331108 REWARD_START
137 1 1502536344 LICK
137 1 1502728548 LICK
137 1 1502860636 LICK
137 1 1503007300 LICK
137 1 1503142148 LICK
137 1 1503231980 LICK
137 1 1503389832 LICK
137 1 1503390384 RESP_END
137 1 1502344180 REWARD_END
138 1 1510437624 STIM_START
138 1 1512469992 LICK
138 1 1512613992 LICK
138 1 1512786372 LICK
138 1 1512984104 LICK
138 1 1513166588 LICK
138 1 1513311456 LICK
138 1 1513491412 LICK
138 1 1513562972 STIM_END_RESP_START
138 1 1514135352 LICK
138 1 1514135896 REWARD_START
138 1 1514555896 LICK
138 1 1514672692 LICK
138 1 1514762996 RESP_END
138 1 1514148956 REWARD_END
139 1 1519443972 STIM_START
139 1 1519644064 LICK
139 1 1519773932 LICK
139 1 1520354960 LICK
139 1 1520502976 LICK
139 1 1520701740 LICK
139 1 1521443380 LICK
139 1 1521584628 LICK
139 1 1521890556 LICK
139 1 1522051460 LICK
139 1 1522214236 LICK
139 1 1522391536 LICK
139 1 1522519300 STIM_END_RESP_START
139 1 1522547152 LICK
139 1 1522547688 REWARD_START
139 1 1522863344 LICK
139 1 1523000744 LICK
139 1 1523114592 LICK
139 1 1523246372 LICK
139 1 1523378676 LICK
139 1 1523521148 LICK
139 1 1523629044 LICK
139 1 1523719340 RESP_END
139 1 1522560764 REWARD_END
140 0 1527844272 STIM_START
140 0 1529659960 LICK
140 0 1529879184 LICK
140 0 1530049092 LICK
140 0 1530206384 LICK
140 0 1530348364 LICK
140 0 1530520188 LICK
140 0 1530919596 STIM_END_RESP_START
140 0 1531156164 LICK
140 0 1531156704 TIMEOUT_START
140 0 1531306816 LICK
140 0 1531307356 TIMEOUT_START
140 0 1531489328 LICK
140 0 1531489860 TIMEOUT_START
140 0 1531655000 LICK
140 0 1531655536 TIMEOUT_START
140 0 1532119628 RESP_END
140 0 1538656096 TIMEOUT_END
141 1 1540671108 STIM_START
141 1 1542322124 LICK
141 1 1542484316 LICK
141 1 1543048700 LICK
141 1 1543318384 LICK
141 1 1543494780 LICK
141 1 1543631440 LICK
141 1 1543746432 STIM_END_RESP_START
141 1 1543783452 LICK
141 1 1543783984 REWARD_START
141 1 1543927512 LICK
141 1 1544072920 LICK
141 1 1544174896 LICK
141 1 1544286180 LICK
141 1 1544421200 LICK
141 1 1544549692 LICK
141 1 1544694460 LICK
141 1 1544811424 LICK
141 1 1544946476 RESP_END
141 1 1543797060 REWARD_END
142 0 1549543396 STIM_START
142 0 1549962312 LICK
142 0 1551239692 LICK
142 0 1551524808 LICK
142 0 1551703428 LICK
142 0 1551869388 LICK
142 0 1552085744 LICK
142 0 1552273892 LICK
142 0 1552414012 LICK
142 0 1552638588 LICK
142 0 1553068744 STIM_END_RESP_START
142 0 1554268764 RESP_END
143 0 1556168396 STIM_START
143 0 1556398216 LICK
143 0 1559111112 LICK
143 0 1559236256 LICK
143 0 1559999864 LICK
143 0 1560148612 LICK
143 0 1560193816 STIM_END_RESP_START
143 0 1560311588 LICK
143 0 1560312128 TIMEOUT_START
143 0 1560480040 LICK
143 0 1560480572 TIMEOUT_START
143 0 1560633384 LICK
143 0 1560633916 TIMEOUT_START
143 0 1560850012 LICK
143 0 1560850548 TIMEOUT_START
143 0 1561393856 RESP_END
143 0 1567851116 TIMEOUT_END
144 0 1570068456 STIM_START
144 0 1572460324 LICK
144 0 1572595020 LICK
144 0 1573593820 STIM_END_RESP_START
144 0 1574066320 LICK
144 0 1574066852 TIMEOUT_START
144 0 1574201696 LICK
144 0 1574202228 TIMEOUT_START
144 0 1574398152 LICK
144 0 1574398688 TIMEOUT_START
144 0 1574600456 LICK
144 0 1574600992 TIMEOUT_START
144 0 1574724700 LICK
144 0 1574725232 TIMEOUT_START
144 0 1574793840 RESP_END
144 0 1581725788 TIMEOUT_END
145 1 1583801464 STIM_START
145 1 1584147088 LICK
145 1 1584306876 LICK
145 1 1585218124 LICK
145 1 1585803548 LICK
145 1 1586465784 LICK
145 1 1587076784 STIM_END_RESP_START
145 1 1588276808 RESP_END
146 0 1590215420 STIM_START
146 0 1592144588 LICK
146 0 1592305588 LICK
146 0 1593290748 STIM_END_RESP_START
146 0 1593967096 LICK
146 0 1593967636 TIMEOUT_START
146 0 1594476908 LICK
146 0 1594477440 TIMEOUT_START
146 0 1594490792 RESP_END
146 0 1601478004 TIMEOUT_END
147 1 1603487368 STIM_START
147 1 1604531828 LICK
147 1 1604692988 LICK
147 1 1605083032 LICK
147 1 1605221860 LICK
147 1 1605557432 LICK
147 1 1605733320 LICK
147 1 1605857772 LICK
147 1 1606010440 LICK
147 1 1606226920 LICK
147 1 1606392972 LICK
147 1 1606535760 LICK
147 1 1606562700 STIM_END_RESP_START
147 1 1607090864 LICK
147 1 1607091400 REWARD_START
147 1 1607736940 LICK
147 1 1607762716 RESP_END
147 1 1607104472 REWARD_END
148 1 1611292556 STIM_START
148 1 1611535252 LICK
148 1 1611730308 LICK
148 1 1612355904 LICK
148 1 1612655984 LICK
148 1 1612827800 LICK
148 1 1612989416 LICK
148 1 1613215708 LICK
148 1 1613730228 LICK
148 1 1613867128 LICK
148 1 1614033240 LICK
148 1 1614205156 LICK
148 1 1614397716 LICK
148 1 1614567900 STIM_END_RESP_START
148 1 1615767920 RESP_END
149 1 1617933492 STIM_START
149 1 1618207384 LICK
149 1 1619673444 LICK
149 1 1619797716 LICK
149 1 1620342720 LICK
149 1 1620496364 LICK
149 1 1620697608 LICK
149 1 1620790744 LICK
149 1 1620957580 LICK
149 1 1621008796 STIM_END_RESP_START
149 1 1621111928 LICK
149 1 1621112464 REWARD_START
149 1 1621274676 LICK
149 1 1621345500 LICK
149 1 1621451396 LICK
149 1 1621557152 LICK
149 1 1621676976 LICK
149 1 1621799720 LICK
149 1 1621939756 LICK
149 1 1622068736 LICK
149 1 1622208836 RESP_END
149 1 1621125544 REWARD_END
150 0 1624145444 STIM_START
150 0 1624520952 LICK
150 0 1624715708 LICK
150 0 1625007960 LICK
150 0 1625196624 LICK
150 0 1625332592 LICK
150 0 1625524552 LICK
150 0 1626113892 LICK
150 0 1626254088 LICK
150 0 1626442392 LICK
150 0 1627015424 LICK
150 0 1627155036 LICK
150 0 1627344580 LICK
150 0 1627670792 STIM_END_RESP_START
150 0 1627757360 LICK
150 0 1627757896 TIMEOUT_START
150 0 1628192968 LICK
150 0 1628193500 TIMEOUT_START
150 0 1628387960 LICK
150 0 1628388500 TIMEOUT_START
150 0 1628870808 RESP_END
150 0 1635389052 TIMEOUT_END
151 0 1637325360 STIM_START
151 0 1639132412 LICK
151 0 1640403676 LICK
151 0 1640850716 STIM_END_RESP_START
151 0 1642050736 RESP_END
152 1 1643911372 STIM_START
152 1 1645208032 LICK
152 1 1646304048 LICK
152 1 1646431880 LICK
152 1 1647112668 LICK
152 1 1647334628 LICK
152 1 1647526900 LICK
152 1 1647838316 LICK
152 1 1647936784 STIM_END_RESP_START
152 1 1648032908 LICK
152 1 1648033436 REWARD_START
152 1 1648161544 LICK
152 1 1648301088 LICK
152 1 1648415144 LICK
152 1 1648549536 LICK
152 1 1648664408 LICK
152 1 1648799444 LICK
152 1 1648918408 LICK
152 1 1649044748 LICK
152 1 1649136824 RESP_END
152 1 1648046516 REWARD_END
153 1 1652887676 STIM_START
153 1 1654821384 LICK
153 1 1655287388 LICK
153 1 1655963020 STIM_END_RESP_START
153 1 1656095516 LICK
153 1 1656096056 REWARD_START
153 1 1657163060 RESP_END
153 1 1656109132 REWARD_END
154 1 1659242680 STIM_START
154 1 1661716332 LICK
154 1 1661842060 LICK
154 1 1661966192 LICK
154 1 1662072900 LICK
154 1 1662202096 LICK
154 1 1662318020 STIM_END_RESP_START
154 1 1662345348 LICK
154 1 1662345884 REWARD_START
154 1 1662500616 LICK
154 1 1662601028 LICK
154 1 1662706404 LICK
154 1 1662825100 LICK
154 1 1662937736 LICK
154 1 1663063648 LICK
154 1 1663184828 LICK
154 1 1663321820 LICK
154 1 1663444392 LICK
154 1 1663518044 RESP_END
154 1 1662358960 REWARD_END
155 0 1666187644 STIM_START
155 0 1667597832 LICK
155 0 1667797304 LICK
155 0 1668697968 LICK
155 0 1669031080 LICK
155 0 1669175808 LICK
155 0 1669385124 LICK
155 0 1669462988 STIM_END_RESP_START
155 0 1669589496 LICK
155 0 1669590036 TIMEOUT_START
155 0 1669761128 LICK
155 0 1669761656 TIMEOUT_START
155 0 1669914444 LICK
155 0 1669914980 TIMEOUT_START
155 0 1670053616 LICK
155 0 1670054156 TIMEOUT_START
155 0 1670203432 LICK
155 0 1670203964 TIMEOUT_START
155 0 1670347352 LICK
155 0 1670347892 TIMEOUT_START
155 0 1670548304 LICK
155 0 1670548844 TIMEOUT_START
155 0 1670663032 RESP_END
155 0 1677549408 TIMEOUT_END
156 0 1679653652 STIM_START
156 0 1681049384 LICK
156 0 1681685212 LICK
156 0 1681844192 LICK
156 0 1682007908 LICK
156 0 1682723292 LICK
156 0 1682728972 STIM_END_RESP_START
156 0 1682852668 LICK
156 0 1682853204 TIMEOUT_START
156 0 1683040896 LICK
156 0 1683041432 TIMEOUT_START
156 0 1683210596 LICK
156 0 1683211128 TIMEOUT_START
156 0 1683356256 LICK
156 0 1683356792 TIMEOUT_START
156 0 1683527080 LICK
156 0 1683527608 TIMEOUT_START
156 0 1683684356 LICK
156 0 1683684888 TIMEOUT_START
156 0 1683928992 RESP_END
156 0 1690685448 TIMEOUT_END
157 1 1692852556 STIM_START
157 1 1694227824 LICK
157 1 1694374632 LICK
157 1 1695977900 STIM_END_RESP_START
157 1 1697177920 RESP_END
158 0 1698955480 STIM_START
158 0 1700669012 LICK
158 0 1702054516 LICK
158 0 1702080808 STIM_END_RESP_START
158 0 1702182092 LICK
158 0 1702182624 TIMEOUT_START
158 0 1702345376 LICK
158 0 1702345912 TIMEOUT_START
158 0 1702500268 LICK
158 0 1702500804 TIMEOUT_START
158 0 1702655172 LICK
158 0 1702655704 TIMEOUT_START
158 0 1702805220 LICK
158 0 1702805756 TIMEOUT_START
158 0 1702978360 LICK
158 0 1702978900 TIMEOUT_START
158 0 1703280828 RESP_END
158 0 1709979452 TIMEOUT_END
159 0 1711721380 STIM_START
159 0 1713627276 LICK
159 0 1713795144 LICK
159 0 1714343312 LICK
159 0 1714514128 LICK
159 0 1714665284 LICK
159 0 1714887828 LICK
159 0 1714983384 LICK
159 0 1715155296 LICK
159 0 1715246744 STIM_END_RESP_START
159 0 1715276516 LICK
159 0 1715277056 TIMEOUT_START
159 0 1715427776 LICK
159 0 1715428304 TIMEOUT_START
159 0 1715588264 LICK
159 0 1715588796 TIMEOUT_START
159 0 1715732360 LICK
159 0 1715732896 TIMEOUT_START
159 0 1715876604 LICK
159 0 1715877140 TIMEOUT_START
159 0 1716044904 LICK
159 0 1716045436 TIMEOUT_START
159 0 1716192324 LICK
159 0 1716192856 TIMEOUT_START
159 0 1716355280 LICK
159 0 1716355812 TIMEOUT_START
159 0 1716446768 RESP_END
159 0 1723356376 TIMEOUT_END
160 0 1725499424 STIM_START
160 0 1725693488 LICK
160 0 1727652920 LICK
160 0 1728119584 LICK
160 0 1728310748 LICK
160 0 1728405724 LICK
160 0 1728559600 LICK
160 0 1728740768 LICK
160 0 1728852908 LICK
160 0 1728985736 LICK
160 0 1729125728 LICK
160 0 1729266020 LICK
160 0 1729410944 LICK
160 0 1729524856 STIM_END_RESP_START
160 0 1729565672 LICK
160 0 1729566208 TIMEOUT_START
160 0 1729697404 LICK
160 0 1729697940 TIMEOUT_START
160 0 1729835660 LICK
160 0 1729836196 TIMEOUT_START
160 0 1730022684 LICK
160 0 1730023216 TIMEOUT_START
160 0 1730160280 LICK
160 0 1730160812 TIMEOUT_START
160 0 1730359860 LICK
160 0 1730360396 TIMEOUT_START
160 0 1730539452 LICK
160 0 1730539992 TIMEOUT_START
160 0 1730685612 LICK
160 0 1730686148 TIMEOUT_START
160 0 1730724908 RESP_END
160 0 1737686700 TIMEOUT_END
161 1 1739470440 STIM_START
161 1 1740479420 LICK
161 1 1741729228 LICK
161 1 1741872304 LICK
161 1 1742102636 LICK
161 1 1742683456 LICK
161 1 1742887740 LICK
161 1 1743495872 STIM_END_RESP_START
161 1 1744695892 RESP_END
162 1 1746587572 STIM_START
162 1 1746805384 LICK
162 1 1747931440 LICK
162 1 1749662900 STIM_END_RESP_START
162 1 1750862920 RESP_END
163 0 1753035492 STIM_START
163 0 1755383636 LICK
163 0 1755593808 LICK
163 0 1755749716 LICK
163 0 1755918568 LICK
163 0 1756086744 LICK
163 0 1756244760 LICK
163 0 1756310840 STIM_END_RESP_START
163 0 1756403104 LICK
163 0 1756403636 TIMEOUT_START
163 0 1757510852 RESP_END
163 0 1763404192 TIMEOUT_END
164 1 1765614288 STIM_START
164 1 1767752568 LICK
164 1 1767975360 LICK
164 1 1768551384 LICK
164 1 1768739624 STIM_END_RESP_START
164 1 1769067128 LICK
164 1 1769067664 REWARD_START
164 1 1769224732 LICK
164 1 1769384360 LICK
164 1 1769508880 LICK
164 1 1769606328 LICK
164 1 1769724328 LICK
164 1 1769838040 LICK
164 1 1769939656 RESP_END
164 1 1769080736 REWARD_END
165 0 1773216424 STIM_START
165 0 1774022184 LICK
165 0 1774336480 LICK
165 0 1774911936 LICK
165 0 1775054776 LICK
165 0 1775220696 LICK
165 0 1775918728 LICK
165 0 1776038684 LICK
165 0 1776201276 LICK
165 0 1776491756 STIM_END_RESP_START
165 0 1777691776 RESP_END
166 0 1779622344 STIM_START
166 0 1779807628 LICK
166 0 1782250504 LICK
166 0 1782747676 STIM_END_RESP_START
166 0 1783891368 LICK
166 0 1783891896 TIMEOUT_START
166 0 1783947712 RESP_END
166 0 1790892460 TIMEOUT_END
167 0 1792688344 STIM_START
167 0 1795609216 LICK
167 0 1796213704 STIM_END_RESP_START
167 0 1797413724 RESP_END
168 1 1799209260 STIM_START
168 1 1801502184 LICK
168 1 1801664368 LICK
168 1 1802341272 LICK
168 1 1802518048 LICK
168 1 1802735508 LICK
168 1 1802933860 LICK
168 1 1803089144 LICK
168 1 1803234672 STIM_END_RESP_START
168 1 1803250740 LICK
168 1 1803251276 REWARD_START
168 1 1803467360 LICK
168 1 1803556488 LICK
168 1 1803693380 LICK
168 1 1803816716 LICK
168 1 1803934072 LICK
168 1 1804110032 LICK
168 1 1804434704 RESP_END
168 1 1803264352 REWARD_END
169 1 1807662584 STIM_START
169 1 1808635692 LICK
169 1 1809576492 LICK
169 1 1809773888 LICK
169 1 1810787904 STIM_END_RESP_START
169 1 1811987924 RESP_END
170 1 1813863476 STIM_START
170 1 1816938784 STIM_END_RESP_START
170 1 1818138808 RESP_END
171 0 1821606552 STIM_START
171 0 1822992456 LICK
171 0 1823148164 LICK
171 0 1823936440 LICK
171 0 1824116864 LICK
171 0 1824232016 LICK
171 0 1824311464 LICK
171 0 1824477252 LICK
171 0 1824681892 STIM_END_RESP_START
171 0 1824700716 LICK
171 0 1824701252 TIMEOUT_START
171 0 1825083336 LICK
171 0 1825083876 TIMEOUT_START
171 0 1825242104 LICK
171 0 1825242640 TIMEOUT_START
171 0 1825881908 RESP_END
171 0 1832243200 TIMEOUT_END
172 0 1834267464 STIM_START
172 0 1834808608 LICK
172 0 1835454480 LICK
172 0 1835627632 LICK
172 0 1836780980 LICK
172 0 1837392804 STIM_END_RESP_START
172 0 1837552420 LICK
172 0 1837552960 TIMEOUT_START
172 0 1838027864 LICK
172 0 1838028400 TIMEOUT_START
172 0 1838242824 LICK
172 0 1838243356 TIMEOUT_START
172 0 1838592852 RESP_END
172 0 1845243920 TIMEOUT_END
173 1 1846999400 STIM_START
173 1 1850123368 LICK
173 1 1850260380 LICK
173 1 1850274760 STIM_END_RESP_START
173 1 1850559592 LICK
173 1 1850560128 REWARD_START
173 1 1851184204 LICK
173 1 1851350680 LICK
173 1 1851474804 RESP_END
173 1 1850573204 REWARD_END
174 1 1854910520 STIM_START
174 1 1855826412 LICK
174 1 1856834924 LICK
174 1 1858185852 STIM_END_RESP_START
174 1 1858780888 LICK
174 1 1858781424 REWARD_START
174 1 1859385872 RESP_END
174 1 1858794504 REWARD_END
175 1 1861438500 STIM_START
175 1 1863956768 LICK
175 1 1864099468 LICK
175 1 1864248200 LICK
175 1 1864372732 LICK
175 1 1864549004 LICK
175 1 1864680496 LICK
175 1 1864812836 LICK
175 1 1864981948 LICK
175 1 1865109500 LICK
175 1 1865265280 LICK
175 1 1865447040 LICK
175 1 1865463920 STIM_END_RESP_START
175 1 1865565176 LICK
175 1 1865565716 REWARD_START
175 1 1865737688 LICK
175 1 1865883004 LICK
175 1 1865982140 LICK
175 1 1866134272 LICK
175 1 1866274260 LICK
175 1 1866663960 RESP_END
175 1 1865578796 REWARD_END
176 0 1868718532 STIM_START
176 0 1870007664 LICK
176 0 1870274292 LICK
176 0 1871993896 STIM_END_RESP_START
176 0 1872002156 LICK
176 0 1872002696 TIMEOUT_START
176 0 1872494644 LICK
176 0 1872495176 TIMEOUT_START
176 0 1872658140 LICK
176 0 1872658680 TIMEOUT_START
176 0 1873193908 RESP_END
176 0 1879659240 TIMEOUT_END
177 1 1881507424 STIM_START
177 1 1884632768 STIM_END_RESP_START
177 1 1885288856 LICK
177 1 1885289388 REWARD_START
177 1 1885598096 LICK
177 1 1885739416 LICK
177 1 1885832792 RESP_END
177 1 1885302468 REWARD_END
178 0 1890748828 STIM_START
178 0 1892508396 LICK
178 0 1894024184 STIM_END_RESP_START
178 0 1895224204 RESP_END
179 1 1897161764 STIM_START
179 1 1901187192 STIM_END_RESP_START
179 1 1901503192 LICK
179 1 1901503732 REWARD_START
179 1 1902387224 RESP_END
179 1 1901516812 REWARD_END
180 0 1904090792 STIM_START
180 0 1905795836 LICK
180 0 1905935928 LICK
180 0 1906036256 LICK
180 0 1906152044 LICK
180 0 1906266260 LICK
180 0 1906385688 LICK
180 0 1906526736 LICK
180 0 1906693712 LICK
180 0 1906810580 LICK
180 0 1906960268 LICK
180 0 1907107792 LICK
180 0 1907255908 LICK
180 0 1907366116 STIM_END_RESP_START
180 0 1908288972 LICK
180 0 1908289504 TIMEOUT_START
180 0 1908566152 RESP_END
180 0 1915290068 TIMEOUT_END
181 1 1917432716 STIM_START
181 1 1920708048 STIM_END_RESP_START
181 1 1921524760 LICK
181 1 1921525296 REWARD_START
181 1 1921908064 RESP_END
181 1 1921538372 REWARD_END
182 0 1924083768 STIM_START
182 0 1925822456 LICK
182 0 1925957932 LICK
182 0 1926052136 LICK
182 0 1926214964 LICK
182 0 1926343604 LICK
182 0 1926484040 LICK
182 0 1926579868 LICK
182 0 1926730776 LICK
182 0 1926863028 LICK
182 0 1927022468 LICK
182 0 1927609144 STIM_END_RESP_START
182 0 1928809164 RESP_END
183 0 1930864776 STIM_START
183 0 1934890200 STIM_END_RESP_START
183 0 1936090220 RESP_END
184 1 1938151852 STIM_START
184 1 1939663624 LICK
184 1 1941677216 STIM_END_RESP_START
184 1 1942877236 RESP_END
185 1 1944846824 STIM_START
185 1 1948122152 STIM_END_RESP_START
185 1 1949322164 RESP_END
186 1 1951385748 STIM_START
186 1 1954911108 STIM_END_RESP_START
186 1 1955093532 LICK
186 1 1955094068 REWARD_START
186 1 1956111140 RESP_END
186 1 1955107148 REWARD_END
187 0 1958041760 STIM_START
187 0 1961468328 LICK
187 0 1961614252 LICK
187 0 1961730500 LICK
187 0 1961853140 LICK
187 0 1961980988 LICK
187 0 1962067176 STIM_END_RESP_START
187 0 1962114448 LICK
187 0 1962114980 TIMEOUT_START
187 0 1962253492 LICK
187 0 1962254024 TIMEOUT_START
187 0 1962400936 LICK
187 0 1962401468 TIMEOUT_START
187 0 1962540616 LICK
187 0 1962541156 TIMEOUT_START
187 0 1962711192 LICK
187 0 1962711724 TIMEOUT_START
187 0 1962882484 LICK
187 0 1962883020 TIMEOUT_START
187 0 1963267192 RESP_END
187 0 1969883580 TIMEOUT_END
188 1 1971824800 STIM_START
188 1 1975350164 STIM_END_RESP_START
188 1 1976550184 RESP_END
189 0 1978413776 STIM_START
189 0 1981489120 STIM_END_RESP_START
189 0 1981663728 LICK
189 0 1981664268 TIMEOUT_START
189 0 1982689136 RESP_END
189 0 1988664820 TIMEOUT_END
190 1 1990875596 STIM_START
190 1 1994400972 STIM_END_RESP_START
190 1 1995600992 RESP_END
191 1 1997712668 STIM_START
191 1 2000838012 STIM_END_RESP_START
191 1 2002038032 RESP_END
192 0 2003902528 STIM_START
192 0 2007027872 STIM_END_RESP_START
192 0 2007985644 LICK
192 0 2007986184 TIMEOUT_START
192 0 2008227888 RESP_END
192 0 2014986748 TIMEOUT_END
193 1 2017088528 STIM_START
193 1 2020163836 STIM_END_RESP_START
193 1 2021363856 RESP_END
194 0 2023323420 STIM_START
194 0 2025364136 LICK
194 0 2025526408 LICK
194 0 2025671424 LICK
194 0 2025870068 LICK
194 0 2026010512 LICK
194 0 2026169904 LICK
194 0 2026309976 LICK
194 0 2026468792 LICK
194 0 2026619176 LICK
194 0 2026790116 LICK
194 0 2026924496 LICK
194 0 2027121720 LICK
194 0 2027243428 LICK
194 0 2027348832 STIM_END_RESP_START
194 0 2027440836 LICK
194 0 2027441376 TIMEOUT_START
194 0 2027604364 LICK
194 0 2027604896 TIMEOUT_START
194 0 2027773272 LICK
194 0 2027773804 TIMEOUT_START
194 0 2027911984 LICK
194 0 2027912524 TIMEOUT_START
194 0 2028064428 LICK
194 0 2028064964 TIMEOUT_START
194 0 2028225876 LICK
194 0 2028226412 TIMEOUT_START
194 0 2028371624 LICK
194 0 2028372160 TIMEOUT_START
194 0 2028532704 LICK
194 0 2028533244 TIMEOUT_START
194 0 2028548868 RESP_END
194 0 2035533800 TIMEOUT_END
195 0 2037657580 STIM_START
195 0 2040782900 STIM_END_RESP_START
195 0 2041760500 LICK
195 0 2041761040 TIMEOUT_START
195 0 2041982916 RESP_END
195 0 2048761596 TIMEOUT_END
196 1 2050744496 STIM_START
196 1 2053869836 STIM_END_RESP_START
196 1 2055069856 RESP_END
197 1 2057040404 STIM_START
197 1 2059203284 LICK
197 1 2060115720 STIM_END_RESP_START
197 1 2061315740 RESP_END
198 0 2063418424 STIM_START
198 0 2065201616 LICK
198 0 2065859924 LICK
198 0 2066693752 STIM_END_RESP_START
198 0 2066776620 LICK
198 0 2066777156 TIMEOUT_START
198 0 2067893788 RESP_END
198 0 2073777724 TIMEOUT_END
199 1 2075651160 STIM_START
199 1 2076580756 LICK
199 1 2079176512 STIM_END_RESP_START
199 1 2080376532 RESP_END
200 1 2082205128 STIM_START
200 1 2085280476 STIM_END_RESP_START
200 1 2086480492 RESP_END
201 0 2088481044 STIM_START
201 0 2090830092 LICK
201 0 2091887336 LICK
201 0 2092506460 STIM_END_RESP_START
201 0 2092641136 LICK
201 0 2092641676 TIMEOUT_START
201 0 2093706496 RESP_END
201 0 2099642240 TIMEOUT_END
202 0 2101833016 STIM_START
202 0 2104958356 STIM_END_RESP_START
202 0 2106158376 RESP_END
203 1 2108125020 STIM_START
203 1 2111200332 STIM_END_RESP_START
203 1 2112400344 RESP_END
204 0 2114198900 STIM_START
204 0 2117274208 STIM_END_RESP_START
204 0 2118474228 RESP_END
205 1 2120524840 STIM_START
205 1 2123558736 LICK
205 1 2123714544 LICK
205 1 2123800176 STIM_END_RESP_START
205 1 2124106472 LICK
205 1 2124107008 REWARD_START
205 1 2124695292 LICK
205 1 2124841880 LICK
205 1 2124950460 LICK
205 1 2125000192 RESP_END
205 1 2124120088 REWARD_END
206 1 2128807080 STIM_START
206 1 2129100124 LICK
206 1 2129263504 LICK
206 1 2129754584 LICK
206 1 2130051632 LICK
206 1 2130214008 LICK
206 1 2130385428 LICK
206 1 2131103200 LICK
206 1 2131238568 LICK
206 1 2131430312 LICK
206 1 2131605900 LICK
206 1 2132832480 STIM_END_RESP_START
206 1 2134032500 RESP_END
207 1 2136205132 STIM_START
207 1 2136410408 LICK
207 1 2139480460 STIM_END_RESP_START
207 1 2140680480 RESP_END
208 0 2142736116 STIM_START
208 0 2145811464 STIM_END_RESP_START
208 0 2147011480 RESP_END
209 0 2149200056 STIM_START
209 0 2151837352 LICK
209 0 2151974556 LICK
209 0 2152475408 STIM_END_RESP_START
209 0 2153675424 RESP_END
210 0 2156680184 STIM_START
210 0 2159755500 STIM_END_RESP_START
210 0 2160955548 RESP_END
211 1 2162797100 STIM_START
211 1 2165800208 LICK
211 1 2165979400 LICK
211 1 2166247876 LICK
211 1 2166322476 STIM_END_RESP_START
211 1 2166420864 LICK
211 1 2166421396 REWARD_START
211 1 2166585976 LICK
211 1 2166698504 LICK
211 1 2166823364 LICK
211 1 2166937320 LICK
211 1 2167522500 RESP_END
211 1 2166434472 REWARD_END
212 0 2169531112 STIM_START
212 0 2171950920 LICK
212 0 2172806440 STIM_END_RESP_START
212 0 2173006748 LICK
212 0 2173007288 TIMEOUT_START
212 0 2173144856 LICK
212 0 2173145396 TIMEOUT_START
212 0 2173343120 LICK
212 0 2173343652 TIMEOUT_START
212 0 2173488992 LICK
212 0 2173489528 TIMEOUT_START
212 0 2173638484 LICK
212 0 2173639024 TIMEOUT_START
212 0 2173770032 LICK
212 0 2173770564 TIMEOUT_START
212 0 2173902508 LICK
212 0 2173903048 TIMEOUT_START
212 0 2174006464 RESP_END
212 0 2180903608 TIMEOUT_END
213 0 2182775072 STIM_START
213 0 2184086256 LICK
213 0 2185900384 STIM_END_RESP_START
213 0 2187100404 RESP_END
214 0 2188816892 STIM_START
214 0 2191892200 STIM_END_RESP_START
214 0 2193092216 RESP_END
215 1 2194852812 STIM_START
215 1 2198378184 STIM_END_RESP_START
215 1 2199578204 RESP_END
216 1 2201745812 STIM_START
216 1 2204173380 LICK
216 1 2205271184 STIM_END_RESP_START
216 1 2206471204 RESP_END
217 1 2208519832 STIM_START
217 1 2210923120 LICK
217 1 2211645148 STIM_END_RESP_START
217 1 2212529316 LICK
217 1 2212529848 REWARD_START
217 1 2212752020 LICK
217 1 2212845164 RESP_END
217 1 2212542924 REWARD_END
218 0 2217684224 STIM_START
218 0 2218592644 LICK
218 0 2218755456 LICK
218 0 2219331096 LICK
218 0 2219502164 LICK
218 0 2220351076 LICK
218 0 2220489188 LICK
218 0 2220959564 STIM_END_RESP_START
218 0 2222159584 RESP_END
219 0 2223978164 STIM_START
219 0 2227053476 STIM_END_RESP_START
219 0 2227727200 LICK
219 0 2227727740 TIMEOUT_START
219 0 2228253516 RESP_END
219 0 2234728300 TIMEOUT_END
220 0 2236819076 STIM_START
220 0 2240344448 STIM_END_RESP_START
220 0 2241544468 RESP_END
221 1 2243524056 STIM_START
221 1 2247549480 STIM_END_RESP_START
221 1 2248749504 RESP_END
222 0 2250478084 STIM_START
222 0 2254003456 STIM_END_RESP_START
222 0 2254434136 LICK
222 0 2254434672 TIMEOUT_START
222 0 2254621500 LICK
222 0 2254622036 TIMEOUT_START
222 0 2255203500 RESP_END
222 0 2261622596 TIMEOUT_END
223 0 2263541968 STIM_START
223 0 2267067336 STIM_END_RESP_START
223 0 2268267356 RESP_END
224 1 2270047944 STIM_START
224 1 2274073368 STIM_END_RESP_START
224 1 2275273392 RESP_END
225 0 2277377088 STIM_START
225 0 2280452392 STIM_END_RESP_START
225 0 2281652416 RESP_END
226 0 2283571016 STIM_START
226 0 2286088584 LICK
226 0 2287596440 STIM_END_RESP_START
226 0 2288796464 RESP_END
227 0 2291019036 STIM_START
227 0 2294544408 STIM_END_RESP_START
227 0 2295744420 RESP_END
228 1 2297542080 STIM_START
228 1 2300817444 STIM_END_RESP_START
228 1 2302017460 RESP_END
229 1 2303837948 STIM_START
229 1 2306963292 STIM_END_RESP_START
229 1 2308163312 RESP_END
230 0 2310347924 STIM_START
230 0 2314373352 STIM_END_RESP_START
230 0 2315573372 RESP_END
231 1 2317483000 STIM_START
231 1 2321508432 STIM_END_RESP_START
231 1 2321992632 LICK
231 1 2321993172 REWARD_START
231 1 2322708464 RESP_END
231 1 2322006252 REWARD_END
232 1 2324579088 STIM_START
232 1 2327412356 LICK
232 1 2327538068 LICK
232 1 2327638428 LICK
232 1 2327704432 STIM_END_RESP_START
232 1 2327750408 LICK
232 1 2327750948 REWARD_START
232 1 2327885248 LICK
232 1 2327993740 LICK
232 1 2328194740 LICK
232 1 2328306408 LICK
232 1 2328437452 LICK
232 1 2328558516 LICK
232 1 2328682524 LICK
232 1 2328827564 LICK
232 1 2328904468 RESP_END
232 1 2327764012 REWARD_END
233 0 2333731348 STIM_START
233 0 2334975600 LICK
233 0 2335159088 LICK
233 0 2335482320 LICK
233 0 2336231760 LICK
233 0 2336378500 LICK
233 0 2336806680 STIM_END_RESP_START
233 0 2338006700 RESP_END
234 0 2340033328 STIM_START
234 0 2341189532 LICK
234 0 2343158664 STIM_END_RESP_START
234 0 2344358684 RESP_END
235 0 2346281268 STIM_START
235 0 2349806640 STIM_END_RESP_START
235 0 2351006652 RESP_END
236 1 2352960212 STIM_START
236 1 2356143668 LICK
236 1 2356651972 LICK
236 1 2356985632 STIM_END_RESP_START
236 1 2358185652 RESP_END
237 1 2360052296 STIM_START
237 1 2363127604 STIM_END_RESP_START
237 1 2364252076 LICK
237 1 2364252616 REWARD_START
237 1 2364327652 RESP_END
237 1 2364265696 REWARD_END
238 0 2366332264 STIM_START
238 0 2369179252 LICK
238 0 2369296780 LICK
238 0 2369393556 LICK
238 0 2369513712 LICK
238 0 2369657424 LICK
238 0 2369857632 STIM_END_RESP_START
238 0 2370100232 LICK
238 0 2370100764 TIMEOUT_START
238 0 2370250644 LICK
238 0 2370251184 TIMEOUT_START
238 0 2370399620 LICK
238 0 2370400152 TIMEOUT_START
238 0 2371057648 RESP_END
238 0 2377400708 TIMEOUT_END
239 1 2379321168 STIM_START
239 1 2382596496 STIM_END_RESP_START
239 1 2383796516 RESP_END
240 1 2385932160 STIM_START
240 1 2388071512 LICK
240 1 2388292188 LICK
240 1 2388917232 LICK
240 1 2389057488 STIM_END_RESP_START
240 1 2390257508 RESP_END
241 0 2392043060 STIM_START
241 0 2394775000 LICK
241 0 2395168376 STIM_END_RESP_START
241 0 2396368396 RESP_END
242 0 2398449984 STIM_START
242 0 2400994644 LICK
242 0 2401318056 LICK
242 0 2401575308 STIM_END_RESP_START
242 0 2402116788 LICK
242 0 2402117320 TIMEOUT_START
242 0 2402330616 LICK
242 0 2402331156 TIMEOUT_START
242 0 2402637252 LICK
242 0 2402637784 TIMEOUT_START
242 0 2402775344 RESP_END
242 0 2409638340 TIMEOUT_END
243 1 2411725944 STIM_START
243 1 2414378468 LICK
243 1 2415751348 STIM_END_RESP_START
243 1 2416951372 RESP_END
244 0 2419003020 STIM_START
244 0 2422278348 STIM_END_RESP_START
244 0 2423478368 RESP_END
245 1 2425304956 STIM_START
245 1 2428430296 STIM_END_RESP_START
245 1 2429630320 RESP_END
246 0 2431612868 STIM_START
246 0 2435138244 STIM_END_RESP_START
246 0 2436338264 RESP_END
247 0 2438440872 STIM_START
247 0 2441566220 STIM_END_RESP_START
247 0 2442766236 RESP_END
248 0 2444989828 STIM_START
248 0 2449015252 STIM_END_RESP_START
248 0 2450215276 RESP_END
249 1 2452295908 STIM_START
249 1 2455371216 STIM_END_RESP_START
249 1 2456571240 RESP_END
250 1 2458462900 STIM_START
250 1 2461538204 STIM_END_RESP_START
250 1 2462738224 RESP_END
251 1 2464651820 STIM_START
251 1 2467927144 STIM_END_RESP_START
251 1 2469127156 RESP_END
252 0 2471192716 STIM_START
252 0 2474718084 STIM_END_RESP_START
252 0 2475918104 RESP_END
253 1 2478046756 STIM_START
253 1 2481122068 STIM_END_RESP_START
253 1 2482322088 RESP_END
254 0 2484204652 STIM_START
254 0 2487730020 STIM_END_RESP_START
254 0 2488930040 RESP_END
255 1 2491046700 STIM_START
255 1 2494160308 LICK
255 1 2494172012 STIM_END_RESP_START
255 1 2494714116 LICK
255 1 2494714652 REWARD_START
255 1 2495372048 RESP_END
255 1 2494727732 REWARD_END
256 1 2499217884 STIM_START
256 1 2501006904 LICK
256 1 2501520348 LICK
256 1 2502743252 STIM_END_RESP_START
256 1 2503943272 RESP_END
257 1 2506013880 STIM_START
257 1 2508251588 LICK
257 1 2509289240 STIM_END_RESP_START
257 1 2510489260 RESP_END
258 0 2512467860 STIM_START
258 0 2515467840 LICK
258 0 2515743196 STIM_END_RESP_START
258 0 2516943220 RESP_END
259 1 2518735776 STIM_START
259 1 2520777996 LICK
259 1 2522556684 LICK
259 1 2522761204 STIM_END_RESP_START
259 1 2523203140 LICK
259 1 2523203676 REWARD_START
259 1 2523961228 RESP_END
259 1 2523216748 REWARD_END
260 0 2525770788 STIM_START
260 0 2528358900 LICK
260 0 2528503068 LICK
260 0 2528610876 LICK
260 0 2528728488 LICK
260 0 2528846128 STIM_END_RESP_START
260 0 2528877640 LICK
260 0 2528878172 TIMEOUT_START
260 0 2528992964 LICK
260 0 2528993504 TIMEOUT_START
260 0 2529124816 LICK
260 0 2529125348 TIMEOUT_START
260 0 2529270816 LICK
260 0 2529271348 TIMEOUT_START
260 0 2529460316 LICK
260 0 2529460852 TIMEOUT_START
260 0 2529572608 LICK
260 0 2529573148 TIMEOUT_START
260 0 2529758948 LICK
260 0 2529759488 TIMEOUT_START
260 0 2529898828 LICK
260 0 2529899360 TIMEOUT_START
260 0 2530046156 RESP_END
260 0 2536899928 TIMEOUT_END
261 0 2538712752 STIM_START
261 0 2538981756 LICK
261 0 2541988080 STIM_END_RESP_START
261 0 2543188100 RESP_END
262 1 2545327672 STIM_START
262 1 2548402984 STIM_END_RESP_START
262 1 2549603004 RESP_END
263 1 2551329560 STIM_START
263 1 2554404876 STIM_END_RESP_START
263 1 2555604892 RESP_END
264 1 2557480504 STIM_START
264 1 2560555816 STIM_END_RESP_START
264 1 2561755836 RESP_END
265 0 2564133484 STIM_START
265 0 2566807152 LICK
265 0 2567408848 STIM_END_RESP_START
265 0 2568608868 RESP_END
266 0 2570536472 STIM_START
266 0 2573611784 STIM_END_RESP_START
266 0 2573650528 LICK
266 0 2573651068 TIMEOUT_START
266 0 2574811808 RESP_END
266 0 2580651620 TIMEOUT_END
267 0 2582849240 STIM_START
267 0 2584160036 LICK
267 0 2585974568 STIM_END_RESP_START
267 0 2587174588 RESP_END
268 1 2589240196 STIM_START
268 1 2592365540 STIM_END_RESP_START
268 1 2593565560 RESP_END
269 0 2595652196 STIM_START
269 0 2599177568 STIM_END_RESP_START
269 0 2600377588 RESP_END
270 1 2602251116 STIM_START
270 1 2605326432 STIM_END_RESP_START
270 1 2606526488 RESP_END
271 1 2608402040 STIM_START
271 1 2611677368 STIM_END_RESP_START
271 1 2612877388 RESP_END
272 1 2614983024 STIM_START
272 1 2618058336 STIM_END_RESP_START
272 1 2619258356 RESP_END
273 0 2621126928 STIM_START
273 0 2624402288 STIM_END_RESP_START
273 0 2625602304 RESP_END
274 1 2627572916 STIM_START
274 1 2631098280 STIM_END_RESP_START
274 1 2632298300 RESP_END
275 1 2634009840 STIM_START
275 1 2636129256 LICK
275 1 2637061720 LICK
275 1 2637085180 STIM_END_RESP_START
275 1 2637251568 LICK
275 1 2637252108 REWARD_START
275 1 2637440060 LICK
275 1 2637577876 LICK
275 1 2637701136 LICK
275 1 2638285204 RESP_END
275 1 2637265184 REWARD_END
276 0 2642007984 STIM_START
276 0 2643464844 LICK
276 0 2645283348 STIM_END_RESP_START
276 0 2645331120 LICK
276 0 2645331652 TIMEOUT_START
276 0 2646483372 RESP_END
276 0 2652332212 TIMEOUT_END
277 0 2654439904 STIM_START
277 0 2658465328 STIM_END_RESP_START
277 0 2659665348 RESP_END
278 1 2661797988 STIM_START
278 1 2665073348 STIM_END_RESP_START
278 1 2666273364 RESP_END
279 0 2668418972 STIM_START
279 0 2671544312 STIM_END_RESP_START
279 0 2672744336 RESP_END
280 1 2674757880 STIM_START
280 1 2678783308 STIM_END_RESP_START
280 1 2679983328 RESP_END
281 1 2681833904 STIM_START
281 1 2685359280 STIM_END_RESP_START
281 1 2686559300 RESP_END
282 1 2688496884 STIM_START
282 1 2689945068 LICK
282 1 2690083828 LICK
282 1 2691622192 STIM_END_RESP_START
282 1 2692822212 RESP_END
283 0 2694605780 STIM_START
283 0 2697731128 STIM_END_RESP_START
283 0 2698169560 LICK
283 0 2698170092 TIMEOUT_START
283 0 2698931168 RESP_END
283 0 2705170648 TIMEOUT_END
284 0 2706914676 STIM_START
284 0 2710040020 STIM_END_RESP_START
284 0 2711240036 RESP_END
285 1 2713252632 STIM_START
285 1 2716327984 STIM_END_RESP_START
285 1 2717528000 RESP_END
286 1 2719692508 STIM_START
286 1 2723717936 STIM_END_RESP_START
286 1 2724917956 RESP_END
287 0 2727018632 STIM_START
287 0 2731044056 STIM_END_RESP_START
287 0 2732244072 RESP_END
288 1 2734413728 STIM_START
288 1 2737689092 STIM_END_RESP_START
288 1 2738889112 RESP_END
289 1 2740601652 STIM_START
289 1 2743877016 STIM_END_RESP_START
289 1 2745077036 RESP_END
290 1 2747238656 STIM_START
290 1 2750764020 STIM_END_RESP_START
290 1 2751964040 RESP_END
291 0 2754188684 STIM_START
291 0 2758214108 STIM_END_RESP_START
291 0 2759414128 RESP_END
292 1 2761172676 STIM_START
292 1 2762890652 LICK
292 1 2765198100 STIM_END_RESP_START
292 1 2766398120 RESP_END
293 1 2768221712 STIM_START
293 1 2772247136 STIM_END_RESP_START
293 1 2773447156 RESP_END
294 0 2775562868 STIM_START
294 0 2778688208 STIM_END_RESP_START
294 0 2779888228 RESP_END
295 1 2781596708 STIM_START
295 1 2784672016 STIM_END_RESP_START
295 1 2785872036 RESP_END
296 1 2787615660 STIM_START
296 1 2791141032 STIM_END_RESP_START
296 1 2792341052 RESP_END
297 0 2794188636 STIM_START
297 0 2798214060 STIM_END_RESP_START
297 0 2799414084 RESP_END
298 1 2801510712 STIM_START
298 1 2804586024 STIM_END_RESP_START
298 1 2805786044 RESP_END
299 1 2807648588 STIM_START
299 1 2811674016 STIM_END_RESP_START
299 1 2812874032 RESP_END
300 1 2814868708 STIM_START
300 1 2817994048 STIM_END_RESP_START
300 1 2819194068 RESP_END
301 0 2826176356 STIM_START
301 0 2826399100 LICK
301 0 2826923272 LICK
301 0 2827936392 LICK
301 0 2828118072 LICK
301 0 2828604500 LICK
301 0 2829701712 STIM_END_RESP_START
301 0 2830606076 LICK
301 0 2830606616 TIMEOUT_START
301 0 2830901752 RESP_END
301 0 2837607168 TIMEOUT_END
302 1 2839504408 STIM_START
302 1 2840542964 LICK
302 1 2840927196 LICK
302 1 2841669776 LICK
302 1 2841981380 LICK
302 1 2842587752 LICK
302 1 2842768628 LICK
302 1 2842779756 STIM_END_RESP_START
302 1 2842945396 LICK
302 1 2842945936 REWARD_START
302 1 2843108728 LICK
302 1 2843277448 LICK
302 1 2843358716 LICK
302 1 2843496872 LICK
302 1 2843621776 LICK
302 1 2843748764 LICK
302 1 2843886984 LICK
302 1 2843979772 RESP_END
302 1 2842959016 REWARD_END
303 1 2849759788 STIM_START
303 1 2849992620 LICK
303 1 2850596852 LICK
303 1 2853776440 LICK
303 1 2853785208 STIM_END_RESP_START
303 1 2854985244 RESP_END
304 1 2857089920 STIM_START
304 1 2859318504 LICK
304 1 2861115348 STIM_END_RESP_START
304 1 2862315368 RESP_END
305 0 2864487012 STIM_START
305 0 2864680620 LICK
305 0 2865720348 LICK
305 0 2867556012 LICK
305 0 2868512452 STIM_END_RESP_START
305 0 2869712468 RESP_END
306 1 2871866056 STIM_START
306 1 2873828484 LICK
306 1 2875891484 STIM_END_RESP_START
306 1 2877091504 RESP_END
307 0 2878952116 STIM_START
307 0 2879433268 LICK
307 0 2880444688 LICK
307 0 2882977544 STIM_END_RESP_START
307 0 2884177564 RESP_END
308 1 2886240244 STIM_START
308 1 2888857420 LICK
308 1 2889365572 STIM_END_RESP_START
308 1 2890565588 RESP_END
309 1 2892346144 STIM_START
309 1 2893457100 LICK
309 1 2894871132 LICK
309 1 2895871524 STIM_END_RESP_START
309 1 2897071544 RESP_END
310 1 2898997088 STIM_START
310 1 2899735380 LICK
310 1 2900668556 LICK
310 1 2902061648 LICK
310 1 2902522476 STIM_END_RESP_START
310 1 2903722496 RESP_END
311 0 2905932140 STIM_START
311 0 2907478584 LICK
311 0 2908725932 LICK
311 0 2909216272 LICK
311 0 2909957572 STIM_END_RESP_START
311 0 2911157592 RESP_END
312 1 2912951136 STIM_START
312 1 2913140468 LICK
312 1 2914108276 LICK
312 1 2915099352 LICK
312 1 2916080992 LICK
312 1 2916226492 STIM_END_RESP_START
312 1 2917426512 RESP_END
313 0 2919513144 STIM_START
313 0 2922788504 STIM_END_RESP_START
313 0 2923988524 RESP_END
314 1 2926071108 STIM_START
314 1 2929196452 STIM_END_RESP_START
314 1 2929256752 LICK
314 1 2929257288 REWARD_START
314 1 2930396472 RESP_END
314 1 2929270368 REWARD_END
315 1 2932450080 STIM_START
315 1 2935725408 STIM_END_RESP_START
315 1 2936394544 LICK
315 1 2936395084 REWARD_START
315 1 2936568896 LICK
315 1 2936723092 LICK
315 1 2936823016 LICK
315 1 2936925444 RESP_END
315 1 2936408144 REWARD_END
316 1 2941225372 STIM_START
316 1 2941463424 LICK
316 1 2942175156 LICK
316 1 2942516496 LICK
316 1 2943391852 LICK
316 1 2943520312 LICK
316 1 2944294676 LICK
316 1 2944500744 STIM_END_RESP_START
316 1 2945220032 LICK
316 1 2945220564 REWARD_START
316 1 2945700780 RESP_END
316 1 2945233644 REWARD_END
317 0 2949581600 STIM_START
317 0 2951830816 LICK
317 0 2953106960 STIM_END_RESP_START
317 0 2954306980 RESP_END
318 1 2956186628 STIM_START
318 1 2959261936 STIM_END_RESP_START
318 1 2960461960 RESP_END
319 0 2962456548 STIM_START
319 0 2965450420 LICK
319 0 2965531872 STIM_END_RESP_START
319 0 2966146652 LICK
319 0 2966147192 TIMEOUT_START
319 0 2966341992 LICK
319 0 2966342528 TIMEOUT_START
319 0 2966516012 LICK
319 0 2966516544 TIMEOUT_START
319 0 2966705728 LICK
319 0 2966706264 TIMEOUT_START
319 0 2966731916 RESP_END
319 0 2973706820 TIMEOUT_END
320 0 2975448488 STIM_START
320 0 2978973860 STIM_END_RESP_START
320 0 2980173880 RESP_END
321 0 2982080476 STIM_START
321 0 2984033264 LICK
321 0 2985155792 STIM_END_RESP_START
321 0 2986027488 LICK
321 0 2986028020 TIMEOUT_START
321 0 2986355816 RESP_END
321 0 2993028580 TIMEOUT_END
322 1 2994809296 STIM_START
322 1 2996163360 LICK
322 1 2998834708 STIM_END_RESP_START
322 1 3000034728 RESP_END
323 1 3001821428 STIM_START
323 1 3004896736 STIM_END_RESP_START
323 1 3006096760 RESP_END
324 0 3007871260 STIM_START
324 0 3011396636 STIM_END_RESP_START
324 0 3012596652 RESP_END
325 0 3014424340 STIM_START
325 0 3016081176 LICK
325 0 3016272224 LICK
325 0 3016816780 LICK
325 0 3017499684 STIM_END_RESP_START
325 0 3018699700 RESP_END
326 0 3020487160 STIM_START
326 0 3022921440 LICK
326 0 3023762512 STIM_END_RESP_START
326 0 3024962528 RESP_END
327 1 3026949088 STIM_START
327 1 3028088308 LICK
327 1 3030074428 STIM_END_RESP_START
327 1 3031274444 RESP_END
328 0 3033279048 STIM_START
328 0 3035758300 LICK
328 0 3036554392 STIM_END_RESP_START
328 0 3037754412 RESP_END
329 0 3039920988 STIM_START
329 0 3043046332 STIM_END_RESP_START
329 0 3044246356 RESP_END
330 1 3046182924 STIM_START
330 1 3049258236 STIM_END_RESP_START
330 1 3050458256 RESP_END
331 0 3052335880 STIM_START
331 0 3055861252 STIM_END_RESP_START
331 0 3057061276 RESP_END
332 0 3059283916 STIM_START
332 0 3063309348 STIM_END_RESP_START
332 0 3064509364 RESP_END
333 1 3066334912 STIM_START
333 1 3069460256 STIM_END_RESP_START
333 1 3070660280 RESP_END
334 0 3072524824 STIM_START
334 0 3076550248 STIM_END_RESP_START
334 0 3077750268 RESP_END
335 1 3079784972 STIM_START
335 1 3083310344 STIM_END_RESP_START
335 1 3084510364 RESP_END
336 1 3086459948 STIM_START
336 1 3089535256 STIM_END_RESP_START
336 1 3090735276 RESP_END
337 1 3092719872 STIM_START
337 1 3094554440 LICK
337 1 3095845204 STIM_END_RESP_START
337 1 3097045228 RESP_END
338 0 3099001768 STIM_START
338 0 3102527144 STIM_END_RESP_START
338 0 3103727164 RESP_END
339 1 3105881776 STIM_START
339 1 3109907200 STIM_END_RESP_START
339 1 3111107220 RESP_END
340 1 3113191864 STIM_START
340 1 3117217292 STIM_END_RESP_START
340 1 3118417312 RESP_END
341 0 3120512996 STIM_START
341 0 3123638344 STIM_END_RESP_START
341 0 3124838360 RESP_END
342 0 3126984960 STIM_START
342 0 3130110304 STIM_END_RESP_START
342 0 3131310324 RESP_END
343 0 3133207860 STIM_START
343 0 3136333204 STIM_END_RESP_START
343 0 3137533224 RESP_END
344 1 3139684840 STIM_START
344 1 3142810184 STIM_END_RESP_START
344 1 3144010204 RESP_END
345 1 3145973800 STIM_START
345 1 3149249160 STIM_END_RESP_START
345 1 3150449180 RESP_END
346 0 3152532724 STIM_START
346 0 3155808084 STIM_END_RESP_START
346 0 3157008104 RESP_END
347 0 3158906684 STIM_START
347 0 3161982000 STIM_END_RESP_START
347 0 3163182016 RESP_END
348 0 3165022616 STIM_START
USER_EXIT