001 1 0010217812 STIM_START
001 1 0013343156 STIM_END_RESP_START
001 1 0014543176 RESP_END
002 1 0016656840 STIM_START
002 1 0018855180 LICK
002 1 0018981828 LICK
002 1 0019782180 STIM_END_RESP_START
002 1 0020982200 RESP_END
003 1 0023011688 STIM_START
003 1 0027037116 STIM_END_RESP_START
003 1 0027647996 LICK
003 1 0027648440 REWARD_START
003 1 0027973944 LICK
003 1 0028114316 LICK
003 1 0028237152 RESP_END
003 1 0027661396 REWARD_END
004 0 0046158152 STIM_START
004 0 0046179516 LICK
004 0 0046308688 LICK
004 0 0046744744 LICK
004 0 0046899176 LICK
004 0 0047075316 LICK
004 0 0048258116 LICK
004 0 0048399736 LICK
004 0 0049233488 STIM_END_RESP_START
004 0 0050433508 RESP_END
005 0 0052433128 STIM_START
005 0 0054672116 LICK
005 0 0054878316 LICK
005 0 0055052676 LICK
005 0 0055209532 LICK
005 0 0055508444 STIM_END_RESP_START
005 0 0056708468 RESP_END
006 1 0058786060 STIM_START
006 1 0058801972 LICK
006 1 0060647872 LICK
006 1 0060773864 LICK
006 1 0060920500 LICK
006 1 0062061404 STIM_END_RESP_START
006 1 0062966316 LICK
006 1 0062966756 REWARD_START
006 1 0063132204 LICK
006 1 0063261448 RESP_END
006 1 0062979732 REWARD_END
007 0 0076361660 STIM_START
007 0 0076517712 LICK
007 0 0076627212 LICK
007 0 0076792744 LICK
007 0 0077752112 LICK
007 0 0077898672 LICK
007 0 0078049724 LICK
007 0 0078814464 LICK
007 0 0078939756 LICK
007 0 0079113704 LICK
007 0 0082079432 LICK
007 0 0082189988 LICK
007 0 0082377044 LICK
007 0 0084021064 LICK
007 0 0084157564 LICK
007 0 0085405688 LICK
007 0 0087548028 LICK
007 0 0087676012 LICK
007 0 0089755044 LICK
007 0 0095345728 LICK
007 0 0095456664 LICK
007 0 0095810064 LICK
007 0 0095969872 LICK
007 0 0096169792 LICK
007 0 0098024160 LICK
007 0 0098144016 LICK
007 0 0103007780 LICK
007 0 0103127704 LICK
007 0 0103258316 LICK
007 0 0104843844 LICK
007 0 0104972800 LICK
007 0 0105156368 LICK
007 0 0105342176 LICK
007 0 0110190144 LICK
007 0 0110294612 LICK
007 0 0110422240 LICK
007 0 0110569384 LICK
007 0 0110684688 LICK
007 0 0110839424 LICK
007 0 0110978560 LICK
007 0 0111140060 LICK
007 0 0111271264 LICK
007 0 0111423056 LICK
007 0 0111584788 LICK
007 0 0111983312 LICK
007 0 0112149712 LICK
007 0 0112358680 LICK
