001 0 0016407884 STIM_START
001 0 0017769888 LICK
001 0 0018037680 LICK
001 0 0018283000 LICK
001 0 0019303712 LICK
001 0 0019482704 LICK
001 0 0019683220 STIM_END_RESP_START
001 0 0020531396 LICK
001 0 0020531832 TIMEOUT_START
001 0 0020661280 LICK
001 0 0020661716 TIMEOUT_START
001 0 0020883256 RESP_END
001 0 0027662168 TIMEOUT_END
002 1 0041895840 STIM_START
002 1 0042767536 LICK
002 1 0042913560 LICK
002 1 0043406744 LICK
002 1 0043830960 LICK
002 1 0044860844 LICK
002 1 0045035132 LICK
002 1 0045625648 LICK
002 1 0045811904 LICK
002 1 0045921264 STIM_END_RESP_START
002 1 0047121280 RESP_END
003 0 0049031800 STIM_START
003 0 0050758256 LICK
003 0 0052249460 LICK
003 0 0052410296 LICK
003 0 0052557200 STIM_END_RESP_START
003 0 0053757212 RESP_END
004 1 0057225084 STIM_START
004 1 0058941828 LICK
004 1 0060291296 LICK
004 1 0060502880 LICK
004 1 0061000484 STIM_END_RESP_START
004 1 0061151996 LICK
004 1 0061152444 REWARD_START
004 1 0061337776 LICK
004 1 0061673396 LICK
004 1 0061800172 LICK
004 1 0061954652 LICK
004 1 0062077244 LICK
004 1 0062200504 RESP_END
004 1 0061165412 REWARD_END
005 0 0065534308 STIM_START
005 0 0065702388 LICK
005 0 0065917140 LICK
005 0 0066109080 LICK
005 0 0066686584 LICK
005 0 0066904384 LICK
005 0 0067744304 LICK
005 0 0067894800 LICK
005 0 0068809644 STIM_END_RESP_START
005 0 0068922556 LICK
005 0 0068922992 TIMEOUT_START
005 0 0069067308 LICK
005 0 0069067744 TIMEOUT_START
005 0 0070009656 RESP_END
005 0 0076068196 TIMEOUT_END
006 0 0080572636 STIM_START
006 0 0081943420 LICK
006 0 0082955040 LICK
006 0 0083094408 LICK
006 0 0083847992 STIM_END_RESP_START
006 0 0084643648 LICK
006 0 0084644088 TIMEOUT_START
006 0 0085048040 RESP_END
006 0 0091644548 TIMEOUT_END
007 0 0093627600 STIM_START
007 0 0095165140 LICK
007 0 0095408716 LICK
007 0 0096322696 LICK
007 0 0097305776 LICK
007 0 0097403024 STIM_END_RESP_START
007 0 0097476536 LICK
007 0 0097476980 TIMEOUT_START
007 0 0098603080 RESP_END
007 0 0104477440 TIMEOUT_END
008 1 0106261532 STIM_START
008 1 0107884468 LICK
008 1 0108082924 LICK
008 1 0109114952 LICK
008 1 0110036924 STIM_END_RESP_START
008 1 0110221812 LICK
008 1 0110222296 REWARD_START
008 1 0110376648 LICK
008 1 0110572784 LICK
008 1 0110694388 LICK
008 1 0110948148 LICK
008 1 0111088676 LICK
008 1 0111196432 LICK
008 1 0111236948 RESP_END
008 1 0110235316 REWARD_END
009 0 0113002528 STIM_START
009 0 0114031284 LICK
009 0 0115730940 LICK
009 0 0115894996 LICK
009 0 0116654972 LICK
009 0 0116777924 STIM_END_RESP_START
009 0 0116800372 LICK
009 0 0116800860 TIMEOUT_START
009 0 0117977948 RESP_END
009 0 0123801360 TIMEOUT_END
010 1 0128889940 STIM_START
010 1 0129938368 LICK
010 1 0131185892 LICK
010 1 0131990904 LICK
010 1 0132144112 LICK
010 1 0132665340 STIM_END_RESP_START
010 1 0132859392 LICK
010 1 0132859876 REWARD_START
010 1 0133020596 LICK
010 1 0133348988 LICK
010 1 0133473592 LICK
010 1 0133613804 LICK
010 1 0133745612 LICK
010 1 0133865376 RESP_END
010 1 0132872900 REWARD_END
011 1 0135784004 STIM_START
011 1 0136734420 LICK
011 1 0136892824 LICK
011 1 0137095952 LICK
011 1 0137947976 LICK
011 1 0138104444 LICK
011 1 0139156676 LICK
011 1 0139312580 LICK
011 1 0139809440 STIM_END_RESP_START
011 1 0140218448 LICK
011 1 0140218932 REWARD_START
011 1 0140369312 LICK
011 1 0140529636 LICK
011 1 0140653024 LICK
011 1 0140804092 LICK
011 1 0141009460 RESP_END
011 1 0140231952 REWARD_END
012 0 0142966124 STIM_START
012 0 0143073876 LICK
012 0 0143198576 LICK
012 0 0144137684 LICK
012 0 0144306680 LICK
012 0 0145778412 LICK
012 0 0145932980 LICK
012 0 0146241472 STIM_END_RESP_START
012 0 0147441508 RESP_END
013 1 0150586244 STIM_START
013 1 0150679176 LICK
013 1 0150848552 LICK
013 1 0151934800 LICK
013 1 0152141140 LICK
013 1 0152355836 LICK
013 1 0153015080 LICK
013 1 0153183024 LICK
013 1 0154361632 STIM_END_RESP_START
013 1 0154518216 LICK
013 1 0154518708 REWARD_START
013 1 0154631600 LICK
013 1 0154841924 LICK
013 1 0154953000 LICK
013 1 0155108636 LICK
013 1 0155240656 LICK
013 1 0155376164 LICK
013 1 0155523464 LICK
013 1 0155561672 RESP_END
013 1 0154531728 REWARD_END
014 1 0157891420 STIM_START
014 1 0158816168 LICK
014 1 0158969532 LICK
014 1 0159859572 LICK
014 1 0160000132 LICK
014 1 0160814420 LICK
014 1 0160963644 LICK
014 1 0161916848 STIM_END_RESP_START
014 1 0161980220 LICK
014 1 0161980712 REWARD_START
014 1 0162091856 LICK
014 1 0162292888 LICK
014 1 0162403852 LICK
014 1 0162545184 LICK
014 1 0163116868 RESP_END
014 1 0161993736 REWARD_END
015 0 0165251524 STIM_START
015 0 0165567748 LICK
015 0 0165817816 LICK
015 0 0166361472 LICK
015 0 0166515972 LICK
015 0 0167523220 LICK
015 0 0167646832 LICK
015 0 0168776928 STIM_END_RESP_START
015 0 0169071580 LICK
015 0 0169072068 TIMEOUT_START
015 0 0169976964 RESP_END
015 0 0176072568 TIMEOUT_END
016 1 0182400084 STIM_START
016 1 0183496116 LICK
016 1 0184327096 LICK
016 1 0184467836 LICK
016 1 0185173232 LICK
016 1 0185316848 LICK
016 1 0185726960 LICK
016 1 0185886108 LICK
016 1 0185925460 STIM_END_RESP_START
016 1 0186154940 LICK
016 1 0186155432 REWARD_START
016 1 0187125468 RESP_END
016 1 0186168456 REWARD_END
017 0 0193022720 STIM_START
017 0 0193215772 LICK
017 0 0193373480 LICK
017 0 0193621748 LICK
017 0 0194291892 LICK
017 0 0194449648 LICK
017 0 0195433896 LICK
017 0 0195589344 LICK
017 0 0196466188 LICK
017 0 0196602608 LICK
017 0 0197048172 STIM_END_RESP_START
017 0 0197250768 LICK
017 0 0197251256 TIMEOUT_START
017 0 0197438204 LICK
017 0 0197438692 TIMEOUT_START
017 0 0197777396 LICK
017 0 0197777888 TIMEOUT_START
017 0 0198248180 RESP_END
017 0 0204778396 TIMEOUT_END
018 0 0206705796 STIM_START
018 0 0207567984 LICK
018 0 0207760148 LICK
018 0 0208572620 LICK
018 0 0209341576 LICK
018 0 0209897848 LICK
018 0 0210134424 LICK
018 0 0210731248 STIM_END_RESP_START
018 0 0210975808 LICK
018 0 0210976292 TIMEOUT_START
018 0 0211106972 LICK
018 0 0211107456 TIMEOUT_START
018 0 0211931280 RESP_END
018 0 0218107964 TIMEOUT_END
019 1 0222567160 STIM_START
019 1 0222751832 LICK
019 1 0223633036 LICK
019 1 0224755672 LICK
019 1 0224951980 LICK
019 1 0225969708 LICK
019 1 0226092524 STIM_END_RESP_START
019 1 0226153684 LICK
019 1 0226154168 REWARD_START
019 1 0227292572 RESP_END
019 1 0226167192 REWARD_END
020 1 0230106328 STIM_START
020 1 0231414260 LICK
020 1 0231581172 LICK
020 1 0232180912 LICK
020 1 0232350252 LICK
020 1 0232551124 LICK
020 1 0233430432 LICK
020 1 0233588524 LICK
020 1 0233631712 STIM_END_RESP_START
020 1 0234355860 LICK
020 1 0234356348 REWARD_START
020 1 0234502316 LICK
020 1 0234671500 LICK
020 1 0234784408 LICK
020 1 0234831732 RESP_END
020 1 0234369368 REWARD_END
021 0 0238572624 STIM_START
021 0 0239371984 LICK
021 0 0239513324 LICK
021 0 0239693096 LICK
021 0 0240664116 LICK
021 0 0240809744 LICK
021 0 0241013664 LICK
021 0 0241948400 LICK
021 0 0242498260 LICK
021 0 0242598076 STIM_END_RESP_START
021 0 0242703656 LICK
021 0 0242704140 TIMEOUT_START
021 0 0242898424 LICK
021 0 0242898904 TIMEOUT_START
021 0 0243091492 LICK
021 0 0243091976 TIMEOUT_START
021 0 0243798116 RESP_END
021 0 0250092472 TIMEOUT_END
022 0 0251890608 STIM_START
022 0 0253727652 LICK
022 0 0253876648 LICK
022 0 0254828344 LICK
022 0 0254961832 LICK
022 0 0255617752 LICK
022 0 0255836468 LICK
022 0 0255916052 STIM_END_RESP_START
022 0 0257116084 RESP_END
023 0 0259911848 STIM_START
023 0 0261169832 LICK
023 0 0262379224 LICK
023 0 0262549004 LICK
023 0 0263437216 STIM_END_RESP_START
023 0 0263761608 LICK
023 0 0263762096 TIMEOUT_START
023 0 0264637248 RESP_END
023 0 0270762596 TIMEOUT_END
024 1 0272715836 STIM_START
024 1 0273034388 LICK
024 1 0273567940 LICK
024 1 0273786932 LICK
024 1 0274011372 LICK
024 1 0274050472 LICK
024 1 0274814528 LICK
024 1 0274989548 LICK
024 1 0275862292 LICK
024 1 0276025300 LICK
024 1 0276491232 STIM_END_RESP_START
024 1 0276524240 LICK
024 1 0276524724 REWARD_START
024 1 0276731268 LICK
024 1 0276914204 LICK
024 1 0277046384 LICK
024 1 0277691260 RESP_END
024 1 0276537744 REWARD_END
025 0 0279961884 STIM_START
025 0 0280694632 LICK
025 0 0280846516 LICK
025 0 0281038548 LICK
025 0 0281778300 LICK
025 0 0281886800 LICK
025 0 0282867512 LICK
025 0 0282990856 LICK
025 0 0283295668 LICK
025 0 0283527576 LICK
025 0 0283747692 LICK
025 0 0283784572 LICK
025 0 0283987324 STIM_END_RESP_START
025 0 0285187360 RESP_END
026 0 0287055960 STIM_START
026 0 0287695056 LICK
026 0 0287817020 LICK
026 0 0289110840 LICK
026 0 0289254644 LICK
026 0 0290331328 STIM_END_RESP_START
026 0 0290547964 LICK
026 0 0290548448 TIMEOUT_START
026 0 0290713992 LICK
026 0 0290714476 TIMEOUT_START
026 0 0291531352 RESP_END
026 0 0297714976 TIMEOUT_END
027 0 0301885244 STIM_START
027 0 0304607320 LICK
027 0 0304789572 LICK
027 0 0305160592 STIM_END_RESP_START
027 0 0305577032 LICK
027 0 0305577520 TIMEOUT_START
027 0 0305741936 LICK
027 0 0305742420 TIMEOUT_START
027 0 0306360628 RESP_END
027 0 0312742936 TIMEOUT_END
028 1 0352230768 STIM_START
028 1 0352774040 LICK
028 1 0353940668 LICK
028 1 0354099328 LICK
028 1 0355301368 LICK
028 1 0355506128 STIM_END_RESP_START
028 1 0356335460 LICK
028 1 0356335952 REWARD_START
028 1 0356528332 LICK
028 1 0356706168 RESP_END
028 1 0356348976 REWARD_END
029 1 0358952792 STIM_START
029 1 0360423852 LICK
029 1 0360588052 LICK
029 1 0360731916 LICK
029 1 0360937856 LICK
029 1 0361536100 LICK
029 1 0361703276 LICK
029 1 0362228156 STIM_END_RESP_START
029 1 0362421536 LICK
029 1 0362422020 REWARD_START
029 1 0362577992 LICK
029 1 0362720668 LICK
029 1 0362858316 LICK
029 1 0363428200 RESP_END
029 1 0362435044 REWARD_END
030 0 0367687112 STIM_START
030 0 0368676932 LICK
030 0 0370517396 LICK
030 0 0370659704 LICK
030 0 0371212516 STIM_END_RESP_START
030 0 0371740444 LICK
030 0 0371740936 TIMEOUT_START
030 0 0371885112 LICK
030 0 0371885600 TIMEOUT_START
030 0 0372412548 RESP_END
030 0 0378886100 TIMEOUT_END
031 0 0380870140 STIM_START
031 0 0382292860 LICK
031 0 0382455524 LICK
031 0 0383125428 LICK
031 0 0383277092 LICK
031 0 0383874604 LICK
031 0 0384031852 LICK
031 0 0384509564 LICK
031 0 0384645564 STIM_END_RESP_START
031 0 0385593644 LICK
031 0 0385594128 TIMEOUT_START
031 0 0385776568 LICK
031 0 0385777056 TIMEOUT_START
031 0 0385845592 RESP_END
031 0 0392777560 TIMEOUT_END
032 0 0399479932 STIM_START
032 0 0399921508 LICK
032 0 0400159612 LICK
032 0 0400190684 LICK
032 0 0401002368 LICK
032 0 0401144948 LICK
032 0 0401986124 LICK
032 0 0402167144 LICK
032 0 0403023332 LICK
032 0 0403170620 LICK
032 0 0403255340 STIM_END_RESP_START
032 0 0403395816 LICK
032 0 0403396300 TIMEOUT_START
032 0 0404455364 RESP_END
032 0 0410396812 TIMEOUT_END
033 1 0413907124 STIM_START
033 1 0415902820 LICK
033 1 0417080048 LICK
033 1 0417260096 LICK
033 1 0417932548 STIM_END_RESP_START
033 1 0418064804 LICK
033 1 0418065288 REWARD_START
033 1 0418188380 LICK
033 1 0418640864 LICK
033 1 0418747992 LICK
033 1 0418868572 LICK
033 1 0419011352 LICK
033 1 0419132564 RESP_END
033 1 0418078312 REWARD_END
034 1 0422088368 STIM_START
034 1 0422719284 LICK
034 1 0422878436 LICK
034 1 0424097692 LICK
034 1 0424258876 LICK
034 1 0424450644 LICK
034 1 0425179260 LICK
034 1 0425315548 LICK
034 1 0425613736 STIM_END_RESP_START
034 1 0426035472 LICK
034 1 0426035956 REWARD_START
034 1 0426181272 LICK
034 1 0426371512 LICK
034 1 0426489188 LICK
034 1 0426623332 LICK
034 1 0426813764 RESP_END
034 1 0426048976 REWARD_END
035 0 0429603464 STIM_START
035 0 0430378260 LICK
035 0 0430587560 LICK
035 0 0431596408 LICK
035 0 0431750260 LICK
035 0 0432582204 LICK
035 0 0432743568 LICK
035 0 0432929496 LICK
035 0 0433378888 STIM_END_RESP_START
035 0 0433812412 LICK
035 0 0433812904 TIMEOUT_START
035 0 0433964164 LICK
035 0 0433964648 TIMEOUT_START
035 0 0434150736 LICK
035 0 0434151220 TIMEOUT_START
035 0 0434578908 RESP_END
035 0 0441151732 TIMEOUT_END
036 1 0445159856 STIM_START
036 1 0446289528 LICK
036 1 0446452644 LICK
036 1 0447351688 LICK
036 1 0447515780 LICK
036 1 0448297020 LICK
036 1 0448436128 LICK
036 1 0449146520 LICK
036 1 0449185276 STIM_END_RESP_START
036 1 0449309008 LICK
036 1 0449309492 REWARD_START
036 1 0449499776 LICK
036 1 0449643124 LICK
036 1 0449771488 LICK
036 1 0450385300 RESP_END
036 1 0449322516 REWARD_END
037 1 0452684000 STIM_START
037 1 0453383392 LICK
037 1 0453519116 LICK
037 1 0454377924 LICK
037 1 0454553228 LICK
037 1 0454723640 LICK
037 1 0455972400 LICK
037 1 0456113568 LICK
037 1 0456209384 STIM_END_RESP_START
037 1 0456988408 LICK
037 1 0456988900 REWARD_START
037 1 0457166412 LICK
037 1 0457330140 LICK
037 1 0457409428 RESP_END
037 1 0457001916 REWARD_END
038 1 0460664144 STIM_START
038 1 0461767308 LICK
038 1 0461896948 LICK
038 1 0462138084 LICK
038 1 0462953748 LICK
038 1 0463103956 LICK
038 1 0463971540 LICK
038 1 0464107432 LICK
038 1 0464439540 STIM_END_RESP_START
038 1 0464599868 LICK
038 1 0464600360 REWARD_START
038 1 0464763012 LICK
038 1 0464922060 LICK
038 1 0465041872 LICK
038 1 0465167212 LICK
038 1 0465639556 RESP_END
038 1 0464613384 REWARD_END
039 0 0467845272 STIM_START
039 0 0468605240 LICK
039 0 0468763960 LICK
039 0 0469671880 LICK
039 0 0469818356 LICK
039 0 0470914756 LICK
039 0 0471082316 LICK
039 0 0471620680 STIM_END_RESP_START
039 0 0472820708 RESP_END
040 1 0474827316 STIM_START
040 1 0475753412 LICK
040 1 0475939524 LICK
040 1 0476781516 LICK
040 1 0476925228 LICK
040 1 0477563020 LICK
040 1 0477725924 LICK
040 1 0478312704 LICK
040 1 0478352680 STIM_END_RESP_START
040 1 0478468488 LICK
040 1 0478468972 REWARD_START
040 1 0478640084 LICK
040 1 0478826568 LICK
040 1 0478928072 LICK
040 1 0479473460 LICK
040 1 0479552696 RESP_END
040 1 0478481992 REWARD_END
041 0 0481964388 STIM_START
041 0 0483231728 LICK
041 0 0483399572 LICK
041 0 0484185592 LICK
041 0 0484318608 LICK
041 0 0484495788 LICK
041 0 0485404804 LICK
041 0 0485576716 LICK
041 0 0485739788 STIM_END_RESP_START
041 0 0485768592 LICK
041 0 0485769076 TIMEOUT_START
041 0 0486939800 RESP_END
041 0 0492769592 TIMEOUT_END
042 1 0494634304 STIM_START
042 1 0495009160 LICK
042 1 0495342652 LICK
042 1 0495552180 LICK
042 1 0496036284 LICK
042 1 0496198248 LICK
042 1 0496416536 LICK
042 1 0496767280 LICK
042 1 0496930384 LICK
042 1 0497129020 LICK
042 1 0497562128 LICK
042 1 0497746612 LICK
042 1 0498159700 STIM_END_RESP_START
042 1 0498602580 LICK
042 1 0498603072 REWARD_START
042 1 0498749912 LICK
042 1 0498927936 LICK
042 1 0499048576 LICK
042 1 0499359712 RESP_END
042 1 0498616088 REWARD_END
043 1 0503633708 STIM_START
043 1 0504258004 LICK
043 1 0504429512 LICK
043 1 0505482544 LICK
043 1 0505648936 LICK
043 1 0506179420 LICK
043 1 0506339736 LICK
043 1 0506533716 LICK
043 1 0507409124 STIM_END_RESP_START
043 1 0507715008 LICK
043 1 0507715492 REWARD_START
043 1 0507892196 LICK
043 1 0508044000 LICK
043 1 0508177048 LICK
043 1 0508609168 RESP_END
043 1 0507728516 REWARD_END
044 0 0512414020 STIM_START
044 0 0513124388 LICK
044 0 0513271656 LICK
044 0 0513929992 LICK
044 0 0514100556 LICK
044 0 0514255496 LICK
044 0 0515028472 LICK
044 0 0515185980 LICK
044 0 0515365208 LICK
044 0 0515689364 STIM_END_RESP_START
044 0 0516140564 LICK
044 0 0516141048 TIMEOUT_START
044 0 0516281336 LICK
044 0 0516281828 TIMEOUT_START
044 0 0516840000 LICK
044 0 0516840492 TIMEOUT_START
044 0 0516889400 RESP_END
044 0 0523840996 TIMEOUT_END
045 0 0525762020 STIM_START
045 0 0526940964 LICK
045 0 0527768228 LICK
045 0 0527919616 LICK
045 0 0528784440 LICK
045 0 0528916032 LICK
045 0 0529417776 LICK
045 0 0529590780 LICK
045 0 0529787444 STIM_END_RESP_START
045 0 0529819736 LICK
045 0 0529820220 TIMEOUT_START
045 0 0530987468 RESP_END
045 0 0536820732 TIMEOUT_END
046 1 0538999056 STIM_START
046 1 0540109056 LICK
046 1 0540973024 LICK
046 1 0541126396 LICK
046 1 0541959476 LICK
046 1 0542082852 LICK
046 1 0542298868 LICK
046 1 0542524432 STIM_END_RESP_START
046 1 0543106528 LICK
046 1 0543107016 REWARD_START
046 1 0543267184 LICK
046 1 0543437092 LICK
046 1 0543552464 LICK
046 1 0543724440 RESP_END
046 1 0543120040 REWARD_END
047 0 0545771036 STIM_START
047 0 0546923124 LICK
047 0 0547078876 LICK
047 0 0547254244 LICK
047 0 0547845816 LICK
047 0 0548001280 LICK
047 0 0548220428 LICK
047 0 0548437220 LICK
047 0 0548936196 LICK
047 0 0549046404 STIM_END_RESP_START
047 0 0549143112 LICK
047 0 0549143604 TIMEOUT_START
047 0 0549943944 LICK
047 0 0549944436 TIMEOUT_START
047 0 0550070188 LICK
047 0 0550070680 TIMEOUT_START
047 0 0550246452 RESP_END
047 0 0557071184 TIMEOUT_END
048 1 0558902108 STIM_START
048 1 0560520480 LICK
048 1 0561240500 LICK
048 1 0561420748 LICK
048 1 0562131860 LICK
048 1 0562298232 LICK
048 1 0562677504 STIM_END_RESP_START
048 1 0563187988 LICK
048 1 0563188476 REWARD_START
048 1 0563343572 LICK
048 1 0563529656 LICK
048 1 0563666256 LICK
048 1 0563877540 RESP_END
048 1 0563201504 REWARD_END
049 1 0565649064 STIM_START
049 1 0565843268 LICK
049 1 0566021084 LICK
049 1 0566199804 LICK
049 1 0566943972 LICK
049 1 0567088120 LICK
049 1 0567306936 LICK
049 1 0568055916 LICK
049 1 0568216212 LICK
049 1 0568924400 STIM_END_RESP_START
049 1 0569229764 LICK
049 1 0569230248 REWARD_START
049 1 0569375284 LICK
049 1 0569551068 LICK
049 1 0569706056 LICK
049 1 0570124448 RESP_END
049 1 0569243272 REWARD_END
050 1 0574093368 STIM_START
050 1 0574267508 LICK
050 1 0574421396 LICK
050 1 0575278192 LICK
050 1 0575429756 LICK
050 1 0576278084 LICK
050 1 0576473876 LICK
050 1 0576611852 LICK
050 1 0577391400 LICK
050 1 0577558164 LICK
050 1 0577618760 STIM_END_RESP_START
050 1 0578279704 LICK
050 1 0578280188 REWARD_START
050 1 0578423824 LICK
050 1 0578580124 LICK
050 1 0578709108 LICK
050 1 0578818780 RESP_END
050 1 0578293212 REWARD_END
051 0 0580980420 STIM_START
051 0 0582131476 LICK
051 0 0582314208 LICK
051 0 0583503180 LICK
051 0 0583647112 LICK
051 0 0584761320 LICK
051 0 0584901828 LICK
051 0 0585005856 STIM_END_RESP_START
051 0 0585105540 LICK
051 0 0585106024 TIMEOUT_START
051 0 0585963228 LICK
051 0 0585963716 TIMEOUT_START
051 0 0586073568 LICK
051 0 0586074056 TIMEOUT_START
051 0 0586205904 RESP_END
051 0 0593074568 TIMEOUT_END
052 1 0595035484 STIM_START
052 1 0596107408 LICK
052 1 0597104968 LICK
052 1 0598046328 LICK
052 1 0598247280 LICK
052 1 0598865644 LICK
052 1 0599001508 LICK
052 1 0599060900 STIM_END_RESP_START
052 1 0600260928 RESP_END
053 0 0602852692 STIM_START
053 0 0603338792 LICK
053 0 0603540768 LICK
053 0 0604652048 LICK
053 0 0604807452 LICK
053 0 0605707528 LICK
053 0 0605834000 LICK
053 0 0606128064 STIM_END_RESP_START
053 0 0606821204 LICK
053 0 0606821696 TIMEOUT_START
053 0 0606987436 LICK
053 0 0606987924 TIMEOUT_START
053 0 0607328104 RESP_END
053 0 0613988428 TIMEOUT_END
054 0 0615930668 STIM_START
054 0 0616568312 LICK
054 0 0616762264 LICK
054 0 0617345776 LICK
054 0 0618372752 LICK
054 0 0618531784 LICK
054 0 0619206036 STIM_END_RESP_START
054 0 0619280324 LICK
054 0 0619280812 TIMEOUT_START
054 0 0619438084 LICK
054 0 0619438568 TIMEOUT_START
054 0 0620374540 LICK
054 0 0620375028 TIMEOUT_START
054 0 0620406052 RESP_END
054 0 0627375536 TIMEOUT_END
055 0 0629178692 STIM_START
055 0 0630301880 LICK
055 0 0630863620 LICK
055 0 0631019228 LICK
055 0 0631826924 LICK
055 0 0631960732 LICK
055 0 0632918816 LICK
055 0 0633090000 LICK
055 0 0633204128 STIM_END_RESP_START
055 0 0634129432 LICK
055 0 0634129920 TIMEOUT_START
055 0 0634281812 LICK
055 0 0634282304 TIMEOUT_START
055 0 0634404156 RESP_END
055 0 0641282812 TIMEOUT_END
056 1 0643043788 STIM_START
056 1 0644985752 LICK
056 1 0645732776 LICK
056 1 0645875044 LICK
056 1 0646710880 LICK
056 1 0646819192 STIM_END_RESP_START
056 1 0646851108 LICK
056 1 0646851600 REWARD_START
056 1 0647070884 LICK
056 1 0648019232 RESP_END
056 1 0646864616 REWARD_END
057 0 0651936136 STIM_START
057 0 0654468896 LICK
057 0 0655462960 LICK
057 0 0655627928 LICK
057 0 0655711528 STIM_END_RESP_START
057 0 0655840904 LICK
057 0 0655841392 TIMEOUT_START
057 0 0656850644 LICK
057 0 0656851132 TIMEOUT_START
057 0 0656911576 RESP_END
057 0 0663851636 TIMEOUT_END
058 1 0665894228 STIM_START
058 1 0667244172 LICK
058 1 0668339080 LICK
058 1 0669016120 LICK
058 1 0669588708 LICK
058 1 0669669640 STIM_END_RESP_START
058 1 0669776760 LICK
058 1 0669777252 REWARD_START
058 1 0669963664 LICK
058 1 0670095496 LICK
058 1 0670827880 LICK
058 1 0670869656 RESP_END
058 1 0669790260 REWARD_END
059 0 0674160468 STIM_START
059 0 0675485628 LICK
059 0 0675646888 LICK
059 0 0675847012 LICK
059 0 0676513548 LICK
059 0 0676668308 LICK
059 0 0676860892 LICK
059 0 0677658348 LICK
059 0 0677815548 LICK
059 0 0678040520 LICK
059 0 0678185888 STIM_END_RESP_START
059 0 0678532472 LICK
059 0 0678532956 TIMEOUT_START
059 0 0678702788 LICK
059 0 0678703276 TIMEOUT_START
059 0 0678951896 LICK
059 0 0678952388 TIMEOUT_START
059 0 0679385924 RESP_END
059 0 0685952896 TIMEOUT_END
060 0 0687812528 STIM_START
060 0 0688909128 LICK
060 0 0689535360 LICK
060 0 0689690068 LICK
060 0 0689920064 LICK
060 0 0690534500 LICK
060 0 0690699428 LICK
060 0 0690890200 LICK
060 0 0691708368 LICK
060 0 0691837964 STIM_END_RESP_START
060 0 0691870480 LICK
060 0 0691870968 TIMEOUT_START
060 0 0693037996 RESP_END
060 0 0698871464 TIMEOUT_END
061 1 0700622432 STIM_START
061 1 0702139680 LICK
061 1 0702348576 LICK
061 1 0702857788 LICK
061 1 0703015168 LICK
061 1 0703819408 LICK
061 1 0703897792 STIM_END_RESP_START
061 1 0703954300 LICK
061 1 0703954784 REWARD_START
061 1 0704146220 LICK
061 1 0704262968 LICK
061 1 0705097832 RESP_END
061 1 0703967812 REWARD_END
062 0 0709055720 STIM_START
062 0 0711128796 LICK
062 0 0711287448 LICK
062 0 0712107984 LICK
062 0 0712265068 LICK
062 0 0712331064 STIM_END_RESP_START
062 0 0713038952 LICK
062 0 0713039436 TIMEOUT_START
062 0 0713228972 LICK
062 0 0713229460 TIMEOUT_START
062 0 0713393844 LICK
062 0 0713394336 TIMEOUT_START
062 0 0713531100 RESP_END
062 0 0720394836 TIMEOUT_END
063 0 0722447780 STIM_START
063 0 0724277036 LICK
063 0 0724493904 LICK
063 0 0725005056 LICK
063 0 0725241436 LICK
063 0 0725722708 LICK
063 0 0725888160 LICK
063 0 0726223172 STIM_END_RESP_START
063 0 0726662604 LICK
063 0 0726663088 TIMEOUT_START
063 0 0726845040 LICK
063 0 0726845532 TIMEOUT_START
063 0 0727423216 RESP_END
063 0 0733846036 TIMEOUT_END
064 0 0735633736 STIM_START
064 0 0735688940 LICK
064 0 0736568844 LICK
064 0 0736738368 LICK
064 0 0737650512 LICK
064 0 0737822332 LICK
064 0 0738638568 LICK
064 0 0738813860 LICK
064 0 0739659152 STIM_END_RESP_START
064 0 0739848784 LICK
064 0 0739849276 TIMEOUT_START
064 0 0740013448 LICK
064 0 0740013932 TIMEOUT_START
064 0 0740859168 RESP_END
064 0 0747014436 TIMEOUT_END
065 1 0749154756 STIM_START
065 1 0751238496 LICK
065 1 0752035156 LICK
065 1 0752188320 LICK
065 1 0752430116 STIM_END_RESP_START
065 1 0752909020 LICK
065 1 0752909516 REWARD_START
065 1 0753047956 LICK
065 1 0753232800 LICK
065 1 0753335736 LICK
065 1 0753630132 RESP_END
065 1 0752922532 REWARD_END
066 1 0755709764 STIM_START
066 1 0756522928 LICK
066 1 0756705624 LICK
066 1 0757405384 LICK
066 1 0757558164 LICK
066 1 0758353636 LICK
066 1 0758526268 LICK
066 1 0759056288 LICK
066 1 0759218316 LICK
066 1 0759735196 STIM_END_RESP_START
066 1 0759871436 LICK
066 1 0759871928 REWARD_START
066 1 0760021440 LICK
066 1 0760152316 LICK
066 1 0760274348 LICK
066 1 0760935228 RESP_END
066 1 0759884956 REWARD_END
067 1 0762685808 STIM_START
067 1 0764259088 LICK
067 1 0764441636 LICK
067 1 0765260380 LICK
067 1 0765414660 LICK
067 1 0765610376 LICK
067 1 0766461220 STIM_END_RESP_START
067 1 0766547848 LICK
067 1 0766548340 REWARD_START
067 1 0766672588 LICK
067 1 0766820276 LICK
067 1 0766964988 LICK
067 1 0767595044 LICK
067 1 0767661260 RESP_END
067 1 0766561368 REWARD_END
068 0 0769869952 STIM_START
068 0 0772260672 LICK
068 0 0772412212 LICK
068 0 0772590976 LICK
068 0 0773145300 STIM_END_RESP_START
068 0 0773425880 LICK
068 0 0773426372 TIMEOUT_START
068 0 0773529408 LICK
068 0 0773529900 TIMEOUT_START
068 0 0774345316 RESP_END
068 0 0780530404 TIMEOUT_END
069 1 0782589836 STIM_START
069 1 0782808092 LICK
069 1 0783914556 LICK
069 1 0784071604 LICK
069 1 0784972504 LICK
069 1 0785108268 LICK
069 1 0786047820 LICK
069 1 0786196708 LICK
069 1 0786365264 STIM_END_RESP_START
069 1 0786906704 LICK
069 1 0786907196 REWARD_START
069 1 0787091112 LICK
069 1 0787280888 LICK
069 1 0787404912 LICK
069 1 0787565296 RESP_END
069 1 0786920216 REWARD_END
070 0 0789475924 STIM_START
070 0 0792751268 STIM_END_RESP_START
070 0 0793150696 LICK
070 0 0793151184 TIMEOUT_START
070 0 0793307216 LICK
070 0 0793307704 TIMEOUT_START
070 0 0793880732 LICK
070 0 0793881216 TIMEOUT_START
070 0 0793951276 RESP_END
070 0 0800881736 TIMEOUT_END
071 0 0802964948 STIM_START
071 0 0803997164 LICK
071 0 0804194748 LICK
071 0 0804948680 LICK
071 0 0805099980 LICK
071 0 0805860468 LICK
071 0 0806001040 LICK
071 0 0806639700 LICK
071 0 0806740348 STIM_END_RESP_START
071 0 0806798024 LICK
071 0 0806798516 TIMEOUT_START
071 0 0807341424 LICK
071 0 0807341908 TIMEOUT_START
071 0 0807553096 LICK
071 0 0807553580 TIMEOUT_START
071 0 0807940376 RESP_END
071 0 0814554084 TIMEOUT_END
072 0 0816464964 STIM_START
072 0 0818415076 LICK
072 0 0818589344 LICK
072 0 0819199360 LICK
072 0 0819399336 LICK
072 0 0819740332 STIM_END_RESP_START
072 0 0820222920 LICK
072 0 0820223412 TIMEOUT_START
072 0 0820371948 LICK
072 0 0820372432 TIMEOUT_START
072 0 0820940360 RESP_END
072 0 0827372948 TIMEOUT_END
073 1 0829295904 STIM_START
073 1 0830449160 LICK
073 1 0831156088 LICK
073 1 0831332888 LICK
073 1 0832054360 LICK
073 1 0832263156 LICK
073 1 0832449020 LICK
073 1 0832821268 STIM_END_RESP_START
073 1 0833132056 LICK
073 1 0833132544 REWARD_START
073 1 0833292576 LICK
073 1 0833466132 LICK
073 1 0833580028 LICK
073 1 0833724728 LICK
073 1 0834021312 RESP_END
073 1 0833145564 REWARD_END
074 1 0839398428 STIM_START
074 1 0841116356 LICK
074 1 0841323668 LICK
074 1 0842073328 LICK
074 1 0842233148 LICK
074 1 0842423740 LICK
074 1 0842673792 STIM_END_RESP_START
074 1 0842990780 LICK
074 1 0842991264 REWARD_START
074 1 0843166684 LICK
074 1 0843327000 LICK
074 1 0843436044 LICK
074 1 0843873840 RESP_END
074 1 0843004288 REWARD_END
075 0 0845821352 STIM_START
075 0 0846922140 LICK
075 0 0847064136 LICK
075 0 0847222384 LICK
075 0 0847713824 LICK
075 0 0847870076 LICK
075 0 0848038920 LICK
075 0 0848811172 LICK
075 0 0848921688 LICK
075 0 0849086000 LICK
075 0 0849596756 STIM_END_RESP_START
075 0 0849663496 LICK
075 0 0849663984 TIMEOUT_START
075 0 0849816636 LICK
075 0 0849817120 TIMEOUT_START
075 0 0850466156 LICK
075 0 0850466640 TIMEOUT_START
075 0 0850796788 RESP_END
075 0 0857467140 TIMEOUT_END
076 0 0859363440 STIM_START
076 0 0860241104 LICK
076 0 0860409116 LICK
076 0 0861476684 LICK
076 0 0861646104 LICK
076 0 0862583212 LICK
076 0 0862717848 LICK
076 0 0863388880 STIM_END_RESP_START
076 0 0863852076 LICK
076 0 0863852568 TIMEOUT_START
076 0 0864017592 LICK
076 0 0864018076 TIMEOUT_START
076 0 0864588912 RESP_END
076 0 0871018584 TIMEOUT_END
077 0 0872992472 STIM_START
077 0 0874839516 LICK
077 0 0875010228 LICK
077 0 0875970012 LICK
077 0 0876187572 LICK
077 0 0876517864 STIM_END_RESP_START
077 0 0876835716 LICK
077 0 0876836208 TIMEOUT_START
077 0 0876984552 LICK
077 0 0876985036 TIMEOUT_START
077 0 0877504168 LICK
077 0 0877504656 TIMEOUT_START
077 0 0877705752 LICK
077 0 0877706236 TIMEOUT_START
077 0 0877717876 RESP_END
077 0 0884706740 TIMEOUT_END
078 1 0886464536 STIM_START
078 1 0888857460 LICK
078 1 0889031248 LICK
078 1 0889707604 LICK
078 1 0889916692 LICK
078 1 0890489960 STIM_END_RESP_START
078 1 0890574096 LICK
078 1 0890574580 REWARD_START
078 1 0890747036 LICK
078 1 0890899184 LICK
078 1 0891029716 LICK
078 1 0891690004 RESP_END
078 1 0890587604 REWARD_END
079 1 0893447612 STIM_START
079 1 0894661592 LICK
079 1 0894786436 LICK
079 1 0895002904 LICK
079 1 0895328080 LICK
079 1 0895518872 LICK
079 1 0895983244 LICK
079 1 0896137208 LICK
079 1 0896540516 LICK
079 1 0896722976 STIM_END_RESP_START
079 1 0896735704 LICK
079 1 0896736192 REWARD_START
079 1 0897004220 LICK
079 1 0897171412 LICK
079 1 0897283812 LICK
079 1 0897922992 RESP_END
079 1 0896749212 REWARD_END
080 0 0900207628 STIM_START
080 0 0901325496 LICK
080 0 0901508124 LICK
080 0 0903220588 LICK
080 0 0903368352 LICK
080 0 0903482976 STIM_END_RESP_START
080 0 0904475968 LICK
080 0 0904476452 TIMEOUT_START
080 0 0904620516 LICK
080 0 0904621000 TIMEOUT_START
080 0 0904683020 RESP_END
080 0 0911621516 TIMEOUT_END
081 1 0913433592 STIM_START
081 1 0915460908 LICK
081 1 0916464000 LICK
081 1 0916594920 LICK
081 1 0917412148 LICK
081 1 0917459040 STIM_END_RESP_START
081 1 0917574312 LICK
081 1 0917574804 REWARD_START
081 1 0918406860 LICK
081 1 0918573704 LICK
081 1 0918659084 RESP_END
081 1 0917587820 REWARD_END
082 0 0924023172 STIM_START
082 0 0925096404 LICK
082 0 0925242584 LICK
082 0 0926371456 LICK
082 0 0926532612 LICK
082 0 0927414868 LICK
082 0 0927589484 LICK
082 0 0927798596 STIM_END_RESP_START
082 0 0927807628 LICK
082 0 0927808124 TIMEOUT_START
082 0 0928537512 LICK
082 0 0928538004 TIMEOUT_START
082 0 0928696248 LICK
082 0 0928696740 TIMEOUT_START
082 0 0928918428 LICK
082 0 0928918920 TIMEOUT_START
082 0 0928998636 RESP_END
082 0 0935919416 TIMEOUT_END
083 0 0937834272 STIM_START
083 0 0940175904 LICK
083 0 0941047792 LICK
083 0 0941204924 LICK
083 0 0941359644 STIM_END_RESP_START
083 0 0941863596 LICK
083 0 0941864088 TIMEOUT_START
083 0 0942038148 LICK
083 0 0942038636 TIMEOUT_START
083 0 0942262344 LICK
083 0 0942262828 TIMEOUT_START
083 0 0942559684 RESP_END
083 0 0949263332 TIMEOUT_END
084 1 0951191328 STIM_START
084 1 0953772876 LICK
084 1 0954815840 LICK
084 1 0955216772 STIM_END_RESP_START
084 1 0955614040 LICK
084 1 0955614532 REWARD_START
084 1 0955791272 LICK
084 1 0955966124 LICK
084 1 0956083324 LICK
084 1 0956416792 RESP_END
084 1 0955627560 REWARD_END
085 0 0958299384 STIM_START
085 0 0959697604 LICK
085 0 0959854124 LICK
085 0 0960725936 LICK
085 0 0960859152 LICK
085 0 0962074800 STIM_END_RESP_START
085 0 0962129968 LICK
085 0 0962130452 TIMEOUT_START
085 0 0962332632 LICK
085 0 0962333124 TIMEOUT_START
085 0 0963274844 RESP_END
085 0 0969333632 TIMEOUT_END
086 1 0971449368 STIM_START
086 1 0973622464 LICK
086 1 0974616716 LICK
086 1 0974974736 STIM_END_RESP_START
086 1 0975518792 LICK
086 1 0975519280 REWARD_START
086 1 0975770416 LICK
086 1 0976174764 RESP_END
086 1 0975532304 REWARD_END
087 0 0978204368 STIM_START
087 0 0979868544 LICK
087 0 0980042248 LICK
087 0 0980720824 LICK
087 0 0980855072 LICK
087 0 0981030532 LICK
087 0 0981479728 STIM_END_RESP_START
087 0 0981699828 LICK
087 0 0981700316 TIMEOUT_START
087 0 0981867348 LICK
087 0 0981867840 TIMEOUT_START
087 0 0982021224 LICK
087 0 0982021708 TIMEOUT_START
087 0 0982395584 LICK
087 0 0982396080 TIMEOUT_START
087 0 0982604016 LICK
087 0 0982604500 TIMEOUT_START
087 0 0982679760 RESP_END
087 0 0989605012 TIMEOUT_END
088 0 0991583396 STIM_START
088 0 0993189944 LICK
088 0 0993804992 LICK
088 0 0994005768 LICK
088 0 0994705640 LICK
088 0 0994874300 LICK
088 0 0995358792 STIM_END_RESP_START
088 0 0995758160 LICK
088 0 0995758644 TIMEOUT_START
088 0 0995905792 LICK
088 0 0995906280 TIMEOUT_START
088 0 0996558820 RESP_END
088 0 1002906780 TIMEOUT_END
089 1 1004759404 STIM_START
089 1 1007020680 LICK
089 1 1007177824 LICK
089 1 1008034772 STIM_END_RESP_START
089 1 1008092812 LICK
089 1 1008093348 REWARD_START
089 1 1008241348 LICK
089 1 1008423904 LICK
089 1 1009234792 RESP_END
089 1 1008106420 REWARD_END
090 1 1011062352 STIM_START
090 1 1012985464 LICK
090 1 1013155420 LICK
090 1 1013346904 LICK
090 1 1014027412 LICK
090 1 1014183880 LICK
090 1 1014392128 LICK
090 1 1014837744 STIM_END_RESP_START
090 1 1015112636 LICK
090 1 1015113176 REWARD_START
090 1 1015263956 LICK
090 1 1015584032 LICK
090 1 1016037768 RESP_END
090 1 1015126256 REWARD_END
091 0 1018829500 STIM_START
091 0 1019222032 LICK
091 0 1019393936 LICK
091 0 1019591752 LICK
091 0 1020470616 LICK
091 0 1020630348 LICK
091 0 1020821700 LICK
091 0 1021717548 LICK
091 0 1021865652 LICK
091 0 1022050456 LICK
091 0 1022440644 LICK
091 0 1022581360 LICK
091 0 1022793564 LICK
091 0 1022854936 STIM_END_RESP_START
091 0 1024054948 RESP_END
092 1 1026712684 STIM_START
092 1 1029988036 STIM_END_RESP_START
092 1 1030558180 LICK
092 1 1030558712 REWARD_START
092 1 1030704292 LICK
092 1 1030869544 LICK
092 1 1031104952 LICK
092 1 1031188072 RESP_END
092 1 1030571788 REWARD_END
093 0 1033591752 STIM_START
093 0 1035086036 LICK
093 0 1036206804 LICK
093 0 1036357836 LICK
093 0 1036530220 LICK
093 0 1037341204 LICK
093 0 1037367140 STIM_END_RESP_START
093 0 1037541828 LICK
093 0 1037542360 TIMEOUT_START
093 0 1037659416 LICK
093 0 1037659948 TIMEOUT_START
093 0 1038160916 LICK
093 0 1038161448 TIMEOUT_START
093 0 1038405704 LICK
093 0 1038406236 TIMEOUT_START
093 0 1038563312 LICK
093 0 1038563852 TIMEOUT_START
093 0 1038567160 RESP_END
093 0 1045564404 TIMEOUT_END
094 0 1047400832 STIM_START
094 0 1050938704 LICK
094 0 1051092888 LICK
094 0 1051426268 STIM_END_RESP_START
094 0 1052626292 RESP_END
095 0 1054586908 STIM_START
095 0 1058362308 STIM_END_RESP_START
095 0 1058534272 LICK
095 0 1058534812 TIMEOUT_START
095 0 1059562344 RESP_END
095 0 1065535372 TIMEOUT_END
096 1 1067415800 STIM_START
096 1 1070375876 LICK
096 1 1070941196 STIM_END_RESP_START
096 1 1071160504 LICK
096 1 1071161036 REWARD_START
096 1 1071302508 LICK
096 1 1072141220 RESP_END
096 1 1071174112 REWARD_END
097 0 1074342904 STIM_START
097 0 1076649896 LICK
097 0 1076813152 LICK
097 0 1077671208 LICK
097 0 1077825752 LICK
097 0 1077868288 STIM_END_RESP_START
097 0 1077984080 LICK
097 0 1077984616 TIMEOUT_START
097 0 1078772836 LICK
097 0 1078773368 TIMEOUT_START
097 0 1078917904 LICK
097 0 1078918440 TIMEOUT_START
097 0 1079068308 RESP_END
097 0 1085919000 TIMEOUT_END
098 0 1087970972 STIM_START
098 0 1090220572 LICK
098 0 1090386164 LICK
098 0 1091014916 LICK
098 0 1091183944 LICK
098 0 1091246316 STIM_END_RESP_START
098 0 1091988288 LICK
098 0 1091988824 TIMEOUT_START
098 0 1092164536 LICK
098 0 1092165072 TIMEOUT_START
098 0 1092446348 RESP_END
098 0 1099165616 TIMEOUT_END
099 1 1101213932 STIM_START
099 1 1103484880 LICK
099 1 1104054464 LICK
099 1 1104222136 LICK
099 1 1104906788 LICK
099 1 1104989340 STIM_END_RESP_START
099 1 1105058496 LICK
099 1 1105059032 REWARD_START
099 1 1105706024 LICK
099 1 1105889992 LICK
099 1 1105996736 LICK
099 1 1106189360 RESP_END
099 1 1105072108 REWARD_END
100 0 1108258000 STIM_START
100 0 1110880060 LICK
100 0 1111106328 LICK
100 0 1111316180 LICK
100 0 1111789548 LICK
100 0 1111942668 LICK
100 0 1112033384 STIM_END_RESP_START
100 0 1112172472 LICK
100 0 1112173008 TIMEOUT_START
100 0 1112811628 LICK
100 0 1112812156 TIMEOUT_START
100 0 1112946308 LICK
100 0 1112946848 TIMEOUT_START
100 0 1113156624 LICK
100 0 1113157156 TIMEOUT_START
100 0 1113233432 RESP_END
100 0 1120157716 TIMEOUT_END
101 1 1122267100 STIM_START
101 1 1125484728 LICK
101 1 1125630464 LICK
101 1 1125792504 STIM_END_RESP_START
101 1 1126269316 LICK
101 1 1126269852 REWARD_START
101 1 1126438504 LICK
101 1 1126602364 LICK
101 1 1126728292 LICK
101 1 1126992532 RESP_END
101 1 1126282932 REWARD_END
102 0 1129022140 STIM_START
102 0 1130629552 LICK
102 0 1131586356 LICK
102 0 1131736372 LICK
102 0 1131893844 LICK
102 0 1132571492 LICK
102 0 1132734692 LICK
102 0 1132797560 STIM_END_RESP_START
102 0 1132920912 LICK
102 0 1132921440 TIMEOUT_START
102 0 1133535052 LICK
102 0 1133535592 TIMEOUT_START
102 0 1133684868 LICK
102 0 1133685396 TIMEOUT_START
102 0 1133859636 LICK
102 0 1133860172 TIMEOUT_START
102 0 1133997580 RESP_END
102 0 1140860724 TIMEOUT_END
103 1 1142952184 STIM_START
103 1 1145583516 LICK
103 1 1145748880 LICK
103 1 1146507916 LICK
103 1 1146638952 LICK
103 1 1146977636 STIM_END_RESP_START
103 1 1147285344 LICK
103 1 1147285880 REWARD_START
103 1 1147441924 LICK
103 1 1147626944 LICK
103 1 1147744628 LICK
103 1 1148177684 RESP_END
103 1 1147298960 REWARD_END
104 0 1149959280 STIM_START
104 0 1153484676 STIM_END_RESP_START
104 0 1154684688 RESP_END
105 1 1156651316 STIM_START
105 1 1158368812 LICK
105 1 1158578668 LICK
105 1 1159295288 LICK
105 1 1159430452 LICK
105 1 1159633688 LICK
105 1 1160149892 LICK
105 1 1160322436 LICK
105 1 1160676748 STIM_END_RESP_START
105 1 1160979728 LICK
105 1 1160980260 REWARD_START
105 1 1161165164 LICK
105 1 1161327364 LICK
105 1 1161466948 LICK
105 1 1161876764 RESP_END
105 1 1160993336 REWARD_END
106 0 1163826372 STIM_START
106 0 1164939236 LICK
106 0 1165121352 LICK
106 0 1166012088 LICK
106 0 1166160972 LICK
106 0 1166332068 LICK
106 0 1167254568 LICK
106 0 1167393140 LICK
106 0 1167571572 LICK
106 0 1167601764 STIM_END_RESP_START
106 0 1168142328 LICK
106 0 1168142864 TIMEOUT_START
106 0 1168320056 LICK
106 0 1168320592 TIMEOUT_START
106 0 1168801796 RESP_END
106 0 1175321144 TIMEOUT_END
107 0 1177212340 STIM_START
107 0 1180242996 LICK
107 0 1180487700 STIM_END_RESP_START
107 0 1181046240 LICK
107 0 1181046772 TIMEOUT_START
107 0 1181186932 LICK
107 0 1181187468 TIMEOUT_START
107 0 1181687724 RESP_END
107 0 1188188032 TIMEOUT_END
108 1 1190119364 STIM_START
108 1 1193041424 LICK
108 1 1193832572 LICK
108 1 1193894780 STIM_END_RESP_START
108 1 1193967792 LICK
108 1 1193968324 REWARD_START
108 1 1194780384 LICK
108 1 1194926100 LICK
108 1 1195039120 LICK
108 1 1195094824 RESP_END
108 1 1193981404 REWARD_END
109 0 1197262428 STIM_START
109 0 1200398616 LICK
109 0 1200544048 LICK
109 0 1200715964 LICK
109 0 1201037840 STIM_END_RESP_START
109 0 1201642640 LICK
109 0 1201643172 TIMEOUT_START
109 0 1201827392 LICK
109 0 1201827932 TIMEOUT_START
109 0 1202237880 RESP_END
109 0 1208828484 TIMEOUT_END
110 1 1210995504 STIM_START
110 1 1212769312 LICK
110 1 1212975384 LICK
110 1 1213211864 LICK
110 1 1213774020 LICK
110 1 1213905316 LICK
110 1 1214690100 LICK
110 1 1214770892 STIM_END_RESP_START
110 1 1214870364 LICK
110 1 1214870904 REWARD_START
110 1 1215695252 LICK
110 1 1215949888 LICK
110 1 1215970924 RESP_END
110 1 1214883968 REWARD_END
111 1 1217807508 STIM_START
111 1 1220423308 LICK
111 1 1220599460 LICK
111 1 1220762548 LICK
111 1 1221332900 STIM_END_RESP_START
111 1 1221508784 LICK
111 1 1221509324 REWARD_START
111 1 1221674316 LICK
111 1 1221812720 LICK
111 1 1221943136 LICK
111 1 1222532916 RESP_END
111 1 1221522396 REWARD_END
112 1 1224737576 STIM_START
112 1 1225198364 LICK
112 1 1225354324 LICK
112 1 1226294116 LICK
112 1 1226442544 LICK
112 1 1226592940 LICK
112 1 1227396716 LICK
112 1 1227535708 LICK
112 1 1227714800 LICK
112 1 1228672812 LICK
112 1 1228762984 STIM_END_RESP_START
112 1 1228796960 LICK
112 1 1228797500 REWARD_START
112 1 1229475276 LICK
112 1 1229608388 LICK
112 1 1229963020 RESP_END
112 1 1228810580 REWARD_END
113 0 1231745616 STIM_START
113 0 1235020976 STIM_END_RESP_START
113 0 1235941608 LICK
113 0 1235942140 TIMEOUT_START
113 0 1236103800 LICK
113 0 1236104336 TIMEOUT_START
113 0 1236220988 RESP_END
113 0 1243104892 TIMEOUT_END
114 0 1245082576 STIM_START
114 0 1246836312 LICK
114 0 1246999584 LICK
114 0 1247715732 LICK
114 0 1247872744 LICK
114 0 1248522208 LICK
114 0 1248607952 STIM_END_RESP_START
114 0 1248718516 LICK
114 0 1248719052 TIMEOUT_START
114 0 1249276424 LICK
114 0 1249276964 TIMEOUT_START
114 0 1249518732 LICK
114 0 1249519264 TIMEOUT_START
114 0 1249807972 RESP_END
114 0 1256519832 TIMEOUT_END
115 1 1258526640 STIM_START
115 1 1260971860 LICK
115 1 1261528036 LICK
115 1 1261718028 LICK
115 1 1261801988 STIM_END_RESP_START
115 1 1262353688 LICK
115 1 1262354224 REWARD_START
115 1 1262488996 LICK
115 1 1262657348 LICK
115 1 1263002004 RESP_END
115 1 1262367300 REWARD_END
116 0 1265183652 STIM_START
116 0 1268369056 LICK
116 0 1268530920 LICK
116 0 1268959040 STIM_END_RESP_START
116 0 1269396716 LICK
116 0 1269397248 TIMEOUT_START
116 0 1269572640 LICK
116 0 1269573176 TIMEOUT_START
116 0 1270159088 RESP_END
116 0 1276573748 TIMEOUT_END
117 1 1278412668 STIM_START
117 1 1280668932 LICK
117 1 1280896656 LICK
117 1 1281603564 LICK
117 1 1281791412 LICK
117 1 1282438088 STIM_END_RESP_START
117 1 1282584864 LICK
117 1 1282585396 REWARD_START
117 1 1282773336 LICK
117 1 1282906672 LICK
117 1 1283638120 RESP_END
117 1 1282598472 REWARD_END
118 0 1285640736 STIM_START
118 0 1287253580 LICK
118 0 1287424528 LICK
118 0 1288659756 LICK
118 0 1288806948 LICK
118 0 1289416136 STIM_END_RESP_START
118 0 1290029800 LICK
118 0 1290030336 TIMEOUT_START
118 0 1290187752 LICK
118 0 1290188292 TIMEOUT_START
118 0 1290616156 RESP_END
118 0 1297188868 TIMEOUT_END
119 1 1300147916 STIM_START
119 1 1302566236 LICK
119 1 1302744168 LICK
119 1 1303414148 LICK
119 1 1303603896 LICK
119 1 1303673280 STIM_END_RESP_START
119 1 1304388540 LICK
119 1 1304389076 REWARD_START
119 1 1304569352 LICK
119 1 1304721444 LICK
119 1 1304873296 RESP_END
119 1 1304402140 REWARD_END
120 0 1306931956 STIM_START
120 0 1309567736 LICK
120 0 1310562236 LICK
120 0 1310725068 LICK
120 0 1310957400 STIM_END_RESP_START
120 0 1312157412 RESP_END
121 0 1314264052 STIM_START
121 0 1317539408 STIM_END_RESP_START
121 0 1317719824 LICK
121 0 1317720364 TIMEOUT_START
121 0 1318453676 LICK
121 0 1318454208 TIMEOUT_START
121 0 1318648436 LICK
121 0 1318648976 TIMEOUT_START
121 0 1318739424 RESP_END
121 0 1325649536 TIMEOUT_END
122 0 1327742072 STIM_START
122 0 1330073308 LICK
122 0 1330980748 LICK
122 0 1331517496 STIM_END_RESP_START
122 0 1332149648 LICK
122 0 1332150180 TIMEOUT_START
122 0 1332717532 RESP_END
122 0 1339150740 TIMEOUT_END
123 1 1341123072 STIM_START
123 1 1344398432 STIM_END_RESP_START
123 1 1344702040 LICK
123 1 1344702580 REWARD_START
123 1 1345401136 LICK
123 1 1345598480 RESP_END
123 1 1344715648 REWARD_END
124 1 1348195180 STIM_START
124 1 1350991648 LICK
124 1 1351720552 STIM_END_RESP_START
124 1 1351937640 LICK
124 1 1351938176 REWARD_START
124 1 1352143628 LICK
124 1 1352255520 LICK
124 1 1352920596 RESP_END
124 1 1351951248 REWARD_END
125 1 1355252252 STIM_START
125 1 1358777616 STIM_END_RESP_START
125 1 1358925420 LICK
125 1 1358925960 REWARD_START
125 1 1359058936 LICK
125 1 1359183664 LICK
125 1 1359303740 LICK
125 1 1359977664 RESP_END
125 1 1358939028 REWARD_END
126 0 1362475316 STIM_START
126 0 1365847724 LICK
126 0 1366010152 LICK
126 0 1366500752 STIM_END_RESP_START
126 0 1366907700 LICK
126 0 1366908236 TIMEOUT_START
126 0 1367052488 LICK
126 0 1367053020 TIMEOUT_START
126 0 1367700764 RESP_END
126 0 1374053572 TIMEOUT_END
127 1 1375773320 STIM_START
127 1 1379161216 LICK
127 1 1379298700 STIM_END_RESP_START
127 1 1379886044 LICK
127 1 1379886580 REWARD_START
127 1 1380005844 LICK
127 1 1380498748 RESP_END
127 1 1379899656 REWARD_END
128 1 1382674336 STIM_START
128 1 1385299064 LICK
128 1 1385479444 LICK
128 1 1386199724 STIM_END_RESP_START
128 1 1386235060 LICK
128 1 1386235592 REWARD_START
128 1 1386385476 LICK
128 1 1386542160 LICK
128 1 1387399760 RESP_END
128 1 1386248672 REWARD_END
129 0 1389492384 STIM_START
129 0 1393017780 STIM_END_RESP_START
129 0 1393094548 LICK
129 0 1393095088 TIMEOUT_START
129 0 1393261652 LICK
129 0 1393262184 TIMEOUT_START
129 0 1393736340 LICK
129 0 1393736880 TIMEOUT_START
129 0 1393911880 LICK
129 0 1393912412 TIMEOUT_START
129 0 1394217804 RESP_END
129 0 1400912980 TIMEOUT_END
130 0 1402758392 STIM_START
130 0 1405881544 LICK
130 0 1406036856 LICK
130 0 1406533788 STIM_END_RESP_START
130 0 1406733280 LICK
130 0 1406733816 TIMEOUT_START
130 0 1406954368 LICK
130 0 1406954908 TIMEOUT_START
130 0 1407733836 RESP_END
130 0 1413955464 TIMEOUT_END
131 0 1416025412 STIM_START
131 0 1419800824 STIM_END_RESP_START
131 0 1419899736 LICK
131 0 1419900272 TIMEOUT_START
131 0 1420690488 LICK
131 0 1420691020 TIMEOUT_START
131 0 1420838952 LICK
131 0 1420839484 TIMEOUT_START
131 0 1421000856 RESP_END
131 0 1427840044 TIMEOUT_END
132 1 1429873476 STIM_START
132 1 1433398840 STIM_END_RESP_START
132 1 1433673864 LICK
132 1 1433674396 REWARD_START
132 1 1433878936 LICK
132 1 1434422368 LICK
132 1 1434566772 LICK
132 1 1434598876 RESP_END
132 1 1433687472 REWARD_END
133 0 1436540508 STIM_START
133 0 1438135832 LICK
133 0 1438790716 LICK
133 0 1438957684 LICK
133 0 1439545584 LICK
133 0 1439709088 LICK
133 0 1439815860 STIM_END_RESP_START
133 0 1440341628 LICK
133 0 1440342164 TIMEOUT_START
133 0 1440535448 LICK
133 0 1440535988 TIMEOUT_START
133 0 1440736200 LICK
133 0 1440736736 TIMEOUT_START
133 0 1441015884 RESP_END
133 0 1447737292 TIMEOUT_END
134 1 1449479452 STIM_START
134 1 1452632556 LICK
134 1 1453233316 LICK
134 1 1453415492 LICK
134 1 1453504892 STIM_END_RESP_START
134 1 1454062628 LICK
134 1 1454063164 REWARD_START
134 1 1454221600 LICK
134 1 1454379852 LICK
134 1 1454704908 RESP_END
134 1 1454076244 REWARD_END
135 1 1457414612 STIM_START
135 1 1459495952 LICK
135 1 1460689984 STIM_END_RESP_START
135 1 1460697676 LICK
135 1 1460698216 REWARD_START
135 1 1460844528 LICK
135 1 1461006648 LICK
135 1 1461890012 RESP_END
135 1 1460711288 REWARD_END
136 1 1464194640 STIM_START
136 1 1466428312 LICK
136 1 1466563400 LICK
136 1 1466801944 LICK
136 1 1467532240 LICK
136 1 1467681808 LICK
136 1 1468220080 STIM_END_RESP_START
136 1 1468493624 LICK
136 1 1468494160 REWARD_START
136 1 1468636156 LICK
136 1 1468790868 LICK
136 1 1469420096 RESP_END
136 1 1468507220 REWARD_END
137 0 1471296736 STIM_START
137 0 1473177640 LICK
137 0 1474129176 LICK
137 0 1474270812 LICK
137 0 1475301776 LICK
137 0 1475322160 STIM_END_RESP_START
137 0 1475457696 LICK
137 0 1475458236 TIMEOUT_START
137 0 1476522208 RESP_END
137 0 1482458792 TIMEOUT_END
138 0 1484376676 STIM_START
138 0 1486546280 LICK
138 0 1487623384 LICK
138 0 1488402112 STIM_END_RESP_START
138 0 1488907744 LICK
138 0 1488908276 TIMEOUT_START
138 0 1489074040 LICK
138 0 1489074580 TIMEOUT_START
138 0 1489602156 RESP_END
138 0 1496075128 TIMEOUT_END
139 1 1498132756 STIM_START
139 1 1501658160 STIM_END_RESP_START
139 1 1501738208 LICK
139 1 1501738744 REWARD_START
139 1 1502368500 LICK
139 1 1502858208 RESP_END
139 1 1501751824 REWARD_END
140 0 1504825784 STIM_START
140 0 1506571836 LICK
140 0 1506756172 LICK
140 0 1507309580 LICK
140 0 1507481548 LICK
140 0 1508373088 LICK
140 0 1508543096 LICK
140 0 1508601180 STIM_END_RESP_START
140 0 1509187432 LICK
140 0 1509187968 TIMEOUT_START
140 0 1509336036 LICK
140 0 1509336576 TIMEOUT_START
140 0 1509801204 RESP_END
140 0 1516337140 TIMEOUT_END
141 1 1518320764 STIM_START
141 1 1520480928 LICK
141 1 1520688564 LICK
141 1 1521638824 LICK
141 1 1521799308 LICK
141 1 1522096156 STIM_END_RESP_START
141 1 1522331444 LICK
141 1 1522331984 REWARD_START
141 1 1522504996 LICK
141 1 1522672868 LICK
141 1 1522813980 LICK
141 1 1523296172 RESP_END
141 1 1522345044 REWARD_END
142 1 1525219828 STIM_START
142 1 1527644240 LICK
142 1 1527800284 LICK
142 1 1527988200 LICK
142 1 1528436356 LICK
142 1 1528615292 LICK
142 1 1529109436 LICK
142 1 1529245264 STIM_END_RESP_START
142 1 1529291652 LICK
142 1 1529292192 REWARD_START
142 1 1530267152 LICK
142 1 1530396820 LICK
142 1 1530445280 RESP_END
142 1 1529305272 REWARD_END
143 0 1532625972 STIM_START
143 0 1534101992 LICK
143 0 1534271636 LICK
143 0 1535558704 LICK
143 0 1535725480 LICK
143 0 1535901320 STIM_END_RESP_START
143 0 1536727500 LICK
143 0 1536728032 TIMEOUT_START
143 0 1536842248 LICK
143 0 1536842784 TIMEOUT_START
143 0 1537050064 LICK
143 0 1537050592 TIMEOUT_START
143 0 1537101352 RESP_END
143 0 1544051156 TIMEOUT_END
144 0 1546152984 STIM_START
144 0 1548497588 LICK
144 0 1549438784 LICK
144 0 1549614328 LICK
144 0 1550178412 STIM_END_RESP_START
144 0 1550461640 LICK
144 0 1550462180 TIMEOUT_START
144 0 1550620392 LICK
144 0 1550620932 TIMEOUT_START
144 0 1551378460 RESP_END
144 0 1557621492 TIMEOUT_END
145 0 1559621012 STIM_START
145 0 1563146380 STIM_END_RESP_START
145 0 1563839940 LICK
145 0 1563840476 TIMEOUT_START
145 0 1564346432 RESP_END
145 0 1570841032 TIMEOUT_END
146 1 1572971996 STIM_START
146 1 1576247352 STIM_END_RESP_START
146 1 1577205552 LICK
146 1 1577206092 REWARD_START
146 1 1577447392 RESP_END
146 1 1577219152 REWARD_END
147 1 1580255124 STIM_START
147 1 1582586364 LICK
147 1 1582767500 LICK
147 1 1583430316 LICK
147 1 1583574736 LICK
147 1 1584280556 STIM_END_RESP_START
147 1 1584321268 LICK
147 1 1584321808 REWARD_START
147 1 1584502732 LICK
147 1 1584622768 LICK
147 1 1585480588 RESP_END
147 1 1584334888 REWARD_END
148 1 1587636232 STIM_START
148 1 1591161592 STIM_END_RESP_START
148 1 1591400428 LICK
148 1 1591400968 REWARD_START
148 1 1591576732 LICK
148 1 1591730672 LICK
148 1 1592361640 RESP_END
148 1 1591414044 REWARD_END
149 0 1594770300 STIM_START
149 0 1598545712 STIM_END_RESP_START
149 0 1599142420 LICK
149 0 1599142960 TIMEOUT_START
149 0 1599336304 LICK
149 0 1599336844 TIMEOUT_START
149 0 1599745756 RESP_END
149 0 1606337400 TIMEOUT_END
150 0 1608365412 STIM_START
150 0 1611640776 STIM_END_RESP_START
150 0 1611651844 LICK
150 0 1611652388 TIMEOUT_START
150 0 1612508364 LICK
150 0 1612508896 TIMEOUT_START
150 0 1612666240 LICK
150 0 1612666772 TIMEOUT_START
150 0 1612840796 RESP_END
150 0 1619667340 TIMEOUT_END
151 0 1621590340 STIM_START
151 0 1625115708 STIM_END_RESP_START
151 0 1625762492 LICK
151 0 1625763028 TIMEOUT_START
151 0 1626315740 RESP_END
151 0 1632763592 TIMEOUT_END
152 1 1634831292 STIM_START
152 1 1638116840 LICK
152 1 1638856720 STIM_END_RESP_START
152 1 1639040444 LICK
152 1 1639040976 REWARD_START
152 1 1639198820 LICK
152 1 1639495936 LICK
152 1 1640056740 RESP_END
152 1 1639054048 REWARD_END
153 0 1641945400 STIM_START
153 0 1644097764 LICK
153 0 1645720796 STIM_END_RESP_START
153 0 1646125260 LICK
153 0 1646125792 TIMEOUT_START
153 0 1646305300 LICK
153 0 1646305828 TIMEOUT_START
153 0 1646920840 RESP_END
153 0 1653306396 TIMEOUT_END
154 1 1655513472 STIM_START
154 1 1659288884 STIM_END_RESP_START
154 1 1659382012 LICK
154 1 1659382544 REWARD_START
154 1 1659551900 LICK
154 1 1659747092 LICK
154 1 1660488924 RESP_END
154 1 1659395620 REWARD_END
155 1 1662982544 STIM_START
155 1 1664155280 LICK
155 1 1664353252 LICK
155 1 1665204796 LICK
155 1 1665364948 LICK
155 1 1666221700 LICK
155 1 1666257912 STIM_END_RESP_START
155 1 1666341400 LICK
155 1 1666341940 REWARD_START
155 1 1666507944 LICK
155 1 1666667844 LICK
155 1 1667457944 RESP_END
155 1 1666355012 REWARD_END
156 0 1669668572 STIM_START
156 0 1673443984 STIM_END_RESP_START
156 0 1674644000 RESP_END
157 0 1676358596 STIM_START
157 0 1679238376 LICK
157 0 1679430228 LICK
157 0 1679883976 STIM_END_RESP_START
157 0 1680202860 LICK
157 0 1680203388 TIMEOUT_START
157 0 1680325104 LICK
157 0 1680325640 TIMEOUT_START
157 0 1681084024 RESP_END
157 0 1687326196 TIMEOUT_END
158 0 1689368540 STIM_START
158 0 1692643900 STIM_END_RESP_START
158 0 1692924284 LICK
158 0 1692924812 TIMEOUT_START
158 0 1693078952 LICK
158 0 1693079484 TIMEOUT_START
158 0 1693771984 LICK
158 0 1693772516 TIMEOUT_START
158 0 1693843924 RESP_END
158 0 1700773088 TIMEOUT_END
159 1 1702684568 STIM_START
159 1 1705491600 LICK
159 1 1705959916 STIM_END_RESP_START
159 1 1706129880 LICK
159 1 1706130412 REWARD_START
159 1 1706324500 LICK
159 1 1706458172 LICK
159 1 1707159948 RESP_END
159 1 1706143488 REWARD_END
160 1 1709935644 STIM_START
160 1 1712815920 LICK
160 1 1713023612 LICK
160 1 1713838420 LICK
160 1 1713961072 STIM_END_RESP_START
160 1 1714014812 LICK
160 1 1714015352 REWARD_START
160 1 1714181172 LICK
160 1 1714360748 LICK
160 1 1715161096 RESP_END
160 1 1714028424 REWARD_END
161 0 1716956696 STIM_START
161 0 1719866072 LICK
161 0 1720482084 STIM_END_RESP_START
161 0 1721304216 LICK
161 0 1721304748 TIMEOUT_START
161 0 1721481976 LICK
161 0 1721482516 TIMEOUT_START
161 0 1721682132 RESP_END
161 0 1728483064 TIMEOUT_END
162 0 1730345708 STIM_START
162 0 1734371124 STIM_END_RESP_START
162 0 1734431040 LICK
162 0 1734431568 TIMEOUT_START
162 0 1735203296 LICK
162 0 1735203828 TIMEOUT_START
162 0 1735385180 LICK
162 0 1735385712 TIMEOUT_START
162 0 1735571168 RESP_END
162 0 1742386280 TIMEOUT_END
163 1 1744347840 STIM_START
163 1 1747596264 LICK
163 1 1747782336 LICK
163 1 1747873216 STIM_END_RESP_START
163 1 1748323860 LICK
163 1 1748324400 REWARD_START
163 1 1748494700 LICK
163 1 1749073232 RESP_END
163 1 1748337472 REWARD_END
164 1 1750843804 STIM_START
164 1 1753435640 LICK
164 1 1753585324 LICK
164 1 1753753964 LICK
164 1 1754119160 STIM_END_RESP_START
164 1 1754456124 LICK
164 1 1754456656 REWARD_START
164 1 1754590320 LICK
164 1 1754724372 LICK
164 1 1754832544 LICK
164 1 1755319172 RESP_END
164 1 1754469736 REWARD_END
165 0 1757457804 STIM_START
165 0 1758596032 LICK
165 0 1758788560 LICK
165 0 1759494420 LICK
165 0 1759651224 LICK
165 0 1760436508 LICK
165 0 1760606756 LICK
165 0 1761233212 STIM_END_RESP_START
165 0 1761325096 LICK
165 0 1761325624 TIMEOUT_START
165 0 1761525040 LICK
165 0 1761525572 TIMEOUT_START
165 0 1761704016 LICK
165 0 1761704548 TIMEOUT_START
165 0 1762433244 RESP_END
165 0 1768705092 TIMEOUT_END
166 0 1770784748 STIM_START
166 0 1773700148 LICK
166 0 1773877200 LICK
166 0 1774701108 LICK
166 0 1774810176 STIM_END_RESP_START
166 0 1774876632 LICK
166 0 1774877172 TIMEOUT_START
166 0 1775727404 LICK
166 0 1775727940 TIMEOUT_START
166 0 1775900388 LICK
166 0 1775900928 TIMEOUT_START
166 0 1776010196 RESP_END
166 0 1782901480 TIMEOUT_END
167 0 1785097044 STIM_START
167 0 1788191792 LICK
167 0 1788431352 LICK
167 0 1789117172 LICK
167 0 1789122472 STIM_END_RESP_START
167 0 1789307872 LICK
167 0 1789308412 TIMEOUT_START
167 0 1790322508 RESP_END
167 0 1796308980 TIMEOUT_END
168 1 1798130904 STIM_START
168 1 1802155488 LICK
168 1 1802156332 STIM_END_RESP_START
168 1 1802349120 LICK
168 1 1802349656 REWARD_START
168 1 1803356348 RESP_END
168 1 1802362728 REWARD_END
169 1 1805869076 STIM_START
169 1 1809271848 LICK
169 1 1809449040 LICK
169 1 1809644476 STIM_END_RESP_START
169 1 1810000396 LICK
169 1 1810000932 REWARD_START
169 1 1810182552 LICK
169 1 1810369892 LICK
169 1 1810844512 RESP_END
169 1 1810014004 REWARD_END
170 0 1813471244 STIM_START
170 0 1816862672 LICK
170 0 1817246632 STIM_END_RESP_START
170 0 1817656380 LICK
170 0 1817656908 TIMEOUT_START
170 0 1817798860 LICK
170 0 1817799392 TIMEOUT_START
170 0 1818446648 RESP_END
170 0 1824799956 TIMEOUT_END
171 1 1827001240 STIM_START
171 1 1830526608 STIM_END_RESP_START
171 1 1830822180 LICK
171 1 1830822712 REWARD_START
171 1 1831726616 RESP_END
171 1 1830835792 REWARD_END
172 0 1835170436 STIM_START
172 0 1838695800 STIM_END_RESP_START
172 0 1839634784 LICK
172 0 1839635316 TIMEOUT_START
172 0 1839785908 LICK
172 0 1839786448 TIMEOUT_START
172 0 1839895832 RESP_END
172 0 1846787000 TIMEOUT_END
173 1 1848779480 STIM_START
173 1 1852804900 STIM_END_RESP_START
173 1 1852914032 LICK
173 1 1852914564 REWARD_START
173 1 1853125032 LICK
173 1 1853426712 LICK
173 1 1854004916 RESP_END
173 1 1852927644 REWARD_END
174 1 1856150652 STIM_START
174 1 1859908376 LICK
174 1 1860090656 LICK
174 1 1860176068 STIM_END_RESP_START
174 1 1860643344 LICK
174 1 1860643884 REWARD_START
174 1 1860808552 LICK
174 1 1860976712 LICK
174 1 1861376116 RESP_END
174 1 1860656956 REWARD_END
175 1 1863476712 STIM_START
175 1 1867002080 STIM_END_RESP_START
175 1 1867302436 LICK
175 1 1867302972 REWARD_START
175 1 1867472260 LICK
175 1 1867627184 LICK
175 1 1868202104 RESP_END
175 1 1867316048 REWARD_END
176 0 1870610836 STIM_START
176 0 1874369444 LICK
176 0 1874386240 STIM_END_RESP_START
176 0 1874536980 LICK
176 0 1874537516 TIMEOUT_START
176 0 1875586272 RESP_END
176 0 1881538080 TIMEOUT_END
177 1 1883633744 STIM_START
177 1 1887159108 STIM_END_RESP_START
177 1 1887587048 LICK
177 1 1887587588 REWARD_START
177 1 1888359132 RESP_END
177 1 1887600664 REWARD_END
178 1 1890441816 STIM_START
178 1 1893967180 STIM_END_RESP_START
178 1 1894282440 LICK
178 1 1894282972 REWARD_START
178 1 1894439084 LICK
178 1 1894742476 LICK
178 1 1895167200 RESP_END
178 1 1894296052 REWARD_END
179 1 1897660920 STIM_START
179 1 1900936280 STIM_END_RESP_START
179 1 1901142252 LICK
179 1 1901142784 REWARD_START
179 1 1901276480 LICK
179 1 1901455152 LICK
179 1 1901566344 LICK
179 1 1902132884 LICK
179 1 1902136300 RESP_END
179 1 1901155864 REWARD_END
180 0 1904436868 STIM_START
180 0 1906837912 LICK
180 0 1907042720 LICK
180 0 1907654340 LICK
180 0 1907822444 LICK
180 0 1907962260 STIM_END_RESP_START
180 0 1908555692 LICK
180 0 1908556232 TIMEOUT_START
180 0 1908748980 LICK
180 0 1908749520 TIMEOUT_START
180 0 1909162280 RESP_END
180 0 1915750064 TIMEOUT_END
181 0 1917511820 STIM_START
181 0 1921537240 STIM_END_RESP_START
181 0 1921756448 LICK
181 0 1921756980 TIMEOUT_START
181 0 1921948572 LICK
181 0 1921949112 TIMEOUT_START
181 0 1922737256 RESP_END
181 0 1928949660 TIMEOUT_END
182 0 1930901908 STIM_START
182 0 1934176852 LICK
182 0 1934677304 STIM_END_RESP_START
182 0 1934981932 LICK
182 0 1934982468 TIMEOUT_START
182 0 1935154440 LICK
182 0 1935154972 TIMEOUT_START
182 0 1935877328 RESP_END
182 0 1942155536 TIMEOUT_END
183 1 1944343908 STIM_START
183 1 1947623988 LICK
183 1 1947840932 LICK
183 1 1948119308 STIM_END_RESP_START
183 1 1948376596 LICK
183 1 1948377136 REWARD_START
183 1 1948539144 LICK
183 1 1949319320 RESP_END
183 1 1948390208 REWARD_END
184 1 1951292968 STIM_START
184 1 1954568328 STIM_END_RESP_START
184 1 1954879160 LICK
184 1 1954879700 REWARD_START
184 1 1955031600 LICK
184 1 1955768352 RESP_END
184 1 1954892776 REWARD_END
185 0 1957642920 STIM_START
185 0 1958979680 LICK
185 0 1959151140 LICK
185 0 1959688888 LICK
185 0 1959831224 LICK
185 0 1960672904 LICK
185 0 1960805652 LICK
185 0 1961668352 STIM_END_RESP_START
185 0 1961719456 LICK
185 0 1961719996 TIMEOUT_START
185 0 1961848736 LICK
185 0 1961849276 TIMEOUT_START
185 0 1962067092 LICK
185 0 1962067624 TIMEOUT_START
185 0 1962868380 RESP_END
185 0 1969068188 TIMEOUT_END
186 1 1971162936 STIM_START
186 1 1974422896 LICK
186 1 1975188368 STIM_END_RESP_START
186 1 1975281760 LICK
186 1 1975282292 REWARD_START
186 1 1975415196 LICK
186 1 1975579784 LICK
186 1 1975693428 LICK
186 1 1976388412 RESP_END
186 1 1975295372 REWARD_END
187 1 1978607040 STIM_START
187 1 1981867724 LICK
187 1 1982063500 LICK
187 1 1982632468 STIM_END_RESP_START
187 1 1982807344 LICK
187 1 1982807876 REWARD_START
187 1 1982968916 LICK
187 1 1983124900 LICK
187 1 1983832508 RESP_END
187 1 1982820956 REWARD_END
188 0 1985619112 STIM_START
188 0 1986686488 LICK
188 0 1986851412 LICK
188 0 1987956424 LICK
188 0 1988992284 LICK
188 0 1989114876 LICK
188 0 1989394528 STIM_END_RESP_START
188 0 1990594584 RESP_END
189 1 1992411164 STIM_START
189 1 1996436584 STIM_END_RESP_START
189 1 1996721096 LICK
189 1 1996721640 REWARD_START
189 1 1996876648 LICK
189 1 1997033484 LICK
189 1 1997636624 RESP_END
189 1 1996734720 REWARD_END
190 1 2000261344 STIM_START
190 1 2002089784 LICK
190 1 2002239604 LICK
190 1 2002994720 LICK
190 1 2003124324 LICK
190 1 2003536712 STIM_END_RESP_START
190 1 2003840220 LICK
190 1 2003840752 REWARD_START
190 1 2004008148 LICK
190 1 2004163900 LICK
190 1 2004736740 RESP_END
190 1 2003853832 REWARD_END
191 1 2007566416 STIM_START
191 1 2010341268 LICK
191 1 2011341840 STIM_END_RESP_START
191 1 2011503624 LICK
191 1 2011504160 REWARD_START
191 1 2011686288 LICK
191 1 2011861620 LICK
191 1 2012541848 RESP_END
191 1 2011517240 REWARD_END
192 0 2014273444 STIM_START
192 0 2016132956 LICK
192 0 2016283392 LICK
192 0 2016502112 LICK
192 0 2017250492 LICK
192 0 2017428576 LICK
192 0 2018048852 STIM_END_RESP_START
192 0 2018435276 LICK
192 0 2018435808 TIMEOUT_START
192 0 2018635884 LICK
192 0 2018636412 TIMEOUT_START
192 0 2019248892 RESP_END
192 0 2025636976 TIMEOUT_END
193 0 2027364420 STIM_START
193 0 2029763336 LICK
193 0 2030536544 LICK
193 0 2030700468 LICK
193 0 2031139800 STIM_END_RESP_START
193 0 2031627544 LICK
193 0 2031628076 TIMEOUT_START
193 0 2031751344 LICK
193 0 2031751876 TIMEOUT_START
193 0 2032339812 RESP_END
193 0 2038752444 TIMEOUT_END
194 0 2040846384 STIM_START
194 0 2044121752 STIM_END_RESP_START
194 0 2044526688 LICK
194 0 2044527220 TIMEOUT_START
194 0 2045321768 RESP_END
194 0 2051527788 TIMEOUT_END
195 1 2053481332 STIM_START
195 1 2056326812 LICK
195 1 2056756696 STIM_END_RESP_START
195 1 2056909976 LICK
195 1 2056910508 REWARD_START
195 1 2057084352 LICK
195 1 2057956732 RESP_END
195 1 2056923588 REWARD_END
196 1 2059773228 STIM_START
196 1 2062963988 LICK
196 1 2063048580 STIM_END_RESP_START
196 1 2063146696 LICK
196 1 2063147236 REWARD_START
196 1 2063389032 LICK
196 1 2064248620 RESP_END
196 1 2063160312 REWARD_END
197 1 2065976168 STIM_START
197 1 2069135680 LICK
197 1 2069251504 STIM_END_RESP_START
197 1 2069311696 LICK
197 1 2069312228 REWARD_START
197 1 2069475616 LICK
197 1 2069782120 LICK
197 1 2070451536 RESP_END
197 1 2069325304 REWARD_END
198 0 2072574192 STIM_START
198 0 2073684712 LICK
198 0 2073914044 LICK
198 0 2074689568 LICK
198 0 2074840572 LICK
198 0 2075864612 LICK
198 0 2076037980 LICK
198 0 2076099592 STIM_END_RESP_START
198 0 2077299600 RESP_END
199 0 2079312200 STIM_START
199 0 2079696060 LICK
199 0 2080754456 LICK
199 0 2081999648 LICK
199 0 2082176432 LICK
199 0 2082587544 STIM_END_RESP_START
199 0 2083787560 RESP_END
200 1 2086166224 STIM_START
200 1 2088947700 LICK
200 1 2089441564 STIM_END_RESP_START
200 1 2089807604 LICK
200 1 2089808144 REWARD_START
200 1 2089945968 LICK
200 1 2090641580 RESP_END
200 1 2089821220 REWARD_END
201 1 2092786232 STIM_START
201 1 2096126668 LICK
201 1 2096311588 STIM_END_RESP_START
201 1 2096876040 LICK
201 1 2096876580 REWARD_START
201 1 2097044124 LICK
201 1 2097194128 LICK
201 1 2097511600 RESP_END
201 1 2096889652 REWARD_END
202 0 2099238220 STIM_START
202 0 2100710732 LICK
202 0 2100874480 LICK
202 0 2101085704 LICK
202 0 2102092536 LICK
202 0 2102226896 LICK
202 0 2102513572 STIM_END_RESP_START
202 0 2103175924 LICK
202 0 2103176460 TIMEOUT_START
202 0 2103314796 LICK
202 0 2103315324 TIMEOUT_START
202 0 2103519824 LICK
202 0 2103520364 TIMEOUT_START
202 0 2103713600 RESP_END
202 0 2110520912 TIMEOUT_END
203 1 2112444152 STIM_START
203 1 2114501944 LICK
203 1 2115627884 LICK
203 1 2116219572 STIM_END_RESP_START
203 1 2116418920 LICK
203 1 2116419452 REWARD_START
203 1 2116561676 LICK
203 1 2116725280 LICK
203 1 2117419612 RESP_END
203 1 2116432532 REWARD_END
204 1 2119326268 STIM_START
204 1 2123101680 STIM_END_RESP_START
204 1 2123333368 LICK
204 1 2123333904 REWARD_START
204 1 2123474656 LICK
204 1 2123743624 LICK
204 1 2124301708 RESP_END
204 1 2123346984 REWARD_END
205 1 2126463284 STIM_START
205 1 2128473040 LICK
205 1 2128652512 LICK
205 1 2129390344 LICK
205 1 2129555060 LICK
205 1 2130238680 STIM_END_RESP_START
205 1 2130368808 LICK
205 1 2130369340 REWARD_START
205 1 2130522120 LICK
205 1 2130680168 LICK
205 1 2131438720 RESP_END
205 1 2130382416 REWARD_END
206 0 2133184324 STIM_START
206 0 2135496732 LICK
206 0 2135672240 LICK
206 0 2136581508 LICK
206 0 2136753476 LICK
206 0 2136933028 LICK
206 0 2137209736 STIM_END_RESP_START
206 0 2138409748 RESP_END
207 1 2140922428 STIM_START
207 1 2144065824 LICK
207 1 2144697844 STIM_END_RESP_START
207 1 2144960672 LICK
207 1 2144961204 REWARD_START
207 1 2145097876 LICK
207 1 2145265784 LICK
207 1 2145897868 RESP_END
207 1 2144974284 REWARD_END
208 1 2148294588 STIM_START
208 1 2151569948 STIM_END_RESP_START
208 1 2151958740 LICK
208 1 2151959272 REWARD_START
208 1 2152144632 LICK
208 1 2152316364 LICK
208 1 2152769976 RESP_END
208 1 2151972352 REWARD_END
209 1 2154987556 STIM_START
209 1 2158262908 STIM_END_RESP_START
209 1 2159087480 LICK
209 1 2159088020 REWARD_START
209 1 2159254180 LICK
209 1 2159438792 LICK
209 1 2159462928 RESP_END
209 1 2159101100 REWARD_END
210 0 2161382508 STIM_START
210 0 2164246124 LICK
210 0 2164397692 LICK
210 0 2164579012 LICK
210 0 2164907896 STIM_END_RESP_START
210 0 2165346244 LICK
210 0 2165346780 TIMEOUT_START
210 0 2165494516 LICK
210 0 2165495052 TIMEOUT_START
210 0 2165712892 LICK
210 0 2165713432 TIMEOUT_START
210 0 2166107920 RESP_END
210 0 2172713996 TIMEOUT_END
211 0 2174519496 STIM_START
211 0 2178294908 STIM_END_RESP_START
211 0 2179494964 RESP_END
212 1 2181978644 STIM_START
212 1 2186004060 STIM_END_RESP_START
212 1 2186456596 LICK
212 1 2186457132 REWARD_START
212 1 2186634476 LICK
212 1 2187204088 RESP_END
212 1 2186470204 REWARD_END
213 1 2189166728 STIM_START
213 1 2191693336 LICK
213 1 2191841732 LICK
213 1 2192692108 STIM_END_RESP_START
213 1 2192863064 LICK
213 1 2192863604 REWARD_START
213 1 2193022516 LICK
213 1 2193892152 RESP_END
213 1 2192876684 REWARD_END
214 0 2196112748 STIM_START
214 0 2199017728 LICK
214 0 2199174552 LICK
214 0 2200138184 STIM_END_RESP_START
214 0 2201338200 RESP_END
215 0 2203130832 STIM_START
215 0 2207156256 STIM_END_RESP_START
215 0 2207788192 LICK
215 0 2207788724 TIMEOUT_START
215 0 2208356304 RESP_END
215 0 2214789280 TIMEOUT_END
216 1 2216578796 STIM_START
216 1 2220304472 LICK
216 1 2220354212 STIM_END_RESP_START
216 1 2220497968 LICK
216 1 2220498500 REWARD_START
216 1 2221299112 LICK
216 1 2221554232 RESP_END
216 1 2220511580 REWARD_END
217 1 2223429856 STIM_START
217 1 2226913312 LICK
217 1 2226955224 STIM_END_RESP_START
217 1 2227063436 LICK
217 1 2227063976 REWARD_START
217 1 2228155272 RESP_END
217 1 2227077052 REWARD_END
218 0 2230456904 STIM_START
218 0 2233732264 STIM_END_RESP_START
218 0 2234671764 LICK
218 0 2234672304 TIMEOUT_START
218 0 2234827552 LICK
218 0 2234828092 TIMEOUT_START
218 0 2234932280 RESP_END
218 0 2241828652 TIMEOUT_END
219 0 2243832896 STIM_START
219 0 2246907360 LICK
219 0 2247109940 LICK
219 0 2247358268 STIM_END_RESP_START
219 0 2247815348 LICK
219 0 2247815884 TIMEOUT_START
219 0 2247993276 LICK
219 0 2247993812 TIMEOUT_START
219 0 2248558284 RESP_END
219 0 2254994372 TIMEOUT_END
220 1 2257062880 STIM_START
220 1 2260338236 STIM_END_RESP_START
220 1 2260759908 LICK
220 1 2260760440 REWARD_START
220 1 2260912544 LICK
220 1 2261084512 LICK
220 1 2261538280 RESP_END
220 1 2260773520 REWARD_END
221 1 2263483888 STIM_START
221 1 2266974156 LICK
221 1 2267009280 STIM_END_RESP_START
221 1 2267147488 LICK
221 1 2267148020 REWARD_START
221 1 2267411964 LICK
221 1 2267563748 LICK
221 1 2267681388 LICK
221 1 2268209304 RESP_END
221 1 2267161100 REWARD_END
222 1 2270274876 STIM_START
222 1 2271688032 LICK
222 1 2271863928 LICK
222 1 2272631932 LICK
222 1 2272800604 LICK
222 1 2273800256 STIM_END_RESP_START
222 1 2274143916 LICK
222 1 2274144456 REWARD_START
222 1 2275000288 RESP_END
222 1 2274157528 REWARD_END
223 0 2277395944 STIM_START
223 0 2281171352 STIM_END_RESP_START
223 0 2282371368 RESP_END
224 1 2284115948 STIM_START
224 1 2287391308 STIM_END_RESP_START
224 1 2288591324 RESP_END
225 1 2290426868 STIM_START
225 1 2293702232 STIM_END_RESP_START
225 1 2294902252 RESP_END
226 1 2296803844 STIM_START
226 1 2300829260 STIM_END_RESP_START
226 1 2302029276 RESP_END
227 0 2303874892 STIM_START
227 0 2307150252 STIM_END_RESP_START
227 0 2308350268 RESP_END
228 0 2310367912 STIM_START
228 0 2314393332 STIM_END_RESP_START
228 0 2315593348 RESP_END
229 1 2317758000 STIM_START
229 1 2321283368 STIM_END_RESP_START
229 1 2322483380 RESP_END
230 0 2324272992 STIM_START
230 0 2327798360 STIM_END_RESP_START
230 0 2328727092 LICK
230 0 2328727632 TIMEOUT_START
230 0 2328998376 RESP_END
230 0 2335728192 TIMEOUT_END
231 0 2337694024 STIM_START
231 0 2341219392 STIM_END_RESP_START
231 0 2342419436 RESP_END
232 0 2344539032 STIM_START
232 0 2348064400 STIM_END_RESP_START
232 0 2349264416 RESP_END
233 1 2351317028 STIM_START
233 1 2354842388 STIM_END_RESP_START
233 1 2356042404 RESP_END
234 0 2361613604 STIM_START
234 0 2365639024 STIM_END_RESP_START
234 0 2366839040 RESP_END
235 0 2368763680 STIM_START
235 0 2372289044 STIM_END_RESP_START
235 0 2373489060 RESP_END
236 0 2375270680 STIM_START
236 0 2379046092 STIM_END_RESP_START
236 0 2380246108 RESP_END
237 1 2382233664 STIM_START
237 1 2385568356 LICK
237 1 2385839200 LICK
237 1 2386009056 STIM_END_RESP_START
237 1 2386641204 LICK
237 1 2386641736 REWARD_START
237 1 2386894392 LICK
237 1 2387065092 LICK
237 1 2387209084 RESP_END
237 1 2386654816 REWARD_END
238 0 2389479800 STIM_START
238 0 2390314280 LICK
238 0 2393005156 STIM_END_RESP_START
238 0 2394205212 RESP_END
239 0 2395990780 STIM_START
239 0 2399766196 STIM_END_RESP_START
239 0 2400966212 RESP_END
240 0 2403201844 STIM_START
240 0 2406977256 STIM_END_RESP_START
240 0 2408177272 RESP_END
241 1 2410375912 STIM_START
241 1 2414401336 STIM_END_RESP_START
241 1 2415601348 RESP_END
242 0 2417467020 STIM_START
242 0 2420992384 STIM_END_RESP_START
242 0 2422192400 RESP_END
243 0 2424174016 STIM_START
243 0 2427949428 STIM_END_RESP_START
243 0 2429149448 RESP_END
244 1 2431111088 STIM_START
244 1 2435136508 STIM_END_RESP_START
244 1 2436336524 RESP_END
245 0 2438479132 STIM_START
245 0 2442504548 STIM_END_RESP_START
245 0 2443704564 RESP_END
246 0 2445723240 STIM_START
246 0 2448998600 STIM_END_RESP_START
246 0 2450198612 RESP_END
247 1 2452427272 STIM_START
247 1 2456202684 STIM_END_RESP_START
247 1 2456268876 LICK
247 1 2456269412 REWARD_START
247 1 2456457360 LICK
247 1 2456592068 LICK
247 1 2457402712 RESP_END
247 1 2456282492 REWARD_END
248 1 2459133280 STIM_START
248 1 2462408632 STIM_END_RESP_START
248 1 2463608648 RESP_END
249 1 2465796304 STIM_START
249 1 2469571712 STIM_END_RESP_START
249 1 2470771764 RESP_END
250 0 2472742424 STIM_START
250 0 2476517836 STIM_END_RESP_START
250 0 2477717856 RESP_END
251 1 2479557336 STIM_START
251 1 2483582756 STIM_END_RESP_START
251 1 2484782772 RESP_END
252 1 2486785444 STIM_START
252 1 2490310812 STIM_END_RESP_START
252 1 2490788132 LICK
252 1 2490788664 REWARD_START
252 1 2491105968 LICK
252 1 2491510856 RESP_END
252 1 2490801740 REWARD_END
253 1 2493586448 STIM_START
253 1 2496951628 LICK
253 1 2497158500 LICK
253 1 2497349716 LICK
253 1 2497611876 STIM_END_RESP_START
253 1 2498286484 LICK
253 1 2498287024 REWARD_START
253 1 2498433228 LICK
253 1 2498589084 LICK
253 1 2498811916 RESP_END
253 1 2498300104 REWARD_END
254 0 2500885520 STIM_START
254 0 2504410880 STIM_END_RESP_START
254 0 2505610896 RESP_END
255 1 2507548552 STIM_START
255 1 2511323964 STIM_END_RESP_START
255 1 2512523980 RESP_END
256 1 2514279568 STIM_START
256 1 2517554924 STIM_END_RESP_START
256 1 2518754936 RESP_END
257 0 2520697548 STIM_START
257 0 2524222916 STIM_END_RESP_START
257 0 2525422932 RESP_END
258 0 2527391524 STIM_START
258 0 2531416948 STIM_END_RESP_START
258 0 2532616960 RESP_END
259 0 2534697608 STIM_START
259 0 2538723028 STIM_END_RESP_START
259 0 2539923044 RESP_END
260 1 2541916680 STIM_START
260 1 2545942100 STIM_END_RESP_START
260 1 2547142120 RESP_END
261 0 2549355812 STIM_START
261 0 2553131228 STIM_END_RESP_START
261 0 2554331244 RESP_END
262 1 2556375252 STIM_START
262 1 2559650604 STIM_END_RESP_START
262 1 2560850624 RESP_END
263 1 2562915828 STIM_START
263 1 2566941248 STIM_END_RESP_START
263 1 2567112064 LICK
263 1 2567112596 REWARD_START
263 1 2567273084 LICK
263 1 2567400892 LICK
263 1 2568141284 RESP_END
263 1 2567125676 REWARD_END
264 1 2569900904 STIM_START
264 1 2573426272 STIM_END_RESP_START
264 1 2573955484 LICK
264 1 2573956016 REWARD_START
264 1 2574107960 LICK
264 1 2574273576 LICK
264 1 2574626296 RESP_END
264 1 2573969092 REWARD_END
265 0 2576608940 STIM_START
265 0 2580134304 STIM_END_RESP_START
265 0 2581334324 RESP_END
266 1 2583262904 STIM_START
266 1 2587288324 STIM_END_RESP_START
266 1 2587753656 LICK
266 1 2587754188 REWARD_START
266 1 2587896472 LICK
266 1 2588037928 LICK
266 1 2588488364 RESP_END
266 1 2587767268 REWARD_END
267 1 2590234984 STIM_START
267 1 2593568636 LICK
267 1 2593697320 LICK
267 1 2593760356 STIM_END_RESP_START
267 1 2593828584 LICK
267 1 2593829124 REWARD_START
267 1 2593988616 LICK
267 1 2594167580 LICK
267 1 2594960404 RESP_END
267 1 2593842204 REWARD_END
268 0 2596711944 STIM_START
268 0 2600737364 STIM_END_RESP_START
268 0 2601937380 RESP_END
269 1 2603738024 STIM_START
269 1 2607513436 STIM_END_RESP_START
269 1 2607979768 LICK
269 1 2607980304 REWARD_START
269 1 2608126764 LICK
269 1 2608278800 LICK
269 1 2608713452 RESP_END
269 1 2607993384 REWARD_END
270 0 2610597024 STIM_START
270 0 2613113968 LICK
270 0 2613235128 LICK
270 0 2613392068 LICK
270 0 2614021112 LICK
270 0 2614122424 STIM_END_RESP_START
270 0 2614187264 LICK
270 0 2614187800 TIMEOUT_START
270 0 2615322456 RESP_END
270 0 2621188368 TIMEOUT_END
271 1 2623024856 STIM_START
271 1 2626300212 STIM_END_RESP_START
271 1 2626984452 LICK
271 1 2626984988 REWARD_START
271 1 2627148592 LICK
271 1 2627319384 LICK
271 1 2627427744 LICK
271 1 2627500260 RESP_END
271 1 2626998060 REWARD_END
272 0 2629995912 STIM_START
272 0 2632613340 LICK
272 0 2632792316 LICK
272 0 2633271268 STIM_END_RESP_START
272 0 2633466704 LICK
272 0 2633467240 TIMEOUT_START
272 0 2633640396 LICK
272 0 2633640928 TIMEOUT_START
272 0 2634386180 LICK
272 0 2634386716 TIMEOUT_START
272 0 2634471292 RESP_END
272 0 2641387272 TIMEOUT_END
273 1 2643412928 STIM_START
273 1 2646172220 LICK
273 1 2646343416 LICK
273 1 2646688272 STIM_END_RESP_START
273 1 2647005288 LICK
273 1 2647005820 REWARD_START
273 1 2647170108 LICK
273 1 2647303456 LICK
273 1 2647432584 LICK
273 1 2647888316 RESP_END
273 1 2647018900 REWARD_END
274 1 2649784900 STIM_START
274 1 2653026148 LICK
274 1 2653060256 STIM_END_RESP_START
274 1 2653203156 LICK
274 1 2653203696 REWARD_START
274 1 2653368316 LICK
274 1 2653505356 LICK
274 1 2653634056 LICK
274 1 2654260284 RESP_END
274 1 2653216772 REWARD_END
275 0 2656703920 STIM_START
275 0 2659758192 LICK
275 0 2660729344 STIM_END_RESP_START
275 0 2660790360 LICK
275 0 2660790892 TIMEOUT_START
275 0 2660950920 LICK
275 0 2660951456 TIMEOUT_START
275 0 2661929380 RESP_END
275 0 2667952012 TIMEOUT_END
276 1 2669846924 STIM_START
276 1 2673500172 LICK
276 1 2673622328 STIM_END_RESP_START
276 1 2673688908 LICK
276 1 2673689444 REWARD_START
276 1 2673869500 LICK
276 1 2674013624 LICK
276 1 2674132480 LICK
276 1 2674275088 LICK
276 1 2674822348 RESP_END
276 1 2673702524 REWARD_END
277 1 2676641892 STIM_START
277 1 2679917244 STIM_END_RESP_START
277 1 2680161904 LICK
277 1 2680162444 REWARD_START
277 1 2680308440 LICK
277 1 2680432540 LICK
277 1 2680541412 LICK
277 1 2680694452 LICK
277 1 2681117296 RESP_END
277 1 2680175516 REWARD_END
278 0 2683366948 STIM_START
278 0 2686043708 LICK
278 0 2686195704 LICK
278 0 2686363928 LICK
278 0 2686807740 LICK
278 0 2687033792 LICK
278 0 2687392364 STIM_END_RESP_START
278 0 2687680260 LICK
278 0 2687680796 TIMEOUT_START
278 0 2687885492 LICK
278 0 2687886020 TIMEOUT_START
278 0 2688592412 RESP_END
278 0 2694886584 TIMEOUT_END
279 1 2696621924 STIM_START
279 1 2699801780 LICK
279 1 2699897280 STIM_END_RESP_START
279 1 2699964564 LICK
279 1 2699965100 REWARD_START
279 1 2700135020 LICK
279 1 2700281768 LICK
279 1 2700412592 LICK
279 1 2701097308 RESP_END
279 1 2699978180 REWARD_END
280 1 2702860864 STIM_START
280 1 2704545724 LICK
280 1 2704727288 LICK
280 1 2704885296 LICK
280 1 2705314984 LICK
280 1 2705484764 LICK
280 1 2706329948 LICK
280 1 2706500128 LICK
280 1 2706636280 STIM_END_RESP_START
280 1 2706969384 LICK
280 1 2706969924 REWARD_START
280 1 2707153172 LICK
280 1 2707282688 LICK
280 1 2707423300 LICK
280 1 2707836296 RESP_END
280 1 2706983000 REWARD_END
281 0 2710040896 STIM_START
281 0 2712362456 LICK
281 0 2712529456 LICK
281 0 2713172836 LICK
281 0 2713327316 LICK
281 0 2714066320 STIM_END_RESP_START
281 0 2714100100 LICK
281 0 2714100632 TIMEOUT_START
281 0 2714221332 LICK
281 0 2714221868 TIMEOUT_START
281 0 2715266356 RESP_END
281 0 2721222432 TIMEOUT_END
282 1 2722976884 STIM_START
282 1 2724289636 LICK
282 1 2724476400 LICK
282 1 2725265876 LICK
282 1 2725421476 LICK
282 1 2726502260 STIM_END_RESP_START
282 1 2726819428 LICK
282 1 2726819964 REWARD_START
282 1 2726989904 LICK
282 1 2727144376 LICK
282 1 2727274248 LICK
282 1 2727702304 RESP_END
282 1 2726833036 REWARD_END
283 1 2729722892 STIM_START
283 1 2732833540 LICK
283 1 2732979912 LICK
283 1 2733748312 STIM_END_RESP_START
283 1 2733818296 LICK
283 1 2733818832 REWARD_START
283 1 2733969840 LICK
283 1 2734097460 LICK
283 1 2734225372 LICK
283 1 2734948324 RESP_END
283 1 2733831908 REWARD_END
284 0 2737027952 STIM_START
284 0 2740553320 STIM_END_RESP_START
284 0 2741753332 RESP_END
285 1 2765739172 STIM_START
285 1 2769264532 STIM_END_RESP_START
285 1 2770464548 RESP_END
286 0 2772671220 STIM_START
286 0 2776430376 LICK
286 0 2776446644 STIM_END_RESP_START
286 0 2776603224 LICK
286 0 2776603760 TIMEOUT_START
286 0 2777646692 RESP_END
286 0 2783604320 TIMEOUT_END
287 1 2785544160 STIM_START
287 1 2789069524 STIM_END_RESP_START
287 1 2789451316 LICK
287 1 2789451856 REWARD_START
287 1 2789616204 LICK
287 1 2789792332 LICK
287 1 2790269564 RESP_END
287 1 2789464928 REWARD_END
288 0 2792404176 STIM_START
288 0 2796429592 STIM_END_RESP_START
288 0 2796498752 LICK
288 0 2796499292 TIMEOUT_START
288 0 2796697448 LICK
288 0 2796697988 TIMEOUT_START
288 0 2797629612 RESP_END
288 0 2803698552 TIMEOUT_END
289 0 2805773160 STIM_START
289 0 2809776184 LICK
289 0 2809798584 STIM_END_RESP_START
289 0 2809967520 LICK
289 0 2809968056 TIMEOUT_START
289 0 2810127612 LICK
289 0 2810128144 TIMEOUT_START
289 0 2810649396 LICK
289 0 2810649936 TIMEOUT_START
289 0 2810998628 RESP_END
289 0 2817650500 TIMEOUT_END
290 0 2819410204 STIM_START
290 0 2823435620 STIM_END_RESP_START
290 0 2823956708 LICK
290 0 2823957244 TIMEOUT_START
290 0 2824119808 LICK
290 0 2824120348 TIMEOUT_START
290 0 2824635664 RESP_END
290 0 2831120908 TIMEOUT_END
291 1 2833235284 STIM_START
291 1 2836104572 LICK
291 1 2836510616 STIM_END_RESP_START
291 1 2836979424 LICK
291 1 2836979964 REWARD_START
291 1 2837157600 LICK
291 1 2837282356 LICK
291 1 2837415148 LICK
291 1 2837710644 RESP_END
291 1 2836993040 REWARD_END
292 1 2839566240 STIM_START
292 1 2843591656 STIM_END_RESP_START
292 1 2844078220 LICK
292 1 2844078756 REWARD_START
292 1 2844251776 LICK
292 1 2844380064 LICK
292 1 2844791696 RESP_END
292 1 2844091836 REWARD_END
293 1 2846688384 STIM_START
293 1 2849963740 STIM_END_RESP_START
293 1 2850363400 LICK
293 1 2850363936 REWARD_START
293 1 2850492912 LICK
293 1 2850633772 LICK
293 1 2850780952 LICK
293 1 2850900724 LICK
293 1 2851163788 RESP_END
293 1 2850377016 REWARD_END
294 0 2853253292 STIM_START
294 0 2857239488 LICK
294 0 2857278712 STIM_END_RESP_START
294 0 2857414296 LICK
294 0 2857414836 TIMEOUT_START
294 0 2857558624 LICK
294 0 2857559164 TIMEOUT_START
294 0 2858388216 LICK
294 0 2858388756 TIMEOUT_START
294 0 2858478756 RESP_END
294 0 2865389316 TIMEOUT_END
295 1 2867503428 STIM_START
295 1 2871278840 STIM_END_RESP_START
295 1 2871318908 LICK
295 1 2871319440 REWARD_START
295 1 2871487952 LICK
295 1 2871618460 LICK
295 1 2871737012 LICK
295 1 2872478888 RESP_END
295 1 2871332520 REWARD_END
296 0 2874655504 STIM_START
296 0 2877930864 STIM_END_RESP_START
296 0 2878043908 LICK
296 0 2878044448 TIMEOUT_START
296 0 2878191152 LICK
296 0 2878191692 TIMEOUT_START
296 0 2878345328 LICK
296 0 2878345860 TIMEOUT_START
296 0 2879130880 RESP_END
296 0 2885346420 TIMEOUT_END
297 1 2887449432 STIM_START
297 1 2891179608 LICK
297 1 2891224840 STIM_END_RESP_START
297 1 2891311864 LICK
297 1 2891312404 REWARD_START
297 1 2891477056 LICK
297 1 2891647748 LICK
297 1 2891787288 LICK
297 1 2892424872 RESP_END
297 1 2891325484 REWARD_END
298 0 2894564548 STIM_START
298 0 2898052384 LICK
298 0 2898225908 LICK
298 0 2898339948 STIM_END_RESP_START
298 0 2898418128 LICK
298 0 2898418660 TIMEOUT_START
298 0 2899016228 LICK
298 0 2899016764 TIMEOUT_START
298 0 2899209336 LICK
298 0 2899209868 TIMEOUT_START
298 0 2899539964 RESP_END
298 0 2906210424 TIMEOUT_END
299 0 2908361576 STIM_START
299 0 2911373412 LICK
299 0 2911517168 LICK
299 0 2911760540 LICK
299 0 2912384524 LICK
299 0 2912386992 STIM_END_RESP_START
299 0 2912544056 LICK
299 0 2912544588 TIMEOUT_START
299 0 2913525764 LICK
299 0 2913526296 TIMEOUT_START
299 0 2913587008 RESP_END
299 0 2920526868 TIMEOUT_END
300 1 2922472708 STIM_START
300 1 2925748064 STIM_END_RESP_START
300 1 2926007392 LICK
300 1 2926007924 REWARD_START
300 1 2926172868 LICK
300 1 2926303944 LICK
300 1 2926425012 LICK
300 1 2926948092 RESP_END
300 1 2926021008 REWARD_END
301 0 2928883680 STIM_START
301 0 2931628784 LICK
301 0 2931790568 LICK
301 0 2931975128 LICK
301 0 2932909100 STIM_END_RESP_START
301 0 2933370696 LICK
301 0 2933371236 TIMEOUT_START
301 0 2933516356 LICK
301 0 2933516892 TIMEOUT_START
301 0 2934109120 RESP_END
301 0 2940517452 TIMEOUT_END
302 0 2942644752 STIM_START
302 0 2945920112 STIM_END_RESP_START
302 0 2947120164 RESP_END
303 0 2948964672 STIM_START
303 0 2952240028 STIM_END_RESP_START
303 0 2953440040 RESP_END
304 1 2955396668 STIM_START
304 1 2959422088 STIM_END_RESP_START
304 1 2959857644 LICK
304 1 2959858184 REWARD_START
304 1 2960047888 LICK
304 1 2960208108 LICK
304 1 2960622136 RESP_END
304 1 2959871260 REWARD_END
305 0 2962465704 STIM_START
305 0 2966241112 STIM_END_RESP_START
305 0 2967441128 RESP_END
306 1 2969436728 STIM_START
306 1 2973462148 STIM_END_RESP_START
306 1 2973474104 LICK
306 1 2973474648 REWARD_START
306 1 2973627444 LICK
306 1 2973792668 LICK
306 1 2973881472 LICK
306 1 2974662196 RESP_END
306 1 2973487716 REWARD_END
307 0 2976498784 STIM_START
307 0 2980024148 STIM_END_RESP_START
307 0 2981224164 RESP_END
308 0 2982988744 STIM_START
308 0 2987014168 STIM_END_RESP_START
308 0 2988214216 RESP_END
309 0 2990408928 STIM_START
309 0 2993684280 STIM_END_RESP_START
309 0 2994884296 RESP_END
310 1 2997011920 STIM_START
310 1 3000287280 STIM_END_RESP_START
310 1 3001487288 RESP_END
311 1 3003206816 STIM_START
311 1 3006732212 STIM_END_RESP_START
311 1 3007932232 RESP_END
312 0 3009842908 STIM_START
312 0 3013368276 STIM_END_RESP_START
312 0 3014568296 RESP_END
313 1 3016587832 STIM_START
313 1 3020613252 STIM_END_RESP_START
313 1 3020834708 LICK
313 1 3020835244 REWARD_START
313 1 3020993816 LICK
313 1 3021130252 LICK
313 1 3021813296 RESP_END
313 1 3020848324 REWARD_END
314 0 3023595904 STIM_START
314 0 3027121272 STIM_END_RESP_START
314 0 3028321324 RESP_END
315 0 3030061848 STIM_START
315 0 3034087272 STIM_END_RESP_START
315 0 3035287288 RESP_END
316 1 3037085920 STIM_START
316 1 3041111344 STIM_END_RESP_START
316 1 3042311360 RESP_END
317 1 3044514044 STIM_START
317 1 3048289456 STIM_END_RESP_START
317 1 3049489472 RESP_END
318 0 3051479036 STIM_START
318 0 3054754400 STIM_END_RESP_START
318 0 3055954416 RESP_END
319 0 3058037032 STIM_START
319 0 3061562404 STIM_END_RESP_START
319 0 3062762412 RESP_END
320 0 3064695056 STIM_START
320 0 3068470468 STIM_END_RESP_START
320 0 3069670484 RESP_END
321 1 3071635124 STIM_START
321 1 3074910484 STIM_END_RESP_START
321 1 3076110500 RESP_END
322 0 3078165084 STIM_START
322 0 3082190504 STIM_END_RESP_START
322 0 3083390520 RESP_END
323 0 3085203128 STIM_START
323 0 3088478488 STIM_END_RESP_START
323 0 3089678504 RESP_END
324 0 3091441044 STIM_START
324 0 3095216460 STIM_END_RESP_START
324 0 3096416476 RESP_END
325 1 3098223088 STIM_START
325 1 3101498448 STIM_END_RESP_START
325 1 3102698500 RESP_END
326 0 3104771072 STIM_START
326 0 3108796496 STIM_END_RESP_START
326 0 3109996552 RESP_END
327 1 3111798092 STIM_START
327 1 3115823512 STIM_END_RESP_START
327 1 3117023528 RESP_END
328 0 3119077220 STIM_START
328 0 3122352580 STIM_END_RESP_START
328 0 3123552596 RESP_END
329 1 3125407152 STIM_START
329 1 3128932520 STIM_END_RESP_START
329 1 3129641100 LICK
329 1 3129641632 REWARD_START
329 1 3129849320 LICK
329 1 3129984400 LICK
329 1 3130114588 LICK
329 1 3130132568 RESP_END
329 1 3129654712 REWARD_END
330 0 3132125176 STIM_START
330 0 3136150612 STIM_END_RESP_START
330 0 3137350620 RESP_END
331 0 3139264276 STIM_START
331 0 3142539632 STIM_END_RESP_START
331 0 3143739652 RESP_END
332 1 3145713200 STIM_START
332 1 3149488616 STIM_END_RESP_START
332 1 3150688632 RESP_END
333 1 3152505216 STIM_START
333 1 3156030580 STIM_END_RESP_START
333 1 3156289948 LICK
333 1 3156290484 REWARD_START
333 1 3156470928 LICK
333 1 3156614224 LICK
333 1 3157230608 RESP_END
333 1 3156303560 REWARD_END
334 1 3158985188 STIM_START
334 1 3162260548 STIM_END_RESP_START
334 1 3162617020 LICK
334 1 3162617552 REWARD_START
334 1 3162759596 LICK
334 1 3162899448 LICK
334 1 3163044012 LICK
334 1 3163460584 RESP_END
334 1 3162630632 REWARD_END
335 0 3165582200 STIM_START
335 0 3167412688 LICK
335 0 3167574360 LICK
335 0 3168786556 LICK
335 0 3168951356 LICK
335 0 3169607636 STIM_END_RESP_START
335 0 3170807652 RESP_END
336 1 3172828272 STIM_START
336 1 3175915740 LICK
336 1 3176059244 LICK
336 1 3176278384 LICK
336 1 3176853692 STIM_END_RESP_START
336 1 3177019716 LICK
336 1 3177020252 REWARD_START
336 1 3177208576 LICK
336 1 3177343524 LICK
336 1 3178053740 RESP_END
336 1 3177033332 REWARD_END
337 0 3179931304 STIM_START
337 0 3183206664 STIM_END_RESP_START
337 0 3183501640 LICK
337 0 3183502172 TIMEOUT_START
337 0 3183635940 LICK
337 0 3183636476 TIMEOUT_START
337 0 3183785928 LICK
337 0 3183786468 TIMEOUT_START
337 0 3184406712 RESP_END
337 0 3190787028 TIMEOUT_END
338 0 3192968292 STIM_START
338 0 3196832456 LICK
338 0 3196993712 STIM_END_RESP_START
338 0 3196998512 LICK
338 0 3196999060 TIMEOUT_START
338 0 3198193740 RESP_END
338 0 3203999612 TIMEOUT_END
339 1 3206062252 STIM_START
339 1 3209578204 LICK
339 1 3209738216 LICK
339 1 3209837668 STIM_END_RESP_START
339 1 3209907656 LICK
339 1 3209908192 REWARD_START
339 1 3210128064 LICK
339 1 3210270028 LICK
339 1 3210375916 LICK
339 1 3210531988 LICK
339 1 3211037720 RESP_END
339 1 3209921272 REWARD_END
340 1 3212902304 STIM_START
340 1 3216427672 STIM_END_RESP_START
340 1 3216554068 LICK
340 1 3216554600 REWARD_START
340 1 3216692560 LICK
340 1 3216841692 LICK
340 1 3216989580 LICK
340 1 3217627704 RESP_END
340 1 3216567680 REWARD_END
341 1 3219607240 STIM_START
341 1 3223132608 STIM_END_RESP_START
341 1 3224332624 RESP_END
342 0 3226127228 STIM_START
342 0 3229902640 STIM_END_RESP_START
342 0 3231102656 RESP_END
343 0 3233305336 STIM_START
343 0 3237080748 STIM_END_RESP_START
343 0 3238280764 RESP_END
344 0 3240205336 STIM_START
344 0 3243980740 STIM_END_RESP_START
344 0 3245180760 RESP_END
345 1 3247257424 STIM_START
345 1 3250782796 STIM_END_RESP_START
345 1 3251048972 LICK
345 1 3251049512 REWARD_START
345 1 3251228364 LICK
345 1 3251360136 LICK
345 1 3251982832 RESP_END
345 1 3251062584 REWARD_END
346 1 3254173448 STIM_START
346 1 3257948860 STIM_END_RESP_START
346 1 3259148876 RESP_END
347 1 3261191520 STIM_START
347 1 3264716888 STIM_END_RESP_START
347 1 3265916940 RESP_END
348 0 3267755536 STIM_START
348 0 3271030896 STIM_END_RESP_START
348 0 3272230952 RESP_END
349 1 3273970400 STIM_START
349 1 3277605356 LICK
349 1 3277813784 LICK
349 1 3277995804 STIM_END_RESP_START
349 1 3279195820 RESP_END
350 0 3281310532 STIM_START
350 0 3284835900 STIM_END_RESP_START
350 0 3286035912 RESP_END
351 1 3287941528 STIM_START
351 1 3291795956 LICK
351 1 3291944540 LICK
351 1 3291966972 STIM_END_RESP_START
351 1 3292111984 LICK
351 1 3292112516 REWARD_START
351 1 3292784924 LICK
351 1 3292954416 LICK
351 1 3293167016 RESP_END
351 1 3292125596 REWARD_END
352 1 3295244620 STIM_START
352 1 3299020028 STIM_END_RESP_START
352 1 3300220048 RESP_END
353 1 3302009620 STIM_START
353 1 3305284980 STIM_END_RESP_START
353 1 3306484996 RESP_END
354 0 3308495624 STIM_START
354 0 3312521044 STIM_END_RESP_START
354 0 3313721056 RESP_END
355 1 3315686784 STIM_START
355 1 3319212148 STIM_END_RESP_START
355 1 3320412204 RESP_END
356 1 3322526732 STIM_START
356 1 3326052092 STIM_END_RESP_START
356 1 3327252108 RESP_END
357 0 3329404752 STIM_START
357 0 3332930120 STIM_END_RESP_START
357 0 3334130132 RESP_END
358 0 3335921732 STIM_START
358 0 3339697136 STIM_END_RESP_START
358 0 3340897156 RESP_END
359 0 3343016748 STIM_START
359 0 3347042168 STIM_END_RESP_START
359 0 3348242184 RESP_END
USER_EXIT