001 0 0008945968 STIM_START
001 0 0010044620 STIM_END_RESP_START
001 0 0011244644 RESP_END
002 0 0013068048 STIM_START
002 0 0014166720 STIM_END_RESP_START
002 0 0015353472 LICK
002 0 0015353916 TIMEOUT_START
002 0 0015366732 RESP_END
002 0 0022354376 TIMEOUT_END
003 1 0024319644 STIM_START
003 1 0025418320 STIM_END_RESP_START
003 1 0026618344 RESP_END
004 1 0028567644 STIM_START
004 1 0029666312 STIM_END_RESP_START
004 1 0030866332 RESP_END
005 0 0032929476 STIM_START
005 0 0034028144 STIM_END_RESP_START
005 0 0035228168 RESP_END
006 1 0036827820 STIM_START
006 1 0037926488 STIM_END_RESP_START
006 1 0039126512 RESP_END
007 0 0040961924 STIM_START
007 0 0042060592 STIM_END_RESP_START
007 0 0043260616 RESP_END
008 0 0045076004 STIM_START
008 0 0046174672 STIM_END_RESP_START
008 0 0047374700 RESP_END
009 1 0049104252 STIM_START
009 1 0050202924 STIM_END_RESP_START
009 1 0051402948 RESP_END
010 0 0053011560 STIM_START
010 0 0054110232 STIM_END_RESP_START
010 0 0055310252 RESP_END
011 1 0057013792 STIM_START
011 1 0058112460 STIM_END_RESP_START
011 1 0059312488 RESP_END
012 1 0061278748 STIM_START
012 1 0062377420 STIM_END_RESP_START
012 1 0063577444 RESP_END
013 0 0065316900 STIM_START
013 0 0066415564 STIM_END_RESP_START
013 0 0067615588 RESP_END
014 1 0069660804 STIM_START
014 1 0070759472 STIM_END_RESP_START
014 1 0071959492 RESP_END
015 0 0073770836 STIM_START
015 0 0074869508 STIM_END_RESP_START
015 0 0076069532 RESP_END
016 1 0078137732 STIM_START
016 1 0079236404 STIM_END_RESP_START
016 1 0080436432 RESP_END
017 0 0082502544 STIM_START
017 0 0083601212 STIM_END_RESP_START
017 0 0084801236 RESP_END
018 0 0086667544 STIM_START
018 0 0087766216 STIM_END_RESP_START
018 0 0088966240 RESP_END
019 1 0090793620 STIM_START
019 1 0091892292 STIM_END_RESP_START
019 1 0093092316 RESP_END
020 1 0095089560 STIM_START
020 1 0096188228 STIM_END_RESP_START
020 1 0097388256 RESP_END
021 0 0099090804 STIM_START
021 0 0100189476 STIM_END_RESP_START
021 0 0101389516 RESP_END
022 1 0103096040 STIM_START
022 1 0104194688 STIM_END_RESP_START
022 1 0105394732 RESP_END
023 1 0107211156 STIM_START
023 1 0108309804 STIM_END_RESP_START
023 1 0109509844 RESP_END
024 0 0111240356 STIM_START
024 0 0112339008 STIM_END_RESP_START
024 0 0113539044 RESP_END
025 0 0117385024 STIM_START
025 0 0118151028 LICK
025 0 0118483696 STIM_END_RESP_START
025 0 0119120924 LICK
025 0 0119121408 TIMEOUT_START
025 0 0119375424 LICK
025 0 0119375916 TIMEOUT_START
025 0 0119683716 RESP_END
025 0 0126376408 TIMEOUT_END
026 0 0128394888 STIM_START
026 0 0129493540 STIM_END_RESP_START
026 0 0130693584 RESP_END
027 1 0132421144 STIM_START
027 1 0133519792 STIM_END_RESP_START
027 1 0133867812 LICK
027 1 0133868296 REWARD_START
027 1 0134048072 LICK
027 1 0134322852 LICK
027 1 0134470364 LICK
027 1 0134618656 LICK
027 1 0134719840 RESP_END
027 1 0133898808 REWARD_END
028 0 0139314004 STIM_START
028 0 0140412652 STIM_END_RESP_START
028 0 0140749524 LICK
028 0 0140750012 TIMEOUT_START
028 0 0140930400 LICK
028 0 0140930884 TIMEOUT_START
028 0 0141612668 RESP_END
028 0 0147931380 TIMEOUT_END
029 0 0149796564 STIM_START
029 0 0150895212 STIM_END_RESP_START
029 0 0152095256 RESP_END
030 1 0154006464 STIM_START
030 1 0155105112 STIM_END_RESP_START
030 1 0155655700 LICK
030 1 0155656184 REWARD_START
030 1 0155823008 LICK
030 1 0156096188 LICK
USER_EXIT