001 0 0009481216 STIM_START
001 0 0010579868 STIM_END_RESP_START
001 0 0011779892 RESP_END
002 0 0014045712 STIM_START
002 0 0014979264 LICK
002 0 0015144360 STIM_END_RESP_START
002 0 0016344384 RESP_END
003 1 0018137796 STIM_START
003 1 0018791576 LICK
003 1 0019119212 LICK
003 1 0019236440 STIM_END_RESP_START
003 1 0019253508 LICK
003 1 0019253944 REWARD_START
003 1 0019390600 LICK
003 1 0019480788 LICK
003 1 0019575372 LICK
003 1 0019668264 LICK
003 1 0019764404 LICK
003 1 0019877772 LICK
003 1 0020005488 LICK
003 1 0020156320 LICK
003 1 0020436460 RESP_END
003 1 0019284408 REWARD_END
004 0 0024000680 STIM_START
004 0 0025099308 STIM_END_RESP_START
004 0 0026299328 RESP_END
005 0 0029980488 STIM_START
005 0 0031079120 STIM_END_RESP_START
005 0 0032279148 RESP_END
006 1 0034172392 STIM_START
006 1 0034943316 LICK
006 1 0035042736 LICK
006 1 0035156272 LICK
006 1 0035271016 STIM_END_RESP_START
006 1 0035289376 LICK
006 1 0035289816 REWARD_START
006 1 0035457384 LICK
006 1 0035544268 LICK
006 1 0035641548 LICK
006 1 0035740548 LICK
006 1 0035852384 LICK
006 1 0035976220 LICK
006 1 0036262476 LICK
006 1 0036471052 RESP_END
006 1 0035320280 REWARD_END
007 0 0038278440 STIM_START
007 0 0039377072 STIM_END_RESP_START
007 0 0039541164 LICK
007 0 0039541600 TIMEOUT_START
007 0 0039871948 LICK
007 0 0039872388 TIMEOUT_START
007 0 0040007880 LICK
007 0 0040008316 TIMEOUT_START
007 0 0040577104 RESP_END
007 0 0047008780 TIMEOUT_END
008 0 0048972508 STIM_START
008 0 0050071140 STIM_END_RESP_START
008 0 0051271168 RESP_END
009 0 0053197432 STIM_START
009 0 0054296068 STIM_END_RESP_START
009 0 0055496092 RESP_END
010 1 0057366384 STIM_START
010 1 0058462724 LICK
010 1 0058465016 STIM_END_RESP_START
010 1 0058581588 LICK
010 1 0058582032 REWARD_START
010 1 0058701684 LICK
010 1 0058809820 LICK
010 1 0058914728 LICK
010 1 0059025844 LICK
010 1 0059135376 LICK
010 1 0059257420 LICK
010 1 0059360288 LICK
010 1 0059493356 LICK
010 1 0059626168 LICK
010 1 0059665040 RESP_END
010 1 0058612492 REWARD_END
011 1 0062041720 STIM_START
011 1 0063140352 STIM_END_RESP_START
011 1 0064340380 RESP_END
012 0 0067258400 STIM_START
012 0 0068054680 LICK
012 0 0068156916 LICK
012 0 0068287736 LICK
012 0 0068357044 STIM_END_RESP_START
012 0 0068437576 LICK
012 0 0068438012 TIMEOUT_START
012 0 0068594408 LICK
012 0 0068594852 TIMEOUT_START
012 0 0069557056 RESP_END
012 0 0075595312 TIMEOUT_END
013 0 0079220968 STIM_START
013 0 0080319600 STIM_END_RESP_START
013 0 0081519628 RESP_END
014 0 0083329980 STIM_START
014 0 0084428608 STIM_END_RESP_START
014 0 0085127480 LICK
014 0 0085127916 TIMEOUT_START
014 0 0085279364 LICK
014 0 0085279808 TIMEOUT_START
014 0 0085628648 RESP_END
014 0 0092280264 TIMEOUT_END
015 1 0095166716 STIM_START
015 1 0096265352 STIM_END_RESP_START
015 1 0097465376 RESP_END
016 1 0099493464 STIM_START
016 1 0100592096 STIM_END_RESP_START
016 1 0101792140 RESP_END
017 1 0103561508 STIM_START
017 1 0104660160 STIM_END_RESP_START
017 1 0105860200 RESP_END
018 0 0107707536 STIM_START
018 0 0108806184 STIM_END_RESP_START
018 0 0110006220 RESP_END
019 1 0111948400 STIM_START
019 1 0113047052 STIM_END_RESP_START
019 1 0114247092 RESP_END
020 1 0116205260 STIM_START
020 1 0117303908 STIM_END_RESP_START
020 1 0118503952 RESP_END
021 0 0125195432 STIM_START
021 0 0126294080 STIM_END_RESP_START
021 0 0127494116 RESP_END
022 0 0129350344 STIM_START
022 0 0130448992 STIM_END_RESP_START
022 0 0131649036 RESP_END
023 0 0133634184 STIM_START
023 0 0134732832 STIM_END_RESP_START
023 0 0135932868 RESP_END
024 1 0137544476 STIM_START
024 1 0138643124 STIM_END_RESP_START
024 1 0139843168 RESP_END
025 1 0141860284 STIM_START
025 1 0142958932 STIM_END_RESP_START
025 1 0144158976 RESP_END
026 1 0146100156 STIM_START
026 1 0147198804 STIM_END_RESP_START
026 1 0148398852 RESP_END
027 0 0150148244 STIM_START
027 0 0151246896 STIM_END_RESP_START
027 0 0152446932 RESP_END
028 1 0154217340 STIM_START
028 1 0155315988 STIM_END_RESP_START
028 1 0156516032 RESP_END
029 1 0158504116 STIM_START
029 1 0159602764 STIM_END_RESP_START
029 1 0160802804 RESP_END
030 0 0162401428 STIM_START
030 0 0163500076 STIM_END_RESP_START
030 0 0164700116 RESP_END
031 1 0166616340 STIM_START
031 1 0167714988 STIM_END_RESP_START
031 1 0168915032 RESP_END
032 0 0170864188 STIM_START
032 0 0171962840 STIM_END_RESP_START
032 0 0173162880 RESP_END
033 0 0175134052 STIM_START
033 0 0176232704 STIM_END_RESP_START
033 0 0177432744 RESP_END
034 1 0179293052 STIM_START
034 1 0179959508 LICK
034 1 0180046472 LICK
034 1 0180157852 LICK
034 1 0180287800 LICK
034 1 0180391696 STIM_END_RESP_START
034 1 0180417064 LICK
034 1 0180417552 REWARD_START
034 1 0180564400 LICK
034 1 0180673520 LICK
034 1 0180767572 LICK
034 1 0180874012 LICK
034 1 0180995212 LICK
034 1 0181110772 LICK
034 1 0181253560 LICK
034 1 0181397032 LICK
034 1 0181591724 RESP_END
034 1 0180448056 REWARD_END
035 0 0183538908 STIM_START
035 0 0184637556 STIM_END_RESP_START
035 0 0185837600 RESP_END
036 1 0187872676 STIM_START
036 1 0188971324 STIM_END_RESP_START
036 1 0189119996 LICK
036 1 0189120484 REWARD_START
036 1 0189232188 LICK
036 1 0189334068 LICK
036 1 0189433668 LICK
036 1 0189537124 LICK
036 1 0189650752 LICK
036 1 0189770468 LICK
036 1 0189893536 LICK
036 1 0190024336 LICK
036 1 0190146276 LICK
036 1 0190171336 RESP_END
036 1 0189150996 REWARD_END
037 0 0192807716 STIM_START
037 0 0193906364 STIM_END_RESP_START
037 0 0195106408 RESP_END
038 0 0196816872 STIM_START
038 0 0197915516 STIM_END_RESP_START
038 0 0199115564 RESP_END
039 0 0200911892 STIM_START
039 0 0202010536 STIM_END_RESP_START
039 0 0203210580 RESP_END
040 1 0205264640 STIM_START
040 1 0206010376 LICK
040 1 0206112964 LICK
040 1 0206223996 LICK
040 1 0206351820 LICK
040 1 0206363276 STIM_END_RESP_START
040 1 0206649936 LICK
040 1 0206650424 REWARD_START
040 1 0206771264 LICK
040 1 0206888296 LICK
040 1 0206989492 LICK
040 1 0207111316 LICK
040 1 0207225916 LICK
040 1 0207342728 LICK
040 1 0207563316 RESP_END
040 1 0206680932 REWARD_END
041 1 0209546504 STIM_START
041 1 0209627248 LICK
041 1 0209729688 LICK
041 1 0209858216 LICK
041 1 0209990748 LICK
041 1 0210127420 LICK
041 1 0210275536 LICK
041 1 0210470140 LICK
041 1 0210598380 LICK
041 1 0210645148 STIM_END_RESP_START
041 1 0210750160 LICK
041 1 0210750648 REWARD_START
041 1 0210906816 LICK
041 1 0211018276 LICK
041 1 0211114156 LICK
041 1 0211228344 LICK
041 1 0211360828 LICK
041 1 0211845192 RESP_END
041 1 0210781156 REWARD_END
042 0 0213481728 STIM_START
042 0 0214140992 LICK
042 0 0214238240 LICK
042 0 0214360616 LICK
042 0 0214480092 LICK
042 0 0214580384 STIM_END_RESP_START
042 0 0214597872 LICK
042 0 0214598356 TIMEOUT_START
042 0 0214752968 LICK
042 0 0214753460 TIMEOUT_START
042 0 0214872084 LICK
042 0 0214872568 TIMEOUT_START
042 0 0215004092 LICK
042 0 0215004580 TIMEOUT_START
042 0 0215461864 LICK
042 0 0215462352 TIMEOUT_START
042 0 0215612428 LICK
042 0 0215612912 TIMEOUT_START
042 0 0215767772 LICK
042 0 0215768260 TIMEOUT_START
042 0 0215780416 RESP_END
042 0 0222768756 TIMEOUT_END
043 0 0224361552 STIM_START
043 0 0225250868 LICK
043 0 0225460168 STIM_END_RESP_START
043 0 0226660212 RESP_END
044 1 0228516516 STIM_START
044 1 0229615164 STIM_END_RESP_START
044 1 0230815208 RESP_END
045 0 0234020928 STIM_START
045 0 0235119572 STIM_END_RESP_START
045 0 0236319616 RESP_END
046 1 0238050024 STIM_START
046 1 0239141608 LICK
046 1 0239148660 STIM_END_RESP_START
046 1 0239282576 LICK
046 1 0239283064 REWARD_START
046 1 0239459044 LICK
046 1 0239601964 LICK
046 1 0239699412 LICK
046 1 0239819672 LICK
046 1 0239931220 LICK
046 1 0240043028 LICK
046 1 0240158352 LICK
046 1 0240277368 LICK
046 1 0240348692 RESP_END
046 1 0239313576 REWARD_END
047 0 0243994836 STIM_START
047 0 0244404836 LICK
047 0 0244495264 LICK
047 0 0244619976 LICK
047 0 0244777268 LICK
047 0 0245071296 LICK
047 0 0245093456 STIM_END_RESP_START
047 0 0245239756 LICK
047 0 0245240248 TIMEOUT_START
047 0 0245382012 LICK
047 0 0245382504 TIMEOUT_START
047 0 0245525576 LICK
047 0 0245526060 TIMEOUT_START
047 0 0246293504 RESP_END
047 0 0252526564 TIMEOUT_END
048 1 0254594072 STIM_START
048 1 0254996304 LICK
048 1 0255692700 STIM_END_RESP_START
048 1 0256892744 RESP_END
049 1 0259231468 STIM_START
049 1 0260330116 STIM_END_RESP_START
049 1 0261530160 RESP_END
050 0 0263199640 STIM_START
050 0 0263989288 LICK
050 0 0264107112 LICK
050 0 0264236292 LICK
050 0 0264298292 STIM_END_RESP_START
050 0 0264347124 LICK
050 0 0264347604 TIMEOUT_START
050 0 0264484252 LICK
050 0 0264484736 TIMEOUT_START
050 0 0265498324 RESP_END
050 0 0271485236 TIMEOUT_END
051 0 0273110668 STIM_START
051 0 0274189048 LICK
051 0 0274209288 STIM_END_RESP_START
051 0 0274321380 LICK
051 0 0274321872 TIMEOUT_START
051 0 0274456544 LICK
051 0 0274457036 TIMEOUT_START
051 0 0274596576 LICK
051 0 0274597064 TIMEOUT_START
051 0 0274741440 LICK
051 0 0274741924 TIMEOUT_START
051 0 0275409308 RESP_END
051 0 0281742440 TIMEOUT_END
052 0 0283635944 STIM_START
052 0 0284734592 STIM_END_RESP_START
052 0 0285934636 RESP_END
053 1 0287604160 STIM_START
053 1 0288702808 STIM_END_RESP_START
053 1 0289902852 RESP_END
054 0 0291560388 STIM_START
054 0 0292659040 STIM_END_RESP_START
054 0 0293859084 RESP_END
055 0 0295756320 STIM_START
055 0 0296854968 STIM_END_RESP_START
055 0 0298055012 RESP_END
056 0 0299690552 STIM_START
056 0 0300789204 STIM_END_RESP_START
056 0 0301989248 RESP_END
057 1 0303967396 STIM_START
057 1 0305066048 STIM_END_RESP_START
057 1 0306266084 RESP_END
058 0 0308023496 STIM_START
058 0 0309122144 STIM_END_RESP_START
058 0 0310322188 RESP_END
059 0 0311939772 STIM_START
059 0 0313038424 STIM_END_RESP_START
059 0 0314238468 RESP_END
060 0 0316052760 STIM_START
060 0 0317151408 STIM_END_RESP_START
060 0 0318351456 RESP_END
061 1 0320182772 STIM_START
061 1 0321281424 STIM_END_RESP_START
061 1 0322481464 RESP_END
062 1 0324528548 STIM_START
062 1 0325627196 STIM_END_RESP_START
062 1 0326827244 RESP_END
063 1 0328796392 STIM_START
063 1 0329895044 STIM_END_RESP_START
063 1 0331095084 RESP_END
064 0 0332906428 STIM_START
064 0 0334005076 STIM_END_RESP_START
064 0 0335205120 RESP_END
065 0 0336917620 STIM_START
065 0 0338016268 STIM_END_RESP_START
065 0 0339216304 RESP_END
066 0 0342191232 STIM_START
066 0 0343289884 STIM_END_RESP_START
066 0 0344489920 RESP_END
067 1 0346150444 STIM_START
067 1 0347249092 STIM_END_RESP_START
067 1 0348449132 RESP_END
068 1 0350244468 STIM_START
068 1 0351343120 STIM_END_RESP_START
068 1 0352543164 RESP_END
069 1 0354474400 STIM_START
069 1 0355573048 STIM_END_RESP_START
069 1 0356773096 RESP_END
070 0 0358830120 STIM_START
070 0 0359928764 STIM_END_RESP_START
070 0 0361128808 RESP_END
071 0 0363199844 STIM_START
071 0 0364298496 STIM_END_RESP_START
071 0 0365498540 RESP_END
072 0 0367427704 STIM_START
072 0 0368526356 STIM_END_RESP_START
072 0 0369726392 RESP_END
073 1 0371616648 STIM_START
073 1 0372715296 STIM_END_RESP_START
073 1 0373915344 RESP_END
074 1 0375693732 STIM_START
074 1 0376792384 STIM_END_RESP_START
074 1 0377992432 RESP_END
075 1 0379809728 STIM_START
075 1 0380908376 STIM_END_RESP_START
075 1 0382108424 RESP_END
076 0 0383856904 STIM_START
076 0 0384894036 LICK
076 0 0384955548 STIM_END_RESP_START
076 0 0385116320 LICK
076 0 0385116804 TIMEOUT_START
076 0 0385226580 LICK
076 0 0385227072 TIMEOUT_START
076 0 0385383232 LICK
076 0 0385383720 TIMEOUT_START
076 0 0385521552 LICK
076 0 0385522040 TIMEOUT_START
076 0 0385668832 LICK
076 0 0385669320 TIMEOUT_START
076 0 0385834728 LICK
076 0 0385835216 TIMEOUT_START
076 0 0386006348 LICK
076 0 0386006832 TIMEOUT_START
076 0 0386155584 RESP_END
076 0 0393007340 TIMEOUT_END
077 1 0395609652 STIM_START
077 1 0396027388 LICK
077 1 0396161000 LICK
077 1 0396302688 LICK
077 1 0396398252 LICK
077 1 0396502824 LICK
077 1 0396611920 LICK
077 1 0396708288 STIM_END_RESP_START
077 1 0396718004 LICK
077 1 0396718496 REWARD_START
077 1 0396864808 LICK
077 1 0396957924 LICK
077 1 0397055936 LICK
077 1 0397156256 LICK
077 1 0397265996 LICK
077 1 0397374376 LICK
077 1 0397506580 LICK
077 1 0397637080 LICK
077 1 0397759856 LICK
077 1 0397908304 RESP_END
077 1 0396749000 REWARD_END
078 0 0401478544 STIM_START
078 0 0401826940 LICK
078 0 0401986092 LICK
078 0 0402150652 LICK
078 0 0402437992 LICK
078 0 0402577192 STIM_END_RESP_START
078 0 0402639612 LICK
078 0 0402640100 TIMEOUT_START
078 0 0403777220 RESP_END
078 0 0409640604 TIMEOUT_END
079 0 0412725000 STIM_START
079 0 0413823652 STIM_END_RESP_START
079 0 0415023696 RESP_END
080 1 0416762100 STIM_START
080 1 0417458804 LICK
080 1 0417563948 LICK
080 1 0417667012 LICK
080 1 0417774164 LICK
080 1 0417860744 STIM_END_RESP_START
080 1 0417885588 LICK
080 1 0417886072 REWARD_START
080 1 0418021008 LICK
080 1 0418119352 LICK
080 1 0418218216 LICK
080 1 0418326204 LICK
080 1 0418439076 LICK
080 1 0418572424 LICK
080 1 0418711268 LICK
080 1 0418846584 LICK
080 1 0418997352 LICK
080 1 0419060784 RESP_END
080 1 0417916584 REWARD_END
081 1 0420798232 STIM_START
081 1 0421422012 LICK
081 1 0421530736 LICK
081 1 0421653268 LICK
081 1 0421804648 LICK
081 1 0421896880 STIM_END_RESP_START
081 1 0422024324 LICK
081 1 0422024808 REWARD_START
081 1 0422169540 LICK
081 1 0422283896 LICK
081 1 0422402796 LICK
081 1 0422523224 LICK
081 1 0422645064 LICK
081 1 0422823460 LICK
081 1 0422981308 LICK
081 1 0423096888 RESP_END
081 1 0422055320 REWARD_END
082 0 0425137980 STIM_START
082 0 0426153176 LICK
082 0 0426236632 STIM_END_RESP_START
082 0 0426255008 LICK
082 0 0426255500 TIMEOUT_START
082 0 0426370832 LICK
082 0 0426371324 TIMEOUT_START
082 0 0426520636 LICK
082 0 0426521116 TIMEOUT_START
082 0 0426685060 LICK
082 0 0426685548 TIMEOUT_START
082 0 0426816256 LICK
082 0 0426816744 TIMEOUT_START
082 0 0426997012 LICK
082 0 0426997496 TIMEOUT_START
082 0 0427177372 LICK
082 0 0427177856 TIMEOUT_START
082 0 0427436668 RESP_END
082 0 0434178356 TIMEOUT_END
083 0 0436036840 STIM_START
083 0 0437135492 STIM_END_RESP_START
083 0 0438335532 RESP_END
084 1 0440173880 STIM_START
084 1 0440727888 LICK
084 1 0440858372 LICK
084 1 0441008432 LICK
084 1 0441160912 LICK
084 1 0441272524 STIM_END_RESP_START
084 1 0441323684 LICK
084 1 0441324168 REWARD_START
084 1 0441472856 LICK
084 1 0441569868 LICK
084 1 0441673248 LICK
084 1 0441781460 LICK
084 1 0441894664 LICK
084 1 0442012884 LICK
084 1 0442143232 LICK
084 1 0442472564 RESP_END
084 1 0441354680 REWARD_END
085 1 0444283848 STIM_START
085 1 0444821196 LICK
085 1 0444948728 LICK
085 1 0445105044 LICK
085 1 0445382496 STIM_END_RESP_START
085 1 0445658220 LICK
085 1 0445658704 REWARD_START
085 1 0445797328 LICK
085 1 0445931164 LICK
085 1 0446013304 LICK
085 1 0446582516 RESP_END
085 1 0445689216 REWARD_END
086 0 0449860112 STIM_START
086 0 0450542772 LICK
086 0 0450632872 LICK
086 0 0450739180 LICK
086 0 0450860532 LICK
086 0 0450958740 STIM_END_RESP_START
086 0 0450983960 LICK
086 0 0450984444 TIMEOUT_START
086 0 0451120112 LICK
086 0 0451120600 TIMEOUT_START
086 0 0452158768 RESP_END
086 0 0458121096 TIMEOUT_END
087 1 0460021816 STIM_START
087 1 0461120460 STIM_END_RESP_START
087 1 0462320504 RESP_END
088 0 0464114952 STIM_START
088 0 0465213604 STIM_END_RESP_START
088 0 0466413648 RESP_END
089 1 0468040128 STIM_START
089 1 0469138780 STIM_END_RESP_START
089 1 0470338824 RESP_END
090 0 0472114260 STIM_START
090 0 0473212904 STIM_END_RESP_START
090 0 0474412948 RESP_END
091 0 0476029532 STIM_START
091 0 0476409596 LICK
091 0 0476525392 LICK
091 0 0476672356 LICK
091 0 0476792484 LICK
091 0 0477128176 STIM_END_RESP_START
091 0 0478328220 RESP_END
092 1 0480298344 STIM_START
092 1 0481396996 STIM_END_RESP_START
092 1 0482597040 RESP_END
093 1 0484535248 STIM_START
093 1 0485633900 STIM_END_RESP_START
093 1 0486328828 LICK
093 1 0486329316 REWARD_START
093 1 0486488160 LICK
093 1 0486586892 LICK
093 1 0486682532 LICK
093 1 0486793332 LICK
093 1 0486833932 RESP_END
093 1 0486359828 REWARD_END
094 1 0492186032 STIM_START
094 1 0492764808 LICK
094 1 0492901180 LICK
094 1 0493066596 LICK
094 1 0493208352 LICK
094 1 0493284688 STIM_END_RESP_START
094 1 0493371856 LICK
094 1 0493372340 REWARD_START
094 1 0493513680 LICK
094 1 0493645728 LICK
094 1 0493738588 LICK
094 1 0493855572 LICK
094 1 0493982096 LICK
094 1 0494120524 LICK
094 1 0494256868 LICK
094 1 0494484712 RESP_END
094 1 0493402856 REWARD_END
095 0 0498364504 STIM_START
095 0 0499463148 STIM_END_RESP_START
095 0 0499930288 LICK
095 0 0499930772 TIMEOUT_START
095 0 0500028448 LICK
095 0 0500028932 TIMEOUT_START
095 0 0500163616 LICK
095 0 0500164100 TIMEOUT_START
095 0 0500303188 LICK
095 0 0500303676 TIMEOUT_START
095 0 0500445020 LICK
095 0 0500445512 TIMEOUT_START
095 0 0500611820 LICK
095 0 0500612312 TIMEOUT_START
095 0 0500663172 RESP_END
095 0 0507612824 TIMEOUT_END
096 0 0509192468 STIM_START
096 0 0509677552 LICK
096 0 0509812544 LICK
096 0 0509936756 LICK
096 0 0510291100 STIM_END_RESP_START
096 0 0511491148 RESP_END
097 0 0513150684 STIM_START
097 0 0514249336 STIM_END_RESP_START
097 0 0515449376 RESP_END
098 1 0518274472 STIM_START
098 1 0519373120 STIM_END_RESP_START
098 1 0520573164 RESP_END
099 1 0522160752 STIM_START
099 1 0523259404 STIM_END_RESP_START
099 1 0524250448 LICK
099 1 0524250932 REWARD_START
099 1 0524442368 LICK
099 1 0524459432 RESP_END
099 1 0524281448 REWARD_END
100 1 0530589640 STIM_START
100 1 0531098512 LICK
100 1 0531228856 LICK
100 1 0531361112 LICK
100 1 0531506632 LICK
100 1 0531688276 STIM_END_RESP_START
100 1 0531870372 LICK
100 1 0531870864 REWARD_START
100 1 0532120056 LICK
100 1 0532225536 LICK
100 1 0532324416 LICK
100 1 0532439704 LICK
100 1 0532561536 LICK
100 1 0532682776 LICK
100 1 0532817520 LICK
100 1 0532888308 RESP_END
100 1 0531901372 REWARD_END
101 0 0537351468 STIM_START
101 0 0537644292 LICK
101 0 0537768012 LICK
101 0 0538058060 LICK
101 0 0538450084 STIM_END_RESP_START
101 0 0538490280 LICK
101 0 0538490764 TIMEOUT_START
101 0 0538804544 LICK
101 0 0538805028 TIMEOUT_START
101 0 0538931892 LICK
101 0 0538932384 TIMEOUT_START
101 0 0539124384 LICK
101 0 0539124872 TIMEOUT_START
101 0 0539288796 LICK
101 0 0539289280 TIMEOUT_START
101 0 0539451380 LICK
101 0 0539451868 TIMEOUT_START
101 0 0539641200 LICK
101 0 0539641684 TIMEOUT_START
101 0 0539650112 RESP_END
101 0 0546642188 TIMEOUT_END
102 0 0548515960 STIM_START
102 0 0549272976 LICK
102 0 0549404364 LICK
102 0 0549537584 LICK
102 0 0549614624 STIM_END_RESP_START
102 0 0550814664 RESP_END
103 1 0552552056 STIM_START
103 1 0553341976 LICK
103 1 0553481480 LICK
103 1 0553650688 STIM_END_RESP_START
103 1 0553816492 LICK
103 1 0553816976 REWARD_START
103 1 0553974880 LICK
103 1 0554091936 LICK
103 1 0554192496 LICK
103 1 0554301460 LICK
103 1 0554415496 LICK
103 1 0554532328 LICK
103 1 0554654056 LICK
103 1 0554777428 LICK
103 1 0554850716 RESP_END
103 1 0553847488 REWARD_END
104 1 0559832268 STIM_START
104 1 0560300616 LICK
104 1 0560526864 LICK
104 1 0560930888 STIM_END_RESP_START
104 1 0561006144 LICK
104 1 0561006636 REWARD_START
104 1 0561180612 LICK
104 1 0561268320 LICK
104 1 0561382420 LICK
104 1 0561526384 LICK
104 1 0561650948 LICK
104 1 0561781060 LICK
104 1 0561884900 LICK
104 1 0562054696 LICK
104 1 0562130908 RESP_END
104 1 0561037144 REWARD_END
105 1 0564836220 STIM_START
105 1 0565136208 LICK
105 1 0565263880 LICK
105 1 0565399952 LICK
105 1 0565569176 LICK
105 1 0565732136 LICK
105 1 0565931264 LICK
105 1 0565934836 STIM_END_RESP_START
105 1 0567134872 RESP_END
106 0 0568812420 STIM_START
106 0 0569911068 STIM_END_RESP_START
106 0 0570296104 LICK
106 0 0570296596 TIMEOUT_START
106 0 0570459372 LICK
106 0 0570459860 TIMEOUT_START
106 0 0570580480 LICK
106 0 0570580964 TIMEOUT_START
106 0 0571111084 RESP_END
106 0 0577581468 TIMEOUT_END
107 0 0579503480 STIM_START
107 0 0580382324 LICK
107 0 0580493080 LICK
107 0 0580602108 STIM_END_RESP_START
107 0 0580622636 LICK
107 0 0580623120 TIMEOUT_START
107 0 0580856460 LICK
107 0 0580856952 TIMEOUT_START
107 0 0581802152 RESP_END
107 0 0587857448 TIMEOUT_END
108 1 0589558348 STIM_START
108 1 0590204304 LICK
108 1 0590306512 LICK
108 1 0590444392 LICK
108 1 0590585804 LICK
108 1 0590656988 STIM_END_RESP_START
108 1 0590727740 LICK
108 1 0590728232 REWARD_START
108 1 0590886120 LICK
108 1 0590975520 LICK
108 1 0591077448 LICK
108 1 0591185900 LICK
108 1 0591297860 LICK
108 1 0591413944 LICK
108 1 0591576044 LICK
108 1 0591732332 LICK
108 1 0591857012 RESP_END
108 1 0590758740 REWARD_END
109 1 0595869772 STIM_START
109 1 0596968420 STIM_END_RESP_START
109 1 0598168464 RESP_END
110 0 0602275984 STIM_START
110 0 0603374632 STIM_END_RESP_START
110 0 0603583240 LICK
110 0 0603583732 TIMEOUT_START
110 0 0603714832 LICK
110 0 0603715316 TIMEOUT_START
110 0 0603886216 LICK
110 0 0603886708 TIMEOUT_START
110 0 0604574660 RESP_END
110 0 0610887216 TIMEOUT_END
111 0 0612734400 STIM_START
111 0 0613833052 STIM_END_RESP_START
111 0 0615033100 RESP_END
112 0 0616669628 STIM_START
112 0 0617768280 STIM_END_RESP_START
112 0 0618112804 LICK
112 0 0618113296 TIMEOUT_START
112 0 0618253588 LICK
112 0 0618254076 TIMEOUT_START
112 0 0618402280 LICK
112 0 0618402768 TIMEOUT_START
112 0 0618564144 LICK
112 0 0618564632 TIMEOUT_START
112 0 0618730696 LICK
112 0 0618731184 TIMEOUT_START
112 0 0618968320 RESP_END
112 0 0625731688 TIMEOUT_END
113 1 0627338748 STIM_START
113 1 0628437396 STIM_END_RESP_START
113 1 0629637444 RESP_END
114 1 0631694476 STIM_START
114 1 0632793128 STIM_END_RESP_START
114 1 0633993176 RESP_END
115 1 0635743596 STIM_START
115 1 0636842248 STIM_END_RESP_START
115 1 0638042292 RESP_END
116 0 0640104284 STIM_START
116 0 0641202932 STIM_END_RESP_START
116 0 0642402976 RESP_END
117 1 0646735288 STIM_START
117 1 0647833912 STIM_END_RESP_START
117 1 0647854804 LICK
117 1 0647855296 REWARD_START
117 1 0648018552 LICK
117 1 0648118092 LICK
117 1 0648203188 LICK
117 1 0648302412 LICK
117 1 0648435352 LICK
117 1 0648540908 LICK
117 1 0648705084 LICK
117 1 0648988020 LICK
117 1 0649033956 RESP_END
117 1 0647885804 REWARD_END
118 1 0659414988 STIM_START
118 1 0660513644 STIM_END_RESP_START
118 1 0661406664 LICK
118 1 0661407156 REWARD_START
118 1 0661713692 RESP_END
118 1 0661437656 REWARD_END
119 1 0664052400 STIM_START
119 1 0665151052 STIM_END_RESP_START
119 1 0666351096 RESP_END
120 0 0668410084 STIM_START
120 0 0669508732 STIM_END_RESP_START
120 0 0670708776 RESP_END
121 0 0675399648 STIM_START
121 0 0676498300 STIM_END_RESP_START
121 0 0677698340 RESP_END
122 1 0679689520 STIM_START
122 1 0680094984 LICK
122 1 0680194788 LICK
122 1 0680317840 LICK
122 1 0680449916 LICK
122 1 0680592320 LICK
122 1 0680712100 LICK
122 1 0680788148 STIM_END_RESP_START
122 1 0681988192 RESP_END
123 0 0683866460 STIM_START
123 0 0684965112 STIM_END_RESP_START
123 0 0686165156 RESP_END
124 0 0687880584 STIM_START
124 0 0688237820 LICK
124 0 0688362068 LICK
124 0 0688979212 STIM_END_RESP_START
124 0 0690179252 RESP_END
125 1 0691934692 STIM_START
125 1 0693033344 STIM_END_RESP_START
125 1 0693311316 LICK
125 1 0693311808 REWARD_START
125 1 0693446828 LICK
125 1 0693656672 LICK
125 1 0693769084 LICK
125 1 0693867572 LICK
125 1 0693996832 LICK
125 1 0694117560 LICK
125 1 0694233392 RESP_END
125 1 0693342304 REWARD_END
126 0 0696141584 STIM_START
126 0 0697240232 STIM_END_RESP_START
126 0 0698440276 RESP_END
127 0 0700093828 STIM_START
127 0 0701192480 STIM_END_RESP_START
127 0 0702392524 RESP_END
128 0 0704024068 STIM_START
128 0 0705122716 STIM_END_RESP_START
128 0 0706322760 RESP_END
129 1 0708150100 STIM_START
129 1 0708975880 LICK
129 1 0709074180 LICK
129 1 0709185912 LICK
129 1 0709248748 STIM_END_RESP_START
129 1 0709317552 LICK
129 1 0709318044 REWARD_START
129 1 0709439656 LICK
129 1 0709546944 LICK
129 1 0709646508 LICK
129 1 0709747276 LICK
129 1 0709862956 LICK
129 1 0709996388 LICK
129 1 0710448772 RESP_END
129 1 0709348540 REWARD_END
130 1 0712315088 STIM_START
130 1 0713135860 LICK
130 1 0713231688 LICK
130 1 0713333952 LICK
130 1 0713413728 STIM_END_RESP_START
130 1 0713447276 LICK
130 1 0713447768 REWARD_START
130 1 0713590460 LICK
130 1 0713686416 LICK
130 1 0713782340 LICK
130 1 0713891744 LICK
130 1 0714016344 LICK
130 1 0714141296 LICK
130 1 0714271264 LICK
130 1 0714398360 LICK
130 1 0714537068 LICK
130 1 0714613756 RESP_END
130 1 0713478264 REWARD_END
131 0 0716677832 STIM_START
131 0 0717776484 STIM_END_RESP_START
131 0 0718976528 RESP_END
132 0 0720931696 STIM_START
132 0 0722030344 STIM_END_RESP_START
132 0 0723230388 RESP_END
133 1 0725140604 STIM_START
133 1 0726239252 STIM_END_RESP_START
133 1 0727374684 LICK
133 1 0727375176 REWARD_START
133 1 0727439276 RESP_END
133 1 0727405676 REWARD_END
134 0 0731759640 STIM_START
134 0 0732858288 STIM_END_RESP_START
134 0 0734058332 RESP_END
135 0 0735650908 STIM_START
135 0 0736749552 STIM_END_RESP_START
135 0 0737949600 RESP_END
136 0 0739568168 STIM_START
136 0 0740666816 STIM_END_RESP_START
136 0 0740783100 LICK
136 0 0740783592 TIMEOUT_START
136 0 0740909248 LICK
136 0 0740909732 TIMEOUT_START
136 0 0741061040 LICK
136 0 0741061528 TIMEOUT_START
136 0 0741358648 LICK
136 0 0741359132 TIMEOUT_START
136 0 0741866856 RESP_END
136 0 0748359640 TIMEOUT_END
137 1 0750182344 STIM_START
137 1 0750829116 LICK
137 1 0750973444 LICK
137 1 0751139880 LICK
137 1 0751280984 STIM_END_RESP_START
137 1 0752481028 RESP_END
138 0 0754364280 STIM_START
138 0 0755462932 STIM_END_RESP_START
138 0 0756630408 LICK
138 0 0756630896 TIMEOUT_START
138 0 0756662944 RESP_END
138 0 0763631408 TIMEOUT_END
139 0 0767058988 STIM_START
139 0 0768157632 STIM_END_RESP_START
139 0 0769357676 RESP_END
140 0 0772676176 STIM_START
140 0 0773774828 STIM_END_RESP_START
140 0 0774424292 LICK
140 0 0774424784 TIMEOUT_START
140 0 0774565056 LICK
140 0 0774565540 TIMEOUT_START
140 0 0774974876 RESP_END
140 0 0781566052 TIMEOUT_END
141 1 0783188500 STIM_START
141 1 0784287152 STIM_END_RESP_START
141 1 0785487196 RESP_END
142 0 0787438324 STIM_START
142 0 0788536972 STIM_END_RESP_START
142 0 0789737016 RESP_END
143 1 0791714200 STIM_START
143 1 0792812852 STIM_END_RESP_START
143 1 0794012900 RESP_END
144 0 0795769328 STIM_START
144 0 0796867980 STIM_END_RESP_START
144 0 0798068024 RESP_END
145 1 0799944248 STIM_START
145 1 0801042900 STIM_END_RESP_START
145 1 0802242936 RESP_END
146 0 0803957428 STIM_START
146 0 0805056080 STIM_END_RESP_START
146 0 0806256124 RESP_END
147 0 0807874668 STIM_START
147 0 0808973308 STIM_END_RESP_START
147 0 0810173352 RESP_END
148 0 0812065580 STIM_START
148 0 0813164232 STIM_END_RESP_START
148 0 0814364276 RESP_END
149 1 0816141708 STIM_START
149 1 0817240360 STIM_END_RESP_START
149 1 0818440404 RESP_END
150 0 0820251748 STIM_START
150 0 0821350392 STIM_END_RESP_START
150 0 0822175100 LICK
150 0 0822175584 TIMEOUT_START
150 0 0822321596 LICK
150 0 0822322084 TIMEOUT_START
150 0 0822455620 LICK
150 0 0822456108 TIMEOUT_START
150 0 0822550416 RESP_END
150 0 0829456608 TIMEOUT_END
151 1 0831438236 STIM_START
151 1 0832536888 STIM_END_RESP_START
151 1 0833736932 RESP_END
152 1 0835507304 STIM_START
152 1 0836605948 STIM_END_RESP_START
152 1 0837805992 RESP_END
153 0 0839672288 STIM_START
153 0 0840770940 STIM_END_RESP_START
153 0 0841970980 RESP_END
154 0 0843808312 STIM_START
154 0 0844906960 STIM_END_RESP_START
154 0 0846107000 RESP_END
155 0 0847989256 STIM_START
155 0 0849087908 STIM_END_RESP_START
155 0 0850287956 RESP_END
156 1 0851946504 STIM_START
156 1 0853045148 STIM_END_RESP_START
156 1 0854245192 RESP_END
157 0 0856223292 STIM_START
157 0 0857321944 STIM_END_RESP_START
157 0 0858521988 RESP_END
158 1 0860220436 STIM_START
158 1 0861319076 STIM_END_RESP_START
158 1 0862519120 RESP_END
159 0 0864419396 STIM_START
159 0 0865518044 STIM_END_RESP_START
159 0 0866718092 RESP_END
160 0 0868656272 STIM_START
160 0 0869754924 STIM_END_RESP_START
160 0 0870954960 RESP_END
161 0 0872790248 STIM_START
161 0 0873146612 LICK
161 0 0873280932 LICK
161 0 0873412136 LICK
161 0 0873562920 LICK
161 0 0873724212 LICK
161 0 0873871708 LICK
161 0 0873888884 STIM_END_RESP_START
161 0 0874003672 LICK
161 0 0874004156 TIMEOUT_START
161 0 0875088912 RESP_END
161 0 0881004668 TIMEOUT_END
162 1 0882895044 STIM_START
162 1 0883573584 LICK
162 1 0883681360 LICK
162 1 0883993696 STIM_END_RESP_START
162 1 0884502724 LICK
162 1 0884503212 REWARD_START
162 1 0884649132 LICK
162 1 0884742460 LICK
162 1 0884841652 LICK
162 1 0884943088 LICK
162 1 0885066160 LICK
162 1 0885172488 LICK
162 1 0885193744 RESP_END
162 1 0884533724 REWARD_END
163 1 0886932200 STIM_START
163 1 0887099268 LICK
163 1 0887199932 LICK
163 1 0887314284 LICK
163 1 0887431104 LICK
163 1 0887576976 LICK
163 1 0887719972 LICK
163 1 0887857968 LICK
163 1 0887968220 LICK
163 1 0888030852 STIM_END_RESP_START
163 1 0888108180 LICK
163 1 0888108664 REWARD_START
163 1 0889230900 RESP_END
163 1 0888139180 REWARD_END
164 0 0894510048 STIM_START
164 0 0895608700 STIM_END_RESP_START
164 0 0895898464 LICK
164 0 0895898956 TIMEOUT_START
164 0 0896041364 LICK
164 0 0896041848 TIMEOUT_START
164 0 0896808740 RESP_END
164 0 0903042364 TIMEOUT_END
165 0 0904842536 STIM_START
165 0 0905570716 LICK
165 0 0905842788 LICK
165 0 0905941196 STIM_END_RESP_START
165 0 0906019228 LICK
165 0 0906019716 TIMEOUT_START
165 0 0906148668 LICK
165 0 0906149160 TIMEOUT_START
165 0 0906304920 LICK
165 0 0906305404 TIMEOUT_START
165 0 0907141212 RESP_END
165 0 0913305904 TIMEOUT_END
166 0 0914913432 STIM_START
166 0 0916012084 STIM_END_RESP_START
166 0 0917212124 RESP_END
167 1 0918968528 STIM_START
167 1 0919736776 LICK
167 1 0919826004 LICK
167 1 0919939220 LICK
167 1 0920055280 LICK
167 1 0920067164 STIM_END_RESP_START
167 1 0920186616 LICK
167 1 0920187108 REWARD_START
167 1 0920342812 LICK
167 1 0920430120 LICK
167 1 0920539204 LICK
167 1 0920648364 LICK
167 1 0920768204 LICK
167 1 0920897332 LICK
167 1 0921040044 LICK
167 1 0921267216 RESP_END
167 1 0920217624 REWARD_END
168 0 0923622908 STIM_START
168 0 0924721560 STIM_END_RESP_START
168 0 0925921604 RESP_END
169 0 0927939704 STIM_START
169 0 0929038356 STIM_END_RESP_START
169 0 0930238392 RESP_END
170 1 0931936896 STIM_START
170 1 0932636108 LICK
170 1 0932742780 LICK
170 1 0932851880 LICK
170 1 0932965696 LICK
170 1 0933035524 STIM_END_RESP_START
170 1 0933091000 LICK
170 1 0933091496 REWARD_START
170 1 0933211772 LICK
170 1 0933316444 LICK
170 1 0933424444 LICK
170 1 0933544376 LICK
170 1 0933666836 LICK
170 1 0933774480 LICK
170 1 0933927652 LICK
170 1 0934066956 LICK
170 1 0934201636 LICK
170 1 0934235548 RESP_END
170 1 0933122004 REWARD_END
171 1 0938766600 STIM_START
171 1 0939070352 LICK
171 1 0939187072 LICK
171 1 0939324148 LICK
171 1 0939472256 LICK
171 1 0939865224 STIM_END_RESP_START
171 1 0941065272 RESP_END
172 1 0942840728 STIM_START
172 1 0943475688 LICK
172 1 0943939344 STIM_END_RESP_START
172 1 0943942220 LICK
172 1 0943942720 REWARD_START
172 1 0944134840 LICK
172 1 0944246688 LICK
172 1 0944349592 LICK
172 1 0944466220 LICK
172 1 0944582828 LICK
172 1 0944704084 LICK
172 1 0944824944 LICK
172 1 0944932428 LICK
172 1 0945056632 LICK
172 1 0945139364 RESP_END
172 1 0943973232 REWARD_END
173 0 0948625712 STIM_START
173 0 0949724364 STIM_END_RESP_START
173 0 0949761332 LICK
173 0 0949761816 TIMEOUT_START
173 0 0949904672 LICK
173 0 0949905160 TIMEOUT_START
173 0 0950065644 LICK
173 0 0950066132 TIMEOUT_START
173 0 0950258072 LICK
173 0 0950258560 TIMEOUT_START
173 0 0950372764 LICK
173 0 0950373248 TIMEOUT_START
173 0 0950513580 LICK
173 0 0950514072 TIMEOUT_START
173 0 0950653544 LICK
173 0 0950654032 TIMEOUT_START
173 0 0950924392 RESP_END
173 0 0957654532 TIMEOUT_END
174 1 0959574444 STIM_START
174 1 0960673096 STIM_END_RESP_START
174 1 0961873144 RESP_END
175 0 0963541656 STIM_START
175 0 0964640308 STIM_END_RESP_START
175 0 0965840352 RESP_END
176 1 0969609320 STIM_START
176 1 0970707968 STIM_END_RESP_START
176 1 0971908012 RESP_END
177 0 0973862240 STIM_START
177 0 0974960892 STIM_END_RESP_START
177 0 0976160940 RESP_END
178 1 0977911352 STIM_START
178 1 0979010004 STIM_END_RESP_START
178 1 0979290532 LICK
178 1 0979291020 REWARD_START
178 1 0979467928 LICK
178 1 0979594076 LICK
178 1 0979689300 LICK
178 1 0979805368 LICK
178 1 0979918084 LICK
178 1 0980035524 LICK
178 1 0980141788 LICK
178 1 0980210048 RESP_END
178 1 0979321532 REWARD_END
179 0 0983817224 STIM_START
179 0 0984133716 LICK
179 0 0984278412 LICK
179 0 0984394916 LICK
179 0 0984547512 LICK
179 0 0984768912 LICK
179 0 0984915860 STIM_END_RESP_START
179 0 0984956472 LICK
179 0 0984956964 TIMEOUT_START
179 0 0986115892 RESP_END
179 0 0991957464 TIMEOUT_END
180 0 0993694240 STIM_START
180 0 0994792896 STIM_END_RESP_START
180 0 0995171436 LICK
180 0 0995171924 TIMEOUT_START
180 0 0995320548 LICK
180 0 0995321040 TIMEOUT_START
180 0 0995649300 LICK
180 0 0995649792 TIMEOUT_START
180 0 0995813932 LICK
180 0 0995814424 TIMEOUT_START
180 0 0995992940 RESP_END
180 0 1002814928 TIMEOUT_END
181 0 1004419288 STIM_START
181 0 1005517912 STIM_END_RESP_START
181 0 1006717932 RESP_END
182 1 1008711152 STIM_START
182 1 1009809780 STIM_END_RESP_START
182 1 1011009804 RESP_END
183 0 1012667400 STIM_START
183 0 1013766020 STIM_END_RESP_START
183 0 1014966044 RESP_END
184 0 1017015152 STIM_START
184 0 1018113780 STIM_END_RESP_START
184 0 1018658908 LICK
184 0 1018659440 TIMEOUT_START
184 0 1018792704 LICK
184 0 1018793244 TIMEOUT_START
184 0 1018912664 LICK
184 0 1018913200 TIMEOUT_START
184 0 1019313800 RESP_END
184 0 1025913760 TIMEOUT_END
185 1 1027561400 STIM_START
185 1 1028660028 STIM_END_RESP_START
185 1 1029860048 RESP_END
186 1 1031649400 STIM_START
186 1 1031857180 LICK
186 1 1032748048 STIM_END_RESP_START
186 1 1033948064 RESP_END
187 1 1035949212 STIM_START
187 1 1037047840 STIM_END_RESP_START
187 1 1038247860 RESP_END
188 0 1039840512 STIM_START
188 0 1040939140 STIM_END_RESP_START
188 0 1042139180 RESP_END
189 1 1050360856 STIM_START
189 1 1050417484 LICK
189 1 1051459496 STIM_END_RESP_START
189 1 1052659524 RESP_END
190 0 1054618716 STIM_START
190 0 1055717336 STIM_END_RESP_START
190 0 1056917360 RESP_END
191 1 1058986460 STIM_START
191 1 1060085084 STIM_END_RESP_START
191 1 1061285108 RESP_END
192 0 1063234348 STIM_START
192 0 1064332976 STIM_END_RESP_START
192 0 1065533000 RESP_END
193 1 1067381292 STIM_START
193 1 1068479920 STIM_END_RESP_START
193 1 1069679944 RESP_END
194 0 1071399472 STIM_START
194 0 1072498100 STIM_END_RESP_START
194 0 1073698128 RESP_END
195 0 1075431584 STIM_START
195 0 1076530208 STIM_END_RESP_START
195 0 1077730224 RESP_END
196 1 1079720420 STIM_START
196 1 1080819044 STIM_END_RESP_START
196 1 1082019072 RESP_END
197 0 1083698584 STIM_START
197 0 1084797212 STIM_END_RESP_START
197 0 1085997240 RESP_END
198 1 1087927452 STIM_START
198 1 1089026080 STIM_END_RESP_START
198 1 1090226096 RESP_END
199 0 1091815800 STIM_START
199 0 1092914428 STIM_END_RESP_START
199 0 1094114452 RESP_END
200 1 1095949756 STIM_START
200 1 1097048384 STIM_END_RESP_START
200 1 1098248408 RESP_END
201 1 1100197688 STIM_START
201 1 1101296316 STIM_END_RESP_START
201 1 1101515900 LICK
201 1 1101516432 REWARD_START
201 1 1101904340 LICK
201 1 1102007940 LICK
201 1 1102118628 LICK
201 1 1102236440 LICK
201 1 1102347244 LICK
201 1 1102469524 LICK
201 1 1102496348 RESP_END
201 1 1101546992 REWARD_END
202 0 1107192188 STIM_START
202 0 1108290816 STIM_END_RESP_START
202 0 1109320032 LICK
202 0 1109320560 TIMEOUT_START
202 0 1109423572 LICK
202 0 1109424104 TIMEOUT_START
202 0 1109490844 RESP_END
202 0 1116424664 TIMEOUT_END
203 0 1118116048 STIM_START
203 0 1118555472 LICK
203 0 1118670040 LICK
203 0 1118801108 LICK
203 0 1119214700 STIM_END_RESP_START
203 0 1119512740 LICK
203 0 1119513272 TIMEOUT_START
203 0 1119616692 LICK
203 0 1119617228 TIMEOUT_START
203 0 1119769692 LICK
203 0 1119770224 TIMEOUT_START
203 0 1120414716 RESP_END
203 0 1126770792 TIMEOUT_END
204 0 1128647324 STIM_START
204 0 1129745948 STIM_END_RESP_START
204 0 1130945972 RESP_END
205 1 1132923132 STIM_START
205 1 1133823620 LICK
205 1 1133945248 LICK
205 1 1134021752 STIM_END_RESP_START
205 1 1134211820 LICK
205 1 1134212360 REWARD_START
205 1 1134401212 LICK
205 1 1134508996 LICK
205 1 1134599940 LICK
205 1 1134703680 LICK
205 1 1134819264 LICK
205 1 1134927208 LICK
205 1 1135061996 LICK
205 1 1135194692 LICK
205 1 1135221780 RESP_END
205 1 1134242920 REWARD_END
206 1 1141338956 STIM_START
206 1 1142437588 STIM_END_RESP_START
206 1 1143637612 RESP_END
207 1 1147160964 STIM_START
207 1 1148245936 LICK
207 1 1148259588 STIM_END_RESP_START
207 1 1148348664 LICK
207 1 1148349196 REWARD_START
207 1 1148533096 LICK
207 1 1148628104 LICK
207 1 1148731164 LICK
207 1 1148847296 LICK
207 1 1148962492 LICK
207 1 1149072784 LICK
207 1 1149231128 LICK
207 1 1149382792 LICK
207 1 1149459604 RESP_END
207 1 1148379756 REWARD_END
208 0 1152697216 STIM_START
208 0 1153795844 STIM_END_RESP_START
208 0 1154995868 RESP_END
209 1 1156793324 STIM_START
209 1 1157458880 LICK
209 1 1157891964 STIM_END_RESP_START
209 1 1157949676 LICK
209 1 1157950208 REWARD_START
209 1 1158047824 LICK
209 1 1158169524 LICK
209 1 1158272580 LICK
209 1 1158380860 LICK
209 1 1158487772 LICK
209 1 1158615632 LICK
209 1 1158729144 LICK
209 1 1158881144 LICK
209 1 1159017188 LICK
209 1 1159092000 RESP_END
209 1 1157980768 REWARD_END
210 0 1162180884 STIM_START
210 0 1162668872 LICK
210 0 1162824508 LICK
210 0 1162966380 LICK
210 0 1163128256 LICK
210 0 1163279512 STIM_END_RESP_START
210 0 1163300092 LICK
210 0 1163300624 TIMEOUT_START
210 0 1163440412 LICK
210 0 1163440940 TIMEOUT_START
210 0 1163602864 LICK
210 0 1163603400 TIMEOUT_START
210 0 1164479552 RESP_END
210 0 1170603964 TIMEOUT_END
211 1 1172247656 STIM_START
211 1 1172890024 LICK
211 1 1173237784 LICK
211 1 1173346280 STIM_END_RESP_START
211 1 1173523820 LICK
211 1 1173524352 REWARD_START
211 1 1173758388 LICK
211 1 1173866780 LICK
211 1 1173964284 LICK
211 1 1174076288 LICK
211 1 1174186796 LICK
211 1 1174306308 LICK
211 1 1174425284 LICK
211 1 1174546304 RESP_END
211 1 1173554912 REWARD_END
212 1 1179087404 STIM_START
212 1 1179692924 LICK
212 1 1179800236 LICK
212 1 1180186040 STIM_END_RESP_START
212 1 1181386064 RESP_END
213 0 1183145476 STIM_START
213 0 1184244104 STIM_END_RESP_START
213 0 1184713740 LICK
213 0 1184714272 TIMEOUT_START
213 0 1184816668 LICK
213 0 1184817204 TIMEOUT_START
213 0 1185007428 LICK
213 0 1185007964 TIMEOUT_START
213 0 1185444140 RESP_END
213 0 1192008528 TIMEOUT_END
214 1 1193613824 STIM_START
214 1 1194712452 STIM_END_RESP_START
214 1 1195912476 RESP_END
215 0 1197851732 STIM_START
215 0 1198399024 LICK
215 0 1198495100 LICK
215 0 1198649592 LICK
215 0 1198776236 LICK
215 0 1198940904 LICK
215 0 1198950368 STIM_END_RESP_START
215 0 1199466460 LICK
215 0 1199467000 TIMEOUT_START
215 0 1199585548 LICK
215 0 1199586080 TIMEOUT_START
215 0 1200150384 RESP_END
215 0 1206586640 TIMEOUT_END
216 1 1208371980 STIM_START
216 1 1209280596 LICK
216 1 1209411772 LICK
216 1 1209470612 STIM_END_RESP_START
216 1 1210670636 RESP_END
217 1 1213207204 STIM_START
217 1 1214305832 STIM_END_RESP_START
217 1 1215505856 RESP_END
218 1 1217187332 STIM_START
218 1 1218285960 STIM_END_RESP_START
218 1 1219108344 LICK
218 1 1219108884 REWARD_START
218 1 1219282208 LICK
218 1 1219383316 LICK
218 1 1219481840 LICK
218 1 1219486016 RESP_END
218 1 1219139436 REWARD_END
219 0 1227826532 STIM_START
219 0 1228700208 LICK
219 0 1228812964 LICK
219 0 1228925188 STIM_END_RESP_START
219 0 1228968604 LICK
219 0 1228969140 TIMEOUT_START
219 0 1229147932 LICK
219 0 1229148468 TIMEOUT_START
219 0 1230125204 RESP_END
219 0 1236149020 TIMEOUT_END
220 1 1238127096 STIM_START
220 1 1238649452 LICK
220 1 1238795332 LICK
220 1 1238981988 LICK
220 1 1239225744 STIM_END_RESP_START
220 1 1240425768 RESP_END
221 1 1242292064 STIM_START
221 1 1242389648 LICK
221 1 1242507424 LICK
221 1 1242661452 LICK
221 1 1242806264 LICK
221 1 1242944840 LICK
221 1 1243092180 LICK
221 1 1243232280 LICK
221 1 1243390712 STIM_END_RESP_START
221 1 1244590740 RESP_END
222 1 1246747692 STIM_START
222 1 1247846312 STIM_END_RESP_START
222 1 1248058616 LICK
222 1 1248059148 REWARD_START
222 1 1248180804 LICK
222 1 1248294848 LICK
222 1 1248399700 LICK
222 1 1248500732 LICK
222 1 1248603960 LICK
222 1 1248720232 LICK
222 1 1248925448 LICK
222 1 1249046336 RESP_END
222 1 1248089704 REWARD_END
223 0 1255167504 STIM_START
223 0 1255935772 LICK
223 0 1256038192 LICK
223 0 1256192480 LICK
223 0 1256266156 STIM_END_RESP_START
223 0 1256370192 LICK
223 0 1256370728 TIMEOUT_START
223 0 1257466176 RESP_END
223 0 1263371300 TIMEOUT_END
224 1 1265110452 STIM_START
224 1 1265747740 LICK
224 1 1266058056 LICK
224 1 1266207584 LICK
224 1 1266209088 STIM_END_RESP_START
224 1 1266361708 LICK
224 1 1266362244 REWARD_START
224 1 1266573672 LICK
224 1 1266687204 LICK
224 1 1266791176 LICK
224 1 1266896612 LICK
224 1 1267013496 LICK
224 1 1267133116 LICK
224 1 1267282732 LICK
224 1 1267399012 LICK
224 1 1267409124 RESP_END
224 1 1266392800 REWARD_END
225 1 1270413108 STIM_START
225 1 1270845340 LICK
225 1 1271028152 LICK
225 1 1271218812 LICK
225 1 1271354004 LICK
225 1 1271511752 STIM_END_RESP_START
225 1 1271514980 LICK
225 1 1271515516 REWARD_START
225 1 1271719644 LICK
225 1 1271836048 LICK
225 1 1271941172 LICK
225 1 1272067540 LICK
225 1 1272181836 LICK
225 1 1272308036 LICK
225 1 1272428408 LICK
225 1 1272711776 RESP_END
225 1 1271546092 REWARD_END
226 0 1279093612 STIM_START
226 0 1279908888 LICK
226 0 1280054432 LICK
226 0 1280192244 STIM_END_RESP_START
226 0 1280211124 LICK
226 0 1280211652 TIMEOUT_START
226 0 1280337396 LICK
226 0 1280337932 TIMEOUT_START
226 0 1280501260 LICK
226 0 1280501796 TIMEOUT_START
226 0 1280628420 LICK
226 0 1280628956 TIMEOUT_START
226 0 1281176200 LICK
226 0 1281176736 TIMEOUT_START
226 0 1281389728 LICK
226 0 1281390260 TIMEOUT_START
226 0 1281392284 RESP_END
226 0 1288390828 TIMEOUT_END
227 0 1291286864 STIM_START
227 0 1291926748 LICK
227 0 1292099016 LICK
227 0 1292239964 LICK
227 0 1292385508 STIM_END_RESP_START
227 0 1292424856 LICK
227 0 1292425392 TIMEOUT_START
227 0 1292608748 LICK
227 0 1292609280 TIMEOUT_START
227 0 1293585524 RESP_END
227 0 1299609840 TIMEOUT_END
228 1 1301294796 STIM_START
228 1 1302393424 STIM_END_RESP_START
228 1 1303593452 RESP_END
229 0 1306029084 STIM_START
229 0 1307127704 STIM_END_RESP_START
229 0 1308327748 RESP_END
230 1 1309984260 STIM_START
230 1 1310273520 LICK
230 1 1310409136 LICK
230 1 1310713588 LICK
230 1 1310849908 LICK
230 1 1311000200 LICK
230 1 1311082900 STIM_END_RESP_START
230 1 1311191584 LICK
230 1 1311192124 REWARD_START
230 1 1311400560 LICK
230 1 1311515604 LICK
230 1 1311610820 LICK
230 1 1311720972 LICK
230 1 1311852080 LICK
230 1 1311975496 LICK
230 1 1312093808 LICK
230 1 1312202924 LICK
230 1 1312282944 RESP_END
230 1 1311222672 REWARD_END
231 0 1314430880 STIM_START
231 0 1314758748 LICK
231 0 1314881596 LICK
231 0 1315140800 LICK
231 0 1315286796 LICK
231 0 1315468424 LICK
231 0 1315529524 STIM_END_RESP_START
231 0 1315812132 LICK
231 0 1315812672 TIMEOUT_START
231 0 1316729568 RESP_END
231 0 1322813224 TIMEOUT_END
232 1 1324518720 STIM_START
232 1 1325189464 LICK
232 1 1325422972 LICK
232 1 1325617352 STIM_END_RESP_START
232 1 1326817376 RESP_END
233 1 1328614804 STIM_START
233 1 1329713432 STIM_END_RESP_START
233 1 1330913460 RESP_END
234 1 1334730440 STIM_START
234 1 1335829092 STIM_END_RESP_START
234 1 1337029116 RESP_END
235 0 1340338640 STIM_START
235 0 1341437268 STIM_END_RESP_START
235 0 1342637296 RESP_END
236 1 1344588520 STIM_START
236 1 1345687144 STIM_END_RESP_START
236 1 1346887168 RESP_END
237 1 1349736308 STIM_START
237 1 1350834936 STIM_END_RESP_START
237 1 1352034960 RESP_END
238 1 1353964188 STIM_START
238 1 1355062812 STIM_END_RESP_START
238 1 1356262836 RESP_END
239 0 1358123152 STIM_START
239 0 1359221780 STIM_END_RESP_START
239 0 1360421800 RESP_END
240 1 1362380016 STIM_START
240 1 1363478644 STIM_END_RESP_START
240 1 1364678668 RESP_END
241 1 1366756728 STIM_START
241 1 1367855356 STIM_END_RESP_START
241 1 1369055380 RESP_END
242 1 1370813824 STIM_START
242 1 1371912452 STIM_END_RESP_START
242 1 1373112476 RESP_END
243 0 1374764060 STIM_START
243 0 1375862680 STIM_END_RESP_START
243 0 1377062708 RESP_END
244 1 1378899052 STIM_START
244 1 1379352828 LICK
244 1 1379458644 LICK
244 1 1379735344 LICK
244 1 1379856636 LICK
244 1 1379995492 LICK
244 1 1379997692 STIM_END_RESP_START
244 1 1380113132 LICK
244 1 1380113672 REWARD_START
244 1 1380261228 LICK
244 1 1380351436 LICK
244 1 1380442392 LICK
244 1 1380540568 LICK
244 1 1380646156 LICK
244 1 1380758564 LICK
244 1 1380890564 LICK
244 1 1381031916 LICK
244 1 1381194012 LICK
244 1 1381197724 RESP_END
244 1 1380144232 REWARD_END
245 1 1387247000 STIM_START
245 1 1388345632 STIM_END_RESP_START
245 1 1389545656 RESP_END
246 1 1391988232 STIM_START
246 1 1393086860 STIM_END_RESP_START
246 1 1394286884 RESP_END
247 0 1396355988 STIM_START
247 0 1397454612 STIM_END_RESP_START
247 0 1398654640 RESP_END
248 0 1400675800 STIM_START
248 0 1401774428 STIM_END_RESP_START
248 0 1402974452 RESP_END
249 0 1404633984 STIM_START
249 0 1404685580 LICK
249 0 1405732604 STIM_END_RESP_START
249 0 1406932628 RESP_END
250 1 1408574204 STIM_START
250 1 1409418552 LICK
250 1 1409503892 LICK
250 1 1409620408 LICK
250 1 1409672828 STIM_END_RESP_START
250 1 1409749120 LICK
250 1 1409749652 REWARD_START
250 1 1409874888 LICK
250 1 1409989200 LICK
250 1 1410083368 LICK
250 1 1410185512 LICK
250 1 1410292720 LICK
250 1 1410410336 LICK
250 1 1410530780 LICK
250 1 1410694016 LICK
250 1 1410872852 RESP_END
250 1 1409780208 REWARD_END
251 0 1412615348 STIM_START
251 0 1413713976 STIM_END_RESP_START
251 0 1414913992 RESP_END
252 1 1416955100 STIM_START
252 1 1418053732 STIM_END_RESP_START
252 1 1419253748 RESP_END
253 0 1420959216 STIM_START
253 0 1422057844 STIM_END_RESP_START
253 0 1423257868 RESP_END
254 0 1425052320 STIM_START
254 0 1426150948 STIM_END_RESP_START
254 0 1427350968 RESP_END
255 0 1429363092 STIM_START
255 0 1430461724 STIM_END_RESP_START
255 0 1430533016 LICK
255 0 1430533556 TIMEOUT_START
255 0 1430642352 LICK
255 0 1430642892 TIMEOUT_START
255 0 1430765376 LICK
255 0 1430765916 TIMEOUT_START
255 0 1430876268 LICK
255 0 1430876800 TIMEOUT_START
255 0 1430986428 LICK
255 0 1430986968 TIMEOUT_START
255 0 1431115244 LICK
255 0 1431115784 TIMEOUT_START
255 0 1431359068 LICK
255 0 1431359608 TIMEOUT_START
255 0 1431492024 LICK
255 0 1431492560 TIMEOUT_START
255 0 1431648404 LICK
255 0 1431648936 TIMEOUT_START
255 0 1431661744 RESP_END
255 0 1438649500 TIMEOUT_END
256 1 1440365816 STIM_START
256 1 1441464444 STIM_END_RESP_START
256 1 1442664468 RESP_END
257 0 1444280092 STIM_START
257 0 1445378716 STIM_END_RESP_START
257 0 1446578744 RESP_END
258 1 1448634832 STIM_START
258 1 1449733464 STIM_END_RESP_START
258 1 1450933484 RESP_END
259 1 1452553100 STIM_START
259 1 1453651728 STIM_END_RESP_START
259 1 1454851752 RESP_END
260 0 1457709876 STIM_START
260 0 1458808504 STIM_END_RESP_START
260 0 1460008528 RESP_END
261 0 1461926780 STIM_START
261 0 1462799260 LICK
261 0 1463025428 STIM_END_RESP_START
261 0 1464225452 RESP_END
262 0 1466246548 STIM_START
262 0 1467345176 STIM_END_RESP_START
262 0 1468113884 LICK
262 0 1468114424 TIMEOUT_START
262 0 1468227144 LICK
262 0 1468227684 TIMEOUT_START
262 0 1468346296 LICK
262 0 1468346836 TIMEOUT_START
262 0 1468545208 RESP_END
262 0 1475347388 TIMEOUT_END
263 1 1478284016 STIM_START
263 1 1478569436 LICK
263 1 1478878680 LICK
263 1 1479120708 LICK
263 1 1479382636 STIM_END_RESP_START
263 1 1479471048 LICK
263 1 1479471588 REWARD_START
263 1 1479551760 LICK
263 1 1479892852 LICK
263 1 1479998104 LICK
263 1 1480108992 LICK
263 1 1480229256 LICK
263 1 1480475864 LICK
263 1 1480582680 RESP_END
263 1 1479502152 REWARD_END
264 0 1489039052 STIM_START
264 0 1490137708 STIM_END_RESP_START
264 0 1491337732 RESP_END
265 0 1493377740 STIM_START
265 0 1494476372 STIM_END_RESP_START
265 0 1495676396 RESP_END
266 1 1497634640 STIM_START
266 1 1498733264 STIM_END_RESP_START
266 1 1499933292 RESP_END
267 0 1501949424 STIM_START
267 0 1503048056 STIM_END_RESP_START
267 0 1504248080 RESP_END
268 0 1505970584 STIM_START
268 0 1506459664 LICK
268 0 1507069208 STIM_END_RESP_START
268 0 1508269236 RESP_END
269 1 1510069624 STIM_START
269 1 1510494036 LICK
269 1 1510602784 LICK
269 1 1510730204 LICK
269 1 1510861012 LICK
269 1 1511168252 STIM_END_RESP_START
269 1 1511257420 LICK
269 1 1511257952 REWARD_START
269 1 1511415596 LICK
269 1 1511529988 LICK
269 1 1511632208 LICK
269 1 1511733364 LICK
269 1 1511853868 LICK
269 1 1511969736 LICK
269 1 1512094780 LICK
269 1 1512224304 LICK
269 1 1512368284 RESP_END
269 1 1511288512 REWARD_END
270 1 1518030028 STIM_START
270 1 1518823888 LICK
270 1 1518944060 LICK
270 1 1519128652 STIM_END_RESP_START
270 1 1519200436 LICK
270 1 1519200968 REWARD_START
270 1 1519378336 LICK
270 1 1519496172 LICK
270 1 1519601244 LICK
270 1 1519727476 LICK
270 1 1519836452 LICK
270 1 1519965668 LICK
270 1 1520089532 LICK
270 1 1520235688 LICK
270 1 1520328696 RESP_END
270 1 1519231528 REWARD_END
271 1 1521975188 STIM_START
271 1 1522427848 LICK
271 1 1522551068 LICK
271 1 1522705620 LICK
271 1 1522822200 LICK
271 1 1522972104 LICK
271 1 1523073812 STIM_END_RESP_START
271 1 1523101152 LICK
271 1 1523101684 REWARD_START
271 1 1523318424 LICK
271 1 1523422644 LICK
271 1 1523539384 LICK
271 1 1523665144 LICK
271 1 1523799544 LICK
271 1 1523936768 LICK
271 1 1524273836 RESP_END
271 1 1523132244 REWARD_END
272 0 1526740464 STIM_START
272 0 1527680480 LICK
272 0 1527777852 LICK
272 0 1527839096 STIM_END_RESP_START
272 0 1527924244 LICK
272 0 1527924784 TIMEOUT_START
272 0 1528057924 LICK
272 0 1528058456 TIMEOUT_START
272 0 1528208472 LICK
272 0 1528209004 TIMEOUT_START
272 0 1528426472 LICK
272 0 1528427008 TIMEOUT_START
272 0 1528574776 LICK
272 0 1528575316 TIMEOUT_START
272 0 1528750484 LICK
272 0 1528751016 TIMEOUT_START
272 0 1528913876 LICK
272 0 1528914416 TIMEOUT_START
272 0 1529039116 RESP_END
272 0 1535914980 TIMEOUT_END
273 1 1541111104 STIM_START
273 1 1542209736 STIM_END_RESP_START
273 1 1543409760 RESP_END
274 0 1545385944 STIM_START
274 0 1546484572 STIM_END_RESP_START
274 0 1547684600 RESP_END
275 1 1549281316 STIM_START
275 1 1549965648 LICK
275 1 1550086752 LICK
275 1 1550245628 LICK
275 1 1550379976 STIM_END_RESP_START
275 1 1550392356 LICK
275 1 1550392900 REWARD_START
275 1 1550573968 LICK
275 1 1550687600 LICK
275 1 1550811880 LICK
275 1 1550916324 LICK
275 1 1551026948 LICK
275 1 1551135532 LICK
275 1 1551247720 LICK
275 1 1551375688 LICK
275 1 1551528556 LICK
275 1 1551580024 RESP_END
275 1 1550423448 REWARD_END
276 0 1554565892 STIM_START
276 0 1555664520 STIM_END_RESP_START
276 0 1556864544 RESP_END
277 1 1558906632 STIM_START
277 1 1559620444 LICK
277 1 1559756068 LICK
277 1 1559921908 LICK
277 1 1560005260 STIM_END_RESP_START
277 1 1560087284 LICK
277 1 1560087824 REWARD_START
277 1 1560248756 LICK
277 1 1560386312 LICK
277 1 1560438436 LICK
277 1 1560544468 LICK
277 1 1560682212 LICK
277 1 1560782864 LICK
277 1 1560904232 LICK
277 1 1561014336 LICK
277 1 1561137204 LICK
277 1 1561205300 RESP_END
277 1 1560118384 REWARD_END
278 0 1565529576 STIM_START
278 0 1566628208 STIM_END_RESP_START
278 0 1566662680 LICK
278 0 1566663216 TIMEOUT_START
278 0 1566804144 LICK
278 0 1566804676 TIMEOUT_START
278 0 1566951324 LICK
278 0 1566951860 TIMEOUT_START
278 0 1567120944 LICK
278 0 1567121484 TIMEOUT_START
278 0 1567344292 LICK
278 0 1567344828 TIMEOUT_START
278 0 1567494964 LICK
278 0 1567495504 TIMEOUT_START
278 0 1567828252 RESP_END
278 0 1574496056 TIMEOUT_END
279 1 1578274192 STIM_START
279 1 1579372820 STIM_END_RESP_START
279 1 1580572844 RESP_END
280 0 1582308304 STIM_START
280 0 1583406932 STIM_END_RESP_START
280 0 1584606956 RESP_END
281 1 1588340072 STIM_START
281 1 1589438704 STIM_END_RESP_START
281 1 1590638728 RESP_END
282 1 1593613720 STIM_START
282 1 1594712352 STIM_END_RESP_START
282 1 1595912376 RESP_END
283 1 1597802592 STIM_START
283 1 1598564464 LICK
283 1 1598901240 STIM_END_RESP_START
283 1 1600101268 RESP_END
284 0 1601688944 STIM_START
284 0 1602787572 STIM_END_RESP_START
284 0 1603987596 RESP_END
285 1 1606076628 STIM_START
285 1 1607175256 STIM_END_RESP_START
285 1 1608154712 LICK
285 1 1608155252 REWARD_START
285 1 1608309944 LICK
285 1 1608375308 RESP_END
285 1 1608185804 REWARD_END
286 0 1612151292 STIM_START
286 0 1613249924 STIM_END_RESP_START
286 0 1614449948 RESP_END
287 0 1618621468 STIM_START
287 0 1619720088 STIM_END_RESP_START
287 0 1620867616 LICK
287 0 1620868156 TIMEOUT_START
287 0 1620920132 RESP_END
287 0 1627868720 TIMEOUT_END
288 0 1631789588 STIM_START
288 0 1632888220 STIM_END_RESP_START
288 0 1634088244 RESP_END
289 1 1635749812 STIM_START
289 1 1636081952 LICK
289 1 1636202768 LICK
289 1 1636347552 LICK
289 1 1636505980 LICK
289 1 1636679644 LICK
289 1 1636848456 STIM_END_RESP_START
289 1 1638048480 RESP_END
290 0 1640092512 STIM_START
290 0 1641191140 STIM_END_RESP_START
290 0 1642391160 RESP_END
291 1 1644728920 STIM_START
291 1 1645827548 STIM_END_RESP_START
291 1 1647027572 RESP_END
292 1 1648989816 STIM_START
292 1 1650088444 STIM_END_RESP_START
292 1 1651288468 RESP_END
293 1 1653265648 STIM_START
293 1 1654364276 STIM_END_RESP_START
293 1 1654786080 LICK
293 1 1654786608 REWARD_START
293 1 1654923624 LICK
293 1 1655138028 LICK
293 1 1655228400 LICK
293 1 1655414868 LICK
293 1 1655559108 LICK
293 1 1655564320 RESP_END
293 1 1654817164 REWARD_END
294 0 1713815456 STIM_START
294 0 1714914092 STIM_END_RESP_START
294 0 1715842536 LICK
294 0 1715843068 TIMEOUT_START
294 0 1715995200 LICK
294 0 1715995736 TIMEOUT_START
294 0 1716114120 RESP_END
294 0 1722996292 TIMEOUT_END
295 0 1725061860 STIM_START
295 0 1726160492 STIM_END_RESP_START
295 0 1727360516 RESP_END
296 1 1728960132 STIM_START
296 1 1729936008 LICK
296 1 1730058768 STIM_END_RESP_START
296 1 1731258792 RESP_END
297 1 1732966340 STIM_START
297 1 1734064968 STIM_END_RESP_START
297 1 1735264996 RESP_END
298 1 1736901560 STIM_START
298 1 1738000188 STIM_END_RESP_START
298 1 1739200212 RESP_END
299 0 1741176368 STIM_START
299 0 1742274992 STIM_END_RESP_START
299 0 1743475016 RESP_END
300 0 1745405332 STIM_START
300 0 1746503960 STIM_END_RESP_START
300 0 1747703988 RESP_END
301 0 1749661156 STIM_START
301 0 1750759788 STIM_END_RESP_START
301 0 1751959812 RESP_END
302 1 1753921012 STIM_START
302 1 1755019640 STIM_END_RESP_START
302 1 1756219664 RESP_END
303 0 1758002076 STIM_START
303 0 1759100708 STIM_END_RESP_START
303 0 1760300736 RESP_END
304 1 1761979284 STIM_START
304 1 1763077912 STIM_END_RESP_START
304 1 1764277936 RESP_END
305 1 1765998424 STIM_START
305 1 1766894068 LICK
305 1 1766991480 LICK
305 1 1767097048 STIM_END_RESP_START
305 1 1767113080 LICK
305 1 1767113612 REWARD_START
305 1 1767282860 LICK
305 1 1767388384 LICK
305 1 1767484740 LICK
305 1 1767589000 LICK
305 1 1767698072 LICK
305 1 1767946792 LICK
305 1 1768069980 LICK
305 1 1768297092 RESP_END
305 1 1767144172 REWARD_END
306 0 1769908704 STIM_START
306 0 1771007332 STIM_END_RESP_START
306 0 1772207356 RESP_END
307 0 1773909904 STIM_START
307 0 1774975948 LICK
307 0 1775008548 STIM_END_RESP_START
307 0 1775076692 LICK
307 0 1775077224 TIMEOUT_START
307 0 1775225516 LICK
307 0 1775226052 TIMEOUT_START
307 0 1775377844 LICK
307 0 1775378376 TIMEOUT_START
307 0 1775532052 LICK
307 0 1775532584 TIMEOUT_START
307 0 1775692004 LICK
307 0 1775692536 TIMEOUT_START
307 0 1775837604 LICK
307 0 1775838136 TIMEOUT_START
307 0 1776208572 RESP_END
307 0 1782838700 TIMEOUT_END
308 1 1784521020 STIM_START
308 1 1785619648 STIM_END_RESP_START
308 1 1786819672 RESP_END
309 1 1788815872 STIM_START
309 1 1789914500 STIM_END_RESP_START
309 1 1791114528 RESP_END
310 0 1792787044 STIM_START
310 0 1793885672 STIM_END_RESP_START
310 0 1795085696 RESP_END
311 0 1796767256 STIM_START
311 0 1797560500 LICK
311 0 1797693588 LICK
311 0 1797824100 LICK
311 0 1797865884 STIM_END_RESP_START
311 0 1797991224 LICK
311 0 1797991760 TIMEOUT_START
311 0 1799065916 RESP_END
311 0 1804992316 TIMEOUT_END
312 1 1806651304 STIM_START
312 1 1807749932 STIM_END_RESP_START
312 1 1808949956 RESP_END
313 0 1810668416 STIM_START
313 0 1811767044 STIM_END_RESP_START
313 0 1812967068 RESP_END
314 1 1814629648 STIM_START
314 1 1815728280 STIM_END_RESP_START
314 1 1816928300 RESP_END
315 0 1818618844 STIM_START
315 0 1819717476 STIM_END_RESP_START
315 0 1820917500 RESP_END
316 1 1822839736 STIM_START
316 1 1823938364 STIM_END_RESP_START
316 1 1825138392 RESP_END
317 1 1827155488 STIM_START
317 1 1828254116 STIM_END_RESP_START
317 1 1829454140 RESP_END
318 0 1831448364 STIM_START
318 0 1831927464 LICK
318 0 1832056572 LICK
318 0 1832189752 LICK
318 0 1832468864 LICK
318 0 1832547012 STIM_END_RESP_START
318 0 1832597328 LICK
318 0 1832597864 TIMEOUT_START
318 0 1832762064 LICK
318 0 1832762604 TIMEOUT_START
318 0 1833747060 RESP_END
318 0 1839763156 TIMEOUT_END
319 1 1841708932 STIM_START
319 1 1842807556 STIM_END_RESP_START
319 1 1844007584 RESP_END
320 1 1845667172 STIM_START
320 1 1846765796 STIM_END_RESP_START
320 1 1847965820 RESP_END
321 0 1849918040 STIM_START
321 0 1851016668 STIM_END_RESP_START
321 0 1852216692 RESP_END
322 1 1853974092 STIM_START
322 1 1855072720 STIM_END_RESP_START
322 1 1856272744 RESP_END
323 1 1858292924 STIM_START
323 1 1859391552 STIM_END_RESP_START
323 1 1860591568 RESP_END
324 0 1862489832 STIM_START
324 0 1863588460 STIM_END_RESP_START
324 0 1864788488 RESP_END
325 0 1866765668 STIM_START
325 0 1867864296 STIM_END_RESP_START
325 0 1869064320 RESP_END
326 0 1870953624 STIM_START
326 0 1872052252 STIM_END_RESP_START
326 0 1873252268 RESP_END
327 1 1874989696 STIM_START
327 1 1876088324 STIM_END_RESP_START
327 1 1877288348 RESP_END
328 1 1879245608 STIM_START
328 1 1880344236 STIM_END_RESP_START
328 1 1881544260 RESP_END
329 1 1883622304 STIM_START
329 1 1884720936 STIM_END_RESP_START
329 1 1885920960 RESP_END
330 0 1887621476 STIM_START
330 0 1888720100 STIM_END_RESP_START
330 0 1889920124 RESP_END
331 1 1891602672 STIM_START
331 1 1892701300 STIM_END_RESP_START
331 1 1893901324 RESP_END
332 1 1895780580 STIM_START
332 1 1896879208 STIM_END_RESP_START
332 1 1898079224 RESP_END
333 0 1899932600 STIM_START
333 0 1901031228 STIM_END_RESP_START
333 0 1902231252 RESP_END
334 0 1904290336 STIM_START
334 0 1905388964 STIM_END_RESP_START
334 0 1906588988 RESP_END
335 0 1908620140 STIM_START
335 0 1909718768 STIM_END_RESP_START
335 0 1910918796 RESP_END
336 1 1912779108 STIM_START
336 1 1913877740 STIM_END_RESP_START
336 1 1915077764 RESP_END
337 1 1916897064 STIM_START
337 1 1917995696 STIM_END_RESP_START
337 1 1919195724 RESP_END
338 0 1921110996 STIM_START
338 0 1922209628 STIM_END_RESP_START
338 0 1923409652 RESP_END
339 0 1925048252 STIM_START
339 0 1926146880 STIM_END_RESP_START
339 0 1927346904 RESP_END
340 1 1929207244 STIM_START
340 1 1930305872 STIM_END_RESP_START
340 1 1931505896 RESP_END
341 1 1933188420 STIM_START
341 1 1934287052 STIM_END_RESP_START
341 1 1935487076 RESP_END
342 1 1937087788 STIM_START
342 1 1938186416 STIM_END_RESP_START
342 1 1939386440 RESP_END
343 0 1941025980 STIM_START
343 0 1942124608 STIM_END_RESP_START
343 0 1943324628 RESP_END
USER_EXIT