001 0 0007351012 STIM_START
001 0 0008449668 STIM_END_RESP_START
001 0 0009649708 RESP_END
002 1 0011268328 STIM_START
002 1 0011842176 LICK
002 1 0012041136 LICK
002 1 0012239656 LICK
002 1 0012366988 STIM_END_RESP_START
002 1 0013233524 LICK
002 1 0013233960 REWARD_START
002 1 0013567016 RESP_END
002 1 0013264424 REWARD_END
003 0 0017323140 STIM_START
003 0 0017427804 LICK
003 0 0017586804 LICK
003 0 0017784448 LICK
003 0 0018421788 STIM_END_RESP_START
003 0 0018436632 LICK
003 0 0018437064 TIMEOUT_START
003 0 0018636392 LICK
003 0 0018636836 TIMEOUT_START
003 0 0019621804 RESP_END
003 0 0025637280 TIMEOUT_END
004 0 0027255240 STIM_START
004 0 0028353908 STIM_END_RESP_START
004 0 0029553936 RESP_END
005 0 0031431300 STIM_START
005 0 0032529972 STIM_END_RESP_START
005 0 0033729996 RESP_END
006 1 0035320640 STIM_START
006 1 0036419308 STIM_END_RESP_START
006 1 0037619332 RESP_END
007 0 0039547572 STIM_START
007 0 0040646244 STIM_END_RESP_START
007 0 0041846268 RESP_END
008 1 0043585792 STIM_START
008 1 0044684460 STIM_END_RESP_START
008 1 0045884488 RESP_END
009 1 0047561048 STIM_START
009 1 0048659716 STIM_END_RESP_START
009 1 0049859740 RESP_END
010 0 0051944808 STIM_START
010 0 0053043480 STIM_END_RESP_START
010 0 0054243504 RESP_END
011 0 0055940044 STIM_START
011 0 0057038676 STIM_END_RESP_START
011 0 0058238700 RESP_END
012 0 0059953244 STIM_START
012 0 0061051916 STIM_END_RESP_START
012 0 0062251936 RESP_END
013 1 0064029388 STIM_START
013 1 0065128056 STIM_END_RESP_START
013 1 0065155284 LICK
013 1 0065155724 REWARD_START
013 1 0065761492 LICK
013 1 0065951648 LICK
013 1 0066123528 LICK
013 1 0066285432 LICK
013 1 0066328072 RESP_END
013 1 0065186188 REWARD_END
014 1 0068117548 STIM_START
014 1 0068232672 LICK
014 1 0068408768 LICK
014 1 0068596280 LICK
014 1 0068807604 LICK
014 1 0069025560 LICK
014 1 0069216192 STIM_END_RESP_START
014 1 0070416216 RESP_END
015 0 0072817916 STIM_START
015 0 0073916588 STIM_END_RESP_START
015 0 0075116616 RESP_END
016 0 0076749180 STIM_START
016 0 0077847816 STIM_END_RESP_START
016 0 0079047840 RESP_END
017 0 0081024112 STIM_START
017 0 0082122780 STIM_END_RESP_START
017 0 0083322800 RESP_END
018 1 0085259080 STIM_START
018 1 0086357752 STIM_END_RESP_START
018 1 0087557776 RESP_END
019 1 0089495968 STIM_START
019 1 0090369952 LICK
019 1 0090594608 STIM_END_RESP_START
019 1 0091184704 LICK
019 1 0091185140 REWARD_START
019 1 0091367100 LICK
019 1 0091521844 LICK
019 1 0091655072 LICK
019 1 0091794656 RESP_END
019 1 0091215608 REWARD_END
020 1 0095408956 STIM_START
020 1 0095706620 LICK
020 1 0095879036 LICK
020 1 0096355452 LICK
020 1 0096507588 STIM_END_RESP_START
020 1 0096540260 LICK
020 1 0096540704 REWARD_START
020 1 0096728124 LICK
020 1 0096876980 LICK
020 1 0097009568 LICK
020 1 0097157100 LICK
020 1 0097320372 LICK
020 1 0097707616 RESP_END
020 1 0096571164 REWARD_END
021 0 0101793340 STIM_START
021 0 0102891988 STIM_END_RESP_START
021 0 0104092028 RESP_END
022 1 0105967336 STIM_START
022 1 0106259348 LICK
022 1 0106427028 LICK
022 1 0107065964 STIM_END_RESP_START
022 1 0107213972 LICK
022 1 0107214456 REWARD_START
022 1 0107405784 LICK
022 1 0107554836 LICK
022 1 0107687956 LICK
022 1 0107845084 LICK
022 1 0108265996 RESP_END
022 1 0107244968 REWARD_END
023 1 0111359944 STIM_START
023 1 0112011896 LICK
023 1 0112185300 LICK
023 1 0112373000 LICK
023 1 0112458592 STIM_END_RESP_START
023 1 0113120596 LICK
023 1 0113121080 REWARD_START
023 1 0113617100 LICK
023 1 0113658608 RESP_END
023 1 0113151592 REWARD_END
024 0 0115918444 STIM_START
024 0 0116212080 LICK
024 0 0116399048 LICK
024 0 0117017088 STIM_END_RESP_START
024 0 0118217132 RESP_END
025 1 0119883744 STIM_START
025 1 0120230868 LICK
025 1 0120398016 LICK
025 1 0120982392 STIM_END_RESP_START
025 1 0121112800 LICK
025 1 0121113284 REWARD_START
025 1 0121292220 LICK
025 1 0121449572 LICK
025 1 0121588452 LICK
025 1 0121749296 LICK
025 1 0122182428 RESP_END
025 1 0121143800 REWARD_END
026 1 0125671816 STIM_START
026 1 0125918804 LICK
026 1 0126770460 STIM_END_RESP_START
026 1 0127161124 LICK
026 1 0127161612 REWARD_START
026 1 0127327296 LICK
026 1 0127469472 LICK
026 1 0127608432 LICK
026 1 0127759340 LICK
026 1 0127970496 RESP_END
026 1 0127192108 REWARD_END
027 0 0131227192 STIM_START
027 0 0132325840 STIM_END_RESP_START
027 0 0133525880 RESP_END
028 1 0135514064 STIM_START
028 1 0136304980 LICK
028 1 0136462096 LICK
028 1 0136612724 STIM_END_RESP_START
028 1 0137812768 RESP_END
029 0 0139654136 STIM_START
029 0 0140752784 STIM_END_RESP_START
029 0 0141952828 RESP_END
030 1 0143568472 STIM_START
030 1 0143851676 LICK
030 1 0144027132 LICK
030 1 0144560204 LICK
030 1 0144667128 STIM_END_RESP_START
030 1 0144734576 LICK
030 1 0144735064 REWARD_START
030 1 0144971836 LICK
030 1 0145109616 LICK
030 1 0145235656 LICK
030 1 0145867172 RESP_END
030 1 0144765576 REWARD_END
031 0 0148966032 STIM_START
031 0 0150064684 STIM_END_RESP_START
031 0 0151264728 RESP_END
032 0 0153043140 STIM_START
032 0 0154141792 STIM_END_RESP_START
032 0 0155341836 RESP_END
033 1 0157278096 STIM_START
033 1 0158376748 STIM_END_RESP_START
033 1 0159576792 RESP_END
034 1 0161335268 STIM_START
034 1 0162127840 LICK
034 1 0162339372 LICK
034 1 0162433904 STIM_END_RESP_START
034 1 0162819172 LICK
034 1 0162819656 REWARD_START
034 1 0163005988 LICK
034 1 0163158420 LICK
034 1 0163282276 LICK
034 1 0163426620 LICK
034 1 0163633948 RESP_END
034 1 0162850168 REWARD_END
035 0 0165540256 STIM_START
035 0 0165619532 LICK
035 0 0165782724 LICK
035 0 0166638916 STIM_END_RESP_START
035 0 0167838960 RESP_END
036 1 0169897048 STIM_START
036 1 0170339840 LICK
036 1 0170676624 LICK
036 1 0170995696 STIM_END_RESP_START
036 1 0171062960 LICK
036 1 0171063448 REWARD_START
036 1 0171229736 LICK
036 1 0171369608 LICK
036 1 0171513116 LICK
036 1 0172195724 RESP_END
036 1 0171093952 REWARD_END
037 0 0174318772 STIM_START
037 0 0175417420 STIM_END_RESP_START
037 0 0176617456 RESP_END
038 0 0178230100 STIM_START
038 0 0178509188 LICK
038 0 0179328760 STIM_END_RESP_START
038 0 0180528800 RESP_END
039 0 0182518944 STIM_START
039 0 0183617592 STIM_END_RESP_START
039 0 0184817632 RESP_END
040 1 0186554132 STIM_START
040 1 0186782156 LICK
040 1 0186938660 LICK
040 1 0187431948 LICK
040 1 0187600704 LICK
040 1 0187652784 STIM_END_RESP_START
040 1 0187776956 LICK
040 1 0187777444 REWARD_START
040 1 0187994324 LICK
040 1 0188137644 LICK
040 1 0188265008 LICK
040 1 0188417536 LICK
040 1 0188852832 RESP_END
040 1 0187807940 REWARD_END
041 0 0193853424 STIM_START
041 0 0194952072 STIM_END_RESP_START
041 0 0196152116 RESP_END
042 1 0197921592 STIM_START
042 1 0198131676 LICK
042 1 0198301320 LICK
042 1 0198778496 LICK
042 1 0198959892 LICK
042 1 0199020256 STIM_END_RESP_START
042 1 0199147812 LICK
042 1 0199148296 REWARD_START
042 1 0200220292 RESP_END
042 1 0199178808 REWARD_END
043 1 0203132324 STIM_START
043 1 0203948136 LICK
043 1 0204230976 STIM_END_RESP_START
043 1 0204642668 LICK
043 1 0204643156 REWARD_START
043 1 0204806360 LICK
043 1 0204965188 LICK
043 1 0205106204 LICK
043 1 0205240184 LICK
043 1 0205431008 RESP_END
043 1 0204673668 REWARD_END
044 1 0207918612 STIM_START
044 1 0208167256 LICK
044 1 0208323676 LICK
044 1 0208743884 LICK
044 1 0208932092 LICK
044 1 0209017260 STIM_END_RESP_START
044 1 0209152804 LICK
044 1 0209153292 REWARD_START
044 1 0209330952 LICK
044 1 0209475988 LICK
044 1 0209636216 LICK
044 1 0209776504 LICK
044 1 0210217296 RESP_END
044 1 0209183788 REWARD_END
045 0 0212715884 STIM_START
045 0 0213814536 STIM_END_RESP_START
045 0 0215014576 RESP_END
046 1 0217033816 STIM_START
046 1 0217603512 LICK
046 1 0218081736 LICK
046 1 0218132468 STIM_END_RESP_START
046 1 0219332512 RESP_END
047 0 0221414544 STIM_START
047 0 0221675924 LICK
047 0 0221839804 LICK
047 0 0222513184 STIM_END_RESP_START
047 0 0223713224 RESP_END
048 0 0225475668 STIM_START
048 0 0226574312 STIM_END_RESP_START
048 0 0227774356 RESP_END
049 0 0229472924 STIM_START
049 0 0230571568 STIM_END_RESP_START
049 0 0231771612 RESP_END
050 1 0233422184 STIM_START
050 1 0233723784 LICK
050 1 0233906044 LICK
050 1 0234493688 LICK
050 1 0234520828 STIM_END_RESP_START
050 1 0234648424 LICK
050 1 0234648916 REWARD_START
050 1 0234839136 LICK
050 1 0235040596 LICK
050 1 0235233752 LICK
050 1 0235351928 LICK
050 1 0235720860 RESP_END
050 1 0234679412 REWARD_END
051 0 0237726052 STIM_START
051 0 0238824704 STIM_END_RESP_START
051 0 0240024748 RESP_END
052 1 0241854128 STIM_START
052 1 0242267828 LICK
052 1 0242717872 LICK
052 1 0242895948 LICK
052 1 0242952796 STIM_END_RESP_START
052 1 0243065444 LICK
052 1 0243065940 REWARD_START
052 1 0243242004 LICK
052 1 0243388512 LICK
052 1 0243530732 LICK
052 1 0243984556 LICK
052 1 0244152812 RESP_END
052 1 0243096448 REWARD_END
053 1 0247338580 STIM_START
053 1 0247570912 LICK
053 1 0247748584 LICK
053 1 0248434932 LICK
053 1 0248437236 STIM_END_RESP_START
053 1 0248592948 LICK
053 1 0248593440 REWARD_START
053 1 0248774516 LICK
053 1 0248931388 LICK
053 1 0249064808 LICK
053 1 0249212416 LICK
053 1 0249506076 LICK
053 1 0249637248 RESP_END
053 1 0248623948 REWARD_END
054 1 0253417312 STIM_START
054 1 0253682472 LICK
054 1 0253865324 LICK
054 1 0254515968 STIM_END_RESP_START
054 1 0254718820 LICK
054 1 0254719316 REWARD_START
054 1 0254874004 LICK
054 1 0255019108 LICK
054 1 0255157384 LICK
054 1 0255301380 LICK
054 1 0255449104 LICK
054 1 0255604412 LICK
054 1 0255716012 RESP_END
054 1 0254749812 REWARD_END
055 0 0257312648 STIM_START
055 0 0257333164 LICK
055 0 0258411304 STIM_END_RESP_START
055 0 0259611344 RESP_END
056 1 0261271936 STIM_START
056 1 0261479364 LICK
056 1 0261643984 LICK
056 1 0261830688 LICK
056 1 0262065292 LICK
056 1 0262254144 LICK
056 1 0262370596 STIM_END_RESP_START
056 1 0262442808 LICK
056 1 0262443296 REWARD_START
056 1 0262647032 LICK
056 1 0262789744 LICK
056 1 0262917332 LICK
056 1 0263073728 LICK
056 1 0263239776 LICK
056 1 0263570624 RESP_END
056 1 0262473788 REWARD_END
057 1 0266368808 STIM_START
057 1 0266669100 LICK
057 1 0266869216 LICK
057 1 0267467472 STIM_END_RESP_START
057 1 0267936964 LICK
057 1 0267937448 REWARD_START
057 1 0268076204 LICK
057 1 0268223848 LICK
057 1 0268369816 LICK
057 1 0268667520 RESP_END
057 1 0267967960 REWARD_END
058 0 0274097584 STIM_START
058 0 0275196236 STIM_END_RESP_START
058 0 0275527140 LICK
058 0 0275527624 TIMEOUT_START
058 0 0275700628 LICK
058 0 0275701116 TIMEOUT_START
058 0 0276396280 RESP_END
058 0 0282701616 TIMEOUT_END
059 0 0284504196 STIM_START
059 0 0285294724 LICK
059 0 0285468632 LICK
059 0 0285602868 STIM_END_RESP_START
059 0 0285983776 LICK
059 0 0285984260 TIMEOUT_START
059 0 0286802916 RESP_END
059 0 0292984772 TIMEOUT_END
060 0 0294998656 STIM_START
060 0 0296097304 STIM_END_RESP_START
060 0 0297297348 RESP_END
061 1 0299007848 STIM_START
061 1 0300106500 STIM_END_RESP_START
061 1 0301306548 RESP_END
062 1 0306748656 STIM_START
062 1 0307827580 LICK
062 1 0307847288 STIM_END_RESP_START
062 1 0308027960 LICK
062 1 0308028452 REWARD_START
062 1 0308220340 LICK
062 1 0308400032 LICK
062 1 0308515556 LICK
062 1 0308649664 LICK
062 1 0308796592 LICK
062 1 0309047336 RESP_END
062 1 0308058956 REWARD_END
063 1 0312079264 STIM_START
063 1 0312366972 LICK
063 1 0312551420 LICK
063 1 0313177912 STIM_END_RESP_START
063 1 0313230236 LICK
063 1 0313230728 REWARD_START
063 1 0313389680 LICK
063 1 0313539616 LICK
063 1 0313675672 LICK
063 1 0313828524 LICK
063 1 0314117896 LICK
063 1 0314263116 LICK
063 1 0314377940 RESP_END
063 1 0313261228 REWARD_END
064 0 0317725492 STIM_START
064 0 0318362748 LICK
064 0 0318547584 LICK
064 0 0318824148 STIM_END_RESP_START
064 0 0319105276 LICK
064 0 0319105764 TIMEOUT_START
064 0 0319301080 LICK
064 0 0319301564 TIMEOUT_START
064 0 0319479904 LICK
064 0 0319480392 TIMEOUT_START
064 0 0319687252 LICK
064 0 0319687744 TIMEOUT_START
064 0 0319855492 LICK
064 0 0319855984 TIMEOUT_START
064 0 0320001944 LICK
064 0 0320002432 TIMEOUT_START
064 0 0320024192 RESP_END
064 0 0327002924 TIMEOUT_END
065 1 0328622552 STIM_START
065 1 0328906680 LICK
065 1 0329072888 LICK
065 1 0329721204 STIM_END_RESP_START
065 1 0329816916 LICK
065 1 0329817408 REWARD_START
065 1 0329957356 LICK
065 1 0330101136 LICK
065 1 0330244760 LICK
065 1 0330401688 LICK
065 1 0330858548 LICK
065 1 0330921240 RESP_END
065 1 0329847904 REWARD_END
066 1 0334768152 STIM_START
066 1 0335050968 LICK
066 1 0335221244 LICK
066 1 0335855332 LICK
066 1 0335866788 STIM_END_RESP_START
066 1 0336017752 LICK
066 1 0336018236 REWARD_START
066 1 0336187672 LICK
066 1 0336335776 LICK
066 1 0336478492 LICK
066 1 0336617412 LICK
066 1 0337066804 RESP_END
066 1 0336048748 REWARD_END
067 0 0340842880 STIM_START
067 0 0341853064 LICK
067 0 0341941524 STIM_END_RESP_START
067 0 0342032812 LICK
067 0 0342033296 TIMEOUT_START
067 0 0343141564 RESP_END
067 0 0349033796 TIMEOUT_END
068 1 0350811988 STIM_START
068 1 0351227864 LICK
068 1 0351407624 LICK
068 1 0351910632 STIM_END_RESP_START
068 1 0351993360 LICK
068 1 0351993848 REWARD_START
068 1 0352186608 LICK
068 1 0352333200 LICK
068 1 0352479404 LICK
068 1 0352781596 LICK
068 1 0353110656 RESP_END
068 1 0352024364 REWARD_END
069 1 0355874920 STIM_START
069 1 0356065532 LICK
069 1 0356689968 LICK
069 1 0356897208 LICK
069 1 0356973560 STIM_END_RESP_START
069 1 0357116468 LICK
069 1 0357116964 REWARD_START
069 1 0357307220 LICK
069 1 0357450504 LICK
069 1 0357586168 LICK
069 1 0357730404 LICK
069 1 0357881268 LICK
069 1 0358067484 LICK
069 1 0358173588 RESP_END
069 1 0357147472 REWARD_END
070 1 0361295456 STIM_START
070 1 0361566844 LICK
070 1 0361756808 LICK
070 1 0362394116 STIM_END_RESP_START
070 1 0362510888 LICK
070 1 0362511380 REWARD_START
070 1 0362670780 LICK
070 1 0362817972 LICK
070 1 0362958600 LICK
070 1 0363102684 LICK
070 1 0363412880 LICK
070 1 0363594148 RESP_END
070 1 0362541884 REWARD_END
071 0 0369960132 STIM_START
071 0 0371058780 STIM_END_RESP_START
071 0 0372258824 RESP_END
072 1 0374826336 STIM_START
072 1 0375840680 LICK
072 1 0375925008 STIM_END_RESP_START
072 1 0376026468 LICK
072 1 0376026952 REWARD_START
072 1 0376614972 LICK
072 1 0376752752 LICK
072 1 0376880300 LICK
072 1 0377023396 LICK
072 1 0377125028 RESP_END
072 1 0376057468 REWARD_END
073 1 0380452632 STIM_START
073 1 0380736224 LICK
073 1 0380896548 LICK
073 1 0381551276 STIM_END_RESP_START
073 1 0381637608 LICK
073 1 0381638100 REWARD_START
073 1 0381784276 LICK
073 1 0381926832 LICK
073 1 0382060108 LICK
073 1 0382223564 LICK
073 1 0382659756 LICK
073 1 0382751304 RESP_END
073 1 0381668596 REWARD_END
074 1 0387517164 STIM_START
074 1 0387746996 LICK
074 1 0387912480 LICK
074 1 0388125988 LICK
074 1 0388322232 LICK
074 1 0388489076 LICK
074 1 0388615820 STIM_END_RESP_START
074 1 0388665136 LICK
074 1 0388665628 REWARD_START
074 1 0388816992 LICK
074 1 0388966460 LICK
074 1 0389107124 LICK
074 1 0389261936 LICK
074 1 0389405148 LICK
074 1 0389579076 LICK
074 1 0389815864 RESP_END
074 1 0388696128 REWARD_END
075 0 0394221152 STIM_START
075 0 0395319804 STIM_END_RESP_START
075 0 0395505052 LICK
075 0 0395505540 TIMEOUT_START
075 0 0395646324 LICK
075 0 0395646812 TIMEOUT_START
075 0 0396519848 RESP_END
075 0 0402647324 TIMEOUT_END
076 0 0404230192 STIM_START
076 0 0405328836 STIM_END_RESP_START
076 0 0406528880 RESP_END
077 1 0408217476 STIM_START
077 1 0408501536 LICK
077 1 0408675100 LICK
077 1 0409180336 LICK
077 1 0409316116 STIM_END_RESP_START
077 1 0409355828 LICK
077 1 0409356320 REWARD_START
077 1 0409536716 LICK
077 1 0409693964 LICK
077 1 0409812752 LICK
077 1 0409945676 LICK
077 1 0410094420 LICK
077 1 0410516132 RESP_END
077 1 0409386828 REWARD_END
078 0 0413381328 STIM_START
078 0 0414479980 STIM_END_RESP_START
078 0 0415680024 RESP_END
079 0 0417695164 STIM_START
079 0 0418793812 STIM_END_RESP_START
079 0 0419388660 LICK
079 0 0419389144 TIMEOUT_START
079 0 0419526868 LICK
079 0 0419527348 TIMEOUT_START
079 0 0419729064 LICK
079 0 0419729552 TIMEOUT_START
079 0 0419901216 LICK
079 0 0419901704 TIMEOUT_START
079 0 0419993848 RESP_END
079 0 0426902208 TIMEOUT_END
080 1 0428954648 STIM_START
080 1 0429211948 LICK
080 1 0429386336 LICK
080 1 0429871444 LICK
080 1 0430030540 LICK
080 1 0430053304 STIM_END_RESP_START
080 1 0430203876 LICK
080 1 0430204368 REWARD_START
080 1 0430379072 LICK
080 1 0430526252 LICK
080 1 0430661992 LICK
080 1 0430933012 LICK
080 1 0431075308 LICK
080 1 0431245028 LICK
080 1 0431253332 RESP_END
080 1 0430234860 REWARD_END
081 0 0434191468 STIM_START
081 0 0435290124 STIM_END_RESP_START
081 0 0436490160 RESP_END
082 1 0438139744 STIM_START
082 1 0438503108 LICK
082 1 0438676812 LICK
082 1 0439089372 LICK
082 1 0439238384 STIM_END_RESP_START
082 1 0439263188 LICK
082 1 0439263684 REWARD_START
082 1 0439437824 LICK
082 1 0439590440 LICK
082 1 0439719568 LICK
082 1 0439856940 LICK
082 1 0440004132 LICK
082 1 0440176812 LICK
082 1 0440438404 RESP_END
082 1 0439294180 REWARD_END
083 1 0442683320 STIM_START
083 1 0442964028 LICK
083 1 0443157944 LICK
083 1 0443619388 LICK
083 1 0443781984 STIM_END_RESP_START
083 1 0443806756 LICK
083 1 0443807240 REWARD_START
083 1 0443978276 LICK
083 1 0444133616 LICK
083 1 0444271556 LICK
083 1 0444427092 LICK
083 1 0444593996 LICK
083 1 0444759856 LICK
083 1 0444946636 LICK
083 1 0444982016 RESP_END
083 1 0443837740 REWARD_END
084 1 0448138804 STIM_START
084 1 0448410120 LICK
084 1 0448567136 LICK
084 1 0448750428 LICK
084 1 0448955600 LICK
084 1 0449150504 LICK
084 1 0449237452 STIM_END_RESP_START
084 1 0449317368 LICK
084 1 0449317852 REWARD_START
084 1 0449486868 LICK
084 1 0449650284 LICK
084 1 0449782648 LICK
084 1 0449911384 LICK
084 1 0450055484 LICK
084 1 0450437500 RESP_END
084 1 0449348368 REWARD_END
085 0 0453979868 STIM_START
085 0 0455078520 STIM_END_RESP_START
085 0 0456278560 RESP_END
086 0 0458097932 STIM_START
086 0 0459196584 STIM_END_RESP_START
086 0 0460396628 RESP_END
087 1 0462125084 STIM_START
087 1 0462433608 LICK
087 1 0462601088 LICK
087 1 0463197964 LICK
087 1 0463223724 STIM_END_RESP_START
087 1 0463339264 LICK
087 1 0463339756 REWARD_START
087 1 0463493256 LICK
087 1 0463650340 LICK
087 1 0463781300 LICK
087 1 0463920904 LICK
087 1 0464064616 LICK
087 1 0464210472 LICK
087 1 0464423744 RESP_END
087 1 0463370272 REWARD_END
088 0 0467328848 STIM_START
088 0 0467650036 LICK
088 0 0468427508 STIM_END_RESP_START
088 0 0469627552 RESP_END
089 0 0471402016 STIM_START
089 0 0471700308 LICK
089 0 0471865460 LICK
089 0 0472420088 LICK
089 0 0472500672 STIM_END_RESP_START
089 0 0472582008 LICK
089 0 0472582496 TIMEOUT_START
089 0 0472747948 LICK
089 0 0472748440 TIMEOUT_START
089 0 0472929684 LICK
089 0 0472930168 TIMEOUT_START
089 0 0473118008 LICK
089 0 0473118496 TIMEOUT_START
089 0 0473498240 LICK
089 0 0473498728 TIMEOUT_START
089 0 0473681508 LICK
089 0 0473681996 TIMEOUT_START
089 0 0473700708 RESP_END
089 0 0480682496 TIMEOUT_END
090 0 0482762444 STIM_START
090 0 0483861100 STIM_END_RESP_START
090 0 0485061140 RESP_END
091 1 0486958408 STIM_START
091 1 0487904296 LICK
091 1 0488057080 STIM_END_RESP_START
091 1 0488070688 LICK
091 1 0488071180 REWARD_START
091 1 0488247392 LICK
091 1 0488578860 LICK
091 1 0488719156 LICK
091 1 0488832364 LICK
091 1 0488970104 LICK
091 1 0489130036 LICK
091 1 0489257116 RESP_END
091 1 0488101688 REWARD_END
092 1 0492837436 STIM_START
092 1 0493183260 LICK
092 1 0493376080 LICK
092 1 0493722376 LICK
092 1 0493890488 LICK
092 1 0493936080 STIM_END_RESP_START
092 1 0494250092 LICK
092 1 0494250576 REWARD_START
092 1 0494404812 LICK
092 1 0494550528 LICK
092 1 0494699048 LICK
092 1 0494869068 LICK
092 1 0495136120 RESP_END
092 1 0494281092 REWARD_END
093 1 0497115308 STIM_START
093 1 0497380848 LICK
093 1 0497549788 LICK
093 1 0497739896 LICK
093 1 0497930604 LICK
093 1 0498113048 LICK
093 1 0498213968 STIM_END_RESP_START
093 1 0498319780 LICK
093 1 0498320268 REWARD_START
093 1 0498495352 LICK
093 1 0498636864 LICK
093 1 0498779468 LICK
093 1 0498939508 LICK
093 1 0499094168 LICK
093 1 0499271168 LICK
093 1 0499414012 RESP_END
093 1 0498350780 REWARD_END
094 0 0503081176 STIM_START
094 0 0504179824 STIM_END_RESP_START
094 0 0505379868 RESP_END
095 1 0507428988 STIM_START
095 1 0508001356 LICK
095 1 0508182380 LICK
095 1 0508373020 LICK
095 1 0508527668 STIM_END_RESP_START
095 1 0508566508 LICK
095 1 0508567000 REWARD_START
095 1 0508736416 LICK
095 1 0508894720 LICK
095 1 0509038652 LICK
095 1 0509192780 LICK
095 1 0509727704 RESP_END
095 1 0508597496 REWARD_END
096 1 0513103252 STIM_START
096 1 0513374720 LICK
096 1 0513538624 LICK
096 1 0513737576 LICK
096 1 0514158464 LICK
096 1 0514201908 STIM_END_RESP_START
096 1 0514331808 LICK
096 1 0514332296 REWARD_START
096 1 0514481056 LICK
096 1 0514632008 LICK
096 1 0514769600 LICK
096 1 0514926840 LICK
096 1 0515083360 LICK
096 1 0515228040 LICK
096 1 0515401932 RESP_END
096 1 0514362808 REWARD_END
097 0 0518859344 STIM_START
097 0 0519958000 STIM_END_RESP_START
097 0 0521158044 RESP_END
098 0 0523107304 STIM_START
098 0 0523942400 LICK
098 0 0524089648 LICK
098 0 0524205948 STIM_END_RESP_START
098 0 0524264392 LICK
098 0 0524264884 TIMEOUT_START
098 0 0524456028 LICK
098 0 0524456508 TIMEOUT_START
098 0 0524633532 LICK
098 0 0524634016 TIMEOUT_START
098 0 0524800968 LICK
098 0 0524801452 TIMEOUT_START
098 0 0524997568 LICK
098 0 0524998056 TIMEOUT_START
098 0 0525164880 LICK
098 0 0525165360 TIMEOUT_START
098 0 0525405980 RESP_END
098 0 0532165872 TIMEOUT_END
099 0 0534083168 STIM_START
099 0 0535181820 STIM_END_RESP_START
099 0 0536381864 RESP_END
100 1 0538071380 STIM_START
100 1 0538555696 LICK
100 1 0539170028 STIM_END_RESP_START
100 1 0539875800 LICK
100 1 0539876288 REWARD_START
100 1 0540052652 LICK
100 1 0540197076 LICK
100 1 0540334856 LICK
100 1 0540370056 RESP_END
100 1 0539906800 REWARD_END
USER_EXIT