001 0 0002972940 STIM_START
001 0 0004071592 STIM_END_RESP_START
001 0 0004499232 LICK
001 0 0004499628 TIMEOUT_START
001 0 0004693104 LICK
001 0 0004693492 TIMEOUT_START
001 0 0005271620 RESP_END
001 0 0011693892 TIMEOUT_END
002 0 0014363340 STIM_START
002 0 0015462008 STIM_END_RESP_START
002 0 0016662036 RESP_END
003 0 0018603300 STIM_START
003 0 0019701932 STIM_END_RESP_START
003 0 0020901956 RESP_END
004 1 0022613528 STIM_START
004 1 0023712196 STIM_END_RESP_START
004 1 0023971608 LICK
004 1 0023972048 REWARD_START
004 1 0024138160 LICK
004 1 0024400272 LICK
004 1 0024566572 LICK
004 1 0024730264 LICK
004 1 0024912216 RESP_END
004 1 0024002492 REWARD_END
005 0 0028547432 STIM_START
005 0 0028704900 LICK
005 0 0028915984 LICK
005 0 0029137616 LICK
005 0 0029378772 LICK
005 0 0029618780 LICK
005 0 0029646104 STIM_END_RESP_START
005 0 0029822672 LICK
005 0 0029823112 TIMEOUT_START
005 0 0030025052 LICK
005 0 0030025488 TIMEOUT_START
005 0 0030185032 LICK
005 0 0030185468 TIMEOUT_START
005 0 0030361868 LICK
005 0 0030362304 TIMEOUT_START
005 0 0030590816 LICK
005 0 0030591260 TIMEOUT_START
005 0 0030846148 RESP_END
005 0 0037591716 TIMEOUT_END
006 0 0039410492 STIM_START
006 0 0040509124 STIM_END_RESP_START
006 0 0041709148 RESP_END
007 0 0043376708 STIM_START
007 0 0044475372 STIM_END_RESP_START
007 0 0045675396 RESP_END
008 1 0047304036 STIM_START
008 1 0048402672 STIM_END_RESP_START
008 1 0048736744 LICK
008 1 0048737180 REWARD_START
008 1 0048928864 LICK
008 1 0049083484 LICK
008 1 0049217184 LICK
008 1 0049389628 LICK
008 1 0049602716 RESP_END
008 1 0048767648 REWARD_END
009 0 0051611916 STIM_START
009 0 0052710548 STIM_END_RESP_START
009 0 0053910572 RESP_END
010 0 0055528212 STIM_START
010 0 0056626844 STIM_END_RESP_START
010 0 0057826872 RESP_END
011 0 0059593344 STIM_START
011 0 0060691980 STIM_END_RESP_START
011 0 0061892008 RESP_END
012 1 0063677536 STIM_START
012 1 0064776208 STIM_END_RESP_START
012 1 0065031028 LICK
012 1 0065031472 REWARD_START
012 1 0065203412 LICK
012 1 0065353824 LICK
012 1 0065468628 LICK
012 1 0065621656 LICK
012 1 0065976244 RESP_END
012 1 0065061924 REWARD_END
013 0 0067734620 STIM_START
013 0 0068833292 STIM_END_RESP_START
013 0 0070033308 RESP_END
014 0 0071625976 STIM_START
014 0 0072724608 STIM_END_RESP_START
014 0 0073924636 RESP_END
015 1 0075877908 STIM_START
015 1 0076841516 LICK
015 1 0076976564 STIM_END_RESP_START
015 1 0077013512 LICK
015 1 0077013948 REWARD_START
015 1 0077153184 LICK
015 1 0077294564 LICK
015 1 0077422916 LICK
015 1 0077567300 LICK
015 1 0078176600 RESP_END
015 1 0077044416 REWARD_END
016 1 0080056908 STIM_START
016 1 0081155544 STIM_END_RESP_START
016 1 0081178832 LICK
016 1 0081179268 REWARD_START
016 1 0081334784 LICK
016 1 0081474888 LICK
016 1 0081599584 LICK
016 1 0081752652 LICK
016 1 0081924720 LICK
016 1 0082355576 RESP_END
016 1 0081209720 REWARD_END
017 1 0084163048 STIM_START
017 1 0085218116 LICK
017 1 0085261700 STIM_END_RESP_START
017 1 0085375268 LICK
017 1 0085375704 REWARD_START
017 1 0085538456 LICK
017 1 0085680412 LICK
017 1 0085816532 LICK
017 1 0085946872 LICK
017 1 0086105864 LICK
017 1 0086461740 RESP_END
017 1 0085406172 REWARD_END
018 0 0091216644 STIM_START
018 0 0092315312 STIM_END_RESP_START
018 0 0093515340 RESP_END
019 1 0095522500 STIM_START
019 1 0096621136 STIM_END_RESP_START
019 1 0096963996 LICK
019 1 0096964436 REWARD_START
019 1 0097121528 LICK
019 1 0097260260 LICK
019 1 0097393684 LICK
019 1 0097535524 LICK
019 1 0097674336 LICK
019 1 0097821180 RESP_END
019 1 0096994904 REWARD_END
020 1 0100058028 STIM_START
020 1 0101156680 STIM_END_RESP_START
020 1 0101827996 LICK
020 1 0101828480 REWARD_START
020 1 0101983052 LICK
020 1 0102131772 LICK
020 1 0102257152 LICK
020 1 0102356724 RESP_END
020 1 0101858992 REWARD_END
021 0 0104503756 STIM_START
021 0 0105602408 STIM_END_RESP_START
021 0 0106802448 RESP_END
022 1 0108430072 STIM_START
022 1 0109461776 LICK
022 1 0109528728 STIM_END_RESP_START
022 1 0109646220 LICK
022 1 0109646700 REWARD_START
022 1 0109805092 LICK
022 1 0109946988 LICK
022 1 0110063556 LICK
022 1 0110198460 LICK
022 1 0110378572 LICK
022 1 0110728760 RESP_END
022 1 0109677216 REWARD_END
023 1 0112572052 STIM_START
023 1 0113146748 LICK
023 1 0113356004 LICK
023 1 0113571248 LICK
023 1 0113670704 STIM_END_RESP_START
023 1 0113746412 LICK
023 1 0113746896 REWARD_START
023 1 0113935452 LICK
023 1 0114094112 LICK
023 1 0114225900 LICK
023 1 0114374104 LICK
023 1 0114727724 LICK
023 1 0114870728 RESP_END
023 1 0113777408 REWARD_END
024 0 0117189592 STIM_START
024 0 0118288240 STIM_END_RESP_START
024 0 0119488284 RESP_END
025 0 0121298724 STIM_START
025 0 0121349452 LICK
025 0 0121518612 LICK
025 0 0122397376 STIM_END_RESP_START
025 0 0123597416 RESP_END
026 1 0125624540 STIM_START
026 1 0126639808 LICK
026 1 0126723192 STIM_END_RESP_START
026 1 0126825516 LICK
026 1 0126826000 REWARD_START
026 1 0126993544 LICK
026 1 0127250868 LICK
026 1 0127419220 LICK
026 1 0127923240 RESP_END
026 1 0126856496 REWARD_END
027 1 0129692624 STIM_START
027 1 0130791272 STIM_END_RESP_START
027 1 0131026340 LICK
027 1 0131026828 REWARD_START
027 1 0131176276 LICK
027 1 0131323736 LICK
027 1 0131459140 LICK
027 1 0131599716 LICK
027 1 0131757192 LICK
027 1 0131991284 RESP_END
027 1 0131057344 REWARD_END
028 0 0133814700 STIM_START
028 0 0134913348 STIM_END_RESP_START
028 0 0136113392 RESP_END
029 1 0137824916 STIM_START
029 1 0138685132 LICK
029 1 0138867768 LICK
029 1 0138923576 STIM_END_RESP_START
029 1 0139411468 LICK
029 1 0139411952 REWARD_START
029 1 0139593284 LICK
029 1 0139861128 LICK
029 1 0140008816 LICK
029 1 0140123604 RESP_END
029 1 0139442448 REWARD_END
030 1 0143807800 STIM_START
030 1 0144906452 STIM_END_RESP_START
030 1 0145203232 LICK
030 1 0145203716 REWARD_START
030 1 0145363796 LICK
030 1 0145507996 LICK
030 1 0145640092 LICK
030 1 0145797972 LICK
030 1 0146106484 RESP_END
030 1 0145234208 REWARD_END
031 0 0148946660 STIM_START
031 0 0150045312 STIM_END_RESP_START
031 0 0151245352 RESP_END
032 0 0153093700 STIM_START
032 0 0154192348 STIM_END_RESP_START
032 0 0155392392 RESP_END
033 1 0157283716 STIM_START
033 1 0158382368 STIM_END_RESP_START
033 1 0158503608 LICK
033 1 0158504100 REWARD_START
033 1 0158673748 LICK
033 1 0158961836 LICK
033 1 0159111832 LICK
033 1 0159582396 RESP_END
033 1 0158534608 REWARD_END
034 0 0161292908 STIM_START
034 0 0162391552 STIM_END_RESP_START
034 0 0163591600 RESP_END
035 1 0165380012 STIM_START
035 1 0166478656 STIM_END_RESP_START
035 1 0166548168 LICK
035 1 0166548660 REWARD_START
035 1 0166699908 LICK
035 1 0166850084 LICK
035 1 0166974524 LICK
035 1 0167124932 LICK
035 1 0167616792 LICK
035 1 0167678688 RESP_END
035 1 0166579164 REWARD_END
036 0 0169301316 STIM_START
036 0 0170399960 STIM_END_RESP_START
036 0 0171600004 RESP_END
037 0 0173669108 STIM_START
037 0 0174767756 STIM_END_RESP_START
037 0 0175967800 RESP_END
038 1 0177722264 STIM_START
038 1 0178820900 STIM_END_RESP_START
038 1 0178876300 LICK
038 1 0178876792 REWARD_START
038 1 0179056432 LICK
038 1 0179194400 LICK
038 1 0179323504 LICK
038 1 0179483668 LICK
038 1 0180020944 RESP_END
038 1 0178907288 REWARD_END
039 1 0182049112 STIM_START
039 1 0182516532 LICK
039 1 0182729904 LICK
039 1 0183118868 LICK
039 1 0183147776 STIM_END_RESP_START
039 1 0183330324 LICK
039 1 0183330812 REWARD_START
039 1 0183670232 LICK
039 1 0183812908 LICK
039 1 0184347804 RESP_END
039 1 0183361324 REWARD_END
040 1 0186096284 STIM_START
040 1 0187194936 STIM_END_RESP_START
040 1 0187516488 LICK
040 1 0187516980 REWARD_START
040 1 0187712528 LICK
040 1 0187869848 LICK
040 1 0188020112 LICK
040 1 0188170904 LICK
040 1 0188394952 RESP_END
040 1 0187547488 REWARD_END
041 0 0192808284 STIM_START
041 0 0192950752 LICK
041 0 0193906940 STIM_END_RESP_START
041 0 0195106984 RESP_END
042 1 0197096136 STIM_START
042 1 0198194784 STIM_END_RESP_START
042 1 0198247524 LICK
042 1 0198248008 REWARD_START
042 1 0198409992 LICK
042 1 0198678552 LICK
042 1 0198833852 LICK
042 1 0199394796 RESP_END
042 1 0198278516 REWARD_END
043 1 0201410944 STIM_START
043 1 0202295908 LICK
043 1 0202466032 LICK
043 1 0202509588 STIM_END_RESP_START
043 1 0202644120 LICK
043 1 0202644612 REWARD_START
043 1 0202777628 LICK
043 1 0202917992 LICK
043 1 0203063200 LICK
043 1 0203709632 RESP_END
043 1 0202675120 REWARD_END
044 1 0205406188 STIM_START
044 1 0206504836 STIM_END_RESP_START
044 1 0206693840 LICK
044 1 0206694324 REWARD_START
044 1 0206860724 LICK
044 1 0207140840 LICK
044 1 0207292092 LICK
044 1 0207620644 LICK
044 1 0207704876 RESP_END
044 1 0206724840 REWARD_END
045 0 0209443392 STIM_START
045 0 0210542040 STIM_END_RESP_START
045 0 0211742084 RESP_END
046 0 0213513536 STIM_START
046 0 0214612184 STIM_END_RESP_START
046 0 0215812228 RESP_END
047 1 0217857340 STIM_START
047 1 0218845592 LICK
047 1 0218956000 STIM_END_RESP_START
047 1 0219007380 LICK
047 1 0219007868 REWARD_START
047 1 0219183468 LICK
047 1 0219326940 LICK
047 1 0219464004 LICK
047 1 0219625260 LICK
047 1 0220156020 RESP_END
047 1 0219038380 REWARD_END
048 0 0222175136 STIM_START
048 0 0223273788 STIM_END_RESP_START
048 0 0224473828 RESP_END
049 1 0226309216 STIM_START
049 1 0226558740 LICK
049 1 0227201880 LICK
049 1 0227389236 LICK
049 1 0227407864 STIM_END_RESP_START
049 1 0227560780 LICK
049 1 0227561264 REWARD_START
049 1 0227699668 LICK
049 1 0227856832 LICK
049 1 0227983036 LICK
049 1 0228137584 LICK
049 1 0228607880 RESP_END
049 1 0227591780 REWARD_END
050 1 0230313484 STIM_START
050 1 0231374588 LICK
050 1 0231412132 STIM_END_RESP_START
050 1 0231559724 LICK
050 1 0231560216 REWARD_START
050 1 0231710404 LICK
050 1 0231855272 LICK
050 1 0231993324 LICK
050 1 0232144008 LICK
050 1 0232301248 LICK
050 1 0232465048 LICK
050 1 0232612144 RESP_END
050 1 0231590724 REWARD_END
051 0 0234543400 STIM_START
051 0 0235642048 STIM_END_RESP_START
051 0 0236842096 RESP_END
052 1 0238574600 STIM_START
052 1 0239470056 LICK
052 1 0239644448 LICK
052 1 0239673260 STIM_END_RESP_START
052 1 0239991848 LICK
052 1 0239992336 REWARD_START
052 1 0240142588 LICK
052 1 0240418908 LICK
052 1 0240588928 LICK
052 1 0240873280 RESP_END
052 1 0240022832 REWARD_END
053 0 0242953372 STIM_START
053 0 0244052024 STIM_END_RESP_START
053 0 0245252060 RESP_END
054 1 0247380040 STIM_START
054 1 0248202396 LICK
054 1 0248478708 STIM_END_RESP_START
054 1 0248585652 LICK
054 1 0248586136 REWARD_START
054 1 0248734248 LICK
054 1 0248880784 LICK
054 1 0248997640 LICK
054 1 0249151964 LICK
054 1 0249678732 RESP_END
054 1 0248616652 REWARD_END
055 1 0253532716 STIM_START
055 1 0254378776 LICK
055 1 0254578104 LICK
055 1 0254631384 STIM_END_RESP_START
055 1 0254764676 LICK
055 1 0254765168 REWARD_START
055 1 0254913176 LICK
055 1 0255049760 LICK
055 1 0255190076 LICK
055 1 0255337072 LICK
055 1 0255495868 LICK
055 1 0255647916 LICK
055 1 0255831420 RESP_END
055 1 0254795676 REWARD_END
056 1 0257622788 STIM_START
056 1 0258558284 LICK
056 1 0258721464 STIM_END_RESP_START
056 1 0258762408 LICK
056 1 0258762900 REWARD_START
056 1 0258897180 LICK
056 1 0259038684 LICK
056 1 0259168656 LICK
056 1 0259316148 LICK
056 1 0259834368 LICK
056 1 0259921476 RESP_END
056 1 0258793404 REWARD_END
057 0 0262212372 STIM_START
057 0 0263311020 STIM_END_RESP_START
057 0 0264511064 RESP_END
058 1 0266204552 STIM_START
058 1 0267245028 LICK
058 1 0267303200 STIM_END_RESP_START
058 1 0267413856 LICK
058 1 0267414340 REWARD_START
058 1 0267574824 LICK
058 1 0267712040 LICK
058 1 0267841644 LICK
058 1 0267982072 LICK
058 1 0268137492 LICK
058 1 0268503232 RESP_END
058 1 0267444852 REWARD_END
059 0 0270508396 STIM_START
059 0 0271607048 STIM_END_RESP_START
059 0 0272807088 RESP_END
060 1 0274814292 STIM_START
060 1 0275912944 STIM_END_RESP_START
060 1 0275977652 LICK
060 1 0275978136 REWARD_START
060 1 0276112408 LICK
060 1 0276260360 LICK
060 1 0276382024 LICK
060 1 0276524244 LICK
060 1 0276702344 LICK
060 1 0277112988 RESP_END
060 1 0276008648 REWARD_END
061 1 0278741720 STIM_START
061 1 0279662512 LICK
061 1 0279840380 STIM_END_RESP_START
061 1 0279861432 LICK
061 1 0279861916 REWARD_START
061 1 0280022484 LICK
061 1 0280167552 LICK
061 1 0280291500 LICK
061 1 0280432692 LICK
061 1 0280732348 LICK
061 1 0280927368 LICK
061 1 0281040404 RESP_END
061 1 0279892432 REWARD_END
062 1 0282787780 STIM_START
062 1 0283886448 STIM_END_RESP_START
062 1 0283978300 LICK
062 1 0283978788 REWARD_START
062 1 0284141508 LICK
062 1 0284278396 LICK
062 1 0284407596 LICK
062 1 0284551304 LICK
062 1 0285086492 RESP_END
062 1 0284009296 REWARD_END
063 0 0287130604 STIM_START
063 0 0288229252 STIM_END_RESP_START
063 0 0289429296 RESP_END
064 0 0291141796 STIM_START
064 0 0292240444 STIM_END_RESP_START
064 0 0293440484 RESP_END
065 0 0297029748 STIM_START
065 0 0298128396 STIM_END_RESP_START
065 0 0299328432 RESP_END
066 1 0301376564 STIM_START
066 1 0302475228 STIM_END_RESP_START
066 1 0302667308 LICK
066 1 0302667800 REWARD_START
066 1 0302815564 LICK
066 1 0302957220 LICK
066 1 0303076104 LICK
066 1 0303227392 LICK
066 1 0303675240 RESP_END
066 1 0302698308 REWARD_END
067 1 0305602472 STIM_START
067 1 0306488356 LICK
067 1 0306650516 LICK
067 1 0306701112 STIM_END_RESP_START
067 1 0306792028 LICK
067 1 0306792516 REWARD_START
067 1 0306943180 LICK
067 1 0307079756 LICK
067 1 0307206328 LICK
067 1 0307370536 LICK
067 1 0307674844 LICK
067 1 0307830392 LICK
067 1 0307901152 RESP_END
067 1 0306823024 REWARD_END
068 1 0309944336 STIM_START
068 1 0311029504 LICK
068 1 0311042992 STIM_END_RESP_START
068 1 0311181380 LICK
068 1 0311181864 REWARD_START
068 1 0311337920 LICK
068 1 0311481216 LICK
068 1 0311607808 LICK
068 1 0311769180 LICK
068 1 0312243008 RESP_END
068 1 0311212380 REWARD_END
069 0 0314910388 STIM_START
069 0 0316009036 STIM_END_RESP_START
069 0 0317209080 RESP_END
070 0 0318896612 STIM_START
070 0 0319995264 STIM_END_RESP_START
070 0 0321195308 RESP_END
071 0 0322911860 STIM_START
071 0 0324010512 STIM_END_RESP_START
071 0 0325210556 RESP_END
072 1 0326918024 STIM_START
072 1 0328016672 STIM_END_RESP_START
072 1 0328081980 LICK
072 1 0328082468 REWARD_START
072 1 0328236844 LICK
072 1 0328391432 LICK
072 1 0328503628 LICK
072 1 0328646104 LICK
072 1 0329216720 RESP_END
072 1 0328112976 REWARD_END
073 0 0330961216 STIM_START
073 0 0332059864 STIM_END_RESP_START
073 0 0333259908 RESP_END
074 1 0337025956 STIM_START
074 1 0337794932 LICK
074 1 0337969368 LICK
074 1 0338124628 STIM_END_RESP_START
074 1 0338145232 LICK
074 1 0338145720 REWARD_START
074 1 0338290476 LICK
074 1 0338435360 LICK
074 1 0338565972 LICK
074 1 0338723288 LICK
074 1 0339324656 RESP_END
074 1 0338176216 REWARD_END
075 0 0340991192 STIM_START
075 0 0342089844 STIM_END_RESP_START
075 0 0343289888 RESP_END
076 1 0345079376 STIM_START
076 1 0345712132 LICK
076 1 0345886052 LICK
076 1 0346048040 LICK
076 1 0346178040 STIM_END_RESP_START
076 1 0346211516 LICK
076 1 0346212000 REWARD_START
076 1 0346351972 LICK
076 1 0346497876 LICK
076 1 0346627100 LICK
076 1 0346779628 LICK
076 1 0347378084 RESP_END
076 1 0346242512 REWARD_END
077 0 0349094568 STIM_START
077 0 0349226040 LICK
077 0 0350193216 STIM_END_RESP_START
077 0 0351393260 RESP_END
078 0 0353112744 STIM_START
078 0 0354211392 STIM_END_RESP_START
078 0 0355411436 RESP_END
079 0 0357240784 STIM_START
079 0 0358339436 STIM_END_RESP_START
079 0 0359539480 RESP_END
080 1 0361207072 STIM_START
080 1 0362305724 STIM_END_RESP_START
080 1 0362379928 LICK
080 1 0362380416 REWARD_START
080 1 0362543124 LICK
080 1 0362695696 LICK
080 1 0362825252 LICK
080 1 0362980744 LICK
080 1 0363505744 RESP_END
080 1 0362410924 REWARD_END
081 1 0365551852 STIM_START
081 1 0365998992 LICK
081 1 0366222580 LICK
081 1 0366413908 LICK
081 1 0366605656 LICK
081 1 0366650508 STIM_END_RESP_START
081 1 0366789448 LICK
081 1 0366789944 REWARD_START
081 1 0366950868 LICK
081 1 0367095024 LICK
081 1 0367229736 LICK
081 1 0367375608 LICK
081 1 0367529628 LICK
081 1 0367675716 LICK
081 1 0367850536 RESP_END
081 1 0366820440 REWARD_END
082 1 0369783828 STIM_START
082 1 0370882472 STIM_END_RESP_START
082 1 0371291612 LICK
082 1 0371292096 REWARD_START
082 1 0371470432 LICK
082 1 0371621412 LICK
082 1 0371749256 LICK
082 1 0371925012 LICK
082 1 0372074324 LICK
082 1 0372082520 RESP_END
082 1 0371322608 REWARD_END
083 0 0376343016 STIM_START
083 0 0377441672 STIM_END_RESP_START
083 0 0378636024 LICK
083 0 0378636516 TIMEOUT_START
083 0 0378641692 RESP_END
083 0 0385637008 TIMEOUT_END
084 1 0387677432 STIM_START
084 1 0388776088 STIM_END_RESP_START
084 1 0389316912 LICK
084 1 0389317396 REWARD_START
084 1 0389473032 LICK
084 1 0389616384 LICK
084 1 0389735596 LICK
084 1 0389889912 LICK
084 1 0389976120 RESP_END
084 1 0389347912 REWARD_END
085 1 0391983264 STIM_START
085 1 0393081936 STIM_END_RESP_START
085 1 0393211740 LICK
085 1 0393212236 REWARD_START
085 1 0393354452 LICK
085 1 0393492836 LICK
085 1 0393622852 LICK
085 1 0393763300 LICK
085 1 0393932100 LICK
085 1 0394100524 LICK
085 1 0394281980 RESP_END
085 1 0393242736 REWARD_END
086 0 0396146340 STIM_START
086 0 0397244992 STIM_END_RESP_START
086 0 0398445036 RESP_END
087 0 0400521112 STIM_START
087 0 0401619760 STIM_END_RESP_START
087 0 0402819804 RESP_END
088 1 0404489400 STIM_START
088 1 0405551388 LICK
088 1 0405588028 STIM_END_RESP_START
088 1 0405724176 LICK
088 1 0405724664 REWARD_START
088 1 0405890672 LICK
088 1 0406157372 LICK
088 1 0406334668 LICK
088 1 0406506172 LICK
088 1 0406788056 RESP_END
088 1 0405755160 REWARD_END
089 0 0408743312 STIM_START
089 0 0409841964 STIM_END_RESP_START
089 0 0411042004 RESP_END
090 0 0412790476 STIM_START
090 0 0413889124 STIM_END_RESP_START
090 0 0415089168 RESP_END
091 0 0416775656 STIM_START
091 0 0417874308 STIM_END_RESP_START
091 0 0419074352 RESP_END
092 1 0420902756 STIM_START
092 1 0421049036 LICK
092 1 0421491008 LICK
092 1 0422001400 STIM_END_RESP_START
092 1 0423201444 RESP_END
093 0 0425119716 STIM_START
093 0 0426218368 STIM_END_RESP_START
093 0 0427418412 RESP_END
094 0 0429510480 STIM_START
094 0 0430609128 STIM_END_RESP_START
094 0 0431809172 RESP_END
095 1 0433699492 STIM_START
095 1 0434798140 STIM_END_RESP_START
095 1 0435581116 LICK
095 1 0435581600 REWARD_START
095 1 0435742428 LICK
095 1 0435893280 LICK
095 1 0435998188 RESP_END
095 1 0435612112 REWARD_END
096 0 0438234028 STIM_START
096 0 0439332680 STIM_END_RESP_START
096 0 0440532724 RESP_END
097 0 0442464996 STIM_START
097 0 0443563644 STIM_END_RESP_START
097 0 0444763688 RESP_END
098 0 0446381340 STIM_START
098 0 0447479992 STIM_END_RESP_START
098 0 0448680040 RESP_END
099 1 0450465428 STIM_START
099 1 0451564076 STIM_END_RESP_START
099 1 0451937136 LICK
099 1 0451937628 REWARD_START
099 1 0452114064 LICK
099 1 0452388352 LICK
099 1 0452533836 LICK
099 1 0452764100 RESP_END
099 1 0451968124 REWARD_END
100 0 0454441688 STIM_START
100 0 0455540336 STIM_END_RESP_START
100 0 0456740380 RESP_END
101 1 0458651620 STIM_START
101 1 0458946072 LICK
101 1 0459129468 LICK
101 1 0459327052 LICK
101 1 0459496704 LICK
101 1 0459686628 LICK
101 1 0459750280 STIM_END_RESP_START
101 1 0459859628 LICK
101 1 0459860116 REWARD_START
101 1 0460028756 LICK
101 1 0460177428 LICK
101 1 0460313316 LICK
101 1 0460950300 RESP_END
101 1 0459890624 REWARD_END
102 1 0462570976 STIM_START
102 1 0463131800 LICK
102 1 0463332484 LICK
102 1 0463491336 LICK
102 1 0463669628 STIM_END_RESP_START
102 1 0463687860 LICK
102 1 0463688344 REWARD_START
102 1 0463829588 LICK
102 1 0463978568 LICK
102 1 0464106632 LICK
102 1 0464260836 LICK
102 1 0464869644 RESP_END
102 1 0463718856 REWARD_END
103 0 0466655092 STIM_START
103 0 0467753740 STIM_END_RESP_START
103 0 0468953788 RESP_END
104 1 0470922972 STIM_START
104 1 0471896336 LICK
104 1 0472021628 STIM_END_RESP_START
104 1 0472062536 LICK
104 1 0472063028 REWARD_START
104 1 0472213032 LICK
104 1 0472471832 LICK
104 1 0472622516 LICK
104 1 0473180100 LICK
104 1 0473221640 RESP_END
104 1 0472093536 REWARD_END
105 1 0474993096 STIM_START
105 1 0475815960 LICK
105 1 0476031608 LICK
105 1 0476091760 STIM_END_RESP_START
105 1 0476213532 LICK
105 1 0476214016 REWARD_START
105 1 0476385640 LICK
105 1 0476531772 LICK
105 1 0476662160 LICK
105 1 0476824712 LICK
105 1 0477291780 RESP_END
105 1 0476244532 REWARD_END
106 0 0481238708 STIM_START
106 0 0482337360 STIM_END_RESP_START
106 0 0483537404 RESP_END
USER_EXIT