001 1 0006916668 STIM_START
001 1 0007236632 LICK
001 1 0007381908 LICK
001 1 0007560376 LICK
001 1 0007751244 LICK
001 1 0007936472 LICK
001 1 0008015328 STIM_END_RESP_START
001 1 0008118856 LICK
001 1 0008119244 REWARD_START
001 1 0008305492 LICK
001 1 0008447908 LICK
001 1 0008584516 LICK
001 1 0008732388 LICK
001 1 0008874344 LICK
001 1 0009013532 LICK
001 1 0009156588 LICK
001 1 0009215376 RESP_END
001 1 0008169664 REWARD_END
002 0 0014347736 STIM_START
002 0 0014639080 LICK
002 0 0014819836 LICK
002 0 0015013508 LICK
002 0 0015186520 LICK
002 0 0015381748 LICK
002 0 0015446400 STIM_END_RESP_START
002 0 0016646424 RESP_END
003 1 0018333976 STIM_START
003 1 0018733840 LICK
003 1 0018908104 LICK
003 1 0019100156 LICK
003 1 0019432636 STIM_END_RESP_START
003 1 0019550632 LICK
003 1 0019551072 REWARD_START
003 1 0019735720 LICK
003 1 0019876736 LICK
003 1 0020006628 LICK
003 1 0020145964 LICK
003 1 0020632656 RESP_END
003 1 0019601536 REWARD_END
004 0 0026479280 STIM_START
004 0 0026742300 LICK
004 0 0026892096 LICK
004 0 0027577936 STIM_END_RESP_START
004 0 0028777960 RESP_END
005 0 0030839056 STIM_START
005 0 0031056588 LICK
005 0 0031937724 STIM_END_RESP_START
005 0 0033137748 RESP_END
006 0 0035108952 STIM_START
006 0 0036207580 STIM_END_RESP_START
006 0 0037407608 RESP_END
007 1 0039261984 STIM_START
007 1 0039454044 LICK
007 1 0039619000 LICK
007 1 0040144856 LICK
007 1 0040309588 LICK
007 1 0040360616 STIM_END_RESP_START
007 1 0040471820 LICK
007 1 0040472256 REWARD_START
007 1 0040637924 LICK
007 1 0040786360 LICK
007 1 0040907492 LICK
007 1 0041033060 LICK
007 1 0041189356 LICK
007 1 0041560632 RESP_END
007 1 0040522716 REWARD_END
008 0 0044681484 STIM_START
008 0 0044946700 LICK
008 0 0045780120 STIM_END_RESP_START
008 0 0046980148 RESP_END
009 1 0048785560 STIM_START
009 1 0049046776 LICK
009 1 0049199876 LICK
009 1 0049364376 LICK
009 1 0049580352 LICK
009 1 0049757940 LICK
009 1 0049884192 STIM_END_RESP_START
009 1 0049924700 LICK
009 1 0049925144 REWARD_START
009 1 0050121180 LICK
009 1 0050263604 LICK
009 1 0050381352 LICK
009 1 0050514544 LICK
009 1 0050665224 LICK
009 1 0051084212 RESP_END
009 1 0049975600 REWARD_END
010 0 0053926384 STIM_START
010 0 0055025016 STIM_END_RESP_START
010 0 0056140516 LICK
010 0 0056140960 TIMEOUT_START
010 0 0056225048 RESP_END
010 0 0063141408 TIMEOUT_END
011 0 0065129004 STIM_START
011 0 0065270612 LICK
011 0 0066227644 STIM_END_RESP_START
011 0 0067427672 RESP_END
012 1 0069317000 STIM_START
012 1 0069678884 LICK
012 1 0069858480 LICK
012 1 0070052268 LICK
012 1 0070225644 LICK
012 1 0070386252 LICK
012 1 0070415632 STIM_END_RESP_START
012 1 0070551068 LICK
012 1 0070551504 REWARD_START
012 1 0070706916 LICK
012 1 0070849936 LICK
012 1 0070958296 LICK
012 1 0071078552 LICK
012 1 0071222564 LICK
012 1 0071615680 RESP_END
012 1 0070601968 REWARD_END
013 1 0073403092 STIM_START
013 1 0073685512 LICK
013 1 0073825644 LICK
013 1 0074024452 LICK
013 1 0074194452 LICK
013 1 0074355272 LICK
013 1 0074501748 STIM_END_RESP_START
013 1 0074945840 LICK
013 1 0074946280 REWARD_START
013 1 0075072592 LICK
013 1 0075319432 LICK
013 1 0075450272 LICK
013 1 0075581700 LICK
013 1 0075701788 RESP_END
013 1 0074996744 REWARD_END
014 1 0079200180 STIM_START
014 1 0079422332 LICK
014 1 0079577700 LICK
014 1 0079787836 LICK
014 1 0079956816 LICK
014 1 0080162008 LICK
014 1 0080298828 STIM_END_RESP_START
014 1 0080383304 LICK
014 1 0080383744 REWARD_START
014 1 0080540012 LICK
014 1 0080680192 LICK
014 1 0080810836 LICK
014 1 0080935160 LICK
014 1 0081076472 LICK
014 1 0081498868 RESP_END
014 1 0080434208 REWARD_END
015 0 0083972424 STIM_START
015 0 0084202112 LICK
015 0 0085071092 STIM_END_RESP_START
015 0 0086271116 RESP_END
016 1 0088309252 STIM_START
016 1 0088530672 LICK
016 1 0088690984 LICK
016 1 0088895452 LICK
016 1 0089079660 LICK
016 1 0089249604 LICK
016 1 0089407888 STIM_END_RESP_START
016 1 0089438572 LICK
016 1 0089439008 REWARD_START
016 1 0089584544 LICK
016 1 0089722004 LICK
016 1 0089842668 LICK
016 1 0089964680 LICK
016 1 0090092904 LICK
016 1 0090519228 LICK
016 1 0090607924 RESP_END
016 1 0089489476 REWARD_END
017 1 0093709748 STIM_START
017 1 0093961920 LICK
017 1 0094099972 LICK
017 1 0094290484 LICK
017 1 0094493648 LICK
017 1 0094674244 LICK
017 1 0094808412 STIM_END_RESP_START
017 1 0094847648 LICK
017 1 0094848092 REWARD_START
017 1 0095018080 LICK
017 1 0095162924 LICK
017 1 0095283140 LICK
017 1 0095414512 LICK
017 1 0095842472 LICK
017 1 0095977188 LICK
017 1 0096008448 RESP_END
017 1 0094898548 REWARD_END
018 0 0102877760 STIM_START
018 0 0102941768 LICK
018 0 0103976404 STIM_END_RESP_START
018 0 0104094232 LICK
018 0 0104094716 TIMEOUT_START
018 0 0104248812 LICK
018 0 0104249296 TIMEOUT_START
018 0 0105176432 RESP_END
018 0 0111249800 TIMEOUT_END
019 1 0113264360 STIM_START
019 1 0113588472 LICK
019 1 0113790352 LICK
019 1 0114362996 STIM_END_RESP_START
019 1 0114569828 LICK
019 1 0114570320 REWARD_START
019 1 0114711952 LICK
019 1 0114947092 LICK
019 1 0115068528 LICK
019 1 0115192660 LICK
019 1 0115328248 LICK
019 1 0115563028 RESP_END
019 1 0114620824 REWARD_END
020 1 0120559664 STIM_START
020 1 0120815928 LICK
020 1 0120978848 LICK
020 1 0121178720 LICK
020 1 0121361312 LICK
020 1 0121594220 LICK
020 1 0121658308 STIM_END_RESP_START
020 1 0121767764 LICK
020 1 0121768252 REWARD_START
020 1 0121927364 LICK
020 1 0122066688 LICK
020 1 0122169172 LICK
020 1 0122292320 LICK
020 1 0122430712 LICK
020 1 0122858344 RESP_END
020 1 0121818756 REWARD_END
021 1 0126999904 STIM_START
021 1 0127209836 LICK
021 1 0127371644 LICK
021 1 0127545280 LICK
021 1 0127701052 LICK
021 1 0127874692 LICK
021 1 0128057788 LICK
021 1 0128098552 STIM_END_RESP_START
021 1 0128204624 LICK
021 1 0128205112 REWARD_START
021 1 0128367032 LICK
021 1 0128504360 LICK
021 1 0128624208 LICK
021 1 0128757096 LICK
021 1 0128894728 LICK
021 1 0129030360 LICK
021 1 0129298580 RESP_END
021 1 0128255612 REWARD_END
022 0 0134380088 STIM_START
022 0 0135478740 STIM_END_RESP_START
022 0 0136678784 RESP_END
023 0 0139565852 STIM_START
023 0 0139765056 LICK
023 0 0140664504 STIM_END_RESP_START
023 0 0141864544 RESP_END
024 1 0143683936 STIM_START
024 1 0143972452 LICK
024 1 0144133732 LICK
024 1 0144717616 LICK
024 1 0144782596 STIM_END_RESP_START
024 1 0144867312 LICK
024 1 0144867800 REWARD_START
024 1 0145014936 LICK
024 1 0145155172 LICK
024 1 0145376812 LICK
024 1 0145507500 LICK
024 1 0145928628 LICK
024 1 0145982612 RESP_END
024 1 0144918304 REWARD_END
025 0 0149657764 STIM_START
025 0 0150756412 STIM_END_RESP_START
025 0 0151443112 LICK
025 0 0151443604 TIMEOUT_START
025 0 0151956456 RESP_END
025 0 0158444108 TIMEOUT_END
026 0 0160110232 STIM_START
026 0 0161208880 STIM_END_RESP_START
026 0 0162408924 RESP_END
027 1 0164246284 STIM_START
027 1 0165264364 LICK
027 1 0165344936 STIM_END_RESP_START
027 1 0165416968 LICK
027 1 0165417452 REWARD_START
027 1 0165590716 LICK
027 1 0165848916 LICK
027 1 0165976208 LICK
027 1 0166100372 LICK
027 1 0166544952 RESP_END
027 1 0165467956 REWARD_END
028 0 0168172572 STIM_START
028 0 0169271212 STIM_END_RESP_START
028 0 0170471256 RESP_END
029 1 0172237696 STIM_START
029 1 0172735984 LICK
029 1 0172876436 LICK
029 1 0173032776 LICK
029 1 0173208088 LICK
029 1 0173336340 STIM_END_RESP_START
029 1 0173359308 LICK
029 1 0173359796 REWARD_START
029 1 0173502188 LICK
029 1 0173639700 LICK
029 1 0173760192 LICK
029 1 0173885312 LICK
029 1 0174025900 LICK
029 1 0174536364 RESP_END
029 1 0173410300 REWARD_END
030 1 0176242916 STIM_START
030 1 0176658036 LICK
030 1 0176808768 LICK
030 1 0176981684 LICK
030 1 0177160680 LICK
030 1 0177341048 LICK
030 1 0177341576 STIM_END_RESP_START
030 1 0177495552 LICK
030 1 0177496036 REWARD_START
030 1 0177654620 LICK
030 1 0177798580 LICK
030 1 0177919148 LICK
030 1 0178044908 LICK
030 1 0178186676 LICK
030 1 0178541608 RESP_END
030 1 0177546548 REWARD_END
USER_EXIT