001 1 0009777596 STIM_START
001 1 0009900384 LICK
001 1 0010040496 LICK
001 1 0010186140 LICK
001 1 0010515564 LICK
001 1 0010650980 LICK
001 1 0010876240 STIM_END_RESP_START
001 1 0011005272 LICK
001 1 0011005708 REWARD_START
001 1 0012076260 RESP_END
001 1 0011036156 REWARD_END
002 1 0013939544 STIM_START
002 1 0015038172 STIM_END_RESP_START
002 1 0016238200 RESP_END
003 0 0025800260 STIM_START
003 0 0026699500 LICK
003 0 0026898908 STIM_END_RESP_START
003 0 0026921216 LICK
003 0 0026921652 TIMEOUT_START
003 0 0027282492 LICK
003 0 0027282928 TIMEOUT_START
003 0 0027464760 LICK
003 0 0027465196 TIMEOUT_START
003 0 0027894152 LICK
003 0 0027894588 TIMEOUT_START
003 0 0028098924 RESP_END
003 0 0034895052 TIMEOUT_END
004 0 0039984208 STIM_START
004 0 0040610972 LICK
004 0 0040706640 LICK
004 0 0041082872 STIM_END_RESP_START
004 0 0041350128 LICK
004 0 0041350568 TIMEOUT_START
004 0 0041469424 LICK
004 0 0041469864 TIMEOUT_START
004 0 0042282892 RESP_END
004 0 0048470328 TIMEOUT_END
005 1 0052779804 STIM_START
005 1 0053878436 STIM_END_RESP_START
005 1 0054292888 LICK
005 1 0054293324 REWARD_START
005 1 0054484440 LICK
005 1 0054592732 LICK
005 1 0054688632 LICK
005 1 0054908644 LICK
005 1 0055019084 LICK
005 1 0055078452 RESP_END
005 1 0054323788 REWARD_END
006 1 0059837316 STIM_START
006 1 0060445456 LICK
006 1 0060727132 LICK
006 1 0060863268 LICK
006 1 0060935968 STIM_END_RESP_START
006 1 0061076716 LICK
006 1 0061077156 REWARD_START
006 1 0061495048 LICK
006 1 0061611324 LICK
006 1 0061723136 LICK
006 1 0061845104 LICK
006 1 0061975380 LICK
006 1 0062105392 LICK
006 1 0062135984 RESP_END
006 1 0061107624 REWARD_END
007 0 0064291980 STIM_START
007 0 0064712856 LICK
007 0 0064836388 LICK
007 0 0064946228 LICK
007 0 0065257516 LICK
007 0 0065369420 LICK
007 0 0065390644 STIM_END_RESP_START
007 0 0065495516 LICK
007 0 0065495956 TIMEOUT_START
007 0 0065643352 LICK
007 0 0065643792 TIMEOUT_START
007 0 0065750356 LICK
007 0 0065750792 TIMEOUT_START
007 0 0066031668 LICK
007 0 0066032104 TIMEOUT_START
007 0 0066175744 LICK
007 0 0066176188 TIMEOUT_START
007 0 0066342536 LICK
007 0 0066342980 TIMEOUT_START
007 0 0066489096 LICK
007 0 0066489540 TIMEOUT_START
007 0 0066590680 RESP_END
007 0 0073489992 TIMEOUT_END
008 1 0075087004 STIM_START
008 1 0075895660 LICK
008 1 0076105864 LICK
008 1 0076185660 STIM_END_RESP_START
008 1 0076548936 LICK
008 1 0076549380 REWARD_START
008 1 0076732740 LICK
008 1 0077227784 LICK
008 1 0077378884 LICK
008 1 0077385696 RESP_END
008 1 0076579848 REWARD_END
009 0 0081288548 STIM_START
009 0 0082387184 STIM_END_RESP_START
009 0 0083587208 RESP_END
010 1 0087039652 STIM_START
010 1 0087917016 LICK
010 1 0088138288 STIM_END_RESP_START
010 1 0088163452 LICK
010 1 0088163888 REWARD_START
010 1 0088438460 LICK
010 1 0088748728 LICK
010 1 0088872636 LICK
010 1 0088997452 LICK
010 1 0089338332 RESP_END
010 1 0088194336 REWARD_END
011 0 0093393968 STIM_START
011 0 0093838724 LICK
011 0 0094202340 LICK
011 0 0094327300 LICK
011 0 0094492608 STIM_END_RESP_START
011 0 0094703404 LICK
011 0 0094703848 TIMEOUT_START
011 0 0094857620 LICK
011 0 0094858056 TIMEOUT_START
011 0 0095692640 RESP_END
011 0 0101858512 TIMEOUT_END
012 0 0107333196 STIM_START
012 0 0108431844 STIM_END_RESP_START
012 0 0108640892 LICK
012 0 0108641380 TIMEOUT_START
012 0 0108763724 LICK
012 0 0108764212 TIMEOUT_START
012 0 0108984592 LICK
012 0 0108985072 TIMEOUT_START
012 0 0109372596 LICK
012 0 0109373080 TIMEOUT_START
012 0 0109570824 LICK
012 0 0109571312 TIMEOUT_START
012 0 0109631876 RESP_END
012 0 0116571804 TIMEOUT_END
013 1 0118474856 STIM_START
013 1 0119573500 STIM_END_RESP_START
013 1 0120773544 RESP_END
014 1 0124504556 STIM_START
014 1 0125603208 STIM_END_RESP_START
014 1 0126803248 RESP_END
015 1 0131152608 STIM_START
015 1 0132251256 STIM_END_RESP_START
015 1 0133451280 RESP_END
016 0 0136321356 STIM_START
016 0 0137420008 STIM_END_RESP_START
016 0 0138620052 RESP_END
017 0 0143012304 STIM_START
017 0 0144110956 STIM_END_RESP_START
017 0 0145311000 RESP_END
018 0 0147122412 STIM_START
018 0 0147914628 LICK
018 0 0148066448 LICK
018 0 0148221036 STIM_END_RESP_START
018 0 0148409580 LICK
018 0 0148410064 TIMEOUT_START
018 0 0148600288 LICK
018 0 0148600772 TIMEOUT_START
018 0 0148886356 LICK
018 0 0148886848 TIMEOUT_START
018 0 0149219460 LICK
018 0 0149219944 TIMEOUT_START
018 0 0149417176 LICK
018 0 0149417660 TIMEOUT_START
018 0 0149421068 RESP_END
018 0 0156418164 TIMEOUT_END
019 1 0158475760 STIM_START
019 1 0158618260 LICK
019 1 0158804112 LICK
019 1 0159046448 LICK
019 1 0159222344 LICK
019 1 0159574416 STIM_END_RESP_START
019 1 0160774460 RESP_END
020 1 0162686676 STIM_START
020 1 0163712760 LICK
020 1 0163785304 STIM_END_RESP_START
020 1 0163886092 LICK
020 1 0163886576 REWARD_START
020 1 0164427564 LICK
020 1 0164566076 LICK
020 1 0164659448 LICK
020 1 0164768300 LICK
020 1 0164883696 LICK
020 1 0164985332 RESP_END
020 1 0163917068 REWARD_END
021 1 0170177692 STIM_START
021 1 0171276340 STIM_END_RESP_START
021 1 0172326240 LICK
021 1 0172326724 REWARD_START
021 1 0172451028 LICK
021 1 0172476360 RESP_END
021 1 0172357236 REWARD_END
022 0 0178110104 STIM_START
022 0 0178887552 LICK
022 0 0179053648 LICK
022 0 0179208736 STIM_END_RESP_START
022 0 0179450256 LICK
022 0 0179450740 TIMEOUT_START
022 0 0179825800 LICK
022 0 0179826284 TIMEOUT_START
022 0 0179974580 LICK
022 0 0179975064 TIMEOUT_START
022 0 0180408772 RESP_END
022 0 0186975576 TIMEOUT_END
023 0 0188619520 STIM_START
023 0 0189648532 LICK
023 0 0189718152 STIM_END_RESP_START
023 0 0189797468 LICK
023 0 0189797952 TIMEOUT_START
023 0 0189988428 LICK
023 0 0189988920 TIMEOUT_START
023 0 0190165848 LICK
023 0 0190166336 TIMEOUT_START
023 0 0190305516 LICK
023 0 0190306000 TIMEOUT_START
023 0 0190918184 RESP_END
023 0 0197306508 TIMEOUT_END
024 1 0199329636 STIM_START
024 1 0200428284 STIM_END_RESP_START
024 1 0200548516 LICK
024 1 0200549000 REWARD_START
024 1 0200658208 LICK
024 1 0200780896 LICK
024 1 0200885920 LICK
024 1 0201020852 LICK
024 1 0201144524 LICK
024 1 0201260652 LICK
024 1 0201386604 LICK
024 1 0201494316 LICK
024 1 0201628312 RESP_END
024 1 0200579512 REWARD_END
025 1 0205191552 STIM_START
025 1 0205518320 LICK
025 1 0205650112 LICK
025 1 0205820132 LICK
025 1 0206181156 LICK
025 1 0206290208 STIM_END_RESP_START
025 1 0206308992 LICK
025 1 0206309480 REWARD_START
025 1 0206506156 LICK
025 1 0206763292 LICK
025 1 0206868428 LICK
025 1 0207010108 LICK
025 1 0207146948 LICK
025 1 0207267668 LICK
025 1 0207391916 LICK
025 1 0207490248 RESP_END
025 1 0206339988 REWARD_END
026 1 0209992812 STIM_START
026 1 0210549164 LICK
026 1 0210663712 LICK
026 1 0210851640 LICK
026 1 0211091468 STIM_END_RESP_START
026 1 0211207112 LICK
026 1 0211207600 REWARD_START
026 1 0211424616 LICK
026 1 0211551932 LICK
026 1 0211648904 LICK
026 1 0211807212 LICK
026 1 0211940412 LICK
026 1 0212058428 LICK
026 1 0212291508 RESP_END
026 1 0211238092 REWARD_END
027 0 0214036944 STIM_START
027 0 0215135592 STIM_END_RESP_START
027 0 0215635720 LICK
027 0 0215636208 TIMEOUT_START
027 0 0215777540 LICK
027 0 0215778024 TIMEOUT_START
027 0 0215933640 LICK
027 0 0215934132 TIMEOUT_START
027 0 0216088900 LICK
027 0 0216089384 TIMEOUT_START
027 0 0216335632 RESP_END
027 0 0223089888 TIMEOUT_END
028 0 0226032540 STIM_START
028 0 0227131188 STIM_END_RESP_START
028 0 0228331232 RESP_END
029 1 0229979748 STIM_START
029 1 0231078396 STIM_END_RESP_START
029 1 0232213272 LICK
029 1 0232213764 REWARD_START
029 1 0232278416 RESP_END
029 1 0232244260 REWARD_END
030 1 0237155132 STIM_START
030 1 0238253784 STIM_END_RESP_START
030 1 0239453828 RESP_END
031 0 0246971332 STIM_START
031 0 0248069984 STIM_END_RESP_START
031 0 0248669692 LICK
031 0 0248670176 TIMEOUT_START
031 0 0248825128 LICK
031 0 0248825612 TIMEOUT_START
031 0 0249046156 LICK
031 0 0249046640 TIMEOUT_START
031 0 0249270020 RESP_END
031 0 0256047148 TIMEOUT_END
032 0 0257812308 STIM_START
032 0 0258910956 STIM_END_RESP_START
032 0 0260111000 RESP_END
033 0 0263622304 STIM_START
033 0 0264720952 STIM_END_RESP_START
033 0 0265920996 RESP_END
034 1 0267853332 STIM_START
034 1 0268291016 LICK
034 1 0268450692 LICK
034 1 0268610436 LICK
034 1 0268780116 LICK
034 1 0268951960 STIM_END_RESP_START
034 1 0269206092 LICK
034 1 0269206584 REWARD_START
034 1 0269491372 LICK
034 1 0269627384 LICK
034 1 0269727056 LICK
034 1 0269851060 LICK
034 1 0269981380 LICK
034 1 0270106980 LICK
034 1 0270151980 RESP_END
034 1 0269237088 REWARD_END
035 1 0280479068 STIM_START
035 1 0281577720 STIM_END_RESP_START
035 1 0282517440 LICK
035 1 0282517932 REWARD_START
035 1 0282624928 LICK
035 1 0282776292 LICK
035 1 0282777752 RESP_END
035 1 0282548428 REWARD_END
036 1 0288121884 STIM_START
036 1 0289047028 LICK
036 1 0289167636 LICK
036 1 0289220512 STIM_END_RESP_START
036 1 0289343744 LICK
036 1 0289344228 REWARD_START
036 1 0289432084 LICK
036 1 0289611528 LICK
036 1 0289728728 LICK
036 1 0289921460 LICK
036 1 0290056440 LICK
036 1 0290420544 RESP_END
036 1 0289374740 REWARD_END
037 0 0292361780 STIM_START
037 0 0292921248 LICK
037 0 0293036628 LICK
037 0 0293186280 LICK
037 0 0293460404 STIM_END_RESP_START
037 0 0293530592 LICK
037 0 0293531084 TIMEOUT_START
037 0 0293698124 LICK
037 0 0293698612 TIMEOUT_START
037 0 0293878192 LICK
037 0 0293878676 TIMEOUT_START
037 0 0294143628 LICK
037 0 0294144120 TIMEOUT_START
037 0 0294548260 LICK
037 0 0294548748 TIMEOUT_START
037 0 0294660416 RESP_END
037 0 0301549256 TIMEOUT_END
038 1 0303369540 STIM_START
038 1 0303736828 LICK
038 1 0304155032 LICK
038 1 0304429848 LICK
038 1 0304468200 STIM_END_RESP_START
038 1 0304580452 LICK
038 1 0304580944 REWARD_START
038 1 0304794112 LICK
038 1 0304895524 LICK
038 1 0304995840 LICK
038 1 0305132260 LICK
038 1 0305253272 LICK
038 1 0305376352 LICK
038 1 0305504768 LICK
038 1 0305635504 LICK
038 1 0305668208 RESP_END
038 1 0304611444 REWARD_END
039 1 0312160940 STIM_START
039 1 0313259588 STIM_END_RESP_START
039 1 0314170488 LICK
039 1 0314170972 REWARD_START
039 1 0314292888 LICK
039 1 0314441480 LICK
039 1 0314459616 RESP_END
039 1 0314201488 REWARD_END
040 1 0319992568 STIM_START
040 1 0320269812 LICK
040 1 0320394544 LICK
040 1 0320559900 LICK
040 1 0320921476 LICK
040 1 0321091212 STIM_END_RESP_START
040 1 0321110884 LICK
040 1 0321111376 REWARD_START
040 1 0321203348 LICK
040 1 0321576336 LICK
040 1 0321751024 LICK
040 1 0321864944 LICK
040 1 0322015972 LICK
040 1 0322149204 LICK
040 1 0322261624 LICK
040 1 0322291232 RESP_END
040 1 0321141872 REWARD_END
041 0 0325788556 STIM_START
041 0 0326241132 LICK
041 0 0326391168 LICK
041 0 0326873436 LICK
041 0 0326887192 STIM_END_RESP_START
041 0 0326993704 LICK
041 0 0326994196 TIMEOUT_START
041 0 0327169204 LICK
041 0 0327169688 TIMEOUT_START
041 0 0327351000 LICK
041 0 0327351492 TIMEOUT_START
041 0 0327480272 LICK
041 0 0327480764 TIMEOUT_START
041 0 0328087216 RESP_END
041 0 0334481268 TIMEOUT_END
042 0 0336091212 STIM_START
042 0 0337189852 STIM_END_RESP_START
042 0 0338255708 LICK
042 0 0338256196 TIMEOUT_START
042 0 0338371632 LICK
042 0 0338372116 TIMEOUT_START
042 0 0338389880 RESP_END
042 0 0345372616 TIMEOUT_END
043 1 0348231616 STIM_START
043 1 0349034192 LICK
043 1 0349180156 LICK
043 1 0349330268 STIM_END_RESP_START
043 1 0349561880 LICK
043 1 0349562368 REWARD_START
043 1 0349745060 LICK
043 1 0350094736 LICK
043 1 0350213560 LICK
043 1 0350338260 LICK
043 1 0350461924 LICK
043 1 0350530304 RESP_END
043 1 0349592864 REWARD_END
044 0 0356710428 STIM_START
044 0 0357809068 STIM_END_RESP_START
044 0 0359009112 RESP_END
045 0 0362923928 STIM_START
045 0 0364022580 STIM_END_RESP_START
045 0 0364886172 LICK
045 0 0364886656 TIMEOUT_START
045 0 0365023596 LICK
045 0 0365024080 TIMEOUT_START
045 0 0365200036 LICK
045 0 0365200524 TIMEOUT_START
045 0 0365222612 RESP_END
045 0 0372201032 TIMEOUT_END
046 1 0373838788 STIM_START
046 1 0374937440 STIM_END_RESP_START
046 1 0375971764 LICK
046 1 0375972256 REWARD_START
046 1 0376100216 LICK
046 1 0376137456 RESP_END
046 1 0376002756 REWARD_END
047 0 0380333064 STIM_START
047 0 0380736380 LICK
047 0 0380877784 LICK
047 0 0381194852 LICK
047 0 0381384308 LICK
047 0 0381431700 STIM_END_RESP_START
047 0 0381601580 LICK
047 0 0381602072 TIMEOUT_START
047 0 0381782516 LICK
047 0 0381783000 TIMEOUT_START
047 0 0381876632 LICK
047 0 0381877116 TIMEOUT_START
047 0 0382130612 LICK
047 0 0382131096 TIMEOUT_START
047 0 0382272664 LICK
047 0 0382273148 TIMEOUT_START
047 0 0382631736 RESP_END
047 0 0389273656 TIMEOUT_END
048 0 0392990760 STIM_START
048 0 0394089404 STIM_END_RESP_START
048 0 0394851972 LICK
048 0 0394852464 TIMEOUT_START
048 0 0395046712 LICK
048 0 0395047204 TIMEOUT_START
048 0 0395289440 RESP_END
048 0 0402047700 TIMEOUT_END
049 0 0403963612 STIM_START
049 0 0404264984 LICK
049 0 0404635676 LICK
049 0 0405062260 STIM_END_RESP_START
049 0 0406262304 RESP_END
050 1 0408248416 STIM_START
050 1 0409347060 STIM_END_RESP_START
050 1 0410498176 LICK
050 1 0410498660 REWARD_START
050 1 0410547084 RESP_END
050 1 0410529172 REWARD_END
051 1 0417318532 STIM_START
051 1 0417751820 LICK
051 1 0417861688 LICK
051 1 0418024588 LICK
051 1 0418201760 LICK
051 1 0418417164 STIM_END_RESP_START
051 1 0418432808 LICK
051 1 0418433296 REWARD_START
051 1 0418689680 LICK
051 1 0418921376 LICK
051 1 0419040844 LICK
051 1 0419173288 LICK
051 1 0419294836 LICK
051 1 0419428756 LICK
051 1 0419563020 LICK
051 1 0419617200 RESP_END
051 1 0418463792 REWARD_END
052 0 0423381248 STIM_START
052 0 0423661176 LICK
052 0 0423790996 LICK
052 0 0424006404 LICK
052 0 0424183588 LICK
052 0 0424479908 STIM_END_RESP_START
052 0 0424560308 LICK
052 0 0424560796 TIMEOUT_START
052 0 0424783372 LICK
052 0 0424783856 TIMEOUT_START
052 0 0425010968 LICK
052 0 0425011456 TIMEOUT_START
052 0 0425679928 RESP_END
052 0 0432011948 TIMEOUT_END
053 0 0434073408 STIM_START
053 0 0434691536 LICK
053 0 0434839212 LICK
053 0 0435044636 LICK
053 0 0435172072 STIM_END_RESP_START
053 0 0435238284 LICK
053 0 0435238768 TIMEOUT_START
053 0 0435418556 LICK
053 0 0435419036 TIMEOUT_START
053 0 0435570184 LICK
053 0 0435570668 TIMEOUT_START
053 0 0436372112 RESP_END
053 0 0442571168 TIMEOUT_END
054 1 0446736200 STIM_START
054 1 0447834848 STIM_END_RESP_START
054 1 0448607860 LICK
054 1 0448608352 REWARD_START
054 1 0448812356 LICK
054 1 0448907936 LICK
054 1 0449010480 LICK
054 1 0449034876 RESP_END
054 1 0448638856 REWARD_END
055 0 0454327068 STIM_START
055 0 0455425724 STIM_END_RESP_START
055 0 0456113220 LICK
055 0 0456113708 TIMEOUT_START
055 0 0456215612 LICK
055 0 0456216096 TIMEOUT_START
055 0 0456359576 LICK
055 0 0456360068 TIMEOUT_START
055 0 0456625740 RESP_END
055 0 0463360560 TIMEOUT_END
056 0 0465419748 STIM_START
056 0 0466054740 LICK
056 0 0466244928 LICK
056 0 0466386044 LICK
056 0 0466518396 STIM_END_RESP_START
056 0 0466560208 LICK
056 0 0466560692 TIMEOUT_START
056 0 0466727344 LICK
056 0 0466727832 TIMEOUT_START
056 0 0467138980 LICK
056 0 0467139464 TIMEOUT_START
056 0 0467328964 LICK
056 0 0467329452 TIMEOUT_START
056 0 0467718436 RESP_END
056 0 0474329952 TIMEOUT_END
057 0 0476009000 STIM_START
057 0 0476730024 LICK
057 0 0476880416 LICK
057 0 0477067984 LICK
057 0 0477107640 STIM_END_RESP_START
057 0 0477239324 LICK
057 0 0477239808 TIMEOUT_START
057 0 0477604684 LICK
057 0 0477605172 TIMEOUT_START
057 0 0477889288 LICK
057 0 0477889776 TIMEOUT_START
057 0 0478078264 LICK
057 0 0478078752 TIMEOUT_START
057 0 0478307684 RESP_END
057 0 0485079260 TIMEOUT_END
058 1 0489240048 STIM_START
058 1 0490338700 STIM_END_RESP_START
058 1 0490869284 LICK
058 1 0490869776 REWARD_START
058 1 0491091192 LICK
058 1 0491193932 LICK
058 1 0491299440 LICK
058 1 0491420244 LICK
058 1 0491538748 RESP_END
058 1 0490900284 REWARD_END
059 0 0496772032 STIM_START
059 0 0497870684 STIM_END_RESP_START
059 0 0498548344 LICK
059 0 0498548836 TIMEOUT_START
059 0 0498657060 LICK
059 0 0498657552 TIMEOUT_START
059 0 0499038524 LICK
059 0 0499039012 TIMEOUT_START
059 0 0499070708 RESP_END
059 0 0506039524 TIMEOUT_END
060 0 0507803792 STIM_START
060 0 0508335096 LICK
060 0 0508507296 LICK
060 0 0508640100 LICK
060 0 0508902444 STIM_END_RESP_START
060 0 0509029992 LICK
060 0 0509030484 TIMEOUT_START
060 0 0510102460 RESP_END
060 0 0516030988 TIMEOUT_END
061 0 0517781776 STIM_START
061 0 0518880424 STIM_END_RESP_START
061 0 0520080468 RESP_END
062 1 0525916936 STIM_START
062 1 0527015588 STIM_END_RESP_START
062 1 0528215628 RESP_END
063 0 0529937156 STIM_START
063 0 0530267504 LICK
063 0 0530554384 LICK
063 0 0530687652 LICK
063 0 0530853724 LICK
063 0 0530982116 LICK
063 0 0531035800 STIM_END_RESP_START
063 0 0531224348 LICK
063 0 0531224840 TIMEOUT_START
063 0 0532235844 RESP_END
063 0 0538225340 TIMEOUT_END
064 1 0541647064 STIM_START
064 1 0542745716 STIM_END_RESP_START
064 1 0543945756 RESP_END
065 0 0547781712 STIM_START
065 0 0548880356 STIM_END_RESP_START
065 0 0550014200 LICK
065 0 0550014684 TIMEOUT_START
065 0 0550080392 RESP_END
065 0 0557015204 TIMEOUT_END
066 1 0559848176 STIM_START
066 1 0560946824 STIM_END_RESP_START
066 1 0562146872 RESP_END
067 0 0563764488 STIM_START
067 0 0564124576 LICK
067 0 0564248300 LICK
067 0 0564439924 LICK
067 0 0564595000 LICK
067 0 0564795428 LICK
067 0 0564863116 STIM_END_RESP_START
067 0 0564973320 LICK
067 0 0564973812 TIMEOUT_START
067 0 0565488860 LICK
067 0 0565489344 TIMEOUT_START
067 0 0565705400 LICK
067 0 0565705892 TIMEOUT_START
067 0 0566063136 RESP_END
067 0 0572706384 TIMEOUT_END
068 0 0574669348 STIM_START
068 0 0575768000 STIM_END_RESP_START
068 0 0576968044 RESP_END
069 0 0579224856 STIM_START
069 0 0580323504 STIM_END_RESP_START
069 0 0581523548 RESP_END
070 1 0583973144 STIM_START
070 1 0585071796 STIM_END_RESP_START
070 1 0585238728 LICK
070 1 0585239212 REWARD_START
070 1 0585458592 LICK
070 1 0585557392 LICK
070 1 0585676860 LICK
070 1 0585794876 LICK
070 1 0585917472 LICK
070 1 0586041968 LICK
070 1 0586164396 LICK
070 1 0586271828 RESP_END
070 1 0585269728 REWARD_END
071 0 0590096832 STIM_START
071 0 0590964884 LICK
071 0 0591126360 LICK
071 0 0591195488 STIM_END_RESP_START
071 0 0591348380 LICK
071 0 0591348872 TIMEOUT_START
071 0 0591489312 LICK
071 0 0591489796 TIMEOUT_START
071 0 0591666276 LICK
071 0 0591666760 TIMEOUT_START
071 0 0591845364 LICK
071 0 0591845856 TIMEOUT_START
071 0 0592395516 RESP_END
071 0 0598846352 TIMEOUT_END
072 1 0603185072 STIM_START
072 1 0603677280 LICK
072 1 0603829284 LICK
072 1 0604283728 STIM_END_RESP_START
072 1 0605483772 RESP_END
073 1 0609784112 STIM_START
073 1 0610605120 LICK
073 1 0610782196 LICK
073 1 0610882744 STIM_END_RESP_START
073 1 0610973688 LICK
073 1 0610974180 REWARD_START
073 1 0611317740 LICK
073 1 0611470660 LICK
073 1 0611573944 LICK
073 1 0611698940 LICK
073 1 0611823788 LICK
073 1 0611948748 LICK
073 1 0612075964 LICK
073 1 0612082784 RESP_END
073 1 0611004680 REWARD_END
074 0 0617604712 STIM_START
074 0 0617984132 LICK
074 0 0618137812 LICK
074 0 0618500880 LICK
074 0 0618703348 STIM_END_RESP_START
074 0 0618714448 LICK
074 0 0618714940 TIMEOUT_START
074 0 0618906984 LICK
074 0 0618907468 TIMEOUT_START
074 0 0619064844 LICK
074 0 0619065332 TIMEOUT_START
074 0 0619435544 LICK
074 0 0619436028 TIMEOUT_START
074 0 0619903388 RESP_END
074 0 0626436540 TIMEOUT_END
075 0 0628144088 STIM_START
075 0 0628850112 LICK
075 0 0629052848 LICK
075 0 0629198896 LICK
075 0 0629242720 STIM_END_RESP_START
075 0 0629550436 LICK
075 0 0629550920 TIMEOUT_START
075 0 0629919608 LICK
075 0 0629920100 TIMEOUT_START
075 0 0630442744 RESP_END
075 0 0636920604 TIMEOUT_END
076 0 0638789288 STIM_START
076 0 0639252712 LICK
076 0 0639400512 LICK
076 0 0639555256 LICK
076 0 0639726008 LICK
076 0 0639887944 STIM_END_RESP_START
076 0 0640161828 LICK
076 0 0640162312 TIMEOUT_START
076 0 0640331916 LICK
076 0 0640332400 TIMEOUT_START
076 0 0640518700 LICK
076 0 0640519188 TIMEOUT_START
076 0 0641087984 RESP_END
076 0 0647519684 TIMEOUT_END
077 1 0649260692 STIM_START
077 1 0650359344 STIM_END_RESP_START
077 1 0650754292 LICK
077 1 0650754776 REWARD_START
077 1 0650955188 LICK
077 1 0651070640 LICK
077 1 0651168600 LICK
077 1 0651303724 LICK
077 1 0651426636 LICK
077 1 0651549832 LICK
077 1 0651559360 RESP_END
077 1 0650785292 REWARD_END
078 0 0654737108 STIM_START
078 0 0655163808 LICK
078 0 0655286440 LICK
078 0 0655518696 LICK
078 0 0655649840 LICK
078 0 0655835748 STIM_END_RESP_START
078 0 0655844460 LICK
078 0 0655844940 TIMEOUT_START
078 0 0656167716 LICK
078 0 0656168204 TIMEOUT_START
078 0 0656362752 LICK
078 0 0656363236 TIMEOUT_START
078 0 0656543804 LICK
078 0 0656544288 TIMEOUT_START
078 0 0656758732 LICK
078 0 0656759220 TIMEOUT_START
078 0 0657035768 RESP_END
078 0 0663759724 TIMEOUT_END
079 1 0665502172 STIM_START
079 1 0666033820 LICK
079 1 0666389832 LICK
079 1 0666586004 LICK
079 1 0666600836 STIM_END_RESP_START
079 1 0666714592 LICK
079 1 0666715076 REWARD_START
079 1 0667800880 RESP_END
079 1 0666745592 REWARD_END
080 0 0669511360 STIM_START
080 0 0670610016 STIM_END_RESP_START
080 0 0670622404 LICK
080 0 0670622896 TIMEOUT_START
080 0 0670727724 LICK
080 0 0670728216 TIMEOUT_START
080 0 0670820420 LICK
080 0 0670820908 TIMEOUT_START
080 0 0670944696 LICK
080 0 0670945180 TIMEOUT_START
080 0 0671067496 LICK
080 0 0671067984 TIMEOUT_START
080 0 0671179892 LICK
080 0 0671180376 TIMEOUT_START
080 0 0671303548 LICK
080 0 0671304040 TIMEOUT_START
080 0 0671422324 LICK
080 0 0671422816 TIMEOUT_START
080 0 0671572504 LICK
080 0 0671572988 TIMEOUT_START
080 0 0671685012 LICK
080 0 0671685496 TIMEOUT_START
080 0 0671810056 RESP_END
080 0 0678686012 TIMEOUT_END
081 0 0680678992 STIM_START
081 0 0681000180 LICK
081 0 0681195516 LICK
081 0 0681332796 LICK
081 0 0681534640 LICK
081 0 0681777624 STIM_END_RESP_START
081 0 0681867372 LICK
081 0 0681867856 TIMEOUT_START
081 0 0681982056 LICK
081 0 0681982540 TIMEOUT_START
081 0 0682210208 LICK
081 0 0682210696 TIMEOUT_START
081 0 0682383572 LICK
081 0 0682384060 TIMEOUT_START
081 0 0682576180 LICK
081 0 0682576664 TIMEOUT_START
081 0 0682977664 RESP_END
081 0 0689577160 TIMEOUT_END
082 0 0691403044 STIM_START
082 0 0692501692 STIM_END_RESP_START
082 0 0692686356 LICK
082 0 0692686840 TIMEOUT_START
082 0 0692819532 LICK
082 0 0692820020 TIMEOUT_START
082 0 0693020540 LICK
082 0 0693021032 TIMEOUT_START
082 0 0693195584 LICK
082 0 0693196076 TIMEOUT_START
082 0 0693515560 LICK
082 0 0693516044 TIMEOUT_START
082 0 0693701728 RESP_END
082 0 0700516548 TIMEOUT_END
083 1 0702465732 STIM_START
083 1 0703564384 STIM_END_RESP_START
083 1 0704764428 RESP_END
084 1 0706642700 STIM_START
084 1 0706980700 LICK
084 1 0707135064 LICK
084 1 0707294144 LICK
084 1 0707625052 LICK
084 1 0707741328 STIM_END_RESP_START
084 1 0707955788 LICK
084 1 0707956272 REWARD_START
084 1 0708149152 LICK
084 1 0708271276 LICK
084 1 0708377344 LICK
084 1 0708542676 LICK
084 1 0708674464 LICK
084 1 0708805044 LICK
084 1 0708941376 RESP_END
084 1 0707986784 REWARD_END
085 0 0711083356 STIM_START
085 0 0711952932 LICK
085 0 0712123820 LICK
085 0 0712181988 STIM_END_RESP_START
085 0 0712295300 LICK
085 0 0712295792 TIMEOUT_START
085 0 0712500328 LICK
085 0 0712500812 TIMEOUT_START
085 0 0712642820 LICK
085 0 0712643304 TIMEOUT_START
085 0 0713382000 RESP_END
085 0 0719643812 TIMEOUT_END
086 0 0721950296 STIM_START
086 0 0723048948 STIM_END_RESP_START
086 0 0724248992 RESP_END
087 0 0725997428 STIM_START
087 0 0727096084 STIM_END_RESP_START
087 0 0727098060 LICK
087 0 0727098560 TIMEOUT_START
087 0 0727285884 LICK
087 0 0727286368 TIMEOUT_START
087 0 0727444904 LICK
087 0 0727445388 TIMEOUT_START
087 0 0727655288 LICK
087 0 0727655776 TIMEOUT_START
087 0 0727849256 LICK
087 0 0727849740 TIMEOUT_START
087 0 0728276420 LICK
087 0 0728276904 TIMEOUT_START
087 0 0728296108 RESP_END
087 0 0735277424 TIMEOUT_END
088 1 0737238904 STIM_START
088 1 0738337556 STIM_END_RESP_START
088 1 0739537600 RESP_END
089 0 0742463604 STIM_START
089 0 0743562256 STIM_END_RESP_START
089 0 0744762292 RESP_END
090 0 0746840348 STIM_START
090 0 0747315880 LICK
090 0 0747505468 LICK
090 0 0747649800 LICK
090 0 0747858392 LICK
090 0 0747939004 STIM_END_RESP_START
090 0 0748000636 LICK
090 0 0748001120 TIMEOUT_START
090 0 0748204552 LICK
090 0 0748205040 TIMEOUT_START
090 0 0748380352 LICK
090 0 0748380840 TIMEOUT_START
090 0 0749139036 RESP_END
090 0 0755381344 TIMEOUT_END
091 1 0757230836 STIM_START
091 1 0757884176 LICK
091 1 0758015188 LICK
091 1 0758254064 LICK
091 1 0758329492 STIM_END_RESP_START
091 1 0758488128 LICK
091 1 0758488616 REWARD_START
091 1 0758695916 LICK
091 1 0758802336 LICK
091 1 0758916720 LICK
091 1 0759057388 LICK
091 1 0759191984 LICK
091 1 0759316500 LICK
091 1 0759425768 LICK
091 1 0759529512 RESP_END
091 1 0758519112 REWARD_END
092 1 0761179128 STIM_START
092 1 0762169156 LICK
092 1 0762277764 STIM_END_RESP_START
092 1 0762418236 LICK
092 1 0762418720 REWARD_START
092 1 0762586352 LICK
092 1 0762703816 LICK
092 1 0762812256 LICK
092 1 0763111132 LICK
092 1 0763217008 LICK
092 1 0763477788 RESP_END
092 1 0762449220 REWARD_END
093 1 0766744452 STIM_START
093 1 0767843104 STIM_END_RESP_START
093 1 0768661916 LICK
093 1 0768662400 REWARD_START
093 1 0768787012 LICK
093 1 0768921556 LICK
093 1 0769019896 LICK
093 1 0769043124 RESP_END
093 1 0768692912 REWARD_END
094 0 0772698316 STIM_START
094 0 0773796972 STIM_END_RESP_START
094 0 0774997016 RESP_END
095 1 0777057024 STIM_START
095 1 0777327992 LICK
095 1 0777479832 LICK
095 1 0777647736 LICK
095 1 0777901284 LICK
095 1 0778043052 LICK
095 1 0778155648 STIM_END_RESP_START
095 1 0778242064 LICK
095 1 0778242544 REWARD_START
095 1 0778365864 LICK
095 1 0778617836 LICK
095 1 0778766956 LICK
095 1 0778864716 LICK
095 1 0779009648 LICK
095 1 0779137568 LICK
095 1 0779271792 LICK
095 1 0779355672 RESP_END
095 1 0778273040 REWARD_END
096 0 0784992516 STIM_START
096 0 0786091172 STIM_END_RESP_START
096 0 0787291216 RESP_END
097 1 0789001684 STIM_START
097 1 0789544904 LICK
097 1 0789771012 LICK
097 1 0789910552 LICK
097 1 0790100316 STIM_END_RESP_START
097 1 0790268888 LICK
097 1 0790269380 REWARD_START
097 1 0790429524 LICK
097 1 0790576828 LICK
097 1 0790667048 LICK
097 1 0790804576 LICK
097 1 0790933372 LICK
097 1 0791057320 LICK
097 1 0791300332 RESP_END
097 1 0790299880 REWARD_END
098 0 0793579140 STIM_START
098 0 0794677796 STIM_END_RESP_START
098 0 0795877840 RESP_END
099 1 0797614340 STIM_START
099 1 0797911480 LICK
099 1 0798096364 LICK
099 1 0798277860 LICK
099 1 0798426860 LICK
099 1 0798617128 LICK
099 1 0798712980 STIM_END_RESP_START
099 1 0798736884 LICK
099 1 0798737372 REWARD_START
099 1 0799913000 RESP_END
099 1 0798767884 REWARD_END
100 0 0803924704 STIM_START
100 0 0805023352 STIM_END_RESP_START
100 0 0806223396 RESP_END
101 0 0808077744 STIM_START
101 0 0808669892 LICK
101 0 0808774412 LICK
101 0 0809140796 LICK
101 0 0809176380 STIM_END_RESP_START
101 0 0809295832 LICK
101 0 0809296324 TIMEOUT_START
101 0 0809499580 LICK
101 0 0809500072 TIMEOUT_START
101 0 0809578800 LICK
101 0 0809579284 TIMEOUT_START
101 0 0809776420 LICK
101 0 0809776904 TIMEOUT_START
101 0 0809925308 LICK
101 0 0809925800 TIMEOUT_START
101 0 0810134480 LICK
101 0 0810134972 TIMEOUT_START
101 0 0810376408 RESP_END
101 0 0817135472 TIMEOUT_END
102 0 0819331172 STIM_START
102 0 0820429816 STIM_END_RESP_START
102 0 0821629856 RESP_END
103 1 0826278872 STIM_START
103 1 0827377524 STIM_END_RESP_START
103 1 0827563264 LICK
103 1 0827563752 REWARD_START
103 1 0827755836 LICK
103 1 0828577564 RESP_END
103 1 0827594264 REWARD_END
104 0 0834319156 STIM_START
104 0 0835417808 STIM_END_RESP_START
104 0 0836617852 RESP_END
105 0 0838689944 STIM_START
105 0 0839007008 LICK
105 0 0839180896 LICK
105 0 0839363188 LICK
105 0 0839534936 LICK
105 0 0839633712 LICK
105 0 0839788580 STIM_END_RESP_START
105 0 0839870968 LICK
105 0 0839871452 TIMEOUT_START
105 0 0840085524 LICK
105 0 0840086008 TIMEOUT_START
105 0 0840337480 LICK
105 0 0840337964 TIMEOUT_START
105 0 0840585780 LICK
105 0 0840586268 TIMEOUT_START
105 0 0840785372 LICK
105 0 0840785856 TIMEOUT_START
105 0 0840974952 LICK
105 0 0840975440 TIMEOUT_START
105 0 0840988608 RESP_END
105 0 0847975940 TIMEOUT_END
106 1 0851094020 STIM_START
106 1 0852192676 STIM_END_RESP_START
106 1 0853154392 LICK
106 1 0853154884 REWARD_START
106 1 0853241984 LICK
106 1 0853392688 RESP_END
106 1 0853185392 REWARD_END
107 1 0858733832 STIM_START
107 1 0859832480 STIM_END_RESP_START
107 1 0860287040 LICK
107 1 0860287524 REWARD_START
107 1 0860427204 LICK
107 1 0860590096 LICK
107 1 0860684880 LICK
107 1 0860828116 LICK
107 1 0860949112 LICK
107 1 0861032520 RESP_END
107 1 0860318020 REWARD_END
108 1 0865008312 STIM_START
108 1 0865462500 LICK
108 1 0865615532 LICK
108 1 0865957552 LICK
108 1 0866106936 STIM_END_RESP_START
108 1 0866141764 LICK
108 1 0866142252 REWARD_START
108 1 0866318584 LICK
108 1 0866461772 LICK
108 1 0866563400 LICK
108 1 0866693292 LICK
108 1 0866852168 LICK
108 1 0866982104 LICK
108 1 0867088400 LICK
108 1 0867231992 LICK
108 1 0867306952 RESP_END
108 1 0866172760 REWARD_END
109 0 0874481872 STIM_START
109 0 0875580524 STIM_END_RESP_START
109 0 0876780568 RESP_END
110 1 0878849616 STIM_START
110 1 0879355444 LICK
110 1 0879588984 LICK
110 1 0879948252 STIM_END_RESP_START
110 1 0879979780 LICK
110 1 0879980268 REWARD_START
110 1 0880205048 LICK
110 1 0880347240 LICK
110 1 0880479556 LICK
110 1 0880653824 LICK
110 1 0880757588 LICK
110 1 0880891016 LICK
110 1 0881040928 LICK
110 1 0881148292 RESP_END
110 1 0880010784 REWARD_END
111 0 0882898796 STIM_START
111 0 0883997448 STIM_END_RESP_START
111 0 0885197496 RESP_END
112 1 0891386572 STIM_START
112 1 0892485220 STIM_END_RESP_START
112 1 0893685264 RESP_END
113 0 0895320824 STIM_START
113 0 0895784000 LICK
113 0 0895979232 LICK
113 0 0896142288 LICK
113 0 0896332416 LICK
113 0 0896419456 STIM_END_RESP_START
113 0 0896523016 LICK
113 0 0896523508 TIMEOUT_START
113 0 0896680312 LICK
113 0 0896680796 TIMEOUT_START
113 0 0896835676 LICK
113 0 0896836160 TIMEOUT_START
113 0 0897182408 LICK
113 0 0897182900 TIMEOUT_START
113 0 0897379040 LICK
113 0 0897379532 TIMEOUT_START
113 0 0897619496 RESP_END
113 0 0904380032 TIMEOUT_END
114 1 0907865744 STIM_START
114 1 0908964396 STIM_END_RESP_START
114 1 0910164440 RESP_END
115 0 0914990176 STIM_START
115 0 0916088824 STIM_END_RESP_START
115 0 0917288868 RESP_END
116 0 0922999576 STIM_START
116 0 0924098228 STIM_END_RESP_START
116 0 0925298272 RESP_END
117 1 0927286396 STIM_START
117 1 0927574300 LICK
117 1 0927750320 LICK
117 1 0927972384 LICK
117 1 0928094392 LICK
117 1 0928261000 LICK
117 1 0928385044 STIM_END_RESP_START
117 1 0928434660 LICK
117 1 0928435144 REWARD_START
117 1 0928639336 LICK
117 1 0928929240 LICK
117 1 0929070380 LICK
117 1 0929174980 LICK
117 1 0929323520 LICK
117 1 0929436608 LICK
117 1 0929573580 LICK
117 1 0929585084 RESP_END
117 1 0928465660 REWARD_END
118 0 0933309176 STIM_START
118 0 0934407836 STIM_END_RESP_START
118 0 0935607880 RESP_END
119 1 0937581056 STIM_START
119 1 0937787644 LICK
119 1 0937921788 LICK
119 1 0938091528 LICK
119 1 0938193184 LICK
119 1 0938554616 LICK
119 1 0938679700 STIM_END_RESP_START
119 1 0939059444 LICK
119 1 0939059928 REWARD_START
119 1 0939204968 LICK
119 1 0939307520 LICK
119 1 0939486948 LICK
119 1 0939602356 LICK
119 1 0939720132 LICK
119 1 0939819936 LICK
119 1 0939879708 RESP_END
119 1 0939090444 REWARD_END
120 0 0946910788 STIM_START
120 0 0948009436 STIM_END_RESP_START
120 0 0949209484 RESP_END
121 1 0953762556 STIM_START
121 1 0954595920 LICK
121 1 0954861192 STIM_END_RESP_START
121 1 0955016112 LICK
121 1 0955016604 REWARD_START
121 1 0955309456 LICK
121 1 0955719244 LICK
121 1 0956061240 RESP_END
121 1 0955047100 REWARD_END
122 1 0961718992 STIM_START
122 1 0962817644 STIM_END_RESP_START
122 1 0964017688 RESP_END
123 0 0969222972 STIM_START
123 0 0970321624 STIM_END_RESP_START
123 0 0971484520 LICK
123 0 0971485008 TIMEOUT_START
123 0 0971521664 RESP_END
123 0 0978485516 TIMEOUT_END
124 0 0980514428 STIM_START
124 0 0981613080 STIM_END_RESP_START
124 0 0982813128 RESP_END
125 0 0987448108 STIM_START
125 0 0988546760 STIM_END_RESP_START
125 0 0989716820 LICK
125 0 0989717304 TIMEOUT_START
125 0 0989746788 RESP_END
125 0 0996717808 TIMEOUT_END
126 1 1002760692 STIM_START
126 1 1003859324 STIM_END_RESP_START
126 1 1005059344 RESP_END
127 1 1007095464 STIM_START
127 1 1008194132 STIM_END_RESP_START
127 1 1009394156 RESP_END
128 1 1011309376 STIM_START
128 1 1012408004 STIM_END_RESP_START
128 1 1013608028 RESP_END
129 0 1015466392 STIM_START
129 0 1016565020 STIM_END_RESP_START
129 0 1017765048 RESP_END
130 1 1019701308 STIM_START
130 1 1020799972 STIM_END_RESP_START
130 1 1022000000 RESP_END
131 0 1023740432 STIM_START
131 0 1024839064 STIM_END_RESP_START
131 0 1026039088 RESP_END
132 1 1027717676 STIM_START
132 1 1028816344 STIM_END_RESP_START
132 1 1030016364 RESP_END
133 1 1032094440 STIM_START
133 1 1033193068 STIM_END_RESP_START
133 1 1034393096 RESP_END
134 0 1036292352 STIM_START
134 0 1036841524 LICK
134 0 1036991704 LICK
134 0 1037125844 LICK
134 0 1037286116 LICK
134 0 1037391004 STIM_END_RESP_START
134 0 1037756572 LICK
134 0 1037757104 TIMEOUT_START
134 0 1037892184 LICK
134 0 1037892724 TIMEOUT_START
134 0 1038076692 LICK
134 0 1038077232 TIMEOUT_START
134 0 1038322972 LICK
134 0 1038323504 TIMEOUT_START
134 0 1038591012 RESP_END
134 0 1045324076 TIMEOUT_END
135 1 1047393000 STIM_START
135 1 1048491668 STIM_END_RESP_START
135 1 1049691692 RESP_END
136 0 1051680836 STIM_START
136 0 1052029976 LICK
136 0 1052192908 LICK
136 0 1052382452 LICK
136 0 1052532604 LICK
136 0 1052702900 LICK
136 0 1052779464 STIM_END_RESP_START
136 0 1052834208 LICK
136 0 1052834736 TIMEOUT_START
136 0 1053066456 LICK
136 0 1053066984 TIMEOUT_START
136 0 1053184492 LICK
136 0 1053185020 TIMEOUT_START
136 0 1053393816 LICK
136 0 1053394356 TIMEOUT_START
136 0 1053979492 RESP_END
136 0 1060394920 TIMEOUT_END
137 1 1062035400 STIM_START
137 1 1063134068 STIM_END_RESP_START
137 1 1064334092 RESP_END
138 1 1066411136 STIM_START
138 1 1067509760 STIM_END_RESP_START
138 1 1068709784 RESP_END
139 1 1070579136 STIM_START
139 1 1071149480 LICK
139 1 1071329556 LICK
139 1 1071483404 LICK
139 1 1071659500 LICK
139 1 1071677764 STIM_END_RESP_START
139 1 1072018784 LICK
139 1 1072019316 REWARD_START
139 1 1072151756 LICK
139 1 1072614340 LICK
139 1 1072738816 LICK
139 1 1072848968 LICK
139 1 1072877796 RESP_END
139 1 1072049876 REWARD_END
140 0 1075874768 STIM_START
140 0 1076281680 LICK
140 0 1076413824 LICK
140 0 1076597380 LICK
140 0 1076695796 LICK
140 0 1076942896 LICK
140 0 1076973428 STIM_END_RESP_START
140 0 1077120060 LICK
140 0 1077120588 TIMEOUT_START
140 0 1077269228 LICK
140 0 1077269764 TIMEOUT_START
140 0 1077483468 LICK
140 0 1077484004 TIMEOUT_START
140 0 1078173464 RESP_END
140 0 1084484552 TIMEOUT_END
141 1 1086367164 STIM_START
141 1 1086807284 LICK
141 1 1086974212 LICK
141 1 1087186268 LICK
141 1 1087465824 STIM_END_RESP_START
141 1 1087808344 LICK
141 1 1087808880 REWARD_START
141 1 1087944800 LICK
141 1 1088067492 LICK
141 1 1088178304 LICK
141 1 1088297888 LICK
141 1 1088440380 LICK
141 1 1088568680 LICK
141 1 1088665852 RESP_END
141 1 1087839440 REWARD_END
142 1 1093410696 STIM_START
142 1 1094509328 STIM_END_RESP_START
142 1 1095372324 LICK
142 1 1095372860 REWARD_START
142 1 1095517668 LICK
142 1 1095641356 LICK
142 1 1095709356 RESP_END
142 1 1095403412 REWARD_END
143 1 1098950060 STIM_START
143 1 1100048688 STIM_END_RESP_START
143 1 1101248712 RESP_END
144 0 1106144388 STIM_START
144 0 1107243056 STIM_END_RESP_START
144 0 1108330700 LICK
144 0 1108331232 TIMEOUT_START
144 0 1108443072 RESP_END
144 0 1115331788 TIMEOUT_END
145 1 1117065248 STIM_START
145 1 1117592608 LICK
145 1 1117797364 LICK
145 1 1117967228 LICK
145 1 1118163888 STIM_END_RESP_START
145 1 1118201552 LICK
145 1 1118202092 REWARD_START
145 1 1118277676 LICK
145 1 1118388732 LICK
145 1 1118505868 LICK
145 1 1118611680 LICK
145 1 1118760896 LICK
145 1 1118885200 LICK
145 1 1119018892 LICK
145 1 1119154804 LICK
145 1 1119295236 LICK
145 1 1119363936 RESP_END
145 1 1118232656 REWARD_END
146 1 1121273216 STIM_START
146 1 1122371844 STIM_END_RESP_START
146 1 1123571868 RESP_END
147 0 1125626988 STIM_START
147 0 1125772316 LICK
147 0 1125962068 LICK
147 0 1126120168 LICK
147 0 1126287588 LICK
147 0 1126503932 LICK
147 0 1126655232 LICK
147 0 1126725660 STIM_END_RESP_START
147 0 1126821688 LICK
147 0 1126822228 TIMEOUT_START
147 0 1127084176 LICK
147 0 1127084708 TIMEOUT_START
147 0 1127316376 LICK
147 0 1127316916 TIMEOUT_START
147 0 1127925704 RESP_END
147 0 1134317476 TIMEOUT_END
148 0 1136069424 STIM_START
148 0 1136513964 LICK
148 0 1136687952 LICK
148 0 1136906416 LICK
148 0 1136967804 LICK
148 0 1137168060 STIM_END_RESP_START
148 0 1137228620 LICK
148 0 1137229156 TIMEOUT_START
148 0 1137400076 LICK
148 0 1137400608 TIMEOUT_START
148 0 1137608972 LICK
148 0 1137609504 TIMEOUT_START
148 0 1138368072 RESP_END
148 0 1144610072 TIMEOUT_END
149 1 1150021660 STIM_START
149 1 1151120284 STIM_END_RESP_START
149 1 1152320308 RESP_END
150 0 1154038800 STIM_START
150 0 1154481796 LICK
150 0 1154619084 LICK
150 0 1154966216 LICK
150 0 1155084924 LICK
150 0 1155137436 STIM_END_RESP_START
150 0 1155342024 LICK
150 0 1155342564 TIMEOUT_START
150 0 1155576440 LICK
150 0 1155576976 TIMEOUT_START
150 0 1155822600 LICK
150 0 1155823132 TIMEOUT_START
150 0 1156337476 RESP_END
150 0 1162823700 TIMEOUT_END
151 1 1164795888 STIM_START
151 1 1165303956 LICK
151 1 1165467568 LICK
151 1 1165639360 LICK
151 1 1165831204 LICK
151 1 1165894532 STIM_END_RESP_START
151 1 1166007688 LICK
151 1 1166008224 REWARD_START
151 1 1166080772 LICK
151 1 1166183132 LICK
151 1 1166298964 LICK
151 1 1166397456 LICK
151 1 1166504372 LICK
151 1 1166646412 LICK
151 1 1166778348 LICK
151 1 1167040228 LICK
151 1 1167094556 RESP_END
151 1 1166038784 REWARD_END
152 0 1172497604 STIM_START
152 0 1173596228 STIM_END_RESP_START
152 0 1174796248 RESP_END
153 1 1182142024 STIM_START
153 1 1183240652 STIM_END_RESP_START
153 1 1184440676 RESP_END
154 1 1186299008 STIM_START
154 1 1186604852 LICK
154 1 1186804796 LICK
154 1 1187034776 LICK
154 1 1187397656 STIM_END_RESP_START
154 1 1188597672 RESP_END
155 1 1190384112 STIM_START
155 1 1190895304 LICK
155 1 1191074764 LICK
155 1 1191237956 LICK
155 1 1191482756 STIM_END_RESP_START
155 1 1192682780 RESP_END
156 0 1194492180 STIM_START
156 0 1194923216 LICK
156 0 1195073560 LICK
156 0 1195265780 LICK
156 0 1195590832 STIM_END_RESP_START
156 0 1196790860 RESP_END
157 1 1198657200 STIM_START
157 1 1199755828 STIM_END_RESP_START
157 1 1200955856 RESP_END
158 1 1202594460 STIM_START
158 1 1203693088 STIM_END_RESP_START
158 1 1204893112 RESP_END
159 1 1206829368 STIM_START
159 1 1207598708 LICK
159 1 1207757684 LICK
159 1 1207928000 STIM_END_RESP_START
159 1 1207947728 LICK
159 1 1207948264 REWARD_START
159 1 1208085720 LICK
159 1 1209128016 RESP_END
159 1 1207978824 REWARD_END
160 0 1213363540 STIM_START
160 0 1214462168 STIM_END_RESP_START
160 0 1215662196 RESP_END
161 1 1217253824 STIM_START
161 1 1218352452 STIM_END_RESP_START
161 1 1219552480 RESP_END
162 1 1221303984 STIM_START
162 1 1222089332 LICK
162 1 1222272800 LICK
162 1 1222402628 STIM_END_RESP_START
162 1 1222428052 LICK
162 1 1222428584 REWARD_START
162 1 1222584652 LICK
162 1 1222718804 LICK
162 1 1222825904 LICK
162 1 1222963780 LICK
162 1 1223083936 LICK
162 1 1223208712 LICK
162 1 1223344272 LICK
162 1 1223461236 LICK
162 1 1223597468 LICK
162 1 1223602664 RESP_END
162 1 1222459144 REWARD_END
163 1 1227069012 STIM_START
163 1 1228167648 STIM_END_RESP_START
163 1 1229367672 RESP_END
164 0 1231364848 STIM_START
164 0 1232463476 STIM_END_RESP_START
164 0 1232623140 LICK
164 0 1232623680 TIMEOUT_START
164 0 1232777472 LICK
164 0 1232778004 TIMEOUT_START
164 0 1232915480 LICK
164 0 1232916012 TIMEOUT_START
164 0 1233260264 LICK
164 0 1233260800 TIMEOUT_START
164 0 1233621092 LICK
164 0 1233621624 TIMEOUT_START
164 0 1233663516 RESP_END
164 0 1240622184 TIMEOUT_END
165 1 1244168488 STIM_START
165 1 1245267120 STIM_END_RESP_START
165 1 1246467144 RESP_END
166 1 1250794544 STIM_START
166 1 1251893208 STIM_END_RESP_START
166 1 1252897780 LICK
166 1 1252898316 REWARD_START
166 1 1253093224 RESP_END
166 1 1252928880 REWARD_END
167 1 1258874792 STIM_START
167 1 1259973424 STIM_END_RESP_START
167 1 1261173448 RESP_END
168 0 1263023900 STIM_START
168 0 1263398212 LICK
168 0 1263557192 LICK
168 0 1263686928 LICK
168 0 1263895964 LICK
168 0 1264018980 LICK
168 0 1264122544 STIM_END_RESP_START
168 0 1264169032 LICK
168 0 1264169564 TIMEOUT_START
168 0 1265322588 RESP_END
168 0 1271170132 TIMEOUT_END
169 0 1272953884 STIM_START
169 0 1273500404 LICK
169 0 1274052508 STIM_END_RESP_START
169 0 1275157424 LICK
169 0 1275157964 TIMEOUT_START
169 0 1275252540 RESP_END
169 0 1282158520 TIMEOUT_END
170 0 1284201356 STIM_START
170 0 1285299984 STIM_END_RESP_START
170 0 1286500008 RESP_END
171 1 1288579108 STIM_START
171 1 1289677768 STIM_END_RESP_START
171 1 1290877792 RESP_END
172 0 1292737116 STIM_START
172 0 1293835748 STIM_END_RESP_START
172 0 1295035772 RESP_END
173 1 1296977008 STIM_START
173 1 1297417008 LICK
173 1 1297540620 LICK
173 1 1297707320 LICK
173 1 1297853028 LICK
173 1 1298073288 LICK
173 1 1298075640 STIM_END_RESP_START
173 1 1298234972 LICK
173 1 1298235512 REWARD_START
173 1 1298405092 LICK
173 1 1298540732 LICK
173 1 1298650512 LICK
173 1 1298773512 LICK
173 1 1298905836 LICK
173 1 1299044028 LICK
173 1 1299189480 LICK
173 1 1299275660 RESP_END
173 1 1298266064 REWARD_END
174 0 1302624192 STIM_START
174 0 1303722820 STIM_END_RESP_START
174 0 1304922844 RESP_END
175 0 1306972020 STIM_START
175 0 1308070648 STIM_END_RESP_START
175 0 1308719004 LICK
175 0 1308719544 TIMEOUT_START
175 0 1308894884 LICK
175 0 1308895424 TIMEOUT_START
175 0 1309183756 LICK
175 0 1309184296 TIMEOUT_START
175 0 1309270668 RESP_END
175 0 1316184856 TIMEOUT_END
176 0 1318019700 STIM_START
176 0 1319118328 STIM_END_RESP_START
176 0 1320318352 RESP_END
177 1 1322350516 STIM_START
177 1 1323449144 STIM_END_RESP_START
177 1 1324649168 RESP_END
178 0 1326247796 STIM_START
178 0 1327346424 STIM_END_RESP_START
178 0 1328546448 RESP_END
179 1 1330166144 STIM_START
179 1 1331264776 STIM_END_RESP_START
179 1 1332464796 RESP_END
180 1 1334454972 STIM_START
180 1 1335510292 LICK
180 1 1335553600 STIM_END_RESP_START
180 1 1335681672 LICK
180 1 1335682208 REWARD_START
180 1 1335971176 LICK
180 1 1336107352 LICK
180 1 1336215884 LICK
180 1 1336315328 LICK
180 1 1336451284 LICK
180 1 1336584476 LICK
180 1 1336712704 LICK
180 1 1336753644 RESP_END
180 1 1335712764 REWARD_END
181 0 1338856656 STIM_START
181 0 1339955284 STIM_END_RESP_START
181 0 1341155300 RESP_END
182 0 1342832860 STIM_START
182 0 1343931488 STIM_END_RESP_START
182 0 1345131504 RESP_END
183 0 1347078760 STIM_START
183 0 1348177388 STIM_END_RESP_START
183 0 1349377408 RESP_END
184 1 1351154860 STIM_START
184 1 1351669424 LICK
184 1 1351978424 LICK
184 1 1352133488 LICK
184 1 1352253496 STIM_END_RESP_START
184 1 1352407488 LICK
184 1 1352408020 REWARD_START
184 1 1352593692 LICK
184 1 1352693676 LICK
184 1 1352820196 LICK
184 1 1352929904 LICK
184 1 1353453528 RESP_END
184 1 1352438576 REWARD_END
185 0 1355196016 STIM_START
185 0 1356294644 STIM_END_RESP_START
185 0 1357494664 RESP_END
186 0 1359545820 STIM_START
186 0 1360644448 STIM_END_RESP_START
186 0 1361844472 RESP_END
187 1 1363926552 STIM_START
187 1 1365025176 STIM_END_RESP_START
187 1 1366225200 RESP_END
188 0 1367904736 STIM_START
188 0 1369003364 STIM_END_RESP_START
188 0 1370203388 RESP_END
189 0 1372155612 STIM_START
189 0 1373254244 STIM_END_RESP_START
189 0 1374454268 RESP_END
190 1 1376237736 STIM_START
190 1 1377336404 STIM_END_RESP_START
190 1 1378536420 RESP_END
191 1 1380564552 STIM_START
191 1 1381560368 LICK
191 1 1381663216 STIM_END_RESP_START
191 1 1381760748 LICK
191 1 1381761288 REWARD_START
191 1 1381870764 LICK
191 1 1381914880 LICK
191 1 1382034264 LICK
191 1 1382146124 LICK
191 1 1382253884 LICK
191 1 1382374308 LICK
191 1 1382496760 LICK
191 1 1382629280 LICK
191 1 1382863260 RESP_END
191 1 1381791844 REWARD_END
192 1 1385906120 STIM_START
192 1 1387004748 STIM_END_RESP_START
192 1 1388204772 RESP_END
193 0 1390216912 STIM_START
193 0 1391315540 STIM_END_RESP_START
193 0 1392515564 RESP_END
194 1 1394527752 STIM_START
194 1 1395626380 STIM_END_RESP_START
194 1 1396826404 RESP_END
195 0 1398887524 STIM_START
195 0 1399986144 STIM_END_RESP_START
195 0 1401186168 RESP_END
196 1 1403017556 STIM_START
196 1 1403815336 LICK
196 1 1403945356 LICK
196 1 1404109460 LICK
196 1 1404116216 STIM_END_RESP_START
196 1 1404274488 LICK
196 1 1404275028 REWARD_START
196 1 1404458308 LICK
196 1 1404570316 LICK
196 1 1404682260 LICK
196 1 1404803548 LICK
196 1 1404924228 LICK
196 1 1405058516 LICK
196 1 1405201620 LICK
196 1 1405316248 RESP_END
196 1 1404305588 REWARD_END
197 0 1407264440 STIM_START
197 0 1408363072 STIM_END_RESP_START
197 0 1409563096 RESP_END
198 1 1411182708 STIM_START
198 1 1411538428 LICK
198 1 1411684868 LICK
198 1 1411797152 LICK
198 1 1411953308 LICK
198 1 1412098028 LICK
198 1 1412214028 LICK
198 1 1412281344 STIM_END_RESP_START
198 1 1412382300 LICK
198 1 1412382840 REWARD_START
198 1 1412533532 LICK
198 1 1412670180 LICK
198 1 1412786988 LICK
198 1 1412910492 LICK
198 1 1413046176 LICK
198 1 1413186124 LICK
198 1 1413314540 LICK
198 1 1413449856 LICK
198 1 1413481368 RESP_END
198 1 1412413392 REWARD_END
199 0 1418255240 STIM_START
199 0 1419353904 STIM_END_RESP_START
199 0 1420553928 RESP_END
200 1 1422351300 STIM_START
200 1 1422777912 LICK
200 1 1422913108 LICK
200 1 1423216988 LICK
200 1 1423306468 LICK
200 1 1423449936 STIM_END_RESP_START
200 1 1423550676 LICK
200 1 1423551208 REWARD_START
200 1 1423627424 LICK
200 1 1423716564 LICK
200 1 1424604024 LICK
200 1 1424649972 RESP_END
200 1 1423581768 REWARD_END
201 0 1430154932 STIM_START
201 0 1431253564 STIM_END_RESP_START
201 0 1432453588 RESP_END
202 1 1434189092 STIM_START
202 1 1434754736 LICK
202 1 1434887036 LICK
202 1 1435065400 LICK
202 1 1435287748 STIM_END_RESP_START
202 1 1435386556 LICK
202 1 1435387096 REWARD_START
202 1 1435576284 LICK
202 1 1435692520 LICK
202 1 1435837916 LICK
202 1 1435946796 LICK
202 1 1436120540 LICK
202 1 1436276300 LICK
202 1 1436390188 LICK
202 1 1436487764 RESP_END
202 1 1435417656 REWARD_END
203 1 1438510892 STIM_START
203 1 1439609524 STIM_END_RESP_START
203 1 1440809548 RESP_END
204 1 1442573012 STIM_START
204 1 1443671676 STIM_END_RESP_START
204 1 1444871700 RESP_END
205 0 1446747960 STIM_START
205 0 1447565904 LICK
205 0 1447695800 LICK
205 0 1447846600 STIM_END_RESP_START
205 0 1447851100 LICK
205 0 1447851632 TIMEOUT_START
205 0 1448169248 LICK
205 0 1448169788 TIMEOUT_START
205 0 1448293860 LICK
205 0 1448294392 TIMEOUT_START
205 0 1448433012 LICK
205 0 1448433544 TIMEOUT_START
205 0 1448514480 LICK
205 0 1448515016 TIMEOUT_START
205 0 1448732304 LICK
205 0 1448732840 TIMEOUT_START
205 0 1448956100 LICK
205 0 1448956632 TIMEOUT_START
205 0 1449046628 RESP_END
205 0 1455957204 TIMEOUT_END
206 1 1457657880 STIM_START
206 1 1457965996 LICK
206 1 1458247984 LICK
206 1 1458434372 LICK
206 1 1458581560 LICK
206 1 1458718416 LICK
206 1 1458756512 STIM_END_RESP_START
206 1 1458886444 LICK
206 1 1458886980 REWARD_START
206 1 1459208516 LICK
206 1 1459548748 LICK
206 1 1459937408 LICK
206 1 1459956524 RESP_END
206 1 1458917540 REWARD_END
207 0 1464731364 STIM_START
207 0 1465829996 STIM_END_RESP_START
207 0 1467030024 RESP_END
208 0 1468687596 STIM_START
208 0 1469786220 STIM_END_RESP_START
208 0 1470986248 RESP_END
209 0 1472663848 STIM_START
209 0 1473361796 LICK
209 0 1473526444 LICK
209 0 1473678396 LICK
209 0 1473762508 STIM_END_RESP_START
209 0 1474183676 LICK
209 0 1474184212 TIMEOUT_START
209 0 1474354656 LICK
209 0 1474355192 TIMEOUT_START
209 0 1474533516 LICK
209 0 1474534052 TIMEOUT_START
209 0 1474962524 RESP_END
209 0 1481534608 TIMEOUT_END
210 1 1483492784 STIM_START
210 1 1484188896 LICK
210 1 1484351672 LICK
210 1 1484490620 LICK
210 1 1484591420 STIM_END_RESP_START
210 1 1484675220 LICK
210 1 1484675752 REWARD_START
210 1 1484970080 LICK
210 1 1485614592 LICK
210 1 1485713700 LICK
210 1 1485791456 RESP_END
210 1 1484706312 REWARD_END
211 0 1492727752 STIM_START
211 0 1493826380 STIM_END_RESP_START
211 0 1495026408 RESP_END
212 1 1496715928 STIM_START
212 1 1497169484 LICK
212 1 1497324712 LICK
212 1 1497497032 LICK
212 1 1497647820 LICK
212 1 1497814588 STIM_END_RESP_START
212 1 1497883056 LICK
212 1 1497883588 REWARD_START
212 1 1499014628 RESP_END
212 1 1497914148 REWARD_END
213 1 1504329756 STIM_START
213 1 1505428420 STIM_END_RESP_START
213 1 1506628448 RESP_END
214 1 1508583660 STIM_START
214 1 1509682292 STIM_END_RESP_START
214 1 1510882320 RESP_END
215 0 1515547320 STIM_START
215 0 1516645948 STIM_END_RESP_START
215 0 1517845972 RESP_END
216 0 1530484292 STIM_START
216 0 1531582960 STIM_END_RESP_START
216 0 1532782984 RESP_END
217 1 1534582392 STIM_START
217 1 1534913564 LICK
217 1 1535067876 LICK
217 1 1535127764 LICK
217 1 1535406384 LICK
217 1 1535623568 LICK
217 1 1535681016 STIM_END_RESP_START
217 1 1536881044 RESP_END
218 1 1538760344 STIM_START
218 1 1539858972 STIM_END_RESP_START
218 1 1541058996 RESP_END
219 1 1542968308 STIM_START
219 1 1544066936 STIM_END_RESP_START
219 1 1544099044 LICK
219 1 1544099576 REWARD_START
219 1 1544575188 LICK
219 1 1544697016 LICK
219 1 1544798812 LICK
219 1 1544934340 LICK
219 1 1545055820 LICK
219 1 1545188372 LICK
219 1 1545266984 RESP_END
219 1 1544130136 REWARD_END
220 0 1549709184 STIM_START
220 0 1550807852 STIM_END_RESP_START
220 0 1552007884 RESP_END
221 0 1556522032 STIM_START
221 0 1557620692 STIM_END_RESP_START
221 0 1558820716 RESP_END
222 0 1560824868 STIM_START
222 0 1561450628 LICK
222 0 1561635716 LICK
222 0 1561923516 STIM_END_RESP_START
222 0 1561998864 LICK
222 0 1561999404 TIMEOUT_START
222 0 1562163492 LICK
222 0 1562164024 TIMEOUT_START
222 0 1562418148 LICK
222 0 1562418684 TIMEOUT_START
222 0 1563105456 LICK
222 0 1563105988 TIMEOUT_START
222 0 1563123548 RESP_END
222 0 1570106556 TIMEOUT_END
223 1 1571964460 STIM_START
223 1 1573063092 STIM_END_RESP_START
223 1 1574263116 RESP_END
224 0 1575997636 STIM_START
224 0 1577096268 STIM_END_RESP_START
224 0 1578296284 RESP_END
225 1 1579953856 STIM_START
225 1 1581052484 STIM_END_RESP_START
225 1 1582252512 RESP_END
226 1 1584160764 STIM_START
226 1 1585259432 STIM_END_RESP_START
226 1 1586459456 RESP_END
227 0 1588408716 STIM_START
227 0 1589507344 STIM_END_RESP_START
227 0 1590707372 RESP_END
228 0 1592686552 STIM_START
228 0 1593785216 STIM_END_RESP_START
228 0 1594985244 RESP_END
229 1 1596955416 STIM_START
229 1 1598054084 STIM_END_RESP_START
229 1 1599254108 RESP_END
230 1 1600969596 STIM_START
230 1 1602068260 STIM_END_RESP_START
230 1 1603268284 RESP_END
231 0 1605045724 STIM_START
231 0 1606144352 STIM_END_RESP_START
231 0 1607344376 RESP_END
232 0 1609235704 STIM_START
232 0 1610334372 STIM_END_RESP_START
232 0 1611534400 RESP_END
233 1 1613210912 STIM_START
233 1 1613588500 LICK
233 1 1613700656 LICK
233 1 1613868164 LICK
233 1 1614004324 LICK
233 1 1614309548 STIM_END_RESP_START
233 1 1614338576 LICK
233 1 1614339112 REWARD_START
233 1 1614479076 LICK
233 1 1614612172 LICK
233 1 1614721008 LICK
233 1 1614862120 LICK
233 1 1615001048 LICK
233 1 1615140840 LICK
233 1 1615288340 LICK
233 1 1615509588 RESP_END
233 1 1614369664 REWARD_END
234 0 1617133204 STIM_START
234 0 1617534224 LICK
234 0 1617656584 LICK
234 0 1617816224 LICK
234 0 1617996760 LICK
234 0 1618164392 LICK
234 0 1618231844 STIM_END_RESP_START
234 0 1618301264 LICK
234 0 1618301796 TIMEOUT_START
234 0 1618656312 LICK
234 0 1618656844 TIMEOUT_START
234 0 1618822096 LICK
234 0 1618822636 TIMEOUT_START
234 0 1618950080 LICK
234 0 1618950616 TIMEOUT_START
234 0 1619276508 LICK
234 0 1619277044 TIMEOUT_START
234 0 1619431864 RESP_END
234 0 1626277596 TIMEOUT_END
235 1 1628063056 STIM_START
235 1 1629161684 STIM_END_RESP_START
235 1 1630361712 RESP_END
236 0 1632152132 STIM_START
236 0 1632546608 LICK
236 0 1632666832 LICK
236 0 1632839284 LICK
236 0 1632978928 LICK
236 0 1633137584 LICK
236 0 1633250772 STIM_END_RESP_START
236 0 1633288288 LICK
236 0 1633288820 TIMEOUT_START
236 0 1633436900 LICK
236 0 1633437432 TIMEOUT_START
236 0 1633920484 LICK
236 0 1633921016 TIMEOUT_START
236 0 1634105104 LICK
236 0 1634105640 TIMEOUT_START
236 0 1634450788 RESP_END
236 0 1641106200 TIMEOUT_END
237 1 1643159880 STIM_START
237 1 1644258508 STIM_END_RESP_START
237 1 1645458532 RESP_END
238 1 1647047220 STIM_START
238 1 1647338904 LICK
238 1 1647465640 LICK
238 1 1647634872 LICK
238 1 1647969028 LICK
238 1 1648130256 LICK
238 1 1648145868 STIM_END_RESP_START
238 1 1648282464 LICK
238 1 1648283000 REWARD_START
238 1 1648499732 LICK
238 1 1648643092 LICK
238 1 1648750156 LICK
238 1 1648884640 LICK
238 1 1649014384 LICK
238 1 1649161244 LICK
238 1 1649303340 LICK
238 1 1649345880 RESP_END
238 1 1648313560 REWARD_END
239 0 1654455268 STIM_START
239 0 1655553900 STIM_END_RESP_START
239 0 1656753924 RESP_END
240 1 1658475444 STIM_START
240 1 1659574072 STIM_END_RESP_START
240 1 1660774096 RESP_END
241 1 1662812232 STIM_START
241 1 1663207864 LICK
241 1 1663320504 LICK
241 1 1663475600 LICK
241 1 1663798032 LICK
241 1 1663910856 STIM_END_RESP_START
241 1 1663966024 LICK
241 1 1663966568 REWARD_START
241 1 1664180164 LICK
241 1 1664309036 LICK
241 1 1664438168 LICK
241 1 1664618096 LICK
241 1 1664754212 LICK
241 1 1664875424 LICK
241 1 1665015296 LICK
241 1 1665110880 RESP_END
241 1 1663997128 REWARD_END
242 0 1667114068 STIM_START
242 0 1668212688 STIM_END_RESP_START
242 0 1669412712 RESP_END
243 1 1671040376 STIM_START
243 1 1671762920 LICK
243 1 1671877996 LICK
243 1 1672047100 LICK
243 1 1672139000 STIM_END_RESP_START
243 1 1672174148 LICK
243 1 1672174684 REWARD_START
243 1 1672368792 LICK
243 1 1672480412 LICK
243 1 1672608332 LICK
243 1 1672731512 LICK
243 1 1672860692 LICK
243 1 1673000148 LICK
243 1 1673132064 LICK
243 1 1673266048 LICK
243 1 1673339040 RESP_END
243 1 1672205240 REWARD_END
244 1 1675905512 STIM_START
244 1 1677004140 STIM_END_RESP_START
244 1 1678204168 RESP_END
245 0 1683480428 STIM_START
245 0 1684579052 STIM_END_RESP_START
245 0 1685779076 RESP_END
246 0 1687499600 STIM_START
246 0 1687974160 LICK
246 0 1688260852 LICK
246 0 1688422808 LICK
246 0 1688598240 STIM_END_RESP_START
246 0 1688740748 LICK
246 0 1688741284 TIMEOUT_START
246 0 1688949716 LICK
246 0 1688950256 TIMEOUT_START
246 0 1689798284 RESP_END
246 0 1695950804 TIMEOUT_END
247 0 1698375488 STIM_START
247 0 1699405400 LICK
247 0 1699474148 STIM_END_RESP_START
247 0 1699531068 LICK
247 0 1699531600 TIMEOUT_START
247 0 1699845048 LICK
247 0 1699845584 TIMEOUT_START
247 0 1700011716 LICK
247 0 1700012252 TIMEOUT_START
247 0 1700198308 LICK
247 0 1700198844 TIMEOUT_START
247 0 1700378716 LICK
247 0 1700379248 TIMEOUT_START
247 0 1700610576 LICK
247 0 1700611112 TIMEOUT_START
247 0 1700674188 RESP_END
247 0 1707611668 TIMEOUT_END
248 1 1709279396 STIM_START
248 1 1709407640 LICK
248 1 1709565964 LICK
248 1 1709883112 LICK
248 1 1710120068 LICK
248 1 1710311088 LICK
248 1 1710378036 STIM_END_RESP_START
248 1 1711578056 RESP_END
249 1 1713264596 STIM_START
249 1 1714363224 STIM_END_RESP_START
249 1 1715563248 RESP_END
250 1 1717582408 STIM_START
250 1 1717989000 LICK
250 1 1718154564 LICK
250 1 1718309944 LICK
250 1 1718619256 LICK
250 1 1718681068 STIM_END_RESP_START
250 1 1718811904 LICK
250 1 1718812440 REWARD_START
250 1 1718961588 LICK
250 1 1719091452 LICK
250 1 1719211036 LICK
250 1 1719339824 LICK
250 1 1719470780 LICK
250 1 1719606596 LICK
250 1 1719743276 LICK
250 1 1719881084 RESP_END
250 1 1718843000 REWARD_END
251 0 1723002904 STIM_START
251 0 1724101568 STIM_END_RESP_START
251 0 1725301592 RESP_END
252 1 1729497108 STIM_START
252 1 1730595732 STIM_END_RESP_START
252 1 1731795752 RESP_END
253 1 1735851456 STIM_START
253 1 1736950120 STIM_END_RESP_START
253 1 1738150144 RESP_END
254 0 1742308684 STIM_START
254 0 1743407352 STIM_END_RESP_START
254 0 1744607376 RESP_END
255 0 1748142672 STIM_START
255 0 1749241340 STIM_END_RESP_START
255 0 1750441364 RESP_END
256 0 1752116896 STIM_START
256 0 1752753960 LICK
256 0 1752895124 LICK
256 0 1753096452 LICK
256 0 1753215556 STIM_END_RESP_START
256 0 1753397896 LICK
256 0 1753398436 TIMEOUT_START
256 0 1753920708 LICK
256 0 1753921236 TIMEOUT_START
256 0 1754069028 LICK
256 0 1754069564 TIMEOUT_START
256 0 1754233888 LICK
256 0 1754234420 TIMEOUT_START
256 0 1754383352 LICK
256 0 1754383892 TIMEOUT_START
256 0 1754415572 RESP_END
256 0 1761384456 TIMEOUT_END
257 1 1765068324 STIM_START
257 1 1765153364 LICK
257 1 1765436892 LICK
257 1 1765581000 LICK
257 1 1765794232 LICK
257 1 1766122672 LICK
257 1 1766166976 STIM_END_RESP_START
257 1 1767367020 RESP_END
258 1 1769405104 STIM_START
258 1 1770420624 LICK
258 1 1770503740 STIM_END_RESP_START
258 1 1770614940 LICK
258 1 1770615476 REWARD_START
258 1 1771703784 RESP_END
258 1 1770646036 REWARD_END
259 0 1773531132 STIM_START
259 0 1774629796 STIM_END_RESP_START
259 0 1775829820 RESP_END
260 0 1777647196 STIM_START
260 0 1778745824 STIM_END_RESP_START
260 0 1779945848 RESP_END
261 1 1781938048 STIM_START
261 1 1783036716 STIM_END_RESP_START
261 1 1783312420 LICK
261 1 1783312956 REWARD_START
261 1 1783411624 LICK
261 1 1783533560 LICK
261 1 1783659236 LICK
261 1 1783771384 LICK
261 1 1783886572 LICK
261 1 1784000608 LICK
261 1 1784127628 LICK
261 1 1784236760 RESP_END
261 1 1783343512 REWARD_END
262 1 1786989968 STIM_START
262 1 1787349160 LICK
262 1 1787516100 LICK
262 1 1787652384 LICK
262 1 1787842384 LICK
262 1 1787987772 LICK
262 1 1788088616 STIM_END_RESP_START
262 1 1788145268 LICK
262 1 1788145808 REWARD_START
262 1 1788330608 LICK
262 1 1788469076 LICK
262 1 1788578836 LICK
262 1 1788727924 LICK
262 1 1788869204 LICK
262 1 1789001140 LICK
262 1 1789288640 RESP_END
262 1 1788176364 REWARD_END
263 1 1794502920 STIM_START
263 1 1795601548 STIM_END_RESP_START
263 1 1796801572 RESP_END
264 0 1798474164 STIM_START
264 0 1799139756 LICK
264 0 1799298940 LICK
264 0 1799488600 LICK
264 0 1799572792 STIM_END_RESP_START
264 0 1799639548 LICK
264 0 1799640088 TIMEOUT_START
264 0 1799851204 LICK
264 0 1799851736 TIMEOUT_START
264 0 1800343396 LICK
264 0 1800343932 TIMEOUT_START
264 0 1800541916 LICK
264 0 1800542456 TIMEOUT_START
264 0 1800772836 RESP_END
264 0 1807543012 TIMEOUT_END
265 0 1809514892 STIM_START
265 0 1810613556 STIM_END_RESP_START
265 0 1811813580 RESP_END
266 0 1813765788 STIM_START
266 0 1814045428 LICK
266 0 1814157072 LICK
266 0 1814319280 LICK
266 0 1814825432 LICK
266 0 1814864420 STIM_END_RESP_START
266 0 1814985340 LICK
266 0 1814985880 TIMEOUT_START
266 0 1815172444 LICK
266 0 1815172976 TIMEOUT_START
266 0 1816064448 RESP_END
266 0 1822173540 TIMEOUT_END
267 1 1824447928 STIM_START
267 1 1825546556 STIM_END_RESP_START
267 1 1826746580 RESP_END
268 0 1828390184 STIM_START
268 0 1828856896 LICK
268 0 1828964320 LICK
268 0 1829244192 LICK
268 0 1829488820 STIM_END_RESP_START
268 0 1829623216 LICK
268 0 1829623752 TIMEOUT_START
268 0 1829819912 LICK
268 0 1829820452 TIMEOUT_START
268 0 1829950112 LICK
268 0 1829950652 TIMEOUT_START
268 0 1830172224 LICK
268 0 1830172764 TIMEOUT_START
268 0 1830385292 LICK
268 0 1830385832 TIMEOUT_START
268 0 1830688836 RESP_END
268 0 1837386388 TIMEOUT_END
269 0 1839114312 STIM_START
269 0 1839696352 LICK
269 0 1839849340 LICK
269 0 1840009224 LICK
269 0 1840212940 STIM_END_RESP_START
269 0 1840347492 LICK
269 0 1840348024 TIMEOUT_START
269 0 1840462808 LICK
269 0 1840463344 TIMEOUT_START
269 0 1840656052 LICK
269 0 1840656588 TIMEOUT_START
269 0 1840789052 LICK
269 0 1840789592 TIMEOUT_START
269 0 1841144112 LICK
269 0 1841144644 TIMEOUT_START
269 0 1841412960 RESP_END
269 0 1848145216 TIMEOUT_END
270 0 1849820448 STIM_START
270 0 1850919076 STIM_END_RESP_START
270 0 1852119100 RESP_END
271 1 1855351792 STIM_START
271 1 1856450420 STIM_END_RESP_START
271 1 1856850196 LICK
271 1 1856850724 REWARD_START
271 1 1857001876 LICK
271 1 1857142120 LICK
271 1 1857246228 LICK
271 1 1857380444 LICK
271 1 1857648880 LICK
271 1 1857650460 RESP_END
271 1 1856881284 REWARD_END
272 0 1860718352 STIM_START
272 0 1861816984 STIM_END_RESP_START
272 0 1862829012 LICK
272 0 1862829552 TIMEOUT_START
272 0 1863017008 RESP_END
272 0 1869830104 TIMEOUT_END
273 1 1873700744 STIM_START
273 1 1874417252 LICK
273 1 1874559048 LICK
273 1 1874727012 LICK
273 1 1874799392 STIM_END_RESP_START
273 1 1875234876 LICK
273 1 1875235408 REWARD_START
273 1 1875386232 LICK
273 1 1875548596 LICK
273 1 1875677212 LICK
273 1 1875808728 LICK
273 1 1875941548 LICK
273 1 1875999408 RESP_END
273 1 1875265968 REWARD_END
274 1 1880825168 STIM_START
274 1 1881383264 LICK
274 1 1881522684 LICK
274 1 1881740596 LICK
274 1 1881918180 LICK
274 1 1881923820 STIM_END_RESP_START
274 1 1882281700 LICK
274 1 1882282240 REWARD_START
274 1 1883123868 RESP_END
274 1 1882312800 REWARD_END
275 0 1884788396 STIM_START
275 0 1885744576 LICK
275 0 1885853756 LICK
275 0 1885887028 STIM_END_RESP_START
275 0 1885955824 LICK
275 0 1885956364 TIMEOUT_START
275 0 1886102516 LICK
275 0 1886103056 TIMEOUT_START
275 0 1886257348 LICK
275 0 1886257884 TIMEOUT_START
275 0 1886363780 LICK
275 0 1886364316 TIMEOUT_START
275 0 1886524884 LICK
275 0 1886525416 TIMEOUT_START
275 0 1886639708 LICK
275 0 1886640244 TIMEOUT_START
275 0 1886972096 LICK
275 0 1886972632 TIMEOUT_START
275 0 1887087072 RESP_END
275 0 1893973188 TIMEOUT_END
276 1 1895578432 STIM_START
276 1 1896677060 STIM_END_RESP_START
276 1 1896960124 LICK
276 1 1896960652 REWARD_START
276 1 1897145668 LICK
276 1 1897321920 LICK
276 1 1897434908 LICK
276 1 1897584996 LICK
276 1 1897731356 LICK
276 1 1897840476 LICK
276 1 1897877080 RESP_END
276 1 1896991212 REWARD_END
277 0 1899905208 STIM_START
277 0 1900725652 LICK
277 0 1900922268 LICK
277 0 1901003868 STIM_END_RESP_START
277 0 1901080644 LICK
277 0 1901081176 TIMEOUT_START
277 0 1901295784 LICK
277 0 1901296316 TIMEOUT_START
277 0 1901678260 LICK
277 0 1901678796 TIMEOUT_START
277 0 1902203912 RESP_END
277 0 1908679352 TIMEOUT_END
278 1 1911424364 STIM_START
278 1 1912522996 STIM_END_RESP_START
278 1 1913305968 LICK
278 1 1913306508 REWARD_START
278 1 1913496592 LICK
278 1 1913631048 LICK
278 1 1913723016 RESP_END
278 1 1913337072 REWARD_END
279 0 1916674080 STIM_START
279 0 1917063864 LICK
279 0 1917230140 LICK
279 0 1917368580 LICK
279 0 1917735948 LICK
279 0 1917772728 STIM_END_RESP_START
279 0 1917917784 LICK
279 0 1917918324 TIMEOUT_START
279 0 1918299168 LICK
279 0 1918299704 TIMEOUT_START
279 0 1918761480 LICK
279 0 1918762020 TIMEOUT_START
279 0 1918972772 RESP_END
279 0 1925762576 TIMEOUT_END
280 1 1929870252 STIM_START
280 1 1930968920 STIM_END_RESP_START
280 1 1932168944 RESP_END
281 0 1935821044 STIM_START
281 0 1936919672 STIM_END_RESP_START
281 0 1937599188 LICK
281 0 1937599728 TIMEOUT_START
281 0 1938021036 LICK
281 0 1938021572 TIMEOUT_START
281 0 1938119700 RESP_END
281 0 1945022136 TIMEOUT_END
282 0 1949950068 STIM_START
282 0 1951048740 STIM_END_RESP_START
282 0 1952248756 RESP_END
283 1 1956958672 STIM_START
283 1 1958034520 LICK
283 1 1958057308 STIM_END_RESP_START
283 1 1958237776 LICK
283 1 1958238316 REWARD_START
283 1 1958314504 LICK
283 1 1958650668 LICK
283 1 1958768580 LICK
283 1 1959257356 RESP_END
283 1 1958268872 REWARD_END
284 0 1963342968 STIM_START
284 0 1964441636 STIM_END_RESP_START
284 0 1965641656 RESP_END
285 1 1970646180 STIM_START
285 1 1971150564 LICK
285 1 1971388896 LICK
285 1 1971541984 LICK
285 1 1971744824 STIM_END_RESP_START
285 1 1971746396 LICK
285 1 1971746944 REWARD_START
285 1 1971925692 LICK
285 1 1972046752 LICK
285 1 1972157928 LICK
285 1 1972295968 LICK
285 1 1972443312 LICK
285 1 1972574196 LICK
285 1 1972715160 LICK
285 1 1972826732 LICK
285 1 1972944848 RESP_END
285 1 1971777500 REWARD_END
286 1 1978968192 STIM_START
286 1 1980066860 STIM_END_RESP_START
286 1 1981266876 RESP_END
287 1 1986041684 STIM_START
287 1 1987140316 STIM_END_RESP_START
287 1 1988340340 RESP_END
288 0 1992467972 STIM_START
288 0 1993566600 STIM_END_RESP_START
288 0 1994766628 RESP_END
289 1 1998754416 STIM_START
289 1 1999853044 STIM_END_RESP_START
289 1 2001053072 RESP_END
290 0 2004741188 STIM_START
290 0 2005839848 STIM_END_RESP_START
290 0 2007039876 RESP_END
291 0 2010656072 STIM_START
291 0 2011754740 STIM_END_RESP_START
291 0 2012954768 RESP_END
292 1 2014673280 STIM_START
292 1 2015010796 LICK
292 1 2015141704 LICK
292 1 2015298404 LICK
292 1 2015771924 STIM_END_RESP_START
292 1 2015783776 LICK
292 1 2015784316 REWARD_START
292 1 2015928868 LICK
292 1 2016069848 LICK
292 1 2016184684 LICK
292 1 2016304520 LICK
292 1 2016422288 LICK
292 1 2016550396 LICK
292 1 2016687740 LICK
292 1 2016803796 LICK
292 1 2016971952 RESP_END
292 1 2015814876 REWARD_END
293 0 2022835460 STIM_START
293 0 2023934088 STIM_END_RESP_START
293 0 2025134116 RESP_END
294 1 2029882976 STIM_START
294 1 2030981604 STIM_END_RESP_START
294 1 2032181632 RESP_END
295 0 2035760904 STIM_START
295 0 2036859536 STIM_END_RESP_START
295 0 2037966856 LICK
295 0 2037967388 TIMEOUT_START
295 0 2038059564 RESP_END
295 0 2044967956 TIMEOUT_END
296 1 2046807616 STIM_START
296 1 2047320772 LICK
296 1 2047654992 LICK
296 1 2047906256 STIM_END_RESP_START
296 1 2047992232 LICK
296 1 2047992772 REWARD_START
296 1 2048178196 LICK
296 1 2048350188 LICK
296 1 2048448760 LICK
296 1 2048548976 LICK
296 1 2048667336 LICK
296 1 2048779624 LICK
296 1 2048897624 LICK
296 1 2049009084 LICK
296 1 2049106304 RESP_END
296 1 2048023336 REWARD_END
297 0 2056125452 STIM_START
297 0 2057224072 STIM_END_RESP_START
297 0 2058424096 RESP_END
298 0 2061896524 STIM_START
298 0 2062995152 STIM_END_RESP_START
298 0 2064195176 RESP_END
299 1 2067633624 STIM_START
299 1 2068732252 STIM_END_RESP_START
299 1 2069924108 LICK
299 1 2069924644 REWARD_START
299 1 2069955236 RESP_END
299 1 2069955200 REWARD_END
300 0 2075797764 STIM_START
300 0 2076896400 STIM_END_RESP_START
300 0 2078096420 RESP_END
301 0 2081539864 STIM_START
301 0 2082638492 STIM_END_RESP_START
301 0 2083838516 RESP_END
302 1 2087044248 STIM_START
302 1 2088142872 STIM_END_RESP_START
302 1 2089342900 RESP_END
303 1 2092264956 STIM_START
303 1 2093363584 STIM_END_RESP_START
303 1 2094563612 RESP_END
304 0 2099657072 STIM_START
304 0 2100755736 STIM_END_RESP_START
304 0 2101955760 RESP_END
305 1 2103970940 STIM_START
305 1 2105069608 STIM_END_RESP_START
305 1 2105747200 LICK
305 1 2105747740 REWARD_START
305 1 2105950872 LICK
305 1 2106065572 LICK
305 1 2106168836 LICK
305 1 2106269652 RESP_END
305 1 2105778296 REWARD_END
306 0 2110557968 STIM_START
306 0 2111160068 LICK
306 0 2111307080 LICK
306 0 2111447296 LICK
306 0 2111656620 STIM_END_RESP_START
306 0 2111769616 LICK
306 0 2111770144 TIMEOUT_START
306 0 2111972140 LICK
306 0 2111972680 TIMEOUT_START
306 0 2112117068 LICK
306 0 2112117600 TIMEOUT_START
306 0 2112315192 LICK
306 0 2112315732 TIMEOUT_START
306 0 2112546668 LICK
306 0 2112547204 TIMEOUT_START
306 0 2112788524 LICK
306 0 2112789056 TIMEOUT_START
306 0 2112856636 RESP_END
306 0 2119789624 TIMEOUT_END
307 0 2122048168 STIM_START
307 0 2123146796 STIM_END_RESP_START
307 0 2123531388 LICK
307 0 2123531916 TIMEOUT_START
307 0 2123725944 LICK
307 0 2123726476 TIMEOUT_START
307 0 2123868220 LICK
307 0 2123868748 TIMEOUT_START
307 0 2124106268 LICK
307 0 2124106808 TIMEOUT_START
307 0 2124269496 LICK
307 0 2124270032 TIMEOUT_START
307 0 2124346816 RESP_END
307 0 2131270588 TIMEOUT_END
308 0 2133839024 STIM_START
308 0 2134937652 STIM_END_RESP_START
308 0 2136137668 RESP_END
309 1 2137740296 STIM_START
309 1 2138346816 LICK
309 1 2138502804 LICK
309 1 2138704700 LICK
309 1 2138835716 LICK
309 1 2138838920 STIM_END_RESP_START
309 1 2138997796 LICK
309 1 2138998328 REWARD_START
309 1 2139184764 LICK
309 1 2139325384 LICK
309 1 2139426340 LICK
309 1 2139564248 LICK
309 1 2139691900 LICK
309 1 2139827144 LICK
309 1 2139991092 LICK
309 1 2140038932 RESP_END
309 1 2139028888 REWARD_END
310 0 2142483596 STIM_START
310 0 2143582224 STIM_END_RESP_START
310 0 2144782248 RESP_END
311 0 2152470588 STIM_START
311 0 2153569244 STIM_END_RESP_START
311 0 2154769268 RESP_END
312 1 2156580656 STIM_START
312 1 2156979944 LICK
312 1 2157146056 LICK
312 1 2157296020 LICK
312 1 2157392612 LICK
312 1 2157627308 LICK
312 1 2157679300 STIM_END_RESP_START
312 1 2158879324 RESP_END
313 0 2160564840 STIM_START
313 0 2161525868 LICK
313 0 2161663504 STIM_END_RESP_START
313 0 2161705332 LICK
313 0 2161705864 TIMEOUT_START
313 0 2161857932 LICK
313 0 2161858464 TIMEOUT_START
313 0 2162180884 LICK
313 0 2162181424 TIMEOUT_START
313 0 2162863516 RESP_END
313 0 2169181988 TIMEOUT_END
314 0 2171130140 STIM_START
314 0 2172228768 STIM_END_RESP_START
314 0 2173428796 RESP_END
315 1 2175157304 STIM_START
315 1 2176255964 STIM_END_RESP_START
315 1 2177455988 RESP_END
316 0 2179187500 STIM_START
316 0 2180286124 STIM_END_RESP_START
316 0 2181486148 RESP_END
317 0 2183325548 STIM_START
317 0 2184424172 STIM_END_RESP_START
317 0 2185624196 RESP_END
318 0 2187397608 STIM_START
318 0 2188496236 STIM_END_RESP_START
318 0 2189696260 RESP_END
319 1 2191412800 STIM_START
319 1 2192511424 STIM_END_RESP_START
319 1 2193711452 RESP_END
320 0 2195526848 STIM_START
320 0 2196625472 STIM_END_RESP_START
320 0 2197825492 RESP_END
321 1 2199783720 STIM_START
321 1 2200882348 STIM_END_RESP_START
321 1 2202082376 RESP_END
322 1 2204037624 STIM_START
322 1 2205136252 STIM_END_RESP_START
322 1 2206336272 RESP_END
323 0 2208348416 STIM_START
323 0 2209447044 STIM_END_RESP_START
323 0 2210647068 RESP_END
324 1 2212440520 STIM_START
324 1 2213539148 STIM_END_RESP_START
324 1 2214739172 RESP_END
325 1 2216596528 STIM_START
325 1 2217695188 STIM_END_RESP_START
325 1 2218895216 RESP_END
326 1 2220701576 STIM_START
326 1 2221630880 LICK
326 1 2221800232 STIM_END_RESP_START
326 1 2221812092 LICK
326 1 2221812624 REWARD_START
326 1 2222123672 LICK
326 1 2222246292 LICK
326 1 2222350356 LICK
326 1 2222460716 LICK
326 1 2222706748 LICK
326 1 2222830876 LICK
326 1 2222959568 LICK
326 1 2223000272 RESP_END
326 1 2221843184 REWARD_END
327 0 2226188000 STIM_START
327 0 2227286628 STIM_END_RESP_START
327 0 2228486656 RESP_END
328 1 2233456256 STIM_START
328 1 2234554888 STIM_END_RESP_START
328 1 2235754912 RESP_END
329 0 2237754092 STIM_START
329 0 2238455320 LICK
329 0 2238609792 LICK
329 0 2238790208 LICK
329 0 2238852752 STIM_END_RESP_START
329 0 2238938160 LICK
329 0 2238938692 TIMEOUT_START
329 0 2239067508 LICK
329 0 2239068040 TIMEOUT_START
329 0 2239257596 LICK
329 0 2239258136 TIMEOUT_START
329 0 2239561516 LICK
329 0 2239562056 TIMEOUT_START
329 0 2239750548 LICK
329 0 2239751084 TIMEOUT_START
329 0 2240052800 RESP_END
329 0 2246751640 TIMEOUT_END
330 1 2248696948 STIM_START
330 1 2249538328 LICK
330 1 2249669224 LICK
330 1 2249795580 STIM_END_RESP_START
330 1 2249853516 LICK
330 1 2249854056 REWARD_START
330 1 2250187416 LICK
330 1 2250610364 LICK
330 1 2250725356 LICK
330 1 2250835720 LICK
330 1 2250965396 LICK
330 1 2250995628 RESP_END
330 1 2249884608 REWARD_END
331 1 2259350112 STIM_START
331 1 2260448744 STIM_END_RESP_START
331 1 2261648768 RESP_END
332 0 2263484164 STIM_START
332 0 2263998452 LICK
332 0 2264150052 LICK
332 0 2264388056 LICK
332 0 2264510316 LICK
332 0 2264582812 STIM_END_RESP_START
332 0 2264875504 LICK
332 0 2264876044 TIMEOUT_START
332 0 2265096612 LICK
332 0 2265097144 TIMEOUT_START
332 0 2265782852 RESP_END
332 0 2272097700 TIMEOUT_END
333 0 2275532696 STIM_START
333 0 2276631328 STIM_END_RESP_START
333 0 2277831352 RESP_END
334 1 2279740620 STIM_START
334 1 2280575488 LICK
334 1 2280751616 LICK
334 1 2280839248 STIM_END_RESP_START
334 1 2280959608 LICK
334 1 2280960148 REWARD_START
334 1 2281435648 LICK
334 1 2281561336 LICK
334 1 2281717740 LICK
334 1 2281865080 LICK
334 1 2282039292 RESP_END
334 1 2280990700 REWARD_END
335 0 2284326112 STIM_START
335 0 2284351500 LICK
335 0 2284472692 LICK
335 0 2284649984 LICK
335 0 2284837604 LICK
335 0 2285045836 LICK
335 0 2285189680 LICK
335 0 2285381236 LICK
335 0 2285424744 STIM_END_RESP_START
335 0 2285723092 LICK
335 0 2285723628 TIMEOUT_START
335 0 2285945940 LICK
335 0 2285946472 TIMEOUT_START
335 0 2286126544 LICK
335 0 2286127076 TIMEOUT_START
335 0 2286624796 RESP_END
335 0 2293127636 TIMEOUT_END
336 0 2296839084 STIM_START
336 0 2297937752 STIM_END_RESP_START
336 0 2299137776 RESP_END
337 1 2301193848 STIM_START
337 1 2301615784 LICK
337 1 2301777192 LICK
337 1 2302126712 LICK
337 1 2302272524 LICK
337 1 2302292472 STIM_END_RESP_START
337 1 2302470756 LICK
337 1 2302471296 REWARD_START
337 1 2302966124 LICK
337 1 2303117100 LICK
337 1 2303298732 LICK
337 1 2303492516 RESP_END
337 1 2302501852 REWARD_END
338 0 2305342852 STIM_START
338 0 2306441480 STIM_END_RESP_START
338 0 2307641504 RESP_END
339 1 2309253160 STIM_START
339 1 2309554044 LICK
339 1 2309675712 LICK
339 1 2309870836 LICK
339 1 2310043272 LICK
339 1 2310180100 LICK
339 1 2310351800 STIM_END_RESP_START
339 1 2310381692 LICK
339 1 2310382228 REWARD_START
339 1 2310733312 LICK
339 1 2310871516 LICK
339 1 2311000248 LICK
339 1 2311165252 LICK
339 1 2311551808 RESP_END
339 1 2310412788 REWARD_END
340 1 2313602924 STIM_START
340 1 2314701552 STIM_END_RESP_START
340 1 2315901576 RESP_END
341 0 2317927748 STIM_START
341 0 2318226048 LICK
341 0 2318361396 LICK
341 0 2318554432 LICK
341 0 2318680276 LICK
341 0 2318874912 LICK
341 0 2319026404 STIM_END_RESP_START
341 0 2319066096 LICK
341 0 2319066632 TIMEOUT_START
341 0 2319213224 LICK
341 0 2319213760 TIMEOUT_START
341 0 2319862844 LICK
341 0 2319863376 TIMEOUT_START
341 0 2320003760 LICK
341 0 2320004296 TIMEOUT_START
341 0 2320162500 LICK
341 0 2320163036 TIMEOUT_START
341 0 2320226424 RESP_END
341 0 2327163584 TIMEOUT_END
342 0 2329034408 STIM_START
342 0 2329494036 LICK
342 0 2329731820 LICK
342 0 2329958508 LICK
342 0 2330133052 STIM_END_RESP_START
342 0 2330616344 LICK
342 0 2330616884 TIMEOUT_START
342 0 2330730700 LICK
342 0 2330731232 TIMEOUT_START
342 0 2330895392 LICK
342 0 2330895924 TIMEOUT_START
342 0 2331025312 LICK
342 0 2331025852 TIMEOUT_START
342 0 2331194196 LICK
342 0 2331194736 TIMEOUT_START
342 0 2331333084 RESP_END
342 0 2338195288 TIMEOUT_END
343 1 2340146008 STIM_START
343 1 2341018648 LICK
343 1 2341225532 LICK
343 1 2341244640 STIM_END_RESP_START
343 1 2341379396 LICK
343 1 2341379932 REWARD_START
343 1 2341676584 LICK
343 1 2341832608 LICK
343 1 2341963372 LICK
343 1 2342099044 LICK
343 1 2342444676 RESP_END
343 1 2341410492 REWARD_END
344 1 2344389912 STIM_START
344 1 2345488540 STIM_END_RESP_START
344 1 2346688568 RESP_END
345 0 2348653812 STIM_START
345 0 2348999992 LICK
345 0 2349175796 LICK
345 0 2349362424 LICK
345 0 2349500816 LICK
345 0 2349752448 STIM_END_RESP_START
345 0 2350363556 LICK
345 0 2350364096 TIMEOUT_START
345 0 2350487740 LICK
345 0 2350488272 TIMEOUT_START
345 0 2350660796 LICK
345 0 2350661332 TIMEOUT_START
345 0 2350763400 LICK
345 0 2350763932 TIMEOUT_START
345 0 2350952464 RESP_END
345 0 2357764504 TIMEOUT_END
346 0 2361541336 STIM_START
346 0 2362639964 STIM_END_RESP_START
346 0 2363839988 RESP_END
347 0 2365697320 STIM_START
347 0 2366285972 LICK
347 0 2366459184 LICK
347 0 2366795968 STIM_END_RESP_START
347 0 2366857672 LICK
347 0 2366858204 TIMEOUT_START
347 0 2366997940 LICK
347 0 2366998472 TIMEOUT_START
347 0 2367317824 LICK
347 0 2367318364 TIMEOUT_START
347 0 2367501552 LICK
347 0 2367502084 TIMEOUT_START
347 0 2367840692 LICK
347 0 2367841224 TIMEOUT_START
347 0 2367996004 RESP_END
347 0 2374841784 TIMEOUT_END
348 1 2376547280 STIM_START
348 1 2377108680 LICK
348 1 2377255208 LICK
348 1 2377645920 STIM_END_RESP_START
348 1 2378323552 LICK
348 1 2378324092 REWARD_START
348 1 2378517180 LICK
348 1 2378620824 LICK
348 1 2378803636 LICK
348 1 2378845968 RESP_END
348 1 2378354644 REWARD_END
349 1 2386203672 STIM_START
349 1 2387059216 LICK
349 1 2387190560 LICK
349 1 2387302304 STIM_END_RESP_START
349 1 2387506356 LICK
349 1 2387506892 REWARD_START
349 1 2387709852 LICK
349 1 2388175320 LICK
349 1 2388330972 LICK
349 1 2388447400 LICK
349 1 2388502316 RESP_END
349 1 2387537452 REWARD_END
350 1 2392851708 STIM_START
350 1 2393950336 STIM_END_RESP_START
350 1 2395150364 RESP_END
351 0 2397213464 STIM_START
351 0 2397639252 LICK
351 0 2397783900 LICK
351 0 2397957476 LICK
351 0 2398056648 LICK
351 0 2398312112 STIM_END_RESP_START
351 0 2398837720 LICK
351 0 2398838260 TIMEOUT_START
351 0 2398956416 LICK
351 0 2398956956 TIMEOUT_START
351 0 2399223404 LICK
351 0 2399223944 TIMEOUT_START
351 0 2399394108 LICK
351 0 2399394644 TIMEOUT_START
351 0 2399512152 RESP_END
351 0 2406395204 TIMEOUT_END
352 1 2408444956 STIM_START
352 1 2409543584 STIM_END_RESP_START
352 1 2410671000 LICK
352 1 2410671540 REWARD_START
352 1 2410743628 RESP_END
352 1 2410702100 REWARD_END
353 0 2420589352 STIM_START
353 0 2421687984 STIM_END_RESP_START
353 0 2422888012 RESP_END
354 1 2424924224 STIM_START
354 1 2426022884 STIM_END_RESP_START
354 1 2427222908 RESP_END
355 0 2429066208 STIM_START
355 0 2429473576 LICK
355 0 2429634776 LICK
355 0 2429733576 LICK
355 0 2430164864 STIM_END_RESP_START
355 0 2430264392 LICK
355 0 2430264928 TIMEOUT_START
355 0 2430421276 LICK
355 0 2430421812 TIMEOUT_START
355 0 2430739380 LICK
355 0 2430739920 TIMEOUT_START
355 0 2430972520 LICK
355 0 2430973060 TIMEOUT_START
355 0 2431285056 LICK
355 0 2431285596 TIMEOUT_START
355 0 2431364876 RESP_END
355 0 2438286148 TIMEOUT_END
356 1 2441399348 STIM_START
356 1 2442498008 STIM_END_RESP_START
356 1 2443698032 RESP_END
357 0 2445424484 STIM_START
357 0 2445727408 LICK
357 0 2445913152 LICK
357 0 2446523148 STIM_END_RESP_START
357 0 2446751512 LICK
357 0 2446752052 TIMEOUT_START
357 0 2446905500 LICK
357 0 2446906036 TIMEOUT_START
357 0 2447057436 LICK
357 0 2447057976 TIMEOUT_START
357 0 2447124124 LICK
357 0 2447124664 TIMEOUT_START
357 0 2447644548 LICK
357 0 2447645088 TIMEOUT_START
357 0 2447723192 RESP_END
357 0 2454645652 TIMEOUT_END
358 1 2456311436 STIM_START
358 1 2456780572 LICK
358 1 2456969372 LICK
358 1 2457093572 LICK
358 1 2457390944 LICK
358 1 2457410096 STIM_END_RESP_START
358 1 2457524580 LICK
358 1 2457525116 REWARD_START
358 1 2457597520 LICK
358 1 2458610144 RESP_END
358 1 2457555680 REWARD_END
359 1 2465327588 STIM_START
359 1 2465865572 LICK
359 1 2466053596 LICK
359 1 2466426244 STIM_END_RESP_START
359 1 2466539468 LICK
359 1 2466540008 REWARD_START
359 1 2466690400 LICK
359 1 2466819960 LICK
359 1 2466935256 LICK
359 1 2467059464 LICK
359 1 2467164220 LICK
359 1 2467329768 LICK
359 1 2467473620 LICK
359 1 2467612844 LICK
359 1 2467626260 RESP_END
359 1 2466570568 REWARD_END
360 1 2473502796 STIM_START
360 1 2474138452 LICK
360 1 2474313388 LICK
360 1 2474467388 LICK
360 1 2474601444 STIM_END_RESP_START
360 1 2474689640 LICK
360 1 2474690172 REWARD_START
360 1 2474843196 LICK
360 1 2475801484 RESP_END
360 1 2474720732 REWARD_END
361 0 2477850556 STIM_START
361 0 2478771208 LICK
361 0 2478949192 STIM_END_RESP_START
361 0 2478958588 LICK
361 0 2478959124 TIMEOUT_START
361 0 2479996136 LICK
361 0 2479996668 TIMEOUT_START
361 0 2480149228 RESP_END
361 0 2486997236 TIMEOUT_END
362 1 2491378340 STIM_START
362 1 2492476968 STIM_END_RESP_START
362 1 2493676992 RESP_END
363 0 2497537896 STIM_START
363 0 2498636564 STIM_END_RESP_START
363 0 2499836588 RESP_END
364 1 2501506116 STIM_START
364 1 2502194924 LICK
364 1 2502604780 STIM_END_RESP_START
364 1 2502736684 LICK
364 1 2502737224 REWARD_START
364 1 2502911104 LICK
364 1 2503274896 LICK
364 1 2503804812 RESP_END
364 1 2502767784 REWARD_END
365 1 2508391904 STIM_START
365 1 2509490532 STIM_END_RESP_START
365 1 2510690560 RESP_END
366 1 2512384060 STIM_START
366 1 2512774992 LICK
366 1 2513067520 LICK
366 1 2513288416 LICK
366 1 2513482688 STIM_END_RESP_START
366 1 2513593144 LICK
366 1 2513593684 REWARD_START
366 1 2514340164 LICK
366 1 2514486484 LICK
366 1 2514635036 LICK
366 1 2514682728 RESP_END
366 1 2513624248 REWARD_END
367 0 2519332728 STIM_START
367 0 2520431356 STIM_END_RESP_START
367 0 2521631384 RESP_END
368 0 2523266972 STIM_START
368 0 2523600068 LICK
368 0 2523761696 LICK
368 0 2524163360 LICK
368 0 2524365628 STIM_END_RESP_START
368 0 2524649136 LICK
368 0 2524649676 TIMEOUT_START
368 0 2524821696 LICK
368 0 2524822228 TIMEOUT_START
368 0 2525074312 LICK
368 0 2525074848 TIMEOUT_START
368 0 2525160460 LICK
368 0 2525160992 TIMEOUT_START
368 0 2525565652 RESP_END
368 0 2532161568 TIMEOUT_END
369 0 2534159884 STIM_START
369 0 2535167860 LICK
369 0 2535258540 STIM_END_RESP_START
369 0 2535581056 LICK
369 0 2535581588 TIMEOUT_START
369 0 2535659684 LICK
369 0 2535660216 TIMEOUT_START
369 0 2535756780 LICK
369 0 2535757324 TIMEOUT_START
369 0 2536056780 LICK
369 0 2536057320 TIMEOUT_START
369 0 2536458576 RESP_END
369 0 2543057872 TIMEOUT_END
370 1 2545025832 STIM_START
370 1 2545480696 LICK
370 1 2545846164 LICK
370 1 2545951352 LICK
370 1 2546124496 STIM_END_RESP_START
370 1 2546264828 LICK
370 1 2546265368 REWARD_START
370 1 2546400816 LICK
370 1 2547324544 RESP_END
370 1 2546295932 REWARD_END
371 1 2551707796 STIM_START
371 1 2552806428 STIM_END_RESP_START
371 1 2554006448 RESP_END
372 1 2555740956 STIM_START
372 1 2556358920 LICK
372 1 2556700764 LICK
372 1 2556830388 LICK
372 1 2556839616 STIM_END_RESP_START
372 1 2556943956 LICK
372 1 2556944496 REWARD_START
372 1 2558039636 RESP_END
372 1 2556975052 REWARD_END
373 0 2567706576 STIM_START
373 0 2568805208 STIM_END_RESP_START
373 0 2569221272 LICK
373 0 2569221804 TIMEOUT_START
373 0 2569380480 LICK
373 0 2569381016 TIMEOUT_START
373 0 2569535264 LICK
373 0 2569535800 TIMEOUT_START
373 0 2570005232 RESP_END
373 0 2576536360 TIMEOUT_END
374 1 2582574692 STIM_START
374 1 2583673360 STIM_END_RESP_START
374 1 2584873384 RESP_END
375 0 2589999768 STIM_START
375 0 2591098400 STIM_END_RESP_START
375 0 2592078876 LICK
375 0 2592079408 TIMEOUT_START
375 0 2592298432 RESP_END
375 0 2599079980 TIMEOUT_END
376 1 2602888312 STIM_START
376 1 2603630440 LICK
376 1 2603774728 LICK
376 1 2603986976 STIM_END_RESP_START
376 1 2604131548 LICK
376 1 2604132084 REWARD_START
376 1 2604206796 LICK
376 1 2604316476 LICK
376 1 2604425080 LICK
376 1 2604537884 LICK
376 1 2604651580 LICK
376 1 2604770868 LICK
376 1 2604901972 LICK
376 1 2605037056 LICK
376 1 2605152044 LICK
376 1 2605187000 RESP_END
376 1 2604162644 REWARD_END
377 0 2607429844 STIM_START
377 0 2608478780 LICK
377 0 2608528504 STIM_END_RESP_START
377 0 2608581512 LICK
377 0 2608582052 TIMEOUT_START
377 0 2609528156 LICK
377 0 2609528692 TIMEOUT_START
377 0 2609690100 LICK
377 0 2609690636 TIMEOUT_START
377 0 2609728552 RESP_END
377 0 2616691204 TIMEOUT_END
378 0 2621870488 STIM_START
378 0 2622969152 STIM_END_RESP_START
378 0 2624169176 RESP_END
379 1 2626228276 STIM_START
379 1 2627098492 LICK
379 1 2627326908 STIM_END_RESP_START
379 1 2627932056 LICK
379 1 2627932596 REWARD_START
379 1 2628097908 LICK
379 1 2628526956 RESP_END
379 1 2627963156 REWARD_END
380 0 2633789176 STIM_START
380 0 2634887804 STIM_END_RESP_START
380 0 2636087828 RESP_END
381 0 2639573236 STIM_START
381 0 2640617656 LICK
381 0 2640671880 STIM_END_RESP_START
381 0 2640849188 LICK
381 0 2640849720 TIMEOUT_START
381 0 2641795404 LICK
381 0 2641795936 TIMEOUT_START
381 0 2641871924 RESP_END
381 0 2648796504 TIMEOUT_END
382 1 2653093964 STIM_START
382 1 2653708024 LICK
382 1 2653896848 LICK
382 1 2654140816 LICK
382 1 2654192592 STIM_END_RESP_START
382 1 2654512736 LICK
382 1 2654513276 REWARD_START
382 1 2654698748 LICK
382 1 2655071100 LICK
382 1 2655197732 LICK
382 1 2655322828 LICK
382 1 2655392616 RESP_END
382 1 2654543828 REWARD_END
383 1 2658144912 STIM_START
383 1 2659243540 STIM_END_RESP_START
383 1 2660261964 LICK
383 1 2660262500 REWARD_START
383 1 2660337588 LICK
383 1 2660443556 RESP_END
383 1 2660293060 REWARD_END
384 0 2662289908 STIM_START
384 0 2662586612 LICK
384 0 2662700080 LICK
384 0 2662842500 LICK
384 0 2662960800 LICK
384 0 2663114304 LICK
384 0 2663239192 LICK
384 0 2663387988 LICK
384 0 2663388564 STIM_END_RESP_START
384 0 2663524816 LICK
384 0 2663525348 TIMEOUT_START
384 0 2663632444 LICK
384 0 2663632980 TIMEOUT_START
384 0 2663975888 LICK
384 0 2663976424 TIMEOUT_START
384 0 2664112632 LICK
384 0 2664113168 TIMEOUT_START
384 0 2664293384 LICK
384 0 2664293916 TIMEOUT_START
384 0 2664408128 LICK
384 0 2664408660 TIMEOUT_START
384 0 2664569672 LICK
384 0 2664570212 TIMEOUT_START
384 0 2664588596 RESP_END
384 0 2671570752 TIMEOUT_END
385 0 2673648300 STIM_START
385 0 2673699400 LICK
385 0 2673896824 LICK
385 0 2674069284 LICK
385 0 2674746948 STIM_END_RESP_START
385 0 2675375896 LICK
385 0 2675376436 TIMEOUT_START
385 0 2675607156 LICK
385 0 2675607696 TIMEOUT_START
385 0 2675944296 LICK
385 0 2675944836 TIMEOUT_START
385 0 2675946972 RESP_END
385 0 2682945396 TIMEOUT_END
386 1 2687318852 STIM_START
386 1 2688417484 STIM_END_RESP_START
386 1 2689617508 RESP_END
387 0 2691214212 STIM_START
387 0 2691760360 LICK
387 0 2692312836 STIM_END_RESP_START
387 0 2692943212 LICK
387 0 2692943744 TIMEOUT_START
387 0 2693145256 LICK
387 0 2693145792 TIMEOUT_START
387 0 2693324640 LICK
387 0 2693325176 TIMEOUT_START
387 0 2693502300 LICK
387 0 2693502832 TIMEOUT_START
387 0 2693512852 RESP_END
387 0 2700503392 TIMEOUT_END
388 0 2702455648 STIM_START
388 0 2702971124 LICK
388 0 2703177796 LICK
388 0 2703554304 STIM_END_RESP_START
388 0 2703649064 LICK
388 0 2703649596 TIMEOUT_START
388 0 2703762280 LICK
388 0 2703762816 TIMEOUT_START
388 0 2704754320 RESP_END
388 0 2710763380 TIMEOUT_END
389 0 2712692388 STIM_START
389 0 2713791016 STIM_END_RESP_START
389 0 2714991040 RESP_END
390 1 2721126244 STIM_START
390 1 2722224872 STIM_END_RESP_START
390 1 2723424896 RESP_END
391 1 2727757280 STIM_START
391 1 2728855908 STIM_END_RESP_START
391 1 2730055932 RESP_END
392 1 2731813404 STIM_START
392 1 2732912032 STIM_END_RESP_START
392 1 2734112056 RESP_END
393 0 2735810592 STIM_START
393 0 2736909256 STIM_END_RESP_START
393 0 2738109280 RESP_END
394 0 2739885700 STIM_START
394 0 2740984328 STIM_END_RESP_START
394 0 2742184352 RESP_END
395 1 2744219488 STIM_START
395 1 2745318160 STIM_END_RESP_START
395 1 2745535076 LICK
395 1 2745535616 REWARD_START
395 1 2745647560 LICK
395 1 2746518188 RESP_END
395 1 2745566172 REWARD_END
396 0 2751862328 STIM_START
396 0 2752318300 LICK
396 0 2752456276 LICK
396 0 2752771812 LICK
396 0 2752960984 STIM_END_RESP_START
396 0 2753206004 LICK
396 0 2753206540 TIMEOUT_START
396 0 2754161032 RESP_END
396 0 2760207092 TIMEOUT_END
397 0 2763629172 STIM_START
397 0 2764727804 STIM_END_RESP_START
397 0 2765927820 RESP_END
398 0 2771458764 STIM_START
398 0 2772557392 STIM_END_RESP_START
398 0 2773757416 RESP_END
399 1 2775508924 STIM_START
399 1 2776607556 STIM_END_RESP_START
399 1 2777807580 RESP_END
400 1 2779408232 STIM_START
400 1 2780502980 LICK
400 1 2780506876 STIM_END_RESP_START
400 1 2781483560 LICK
400 1 2781484096 REWARD_START
400 1 2781624456 LICK
400 1 2781706912 RESP_END
400 1 2781514652 REWARD_END
401 0 2783374448 STIM_START
401 0 2783620728 LICK
401 0 2783766364 LICK
401 0 2783914724 LICK
401 0 2784243180 LICK
401 0 2784357420 LICK
401 0 2784473116 STIM_END_RESP_START
401 0 2784829036 LICK
401 0 2784829576 TIMEOUT_START
401 0 2784988100 LICK
401 0 2784988636 TIMEOUT_START
401 0 2785091032 LICK
401 0 2785091568 TIMEOUT_START
401 0 2785358592 LICK
401 0 2785359128 TIMEOUT_START
401 0 2785477832 LICK
401 0 2785478364 TIMEOUT_START
401 0 2785673164 RESP_END
401 0 2792478932 TIMEOUT_END
402 1 2796943144 STIM_START
402 1 2798041776 STIM_END_RESP_START
402 1 2799241800 RESP_END
403 0 2800959332 STIM_START
403 0 2801438040 LICK
403 0 2801557840 LICK
403 0 2801948296 LICK
403 0 2802057968 STIM_END_RESP_START
403 0 2802210932 LICK
403 0 2802211464 TIMEOUT_START
403 0 2802532408 LICK
403 0 2802532940 TIMEOUT_START
403 0 2803258016 RESP_END
403 0 2809533508 TIMEOUT_END
404 0 2811545620 STIM_START
404 0 2812602964 LICK
404 0 2812644252 STIM_END_RESP_START
404 0 2812730344 LICK
404 0 2812730884 TIMEOUT_START
404 0 2812970044 LICK
404 0 2812970576 TIMEOUT_START
404 0 2813298672 LICK
404 0 2813299208 TIMEOUT_START
404 0 2813517736 LICK
404 0 2813518276 TIMEOUT_START
404 0 2813844276 RESP_END
404 0 2820518836 TIMEOUT_END
405 0 2822184824 STIM_START
405 0 2822990960 LICK
405 0 2823145596 LICK
405 0 2823283452 STIM_END_RESP_START
405 0 2824041872 LICK
405 0 2824042404 TIMEOUT_START
405 0 2824386956 LICK
405 0 2824387488 TIMEOUT_START
405 0 2824483496 RESP_END
405 0 2831388044 TIMEOUT_END
406 1 2833175632 STIM_START
406 1 2834274260 STIM_END_RESP_START
406 1 2835474284 RESP_END
407 0 2837426500 STIM_START
407 0 2838196308 LICK
407 0 2838347988 LICK
407 0 2838525156 STIM_END_RESP_START
407 0 2838668904 LICK
407 0 2838669444 TIMEOUT_START
407 0 2839570868 LICK
407 0 2839571400 TIMEOUT_START
407 0 2839725204 RESP_END
407 0 2846571960 TIMEOUT_END
408 0 2848537244 STIM_START
408 0 2848890544 LICK
408 0 2849532212 LICK
408 0 2849635888 STIM_END_RESP_START
408 0 2849677792 LICK
408 0 2849678324 TIMEOUT_START
408 0 2849929636 LICK
408 0 2849930168 TIMEOUT_START
408 0 2850835900 RESP_END
408 0 2856930728 TIMEOUT_END
409 0 2858803848 STIM_START
409 0 2859902512 STIM_END_RESP_START
409 0 2861102540 RESP_END
410 1 2863013780 STIM_START
410 1 2863792876 LICK
410 1 2864112412 STIM_END_RESP_START
410 1 2864176876 LICK
410 1 2864177416 REWARD_START
410 1 2865312428 RESP_END
410 1 2864207976 REWARD_END
411 0 2867204728 STIM_START
411 0 2868303364 STIM_END_RESP_START
411 0 2868315440 LICK
411 0 2868315980 TIMEOUT_START
411 0 2868463296 LICK
411 0 2868463836 TIMEOUT_START
411 0 2868602004 LICK
411 0 2868602536 TIMEOUT_START
411 0 2869391328 LICK
411 0 2869391864 TIMEOUT_START
411 0 2869503400 RESP_END
411 0 2876392424 TIMEOUT_END
412 1 2880511780 STIM_START
412 1 2881610412 STIM_END_RESP_START
412 1 2882810436 RESP_END
413 1 2888404296 STIM_START
413 1 2889502924 STIM_END_RESP_START
413 1 2890702948 RESP_END
414 1 2892772992 STIM_START
414 1 2893231428 LICK
414 1 2893391640 LICK
414 1 2893532276 LICK
414 1 2893683480 LICK
414 1 2893871636 STIM_END_RESP_START
414 1 2894205260 LICK
414 1 2894205792 REWARD_START
414 1 2894485180 LICK
414 1 2894732912 LICK
414 1 2894852728 LICK
414 1 2894972268 LICK
414 1 2895071652 RESP_END
414 1 2894236352 REWARD_END
415 0 2898930656 STIM_START
415 0 2900029304 STIM_END_RESP_START
415 0 2900032456 LICK
415 0 2900032992 TIMEOUT_START
415 0 2900207940 LICK
415 0 2900208472 TIMEOUT_START
415 0 2900359452 LICK
415 0 2900359984 TIMEOUT_START
415 0 2900592688 LICK
415 0 2900593216 TIMEOUT_START
415 0 2900714872 LICK
415 0 2900715404 TIMEOUT_START
415 0 2901073372 LICK
415 0 2901073904 TIMEOUT_START
415 0 2901229348 RESP_END
415 0 2908074472 TIMEOUT_END
416 1 2909682680 STIM_START
416 1 2910439000 LICK
416 1 2910781344 STIM_END_RESP_START
416 1 2910782556 LICK
416 1 2910783092 REWARD_START
416 1 2911981376 RESP_END
416 1 2910813644 REWARD_END
417 0 2913763816 STIM_START
417 0 2914862448 STIM_END_RESP_START
417 0 2915120916 LICK
417 0 2915121456 TIMEOUT_START
417 0 2915255904 LICK
417 0 2915256440 TIMEOUT_START
417 0 2915395324 LICK
417 0 2915395864 TIMEOUT_START
417 0 2915507584 LICK
417 0 2915508120 TIMEOUT_START
417 0 2915702652 LICK
417 0 2915703192 TIMEOUT_START
417 0 2915845024 LICK
417 0 2915845564 TIMEOUT_START
417 0 2915987432 LICK
417 0 2915987968 TIMEOUT_START
417 0 2916062468 RESP_END
417 0 2922988532 TIMEOUT_END
418 0 2924698652 STIM_START
418 0 2925797276 STIM_END_RESP_START
418 0 2926997300 RESP_END
419 1 2928870636 STIM_START
419 1 2929669104 LICK
419 1 2929950028 LICK
419 1 2929969264 STIM_END_RESP_START
419 1 2930296020 LICK
419 1 2930296556 REWARD_START
419 1 2930509572 LICK
419 1 2931056660 LICK
419 1 2931169312 RESP_END
419 1 2930327116 REWARD_END
420 1 2933662880 STIM_START
420 1 2934278608 LICK
420 1 2934761536 STIM_END_RESP_START
420 1 2934831332 LICK
420 1 2934831868 REWARD_START
420 1 2935961552 RESP_END
420 1 2934862428 REWARD_END
421 1 2939185240 STIM_START
421 1 2940283900 STIM_END_RESP_START
421 1 2941483928 RESP_END
422 0 2943097548 STIM_START
422 0 2943512228 LICK
422 0 2944196200 STIM_END_RESP_START
422 0 2944424048 LICK
422 0 2944424576 TIMEOUT_START
422 0 2945396240 RESP_END
422 0 2951425140 TIMEOUT_END
423 0 2953488048 STIM_START
423 0 2954414120 LICK
423 0 2954586696 STIM_END_RESP_START
423 0 2955786720 RESP_END
424 0 2957416312 STIM_START
424 0 2958514940 STIM_END_RESP_START
424 0 2959714968 RESP_END
425 1 2963968472 STIM_START
425 1 2965067100 STIM_END_RESP_START
425 1 2966267124 RESP_END
426 0 2968060572 STIM_START
426 0 2969159200 STIM_END_RESP_START
426 0 2970359224 RESP_END
427 1 2972360368 STIM_START
427 1 2973459028 STIM_END_RESP_START
427 1 2973879292 LICK
427 1 2973879832 REWARD_START
427 1 2974659072 RESP_END
427 1 2973910392 REWARD_END
428 1 2979694616 STIM_START
428 1 2980793244 STIM_END_RESP_START
428 1 2981993272 RESP_END
429 1 2983910544 STIM_START
429 1 2985009176 STIM_END_RESP_START
429 1 2986209196 RESP_END
430 0 2987862764 STIM_START
430 0 2988961416 STIM_END_RESP_START
430 0 2989031512 LICK
430 0 2989032048 TIMEOUT_START
430 0 2989145024 LICK
430 0 2989145564 TIMEOUT_START
430 0 2989264832 LICK
430 0 2989265368 TIMEOUT_START
430 0 2989392516 LICK
430 0 2989393056 TIMEOUT_START
430 0 2989517400 LICK
430 0 2989517940 TIMEOUT_START
430 0 2989651380 LICK
430 0 2989651912 TIMEOUT_START
430 0 2989770884 LICK
430 0 2989771420 TIMEOUT_START
430 0 2989906244 LICK
430 0 2989906776 TIMEOUT_START
430 0 2990027668 LICK
430 0 2990028208 TIMEOUT_START
430 0 2990161448 RESP_END
430 0 2997028776 TIMEOUT_END
431 0 2998873536 STIM_START
431 0 2999972172 STIM_END_RESP_START
431 0 3001172200 RESP_END
432 0 3003184368 STIM_START
432 0 3004237636 LICK
432 0 3004283004 STIM_END_RESP_START
432 0 3004564184 LICK
432 0 3004564720 TIMEOUT_START
432 0 3004750840 LICK
432 0 3004751380 TIMEOUT_START
432 0 3005057204 LICK
432 0 3005057736 TIMEOUT_START
432 0 3005443892 LICK
432 0 3005444428 TIMEOUT_START
432 0 3005483032 RESP_END
432 0 3012444988 TIMEOUT_END
433 1 3014061304 STIM_START
433 1 3015159940 STIM_END_RESP_START
433 1 3015290220 LICK
433 1 3015290752 REWARD_START
433 1 3016359976 RESP_END
433 1 3015321316 REWARD_END
434 0 3019557680 STIM_START
434 0 3020656312 STIM_END_RESP_START
434 0 3021856340 RESP_END
435 1 3023614812 STIM_START
435 1 3024181696 LICK
435 1 3024326824 LICK
435 1 3024442600 LICK
435 1 3024562968 LICK
435 1 3024697096 LICK
435 1 3024713436 STIM_END_RESP_START
435 1 3024816636 LICK
435 1 3024817176 REWARD_START
435 1 3024982440 LICK
435 1 3025097032 LICK
435 1 3025536332 LICK
435 1 3025665536 LICK
435 1 3025822096 LICK
435 1 3025913476 RESP_END
435 1 3024847732 REWARD_END
436 1 3027862752 STIM_START
436 1 3028438412 LICK
436 1 3028590116 LICK
436 1 3028722484 LICK
436 1 3028961412 STIM_END_RESP_START
436 1 3030161436 RESP_END
437 0 3032095620 STIM_START
437 0 3033194248 STIM_END_RESP_START
437 0 3034394272 RESP_END
438 0 3036098784 STIM_START
438 0 3037197412 STIM_END_RESP_START
438 0 3038397436 RESP_END
439 0 3040253836 STIM_START
439 0 3041352480 STIM_END_RESP_START
439 0 3041824164 LICK
439 0 3041824696 TIMEOUT_START
439 0 3042552500 RESP_END
439 0 3048825260 TIMEOUT_END
440 1 3050571416 STIM_START
440 1 3051670084 STIM_END_RESP_START
440 1 3052870108 RESP_END
441 1 3054799356 STIM_START
441 1 3055897988 STIM_END_RESP_START
441 1 3057098012 RESP_END
442 0 3059063232 STIM_START
442 0 3059879916 LICK
442 0 3059981988 LICK
442 0 3060121956 LICK
442 0 3060161880 STIM_END_RESP_START
442 0 3060258968 LICK
442 0 3060259504 TIMEOUT_START
442 0 3060373168 LICK
442 0 3060373708 TIMEOUT_START
442 0 3060529176 LICK
442 0 3060529712 TIMEOUT_START
442 0 3060661364 LICK
442 0 3060661896 TIMEOUT_START
442 0 3061361920 RESP_END
442 0 3067662468 TIMEOUT_END
443 0 3069429772 STIM_START
443 0 3070528396 STIM_END_RESP_START
443 0 3071728420 RESP_END
444 1 3073586784 STIM_START
444 1 3074685416 STIM_END_RESP_START
444 1 3075885440 RESP_END
445 0 3077963504 STIM_START
445 0 3079062136 STIM_END_RESP_START
445 0 3080262164 RESP_END
446 0 3082354260 STIM_START
446 0 3082834448 LICK
446 0 3083088644 LICK
446 0 3083452900 STIM_END_RESP_START
446 0 3084652912 RESP_END
447 1 3086440316 STIM_START
447 1 3087538948 STIM_END_RESP_START
447 1 3088738972 RESP_END
448 0 3090716196 STIM_START
448 0 3091814824 STIM_END_RESP_START
448 0 3093014852 RESP_END
449 0 3095067964 STIM_START
449 0 3096166596 STIM_END_RESP_START
449 0 3097366620 RESP_END
450 0 3099123092 STIM_START
450 0 3100221724 STIM_END_RESP_START
450 0 3101162536 LICK
450 0 3101163072 TIMEOUT_START
450 0 3101298696 LICK
450 0 3101299228 TIMEOUT_START
450 0 3101421760 RESP_END
450 0 3108299804 TIMEOUT_END
451 1 3114980012 STIM_START
451 1 3116078648 STIM_END_RESP_START
451 1 3117278672 RESP_END
452 1 3120178796 STIM_START
452 1 3121277428 STIM_END_RESP_START
452 1 3122477452 RESP_END
453 1 3124562524 STIM_START
453 1 3124989404 LICK
453 1 3125188932 LICK
453 1 3125282208 LICK
453 1 3125368284 LICK
453 1 3125603504 LICK
453 1 3125661160 STIM_END_RESP_START
453 1 3125789424 LICK
453 1 3125789964 REWARD_START
453 1 3126861172 RESP_END
453 1 3125820528 REWARD_END
454 0 3133648600 STIM_START
454 0 3134747236 STIM_END_RESP_START
454 0 3135947264 RESP_END
455 1 3137959428 STIM_START
455 1 3138711612 LICK
455 1 3139058060 STIM_END_RESP_START
455 1 3139072024 LICK
455 1 3139072556 REWARD_START
455 1 3139167256 LICK
455 1 3140258096 RESP_END
455 1 3139103120 REWARD_END
456 1 3142180372 STIM_START
456 1 3143279004 STIM_END_RESP_START
456 1 3144479032 RESP_END
457 1 3146235468 STIM_START
457 1 3147334100 STIM_END_RESP_START
457 1 3148534124 RESP_END
458 0 3150527324 STIM_START
458 0 3151625952 STIM_END_RESP_START
458 0 3152825980 RESP_END
459 0 3154431648 STIM_START
459 0 3155530280 STIM_END_RESP_START
459 0 3156730308 RESP_END
460 0 3158432820 STIM_START
460 0 3159531480 STIM_END_RESP_START
460 0 3160731508 RESP_END
461 1 3162679764 STIM_START
461 1 3163778392 STIM_END_RESP_START
461 1 3164978420 RESP_END
462 0 3166787804 STIM_START
462 0 3167886436 STIM_END_RESP_START
462 0 3169086456 RESP_END
463 0 3170948812 STIM_START
463 0 3172047444 STIM_END_RESP_START
463 0 3173247468 RESP_END
464 1 3175260636 STIM_START
464 1 3176359264 STIM_END_RESP_START
464 1 3177559292 RESP_END
465 1 3179628352 STIM_START
465 1 3180726984 STIM_END_RESP_START
465 1 3181927008 RESP_END
466 1 3183565632 STIM_START
466 1 3184664264 STIM_END_RESP_START
466 1 3185864288 RESP_END
467 0 3187599824 STIM_START
467 0 3188698456 STIM_END_RESP_START
467 0 3189898480 RESP_END
468 1 3191659904 STIM_START
468 1 3192758572 STIM_END_RESP_START
468 1 3193958600 RESP_END
469 1 3195996696 STIM_START
469 1 3197095328 STIM_END_RESP_START
USER_EXIT