001 1 0007048004 STIM_START
001 1 0007363116 LICK
001 1 0007530600 LICK
001 1 0007939080 LICK
001 1 0008103764 LICK
001 1 0008146640 STIM_END_RESP_START
001 1 0008289096 LICK
001 1 0008289488 REWARD_START
001 1 0008445024 LICK
001 1 0008589284 LICK
001 1 0008719916 LICK
001 1 0008864256 LICK
001 1 0009223484 LICK
001 1 0009346672 RESP_END
001 1 0008339900 REWARD_END
002 0 0012584372 STIM_START
002 0 0012772472 LICK
002 0 0012960808 LICK
002 0 0013683008 STIM_END_RESP_START
002 0 0014478748 LICK
002 0 0014479180 TIMEOUT_START
002 0 0014605728 LICK
002 0 0014606164 TIMEOUT_START
002 0 0014883056 RESP_END
002 0 0021606628 TIMEOUT_END
003 0 0023247644 STIM_START
003 0 0024346276 STIM_END_RESP_START
003 0 0024906676 LICK
003 0 0024907116 TIMEOUT_START
003 0 0025065308 LICK
003 0 0025065748 TIMEOUT_START
003 0 0025273248 LICK
003 0 0025273692 TIMEOUT_START
003 0 0025445948 LICK
003 0 0025446384 TIMEOUT_START
003 0 0025546312 RESP_END
003 0 0032446844 TIMEOUT_END
004 1 0034199440 STIM_START
004 1 0034577028 LICK
004 1 0034739224 LICK
004 1 0034905452 LICK
004 1 0035066964 LICK
004 1 0035257904 LICK
004 1 0035298100 STIM_END_RESP_START
004 1 0035701952 LICK
004 1 0035702392 REWARD_START
004 1 0035859224 LICK
004 1 0036008500 LICK
004 1 0036129368 LICK
004 1 0036260772 LICK
004 1 0036498128 RESP_END
004 1 0035752848 REWARD_END
005 0 0039748844 STIM_START
005 0 0040847476 STIM_END_RESP_START
005 0 0042047504 RESP_END
006 0 0044010732 STIM_START
006 0 0045109364 STIM_END_RESP_START
006 0 0046309392 RESP_END
007 0 0048157772 STIM_START
007 0 0049256436 STIM_END_RESP_START
007 0 0050456460 RESP_END
008 1 0052121036 STIM_START
008 1 0052596676 LICK
008 1 0052760212 LICK
008 1 0052919112 LICK
008 1 0053079668 LICK
008 1 0053219680 STIM_END_RESP_START
008 1 0053265600 LICK
008 1 0053266036 REWARD_START
008 1 0053410924 LICK
008 1 0053659076 LICK
008 1 0053785248 LICK
008 1 0053929396 LICK
008 1 0054419716 RESP_END
008 1 0053316492 REWARD_END
009 1 0058903904 STIM_START
009 1 0059183896 LICK
009 1 0059351668 LICK
009 1 0059521748 LICK
009 1 0059696508 LICK
009 1 0059875760 LICK
009 1 0060002576 STIM_END_RESP_START
009 1 0060046396 LICK
009 1 0060046836 REWARD_START
009 1 0060204844 LICK
009 1 0060339336 LICK
009 1 0060461560 LICK
009 1 0060592980 LICK
009 1 0061202624 RESP_END
009 1 0060097292 REWARD_END
010 1 0065290256 STIM_START
010 1 0065543880 LICK
010 1 0065699016 LICK
010 1 0065883192 LICK
010 1 0066267028 LICK
010 1 0066388892 STIM_END_RESP_START
010 1 0066442620 LICK
010 1 0066443056 REWARD_START
010 1 0066596588 LICK
010 1 0066737212 LICK
010 1 0066860688 LICK
010 1 0066992368 LICK
010 1 0067588924 RESP_END
010 1 0066493520 REWARD_END
011 0 0071607672 STIM_START
011 0 0072071580 LICK
011 0 0072250660 LICK
011 0 0072451436 LICK
011 0 0072644172 LICK
011 0 0072706316 STIM_END_RESP_START
011 0 0073115620 LICK
011 0 0073116064 TIMEOUT_START
011 0 0073239684 LICK
011 0 0073240120 TIMEOUT_START
011 0 0073391916 LICK
011 0 0073392364 TIMEOUT_START
011 0 0073567040 LICK
011 0 0073567484 TIMEOUT_START
011 0 0073762128 LICK
011 0 0073762564 TIMEOUT_START
011 0 0073906340 RESP_END
011 0 0080763016 TIMEOUT_END
012 0 0082660480 STIM_START
012 0 0082754440 LICK
012 0 0082940020 LICK
012 0 0083759124 STIM_END_RESP_START
012 0 0084959148 RESP_END
013 1 0086726608 STIM_START
013 1 0087027924 LICK
013 1 0087314912 LICK
013 1 0087482052 LICK
013 1 0087662292 LICK
013 1 0087825248 STIM_END_RESP_START
013 1 0087838324 LICK
013 1 0087838768 REWARD_START
013 1 0088014108 LICK
013 1 0088147756 LICK
013 1 0088270676 LICK
013 1 0088394384 LICK
013 1 0088531720 LICK
013 1 0089025268 RESP_END
013 1 0087889224 REWARD_END
014 1 0092428740 STIM_START
014 1 0092677828 LICK
014 1 0092829804 LICK
014 1 0093024628 LICK
014 1 0093191456 LICK
014 1 0093364744 LICK
014 1 0093527412 STIM_END_RESP_START
014 1 0093529976 LICK
014 1 0093530420 REWARD_START
014 1 0093698108 LICK
014 1 0093831276 LICK
014 1 0093952740 LICK
014 1 0094085024 LICK
014 1 0094727436 RESP_END
014 1 0093580880 REWARD_END
015 0 0098107020 STIM_START
015 0 0099205656 STIM_END_RESP_START
015 0 0100405680 RESP_END
016 0 0102456776 STIM_START
016 0 0103555424 STIM_END_RESP_START
016 0 0104755464 RESP_END
017 1 0106342108 STIM_START
017 1 0107425032 LICK
017 1 0107440744 STIM_END_RESP_START
017 1 0107591612 LICK
017 1 0107592100 REWARD_START
017 1 0107753072 LICK
017 1 0107893364 LICK
017 1 0108001868 LICK
017 1 0108135064 LICK
017 1 0108640788 RESP_END
017 1 0107642604 REWARD_END
018 0 0111725736 STIM_START
018 0 0112824384 STIM_END_RESP_START
018 0 0114024420 RESP_END
019 0 0115810840 STIM_START
019 0 0116909492 STIM_END_RESP_START
019 0 0117096124 LICK
019 0 0117096616 TIMEOUT_START
019 0 0118109508 RESP_END
019 0 0124097108 TIMEOUT_END
020 0 0125857800 STIM_START
020 0 0126956440 STIM_END_RESP_START
020 0 0127537512 LICK
020 0 0127537996 TIMEOUT_START
020 0 0128156456 RESP_END
020 0 0134538500 TIMEOUT_END
021 1 0136386168 STIM_START
021 1 0136793172 LICK
021 1 0136956936 LICK
021 1 0137120612 LICK
021 1 0137285356 LICK
021 1 0137447660 LICK
021 1 0137484812 STIM_END_RESP_START
021 1 0137616056 LICK
021 1 0137616544 REWARD_START
021 1 0137753360 LICK
021 1 0137890128 LICK
021 1 0138003492 LICK
021 1 0138132352 LICK
021 1 0138258336 LICK
021 1 0138684836 RESP_END
021 1 0137667048 REWARD_END
022 0 0140530232 STIM_START
022 0 0141628884 STIM_END_RESP_START
022 0 0142828924 RESP_END
023 0 0144579412 STIM_START
023 0 0145678060 STIM_END_RESP_START
023 0 0146878104 RESP_END
024 1 0148703432 STIM_START
024 1 0149802080 STIM_END_RESP_START
024 1 0150071416 LICK
024 1 0150071904 REWARD_START
024 1 0150220440 LICK
024 1 0150355524 LICK
024 1 0150466064 LICK
024 1 0150583356 LICK
024 1 0151002108 RESP_END
024 1 0150122408 REWARD_END
025 1 0152743620 STIM_START
025 1 0153051764 LICK
025 1 0153209228 LICK
025 1 0153382504 LICK
025 1 0153537924 LICK
025 1 0153706740 LICK
025 1 0153842264 STIM_END_RESP_START
025 1 0153861824 LICK
025 1 0153862316 REWARD_START
025 1 0154021256 LICK
025 1 0154160828 LICK
025 1 0154281668 LICK
025 1 0154408940 LICK
025 1 0155042284 RESP_END
025 1 0153912820 REWARD_END
026 1 0156727868 STIM_START
026 1 0157052212 LICK
026 1 0157190400 LICK
026 1 0157345976 LICK
026 1 0157692580 LICK
026 1 0157826508 STIM_END_RESP_START
026 1 0157862988 LICK
026 1 0157863472 REWARD_START
026 1 0158024380 LICK
026 1 0158165204 LICK
026 1 0158292292 LICK
026 1 0158421988 LICK
026 1 0158855680 LICK
026 1 0159011288 LICK
026 1 0159026536 RESP_END
026 1 0157913976 REWARD_END
027 0 0160862888 STIM_START
027 0 0161961540 STIM_END_RESP_START
027 0 0163161584 RESP_END
028 0 0167287192 STIM_START
028 0 0168385844 STIM_END_RESP_START
028 0 0169585884 RESP_END
029 0 0171357344 STIM_START
029 0 0172455992 STIM_END_RESP_START
029 0 0173656032 RESP_END
030 1 0175364548 STIM_START
030 1 0175917016 LICK
030 1 0176085236 LICK
030 1 0176279132 LICK
030 1 0176446872 LICK
030 1 0176463200 STIM_END_RESP_START
030 1 0176626912 LICK
030 1 0176627396 REWARD_START
030 1 0176777880 LICK
030 1 0176921660 LICK
030 1 0177036460 LICK
030 1 0177164660 LICK
030 1 0177306000 LICK
030 1 0177663244 RESP_END
030 1 0176677908 REWARD_END
031 1 0179443692 STIM_START
031 1 0179687100 LICK
031 1 0179854312 LICK
031 1 0180042264 LICK
031 1 0180226032 LICK
031 1 0180413500 LICK
031 1 0180542344 STIM_END_RESP_START
031 1 0180579504 LICK
031 1 0180579988 REWARD_START
031 1 0180738988 LICK
031 1 0180887380 LICK
031 1 0181008484 LICK
031 1 0181146604 LICK
031 1 0181292124 LICK
031 1 0181742364 RESP_END
031 1 0180630492 REWARD_END
032 1 0183862388 STIM_START
032 1 0184108956 LICK
032 1 0184303300 LICK
032 1 0184961016 STIM_END_RESP_START
032 1 0185154228 LICK
032 1 0185154716 REWARD_START
032 1 0185313680 LICK
032 1 0185456088 LICK
032 1 0185580944 LICK
032 1 0185716640 LICK
032 1 0186161036 RESP_END
032 1 0185205220 REWARD_END
033 0 0188096300 STIM_START
033 0 0188116820 LICK
033 0 0189194952 STIM_END_RESP_START
033 0 0190280892 LICK
033 0 0190281376 TIMEOUT_START
033 0 0190394976 RESP_END
033 0 0197281876 TIMEOUT_END
034 0 0199242976 STIM_START
034 0 0200341624 STIM_END_RESP_START
034 0 0201463784 LICK
034 0 0201464272 TIMEOUT_START
034 0 0201541652 RESP_END
034 0 0208464768 TIMEOUT_END
035 1 0210149900 STIM_START
035 1 0210527656 LICK
035 1 0210703248 LICK
035 1 0211073540 LICK
035 1 0211242908 LICK
035 1 0211248572 STIM_END_RESP_START
035 1 0211398504 LICK
035 1 0211398996 REWARD_START
035 1 0211530540 LICK
035 1 0211665256 LICK
035 1 0211780776 LICK
035 1 0211898608 LICK
035 1 0212030292 LICK
035 1 0212448600 RESP_END
035 1 0211449496 REWARD_END
036 1 0214347900 STIM_START
036 1 0214565296 LICK
036 1 0214755404 LICK
036 1 0214945112 LICK
036 1 0215145024 LICK
036 1 0215317184 LICK
036 1 0215446564 STIM_END_RESP_START
036 1 0215491224 LICK
036 1 0215491712 REWARD_START
036 1 0215669364 LICK
036 1 0215808140 LICK
036 1 0215933252 LICK
036 1 0216068000 LICK
036 1 0216646576 RESP_END
036 1 0215542216 REWARD_END
037 0 0219340908 STIM_START
037 0 0220439560 STIM_END_RESP_START
037 0 0221639596 RESP_END
038 0 0223592808 STIM_START
038 0 0223929808 LICK
038 0 0224691456 STIM_END_RESP_START
038 0 0225891500 RESP_END
039 1 0227634996 STIM_START
039 1 0227952492 LICK
039 1 0228098976 LICK
039 1 0228496372 LICK
039 1 0228660676 LICK
039 1 0228733644 STIM_END_RESP_START
039 1 0228817016 LICK
039 1 0228817500 REWARD_START
039 1 0228973628 LICK
039 1 0229112028 LICK
039 1 0229235004 LICK
039 1 0229371468 LICK
039 1 0229933656 RESP_END
039 1 0228868004 REWARD_END
040 0 0231962756 STIM_START
040 0 0233061408 STIM_END_RESP_START
040 0 0234261448 RESP_END
041 1 0235990988 STIM_START
041 1 0236428364 LICK
041 1 0236595004 LICK
041 1 0236753324 LICK
041 1 0236903516 LICK
041 1 0237075868 LICK
041 1 0237089624 STIM_END_RESP_START
041 1 0237226692 LICK
041 1 0237227184 REWARD_START
041 1 0237357076 LICK
041 1 0237504584 LICK
041 1 0237614104 LICK
041 1 0237746424 LICK
041 1 0238289652 RESP_END
041 1 0237277688 REWARD_END
042 0 0239987224 STIM_START
042 0 0241085876 STIM_END_RESP_START
042 0 0242285920 RESP_END
043 0 0244254052 STIM_START
043 0 0245352704 STIM_END_RESP_START
043 0 0246552748 RESP_END
044 0 0248597916 STIM_START
044 0 0249696568 STIM_END_RESP_START
044 0 0250896608 RESP_END
045 1 0252624088 STIM_START
045 1 0253101904 LICK
045 1 0253264964 LICK
045 1 0253430644 LICK
045 1 0253588880 LICK
045 1 0253722760 STIM_END_RESP_START
045 1 0253752932 LICK
045 1 0253753424 REWARD_START
045 1 0253906884 LICK
045 1 0254040036 LICK
045 1 0254162772 LICK
045 1 0254299076 LICK
045 1 0254922792 RESP_END
045 1 0253803928 REWARD_END
046 0 0256672180 STIM_START
046 0 0257770828 STIM_END_RESP_START
046 0 0258970872 RESP_END
047 0 0260736380 STIM_START
047 0 0261835028 STIM_END_RESP_START
047 0 0263035072 RESP_END
048 1 0265085160 STIM_START
048 1 0265539884 LICK
048 1 0265708800 LICK
048 1 0265884060 LICK
048 1 0266049084 LICK
048 1 0266183832 STIM_END_RESP_START
048 1 0266210700 LICK
048 1 0266211188 REWARD_START
048 1 0266367424 LICK
048 1 0266501624 LICK
048 1 0266630656 LICK
048 1 0266755696 LICK
048 1 0267383848 RESP_END
048 1 0266261700 REWARD_END
049 0 0269144308 STIM_START
049 0 0270242956 STIM_END_RESP_START
049 0 0271443000 RESP_END
050 1 0273518056 STIM_START
050 1 0273793608 LICK
050 1 0273954684 LICK
050 1 0274107936 LICK
050 1 0274266000 LICK
050 1 0274422520 LICK
050 1 0274568604 LICK
050 1 0274616696 STIM_END_RESP_START
050 1 0274737264 LICK
050 1 0274737752 REWARD_START
050 1 0274907420 LICK
050 1 0275036384 LICK
050 1 0275153676 LICK
050 1 0275280760 LICK
050 1 0275816716 RESP_END
050 1 0274788256 REWARD_END
051 1 0277667108 STIM_START
051 1 0277906320 LICK
051 1 0278059328 LICK
051 1 0278228332 LICK
051 1 0278402948 LICK
051 1 0278569960 LICK
051 1 0278731968 LICK
051 1 0278765756 STIM_END_RESP_START
051 1 0278893780 LICK
051 1 0278894268 REWARD_START
051 1 0279050292 LICK
051 1 0279196856 LICK
051 1 0279328712 LICK
051 1 0279467448 LICK
051 1 0279965768 RESP_END
051 1 0278944776 REWARD_END
052 1 0283533088 STIM_START
052 1 0283783848 LICK
052 1 0283932780 LICK
052 1 0284122940 LICK
052 1 0284285892 LICK
052 1 0284458432 LICK
052 1 0284611504 LICK
052 1 0284631744 STIM_END_RESP_START
052 1 0284765312 LICK
052 1 0284765800 REWARD_START
052 1 0284905084 LICK
052 1 0285045284 LICK
052 1 0285174764 LICK
052 1 0285308908 LICK
052 1 0285831776 RESP_END
052 1 0284816304 REWARD_END
053 0 0287565268 STIM_START
053 0 0288663916 STIM_END_RESP_START
053 0 0289863964 RESP_END
054 0 0291711272 STIM_START
054 0 0292140252 LICK
054 0 0292325492 LICK
054 0 0292642012 LICK
054 0 0292809940 STIM_END_RESP_START
054 0 0292812592 LICK
054 0 0292813088 TIMEOUT_START
054 0 0294009988 RESP_END
054 0 0299813600 TIMEOUT_END
055 0 0301860176 STIM_START
055 0 0302958828 STIM_END_RESP_START
055 0 0304158872 RESP_END
056 1 0306109052 STIM_START
056 1 0307207704 STIM_END_RESP_START
056 1 0307742480 LICK
056 1 0307742972 REWARD_START
056 1 0307910896 LICK
056 1 0308042964 LICK
056 1 0308156788 LICK
056 1 0308271124 LICK
056 1 0308404212 LICK
056 1 0308407732 RESP_END
056 1 0307793476 REWARD_END
057 1 0310150220 STIM_START
057 1 0310284180 LICK
057 1 0310485904 LICK
057 1 0310659712 LICK
057 1 0310829432 LICK
057 1 0311000580 LICK
057 1 0311161608 LICK
057 1 0311248884 STIM_END_RESP_START
057 1 0311334924 LICK
057 1 0311335412 REWARD_START
057 1 0311505596 LICK
057 1 0311643420 LICK
057 1 0311771572 LICK
057 1 0311900832 LICK
057 1 0312448908 RESP_END
057 1 0311385916 REWARD_END
058 0 0315364000 STIM_START
058 0 0315760000 LICK
058 0 0315963316 LICK
058 0 0316134076 LICK
058 0 0316462632 STIM_END_RESP_START
058 0 0317662676 RESP_END
059 0 0319402128 STIM_START
059 0 0320500780 STIM_END_RESP_START
059 0 0321700820 RESP_END
060 0 0323529220 STIM_START
060 0 0324627868 STIM_END_RESP_START
060 0 0325827912 RESP_END
061 1 0331457732 STIM_START
061 1 0332556380 STIM_END_RESP_START
061 1 0333756424 RESP_END
062 0 0335406980 STIM_START
062 0 0336505632 STIM_END_RESP_START
062 0 0337705672 RESP_END
063 1 0339359268 STIM_START
063 1 0340457916 STIM_END_RESP_START
063 1 0340972144 LICK
063 1 0340972636 REWARD_START
063 1 0341145928 LICK
063 1 0341278700 LICK
063 1 0341395508 LICK
063 1 0341522756 LICK
063 1 0341657944 RESP_END
063 1 0341023140 REWARD_END
064 0 0343502332 STIM_START
064 0 0343944856 LICK
064 0 0344097304 LICK
064 0 0344247768 LICK
064 0 0344408576 LICK
064 0 0344592540 LICK
064 0 0344600988 STIM_END_RESP_START
064 0 0344766756 LICK
064 0 0344767240 TIMEOUT_START
064 0 0344962920 LICK
064 0 0344963412 TIMEOUT_START
064 0 0345801004 RESP_END
064 0 0351963912 TIMEOUT_END
065 1 0353630156 STIM_START
065 1 0354728804 STIM_END_RESP_START
065 1 0355484356 LICK
065 1 0355484848 REWARD_START
065 1 0355667268 LICK
065 1 0355809844 LICK
065 1 0355917244 LICK
065 1 0355928824 RESP_END
065 1 0355535356 REWARD_END
066 1 0359146544 STIM_START
066 1 0359519144 LICK
066 1 0359689092 LICK
066 1 0359877064 LICK
066 1 0360042732 LICK
066 1 0360200764 LICK
066 1 0360245176 STIM_END_RESP_START
066 1 0360379936 LICK
066 1 0360380428 REWARD_START
066 1 0360527484 LICK
066 1 0360665184 LICK
066 1 0360783316 LICK
066 1 0360914320 LICK
066 1 0361445224 RESP_END
066 1 0360430936 REWARD_END
067 1 0363567288 STIM_START
067 1 0363757820 LICK
067 1 0363907184 LICK
067 1 0364087848 LICK
067 1 0364269856 LICK
067 1 0364458032 LICK
067 1 0364606000 LICK
067 1 0364665936 STIM_END_RESP_START
067 1 0364761044 LICK
067 1 0364761536 REWARD_START
067 1 0364919980 LICK
067 1 0365070812 LICK
067 1 0365200364 LICK
067 1 0365337812 LICK
067 1 0365865976 RESP_END
067 1 0364812044 REWARD_END
068 0 0368736108 STIM_START
068 0 0369834756 STIM_END_RESP_START
068 0 0371034800 RESP_END
069 0 0372783252 STIM_START
069 0 0373881900 STIM_END_RESP_START
069 0 0375081940 RESP_END
070 1 0377129072 STIM_START
070 1 0377358052 LICK
070 1 0377532704 LICK
070 1 0377684068 LICK
070 1 0377856788 LICK
070 1 0378003208 LICK
070 1 0378164056 LICK
070 1 0378227736 STIM_END_RESP_START
070 1 0378318120 LICK
070 1 0378318604 REWARD_START
070 1 0378472544 LICK
070 1 0378600584 LICK
070 1 0378721384 LICK
070 1 0378852944 LICK
070 1 0379427764 RESP_END
070 1 0378369116 REWARD_END
071 0 0381194196 STIM_START
071 0 0382292848 STIM_END_RESP_START
071 0 0383492892 RESP_END
072 0 0385286308 STIM_START
072 0 0386384956 STIM_END_RESP_START
072 0 0387584992 RESP_END
073 0 0389455304 STIM_START
073 0 0390384872 LICK
073 0 0390553972 STIM_END_RESP_START
073 0 0390559464 LICK
073 0 0390559956 TIMEOUT_START
073 0 0390719636 LICK
073 0 0390720124 TIMEOUT_START
073 0 0390870068 LICK
073 0 0390870552 TIMEOUT_START
073 0 0391028096 LICK
073 0 0391028580 TIMEOUT_START
073 0 0391194832 LICK
073 0 0391195316 TIMEOUT_START
073 0 0391382972 LICK
073 0 0391383464 TIMEOUT_START
073 0 0391753980 RESP_END
073 0 0398383968 TIMEOUT_END
074 1 0400405192 STIM_START
074 1 0400841176 LICK
074 1 0401008868 LICK
074 1 0401177160 LICK
074 1 0401495076 LICK
074 1 0401503828 STIM_END_RESP_START
074 1 0401647484 LICK
074 1 0401647976 REWARD_START
074 1 0401810560 LICK
074 1 0401950316 LICK
074 1 0402069836 LICK
074 1 0402208556 LICK
074 1 0402703852 RESP_END
074 1 0401698484 REWARD_END
075 0 0404403412 STIM_START
075 0 0405502060 STIM_END_RESP_START
075 0 0406702108 RESP_END
076 0 0408610392 STIM_START
076 0 0409709044 STIM_END_RESP_START
076 0 0410909084 RESP_END
077 0 0412834288 STIM_START
077 0 0413932936 STIM_END_RESP_START
077 0 0414799604 LICK
077 0 0414800096 TIMEOUT_START
077 0 0414962880 LICK
077 0 0414963364 TIMEOUT_START
077 0 0415106880 LICK
077 0 0415107372 TIMEOUT_START
077 0 0415132984 RESP_END
077 0 0422107872 TIMEOUT_END
078 1 0423705336 STIM_START
078 1 0423929736 LICK
078 1 0424103316 LICK
078 1 0424258944 LICK
078 1 0424435172 LICK
078 1 0424580860 LICK
078 1 0424739944 LICK
078 1 0424804000 STIM_END_RESP_START
078 1 0424896976 LICK
078 1 0424897460 REWARD_START
078 1 0425059688 LICK
078 1 0425301392 LICK
078 1 0425440656 LICK
078 1 0425580680 LICK
078 1 0426004024 RESP_END
078 1 0424947968 REWARD_END
079 0 0427965240 STIM_START
079 0 0429063888 STIM_END_RESP_START
079 0 0430263932 RESP_END
080 1 0432271072 STIM_START
080 1 0433369712 STIM_END_RESP_START
080 1 0433388608 LICK
080 1 0433389092 REWARD_START
080 1 0433556452 LICK
080 1 0433682868 LICK
080 1 0433804116 LICK
080 1 0433925184 LICK
080 1 0434569748 RESP_END
080 1 0433439600 REWARD_END
081 1 0436506008 STIM_START
081 1 0436738452 LICK
081 1 0436901584 LICK
081 1 0437066052 LICK
081 1 0437239656 LICK
081 1 0437410508 LICK
081 1 0437588452 LICK
081 1 0437604644 STIM_END_RESP_START
081 1 0437751204 LICK
081 1 0437751692 REWARD_START
081 1 0437917448 LICK
081 1 0438053112 LICK
081 1 0438177780 LICK
081 1 0438314384 LICK
081 1 0438804672 RESP_END
081 1 0437802204 REWARD_END
082 0 0440793892 STIM_START
082 0 0441133668 LICK
082 0 0441892552 STIM_END_RESP_START
082 0 0443092596 RESP_END
083 1 0444743160 STIM_START
083 1 0444993732 LICK
083 1 0445163364 LICK
083 1 0445349560 LICK
083 1 0445530056 LICK
083 1 0445679008 LICK
083 1 0445841800 STIM_END_RESP_START
083 1 0445850020 LICK
083 1 0445850512 REWARD_START
083 1 0445989604 LICK
083 1 0446128716 LICK
083 1 0446250732 LICK
083 1 0446384876 LICK
083 1 0447041840 RESP_END
083 1 0445901020 REWARD_END
084 0 0449422500 STIM_START
084 0 0450521152 STIM_END_RESP_START
084 0 0451721192 RESP_END
085 1 0453570592 STIM_START
085 1 0454078880 LICK
085 1 0454247388 LICK
085 1 0454415628 LICK
085 1 0454597368 LICK
085 1 0454669228 STIM_END_RESP_START
085 1 0454752144 LICK
085 1 0454752632 REWARD_START
085 1 0454915696 LICK
085 1 0455056400 LICK
085 1 0455183424 LICK
085 1 0455313196 LICK
085 1 0455749612 LICK
085 1 0455869248 RESP_END
085 1 0454803140 REWARD_END
086 1 0457912412 STIM_START
086 1 0458129432 LICK
086 1 0458319964 LICK
086 1 0458902952 LICK
086 1 0459011044 STIM_END_RESP_START
086 1 0459061308 LICK
086 1 0459061792 REWARD_START
086 1 0459219240 LICK
086 1 0459360392 LICK
086 1 0459485164 LICK
086 1 0459614492 LICK
086 1 0459759900 LICK
086 1 0460211084 RESP_END
086 1 0459112296 REWARD_END
087 0 0461827672 STIM_START
087 0 0462926320 STIM_END_RESP_START
087 0 0464126360 RESP_END
088 0 0467462916 STIM_START
088 0 0468561564 STIM_END_RESP_START
088 0 0469761612 RESP_END
089 0 0471531096 STIM_START
089 0 0472560924 LICK
089 0 0472629760 STIM_END_RESP_START
089 0 0472734560 LICK
089 0 0472735048 TIMEOUT_START
089 0 0472911508 LICK
089 0 0472912000 TIMEOUT_START
089 0 0473080592 LICK
089 0 0473081084 TIMEOUT_START
089 0 0473250760 LICK
089 0 0473251248 TIMEOUT_START
089 0 0473441844 LICK
089 0 0473442336 TIMEOUT_START
089 0 0473829788 RESP_END
089 0 0480442840 TIMEOUT_END
090 1 0482391044 STIM_START
090 1 0482831024 LICK
090 1 0482994252 LICK
090 1 0483150544 LICK
090 1 0483307112 LICK
090 1 0483455328 LICK
090 1 0483489676 STIM_END_RESP_START
090 1 0483616992 LICK
090 1 0483617476 REWARD_START
090 1 0483768908 LICK
090 1 0483901576 LICK
090 1 0484013448 LICK
090 1 0484146228 LICK
090 1 0484689692 RESP_END
090 1 0483667988 REWARD_END
091 0 0486751840 STIM_START
091 0 0487850492 STIM_END_RESP_START
091 0 0489050536 RESP_END
092 1 0490799036 STIM_START
092 1 0491897688 STIM_END_RESP_START
092 1 0492922480 LICK
092 1 0492922968 REWARD_START
092 1 0493054968 LICK
092 1 0493097736 RESP_END
092 1 0492973472 REWARD_END
093 1 0495624260 STIM_START
093 1 0495928856 LICK
093 1 0496107184 LICK
093 1 0496324096 LICK
093 1 0496487004 LICK
093 1 0496666916 LICK
093 1 0496722912 STIM_END_RESP_START
093 1 0496849636 LICK
093 1 0496850128 REWARD_START
093 1 0497010228 LICK
093 1 0497157264 LICK
093 1 0497291160 LICK
093 1 0497435324 LICK
093 1 0497922956 RESP_END
093 1 0496900632 REWARD_END
094 1 0499694332 STIM_START
094 1 0500131780 LICK
094 1 0500297004 LICK
094 1 0500792996 STIM_END_RESP_START
094 1 0501529552 LICK
094 1 0501530044 REWARD_START
094 1 0501687392 LICK
094 1 0501831660 LICK
094 1 0501943324 LICK
094 1 0501993016 RESP_END
094 1 0501580548 REWARD_END
095 0 0504601460 STIM_START
095 0 0505054648 LICK
095 0 0505700116 STIM_END_RESP_START
095 0 0506900160 RESP_END
096 1 0508563748 STIM_START
096 1 0508962516 LICK
096 1 0509528712 LICK
096 1 0509662400 STIM_END_RESP_START
096 1 0509691936 LICK
096 1 0509692424 REWARD_START
096 1 0509840060 LICK
096 1 0509984144 LICK
096 1 0510101136 LICK
096 1 0510225316 LICK
096 1 0510862416 RESP_END
096 1 0509742928 REWARD_END
097 1 0512910512 STIM_START
097 1 0513150648 LICK
097 1 0513389656 LICK
097 1 0513569356 LICK
097 1 0513740080 LICK
097 1 0513919248 LICK
097 1 0514009176 STIM_END_RESP_START
097 1 0514075124 LICK
097 1 0514075608 REWARD_START
097 1 0514238180 LICK
097 1 0514381424 LICK
097 1 0514512876 LICK
097 1 0514645700 LICK
097 1 0515209212 RESP_END
097 1 0514126116 REWARD_END
098 1 0517485088 STIM_START
098 1 0517746280 LICK
098 1 0517882452 LICK
098 1 0518285872 LICK
098 1 0518459756 LICK
098 1 0518583724 STIM_END_RESP_START
098 1 0518632704 LICK
098 1 0518633192 REWARD_START
098 1 0518795852 LICK
098 1 0518940768 LICK
098 1 0519074152 LICK
098 1 0519694652 LICK
098 1 0519783772 RESP_END
098 1 0518683704 REWARD_END
099 0 0521911780 STIM_START
099 0 0522206456 LICK
099 0 0523010416 STIM_END_RESP_START
099 0 0524210460 RESP_END
100 0 0526216644 STIM_START
100 0 0527315292 STIM_END_RESP_START
100 0 0528515336 RESP_END
101 0 0530474544 STIM_START
101 0 0531573192 STIM_END_RESP_START
101 0 0532222096 LICK
101 0 0532222584 TIMEOUT_START
101 0 0532773228 RESP_END
101 0 0539223096 TIMEOUT_END
102 1 0540964936 STIM_START
102 1 0541364324 LICK
102 1 0541533852 LICK
102 1 0541702576 LICK
102 1 0541852088 LICK
102 1 0542023944 LICK
102 1 0542063600 STIM_END_RESP_START
102 1 0542187492 LICK
102 1 0542187984 REWARD_START
102 1 0542323668 LICK
102 1 0542468284 LICK
102 1 0542573048 LICK
102 1 0542705000 LICK
102 1 0543263628 RESP_END
102 1 0542238492 REWARD_END
USER_EXIT