001 0 0002423636 STIM_START
001 0 0003523792 STIM_END_RESP_START
001 0 0004723836 RESP_END
002 0 0007829612 STIM_START
002 0 0008929804 STIM_END_RESP_START
002 0 0010129848 RESP_END
003 1 0012196500 STIM_START
003 1 0012528136 LICK
003 1 0012682728 LICK
003 1 0013296692 STIM_END_RESP_START
003 1 0013888444 LICK
003 1 0013888884 REWARD_START
003 1 0014095452 LICK
003 1 0014258728 LICK
003 1 0014399088 LICK
003 1 0014496708 RESP_END
003 1 0013969340 REWARD_END
004 1 0017763552 STIM_START
004 1 0018863720 STIM_END_RESP_START
004 1 0019083452 LICK
004 1 0019083888 REWARD_START
004 1 0019364428 LICK
004 1 0019510412 LICK
004 1 0019717368 LICK
004 1 0019854576 LICK
004 1 0020017372 LICK
004 1 0020063736 RESP_END
004 1 0019164352 REWARD_END
005 0 0023467652 STIM_START
005 0 0024567828 STIM_END_RESP_START
005 0 0025767848 RESP_END
006 1 0027564412 STIM_START
006 1 0028518396 LICK
006 1 0028664580 STIM_END_RESP_START
006 1 0028678132 LICK
006 1 0028678572 REWARD_START
006 1 0028824836 LICK
006 1 0028981200 LICK
006 1 0029122772 LICK
006 1 0029262600 LICK
006 1 0029427388 LICK
006 1 0029864620 RESP_END
006 1 0028759032 REWARD_END
007 0 0031949280 STIM_START
007 0 0033049452 STIM_END_RESP_START
007 0 0034249476 RESP_END
008 0 0038262496 STIM_START
008 0 0039362672 STIM_END_RESP_START
008 0 0040562696 RESP_END
009 1 0042480316 STIM_START
009 1 0042947492 LICK
009 1 0043121524 LICK
009 1 0043306088 LICK
009 1 0043463108 LICK
009 1 0043580492 STIM_END_RESP_START
009 1 0043629904 LICK
009 1 0043630340 REWARD_START
009 1 0043784032 LICK
009 1 0043922260 LICK
009 1 0044080300 LICK
009 1 0044216908 LICK
009 1 0044364712 LICK
009 1 0044780540 RESP_END
009 1 0043710804 REWARD_END
010 0 0046566044 STIM_START
010 0 0047666220 STIM_END_RESP_START
010 0 0048866240 RESP_END
011 1 0050638824 STIM_START
011 1 0051339980 LICK
011 1 0051502920 LICK
011 1 0051627448 LICK
011 1 0051738992 STIM_END_RESP_START
011 1 0051820420 LICK
011 1 0051820864 REWARD_START
011 1 0051944680 LICK
011 1 0052081528 LICK
011 1 0052223936 LICK
011 1 0052363332 LICK
011 1 0052510252 LICK
011 1 0052907936 LICK
011 1 0052939008 RESP_END
011 1 0051901320 REWARD_END
012 1 0054858700 STIM_START
012 1 0055361052 LICK
012 1 0055527256 LICK
012 1 0055662964 LICK
012 1 0055848200 LICK
012 1 0055958868 STIM_END_RESP_START
012 1 0055997620 LICK
012 1 0055998060 REWARD_START
012 1 0056133672 LICK
012 1 0056285464 LICK
012 1 0056461560 LICK
012 1 0056795460 LICK
012 1 0057039660 LICK
012 1 0057158888 RESP_END
012 1 0056078524 REWARD_END
013 0 0058961484 STIM_START
013 0 0060061652 STIM_END_RESP_START
013 0 0061261680 RESP_END
014 1 0063240316 STIM_START
014 1 0064340484 STIM_END_RESP_START
014 1 0064588972 LICK
014 1 0064589408 REWARD_START
014 1 0064745300 LICK
014 1 0064876608 LICK
014 1 0065029700 LICK
014 1 0065169544 LICK
014 1 0065310856 LICK
014 1 0065540500 RESP_END
014 1 0064669872 REWARD_END
015 0 0067510128 STIM_START
015 0 0068610300 STIM_END_RESP_START
015 0 0069810324 RESP_END
016 1 0071537908 STIM_START
016 1 0072638076 STIM_END_RESP_START
016 1 0072725892 LICK
016 1 0072726332 REWARD_START
016 1 0072852996 LICK
016 1 0072984300 LICK
016 1 0073127504 LICK
016 1 0073242224 LICK
016 1 0073380844 LICK
016 1 0073531676 LICK
016 1 0073703212 LICK
016 1 0073838100 RESP_END
016 1 0072806796 REWARD_END
017 0 0075661756 STIM_START
017 0 0076761932 STIM_END_RESP_START
017 0 0077961960 RESP_END
018 0 0079973556 STIM_START
018 0 0081073724 STIM_END_RESP_START
018 0 0082273752 RESP_END
019 1 0089090268 STIM_START
019 1 0090190440 STIM_END_RESP_START
019 1 0091390464 RESP_END
020 1 0093209060 STIM_START
020 1 0094309228 STIM_END_RESP_START
020 1 0095509256 RESP_END
021 0 0097348804 STIM_START
021 0 0098448972 STIM_END_RESP_START
021 0 0099032056 LICK
021 0 0099032496 TIMEOUT_START
021 0 0099179316 LICK
021 0 0099179760 TIMEOUT_START
021 0 0099386792 LICK
021 0 0099387232 TIMEOUT_START
021 0 0099649016 RESP_END
021 0 0106387684 TIMEOUT_END
022 1 0108279968 STIM_START
022 1 0109253456 LICK
022 1 0109380128 STIM_END_RESP_START
022 1 0109419760 LICK
022 1 0109420244 REWARD_START
022 1 0109572848 LICK
022 1 0109727540 LICK
022 1 0109854024 LICK
022 1 0109993200 LICK
022 1 0110159932 LICK
022 1 0110580168 RESP_END
022 1 0109500752 REWARD_END
023 1 0112569772 STIM_START
023 1 0113533164 LICK
023 1 0113669960 STIM_END_RESP_START
023 1 0113684940 LICK
023 1 0113685424 REWARD_START
023 1 0113820852 LICK
023 1 0113959876 LICK
023 1 0114109316 LICK
023 1 0114243944 LICK
023 1 0114384156 LICK
023 1 0114534844 LICK
023 1 0114686532 LICK
023 1 0114870004 RESP_END
023 1 0113765932 REWARD_END
024 0 0120486260 STIM_START
024 0 0121549864 LICK
024 0 0121586432 STIM_END_RESP_START
024 0 0121662364 LICK
024 0 0121662856 TIMEOUT_START
024 0 0121882852 LICK
024 0 0121883336 TIMEOUT_START
024 0 0122070760 LICK
024 0 0122071248 TIMEOUT_START
024 0 0122212024 LICK
024 0 0122212516 TIMEOUT_START
024 0 0122392296 LICK
024 0 0122392784 TIMEOUT_START
024 0 0122531612 LICK
024 0 0122532104 TIMEOUT_START
024 0 0122687064 LICK
024 0 0122687556 TIMEOUT_START
024 0 0122786472 RESP_END
024 0 0129688064 TIMEOUT_END
025 0 0132122612 STIM_START
025 0 0133222804 STIM_END_RESP_START
025 0 0134422844 RESP_END
026 0 0136299336 STIM_START
026 0 0137399492 STIM_END_RESP_START
026 0 0138599536 RESP_END
027 1 0140493140 STIM_START
027 1 0141266120 LICK
027 1 0141417440 LICK
027 1 0141593316 STIM_END_RESP_START
027 1 0141932968 LICK
027 1 0141933452 REWARD_START
027 1 0142104980 LICK
027 1 0142793344 RESP_END
027 1 0142013960 REWARD_END
028 0 0145100076 STIM_START
028 0 0146200260 STIM_END_RESP_START
028 0 0147400304 RESP_END
029 0 0149079788 STIM_START
029 0 0150179980 STIM_END_RESP_START
029 0 0151380024 RESP_END
030 1 0153019604 STIM_START
030 1 0153528164 LICK
030 1 0153698332 LICK
030 1 0153854760 LICK
030 1 0153985464 LICK
030 1 0154119772 STIM_END_RESP_START
030 1 0154182600 LICK
030 1 0154183088 REWARD_START
030 1 0154321168 LICK
030 1 0154481956 LICK
030 1 0154646092 LICK
030 1 0154793508 LICK
030 1 0154936460 LICK
030 1 0155089900 LICK
030 1 0155276800 LICK
030 1 0155319788 RESP_END
030 1 0154263596 REWARD_END
031 1 0158782668 STIM_START
031 1 0159882852 STIM_END_RESP_START
031 1 0160256180 LICK
031 1 0160256664 REWARD_START
031 1 0160395388 LICK
031 1 0160547584 LICK
031 1 0160727968 LICK
031 1 0160869128 LICK
031 1 0161000012 LICK
031 1 0161082876 RESP_END
031 1 0160337168 REWARD_END
032 0 0163010476 STIM_START
032 0 0163634752 LICK
032 0 0163969124 LICK
032 0 0164110664 STIM_END_RESP_START
032 0 0165310704 RESP_END
033 0 0167236368 STIM_START
033 0 0167494404 LICK
033 0 0167696148 LICK
033 0 0167857320 LICK
033 0 0167977768 LICK
033 0 0168324352 LICK
033 0 0168336536 STIM_END_RESP_START
033 0 0168474984 LICK
033 0 0168475468 TIMEOUT_START
033 0 0168604564 LICK
033 0 0168605052 TIMEOUT_START
033 0 0168775340 LICK
033 0 0168775828 TIMEOUT_START
033 0 0168969472 LICK
033 0 0168969956 TIMEOUT_START
033 0 0169135784 LICK
033 0 0169136272 TIMEOUT_START
033 0 0169275236 LICK
033 0 0169275724 TIMEOUT_START
033 0 0169536552 RESP_END
033 0 0176276224 TIMEOUT_END
034 0 0181707044 STIM_START
034 0 0182807228 STIM_END_RESP_START
034 0 0184007272 RESP_END
035 1 0185837880 STIM_START
035 1 0185949676 LICK
035 1 0186077304 LICK
035 1 0186235696 LICK
035 1 0186396044 LICK
035 1 0186606080 LICK
035 1 0186747676 LICK
035 1 0186890068 LICK
035 1 0186938060 STIM_END_RESP_START
035 1 0187402756 LICK
035 1 0187403240 REWARD_START
035 1 0187583716 LICK
035 1 0187920800 LICK
035 1 0188138080 RESP_END
035 1 0187483748 REWARD_END
036 0 0190816812 STIM_START
036 0 0191916996 STIM_END_RESP_START
036 0 0193117040 RESP_END
037 0 0194770524 STIM_START
037 0 0195870708 STIM_END_RESP_START
037 0 0197070756 RESP_END
038 0 0199102412 STIM_START
038 0 0200202604 STIM_END_RESP_START
038 0 0201402644 RESP_END
039 1 0203122176 STIM_START
039 1 0204222364 STIM_END_RESP_START
039 1 0204444368 LICK
039 1 0204444860 REWARD_START
039 1 0204575204 LICK
039 1 0204776732 LICK
039 1 0204925668 LICK
039 1 0205227860 LICK
039 1 0205385300 LICK
039 1 0205422388 RESP_END
039 1 0204525364 REWARD_END
040 0 0208372184 STIM_START
040 0 0209472372 STIM_END_RESP_START
040 0 0210672416 RESP_END
041 1 0212753056 STIM_START
041 1 0213853248 STIM_END_RESP_START
041 1 0213856344 LICK
041 1 0213856832 REWARD_START
041 1 0215053272 RESP_END
041 1 0213937336 REWARD_END
042 1 0218482108 STIM_START
042 1 0219470360 LICK
042 1 0219582308 STIM_END_RESP_START
042 1 0219668832 LICK
042 1 0219669316 REWARD_START
042 1 0219888964 LICK
042 1 0220105292 LICK
042 1 0220252180 LICK
042 1 0220395956 LICK
042 1 0220616800 LICK
042 1 0220782324 RESP_END
042 1 0219749824 REWARD_END
043 0 0222628920 STIM_START
043 0 0223609816 LICK
043 0 0223729100 STIM_END_RESP_START
043 0 0223838452 LICK
043 0 0223838936 TIMEOUT_START
043 0 0224170572 LICK
043 0 0224171060 TIMEOUT_START
043 0 0224391452 LICK
043 0 0224391936 TIMEOUT_START
043 0 0224524748 LICK
043 0 0224525232 TIMEOUT_START
043 0 0224709392 LICK
043 0 0224709880 TIMEOUT_START
043 0 0224846276 LICK
043 0 0224846760 TIMEOUT_START
043 0 0224929136 RESP_END
043 0 0231847268 TIMEOUT_END
044 0 0233564040 STIM_START
044 0 0234664232 STIM_END_RESP_START
044 0 0235864276 RESP_END
045 0 0237721816 STIM_START
045 0 0238822000 STIM_END_RESP_START
045 0 0240022044 RESP_END
046 1 0241832632 STIM_START
046 1 0242892276 LICK
046 1 0242932812 STIM_END_RESP_START
046 1 0243056684 LICK
046 1 0243057172 REWARD_START
046 1 0243196728 LICK
046 1 0243405844 LICK
046 1 0243531540 LICK
046 1 0243698832 LICK
046 1 0243888980 LICK
046 1 0244024224 LICK
046 1 0244132824 RESP_END
046 1 0243137680 REWARD_END
047 1 0246040448 STIM_START
047 1 0247140640 STIM_END_RESP_START
047 1 0247949196 LICK
047 1 0247949688 REWARD_START
047 1 0248131832 LICK
047 1 0248284440 LICK
047 1 0248340664 RESP_END
047 1 0248030192 REWARD_END
048 0 0251881544 STIM_START
048 0 0252681924 LICK
048 0 0252981720 STIM_END_RESP_START
048 0 0253259188 LICK
048 0 0253259672 TIMEOUT_START
048 0 0254181740 RESP_END
048 0 0260260184 TIMEOUT_END
049 1 0264973028 STIM_START
049 1 0265806080 LICK
049 1 0265992528 LICK
049 1 0266073204 STIM_END_RESP_START
049 1 0266127852 LICK
049 1 0266128336 REWARD_START
049 1 0266303700 LICK
049 1 0267255484 LICK
049 1 0267273228 RESP_END
049 1 0266208844 REWARD_END
050 1 0268935844 STIM_START
050 1 0269368456 LICK
050 1 0269542268 LICK
050 1 0269732504 LICK
050 1 0269869836 LICK
050 1 0270036044 STIM_END_RESP_START
050 1 0270368816 LICK
050 1 0270369296 REWARD_START
050 1 0271236092 RESP_END
050 1 0270449804 REWARD_END
051 0 0273122640 STIM_START
051 0 0274222824 STIM_END_RESP_START
051 0 0275422868 RESP_END
052 1 0277141368 STIM_START
052 1 0278035136 LICK
052 1 0278186160 LICK
052 1 0278241528 STIM_END_RESP_START
052 1 0278358304 LICK
052 1 0278358792 REWARD_START
052 1 0278516028 LICK
052 1 0278645096 LICK
052 1 0278950740 LICK
052 1 0279111432 LICK
052 1 0279244364 LICK
052 1 0279441564 RESP_END
052 1 0278439304 REWARD_END
053 0 0281487284 STIM_START
053 0 0282587436 STIM_END_RESP_START
053 0 0283787484 RESP_END
054 1 0285517980 STIM_START
054 1 0286618168 STIM_END_RESP_START
054 1 0286652584 LICK
054 1 0286653072 REWARD_START
054 1 0286806212 LICK
054 1 0286950800 LICK
054 1 0287277080 LICK
054 1 0287468524 LICK
054 1 0287601380 LICK
054 1 0287818184 RESP_END
054 1 0286733584 REWARD_END
055 0 0289633828 STIM_START
055 0 0290734016 STIM_END_RESP_START
055 0 0291934060 RESP_END
056 1 0293644564 STIM_START
056 1 0294322696 LICK
056 1 0294449704 LICK
056 1 0294744760 STIM_END_RESP_START
056 1 0294791716 LICK
056 1 0294792208 REWARD_START
056 1 0294958984 LICK
056 1 0295164144 LICK
056 1 0295343464 LICK
056 1 0295497780 LICK
056 1 0295683168 LICK
056 1 0295944800 RESP_END
056 1 0294872712 REWARD_END
057 0 0297721356 STIM_START
057 0 0298821540 STIM_END_RESP_START
057 0 0300021584 RESP_END
058 0 0301654124 STIM_START
058 0 0302754308 STIM_END_RESP_START
058 0 0303954352 RESP_END
059 0 0305953992 STIM_START
059 0 0307054180 STIM_END_RESP_START
059 0 0308254224 RESP_END
060 1 0309966708 STIM_START
060 1 0310495936 LICK
060 1 0310688156 LICK
060 1 0310847364 LICK
060 1 0311066876 STIM_END_RESP_START
060 1 0311233588 LICK
060 1 0311234072 REWARD_START
060 1 0311433696 LICK
060 1 0311609900 LICK
060 1 0311771196 LICK
060 1 0311956916 LICK
060 1 0312104184 LICK
060 1 0312266908 RESP_END
060 1 0311314584 REWARD_END
061 0 0316268944 STIM_START
061 0 0317369128 STIM_END_RESP_START
061 0 0318569172 RESP_END
062 1 0320578772 STIM_START
062 1 0321678956 STIM_END_RESP_START
062 1 0322008992 LICK
062 1 0322009484 REWARD_START
062 1 0322157848 LICK
062 1 0322325180 LICK
062 1 0322514056 LICK
062 1 0322655744 LICK
062 1 0322805676 LICK
062 1 0322878972 RESP_END
062 1 0322089992 REWARD_END
063 0 0325215672 STIM_START
063 0 0326315860 STIM_END_RESP_START
063 0 0327515904 RESP_END
064 1 0329128428 STIM_START
064 1 0330228612 STIM_END_RESP_START
064 1 0330951580 LICK
064 1 0330952072 REWARD_START
064 1 0331121544 LICK
064 1 0331290308 LICK
064 1 0331428636 RESP_END
064 1 0331032584 REWARD_END
065 1 0334448432 STIM_START
065 1 0335548612 STIM_END_RESP_START
065 1 0335986124 LICK
065 1 0335986608 REWARD_START
065 1 0336138344 LICK
065 1 0336291020 LICK
065 1 0336459564 LICK
065 1 0336596064 LICK
065 1 0336748652 RESP_END
065 1 0336067116 REWARD_END
066 0 0338731236 STIM_START
066 0 0339831424 STIM_END_RESP_START
066 0 0341031468 RESP_END
067 1 0343008080 STIM_START
067 1 0343569712 LICK
067 1 0343730628 LICK
067 1 0343897756 LICK
067 1 0344041432 LICK
067 1 0344108252 STIM_END_RESP_START
067 1 0344227800 LICK
067 1 0344228292 REWARD_START
067 1 0344370808 LICK
067 1 0344559060 LICK
067 1 0344681000 LICK
067 1 0344990740 LICK
067 1 0345143952 LICK
067 1 0345306776 LICK
067 1 0345308276 RESP_END
067 1 0344308800 REWARD_END
068 0 0347238868 STIM_START
068 0 0348339056 STIM_END_RESP_START
068 0 0349539100 RESP_END
069 0 0351541712 STIM_START
069 0 0352641896 STIM_END_RESP_START
069 0 0353841940 RESP_END
070 1 0355613540 STIM_START
070 1 0356713732 STIM_END_RESP_START
070 1 0357149036 LICK
070 1 0357149520 REWARD_START
070 1 0357339792 LICK
070 1 0357477656 LICK
070 1 0357615900 LICK
070 1 0357912596 LICK
070 1 0357913756 RESP_END
070 1 0357230032 REWARD_END
071 1 0359842268 STIM_START
071 1 0360942456 STIM_END_RESP_START
071 1 0360976948 LICK
071 1 0360977440 REWARD_START
071 1 0361119192 LICK
071 1 0361274168 LICK
071 1 0361471676 LICK
071 1 0361611476 LICK
071 1 0361735004 LICK
071 1 0361901796 LICK
071 1 0362046608 LICK
071 1 0362142492 RESP_END
071 1 0361057940 REWARD_END
072 0 0364600240 STIM_START
072 0 0365700432 STIM_END_RESP_START
072 0 0366900476 RESP_END
073 0 0368940072 STIM_START
073 0 0370040256 STIM_END_RESP_START
073 0 0371240300 RESP_END
074 1 0373051868 STIM_START
074 1 0373557848 LICK
074 1 0373765256 LICK
074 1 0373911192 LICK
074 1 0374152032 STIM_END_RESP_START
074 1 0374592480 LICK
074 1 0374592972 REWARD_START
074 1 0374726348 LICK
074 1 0374925252 LICK
074 1 0375092132 LICK
074 1 0375244032 LICK
074 1 0375352048 RESP_END
074 1 0374673480 REWARD_END
075 0 0380339348 STIM_START
075 0 0381439532 STIM_END_RESP_START
075 0 0382639576 RESP_END
076 1 0384551048 STIM_START
076 1 0385651236 STIM_END_RESP_START
076 1 0385819964 LICK
076 1 0385820452 REWARD_START
076 1 0385983524 LICK
076 1 0386126116 LICK
076 1 0386296652 LICK
076 1 0386496188 LICK
076 1 0386687600 LICK
076 1 0386835740 LICK
076 1 0386851252 RESP_END
076 1 0385900964 REWARD_END
077 0 0389091932 STIM_START
077 0 0390192124 STIM_END_RESP_START
077 0 0391392168 RESP_END
078 0 0393453756 STIM_START
078 0 0394553944 STIM_END_RESP_START
078 0 0395753984 RESP_END
079 0 0397691600 STIM_START
079 0 0398791792 STIM_END_RESP_START
079 0 0399950368 LICK
079 0 0399950860 TIMEOUT_START
079 0 0399991844 RESP_END
079 0 0406951360 TIMEOUT_END
080 1 0412880492 STIM_START
080 1 0413980680 STIM_END_RESP_START
080 1 0415180720 RESP_END
081 0 0417239328 STIM_START
081 0 0417686052 LICK
081 0 0417906180 LICK
081 0 0418053064 LICK
081 0 0418292192 LICK
081 0 0418339500 STIM_END_RESP_START
081 0 0418507444 LICK
081 0 0418507936 TIMEOUT_START
081 0 0419539520 RESP_END
081 0 0425508440 TIMEOUT_END
082 0 0427272220 STIM_START
082 0 0428372404 STIM_END_RESP_START
082 0 0429572448 RESP_END
083 1 0431465020 STIM_START
083 1 0432565204 STIM_END_RESP_START
083 1 0433765244 RESP_END
084 0 0435697884 STIM_START
084 0 0436228308 LICK
084 0 0436553000 LICK
084 0 0436693524 LICK
084 0 0436798064 STIM_END_RESP_START
084 0 0436914220 LICK
084 0 0436914704 TIMEOUT_START
084 0 0437076188 LICK
084 0 0437076672 TIMEOUT_START
084 0 0437295576 LICK
084 0 0437296060 TIMEOUT_START
084 0 0437998088 RESP_END
084 0 0444296572 TIMEOUT_END
085 0 0446013884 STIM_START
085 0 0447114068 STIM_END_RESP_START
085 0 0448314116 RESP_END
086 0 0450351704 STIM_START
086 0 0451451892 STIM_END_RESP_START
086 0 0452651936 RESP_END
087 1 0454322460 STIM_START
087 1 0455422648 STIM_END_RESP_START
087 1 0455718864 LICK
087 1 0455719356 REWARD_START
087 1 0455874808 LICK
087 1 0456040200 LICK
087 1 0456209344 LICK
087 1 0456373032 LICK
087 1 0456571316 LICK
087 1 0456622668 RESP_END
087 1 0455799868 REWARD_END
088 1 0458916308 STIM_START
088 1 0460016492 STIM_END_RESP_START
088 1 0460568660 LICK
088 1 0460569144 REWARD_START
088 1 0460724136 LICK
088 1 0460887400 LICK
088 1 0461065764 LICK
088 1 0461216540 RESP_END
088 1 0460649656 REWARD_END
089 0 0463120156 STIM_START
089 0 0464220308 STIM_END_RESP_START
089 0 0465420352 RESP_END
090 1 0467278968 STIM_START
090 1 0468379152 STIM_END_RESP_START
090 1 0468568160 LICK
090 1 0468568644 REWARD_START
090 1 0468746316 LICK
090 1 0468901828 LICK
090 1 0469053996 LICK
090 1 0469255568 LICK
090 1 0469435716 LICK
090 1 0469579172 RESP_END
090 1 0468649156 REWARD_END
091 0 0471277696 STIM_START
091 0 0472377884 STIM_END_RESP_START
091 0 0473577928 RESP_END
092 1 0475570548 STIM_START
092 1 0476670736 STIM_END_RESP_START
092 1 0477870780 RESP_END
093 1 0479883364 STIM_START
093 1 0480983548 STIM_END_RESP_START
093 1 0482066748 LICK
093 1 0482067236 REWARD_START
093 1 0482183568 RESP_END
093 1 0482147744 REWARD_END
094 1 0485049328 STIM_START
094 1 0486149520 STIM_END_RESP_START
094 1 0487349564 RESP_END
095 0 0489709244 STIM_START
095 0 0490809436 STIM_END_RESP_START
095 0 0492009480 RESP_END
096 1 0493722044 STIM_START
096 1 0494822232 STIM_END_RESP_START
096 1 0495222288 LICK
096 1 0495222772 REWARD_START
096 1 0495404920 LICK
096 1 0495561516 LICK
096 1 0495797948 LICK
096 1 0496022260 RESP_END
096 1 0495303284 REWARD_END
097 0 0497648780 STIM_START
097 0 0498748968 STIM_END_RESP_START
097 0 0499949012 RESP_END
098 1 0502026608 STIM_START
098 1 0503126792 STIM_END_RESP_START
098 1 0504026128 LICK
098 1 0504026612 REWARD_START
098 1 0504210988 LICK
098 1 0504326820 RESP_END
098 1 0504107120 REWARD_END
099 1 0507186608 STIM_START
099 1 0508286796 STIM_END_RESP_START
099 1 0509486840 RESP_END
100 0 0511407424 STIM_START
100 0 0512507612 STIM_END_RESP_START
100 0 0513707656 RESP_END
101 1 0515560216 STIM_START
101 1 0516660408 STIM_END_RESP_START
101 1 0517224316 LICK
101 1 0517224808 REWARD_START
101 1 0517380904 LICK
101 1 0517537204 LICK
101 1 0517732788 LICK
101 1 0517847288 LICK
101 1 0517860456 RESP_END
101 1 0517305308 REWARD_END
102 1 0523641784 STIM_START
102 1 0524208272 LICK
102 1 0524572160 LICK
102 1 0524741956 STIM_END_RESP_START
102 1 0524759152 LICK
102 1 0524759636 REWARD_START
102 1 0524956808 LICK
102 1 0525110484 LICK
102 1 0525320592 LICK
102 1 0525449456 LICK
102 1 0525686044 LICK
102 1 0525941992 RESP_END
102 1 0524840144 REWARD_END
103 1 0527668544 STIM_START
103 1 0528768728 STIM_END_RESP_START
103 1 0529968772 RESP_END
104 0 0531789404 STIM_START
104 0 0532755068 LICK
104 0 0532889560 STIM_END_RESP_START
104 0 0532961856 LICK
104 0 0532962344 TIMEOUT_START
104 0 0533125804 LICK
104 0 0533126292 TIMEOUT_START
104 0 0533350528 LICK
104 0 0533351012 TIMEOUT_START
104 0 0533508532 LICK
104 0 0533509012 TIMEOUT_START
104 0 0533645488 LICK
104 0 0533645972 TIMEOUT_START
104 0 0533824536 LICK
104 0 0533825020 TIMEOUT_START
104 0 0533961136 LICK
104 0 0533961624 TIMEOUT_START
104 0 0534089600 RESP_END
104 0 0540962132 TIMEOUT_END
105 0 0542689456 STIM_START
105 0 0543789640 STIM_END_RESP_START
105 0 0544989684 RESP_END
106 0 0546823248 STIM_START
106 0 0547923432 STIM_END_RESP_START
106 0 0549123476 RESP_END
107 1 0550717976 STIM_START
107 1 0551437464 LICK
107 1 0551612928 LICK
107 1 0551818132 STIM_END_RESP_START
107 1 0551827596 LICK
107 1 0551828084 REWARD_START
107 1 0551990744 LICK
107 1 0552164216 LICK
107 1 0552333780 LICK
107 1 0552506008 LICK
107 1 0552703000 LICK
107 1 0552844004 LICK
107 1 0553018156 RESP_END
107 1 0551908596 REWARD_END
108 0 0555213828 STIM_START
108 0 0556313984 STIM_END_RESP_START
108 0 0556466720 LICK
108 0 0556467212 TIMEOUT_START
108 0 0556705156 LICK
108 0 0556705644 TIMEOUT_START
108 0 0556870168 LICK
108 0 0556870656 TIMEOUT_START
108 0 0557045476 LICK
108 0 0557045968 TIMEOUT_START
108 0 0557303584 LICK
108 0 0557304076 TIMEOUT_START
108 0 0557469576 LICK
108 0 0557470064 TIMEOUT_START
108 0 0557514024 RESP_END
108 0 0564470576 TIMEOUT_END
109 0 0566335936 STIM_START
109 0 0567436088 STIM_END_RESP_START
109 0 0568636136 RESP_END
110 0 0570552760 STIM_START
110 0 0571652944 STIM_END_RESP_START
110 0 0572852992 RESP_END
111 1 0574633540 STIM_START
111 1 0575733728 STIM_END_RESP_START
111 1 0576885748 LICK
111 1 0576886236 REWARD_START
111 1 0576966780 RESP_END
111 1 0576966748 REWARD_END
112 1 0582448076 STIM_START
112 1 0583548236 STIM_END_RESP_START
112 1 0584748280 RESP_END
113 1 0586663924 STIM_START
113 1 0587764080 STIM_END_RESP_START
113 1 0588590784 LICK
113 1 0588591276 REWARD_START
113 1 0588801196 LICK
113 1 0588951988 LICK
113 1 0588964100 RESP_END
113 1 0588671784 REWARD_END
114 0 0590978632 STIM_START
114 0 0592078824 STIM_END_RESP_START
114 0 0593278868 RESP_END
115 1 0595070472 STIM_START
115 1 0596170660 STIM_END_RESP_START
115 1 0596688888 LICK
115 1 0596689376 REWARD_START
115 1 0596930620 LICK
115 1 0597076604 LICK
115 1 0597271604 LICK
115 1 0597370696 RESP_END
115 1 0596769888 REWARD_END
116 0 0599707356 STIM_START
116 0 0600807548 STIM_END_RESP_START
116 0 0602007592 RESP_END
117 1 0603981156 STIM_START
117 1 0605081344 STIM_END_RESP_START
117 1 0605941408 LICK
117 1 0605941904 REWARD_START
117 1 0606141652 LICK
117 1 0606281376 RESP_END
117 1 0606022408 REWARD_END
118 1 0608464032 STIM_START
118 1 0609564224 STIM_END_RESP_START
118 1 0610764264 RESP_END
119 0 0612738812 STIM_START
119 0 0613838968 STIM_END_RESP_START
119 0 0615039016 RESP_END
120 0 0616691624 STIM_START
120 0 0617791780 STIM_END_RESP_START
120 0 0618991824 RESP_END
121 0 0620680384 STIM_START
121 0 0621780568 STIM_END_RESP_START
121 0 0622980616 RESP_END
122 1 0624853188 STIM_START
122 1 0625953372 STIM_END_RESP_START
122 1 0626440220 LICK
122 1 0626440708 REWARD_START
122 1 0626596692 LICK
122 1 0626769408 LICK
122 1 0627010728 LICK
122 1 0627151736 LICK
122 1 0627153392 RESP_END
122 1 0626521220 REWARD_END
123 1 0630301240 STIM_START
123 1 0631401432 STIM_END_RESP_START
123 1 0632601476 RESP_END
124 1 0634252988 STIM_START
124 1 0635353184 STIM_END_RESP_START
124 1 0635796744 LICK
124 1 0635797232 REWARD_START
124 1 0635962804 LICK
124 1 0636210236 LICK
124 1 0636553212 RESP_END
124 1 0635877744 REWARD_END
125 0 0638150736 STIM_START
125 0 0639250928 STIM_END_RESP_START
125 0 0640450972 RESP_END
126 1 0642086480 STIM_START
126 1 0643186664 STIM_END_RESP_START
126 1 0644386708 RESP_END
127 0 0646043280 STIM_START
127 0 0647143472 STIM_END_RESP_START
127 0 0648343512 RESP_END
128 0 0650062996 STIM_START
128 0 0651163184 STIM_END_RESP_START
128 0 0652363228 RESP_END
129 1 0654358856 STIM_START
129 1 0655335072 LICK
129 1 0655459048 STIM_END_RESP_START
129 1 0655499696 LICK
129 1 0655500180 REWARD_START
129 1 0655695324 LICK
129 1 0655898032 LICK
129 1 0656552900 LICK
129 1 0656659072 RESP_END
129 1 0655580688 REWARD_END
130 1 0658848676 STIM_START
130 1 0659948868 STIM_END_RESP_START
130 1 0661148912 RESP_END
131 1 0663087548 STIM_START
131 1 0664187736 STIM_END_RESP_START
131 1 0665387780 RESP_END
132 0 0667140320 STIM_START
132 0 0668240508 STIM_END_RESP_START
132 0 0669440552 RESP_END
133 0 0671401116 STIM_START
133 0 0672501300 STIM_END_RESP_START
133 0 0673701344 RESP_END
134 0 0675323920 STIM_START
134 0 0676424108 STIM_END_RESP_START
134 0 0677624148 RESP_END
135 1 0679242636 STIM_START
135 1 0680342828 STIM_END_RESP_START
135 1 0680527812 LICK
135 1 0680528304 REWARD_START
135 1 0680696072 LICK
135 1 0680899148 LICK
135 1 0681086080 LICK
135 1 0681500004 LICK
135 1 0681542876 RESP_END
135 1 0680608812 REWARD_END
136 0 0683543516 STIM_START
136 0 0684643672 STIM_END_RESP_START
136 0 0685843716 RESP_END
137 1 0687622264 STIM_START
137 1 0688722448 STIM_END_RESP_START
137 1 0689355472 LICK
137 1 0689355964 REWARD_START
137 1 0689522364 LICK
137 1 0689693560 LICK
137 1 0689917704 LICK
137 1 0689922480 RESP_END
137 1 0689436468 REWARD_END
138 0 0691851072 STIM_START
138 0 0692951232 STIM_END_RESP_START
138 0 0694151276 RESP_END
139 0 0695945856 STIM_START
139 0 0697046048 STIM_END_RESP_START
139 0 0698246088 RESP_END
140 1 0700059656 STIM_START
140 1 0701159844 STIM_END_RESP_START
140 1 0702359888 RESP_END
141 1 0704282464 STIM_START
141 1 0705382656 STIM_END_RESP_START
141 1 0706582700 RESP_END
142 0 0708282208 STIM_START
142 0 0709382360 STIM_END_RESP_START
142 0 0710582408 RESP_END
143 1 0712634016 STIM_START
143 1 0713734212 STIM_END_RESP_START
143 1 0714934248 RESP_END
144 1 0716629860 STIM_START
144 1 0717730020 STIM_END_RESP_START
144 1 0718930064 RESP_END
145 1 0720979756 STIM_START
145 1 0722079912 STIM_END_RESP_START
145 1 0723279956 RESP_END
146 0 0724893384 STIM_START
146 0 0725993576 STIM_END_RESP_START
146 0 0727193620 RESP_END
147 1 0728846200 STIM_START
147 1 0729946352 STIM_END_RESP_START
147 1 0731146396 RESP_END
148 0 0732919992 STIM_START
148 0 0734020184 STIM_END_RESP_START
148 0 0735220228 RESP_END
149 1 0737021780 STIM_START
149 1 0738121972 STIM_END_RESP_START
149 1 0739322016 RESP_END
150 1 0740899464 STIM_START
150 1 0741226040 LICK
150 1 0741380264 LICK
150 1 0741751920 LICK
150 1 0741951676 LICK
150 1 0741999628 STIM_END_RESP_START
150 1 0742154824 LICK
150 1 0742155316 REWARD_START
150 1 0742318536 LICK
150 1 0743199664 RESP_END
150 1 0742235820 REWARD_END
151 0 0746687640 STIM_START
151 0 0747787832 STIM_END_RESP_START
151 0 0748400732 LICK
151 0 0748401220 TIMEOUT_START
151 0 0748571844 LICK
151 0 0748572328 TIMEOUT_START
151 0 0748987872 RESP_END
151 0 0755572840 TIMEOUT_END
152 0 0757578668 STIM_START
152 0 0758678864 STIM_END_RESP_START
152 0 0759878908 RESP_END
153 1 0761834552 STIM_START
153 1 0762934744 STIM_END_RESP_START
153 1 0764134760 RESP_END
154 0 0768666856 STIM_START
154 0 0769767044 STIM_END_RESP_START
154 0 0770967084 RESP_END
155 1 0773038672 STIM_START
155 1 0774138860 STIM_END_RESP_START
155 1 0775338908 RESP_END
156 0 0777259516 STIM_START
156 0 0778359704 STIM_END_RESP_START
156 0 0779559748 RESP_END
157 1 0781558316 STIM_START
157 1 0782658504 STIM_END_RESP_START
157 1 0783858548 RESP_END
USER_EXIT