001 0 0008884288 STIM_START
001 0 0009982972 STIM_END_RESP_START
001 0 0011183020 RESP_END
002 0 0013263248 STIM_START
002 0 0014361916 STIM_END_RESP_START
002 0 0015561940 RESP_END
003 0 0017220604 STIM_START
003 0 0018319272 STIM_END_RESP_START
003 0 0019519296 RESP_END
004 1 0021504572 STIM_START
004 1 0022603240 STIM_END_RESP_START
004 1 0023803264 RESP_END
005 1 0025571832 STIM_START
005 1 0026670504 STIM_END_RESP_START
005 1 0027870528 RESP_END
006 1 0029610152 STIM_START
006 1 0030708824 STIM_END_RESP_START
006 1 0031908844 RESP_END
007 0 0033919152 STIM_START
007 0 0035017824 STIM_END_RESP_START
007 0 0036217840 RESP_END
008 0 0038056316 STIM_START
008 0 0039154988 STIM_END_RESP_START
008 0 0040355016 RESP_END
009 1 0042394280 STIM_START
009 1 0043492952 STIM_END_RESP_START
009 1 0044692976 RESP_END
010 0 0046541436 STIM_START
010 0 0047640104 STIM_END_RESP_START
010 0 0048840132 RESP_END
011 1 0050747528 STIM_START
011 1 0051846192 STIM_END_RESP_START
011 1 0053046216 RESP_END
012 0 0055893488 STIM_START
012 0 0056992160 STIM_END_RESP_START
012 0 0058192184 RESP_END
013 0 0059961760 STIM_START
USER_EXIT