001 0 0015722936 STIM_START
001 0 0016175020 LICK
001 0 0016672196 LICK
001 0 0016821580 STIM_END_RESP_START
001 0 0017143304 LICK
001 0 0017143740 TIMEOUT_START
001 0 0018021064 LICK
001 0 0018021508 TIMEOUT_START
001 0 0018021960 RESP_END
001 0 0025021956 TIMEOUT_END
002 1 0026891452 STIM_START
002 1 0027845476 LICK
002 1 0027959020 LICK
002 1 0027990100 STIM_END_RESP_START
002 1 0028075976 LICK
002 1 0028076420 REWARD_START
002 1 0028193612 LICK
002 1 0028309688 LICK
002 1 0028415068 LICK
002 1 0028525276 LICK
002 1 0028667160 LICK
002 1 0028786748 LICK
002 1 0028923256 LICK
002 1 0029057308 LICK
002 1 0029190112 RESP_END
002 1 0028106868 REWARD_END
003 1 0031345040 STIM_START
003 1 0032041544 LICK
003 1 0032174344 LICK
003 1 0032269788 LICK
003 1 0032443688 STIM_END_RESP_START
003 1 0032508900 LICK
003 1 0032509344 REWARD_START
003 1 0032646048 LICK
003 1 0032766968 LICK
003 1 0032881340 LICK
003 1 0032997812 LICK
003 1 0033126776 LICK
003 1 0033258900 LICK
003 1 0033378364 LICK
003 1 0033510304 LICK
003 1 0033643732 RESP_END
003 1 0032539792 REWARD_END
004 1 0036647628 STIM_START
004 1 0037059704 LICK
004 1 0037217124 LICK
004 1 0037384496 LICK
004 1 0037514196 LICK
004 1 0037664028 LICK
004 1 0037746264 STIM_END_RESP_START
004 1 0037788736 LICK
004 1 0037789176 REWARD_START
004 1 0037965804 LICK
004 1 0038078868 LICK
004 1 0038198460 LICK
004 1 0038325920 LICK
004 1 0038447064 LICK
004 1 0038581500 LICK
004 1 0038946284 RESP_END
004 1 0037819624 REWARD_END
005 0 0040761688 STIM_START
005 0 0041860320 STIM_END_RESP_START
005 0 0043060344 RESP_END
006 1 0044735848 STIM_START
006 1 0045834480 STIM_END_RESP_START
006 1 0045879984 LICK
006 1 0045880428 REWARD_START
006 1 0046040576 LICK
006 1 0046175140 LICK
006 1 0046301136 LICK
006 1 0046427492 LICK
006 1 0046550712 LICK
006 1 0046695936 LICK
006 1 0046838044 LICK
006 1 0046983340 LICK
006 1 0047034504 RESP_END
006 1 0045910868 REWARD_END
007 1 0051714392 STIM_START
007 1 0052210196 LICK
007 1 0052347732 LICK
007 1 0052629424 LICK
007 1 0052795936 LICK
007 1 0052813016 STIM_END_RESP_START
007 1 0054013040 RESP_END
008 1 0055601680 STIM_START
008 1 0056047768 LICK
008 1 0056166984 LICK
008 1 0056322140 LICK
008 1 0056450076 LICK
008 1 0056588248 LICK
008 1 0056700316 STIM_END_RESP_START
008 1 0057900340 RESP_END
009 0 0059535972 STIM_START
009 0 0059653220 LICK
009 0 0059787980 LICK
009 0 0060023424 LICK
009 0 0060184684 LICK
009 0 0060500532 LICK
009 0 0060634608 STIM_END_RESP_START
009 0 0061834636 RESP_END
010 1 0063445192 STIM_START
010 1 0063735960 LICK
010 1 0063870912 LICK
010 1 0064015032 LICK
010 1 0064176080 LICK
010 1 0064543820 STIM_END_RESP_START
010 1 0065743840 RESP_END
011 1 0067805968 STIM_START
011 1 0068225884 LICK
011 1 0068366816 LICK
011 1 0068897076 LICK
011 1 0068904624 STIM_END_RESP_START
011 1 0070104644 RESP_END
012 0 0072191652 STIM_START
012 0 0072759644 LICK
012 0 0073290276 STIM_END_RESP_START
012 0 0073414352 LICK
012 0 0073414796 TIMEOUT_START
012 0 0073566132 LICK
012 0 0073566576 TIMEOUT_START
012 0 0074490304 RESP_END
012 0 0080567032 TIMEOUT_END
013 0 0083899520 STIM_START
013 0 0084998152 STIM_END_RESP_START
013 0 0085438456 LICK
013 0 0085438900 TIMEOUT_START
013 0 0085582948 LICK
013 0 0085583388 TIMEOUT_START
013 0 0085741120 LICK
013 0 0085741556 TIMEOUT_START
013 0 0086198172 RESP_END
013 0 0092742012 TIMEOUT_END
014 1 0096779912 STIM_START
014 1 0097878544 STIM_END_RESP_START
014 1 0099078572 RESP_END
015 0 0100786088 STIM_START
015 0 0101884736 STIM_END_RESP_START
015 0 0103084784 RESP_END
016 1 0105102888 STIM_START
016 1 0106201532 STIM_END_RESP_START
016 1 0107401576 RESP_END
017 0 0109386680 STIM_START
017 0 0110485328 STIM_END_RESP_START
017 0 0111685372 RESP_END
018 1 0115109792 STIM_START
018 1 0115404236 LICK
018 1 0115551376 LICK
018 1 0115719936 LICK
018 1 0115844876 LICK
018 1 0115944148 LICK
018 1 0116049064 LICK
018 1 0116162484 LICK
018 1 0116208424 STIM_END_RESP_START
018 1 0116289400 LICK
018 1 0116289892 REWARD_START
018 1 0116663048 LICK
018 1 0116770516 LICK
018 1 0116883240 LICK
018 1 0117019284 LICK
018 1 0117145164 LICK
018 1 0117267628 LICK
018 1 0117407004 LICK
018 1 0117408460 RESP_END
018 1 0116320388 REWARD_END
019 1 0122369996 STIM_START
019 1 0122613452 LICK
019 1 0122767268 LICK
019 1 0122951300 LICK
019 1 0123468644 STIM_END_RESP_START
019 1 0124668688 RESP_END
020 1 0126586836 STIM_START
020 1 0127685484 STIM_END_RESP_START
020 1 0128885528 RESP_END
021 0 0130496188 STIM_START
021 0 0131594836 STIM_END_RESP_START
021 0 0132794880 RESP_END
022 1 0134793004 STIM_START
022 1 0135891648 STIM_END_RESP_START
022 1 0136091240 LICK
022 1 0136091728 REWARD_START
022 1 0136216788 LICK
022 1 0136307128 LICK
022 1 0136403192 LICK
022 1 0136508572 LICK
022 1 0136641264 LICK
022 1 0136760140 LICK
022 1 0136877948 LICK
022 1 0137010044 LICK
022 1 0137091692 RESP_END
022 1 0136122232 REWARD_END
023 1 0141903412 STIM_START
023 1 0142208320 LICK
023 1 0142327072 LICK
023 1 0142459792 LICK
023 1 0142592728 LICK
023 1 0143002068 STIM_END_RESP_START
023 1 0144202108 RESP_END
024 1 0149141628 STIM_START
024 1 0149412856 LICK
024 1 0149541916 LICK
024 1 0149674976 LICK
024 1 0149804284 LICK
024 1 0149990284 LICK
024 1 0150117884 LICK
024 1 0150240252 STIM_END_RESP_START
024 1 0150255680 LICK
024 1 0150256164 REWARD_START
024 1 0150438588 LICK
024 1 0150557568 LICK
024 1 0150665320 LICK
024 1 0150783260 LICK
024 1 0150917556 LICK
024 1 0151064176 LICK
024 1 0151440268 RESP_END
024 1 0150286660 REWARD_END
025 0 0158542268 STIM_START
025 0 0158835076 LICK
025 0 0158938396 LICK
025 0 0159055820 LICK
025 0 0159174032 LICK
025 0 0159293628 LICK
025 0 0159465064 LICK
025 0 0159612444 LICK
025 0 0159640904 STIM_END_RESP_START
025 0 0159757104 LICK
025 0 0159757592 TIMEOUT_START
025 0 0159901480 LICK
025 0 0159901972 TIMEOUT_START
025 0 0160840936 RESP_END
025 0 0166902472 TIMEOUT_END
026 1 0168766856 STIM_START
026 1 0169169544 LICK
026 1 0169296456 LICK
026 1 0169440736 LICK
026 1 0169570428 LICK
026 1 0169865496 STIM_END_RESP_START
026 1 0171065540 RESP_END
027 1 0175366884 STIM_START
027 1 0175696004 LICK
027 1 0175816228 LICK
027 1 0175954760 LICK
027 1 0176465512 STIM_END_RESP_START
027 1 0177665556 RESP_END
028 1 0181536452 STIM_START
028 1 0182219304 LICK
028 1 0182350664 LICK
028 1 0182553848 LICK
028 1 0182635092 STIM_END_RESP_START
028 1 0182695336 LICK
028 1 0182695820 REWARD_START
028 1 0182845080 LICK
028 1 0182969112 LICK
028 1 0183064684 LICK
028 1 0183174936 LICK
028 1 0183304396 LICK
028 1 0183419296 LICK
028 1 0183546368 LICK
028 1 0183671612 LICK
028 1 0183796640 LICK
028 1 0183835112 RESP_END
028 1 0182726336 REWARD_END
029 0 0189330032 STIM_START
029 0 0189434516 LICK
029 0 0189574392 LICK
029 0 0189732052 LICK
029 0 0189897280 LICK
029 0 0190030168 LICK
029 0 0190185996 LICK
029 0 0190428656 STIM_END_RESP_START
029 0 0190789180 LICK
029 0 0190789668 TIMEOUT_START
029 0 0191628672 RESP_END
029 0 0197790168 TIMEOUT_END
030 1 0201117748 STIM_START
030 1 0201784164 LICK
030 1 0201904720 LICK
030 1 0202032204 LICK
030 1 0202157588 LICK
030 1 0202216368 STIM_END_RESP_START
030 1 0202281604 LICK
030 1 0202282092 REWARD_START
030 1 0202454076 LICK
030 1 0202552792 LICK
030 1 0202649900 LICK
030 1 0202762576 LICK
030 1 0202871568 LICK
030 1 0202996264 LICK
030 1 0203136108 LICK
030 1 0203250300 LICK
030 1 0203383488 LICK
030 1 0203416392 RESP_END
030 1 0202312600 REWARD_END
031 1 0208093320 STIM_START
031 1 0208485776 LICK
031 1 0208608488 LICK
031 1 0208752108 LICK
031 1 0208891188 LICK
031 1 0209006820 LICK
031 1 0209169300 LICK
031 1 0209191964 STIM_END_RESP_START
031 1 0210391980 RESP_END
032 1 0216670940 STIM_START
032 1 0216770696 LICK
032 1 0216892208 LICK
032 1 0217020780 LICK
032 1 0217160308 LICK
032 1 0217388276 LICK
032 1 0217647004 LICK
032 1 0217769572 STIM_END_RESP_START
032 1 0217786880 LICK
032 1 0217787360 REWARD_START
032 1 0218013900 LICK
032 1 0218134608 LICK
032 1 0218236296 LICK
032 1 0218347160 LICK
032 1 0218470648 LICK
032 1 0218604596 LICK
032 1 0218734420 LICK
032 1 0218871080 LICK
032 1 0218969600 RESP_END
032 1 0217817872 REWARD_END
033 0 0230626084 STIM_START
033 0 0231724732 STIM_END_RESP_START
033 0 0231808852 LICK
033 0 0231809340 TIMEOUT_START
033 0 0231945396 LICK
033 0 0231945880 TIMEOUT_START
033 0 0232066656 LICK
033 0 0232067144 TIMEOUT_START
033 0 0232190456 LICK
033 0 0232190940 TIMEOUT_START
033 0 0232339576 LICK
033 0 0232340060 TIMEOUT_START
033 0 0232474132 LICK
033 0 0232474612 TIMEOUT_START
033 0 0232615772 LICK
033 0 0232616264 TIMEOUT_START
033 0 0232817968 LICK
033 0 0232818452 TIMEOUT_START
033 0 0232924776 RESP_END
033 0 0239818960 TIMEOUT_END
034 0 0241739628 STIM_START
034 0 0242765328 LICK
034 0 0242838280 STIM_END_RESP_START
034 0 0242891960 LICK
034 0 0242892444 TIMEOUT_START
034 0 0243050392 LICK
034 0 0243050884 TIMEOUT_START
034 0 0243507344 LICK
034 0 0243507828 TIMEOUT_START
034 0 0243691320 LICK
034 0 0243691812 TIMEOUT_START
034 0 0244038300 RESP_END
034 0 0250692312 TIMEOUT_END
035 0 0254897688 STIM_START
035 0 0255996340 STIM_END_RESP_START
035 0 0257196388 RESP_END
036 1 0261400820 STIM_START
036 1 0262105412 LICK
036 1 0262239660 LICK
036 1 0262346680 LICK
036 1 0262499452 STIM_END_RESP_START
036 1 0262889232 LICK
036 1 0262889724 REWARD_START
036 1 0263083704 LICK
036 1 0263265484 LICK
036 1 0263393520 LICK
036 1 0263498280 LICK
036 1 0263609328 LICK
036 1 0263699500 RESP_END
036 1 0262920232 REWARD_END
037 0 0276338772 STIM_START
037 0 0276826780 LICK
037 0 0277437408 STIM_END_RESP_START
037 0 0277662712 LICK
037 0 0277663204 TIMEOUT_START
037 0 0277786580 LICK
037 0 0277787072 TIMEOUT_START
037 0 0277935188 LICK
037 0 0277935672 TIMEOUT_START
037 0 0278118340 LICK
037 0 0278118832 TIMEOUT_START
037 0 0278275088 LICK
037 0 0278275572 TIMEOUT_START
037 0 0278637432 RESP_END
037 0 0285276072 TIMEOUT_END
038 1 0288424148 STIM_START
038 1 0289522792 STIM_END_RESP_START
038 1 0290722840 RESP_END
039 0 0295667404 STIM_START
039 0 0296024728 LICK
039 0 0296145804 LICK
039 0 0296278200 LICK
039 0 0296429160 LICK
039 0 0296580536 LICK
039 0 0296766064 STIM_END_RESP_START
039 0 0297966108 RESP_END
040 0 0302266412 STIM_START
040 0 0302629272 LICK
040 0 0302766612 LICK
040 0 0302939380 LICK
040 0 0303090972 LICK
040 0 0303365064 STIM_END_RESP_START
040 0 0303687332 LICK
040 0 0303687824 TIMEOUT_START
040 0 0303836904 LICK
040 0 0303837396 TIMEOUT_START
040 0 0303997544 LICK
040 0 0303998036 TIMEOUT_START
040 0 0304163816 LICK
040 0 0304164308 TIMEOUT_START
040 0 0304565076 RESP_END
040 0 0311164800 TIMEOUT_END
041 0 0313133296 STIM_START
041 0 0313169436 LICK
041 0 0313279864 LICK
041 0 0313419976 LICK
041 0 0313563272 LICK
041 0 0314125352 LICK
041 0 0314231932 STIM_END_RESP_START
041 0 0314245688 LICK
041 0 0314246180 TIMEOUT_START
041 0 0314412120 LICK
041 0 0314412604 TIMEOUT_START
041 0 0315431980 RESP_END
041 0 0321413124 TIMEOUT_END
042 1 0323020316 STIM_START
042 1 0323718752 LICK
042 1 0323845552 LICK
042 1 0324118960 STIM_END_RESP_START
042 1 0325319004 RESP_END
043 0 0327001508 STIM_START
043 0 0328072292 LICK
043 0 0328100144 STIM_END_RESP_START
043 0 0328191840 LICK
043 0 0328192332 TIMEOUT_START
043 0 0328335692 LICK
043 0 0328336172 TIMEOUT_START
043 0 0328482672 LICK
043 0 0328483160 TIMEOUT_START
043 0 0328627772 LICK
043 0 0328628260 TIMEOUT_START
043 0 0328798588 LICK
043 0 0328799072 TIMEOUT_START
043 0 0328939324 LICK
043 0 0328939816 TIMEOUT_START
043 0 0329118676 LICK
043 0 0329119168 TIMEOUT_START
043 0 0329258872 LICK
043 0 0329259360 TIMEOUT_START
043 0 0329300180 RESP_END
043 0 0336259860 TIMEOUT_END
044 1 0339139836 STIM_START
044 1 0339902700 LICK
044 1 0340053492 LICK
044 1 0340177832 LICK
044 1 0340238460 STIM_END_RESP_START
044 1 0340315740 LICK
044 1 0340316232 REWARD_START
044 1 0340480920 LICK
044 1 0340609592 LICK
044 1 0340709964 LICK
044 1 0340823480 LICK
044 1 0340948640 LICK
044 1 0341072540 LICK
044 1 0341217756 LICK
044 1 0341366760 LICK
044 1 0341438500 RESP_END
044 1 0340346740 REWARD_END
045 1 0344165736 STIM_START
045 1 0344488000 LICK
045 1 0344607928 LICK
045 1 0344738488 LICK
045 1 0344898432 LICK
045 1 0345055488 LICK
045 1 0345211356 LICK
045 1 0345264360 STIM_END_RESP_START
045 1 0345358120 LICK
045 1 0345358612 REWARD_START
045 1 0345498484 LICK
045 1 0345620880 LICK
045 1 0345723892 LICK
045 1 0345837704 LICK
045 1 0345959564 LICK
045 1 0346085928 LICK
045 1 0346216804 LICK
045 1 0346351292 LICK
045 1 0346464392 RESP_END
045 1 0345389108 REWARD_END
046 0 0350624980 STIM_START
046 0 0350930848 LICK
046 0 0351066552 LICK
046 0 0351202528 LICK
046 0 0351338968 LICK
046 0 0351477384 LICK
046 0 0351644792 LICK
046 0 0351723616 STIM_END_RESP_START
046 0 0351792416 LICK
046 0 0351792904 TIMEOUT_START
046 0 0351985196 LICK
046 0 0351985688 TIMEOUT_START
046 0 0352137376 LICK
046 0 0352137860 TIMEOUT_START
046 0 0352269828 LICK
046 0 0352270312 TIMEOUT_START
046 0 0352407320 LICK
046 0 0352407808 TIMEOUT_START
046 0 0352564848 LICK
046 0 0352565336 TIMEOUT_START
046 0 0352752400 LICK
046 0 0352752888 TIMEOUT_START
046 0 0352923660 RESP_END
046 0 0359753384 TIMEOUT_END
047 0 0361564716 STIM_START
047 0 0362305912 LICK
047 0 0362445076 LICK
047 0 0362617684 LICK
047 0 0362663368 STIM_END_RESP_START
047 0 0362898392 LICK
047 0 0362898884 TIMEOUT_START
047 0 0363026660 LICK
047 0 0363027144 TIMEOUT_START
047 0 0363201556 LICK
047 0 0363202040 TIMEOUT_START
047 0 0363353920 LICK
047 0 0363354412 TIMEOUT_START
047 0 0363863416 RESP_END
047 0 0370354916 TIMEOUT_END
048 0 0372017056 STIM_START
048 0 0372648804 LICK
048 0 0372756428 LICK
048 0 0372902448 LICK
048 0 0373115708 STIM_END_RESP_START
048 0 0373250656 LICK
048 0 0373251148 TIMEOUT_START
048 0 0373378700 LICK
048 0 0373379192 TIMEOUT_START
048 0 0373517568 LICK
048 0 0373518052 TIMEOUT_START
048 0 0373686252 LICK
048 0 0373686744 TIMEOUT_START
048 0 0373821504 LICK
048 0 0373821988 TIMEOUT_START
048 0 0373971220 LICK
048 0 0373971704 TIMEOUT_START
048 0 0374142472 LICK
048 0 0374142956 TIMEOUT_START
048 0 0374315736 RESP_END
048 0 0381143476 TIMEOUT_END
049 1 0385622648 STIM_START
049 1 0386014264 LICK
049 1 0386141032 LICK
049 1 0386277448 LICK
049 1 0386445804 LICK
049 1 0386721280 STIM_END_RESP_START
049 1 0387921324 RESP_END
050 0 0390651560 STIM_START
050 0 0391119676 LICK
050 0 0391240104 LICK
050 0 0391392160 LICK
050 0 0391561476 LICK
050 0 0391750180 STIM_END_RESP_START
050 0 0392268072 LICK
050 0 0392268556 TIMEOUT_START
050 0 0392412960 LICK
050 0 0392413448 TIMEOUT_START
050 0 0392564288 LICK
050 0 0392564780 TIMEOUT_START
050 0 0392713212 LICK
050 0 0392713704 TIMEOUT_START
050 0 0392878372 LICK
050 0 0392878860 TIMEOUT_START
050 0 0392950196 RESP_END
050 0 0399879372 TIMEOUT_END
051 0 0401935920 STIM_START
051 0 0402264916 LICK
051 0 0402405280 LICK
051 0 0402568868 LICK
051 0 0403034572 STIM_END_RESP_START
051 0 0403395736 LICK
051 0 0403396224 TIMEOUT_START
051 0 0403529056 LICK
051 0 0403529540 TIMEOUT_START
051 0 0403686956 LICK
051 0 0403687448 TIMEOUT_START
051 0 0403875988 LICK
051 0 0403876472 TIMEOUT_START
051 0 0404234620 RESP_END
051 0 0410876984 TIMEOUT_END
052 1 0412822704 STIM_START
052 1 0413282856 LICK
052 1 0413414696 LICK
052 1 0413540272 LICK
052 1 0413680440 LICK
052 1 0413849720 LICK
052 1 0413921344 STIM_END_RESP_START
052 1 0414006240 LICK
052 1 0414006732 REWARD_START
052 1 0414158036 LICK
052 1 0414281104 LICK
052 1 0414389452 LICK
052 1 0414520920 LICK
052 1 0414637036 LICK
052 1 0414775192 LICK
052 1 0414908628 LICK
052 1 0415042540 LICK
052 1 0415121372 RESP_END
052 1 0414037228 REWARD_END
053 0 0419742352 STIM_START
053 0 0419785308 LICK
053 0 0419894904 LICK
053 0 0420025092 LICK
053 0 0420158796 LICK
053 0 0420304904 LICK
053 0 0420424476 LICK
053 0 0420581944 LICK
053 0 0420724640 LICK
053 0 0420840996 STIM_END_RESP_START
053 0 0420855900 LICK
053 0 0420856384 TIMEOUT_START
053 0 0421001948 LICK
053 0 0421002440 TIMEOUT_START
053 0 0421179940 LICK
053 0 0421180428 TIMEOUT_START
053 0 0422041020 RESP_END
053 0 0428180936 TIMEOUT_END
054 0 0431304356 STIM_START
054 0 0432403008 STIM_END_RESP_START
054 0 0433603052 RESP_END
055 1 0438109128 STIM_START
055 1 0439207776 STIM_END_RESP_START
055 1 0440407820 RESP_END
056 1 0450436232 STIM_START
056 1 0451534884 STIM_END_RESP_START
056 1 0452734920 RESP_END
057 1 0454424440 STIM_START
057 1 0455523092 STIM_END_RESP_START
057 1 0456723136 RESP_END
058 0 0458775184 STIM_START
058 0 0459873832 STIM_END_RESP_START
058 0 0461073880 RESP_END
059 1 0464343456 STIM_START
059 1 0465442104 STIM_END_RESP_START
059 1 0466642144 RESP_END
060 0 0468402516 STIM_START
060 0 0469501168 STIM_END_RESP_START
060 0 0470701212 RESP_END
061 1 0472290820 STIM_START
061 1 0472438596 LICK
061 1 0472555624 LICK
061 1 0473204868 LICK
061 1 0473291300 LICK
061 1 0473389472 STIM_END_RESP_START
061 1 0473412632 LICK
061 1 0473413120 REWARD_START
061 1 0473551592 LICK
061 1 0473664948 LICK
061 1 0473761168 LICK
061 1 0473882240 LICK
061 1 0474004968 LICK
061 1 0474146840 LICK
061 1 0474280900 LICK
061 1 0474589520 RESP_END
061 1 0473443616 REWARD_END
062 0 0476181092 STIM_START
062 0 0476513752 LICK
062 0 0476630776 LICK
062 0 0476936440 LICK
062 0 0477279740 STIM_END_RESP_START
062 0 0478479784 RESP_END
063 1 0480205224 STIM_START
063 1 0480819840 LICK
063 1 0480914552 LICK
063 1 0481032420 LICK
063 1 0481155316 LICK
063 1 0481303860 STIM_END_RESP_START
063 1 0481307672 LICK
063 1 0481308164 REWARD_START
063 1 0481475564 LICK
063 1 0481563076 LICK
063 1 0481667396 LICK
063 1 0481791828 LICK
063 1 0481901816 LICK
063 1 0482036672 LICK
063 1 0482162988 LICK
063 1 0482298028 LICK
063 1 0482503904 RESP_END
063 1 0481338660 REWARD_END
064 0 0486774296 STIM_START
064 0 0487635936 LICK
064 0 0487730464 LICK
064 0 0487851440 LICK
064 0 0487872948 STIM_END_RESP_START
064 0 0489072992 RESP_END
065 1 0490954236 STIM_START
065 1 0491196188 LICK
065 1 0491315304 LICK
065 1 0491440728 LICK
065 1 0491589096 LICK
065 1 0491744396 LICK
065 1 0492052892 STIM_END_RESP_START
065 1 0493252932 RESP_END
066 0 0496714284 STIM_START
066 0 0497733868 LICK
066 0 0497812924 STIM_END_RESP_START
066 0 0497883384 LICK
066 0 0497883872 TIMEOUT_START
066 0 0498020788 LICK
066 0 0498021276 TIMEOUT_START
066 0 0498185668 LICK
066 0 0498186148 TIMEOUT_START
066 0 0498325556 LICK
066 0 0498326040 TIMEOUT_START
066 0 0498489712 LICK
066 0 0498490196 TIMEOUT_START
066 0 0498709148 LICK
066 0 0498709640 TIMEOUT_START
066 0 0498954404 LICK
066 0 0498954888 TIMEOUT_START
066 0 0499012944 RESP_END
066 0 0505955396 TIMEOUT_END
067 1 0510278872 STIM_START
067 1 0511377524 STIM_END_RESP_START
067 1 0512577568 RESP_END
068 1 0516464384 STIM_START
068 1 0517563036 STIM_END_RESP_START
068 1 0518092300 LICK
068 1 0518092788 REWARD_START
068 1 0518197300 LICK
068 1 0518317384 LICK
068 1 0518420120 LICK
068 1 0518526424 LICK
068 1 0518635920 LICK
068 1 0518752228 LICK
068 1 0518763060 RESP_END
068 1 0518123304 REWARD_END
069 1 0522878624 STIM_START
069 1 0523134552 LICK
069 1 0523264580 LICK
069 1 0523411932 LICK
069 1 0523529016 LICK
069 1 0523704724 LICK
069 1 0523863104 LICK
069 1 0523977248 STIM_END_RESP_START
069 1 0524035320 LICK
069 1 0524035804 REWARD_START
069 1 0524202496 LICK
069 1 0524301264 LICK
069 1 0524416944 LICK
069 1 0524545008 LICK
069 1 0524701528 LICK
069 1 0524831272 LICK
069 1 0524980464 LICK
069 1 0525124828 LICK
069 1 0525177272 RESP_END
069 1 0524066320 REWARD_END
070 0 0529256932 STIM_START
070 0 0529503072 LICK
070 0 0529627600 LICK
070 0 0529797752 LICK
070 0 0529929772 LICK
070 0 0530066188 LICK
070 0 0530220408 LICK
070 0 0530355548 STIM_END_RESP_START
070 0 0530368340 LICK
070 0 0530368832 TIMEOUT_START
070 0 0530551572 LICK
070 0 0530552064 TIMEOUT_START
070 0 0530715036 LICK
070 0 0530715524 TIMEOUT_START
070 0 0531555564 RESP_END
070 0 0537716036 TIMEOUT_END
071 1 0540975752 STIM_START
071 1 0541690200 LICK
071 1 0541819604 LICK
071 1 0541972304 LICK
071 1 0542074372 STIM_END_RESP_START
071 1 0542108680 LICK
071 1 0542109164 REWARD_START
071 1 0542260816 LICK
071 1 0542381916 LICK
071 1 0542492268 LICK
071 1 0542610268 LICK
071 1 0542764356 LICK
071 1 0542904868 LICK
071 1 0543039092 LICK
071 1 0543174916 LICK
071 1 0543274408 RESP_END
071 1 0542139660 REWARD_END
072 0 0552513820 STIM_START
072 0 0552800336 LICK
072 0 0552918340 LICK
072 0 0553091928 LICK
072 0 0553257576 LICK
072 0 0553402160 LICK
072 0 0553612436 STIM_END_RESP_START
072 0 0553831732 LICK
072 0 0553832216 TIMEOUT_START
072 0 0554812464 RESP_END
072 0 0560832720 TIMEOUT_END
073 0 0563634340 STIM_START
073 0 0564106456 LICK
073 0 0564242076 LICK
073 0 0564438496 LICK
073 0 0564732992 STIM_END_RESP_START
073 0 0565933032 RESP_END
074 0 0567794356 STIM_START
074 0 0568327320 LICK
074 0 0568463444 LICK
074 0 0568601940 LICK
074 0 0568769976 LICK
074 0 0568893004 STIM_END_RESP_START
074 0 0569079984 LICK
074 0 0569080468 TIMEOUT_START
074 0 0569219672 LICK
074 0 0569220164 TIMEOUT_START
074 0 0569374700 LICK
074 0 0569375192 TIMEOUT_START
074 0 0569536804 LICK
074 0 0569537288 TIMEOUT_START
074 0 0570093044 RESP_END
074 0 0576537796 TIMEOUT_END
075 1 0580737680 STIM_START
075 1 0581278180 LICK
075 1 0581392904 LICK
075 1 0581541380 LICK
075 1 0581689116 LICK
075 1 0581836320 STIM_END_RESP_START
075 1 0581839612 LICK
075 1 0581840104 REWARD_START
075 1 0582027964 LICK
075 1 0583036332 RESP_END
075 1 0581870620 REWARD_END
076 0 0588519232 STIM_START
076 0 0588846316 LICK
076 0 0588986772 LICK
076 0 0589151324 LICK
076 0 0589617852 STIM_END_RESP_START
076 0 0590817900 RESP_END
077 1 0592561380 STIM_START
077 1 0592867904 LICK
077 1 0593003216 LICK
077 1 0593158616 LICK
077 1 0593328084 LICK
077 1 0593458108 LICK
077 1 0593608732 LICK
077 1 0593660000 STIM_END_RESP_START
077 1 0594860044 RESP_END
078 1 0596800216 STIM_START
078 1 0597178644 LICK
078 1 0597304396 LICK
078 1 0597451800 LICK
078 1 0597612280 LICK
078 1 0597860068 LICK
078 1 0597898876 STIM_END_RESP_START
078 1 0598002252 LICK
078 1 0598002744 REWARD_START
078 1 0598160188 LICK
078 1 0598264048 LICK
078 1 0598369332 LICK
078 1 0598488660 LICK
078 1 0598609332 LICK
078 1 0598739156 LICK
078 1 0598903296 LICK
078 1 0599026900 LICK
078 1 0599098912 RESP_END
078 1 0598033252 REWARD_END
079 1 0611691228 STIM_START
079 1 0612789880 STIM_END_RESP_START
079 1 0613989924 RESP_END
080 0 0626245640 STIM_START
080 0 0627053480 LICK
080 0 0627178060 LICK
080 0 0627323080 LICK
080 0 0627344268 STIM_END_RESP_START
080 0 0627530324 LICK
080 0 0627530816 TIMEOUT_START
080 0 0627672652 LICK
080 0 0627673144 TIMEOUT_START
080 0 0627800340 LICK
080 0 0627800824 TIMEOUT_START
080 0 0627956168 LICK
080 0 0627956656 TIMEOUT_START
080 0 0628133480 LICK
080 0 0628133972 TIMEOUT_START
080 0 0628287028 LICK
080 0 0628287520 TIMEOUT_START
080 0 0628439608 LICK
080 0 0628440100 TIMEOUT_START
080 0 0628544288 RESP_END
080 0 0635440608 TIMEOUT_END
081 0 0637449100 STIM_START
081 0 0638338800 LICK
081 0 0638450064 LICK
081 0 0638547736 STIM_END_RESP_START
081 0 0638578324 LICK
081 0 0638578816 TIMEOUT_START
081 0 0638711992 LICK
081 0 0638712480 TIMEOUT_START
081 0 0638900444 LICK
081 0 0638900932 TIMEOUT_START
081 0 0639229192 LICK
081 0 0639229680 TIMEOUT_START
081 0 0639381780 LICK
081 0 0639382268 TIMEOUT_START
081 0 0639532752 LICK
081 0 0639533244 TIMEOUT_START
081 0 0639726972 LICK
081 0 0639727460 TIMEOUT_START
081 0 0639747752 RESP_END
081 0 0646727972 TIMEOUT_END
082 1 0648545640 STIM_START
082 1 0649258168 LICK
082 1 0649406180 LICK
082 1 0649531960 LICK
082 1 0649644264 STIM_END_RESP_START
082 1 0649700976 LICK
082 1 0649701468 REWARD_START
082 1 0649837696 LICK
082 1 0650844288 RESP_END
082 1 0649731976 REWARD_END
083 1 0660507232 STIM_START
083 1 0661183964 LICK
083 1 0661362020 LICK
083 1 0661517520 LICK
083 1 0661605856 STIM_END_RESP_START
083 1 0661908696 LICK
083 1 0661909184 REWARD_START
083 1 0662065056 LICK
083 1 0662189072 LICK
083 1 0662301564 LICK
083 1 0662448640 LICK
083 1 0662574216 LICK
083 1 0662705740 LICK
083 1 0662805880 RESP_END
083 1 0661939696 REWARD_END
084 1 0665863744 STIM_START
084 1 0666003324 LICK
084 1 0666112260 LICK
084 1 0666231080 LICK
084 1 0666386444 LICK
084 1 0666512224 LICK
084 1 0666640612 LICK
084 1 0666769372 LICK
084 1 0666907360 LICK
084 1 0666962396 STIM_END_RESP_START
084 1 0667034692 LICK
084 1 0667035176 REWARD_START
084 1 0667193968 LICK
084 1 0667310252 LICK
084 1 0667428884 LICK
084 1 0667562736 LICK
084 1 0667727704 LICK
084 1 0667872392 LICK
084 1 0668018412 LICK
084 1 0668162440 RESP_END
084 1 0667065672 REWARD_END
085 0 0675722800 STIM_START
085 0 0676793876 LICK
085 0 0676821444 STIM_END_RESP_START
085 0 0676944604 LICK
085 0 0676945092 TIMEOUT_START
085 0 0677125380 LICK
085 0 0677125864 TIMEOUT_START
085 0 0677306580 LICK
085 0 0677307064 TIMEOUT_START
085 0 0677406028 LICK
085 0 0677406512 TIMEOUT_START
085 0 0677802740 LICK
085 0 0677803232 TIMEOUT_START
085 0 0678021456 RESP_END
085 0 0684803736 TIMEOUT_END
086 0 0686463832 STIM_START
086 0 0686769780 LICK
086 0 0686924260 LICK
086 0 0687041504 LICK
086 0 0687238264 LICK
086 0 0687403372 LICK
086 0 0687543512 LICK
086 0 0687562484 STIM_END_RESP_START
086 0 0687961664 LICK
086 0 0687962156 TIMEOUT_START
086 0 0688138360 LICK
086 0 0688138844 TIMEOUT_START
086 0 0688308204 LICK
086 0 0688308692 TIMEOUT_START
086 0 0688508356 LICK
086 0 0688508840 TIMEOUT_START
086 0 0688762528 RESP_END
086 0 0695509344 TIMEOUT_END
087 0 0697253752 STIM_START
087 0 0697502324 LICK
087 0 0697645608 LICK
087 0 0697796224 LICK
087 0 0697935856 LICK
087 0 0698126556 LICK
087 0 0698244360 LICK
087 0 0698352388 STIM_END_RESP_START
087 0 0698400580 LICK
087 0 0698401068 TIMEOUT_START
087 0 0698556940 LICK
087 0 0698557428 TIMEOUT_START
087 0 0698710896 LICK
087 0 0698711388 TIMEOUT_START
087 0 0698851992 LICK
087 0 0698852484 TIMEOUT_START
087 0 0699129696 LICK
087 0 0699130188 TIMEOUT_START
087 0 0699409476 LICK
087 0 0699409960 TIMEOUT_START
087 0 0699552436 RESP_END
087 0 0706410468 TIMEOUT_END
088 1 0710833364 STIM_START
088 1 0711602308 LICK
088 1 0711724636 LICK
088 1 0711885156 LICK
088 1 0711932016 STIM_END_RESP_START
088 1 0712033372 LICK
088 1 0712033856 REWARD_START
088 1 0712158920 LICK
088 1 0713132072 RESP_END
088 1 0712064372 REWARD_END
089 0 0717996668 STIM_START
089 0 0718304700 LICK
089 0 0718425532 LICK
089 0 0718543376 LICK
089 0 0718698388 LICK
089 0 0718846584 LICK
089 0 0719050064 LICK
089 0 0719095316 STIM_END_RESP_START
089 0 0719232064 LICK
089 0 0719232548 TIMEOUT_START
089 0 0719819176 LICK
089 0 0719819664 TIMEOUT_START
089 0 0720295332 RESP_END
089 0 0726820180 TIMEOUT_END
090 1 0731044932 STIM_START
090 1 0732074248 LICK
090 1 0732143568 STIM_END_RESP_START
090 1 0732353216 LICK
090 1 0732353712 REWARD_START
090 1 0732487396 LICK
090 1 0732607236 LICK
090 1 0732700180 LICK
090 1 0732805520 LICK
090 1 0732910856 LICK
090 1 0733030092 LICK
090 1 0733161524 LICK
090 1 0733276952 LICK
090 1 0733343608 RESP_END
090 1 0732384220 REWARD_END
091 1 0751164544 STIM_START
091 1 0751965352 LICK
091 1 0752118156 LICK
091 1 0752263200 STIM_END_RESP_START
091 1 0752271340 LICK
091 1 0752271840 REWARD_START
091 1 0752453044 LICK
091 1 0752576884 LICK
091 1 0752679784 LICK
091 1 0752809484 LICK
091 1 0752916992 LICK
091 1 0753043556 LICK
091 1 0753181372 LICK
091 1 0753312332 LICK
091 1 0753445004 LICK
091 1 0753463232 RESP_END
091 1 0752302352 REWARD_END
092 0 0756885628 STIM_START
092 0 0757405312 LICK
092 0 0757528380 LICK
092 0 0757984280 STIM_END_RESP_START
092 0 0758208684 LICK
092 0 0758209168 TIMEOUT_START
092 0 0758652536 LICK
092 0 0758653028 TIMEOUT_START
092 0 0758815352 LICK
092 0 0758815844 TIMEOUT_START
092 0 0758935068 LICK
092 0 0758935560 TIMEOUT_START
092 0 0759056556 LICK
092 0 0759057040 TIMEOUT_START
092 0 0759184304 RESP_END
092 0 0766057552 TIMEOUT_END
093 0 0767712524 STIM_START
093 0 0768811180 STIM_END_RESP_START
093 0 0770011224 RESP_END
094 1 0771618808 STIM_START
094 1 0772717460 STIM_END_RESP_START
094 1 0773917504 RESP_END
095 1 0775975552 STIM_START
095 1 0777074204 STIM_END_RESP_START
095 1 0778274252 RESP_END
096 0 0780110552 STIM_START
096 0 0781209200 STIM_END_RESP_START
096 0 0782409248 RESP_END
097 0 0787119052 STIM_START
097 0 0788217704 STIM_END_RESP_START
097 0 0789417748 RESP_END
098 1 0791108268 STIM_START
098 1 0791810712 LICK
098 1 0791922756 LICK
098 1 0792047792 LICK
098 1 0792186868 LICK
098 1 0792206880 STIM_END_RESP_START
098 1 0792475612 LICK
098 1 0792476104 REWARD_START
098 1 0792631960 LICK
098 1 0792749788 LICK
098 1 0792856024 LICK
098 1 0792974600 LICK
098 1 0793116312 LICK
098 1 0793239492 LICK
098 1 0793385880 LICK
098 1 0793406916 RESP_END
098 1 0792506604 REWARD_END
099 0 0797981912 STIM_START
099 0 0798442568 LICK
099 0 0798560628 LICK
099 0 0798709664 LICK
099 0 0798861248 LICK
099 0 0799026372 LICK
099 0 0799080548 STIM_END_RESP_START
099 0 0799188260 LICK
099 0 0799188748 TIMEOUT_START
099 0 0799341636 LICK
099 0 0799342124 TIMEOUT_START
099 0 0799523216 LICK
099 0 0799523704 TIMEOUT_START
099 0 0799670992 LICK
099 0 0799671484 TIMEOUT_START
099 0 0799823632 LICK
099 0 0799824128 TIMEOUT_START
099 0 0800005644 LICK
099 0 0800006124 TIMEOUT_START
099 0 0800144256 LICK
099 0 0800144744 TIMEOUT_START
099 0 0800280588 RESP_END
099 0 0807145256 TIMEOUT_END
100 1 0809068560 STIM_START
100 1 0809429276 LICK
100 1 0809537732 LICK
100 1 0809689720 LICK
100 1 0809839120 LICK
100 1 0809983616 LICK
100 1 0810141080 LICK
100 1 0810167188 STIM_END_RESP_START
100 1 0811367208 RESP_END
101 0 0813229508 STIM_START
101 0 0813529028 LICK
101 0 0813660692 LICK
101 0 0813827760 LICK
101 0 0813996080 LICK
101 0 0814180088 LICK
101 0 0814323220 LICK
101 0 0814328148 STIM_END_RESP_START
101 0 0814482472 LICK
101 0 0814482956 TIMEOUT_START
101 0 0814652632 LICK
101 0 0814653120 TIMEOUT_START
101 0 0815528196 RESP_END
101 0 0821653628 TIMEOUT_END
102 1 0823678832 STIM_START
102 1 0824024156 LICK
102 1 0824149528 LICK
102 1 0824314900 LICK
102 1 0824447488 LICK
102 1 0824623812 LICK
102 1 0824777476 STIM_END_RESP_START
102 1 0824967608 LICK
102 1 0824968092 REWARD_START
102 1 0825119168 LICK
102 1 0825242224 LICK
102 1 0825349824 LICK
102 1 0825472248 LICK
102 1 0825595128 LICK
102 1 0825737152 LICK
102 1 0825865344 LICK
102 1 0825977484 RESP_END
102 1 0824998604 REWARD_END
103 1 0833583896 STIM_START
103 1 0833859604 LICK
103 1 0833988444 LICK
103 1 0834140124 LICK
103 1 0834274204 LICK
103 1 0834445996 LICK
103 1 0834595688 LICK
103 1 0834682528 STIM_END_RESP_START
103 1 0834785460 LICK
103 1 0834785944 REWARD_START
103 1 0834927800 LICK
103 1 0835058884 LICK
103 1 0835177796 LICK
103 1 0835302156 LICK
103 1 0835450632 LICK
103 1 0835575424 LICK
103 1 0835717264 LICK
103 1 0835846920 LICK
103 1 0835882568 RESP_END
103 1 0834816460 REWARD_END
104 0 0838941416 STIM_START
104 0 0839196028 LICK
104 0 0839328876 LICK
104 0 0839462528 LICK
104 0 0839613056 LICK
104 0 0839748252 LICK
104 0 0839879308 LICK
104 0 0840016648 LICK
104 0 0840040060 STIM_END_RESP_START
104 0 0840146268 LICK
104 0 0840146748 TIMEOUT_START
104 0 0840285720 LICK
104 0 0840286204 TIMEOUT_START
104 0 0840463032 LICK
104 0 0840463520 TIMEOUT_START
104 0 0840591680 LICK
104 0 0840592164 TIMEOUT_START
104 0 0840731672 LICK
104 0 0840732156 TIMEOUT_START
104 0 0840908424 LICK
104 0 0840908916 TIMEOUT_START
104 0 0841066156 LICK
104 0 0841066648 TIMEOUT_START
104 0 0841190044 LICK
104 0 0841190536 TIMEOUT_START
104 0 0841240100 RESP_END
104 0 0848191036 TIMEOUT_END
105 1 0851148628 STIM_START
105 1 0851534012 LICK
105 1 0851854512 LICK
105 1 0852034388 LICK
105 1 0852161428 LICK
105 1 0852247264 STIM_END_RESP_START
105 1 0852317500 LICK
105 1 0852317984 REWARD_START
105 1 0852575520 LICK
105 1 0852680544 LICK
105 1 0852825292 LICK
105 1 0852933168 LICK
105 1 0853067576 LICK
105 1 0853192776 LICK
105 1 0853330964 LICK
105 1 0853447280 RESP_END
105 1 0852348496 REWARD_END
106 1 0866040612 STIM_START
106 1 0866463552 LICK
106 1 0866568600 LICK
106 1 0867015792 LICK
106 1 0867139244 STIM_END_RESP_START
106 1 0868339288 RESP_END
107 0 0870089704 STIM_START
107 0 0870116732 LICK
107 0 0870233608 LICK
107 0 0870380248 LICK
107 0 0870515016 LICK
107 0 0870654252 LICK
107 0 0870804348 LICK
107 0 0870955932 LICK
107 0 0871188328 STIM_END_RESP_START
107 0 0872388376 RESP_END
108 1 0874108852 STIM_START
108 1 0874385480 LICK
108 1 0874508344 LICK
108 1 0874653524 LICK
108 1 0874794568 LICK
108 1 0874950756 LICK
108 1 0875097464 LICK
108 1 0875207484 STIM_END_RESP_START
108 1 0875228872 LICK
108 1 0875229364 REWARD_START
108 1 0875416748 LICK
108 1 0875550472 LICK
108 1 0875673200 LICK
108 1 0875809768 LICK
108 1 0875956436 LICK
108 1 0876103884 LICK
108 1 0876407508 RESP_END
108 1 0875259876 REWARD_END
109 1 0878838156 STIM_START
109 1 0879263944 LICK
109 1 0879367868 LICK
109 1 0879510948 LICK
109 1 0879649776 LICK
109 1 0879780808 LICK
109 1 0879936776 STIM_END_RESP_START
109 1 0879946756 LICK
109 1 0879947252 REWARD_START
109 1 0880109088 LICK
109 1 0880226488 LICK
109 1 0880340096 LICK
109 1 0880463208 LICK
109 1 0880590636 LICK
109 1 0880747788 LICK
109 1 0880880280 LICK
109 1 0881034724 LICK
109 1 0881136800 RESP_END
109 1 0879977748 REWARD_END
110 0 0885137508 STIM_START
110 0 0885213940 LICK
110 0 0885326616 LICK
110 0 0885465708 LICK
110 0 0885600124 LICK
110 0 0885754400 LICK
110 0 0885903512 LICK
110 0 0886056992 LICK
110 0 0886210412 LICK
110 0 0886236136 STIM_END_RESP_START
110 0 0886373724 LICK
110 0 0886374212 TIMEOUT_START
110 0 0886567680 LICK
110 0 0886568172 TIMEOUT_START
110 0 0886706700 LICK
110 0 0886707184 TIMEOUT_START
110 0 0886884036 LICK
110 0 0886884524 TIMEOUT_START
110 0 0887436156 RESP_END
110 0 0893885024 TIMEOUT_END
111 0 0895604852 STIM_START
111 0 0895887440 LICK
111 0 0896014812 LICK
111 0 0896167820 LICK
111 0 0896396848 LICK
111 0 0896703484 STIM_END_RESP_START
111 0 0896757048 LICK
111 0 0896757532 TIMEOUT_START
111 0 0896921620 LICK
111 0 0896922104 TIMEOUT_START
111 0 0897074744 LICK
111 0 0897075232 TIMEOUT_START
111 0 0897227536 LICK
111 0 0897228028 TIMEOUT_START
111 0 0897424260 LICK
111 0 0897424748 TIMEOUT_START
111 0 0897757612 LICK
111 0 0897758100 TIMEOUT_START
111 0 0897903508 RESP_END
111 0 0904758612 TIMEOUT_END
112 0 0909241384 STIM_START
112 0 0909668828 LICK
112 0 0909787500 LICK
112 0 0909930388 LICK
112 0 0910068432 LICK
112 0 0910258624 LICK
112 0 0910340012 STIM_END_RESP_START
112 0 0910549252 LICK
112 0 0910549740 TIMEOUT_START
112 0 0910795200 LICK
112 0 0910795688 TIMEOUT_START
112 0 0910910840 LICK
112 0 0910911324 TIMEOUT_START
112 0 0911130452 LICK
112 0 0911130944 TIMEOUT_START
112 0 0911367520 LICK
112 0 0911368004 TIMEOUT_START
112 0 0911506012 LICK
112 0 0911506504 TIMEOUT_START
112 0 0911540060 RESP_END
112 0 0918507012 TIMEOUT_END
113 1 0920152136 STIM_START
113 1 0920376772 LICK
113 1 0920507572 LICK
113 1 0920660504 LICK
113 1 0921039456 LICK
113 1 0921180996 LICK
113 1 0921250772 STIM_END_RESP_START
113 1 0921353256 LICK
113 1 0921353744 REWARD_START
113 1 0921533420 LICK
113 1 0921654368 LICK
113 1 0921761168 LICK
113 1 0921884732 LICK
113 1 0922019216 LICK
113 1 0922154532 LICK
113 1 0922326936 LICK
113 1 0922450796 RESP_END
113 1 0921384244 REWARD_END
114 1 0928491080 STIM_START
114 1 0928931816 LICK
114 1 0929070216 LICK
114 1 0929205380 LICK
114 1 0929533840 LICK
114 1 0929589732 STIM_END_RESP_START
114 1 0929734492 LICK
114 1 0929734984 REWARD_START
114 1 0929863776 LICK
114 1 0930789756 RESP_END
114 1 0929765480 REWARD_END
115 1 0935432644 STIM_START
115 1 0935727516 LICK
115 1 0935820164 LICK
115 1 0935944340 LICK
115 1 0936079960 LICK
115 1 0936239856 LICK
115 1 0936385420 LICK
115 1 0936518716 LICK
115 1 0936531288 STIM_END_RESP_START
115 1 0936729932 LICK
115 1 0936730416 REWARD_START
115 1 0936920760 LICK
115 1 0937051584 LICK
115 1 0937157732 LICK
115 1 0937280348 LICK
115 1 0937442972 LICK
115 1 0937575444 LICK
115 1 0937721472 LICK
115 1 0937731312 RESP_END
115 1 0936760932 REWARD_END
116 0 0948700648 STIM_START
116 0 0949238888 LICK
116 0 0949410336 LICK
116 0 0949637648 LICK
116 0 0949799284 STIM_END_RESP_START
116 0 0949834828 LICK
116 0 0949835312 TIMEOUT_START
116 0 0950708948 LICK
116 0 0950709440 TIMEOUT_START
116 0 0950873272 LICK
116 0 0950873760 TIMEOUT_START
116 0 0950999296 RESP_END
116 0 0957874268 TIMEOUT_END
117 1 0959870076 STIM_START
117 1 0960254112 LICK
117 1 0960379044 LICK
117 1 0960568080 LICK
117 1 0960739272 LICK
117 1 0960948176 LICK
117 1 0960968732 STIM_END_RESP_START
117 1 0961098060 LICK
117 1 0961098544 REWARD_START
117 1 0961342632 LICK
117 1 0961442880 LICK
117 1 0961550640 LICK
117 1 0961679388 LICK
117 1 0961798620 LICK
117 1 0961930228 LICK
117 1 0962078168 LICK
117 1 0962168760 RESP_END
117 1 0961129060 REWARD_END
118 1 0971672860 STIM_START
118 1 0972409504 LICK
118 1 0972581132 LICK
118 1 0972714116 LICK
118 1 0972771488 STIM_END_RESP_START
118 1 0973022292 LICK
118 1 0973022780 REWARD_START
118 1 0973971508 RESP_END
118 1 0973053292 REWARD_END
119 0 0980217464 STIM_START
119 0 0980505560 LICK
119 0 0980688852 LICK
119 0 0980753884 LICK
119 0 0981067416 LICK
119 0 0981316096 STIM_END_RESP_START
119 0 0981359556 LICK
119 0 0981360052 TIMEOUT_START
119 0 0981504576 LICK
119 0 0981505068 TIMEOUT_START
119 0 0981687700 LICK
119 0 0981688188 TIMEOUT_START
119 0 0981857784 LICK
119 0 0981858272 TIMEOUT_START
119 0 0982007252 LICK
119 0 0982007740 TIMEOUT_START
119 0 0982516140 RESP_END
119 0 0989008256 TIMEOUT_END
120 0 0990977464 STIM_START
120 0 0991588316 LICK
120 0 0991706076 LICK
120 0 0991862008 LICK
120 0 0992043224 LICK
120 0 0992076084 STIM_END_RESP_START
120 0 0992144952 LICK
120 0 0992145444 TIMEOUT_START
120 0 0992329492 LICK
120 0 0992329980 TIMEOUT_START
120 0 0992552892 LICK
120 0 0992553384 TIMEOUT_START
120 0 0992691000 LICK
120 0 0992691492 TIMEOUT_START
120 0 0992889396 LICK
120 0 0992889884 TIMEOUT_START
120 0 0993182036 LICK
120 0 0993182524 TIMEOUT_START
120 0 0993276104 RESP_END
120 0 1000183040 TIMEOUT_END
121 0 1003867848 STIM_START
121 0 1004966476 STIM_END_RESP_START
121 0 1005058304 LICK
121 0 1005058836 TIMEOUT_START
121 0 1005166724 LICK
121 0 1005167256 TIMEOUT_START
121 0 1005315116 LICK
121 0 1005315652 TIMEOUT_START
121 0 1005465448 LICK
121 0 1005465984 TIMEOUT_START
121 0 1005639120 LICK
121 0 1005639652 TIMEOUT_START
121 0 1005794540 LICK
121 0 1005795072 TIMEOUT_START
121 0 1005952148 LICK
121 0 1005952684 TIMEOUT_START
121 0 1006097244 LICK
121 0 1006097784 TIMEOUT_START
121 0 1006166524 RESP_END
121 0 1013098336 TIMEOUT_END
122 1 1014904484 STIM_START
122 1 1016003112 STIM_END_RESP_START
122 1 1017203136 RESP_END
123 1 1019132380 STIM_START
123 1 1019487264 LICK
123 1 1019628048 LICK
123 1 1019780256 LICK
123 1 1019938960 LICK
123 1 1020081932 LICK
123 1 1020231012 STIM_END_RESP_START
123 1 1020252908 LICK
123 1 1020253448 REWARD_START
123 1 1020430736 LICK
123 1 1020552164 LICK
123 1 1020657116 LICK
123 1 1020774684 LICK
123 1 1020922152 LICK
123 1 1021045964 LICK
123 1 1021183980 LICK
123 1 1021349912 LICK
123 1 1021431036 RESP_END
123 1 1020284004 REWARD_END
124 0 1027225584 STIM_START
124 0 1028114456 LICK
124 0 1028220988 LICK
124 0 1028324220 STIM_END_RESP_START
124 0 1028501228 LICK
124 0 1028501764 TIMEOUT_START
124 0 1028644180 LICK
124 0 1028644712 TIMEOUT_START
124 0 1028781396 LICK
124 0 1028781928 TIMEOUT_START
124 0 1028949384 LICK
124 0 1028949912 TIMEOUT_START
124 0 1029524252 RESP_END
124 0 1035950472 TIMEOUT_END
125 0 1037991572 STIM_START
125 0 1039090204 STIM_END_RESP_START
125 0 1040290228 RESP_END
126 1 1044100196 STIM_START
126 1 1044428868 LICK
126 1 1044567840 LICK
126 1 1044880580 LICK
126 1 1045053064 LICK
126 1 1045198820 STIM_END_RESP_START
126 1 1045202128 LICK
126 1 1045202660 REWARD_START
126 1 1045456572 LICK
126 1 1045576776 LICK
126 1 1045678784 LICK
126 1 1045799460 LICK
126 1 1045925904 LICK
126 1 1046056612 LICK
126 1 1046195796 LICK
126 1 1046332292 LICK
126 1 1046398864 RESP_END
126 1 1045233228 REWARD_END
127 1 1050875968 STIM_START
127 1 1051583876 LICK
127 1 1051754364 LICK
127 1 1051906668 LICK
127 1 1051974596 STIM_END_RESP_START
127 1 1052059220 LICK
127 1 1052059756 REWARD_START
127 1 1052207612 LICK
127 1 1052328600 LICK
127 1 1052438852 LICK
127 1 1052554788 LICK
127 1 1052687720 LICK
127 1 1052816892 LICK
127 1 1052957908 LICK
127 1 1053104632 LICK
127 1 1053174624 RESP_END
127 1 1052090308 REWARD_END
128 1 1058879252 STIM_START
128 1 1059246616 LICK
128 1 1059363972 LICK
128 1 1059505480 LICK
128 1 1059659252 LICK
128 1 1059817060 LICK
128 1 1059977896 STIM_END_RESP_START
128 1 1060051296 LICK
128 1 1060051828 REWARD_START
128 1 1060206156 LICK
128 1 1060330280 LICK
128 1 1060442584 LICK
128 1 1060595648 LICK
128 1 1060738596 LICK
128 1 1060867432 LICK
128 1 1061007036 LICK
128 1 1061145660 LICK
128 1 1061177912 RESP_END
128 1 1060082384 REWARD_END
129 0 1066876612 STIM_START
129 0 1067245380 LICK
129 0 1067406164 LICK
129 0 1067586308 LICK
129 0 1067751820 LICK
129 0 1067975252 STIM_END_RESP_START
129 0 1067995016 LICK
129 0 1067995556 TIMEOUT_START
129 0 1068128376 LICK
129 0 1068128908 TIMEOUT_START
129 0 1068378776 LICK
129 0 1068379316 TIMEOUT_START
129 0 1068508660 LICK
129 0 1068509196 TIMEOUT_START
129 0 1068663940 LICK
129 0 1068664472 TIMEOUT_START
129 0 1068812892 LICK
129 0 1068813428 TIMEOUT_START
129 0 1069175276 RESP_END
129 0 1075813984 TIMEOUT_END
130 0 1077747484 STIM_START
130 0 1078250868 LICK
130 0 1078362644 LICK
130 0 1078493592 LICK
130 0 1078645116 LICK
130 0 1078790960 LICK
130 0 1078846124 STIM_END_RESP_START
130 0 1078946728 LICK
130 0 1078947268 TIMEOUT_START
130 0 1079116528 LICK
130 0 1079117064 TIMEOUT_START
130 0 1079240128 LICK
130 0 1079240656 TIMEOUT_START
130 0 1079445340 LICK
130 0 1079445876 TIMEOUT_START
130 0 1079579916 LICK
130 0 1079580448 TIMEOUT_START
130 0 1080046140 RESP_END
130 0 1086581008 TIMEOUT_END
131 0 1088328620 STIM_START
131 0 1089427244 STIM_END_RESP_START
131 0 1090627268 RESP_END
132 1 1094803832 STIM_START
132 1 1095215316 LICK
132 1 1095328204 LICK
132 1 1095472416 LICK
132 1 1095621032 LICK
132 1 1095775280 LICK
132 1 1095902448 STIM_END_RESP_START
132 1 1095928804 LICK
132 1 1095929344 REWARD_START
132 1 1096080912 LICK
132 1 1096233772 LICK
132 1 1096351264 LICK
132 1 1096483628 LICK
132 1 1096618308 LICK
132 1 1096762960 LICK
132 1 1096889640 LICK
132 1 1097030260 LICK
132 1 1097102496 RESP_END
132 1 1095959900 REWARD_END
133 0 1109955492 STIM_START
133 0 1110341348 LICK
133 0 1110500640 LICK
133 0 1110691740 LICK
133 0 1110906204 LICK
133 0 1111054112 STIM_END_RESP_START
133 0 1111068624 LICK
133 0 1111069164 TIMEOUT_START
133 0 1111215248 LICK
133 0 1111215780 TIMEOUT_START
133 0 1111375296 LICK
133 0 1111375828 TIMEOUT_START
133 0 1111598720 LICK
133 0 1111599260 TIMEOUT_START
133 0 1111784348 LICK
133 0 1111784884 TIMEOUT_START
133 0 1112254160 RESP_END
133 0 1118785436 TIMEOUT_END
134 0 1120686456 STIM_START
134 0 1121785080 STIM_END_RESP_START
134 0 1121828484 LICK
134 0 1121829020 TIMEOUT_START
134 0 1122002084 LICK
134 0 1122002612 TIMEOUT_START
134 0 1122431584 LICK
134 0 1122432124 TIMEOUT_START
134 0 1122568984 LICK
134 0 1122569520 TIMEOUT_START
134 0 1122714552 LICK
134 0 1122715088 TIMEOUT_START
134 0 1122880992 LICK
134 0 1122881524 TIMEOUT_START
134 0 1122985120 RESP_END
134 0 1129882084 TIMEOUT_END
135 0 1131948872 STIM_START
135 0 1132923252 LICK
135 0 1133047508 STIM_END_RESP_START
135 0 1133056488 LICK
135 0 1133057032 TIMEOUT_START
135 0 1133234100 LICK
135 0 1133234636 TIMEOUT_START
135 0 1133381660 LICK
135 0 1133382192 TIMEOUT_START
135 0 1133526984 LICK
135 0 1133527520 TIMEOUT_START
135 0 1133674892 LICK
135 0 1133675424 TIMEOUT_START
135 0 1133818152 LICK
135 0 1133818684 TIMEOUT_START
135 0 1133999480 LICK
135 0 1134000012 TIMEOUT_START
135 0 1134131880 LICK
135 0 1134132416 TIMEOUT_START
135 0 1134247552 RESP_END
135 0 1141132972 TIMEOUT_END
136 1 1144237004 STIM_START
136 1 1145335632 STIM_END_RESP_START
136 1 1145956816 LICK
136 1 1145957352 REWARD_START
136 1 1146131548 LICK
136 1 1146259140 LICK
136 1 1146364816 LICK
136 1 1146482232 LICK
136 1 1146535672 RESP_END
136 1 1145987912 REWARD_END
137 0 1150860980 STIM_START
137 0 1151150520 LICK
137 0 1151266784 LICK
137 0 1151419452 LICK
137 0 1151556256 LICK
137 0 1151698368 LICK
137 0 1151840668 LICK
137 0 1151959620 STIM_END_RESP_START
137 0 1152008248 LICK
137 0 1152008780 TIMEOUT_START
137 0 1152168164 LICK
137 0 1152168696 TIMEOUT_START
137 0 1153159648 RESP_END
137 0 1159169252 TIMEOUT_END
138 1 1161232416 STIM_START
138 1 1161712508 LICK
138 1 1161834180 LICK
138 1 1161966744 LICK
138 1 1162137088 LICK
138 1 1162284036 LICK
138 1 1162331044 STIM_END_RESP_START
138 1 1162491188 LICK
138 1 1162491720 REWARD_START
138 1 1162611696 LICK
138 1 1163531072 RESP_END
138 1 1162522280 REWARD_END
139 1 1168647424 STIM_START
139 1 1169746052 STIM_END_RESP_START
139 1 1170946076 RESP_END
140 0 1176199312 STIM_START
140 0 1177297944 STIM_END_RESP_START
140 0 1177302584 LICK
140 0 1177303124 TIMEOUT_START
140 0 1177430704 LICK
140 0 1177431244 TIMEOUT_START
140 0 1177600064 LICK
140 0 1177600592 TIMEOUT_START
140 0 1178143012 LICK
140 0 1178143544 TIMEOUT_START
140 0 1178288260 LICK
140 0 1178288792 TIMEOUT_START
140 0 1178468300 LICK
140 0 1178468836 TIMEOUT_START
140 0 1178497968 RESP_END
140 0 1185469404 TIMEOUT_END
141 1 1194283388 STIM_START
141 1 1195382020 STIM_END_RESP_START
141 1 1196582044 RESP_END
142 0 1198290520 STIM_START
142 0 1199389148 STIM_END_RESP_START
142 0 1200589172 RESP_END
143 1 1202225764 STIM_START
143 1 1203324392 STIM_END_RESP_START
143 1 1204524416 RESP_END
144 0 1206615440 STIM_START
144 0 1207714064 STIM_END_RESP_START
144 0 1208914092 RESP_END
145 1 1210652560 STIM_START
145 1 1211751188 STIM_END_RESP_START
145 1 1212951216 RESP_END
146 0 1214744652 STIM_START
146 0 1215843272 STIM_END_RESP_START
146 0 1217043300 RESP_END
147 0 1219113360 STIM_START
147 0 1220211988 STIM_END_RESP_START
147 0 1221412016 RESP_END
148 1 1223181396 STIM_START
148 1 1224280020 STIM_END_RESP_START
148 1 1225480044 RESP_END
149 0 1227319388 STIM_START
149 0 1228418012 STIM_END_RESP_START
149 0 1229618040 RESP_END
150 1 1231329560 STIM_START
150 1 1232428188 STIM_END_RESP_START
150 1 1233628212 RESP_END
151 1 1235589424 STIM_START
151 1 1236024000 LICK
151 1 1236126544 LICK
151 1 1236273188 LICK
151 1 1236400420 LICK
151 1 1236545864 LICK
151 1 1236688068 STIM_END_RESP_START
151 1 1236708648 LICK
151 1 1236709180 REWARD_START
151 1 1236853780 LICK
151 1 1236973704 LICK
151 1 1237078980 LICK
151 1 1237196636 LICK
151 1 1237344004 LICK
151 1 1237462528 LICK
151 1 1237593084 LICK
151 1 1237737416 LICK
151 1 1237888084 RESP_END
151 1 1236739740 REWARD_END
152 1 1239717424 STIM_START
152 1 1239970400 LICK
152 1 1240082456 LICK
152 1 1240210732 LICK
152 1 1240347572 LICK
152 1 1240483368 LICK
152 1 1240637548 LICK
152 1 1240778296 LICK
152 1 1240816044 STIM_END_RESP_START
152 1 1240918704 LICK
152 1 1240919244 REWARD_START
152 1 1241079596 LICK
152 1 1241195460 LICK
152 1 1241306736 LICK
152 1 1241432084 LICK
152 1 1241565992 LICK
152 1 1241725060 LICK
152 1 1241852580 LICK
152 1 1242000100 LICK
152 1 1242016084 RESP_END
152 1 1240949804 REWARD_END
153 0 1245255720 STIM_START
153 0 1245498920 LICK
153 0 1245617988 LICK
153 0 1245760328 LICK
153 0 1245905788 LICK
153 0 1246092860 LICK
153 0 1246231208 LICK
153 0 1246354332 STIM_END_RESP_START
153 0 1246384640 LICK
153 0 1246385176 TIMEOUT_START
153 0 1246536964 LICK
153 0 1246537496 TIMEOUT_START
153 0 1246703348 LICK
153 0 1246703888 TIMEOUT_START
153 0 1246863836 LICK
153 0 1246864368 TIMEOUT_START
153 0 1247046848 LICK
153 0 1247047380 TIMEOUT_START
153 0 1247554344 RESP_END
153 0 1254047948 TIMEOUT_END
154 1 1256902576 STIM_START
154 1 1258001208 STIM_END_RESP_START
154 1 1259201232 RESP_END
155 0 1261000660 STIM_START
155 0 1262099288 STIM_END_RESP_START
155 0 1263299312 RESP_END
156 0 1267866320 STIM_START
156 0 1268520220 LICK
156 0 1268650312 LICK
156 0 1268809708 LICK
156 0 1268964936 STIM_END_RESP_START
156 0 1268982480 LICK
156 0 1268983020 TIMEOUT_START
156 0 1269133852 LICK
156 0 1269134392 TIMEOUT_START
156 0 1269282744 LICK
156 0 1269283280 TIMEOUT_START
156 0 1269441668 LICK
156 0 1269442200 TIMEOUT_START
156 0 1269616080 LICK
156 0 1269616612 TIMEOUT_START
156 0 1270164960 RESP_END
156 0 1276617176 TIMEOUT_END
157 1 1278479452 STIM_START
157 1 1279578072 STIM_END_RESP_START
157 1 1280778100 RESP_END
158 0 1282412720 STIM_START
158 0 1282496168 LICK
158 0 1282640504 LICK
158 0 1282792396 LICK
158 0 1282937820 LICK
158 0 1283090208 LICK
158 0 1283227976 LICK
158 0 1283390244 LICK
158 0 1283511368 STIM_END_RESP_START
158 0 1283535696 LICK
158 0 1283536236 TIMEOUT_START
158 0 1283656124 LICK
158 0 1283656656 TIMEOUT_START
158 0 1283869860 LICK
158 0 1283870392 TIMEOUT_START
158 0 1283997196 LICK
158 0 1283997732 TIMEOUT_START
158 0 1284711384 RESP_END
158 0 1290998292 TIMEOUT_END
159 1 1293405400 STIM_START
159 1 1294444080 LICK
159 1 1294504016 STIM_END_RESP_START
159 1 1294582216 LICK
159 1 1294582748 REWARD_START
159 1 1294739172 LICK
159 1 1294848928 LICK
159 1 1294963728 LICK
159 1 1295096508 LICK
159 1 1295231676 LICK
159 1 1295369540 LICK
159 1 1295498716 LICK
159 1 1295629100 LICK
159 1 1295704044 RESP_END
159 1 1294613308 REWARD_END
160 0 1302985796 STIM_START
160 0 1303679860 LICK
160 0 1303808712 LICK
160 0 1303971924 LICK
160 0 1304084428 STIM_END_RESP_START
160 0 1304293272 LICK
160 0 1304293808 TIMEOUT_START
160 0 1304425752 LICK
160 0 1304426284 TIMEOUT_START
160 0 1304626584 LICK
160 0 1304627116 TIMEOUT_START
160 0 1305284468 RESP_END
160 0 1311627692 TIMEOUT_END
161 1 1313215396 STIM_START
161 1 1313411148 LICK
161 1 1313548840 LICK
161 1 1313701440 LICK
161 1 1313842868 LICK
161 1 1313995416 LICK
161 1 1314139480 LICK
161 1 1314314048 STIM_END_RESP_START
161 1 1314718280 LICK
161 1 1314718820 REWARD_START
161 1 1314885292 LICK
161 1 1314985096 LICK
161 1 1315103416 LICK
161 1 1315218156 LICK
161 1 1315352216 LICK
161 1 1315508320 LICK
161 1 1315514088 RESP_END
161 1 1314749372 REWARD_END
162 0 1320414672 STIM_START
162 0 1320724604 LICK
162 0 1320866172 LICK
162 0 1320994812 LICK
162 0 1321152740 LICK
162 0 1321290204 LICK
162 0 1321442940 LICK
162 0 1321513292 STIM_END_RESP_START
162 0 1321617356 LICK
162 0 1321617892 TIMEOUT_START
162 0 1321810648 LICK
162 0 1321811184 TIMEOUT_START
162 0 1322713332 RESP_END
162 0 1328811732 TIMEOUT_END
163 0 1332998472 STIM_START
163 0 1333317864 LICK
163 0 1333443752 LICK
163 0 1333599996 LICK
163 0 1334060264 LICK
163 0 1334097092 STIM_END_RESP_START
163 0 1334247136 LICK
163 0 1334247672 TIMEOUT_START
163 0 1334414552 LICK
163 0 1334415084 TIMEOUT_START
163 0 1335297108 RESP_END
163 0 1341415640 TIMEOUT_END
164 1 1343419832 STIM_START
164 1 1343710520 LICK
164 1 1343841656 LICK
164 1 1343981604 LICK
164 1 1344151720 LICK
164 1 1344452832 LICK
164 1 1344518468 STIM_END_RESP_START
164 1 1344609508 LICK
164 1 1344610036 REWARD_START
164 1 1344769076 LICK
164 1 1344889760 LICK
164 1 1345007588 LICK
164 1 1345149492 LICK
164 1 1345271012 LICK
164 1 1345418376 LICK
164 1 1345552596 LICK
164 1 1345675972 LICK
164 1 1345718488 RESP_END
164 1 1344640596 REWARD_END
165 0 1351203384 STIM_START
165 0 1351597820 LICK
165 0 1351730696 LICK
165 0 1351901376 LICK
165 0 1352057040 LICK
165 0 1352246156 LICK
165 0 1352302032 STIM_END_RESP_START
165 0 1352414624 LICK
165 0 1352415156 TIMEOUT_START
165 0 1352620544 LICK
165 0 1352621084 TIMEOUT_START
165 0 1352752248 LICK
165 0 1352752780 TIMEOUT_START
165 0 1353088304 LICK
165 0 1353088832 TIMEOUT_START
165 0 1353240244 LICK
165 0 1353240780 TIMEOUT_START
165 0 1353424780 LICK
165 0 1353425316 TIMEOUT_START
165 0 1353502048 RESP_END
165 0 1360425868 TIMEOUT_END
166 0 1362851296 STIM_START
166 0 1363695596 LICK
166 0 1363802332 LICK
166 0 1363949944 STIM_END_RESP_START
166 0 1363957952 LICK
166 0 1363958488 TIMEOUT_START
166 0 1364100504 LICK
166 0 1364101032 TIMEOUT_START
166 0 1364243868 LICK
166 0 1364244396 TIMEOUT_START
166 0 1364426480 LICK
166 0 1364427016 TIMEOUT_START
166 0 1364608704 LICK
166 0 1364609240 TIMEOUT_START
166 0 1364758504 LICK
166 0 1364759040 TIMEOUT_START
166 0 1364924020 LICK
166 0 1364924556 TIMEOUT_START
166 0 1365054916 LICK
166 0 1365055448 TIMEOUT_START
166 0 1365149992 RESP_END
166 0 1372056004 TIMEOUT_END
167 1 1375539952 STIM_START
167 1 1376164060 LICK
167 1 1376301608 LICK
167 1 1376479080 LICK
167 1 1376638584 STIM_END_RESP_START
167 1 1376643712 LICK
167 1 1376644256 REWARD_START
167 1 1376799352 LICK
167 1 1376917796 LICK
167 1 1377022336 LICK
167 1 1377155200 LICK
167 1 1377270996 LICK
167 1 1377405556 LICK
167 1 1377538788 LICK
167 1 1377661168 LICK
167 1 1377795320 LICK
167 1 1377838600 RESP_END
167 1 1376674812 REWARD_END
168 1 1383035808 STIM_START
168 1 1384134436 STIM_END_RESP_START
168 1 1384443544 LICK
168 1 1384444084 REWARD_START
168 1 1384574956 LICK
168 1 1384737544 LICK
168 1 1384848140 LICK
168 1 1384964948 LICK
168 1 1385086344 LICK
168 1 1385239944 LICK
168 1 1385334480 RESP_END
168 1 1384474644 REWARD_END
169 0 1389099500 STIM_START
169 0 1390009340 LICK
169 0 1390198128 STIM_END_RESP_START
169 0 1390354976 LICK
169 0 1390355516 TIMEOUT_START
169 0 1390514948 LICK
169 0 1390515484 TIMEOUT_START
169 0 1390714908 LICK
169 0 1390715440 TIMEOUT_START
169 0 1391398148 RESP_END
169 0 1397716000 TIMEOUT_END
170 1 1402756952 STIM_START
170 1 1403732336 LICK
170 1 1403855600 STIM_END_RESP_START
170 1 1403888120 LICK
170 1 1403888656 REWARD_START
170 1 1404074724 LICK
170 1 1404201564 LICK
170 1 1404308196 LICK
170 1 1404416476 LICK
170 1 1404545776 LICK
170 1 1404672964 LICK
170 1 1404794568 LICK
170 1 1404935504 LICK
170 1 1405055612 RESP_END
170 1 1403919212 REWARD_END
171 0 1409591696 STIM_START
171 0 1410690328 STIM_END_RESP_START
171 0 1411890352 RESP_END
172 0 1413739660 STIM_START
172 0 1414066632 LICK
172 0 1414195384 LICK
172 0 1414347516 LICK
172 0 1414563832 LICK
172 0 1414684428 LICK
172 0 1414805376 LICK
172 0 1414838296 STIM_END_RESP_START
172 0 1414973992 LICK
172 0 1414974532 TIMEOUT_START
172 0 1415167936 LICK
172 0 1415168476 TIMEOUT_START
172 0 1415281476 LICK
172 0 1415282016 TIMEOUT_START
172 0 1415657272 LICK
172 0 1415657808 TIMEOUT_START
172 0 1415858916 LICK
172 0 1415859452 TIMEOUT_START
172 0 1416038344 RESP_END
172 0 1422860008 TIMEOUT_END
173 0 1424804240 STIM_START
173 0 1425541020 LICK
173 0 1425712228 LICK
173 0 1425865756 LICK
173 0 1425902888 STIM_END_RESP_START
173 0 1426025248 LICK
173 0 1426025784 TIMEOUT_START
173 0 1426153228 LICK
173 0 1426153768 TIMEOUT_START
173 0 1427005348 LICK
173 0 1427005888 TIMEOUT_START
173 0 1427102924 RESP_END
173 0 1434006448 TIMEOUT_END
174 1 1436091584 STIM_START
174 1 1437190216 STIM_END_RESP_START
174 1 1438390232 RESP_END
175 0 1440436340 STIM_START
175 0 1440846436 LICK
175 0 1440975196 LICK
175 0 1441115440 LICK
175 0 1441270864 LICK
175 0 1441467208 LICK
175 0 1441534988 STIM_END_RESP_START
175 0 1441601176 LICK
175 0 1441601716 TIMEOUT_START
175 0 1441741616 LICK
175 0 1441742156 TIMEOUT_START
175 0 1441881328 LICK
175 0 1441881860 TIMEOUT_START
175 0 1442735024 RESP_END
175 0 1448882424 TIMEOUT_END
176 0 1450728832 STIM_START
176 0 1451827460 STIM_END_RESP_START
176 0 1451934192 LICK
176 0 1451934732 TIMEOUT_START
176 0 1452105028 LICK
176 0 1452105560 TIMEOUT_START
176 0 1452269332 LICK
176 0 1452269872 TIMEOUT_START
176 0 1452471992 LICK
176 0 1452472532 TIMEOUT_START
176 0 1452691680 LICK
176 0 1452692212 TIMEOUT_START
176 0 1452842512 LICK
176 0 1452843052 TIMEOUT_START
176 0 1453027508 RESP_END
176 0 1459843600 TIMEOUT_END
177 1 1461870376 STIM_START
177 1 1462969004 STIM_END_RESP_START
177 1 1463275336 LICK
177 1 1463275876 REWARD_START
177 1 1463422156 LICK
177 1 1463536676 LICK
177 1 1463648408 LICK
177 1 1463781752 LICK
177 1 1463918728 LICK
177 1 1464051052 LICK
177 1 1464169040 RESP_END
177 1 1463306436 REWARD_END
178 0 1468308592 STIM_START
178 0 1468563068 LICK
178 0 1468677920 LICK
178 0 1468827300 LICK
178 0 1468970496 LICK
178 0 1469105228 LICK
178 0 1469264468 LICK
178 0 1469407216 STIM_END_RESP_START
178 0 1469414292 LICK
178 0 1469414836 TIMEOUT_START
178 0 1469553412 LICK
178 0 1469553952 TIMEOUT_START
178 0 1470607240 RESP_END
178 0 1476554508 TIMEOUT_END
179 0 1478158616 STIM_START
179 0 1478436448 LICK
179 0 1478565716 LICK
179 0 1478719700 LICK
179 0 1478865532 LICK
179 0 1479124088 LICK
179 0 1479257236 STIM_END_RESP_START
179 0 1479272932 LICK
179 0 1479273464 TIMEOUT_START
179 0 1479424016 LICK
179 0 1479424544 TIMEOUT_START
179 0 1480457284 RESP_END
179 0 1486425104 TIMEOUT_END
180 1 1488968540 STIM_START
180 1 1489467380 LICK
180 1 1489630092 LICK
180 1 1489876292 LICK
180 1 1490067168 STIM_END_RESP_START
180 1 1490094136 LICK
180 1 1490094668 REWARD_START
180 1 1490336176 LICK
180 1 1490454084 LICK
180 1 1490560596 LICK
180 1 1490676652 LICK
180 1 1490806704 LICK
180 1 1490951724 LICK
180 1 1491069856 LICK
180 1 1491201888 LICK
180 1 1491267192 RESP_END
180 1 1490125228 REWARD_END
181 0 1494713596 STIM_START
181 0 1494942480 LICK
181 0 1495051056 LICK
181 0 1495193028 LICK
181 0 1495324120 LICK
181 0 1495446068 LICK
181 0 1495610428 LICK
181 0 1495738920 LICK
181 0 1495812224 STIM_END_RESP_START
181 0 1495885584 LICK
181 0 1495886120 TIMEOUT_START
181 0 1496039544 LICK
181 0 1496040076 TIMEOUT_START
181 0 1496186188 LICK
181 0 1496186720 TIMEOUT_START
181 0 1496342032 LICK
181 0 1496342572 TIMEOUT_START
181 0 1496496376 LICK
181 0 1496496908 TIMEOUT_START
181 0 1496667260 LICK
181 0 1496667792 TIMEOUT_START
181 0 1496814440 LICK
181 0 1496814976 TIMEOUT_START
181 0 1496970880 LICK
181 0 1496971420 TIMEOUT_START
181 0 1497012264 RESP_END
181 0 1503971984 TIMEOUT_END
182 0 1505648304 STIM_START
182 0 1506597372 LICK
182 0 1506742760 LICK
182 0 1506746924 STIM_END_RESP_START
182 0 1507051120 LICK
182 0 1507051660 TIMEOUT_START
182 0 1507229724 LICK
182 0 1507230256 TIMEOUT_START
182 0 1507425112 LICK
182 0 1507425652 TIMEOUT_START
182 0 1507946968 RESP_END
182 0 1514426200 TIMEOUT_END
183 0 1516374380 STIM_START
183 0 1517397672 LICK
183 0 1517473008 STIM_END_RESP_START
183 0 1517570992 LICK
183 0 1517571532 TIMEOUT_START
183 0 1517735772 LICK
183 0 1517736312 TIMEOUT_START
183 0 1517878956 LICK
183 0 1517879496 TIMEOUT_START
183 0 1518027236 LICK
183 0 1518027768 TIMEOUT_START
183 0 1518369836 LICK
183 0 1518370368 TIMEOUT_START
183 0 1518525724 LICK
183 0 1518526256 TIMEOUT_START
183 0 1518673056 RESP_END
183 0 1525526828 TIMEOUT_END
184 1 1527308104 STIM_START
184 1 1527639552 LICK
184 1 1527779212 LICK
184 1 1527915392 LICK
184 1 1528062244 LICK
184 1 1528232076 LICK
184 1 1528387764 LICK
184 1 1528406716 STIM_END_RESP_START
184 1 1529606764 RESP_END
185 0 1531353196 STIM_START
185 0 1531741824 LICK
185 0 1531861184 LICK
185 0 1532006948 LICK
185 0 1532182524 LICK
185 0 1532352756 LICK
185 0 1532451836 STIM_END_RESP_START
185 0 1532510224 LICK
185 0 1532510760 TIMEOUT_START
185 0 1532657112 LICK
185 0 1532657644 TIMEOUT_START
185 0 1532813160 LICK
185 0 1532813700 TIMEOUT_START
185 0 1532936988 LICK
185 0 1532937528 TIMEOUT_START
185 0 1533080904 LICK
185 0 1533081440 TIMEOUT_START
185 0 1533651852 RESP_END
185 0 1540082012 TIMEOUT_END
186 1 1545038608 STIM_START
186 1 1546137236 STIM_END_RESP_START
186 1 1547337264 RESP_END
187 1 1553426408 STIM_START
187 1 1554525036 STIM_END_RESP_START
187 1 1555559264 LICK
187 1 1555559804 REWARD_START
187 1 1555715660 LICK
187 1 1555725088 RESP_END
187 1 1555590364 REWARD_END
188 0 1564816628 STIM_START
188 0 1565915260 STIM_END_RESP_START
188 0 1567115284 RESP_END
189 1 1569063508 STIM_START
189 1 1569777976 LICK
189 1 1569910236 LICK
189 1 1570056788 LICK
189 1 1570162144 STIM_END_RESP_START
189 1 1570197476 LICK
189 1 1570198020 REWARD_START
189 1 1570363180 LICK
189 1 1570487708 LICK
189 1 1570598080 LICK
189 1 1570736496 LICK
189 1 1570881940 LICK
189 1 1571013420 LICK
189 1 1571145444 LICK
189 1 1571285820 LICK
189 1 1571362180 RESP_END
189 1 1570228580 REWARD_END
190 1 1578063572 STIM_START
190 1 1578606288 LICK
190 1 1578714236 LICK
190 1 1578850864 LICK
190 1 1578989144 LICK
190 1 1579140836 LICK
190 1 1579162208 STIM_END_RESP_START
190 1 1579290836 LICK
190 1 1579291368 REWARD_START
190 1 1579431916 LICK
190 1 1579552528 LICK
190 1 1579658260 LICK
190 1 1579780828 LICK
190 1 1579937092 LICK
190 1 1580058240 LICK
190 1 1580201240 LICK
190 1 1580343268 LICK
190 1 1580362240 RESP_END
190 1 1579321928 REWARD_END
191 1 1585898088 STIM_START
191 1 1586996724 STIM_END_RESP_START
191 1 1588196748 RESP_END
192 0 1590124964 STIM_START
192 0 1590484224 LICK
192 0 1590617972 LICK
192 0 1590776072 LICK
192 0 1590978792 LICK
192 0 1591136768 LICK
192 0 1591223616 STIM_END_RESP_START
192 0 1592423640 RESP_END
193 1 1594428756 STIM_START
193 1 1594759076 LICK
193 1 1594874696 LICK
193 1 1595025076 LICK
193 1 1595527388 STIM_END_RESP_START
193 1 1596727412 RESP_END
194 0 1598731548 STIM_START
194 0 1599211536 LICK
194 0 1599334228 LICK
194 0 1599482708 LICK
194 0 1599652448 LICK
194 0 1599814748 LICK
194 0 1599830176 STIM_END_RESP_START
194 0 1600030484 LICK
194 0 1600031016 TIMEOUT_START
194 0 1600215056 LICK
194 0 1600215584 TIMEOUT_START
194 0 1600380232 LICK
194 0 1600380764 TIMEOUT_START
194 0 1600543724 LICK
194 0 1600544260 TIMEOUT_START
194 0 1600701844 LICK
194 0 1600702372 TIMEOUT_START
194 0 1600883172 LICK
194 0 1600883704 TIMEOUT_START
194 0 1601030200 RESP_END
194 0 1607884268 TIMEOUT_END
195 1 1611287352 STIM_START
195 1 1612385984 STIM_END_RESP_START
195 1 1613586008 RESP_END
196 1 1618733304 STIM_START
196 1 1619000480 LICK
196 1 1619144952 LICK
196 1 1619287164 LICK
196 1 1619487128 LICK
196 1 1619831872 LICK
196 1 1619832444 STIM_END_RESP_START
196 1 1619987764 LICK
196 1 1619988296 REWARD_START
196 1 1620154616 LICK
196 1 1620267836 LICK
196 1 1620371564 LICK
196 1 1620487588 LICK
196 1 1620629936 LICK
196 1 1620763248 LICK
196 1 1620891972 LICK
196 1 1621032460 RESP_END
196 1 1620018856 REWARD_END
197 0 1628051988 STIM_START
197 0 1629150620 STIM_END_RESP_START
197 0 1630350648 RESP_END
198 0 1631959272 STIM_START
198 0 1632280168 LICK
198 0 1632402800 LICK
198 0 1632564204 LICK
198 0 1632737776 LICK
198 0 1633057892 STIM_END_RESP_START
198 0 1634257912 RESP_END
199 1 1635906524 STIM_START
199 1 1637005152 STIM_END_RESP_START
199 1 1638205176 RESP_END
200 0 1639997552 STIM_START
200 0 1640356928 LICK
200 0 1640479704 LICK
200 0 1640615812 LICK
200 0 1640771820 LICK
200 0 1640921992 LICK
200 0 1641086392 LICK
200 0 1641096200 STIM_END_RESP_START
200 0 1641264840 LICK
200 0 1641265376 TIMEOUT_START
200 0 1642296236 RESP_END
200 0 1648265940 TIMEOUT_END
201 0 1650127296 STIM_START
201 0 1650445808 LICK
201 0 1650628820 LICK
201 0 1650780660 LICK
201 0 1650922984 LICK
201 0 1651071276 LICK
201 0 1651225916 STIM_END_RESP_START
201 0 1651293796 LICK
201 0 1651294332 TIMEOUT_START
201 0 1651456212 LICK
201 0 1651456744 TIMEOUT_START
201 0 1651620992 LICK
201 0 1651621520 TIMEOUT_START
201 0 1652422292 LICK
201 0 1652422828 TIMEOUT_START
201 0 1652425944 RESP_END
201 0 1659423372 TIMEOUT_END
202 1 1661164888 STIM_START
202 1 1662263520 STIM_END_RESP_START
202 1 1663463544 RESP_END
203 0 1665275920 STIM_START
203 0 1666374540 STIM_END_RESP_START
203 0 1667574564 RESP_END
204 1 1669345980 STIM_START
204 1 1670444612 STIM_END_RESP_START
204 1 1671644636 RESP_END
205 1 1673503940 STIM_START
205 1 1674602568 STIM_END_RESP_START
205 1 1675802588 RESP_END
206 0 1677495100 STIM_START
206 0 1678593732 STIM_END_RESP_START
206 0 1679793752 RESP_END
207 0 1681866808 STIM_START
207 0 1682391932 LICK
207 0 1682516492 LICK
207 0 1682663868 LICK
207 0 1682838816 LICK
207 0 1682965456 STIM_END_RESP_START
207 0 1682996252 LICK
207 0 1682996780 TIMEOUT_START
207 0 1683135660 LICK
207 0 1683136192 TIMEOUT_START
207 0 1683293816 LICK
207 0 1683294352 TIMEOUT_START
207 0 1683437544 LICK
207 0 1683438084 TIMEOUT_START
207 0 1684165488 RESP_END
207 0 1690438636 TIMEOUT_END
208 1 1692088400 STIM_START
208 1 1693187020 STIM_END_RESP_START
208 1 1694387044 RESP_END
209 1 1696056604 STIM_START
209 1 1697155232 STIM_END_RESP_START
209 1 1698355256 RESP_END
210 0 1700304448 STIM_START
210 0 1701403076 STIM_END_RESP_START
210 0 1702603100 RESP_END
211 0 1704235760 STIM_START
211 0 1705334388 STIM_END_RESP_START
211 0 1706534412 RESP_END
212 0 1708226868 STIM_START
212 0 1709325496 STIM_END_RESP_START
212 0 1710525516 RESP_END
213 1 1712282984 STIM_START
213 1 1713381612 STIM_END_RESP_START
213 1 1714581636 RESP_END
214 1 1716552804 STIM_START
214 1 1717651428 STIM_END_RESP_START
214 1 1718851452 RESP_END
215 1 1720529984 STIM_START
215 1 1721628600 STIM_END_RESP_START
215 1 1722828624 RESP_END
216 0 1724765824 STIM_START
216 0 1725864452 STIM_END_RESP_START
216 0 1727064476 RESP_END
217 1 1728864848 STIM_START
217 1 1729553840 LICK
217 1 1729688368 LICK
217 1 1729832160 LICK
217 1 1729963460 STIM_END_RESP_START
217 1 1729976312 LICK
217 1 1729976852 REWARD_START
217 1 1730129296 LICK
217 1 1730252936 LICK
217 1 1730370472 LICK
217 1 1730484160 LICK
217 1 1730636136 LICK
217 1 1730764936 LICK
217 1 1730908560 LICK
217 1 1731039376 LICK
217 1 1731163496 RESP_END
217 1 1730007420 REWARD_END
218 0 1734584988 STIM_START
218 0 1734964728 LICK
218 0 1735084884 LICK
218 0 1735228668 LICK
218 0 1735371548 LICK
218 0 1735528596 LICK
218 0 1735683624 STIM_END_RESP_START
218 0 1735929776 LICK
218 0 1735930312 TIMEOUT_START
218 0 1736061968 LICK
218 0 1736062500 TIMEOUT_START
218 0 1736217412 LICK
218 0 1736217952 TIMEOUT_START
218 0 1736371340 LICK
218 0 1736371872 TIMEOUT_START
218 0 1736534252 LICK
218 0 1736534788 TIMEOUT_START
218 0 1736883636 RESP_END
218 0 1743535344 TIMEOUT_END
219 1 1745455740 STIM_START
219 1 1746554368 STIM_END_RESP_START
219 1 1747754392 RESP_END
220 0 1749752572 STIM_START
220 0 1750851204 STIM_END_RESP_START
220 0 1752051228 RESP_END
221 1 1753664828 STIM_START
221 1 1753982792 LICK
221 1 1754102276 LICK
221 1 1754244168 LICK
221 1 1754386116 LICK
221 1 1754540872 LICK
221 1 1754693672 LICK
221 1 1754763456 STIM_END_RESP_START
221 1 1754997224 LICK
221 1 1754997756 REWARD_START
221 1 1755183428 LICK
221 1 1755306300 LICK
221 1 1755421184 LICK
221 1 1755551528 LICK
221 1 1755707732 LICK
221 1 1755867076 LICK
221 1 1755963480 RESP_END
221 1 1755028320 REWARD_END
222 0 1759188120 STIM_START
222 0 1759578248 LICK
222 0 1759689132 LICK
222 0 1759831780 LICK
222 0 1759973368 LICK
222 0 1760122244 LICK
222 0 1760286764 STIM_END_RESP_START
222 0 1761486784 RESP_END
223 1 1763353116 STIM_START
223 1 1763807740 LICK
223 1 1763923908 LICK
223 1 1764068288 LICK
223 1 1764209404 LICK
223 1 1764380276 LICK
223 1 1764451748 STIM_END_RESP_START
223 1 1764513060 LICK
223 1 1764513592 REWARD_START
223 1 1764676704 LICK
223 1 1764801024 LICK
223 1 1764919232 LICK
223 1 1765039924 LICK
223 1 1765188436 LICK
223 1 1765322692 LICK
223 1 1765455396 LICK
223 1 1765601672 LICK
223 1 1765651788 RESP_END
223 1 1764544152 REWARD_END
224 1 1768512828 STIM_START
224 1 1768752056 LICK
224 1 1768860908 LICK
224 1 1769003452 LICK
224 1 1769160684 LICK
224 1 1769311860 LICK
224 1 1769496764 LICK
224 1 1769611476 STIM_END_RESP_START
224 1 1769628392 LICK
224 1 1769628928 REWARD_START
224 1 1769787824 LICK
224 1 1769913856 LICK
224 1 1770044320 LICK
224 1 1770185572 LICK
224 1 1770349160 LICK
224 1 1770469588 LICK
224 1 1770624512 LICK
224 1 1770773104 LICK
224 1 1770811500 RESP_END
224 1 1769659488 REWARD_END
225 1 1773393912 STIM_START
225 1 1773630768 LICK
225 1 1773753248 LICK
225 1 1773897376 LICK
225 1 1774042396 LICK
225 1 1774182972 LICK
225 1 1774349336 LICK
225 1 1774492548 STIM_END_RESP_START
225 1 1774499620 LICK
225 1 1774500164 REWARD_START
225 1 1774673704 LICK
225 1 1774800096 LICK
225 1 1774932368 LICK
225 1 1775069204 LICK
225 1 1775234484 LICK
225 1 1775379596 LICK
225 1 1775502576 LICK
225 1 1775647080 LICK
225 1 1775692568 RESP_END
225 1 1774530712 REWARD_END
226 0 1778983140 STIM_START
226 0 1779222292 LICK
226 0 1779368720 LICK
226 0 1779496752 LICK
226 0 1779650956 LICK
226 0 1779826416 LICK
226 0 1779992556 LICK
226 0 1780081776 STIM_END_RESP_START
226 0 1781281800 RESP_END
227 1 1783241008 STIM_START
227 1 1783475080 LICK
227 1 1783598744 LICK
227 1 1783751368 LICK
227 1 1783901728 LICK
227 1 1784077112 LICK
227 1 1784210180 LICK
227 1 1784339656 STIM_END_RESP_START
227 1 1784370816 LICK
227 1 1784371356 REWARD_START
227 1 1784648532 LICK
227 1 1784767924 LICK
227 1 1784884204 LICK
227 1 1785031244 LICK
227 1 1785185364 LICK
227 1 1785301956 LICK
227 1 1785436836 LICK
227 1 1785539696 RESP_END
227 1 1784401908 REWARD_END
228 0 1792395880 STIM_START
228 0 1792672444 LICK
228 0 1792820644 LICK
228 0 1792966460 LICK
228 0 1793158668 LICK
228 0 1793311956 LICK
228 0 1793448148 LICK
228 0 1793494524 STIM_END_RESP_START
228 0 1794694568 RESP_END
229 1 1799112728 STIM_START
229 1 1799377436 LICK
229 1 1799528584 LICK
229 1 1799705460 LICK
229 1 1799867996 LICK
229 1 1800021380 LICK
229 1 1800201404 LICK
229 1 1800211360 STIM_END_RESP_START
229 1 1800383648 LICK
229 1 1800384184 REWARD_START
229 1 1800549512 LICK
229 1 1800670872 LICK
229 1 1800785520 LICK
229 1 1800905404 LICK
229 1 1801027028 LICK
229 1 1801153776 LICK
229 1 1801287096 LICK
229 1 1801411396 RESP_END
229 1 1800414740 REWARD_END
230 1 1819858600 STIM_START
230 1 1820296260 LICK
230 1 1820448064 LICK
230 1 1820643936 LICK
230 1 1820822132 LICK
230 1 1820957220 STIM_END_RESP_START
230 1 1821021800 LICK
230 1 1821022340 REWARD_START
230 1 1821194896 LICK
230 1 1821348584 LICK
230 1 1821482588 LICK
230 1 1821658732 LICK
230 1 1822157252 RESP_END
230 1 1821052892 REWARD_END
231 1 1823922684 STIM_START
231 1 1824238424 LICK
231 1 1824355768 LICK
231 1 1824487292 LICK
231 1 1824628052 LICK
231 1 1824797964 LICK
231 1 1824916828 LICK
231 1 1825021320 STIM_END_RESP_START
231 1 1825056092 LICK
231 1 1825056624 REWARD_START
231 1 1825355880 LICK
231 1 1825466120 LICK
231 1 1825620252 LICK
231 1 1825749804 LICK
231 1 1826221360 RESP_END
231 1 1825087184 REWARD_END
232 0 1829662748 STIM_START
232 0 1830233824 LICK
232 0 1830338716 LICK
232 0 1830504444 LICK
232 0 1830659064 LICK
232 0 1830761384 STIM_END_RESP_START
232 0 1830825288 LICK
232 0 1830825820 TIMEOUT_START
232 0 1831000264 LICK
232 0 1831000800 TIMEOUT_START
232 0 1831961416 RESP_END
232 0 1838001356 TIMEOUT_END
233 0 1840124084 STIM_START
233 0 1841222712 STIM_END_RESP_START
233 0 1842422732 RESP_END
234 0 1845753220 STIM_START
234 0 1846110908 LICK
234 0 1846283320 LICK
234 0 1846530492 LICK
234 0 1846814232 LICK
234 0 1846851868 STIM_END_RESP_START
234 0 1846953228 LICK
234 0 1846953760 TIMEOUT_START
234 0 1847105696 LICK
234 0 1847106224 TIMEOUT_START
234 0 1847296748 LICK
234 0 1847297284 TIMEOUT_START
234 0 1848051896 RESP_END
234 0 1854297824 TIMEOUT_END
235 1 1856080740 STIM_START
235 1 1856255132 LICK
235 1 1856413796 LICK
235 1 1856590272 LICK
235 1 1856832800 LICK
235 1 1857067748 LICK
235 1 1857179388 STIM_END_RESP_START
235 1 1857268180 LICK
235 1 1857268716 REWARD_START
235 1 1857478784 LICK
235 1 1857615024 LICK
235 1 1857755608 LICK
235 1 1857890664 LICK
235 1 1858043280 LICK
235 1 1858202728 LICK
235 1 1858379436 RESP_END
235 1 1857299276 REWARD_END
236 1 1865136744 STIM_START
236 1 1866235372 STIM_END_RESP_START
236 1 1867435400 RESP_END
237 1 1869495480 STIM_START
237 1 1870594108 STIM_END_RESP_START
237 1 1871794128 RESP_END
238 0 1873391712 STIM_START
238 0 1874490336 STIM_END_RESP_START
238 0 1875690364 RESP_END
239 1 1879144756 STIM_START
239 1 1880243388 STIM_END_RESP_START
239 1 1881443412 RESP_END
240 0 1883155912 STIM_START
240 0 1884254540 STIM_END_RESP_START
240 0 1885454568 RESP_END
241 1 1887490660 STIM_START
241 1 1888589284 STIM_END_RESP_START
241 1 1889789308 RESP_END
242 0 1891761456 STIM_START
242 0 1892860084 STIM_END_RESP_START
242 0 1894060112 RESP_END
243 0 1895691696 STIM_START
243 0 1896790320 STIM_END_RESP_START
243 0 1897990348 RESP_END
244 1 1900038436 STIM_START
244 1 1901137064 STIM_END_RESP_START
244 1 1902337088 RESP_END
245 0 1904170424 STIM_START
245 0 1905269052 STIM_END_RESP_START
245 0 1906469080 RESP_END
246 0 1908180552 STIM_START
246 0 1908898020 LICK
246 0 1909036820 LICK
246 0 1909206804 LICK
246 0 1909279204 STIM_END_RESP_START
246 0 1909357108 LICK
246 0 1909357648 TIMEOUT_START
246 0 1909516972 LICK
246 0 1909517508 TIMEOUT_START
246 0 1909659928 LICK
246 0 1909660460 TIMEOUT_START
246 0 1909819868 LICK
246 0 1909820400 TIMEOUT_START
246 0 1910479248 RESP_END
246 0 1916820968 TIMEOUT_END
247 1 1918804696 STIM_START
247 1 1919903328 STIM_END_RESP_START
247 1 1921103352 RESP_END
248 1 1922774904 STIM_START
248 1 1923278600 LICK
248 1 1923389888 LICK
248 1 1923534200 LICK
248 1 1923678648 LICK
248 1 1923844932 LICK
248 1 1923873552 STIM_END_RESP_START
248 1 1924206172 LICK
248 1 1924206712 REWARD_START
248 1 1924376140 LICK
248 1 1924498528 LICK
248 1 1924603052 LICK
248 1 1924733820 LICK
248 1 1924878012 LICK
248 1 1925017620 LICK
248 1 1925073592 RESP_END
248 1 1924237268 REWARD_END
249 0 1926861940 STIM_START
249 0 1927162740 LICK
249 0 1927275756 LICK
249 0 1927413844 LICK
249 0 1927549404 LICK
249 0 1927682940 LICK
249 0 1927833668 LICK
249 0 1927960572 STIM_END_RESP_START
249 0 1927981608 LICK
249 0 1927982148 TIMEOUT_START
249 0 1928131992 LICK
249 0 1928132524 TIMEOUT_START
249 0 1928291100 LICK
249 0 1928291640 TIMEOUT_START
249 0 1928505224 LICK
249 0 1928505764 TIMEOUT_START
249 0 1928660292 LICK
249 0 1928660824 TIMEOUT_START
249 0 1928846816 LICK
249 0 1928847348 TIMEOUT_START
249 0 1929033760 LICK
249 0 1929034296 TIMEOUT_START
249 0 1929160592 RESP_END
249 0 1936034864 TIMEOUT_END
250 0 1938059392 STIM_START
250 0 1939158024 STIM_END_RESP_START
250 0 1940358044 RESP_END
251 1 1943625608 STIM_START
251 1 1944724240 STIM_END_RESP_START
251 1 1945924264 RESP_END
252 0 1947585848 STIM_START
252 0 1948684476 STIM_END_RESP_START
252 0 1949884500 RESP_END
253 0 1951834676 STIM_START
253 0 1952315780 LICK
253 0 1952455344 LICK
253 0 1952612192 LICK
253 0 1952764276 LICK
253 0 1952912628 LICK
253 0 1952933308 STIM_END_RESP_START
253 0 1953081084 LICK
253 0 1953081620 TIMEOUT_START
253 0 1954133344 RESP_END
253 0 1960082168 TIMEOUT_END
254 0 1961930436 STIM_START
254 0 1963029072 STIM_END_RESP_START
254 0 1963036408 LICK
254 0 1963036948 TIMEOUT_START
254 0 1963145268 LICK
254 0 1963145804 TIMEOUT_START
254 0 1963277244 LICK
254 0 1963277784 TIMEOUT_START
254 0 1963525816 LICK
254 0 1963526356 TIMEOUT_START
254 0 1963700072 LICK
254 0 1963700612 TIMEOUT_START
254 0 1963852528 LICK
254 0 1963853068 TIMEOUT_START
254 0 1964009600 LICK
254 0 1964010132 TIMEOUT_START
254 0 1964168992 LICK
254 0 1964169532 TIMEOUT_START
254 0 1964229100 RESP_END
254 0 1971170088 TIMEOUT_END
255 1 1973237740 STIM_START
255 1 1974336372 STIM_END_RESP_START
255 1 1975536392 RESP_END
256 1 1977215916 STIM_START
256 1 1978314548 STIM_END_RESP_START
256 1 1979514572 RESP_END
257 1 1981482752 STIM_START
257 1 1982581384 STIM_END_RESP_START
257 1 1983781408 RESP_END
258 0 1985809492 STIM_START
258 0 1986908116 STIM_END_RESP_START
258 0 1988108140 RESP_END
259 0 1989936512 STIM_START
259 0 1991035144 STIM_END_RESP_START
259 0 1992235168 RESP_END
260 1 1994044560 STIM_START
260 1 1995143188 STIM_END_RESP_START
260 1 1996343208 RESP_END
261 0 1998336340 STIM_START
261 0 1999434968 STIM_END_RESP_START
261 0 2000634992 RESP_END
262 0 2002500248 STIM_START
262 0 2003598876 STIM_END_RESP_START
262 0 2004798900 RESP_END
USER_EXIT