001 0 0003966332 STIM_START
001 0 0005065024 STIM_END_RESP_START
001 0 0006265068 RESP_END
002 0 0008225364 STIM_START
002 0 0009324056 STIM_END_RESP_START
002 0 0010524100 RESP_END
003 1 0014802640 STIM_START
003 1 0015901308 STIM_END_RESP_START
003 1 0016760948 LICK
003 1 0016761384 REWARD_START
003 1 0016918928 LICK
003 1 0017065244 LICK
003 1 0017101328 RESP_END
003 1 0016791832 REWARD_END
004 1 0019746844 STIM_START
004 1 0020845544 STIM_END_RESP_START
004 1 0021649432 LICK
004 1 0021649868 REWARD_START
004 1 0021795708 LICK
004 1 0021933996 LICK
004 1 0022045580 RESP_END
004 1 0021680316 REWARD_END
005 0 0026035508 STIM_START
005 0 0027134180 STIM_END_RESP_START
005 0 0027211184 LICK
005 0 0027211620 TIMEOUT_START
005 0 0027374416 LICK
005 0 0027374856 TIMEOUT_START
005 0 0027593332 LICK
005 0 0027593776 TIMEOUT_START
005 0 0028334200 RESP_END
005 0 0034594220 TIMEOUT_END
006 1 0036424348 STIM_START
006 1 0037523020 STIM_END_RESP_START
006 1 0037706372 LICK
006 1 0037706816 REWARD_START
006 1 0037861356 LICK
006 1 0038004796 LICK
006 1 0038129912 LICK
006 1 0038281804 LICK
006 1 0038723052 RESP_END
006 1 0037737276 REWARD_END
007 0 0040400684 STIM_START
007 0 0041499352 STIM_END_RESP_START
007 0 0042699376 RESP_END
008 0 0044324104 STIM_START
008 0 0045422776 STIM_END_RESP_START
008 0 0046622800 RESP_END
009 1 0048627068 STIM_START
009 1 0049725740 STIM_END_RESP_START
009 1 0050925764 RESP_END
010 0 0052530520 STIM_START
010 0 0053629192 STIM_END_RESP_START
010 0 0054829216 RESP_END
011 1 0056589752 STIM_START
011 1 0057688424 STIM_END_RESP_START
011 1 0058888444 RESP_END
012 1 0060675008 STIM_START
012 1 0061773676 STIM_END_RESP_START
012 1 0062973700 RESP_END
013 0 0064718248 STIM_START
013 0 0065816920 STIM_END_RESP_START
013 0 0067016944 RESP_END
014 1 0068603720 STIM_START
014 1 0069702392 STIM_END_RESP_START
014 1 0070245632 LICK
014 1 0070246072 REWARD_START
014 1 0070406240 LICK
014 1 0070562412 LICK
014 1 0070686472 LICK
014 1 0070829044 LICK
014 1 0070902428 RESP_END
014 1 0070276540 REWARD_END
015 0 0073310268 STIM_START
015 0 0074408936 STIM_END_RESP_START
015 0 0075608960 RESP_END
016 1 0077504352 STIM_START
016 1 0078571752 LICK
016 1 0078603020 STIM_END_RESP_START
016 1 0078725244 LICK
016 1 0078725680 REWARD_START
016 1 0078867704 LICK
016 1 0079000976 LICK
016 1 0079133908 LICK
016 1 0079281356 LICK
016 1 0079443864 LICK
016 1 0079803052 RESP_END
016 1 0078756128 REWARD_END
017 0 0081611500 STIM_START
017 0 0082710172 STIM_END_RESP_START
017 0 0083910196 RESP_END
018 0 0085599840 STIM_START
018 0 0086698508 STIM_END_RESP_START
018 0 0087898536 RESP_END
019 1 0089905828 STIM_START
019 1 0091004500 STIM_END_RESP_START
019 1 0091441176 LICK
019 1 0091441616 REWARD_START
019 1 0091578440 LICK
019 1 0091717340 LICK
019 1 0091841860 LICK
019 1 0091987040 LICK
019 1 0092143036 LICK
019 1 0092204540 RESP_END
019 1 0091472068 REWARD_END
020 1 0093941084 STIM_START
020 1 0094778348 LICK
020 1 0094940232 LICK
020 1 0095039756 STIM_END_RESP_START
020 1 0095085756 LICK
020 1 0095086192 REWARD_START
020 1 0095232552 LICK
020 1 0095371736 LICK
020 1 0095499976 LICK
020 1 0095657812 LICK
020 1 0096239772 RESP_END
020 1 0095116660 REWARD_END
021 0 0099109060 STIM_START
021 0 0099373312 LICK
021 0 0099541124 LICK
021 0 0100207732 STIM_END_RESP_START
021 0 0101407776 RESP_END
022 1 0103043444 STIM_START
022 1 0104142132 STIM_END_RESP_START
022 1 0104327788 LICK
022 1 0104328276 REWARD_START
022 1 0104463076 LICK
022 1 0104602444 LICK
022 1 0104734396 LICK
022 1 0104875820 LICK
022 1 0105342144 RESP_END
022 1 0104358784 REWARD_END
023 1 0107186604 STIM_START
023 1 0107446980 LICK
023 1 0108285280 STIM_END_RESP_START
023 1 0108490776 LICK
023 1 0108491260 REWARD_START
023 1 0108628556 LICK
023 1 0108764296 LICK
023 1 0108905036 LICK
023 1 0109040700 LICK
023 1 0109203856 LICK
023 1 0109485324 RESP_END
023 1 0108521756 REWARD_END
024 0 0111562468 STIM_START
024 0 0112661156 STIM_END_RESP_START
024 0 0113861196 RESP_END
025 0 0115673656 STIM_START
025 0 0116772340 STIM_END_RESP_START
025 0 0117972384 RESP_END
026 0 0120009612 STIM_START
026 0 0121108300 STIM_END_RESP_START
026 0 0122308344 RESP_END
027 1 0124090844 STIM_START
027 1 0125168924 LICK
027 1 0125189508 STIM_END_RESP_START
027 1 0125315252 LICK
027 1 0125315740 REWARD_START
027 1 0125451104 LICK
027 1 0125590964 LICK
027 1 0125712900 LICK
027 1 0125866308 LICK
027 1 0126389552 RESP_END
027 1 0125346252 REWARD_END
028 0 0128220992 STIM_START
028 0 0129319676 STIM_END_RESP_START
028 0 0130519720 RESP_END
029 0 0132245288 STIM_START
029 0 0132698664 LICK
029 0 0132886372 LICK
029 0 0133039808 LICK
029 0 0133343980 STIM_END_RESP_START
029 0 0134544024 RESP_END
030 1 0136631156 STIM_START
030 1 0137697108 LICK
030 1 0137729840 STIM_END_RESP_START
030 1 0137855640 LICK
030 1 0137856132 REWARD_START
030 1 0137987440 LICK
030 1 0138133788 LICK
030 1 0138267852 LICK
030 1 0138410876 LICK
030 1 0138929872 RESP_END
030 1 0137886636 REWARD_END
031 1 0140778340 STIM_START
031 1 0141877028 STIM_END_RESP_START
031 1 0142484604 LICK
031 1 0142485088 REWARD_START
031 1 0142624484 LICK
031 1 0142760304 LICK
031 1 0142888560 LICK
031 1 0143033936 LICK
031 1 0143077072 RESP_END
031 1 0142515600 REWARD_END
032 0 0145196172 STIM_START
032 0 0146294860 STIM_END_RESP_START
032 0 0146422408 LICK
032 0 0146422896 TIMEOUT_START
032 0 0146574380 LICK
032 0 0146574864 TIMEOUT_START
032 0 0146727932 LICK
032 0 0146728420 TIMEOUT_START
032 0 0146898984 LICK
032 0 0146899468 TIMEOUT_START
032 0 0147043944 LICK
032 0 0147044436 TIMEOUT_START
032 0 0147217168 LICK
032 0 0147217660 TIMEOUT_START
032 0 0147390524 LICK
032 0 0147391008 TIMEOUT_START
032 0 0147494904 RESP_END
032 0 0154391500 TIMEOUT_END
033 0 0156277220 STIM_START
033 0 0157375908 STIM_END_RESP_START
033 0 0158575952 RESP_END
034 0 0160288492 STIM_START
034 0 0161387176 STIM_END_RESP_START
034 0 0162587220 RESP_END
035 1 0164382688 STIM_START
035 1 0165481376 STIM_END_RESP_START
035 1 0165524236 LICK
035 1 0165524728 REWARD_START
035 1 0165670140 LICK
035 1 0165812248 LICK
035 1 0165947496 LICK
035 1 0166085420 LICK
035 1 0166247064 LICK
035 1 0166681408 RESP_END
035 1 0165555236 REWARD_END
036 0 0168306144 STIM_START
036 0 0169404828 STIM_END_RESP_START
036 0 0170604872 RESP_END
037 0 0172674056 STIM_START
037 0 0173772740 STIM_END_RESP_START
037 0 0174972780 RESP_END
038 0 0176714308 STIM_START
038 0 0177812996 STIM_END_RESP_START
038 0 0179013040 RESP_END
039 1 0181039280 STIM_START
039 1 0181187020 LICK
039 1 0181344288 LICK
039 1 0181507392 LICK
039 1 0181679624 LICK
039 1 0181825392 LICK
039 1 0181973068 LICK
039 1 0182135384 LICK
039 1 0182137960 STIM_END_RESP_START
039 1 0182300536 LICK
039 1 0182301028 REWARD_START
039 1 0182450728 LICK
039 1 0182588488 LICK
039 1 0182722276 LICK
039 1 0183337976 RESP_END
039 1 0182331524 REWARD_END
040 0 0185079568 STIM_START
040 0 0185973328 LICK
040 0 0186178252 STIM_END_RESP_START
040 0 0186253624 LICK
040 0 0186254108 TIMEOUT_START
040 0 0186417752 LICK
040 0 0186418240 TIMEOUT_START
040 0 0186567788 LICK
040 0 0186568272 TIMEOUT_START
040 0 0186908148 LICK
040 0 0186908628 TIMEOUT_START
040 0 0187060128 LICK
040 0 0187060620 TIMEOUT_START
040 0 0187234796 LICK
040 0 0187235280 TIMEOUT_START
040 0 0187378284 RESP_END
040 0 0194235792 TIMEOUT_END
041 1 0196142580 STIM_START
041 1 0197241272 STIM_END_RESP_START
041 1 0197621312 LICK
041 1 0197621804 REWARD_START
041 1 0197766768 LICK
041 1 0197906636 LICK
041 1 0198028052 LICK
041 1 0198181564 LICK
041 1 0198441304 RESP_END
041 1 0197652312 REWARD_END
042 1 0200438556 STIM_START
042 1 0201537240 STIM_END_RESP_START
042 1 0201761084 LICK
042 1 0201761568 REWARD_START
042 1 0201897624 LICK
042 1 0202035404 LICK
042 1 0202167920 LICK
042 1 0202319052 LICK
042 1 0202737284 RESP_END
042 1 0201792080 REWARD_END
043 0 0204744532 STIM_START
043 0 0205843224 STIM_END_RESP_START
043 0 0207043264 RESP_END
044 0 0208737864 STIM_START
044 0 0209744892 LICK
044 0 0209836528 STIM_END_RESP_START
044 0 0209919068 LICK
044 0 0209919552 TIMEOUT_START
044 0 0210085508 LICK
044 0 0210085996 TIMEOUT_START
044 0 0210241436 LICK
044 0 0210241924 TIMEOUT_START
044 0 0211036552 RESP_END
044 0 0217242428 TIMEOUT_END
045 0 0218942948 STIM_START
045 0 0220041636 STIM_END_RESP_START
045 0 0221241676 RESP_END
046 1 0223010216 STIM_START
046 1 0224108904 STIM_END_RESP_START
046 1 0224528704 LICK
046 1 0224529188 REWARD_START
046 1 0224671120 LICK
046 1 0224806136 LICK
046 1 0224945864 LICK
046 1 0225094528 LICK
046 1 0225308932 RESP_END
046 1 0224559700 REWARD_END
047 1 0227354140 STIM_START
047 1 0228452828 STIM_END_RESP_START
047 1 0228542580 LICK
047 1 0228543064 REWARD_START
047 1 0228689684 LICK
047 1 0228822904 LICK
047 1 0228952688 LICK
047 1 0229103556 LICK
047 1 0229652876 RESP_END
047 1 0228573580 REWARD_END
048 0 0232078592 STIM_START
048 0 0233177280 STIM_END_RESP_START
048 0 0234377324 RESP_END
049 1 0236215756 STIM_START
049 1 0237212284 LICK
049 1 0237314452 STIM_END_RESP_START
049 1 0237367784 LICK
049 1 0237368268 REWARD_START
049 1 0237501336 LICK
049 1 0237640616 LICK
049 1 0237777408 LICK
049 1 0237912728 LICK
049 1 0238085928 LICK
049 1 0238514480 RESP_END
049 1 0237398784 REWARD_END
050 1 0240216008 STIM_START
050 1 0241169356 LICK
050 1 0241314688 STIM_END_RESP_START
050 1 0241332180 LICK
050 1 0241332672 REWARD_START
050 1 0241474580 LICK
050 1 0241616084 LICK
050 1 0241734632 LICK
050 1 0241876676 LICK
050 1 0242514708 RESP_END
050 1 0241363168 REWARD_END
051 0 0244394136 STIM_START
051 0 0245492824 STIM_END_RESP_START
051 0 0246692864 RESP_END
052 1 0248422516 STIM_START
052 1 0249273920 LICK
052 1 0249420304 LICK
052 1 0249521204 STIM_END_RESP_START
052 1 0249572588 LICK
052 1 0249573072 REWARD_START
052 1 0249700824 LICK
052 1 0249833492 LICK
052 1 0249959752 LICK
052 1 0250111480 LICK
052 1 0250721240 RESP_END
052 1 0249603588 REWARD_END
053 0 0252791296 STIM_START
053 0 0253889988 STIM_END_RESP_START
053 0 0255090032 RESP_END
054 1 0256939480 STIM_START
054 1 0257995048 LICK
054 1 0258038168 STIM_END_RESP_START
054 1 0258148684 LICK
054 1 0258149168 REWARD_START
054 1 0258287800 LICK
054 1 0258424596 LICK
054 1 0258551252 LICK
054 1 0258699216 LICK
054 1 0259238192 RESP_END
054 1 0258179680 REWARD_END
055 0 0261004736 STIM_START
055 0 0262103424 STIM_END_RESP_START
055 0 0263303472 RESP_END
056 1 0265074004 STIM_START
056 1 0266083232 LICK
056 1 0266172664 STIM_END_RESP_START
056 1 0266242180 LICK
056 1 0266242660 REWARD_START
056 1 0266377804 LICK
056 1 0266524004 LICK
056 1 0266654960 LICK
056 1 0266793392 LICK
056 1 0267372692 RESP_END
056 1 0266273168 REWARD_END
057 0 0269378908 STIM_START
057 0 0270477596 STIM_END_RESP_START
057 0 0271677636 RESP_END
058 0 0273367316 STIM_START
058 0 0274466004 STIM_END_RESP_START
058 0 0275666044 RESP_END
059 0 0279690932 STIM_START
059 0 0280789620 STIM_END_RESP_START
059 0 0281989664 RESP_END
060 1 0283982868 STIM_START
060 1 0285081548 STIM_END_RESP_START
060 1 0285274428 LICK
060 1 0285274912 REWARD_START
060 1 0285419308 LICK
060 1 0285560464 LICK
060 1 0285690068 LICK
060 1 0285848864 LICK
060 1 0286281568 RESP_END
060 1 0285305424 REWARD_END
061 0 0287926252 STIM_START
061 0 0289024940 STIM_END_RESP_START
061 0 0290224984 RESP_END
062 1 0291959520 STIM_START
062 1 0293058212 STIM_END_RESP_START
062 1 0293169012 LICK
062 1 0293169504 REWARD_START
062 1 0293325688 LICK
062 1 0293472952 LICK
062 1 0293612144 LICK
062 1 0293753720 LICK
062 1 0294258232 RESP_END
062 1 0293200000 REWARD_END
063 0 0296030732 STIM_START
063 0 0297129416 STIM_END_RESP_START
063 0 0298329460 RESP_END
064 1 0300039088 STIM_START
064 1 0301137772 STIM_END_RESP_START
064 1 0301259172 LICK
064 1 0301259660 REWARD_START
064 1 0301406652 LICK
064 1 0301560860 LICK
064 1 0301687064 LICK
064 1 0301838356 LICK
064 1 0302337812 RESP_END
064 1 0301290176 REWARD_END
065 1 0303963520 STIM_START
065 1 0305062212 STIM_END_RESP_START
065 1 0305274488 LICK
065 1 0305274980 REWARD_START
065 1 0305406932 LICK
065 1 0305546112 LICK
065 1 0305674820 LICK
065 1 0305837828 LICK
065 1 0305982444 LICK
065 1 0306262248 RESP_END
065 1 0305305488 REWARD_END
066 0 0308305476 STIM_START
066 0 0309404164 STIM_END_RESP_START
066 0 0310604208 RESP_END
067 1 0312534464 STIM_START
067 1 0313558240 LICK
067 1 0313633144 STIM_END_RESP_START
067 1 0313703560 LICK
067 1 0313704048 REWARD_START
067 1 0313833576 LICK
067 1 0313986028 LICK
067 1 0314106668 LICK
067 1 0314255424 LICK
067 1 0314427528 LICK
067 1 0314833164 RESP_END
067 1 0313734560 REWARD_END
068 0 0316880396 STIM_START
068 0 0317979084 STIM_END_RESP_START
068 0 0319179128 RESP_END
069 0 0320974600 STIM_START
069 0 0322073284 STIM_END_RESP_START
069 0 0323273332 RESP_END
070 1 0324964928 STIM_START
070 1 0326063616 STIM_END_RESP_START
070 1 0326208432 LICK
070 1 0326208924 REWARD_START
070 1 0326336084 LICK
070 1 0326477160 LICK
070 1 0326602428 LICK
070 1 0326740020 LICK
070 1 0326901588 LICK
070 1 0327263644 RESP_END
070 1 0326239420 REWARD_END
071 1 0328984252 STIM_START
071 1 0330082940 STIM_END_RESP_START
071 1 0330152568 LICK
071 1 0330153056 REWARD_START
071 1 0330302104 LICK
071 1 0330440228 LICK
071 1 0330572980 LICK
071 1 0330732640 LICK
071 1 0330878880 LICK
071 1 0331282964 RESP_END
071 1 0330183564 REWARD_END
072 0 0332989504 STIM_START
072 0 0334088184 STIM_END_RESP_START
072 0 0335288228 RESP_END
073 0 0337040808 STIM_START
073 0 0337350064 LICK
073 0 0337497444 LICK
073 0 0338139484 STIM_END_RESP_START
073 0 0339339528 RESP_END
074 1 0341030160 STIM_START
074 1 0342128848 STIM_END_RESP_START
074 1 0342295960 LICK
074 1 0342296448 REWARD_START
074 1 0342439916 LICK
074 1 0342579412 LICK
074 1 0342714272 LICK
074 1 0342854716 LICK
074 1 0343328884 RESP_END
074 1 0342326960 REWARD_END
075 0 0345009440 STIM_START
075 0 0346108124 STIM_END_RESP_START
075 0 0347308168 RESP_END
076 1 0349077688 STIM_START
076 1 0350149896 LICK
076 1 0350176368 STIM_END_RESP_START
076 1 0350305752 LICK
076 1 0350306240 REWARD_START
076 1 0350438348 LICK
076 1 0350584068 LICK
076 1 0350707312 LICK
076 1 0350849152 LICK
076 1 0351376380 RESP_END
076 1 0350336752 REWARD_END
077 0 0353341732 STIM_START
077 0 0354440420 STIM_END_RESP_START
077 0 0355640460 RESP_END
078 0 0357349080 STIM_START
078 0 0358447768 STIM_END_RESP_START
078 0 0359647812 RESP_END
079 0 0361473268 STIM_START
079 0 0362571952 STIM_END_RESP_START
079 0 0363771996 RESP_END
080 1 0365438544 STIM_START
080 1 0366537232 STIM_END_RESP_START
080 1 0366595224 LICK
080 1 0366595708 REWARD_START
080 1 0366736896 LICK
080 1 0366871764 LICK
080 1 0366996080 LICK
080 1 0367139436 LICK
080 1 0367737252 RESP_END
080 1 0366626224 REWARD_END
081 0 0369799472 STIM_START
081 0 0370898160 STIM_END_RESP_START
081 0 0372098204 RESP_END
082 0 0374025568 STIM_START
082 0 0375124256 STIM_END_RESP_START
082 0 0376324300 RESP_END
083 1 0378298548 STIM_START
083 1 0378863068 LICK
083 1 0379028784 LICK
083 1 0379200104 LICK
083 1 0379341104 LICK
083 1 0379397220 STIM_END_RESP_START
083 1 0379493460 LICK
083 1 0379493948 REWARD_START
083 1 0379634288 LICK
083 1 0379767764 LICK
083 1 0379897836 LICK
083 1 0380049016 LICK
083 1 0380597244 RESP_END
083 1 0379524460 REWARD_END
084 0 0382636516 STIM_START
084 0 0383735204 STIM_END_RESP_START
084 0 0384935248 RESP_END
085 0 0386932404 STIM_START
085 0 0388031092 STIM_END_RESP_START
085 0 0389231136 RESP_END
086 0 0391100588 STIM_START
086 0 0392199280 STIM_END_RESP_START
086 0 0393399324 RESP_END
087 1 0395473464 STIM_START
087 1 0396572152 STIM_END_RESP_START
087 1 0397116244 LICK
087 1 0397116736 REWARD_START
087 1 0397280808 LICK
087 1 0397433800 LICK
087 1 0397565180 LICK
087 1 0397711112 LICK
087 1 0397772196 RESP_END
087 1 0397147236 REWARD_END
088 1 0400826212 STIM_START
088 1 0401924876 STIM_END_RESP_START
088 1 0401925364 LICK
088 1 0401925844 REWARD_START
088 1 0402100892 LICK
088 1 0402247700 LICK
088 1 0402403500 LICK
088 1 0402553608 LICK
088 1 0403124900 RESP_END
088 1 0401956368 REWARD_END
089 0 0410061340 STIM_START
089 0 0411160028 STIM_END_RESP_START
089 0 0412360068 RESP_END
090 1 0414109664 STIM_START
090 1 0415185164 LICK
090 1 0415208356 STIM_END_RESP_START
090 1 0415354892 LICK
090 1 0415355376 REWARD_START
090 1 0415487784 LICK
090 1 0415622040 LICK
090 1 0415759156 LICK
090 1 0415909224 LICK
090 1 0416408380 RESP_END
090 1 0415385872 REWARD_END
091 0 0418107940 STIM_START
091 0 0419206628 STIM_END_RESP_START
091 0 0420406672 RESP_END
092 1 0422238184 STIM_START
092 1 0423336876 STIM_END_RESP_START
092 1 0423357404 LICK
092 1 0423357896 REWARD_START
092 1 0423495032 LICK
092 1 0423633900 LICK
092 1 0423768728 LICK
092 1 0423924716 LICK
092 1 0424536896 RESP_END
092 1 0423388392 REWARD_END
093 1 0426451228 STIM_START
093 1 0427336612 LICK
093 1 0427498288 LICK
093 1 0427549928 STIM_END_RESP_START
093 1 0427659720 LICK
093 1 0427660204 REWARD_START
093 1 0427802564 LICK
093 1 0427951912 LICK
093 1 0428091716 LICK
093 1 0428238908 LICK
093 1 0428413140 LICK
093 1 0428749972 RESP_END
093 1 0427690716 REWARD_END
094 1 0431706052 STIM_START
094 1 0432777008 LICK
094 1 0432804728 STIM_END_RESP_START
094 1 0432942820 LICK
094 1 0432943308 REWARD_START
094 1 0433094220 LICK
094 1 0433256884 LICK
094 1 0433389628 LICK
094 1 0433544968 LICK
094 1 0433716396 LICK
094 1 0434004764 RESP_END
094 1 0432973816 REWARD_END
095 0 0435894176 STIM_START
095 0 0436992864 STIM_END_RESP_START
095 0 0438192908 RESP_END
096 1 0440065284 STIM_START
096 1 0441163972 STIM_END_RESP_START
096 1 0441204392 LICK
096 1 0441204884 REWARD_START
096 1 0441378876 LICK
096 1 0441526492 LICK
096 1 0441658264 LICK
096 1 0441804516 LICK
096 1 0441960352 LICK
096 1 0442133180 LICK
096 1 0442364020 RESP_END
096 1 0441235388 REWARD_END
097 0 0444278324 STIM_START
097 0 0445377012 STIM_END_RESP_START
097 0 0446577056 RESP_END
098 1 0448186784 STIM_START
098 1 0449285472 STIM_END_RESP_START
098 1 0449402772 LICK
098 1 0449403264 REWARD_START
098 1 0449534632 LICK
098 1 0449820884 LICK
098 1 0449974244 LICK
098 1 0450485516 RESP_END
098 1 0449433760 REWARD_END
099 1 0452269008 STIM_START
099 1 0453367696 STIM_END_RESP_START
099 1 0453518184 LICK
099 1 0453518676 REWARD_START
099 1 0453688760 LICK
099 1 0453975704 LICK
099 1 0454132376 LICK
099 1 0454567744 RESP_END
099 1 0453549176 REWARD_END
100 0 0457669684 STIM_START
100 0 0458768368 STIM_END_RESP_START
100 0 0459968408 RESP_END
101 1 0461877808 STIM_START
101 1 0462976496 STIM_END_RESP_START
101 1 0463288480 LICK
101 1 0463288964 REWARD_START
101 1 0463424264 LICK
101 1 0463559808 LICK
101 1 0463689328 LICK
101 1 0463836440 LICK
101 1 0463996864 LICK
101 1 0464153780 LICK
101 1 0464176524 RESP_END
101 1 0463319476 REWARD_END
102 1 0465795180 STIM_START
102 1 0466591752 LICK
102 1 0466747432 LICK
102 1 0466893860 STIM_END_RESP_START
102 1 0466909576 LICK
102 1 0466910060 REWARD_START
102 1 0467066708 LICK
102 1 0467207416 LICK
102 1 0467335868 LICK
102 1 0467476080 LICK
102 1 0468093904 RESP_END
102 1 0466940576 REWARD_END
103 1 0470581612 STIM_START
103 1 0471680304 STIM_END_RESP_START
103 1 0471784200 LICK
103 1 0471784692 REWARD_START
103 1 0471933708 LICK
103 1 0472073584 LICK
103 1 0472205908 LICK
103 1 0472364840 LICK
103 1 0472505128 LICK
103 1 0472679596 LICK
103 1 0472880320 RESP_END
103 1 0471815208 REWARD_END
104 0 0474840636 STIM_START
104 0 0475939328 STIM_END_RESP_START
104 0 0477139372 RESP_END
105 0 0478749012 STIM_START
105 0 0479847700 STIM_END_RESP_START
105 0 0481047744 RESP_END
106 0 0483092988 STIM_START
106 0 0484191676 STIM_END_RESP_START
106 0 0485391720 RESP_END
107 1 0487465828 STIM_START
107 1 0488564500 STIM_END_RESP_START
107 1 0488575376 LICK
107 1 0488575860 REWARD_START
107 1 0488731744 LICK
107 1 0488887876 LICK
107 1 0489016336 LICK
107 1 0489163836 LICK
107 1 0489764524 RESP_END
107 1 0488606376 REWARD_END
108 0 0491566052 STIM_START
108 0 0492664736 STIM_END_RESP_START
108 0 0493864780 RESP_END
109 0 0495595372 STIM_START
109 0 0496694060 STIM_END_RESP_START
109 0 0497894108 RESP_END
110 0 0499504744 STIM_START
110 0 0500603436 STIM_END_RESP_START
110 0 0501803480 RESP_END
111 1 0503460096 STIM_START
111 1 0504375772 LICK
111 1 0504541064 LICK
111 1 0504558776 STIM_END_RESP_START
111 1 0504707092 LICK
111 1 0504707576 REWARD_START
111 1 0504851096 LICK
111 1 0504995172 LICK
111 1 0505132856 LICK
111 1 0505434360 LICK
111 1 0505758792 RESP_END
111 1 0504738072 REWARD_END
112 1 0508753940 STIM_START
112 1 0509852620 STIM_END_RESP_START
112 1 0510088400 LICK
112 1 0510088884 REWARD_START
112 1 0510239684 LICK
112 1 0510390600 LICK
112 1 0510524700 LICK
112 1 0510676972 LICK
112 1 0510830612 LICK
112 1 0511052648 RESP_END
112 1 0510119400 REWARD_END
113 1 0512814156 STIM_START
113 1 0513912844 STIM_END_RESP_START
113 1 0514002140 LICK
113 1 0514002624 REWARD_START
113 1 0514161724 LICK
113 1 0514314176 LICK
113 1 0514451516 LICK
113 1 0514611900 LICK
113 1 0514773396 LICK
113 1 0514946028 LICK
113 1 0515112876 RESP_END
113 1 0514033136 REWARD_END
114 0 0516884420 STIM_START
114 0 0517983112 STIM_END_RESP_START
114 0 0519183156 RESP_END
115 1 0521113472 STIM_START
115 1 0522137592 LICK
115 1 0522212164 STIM_END_RESP_START
115 1 0522322488 LICK
115 1 0522322980 REWARD_START
115 1 0522456688 LICK
115 1 0522586512 LICK
115 1 0522724068 LICK
115 1 0522867464 LICK
115 1 0523412208 RESP_END
115 1 0522353484 REWARD_END
116 0 0525078836 STIM_START
116 0 0526177524 STIM_END_RESP_START
116 0 0527377564 RESP_END
117 1 0528992216 STIM_START
117 1 0530090900 STIM_END_RESP_START
117 1 0530149608 LICK
117 1 0530150092 REWARD_START
117 1 0530319984 LICK
117 1 0530491940 LICK
117 1 0530611032 LICK
117 1 0530778052 LICK
117 1 0530929220 LICK
117 1 0531290944 RESP_END
117 1 0530180608 REWARD_END
118 1 0533270192 STIM_START
118 1 0534368880 STIM_END_RESP_START
118 1 0534389668 LICK
118 1 0534390160 REWARD_START
118 1 0534550204 LICK
118 1 0534699532 LICK
118 1 0534839468 LICK
118 1 0534990752 LICK
118 1 0535568908 RESP_END
118 1 0534420656 REWARD_END
119 0 0537736032 STIM_START
119 0 0538834720 STIM_END_RESP_START
119 0 0540034760 RESP_END
120 0 0541627472 STIM_START
120 0 0542726160 STIM_END_RESP_START
120 0 0543926196 RESP_END
121 0 0545534944 STIM_START
121 0 0546633632 STIM_END_RESP_START
121 0 0547833676 RESP_END
122 1 0549443308 STIM_START
122 1 0550541992 STIM_END_RESP_START
122 1 0550619728 LICK
122 1 0550620220 REWARD_START
122 1 0550771464 LICK
122 1 0550924540 LICK
122 1 0551055808 LICK
122 1 0551206068 LICK
122 1 0551365416 LICK
122 1 0551742008 RESP_END
122 1 0550650728 REWARD_END
123 1 0553408680 STIM_START
123 1 0554507368 STIM_END_RESP_START
123 1 0554999984 LICK
123 1 0555000472 REWARD_START
123 1 0555158432 LICK
123 1 0555307892 LICK
123 1 0555440680 LICK
123 1 0555587864 LICK
123 1 0555707384 RESP_END
123 1 0555030988 REWARD_END
124 1 0557445916 STIM_START
124 1 0558112452 LICK
124 1 0558238600 LICK
124 1 0558406316 LICK
124 1 0558544584 STIM_END_RESP_START
124 1 0558566616 LICK
124 1 0558567100 REWARD_START
124 1 0558714228 LICK
124 1 0558861968 LICK
124 1 0558995476 LICK
124 1 0559152036 LICK
124 1 0559301836 LICK
124 1 0559498600 LICK
124 1 0559744608 RESP_END
124 1 0558597616 REWARD_END
125 0 0561400328 STIM_START
125 0 0562499016 STIM_END_RESP_START
125 0 0563699060 RESP_END
126 1 0565427616 STIM_START
126 1 0566526304 STIM_END_RESP_START
126 1 0566681972 LICK
126 1 0566682456 REWARD_START
126 1 0566830492 LICK
126 1 0566972244 LICK
126 1 0567127704 LICK
126 1 0567259648 LICK
126 1 0567430692 LICK
126 1 0567726348 RESP_END
126 1 0566712968 REWARD_END
127 0 0569712632 STIM_START
127 0 0570811320 STIM_END_RESP_START
127 0 0572011368 RESP_END
128 0 0575100332 STIM_START
128 0 0576199020 STIM_END_RESP_START
128 0 0577399064 RESP_END
129 1 0579366292 STIM_START
129 1 0580307520 LICK
129 1 0580460984 LICK
129 1 0580464988 STIM_END_RESP_START
129 1 0580635508 LICK
129 1 0580636000 REWARD_START
129 1 0580761388 LICK
129 1 0580897996 LICK
129 1 0581032976 LICK
129 1 0581186124 LICK
129 1 0581664996 RESP_END
129 1 0580666500 REWARD_END
130 1 0583445560 STIM_START
130 1 0584393832 LICK
130 1 0584544248 STIM_END_RESP_START
130 1 0584544736 LICK
130 1 0584545224 REWARD_START
130 1 0584694460 LICK
130 1 0584842500 LICK
130 1 0584972912 LICK
130 1 0585118692 LICK
130 1 0585277192 LICK
130 1 0585442056 LICK
130 1 0585641244 LICK
130 1 0585744268 RESP_END
130 1 0584575748 REWARD_END
131 1 0587734468 STIM_START
131 1 0588637792 LICK
131 1 0588794268 LICK
131 1 0588833152 STIM_END_RESP_START
131 1 0588954560 LICK
131 1 0588955052 REWARD_START
131 1 0589092388 LICK
131 1 0589222776 LICK
131 1 0589362852 LICK
131 1 0590033200 RESP_END
131 1 0588985548 REWARD_END
132 0 0592012480 STIM_START
132 0 0593111168 STIM_END_RESP_START
132 0 0594311208 RESP_END
133 0 0596001824 STIM_START
133 0 0597100504 STIM_END_RESP_START
133 0 0598300552 RESP_END
134 0 0599935244 STIM_START
134 0 0600183200 LICK
134 0 0601033932 STIM_END_RESP_START
134 0 0602233980 RESP_END
135 1 0604132336 STIM_START
135 1 0605231028 STIM_END_RESP_START
135 1 0605471312 LICK
135 1 0605471808 REWARD_START
135 1 0605613636 LICK
135 1 0605752412 LICK
135 1 0605884964 LICK
135 1 0606021316 LICK
135 1 0606182304 LICK
135 1 0606431040 RESP_END
135 1 0605502316 REWARD_END
136 0 0608348380 STIM_START
136 0 0609447068 STIM_END_RESP_START
136 0 0610647112 RESP_END
137 1 0612499484 STIM_START
137 1 0613360316 LICK
137 1 0613520668 LICK
137 1 0613598164 STIM_END_RESP_START
137 1 0613682512 LICK
137 1 0613683000 REWARD_START
137 1 0613806060 LICK
137 1 0613947452 LICK
137 1 0614077424 LICK
137 1 0614234096 LICK
137 1 0614798184 RESP_END
137 1 0613713516 REWARD_END
138 0 0616549800 STIM_START
138 0 0617648488 STIM_END_RESP_START
138 0 0618848532 RESP_END
139 0 0620775832 STIM_START
139 0 0621874524 STIM_END_RESP_START
139 0 0623074568 RESP_END
140 1 0624747240 STIM_START
140 1 0625840984 LICK
140 1 0625845912 STIM_END_RESP_START
140 1 0625984496 LICK
140 1 0625984988 REWARD_START
140 1 0626117804 LICK
140 1 0626261536 LICK
140 1 0626393788 LICK
140 1 0626530588 LICK
140 1 0627045944 RESP_END
140 1 0626015484 REWARD_END
141 1 0628889388 STIM_START
141 1 0629738180 LICK
141 1 0629896108 LICK
141 1 0629988056 STIM_END_RESP_START
141 1 0630055768 LICK
141 1 0630056260 REWARD_START
141 1 0630202616 LICK
141 1 0630351428 LICK
141 1 0630482660 LICK
141 1 0630640432 LICK
141 1 0631188096 RESP_END
141 1 0630086756 REWARD_END
142 0 0632924616 STIM_START
142 0 0634023304 STIM_END_RESP_START
142 0 0635223352 RESP_END
143 1 0637069772 STIM_START
143 1 0637996956 LICK
143 1 0638164484 LICK
143 1 0638168448 STIM_END_RESP_START
143 1 0638329512 LICK
143 1 0638330004 REWARD_START
143 1 0638460376 LICK
143 1 0638599380 LICK
143 1 0638724688 LICK
143 1 0638881388 LICK
143 1 0639368460 RESP_END
143 1 0638360516 REWARD_END
144 1 0641335776 STIM_START
144 1 0641914568 LICK
144 1 0642073664 LICK
144 1 0642235360 LICK
144 1 0642399704 LICK
144 1 0642434456 STIM_END_RESP_START
144 1 0642543288 LICK
144 1 0642543780 REWARD_START
144 1 0642689348 LICK
144 1 0642827976 LICK
144 1 0642966052 LICK
144 1 0643634480 RESP_END
144 1 0642574292 REWARD_END
145 1 0645281128 STIM_START
145 1 0646379816 STIM_END_RESP_START
145 1 0646437764 LICK
145 1 0646438256 REWARD_START
145 1 0646586836 LICK
145 1 0646736536 LICK
145 1 0646868180 LICK
145 1 0647017376 LICK
145 1 0647579840 RESP_END
145 1 0646468752 REWARD_END
146 0 0650153468 STIM_START
146 0 0651252160 STIM_END_RESP_START
146 0 0652452204 RESP_END
147 1 0654266660 STIM_START
147 1 0655365352 STIM_END_RESP_START
147 1 0655445296 LICK
147 1 0655445780 REWARD_START
147 1 0655588096 LICK
147 1 0655728404 LICK
147 1 0655852784 LICK
147 1 0655993720 LICK
147 1 0656565364 RESP_END
147 1 0655476292 REWARD_END
148 0 0658346884 STIM_START
148 0 0659445572 STIM_END_RESP_START
148 0 0660645616 RESP_END
149 1 0662714756 STIM_START
149 1 0663760392 LICK
149 1 0663813420 STIM_END_RESP_START
149 1 0663910336 LICK
149 1 0663910828 REWARD_START
149 1 0664051924 LICK
149 1 0664191300 LICK
149 1 0664316916 LICK
149 1 0664468232 LICK
149 1 0664608788 LICK
149 1 0664806228 LICK
149 1 0665013436 RESP_END
149 1 0663941324 REWARD_END
150 1 0666883844 STIM_START
150 1 0667554192 LICK
150 1 0667757756 LICK
150 1 0667925700 LICK
150 1 0667982508 STIM_END_RESP_START
150 1 0668268756 LICK
150 1 0668269240 REWARD_START
150 1 0668413104 LICK
150 1 0668709376 LICK
150 1 0669182520 RESP_END
150 1 0668299756 REWARD_END
151 0 0673717912 STIM_START
151 0 0674816600 STIM_END_RESP_START
151 0 0676016644 RESP_END
152 0 0678022880 STIM_START
152 0 0679121568 STIM_END_RESP_START
152 0 0680321612 RESP_END
USER_EXIT