001 1 0020853604 STIM_START
001 1 0021380656 LICK
001 1 0021577156 LICK
001 1 0021775940 LICK
001 1 0021952240 STIM_END_RESP_START
001 1 0021955408 LICK
001 1 0021955848 REWARD_START
001 1 0022139348 LICK
001 1 0022430200 LICK
001 1 0022600304 LICK
001 1 0022942392 LICK
001 1 0023098804 LICK
001 1 0023152272 RESP_END
001 1 0022006300 REWARD_END
002 1 0026972256 STIM_START
002 1 0027243892 LICK
002 1 0027468108 LICK
002 1 0027975912 LICK
002 1 0028070924 STIM_END_RESP_START
002 1 0028193088 LICK
002 1 0028193524 REWARD_START
002 1 0028353100 LICK
002 1 0028511252 LICK
002 1 0028652292 LICK
002 1 0028847804 LICK
002 1 0029270964 RESP_END
002 1 0028243984 REWARD_END
003 1 0030989376 STIM_START
003 1 0031009840 LICK
003 1 0031172024 LICK
003 1 0032088044 STIM_END_RESP_START
003 1 0032518860 LICK
003 1 0032519304 REWARD_START
003 1 0032663052 LICK
003 1 0032813952 LICK
003 1 0032961252 LICK
003 1 0033122132 LICK
003 1 0033288076 RESP_END
003 1 0032569760 REWARD_END
004 0 0038641216 STIM_START
004 0 0039118980 LICK
004 0 0039356520 LICK
004 0 0039525128 LICK
004 0 0039730932 LICK
004 0 0039739872 STIM_END_RESP_START
004 0 0039949496 LICK
004 0 0039949932 TIMEOUT_START
004 0 0040101024 LICK
004 0 0040101460 TIMEOUT_START
004 0 0040290528 LICK
004 0 0040290964 TIMEOUT_START
004 0 0040491372 LICK
004 0 0040491808 TIMEOUT_START
004 0 0040726076 LICK
004 0 0040726512 TIMEOUT_START
004 0 0040939900 RESP_END
004 0 0047726972 TIMEOUT_END
005 0 0050580912 STIM_START
005 0 0051679544 STIM_END_RESP_START
005 0 0052513756 LICK
005 0 0052514200 TIMEOUT_START
005 0 0052665488 LICK
005 0 0052665924 TIMEOUT_START
005 0 0052879564 RESP_END
005 0 0059666380 TIMEOUT_END
006 1 0061486856 STIM_START
006 1 0061786520 LICK
006 1 0062386428 LICK
006 1 0062585500 STIM_END_RESP_START
006 1 0062616220 LICK
006 1 0062616664 REWARD_START
006 1 0062763860 LICK
006 1 0063021260 LICK
006 1 0063180252 LICK
006 1 0063785524 RESP_END
006 1 0062667124 REWARD_END
007 1 0065546944 STIM_START
007 1 0066499236 LICK
007 1 0066645608 STIM_END_RESP_START
007 1 0066679892 LICK
007 1 0066680332 REWARD_START
007 1 0066826896 LICK
007 1 0067084760 LICK
007 1 0067227972 LICK
007 1 0067389080 LICK
007 1 0067845652 RESP_END
007 1 0066730788 REWARD_END
008 0 0070994460 STIM_START
008 0 0072093092 STIM_END_RESP_START
008 0 0073293116 RESP_END
009 1 0075243364 STIM_START
009 1 0076342000 STIM_END_RESP_START
009 1 0076754196 LICK
009 1 0076754636 REWARD_START
009 1 0076924228 LICK
009 1 0077195964 LICK
009 1 0077369848 LICK
009 1 0077542032 RESP_END
009 1 0076805096 REWARD_END
010 1 0079783876 STIM_START
010 1 0080746032 LICK
010 1 0080882508 STIM_END_RESP_START
010 1 0081078628 LICK
010 1 0081079068 REWARD_START
010 1 0081229424 LICK
010 1 0081514668 LICK
010 1 0081699780 LICK
010 1 0081884560 LICK
010 1 0082082544 RESP_END
010 1 0081129532 REWARD_END
011 0 0084695020 STIM_START
011 0 0085793652 STIM_END_RESP_START
011 0 0086993676 RESP_END
012 1 0089039812 STIM_START
012 1 0090085704 LICK
012 1 0090138468 STIM_END_RESP_START
012 1 0090643952 LICK
012 1 0090644388 REWARD_START
012 1 0090803764 LICK
012 1 0091101812 LICK
012 1 0091270272 LICK
012 1 0091338500 RESP_END
012 1 0090694852 REWARD_END
013 1 0093558432 STIM_START
013 1 0094533740 LICK
013 1 0094657100 STIM_END_RESP_START
013 1 0094733128 LICK
013 1 0094733572 REWARD_START
013 1 0094894660 LICK
013 1 0095269676 LICK
013 1 0095417020 LICK
013 1 0095575780 LICK
013 1 0095717744 LICK
013 1 0095857128 RESP_END
013 1 0094784028 REWARD_END
014 0 0099230580 STIM_START
014 0 0100329212 STIM_END_RESP_START
014 0 0101529256 RESP_END
015 1 0103166884 STIM_START
015 1 0104140516 LICK
015 1 0104265536 STIM_END_RESP_START
015 1 0104331144 LICK
015 1 0104331636 REWARD_START
015 1 0104478360 LICK
015 1 0104736408 LICK
015 1 0104923116 LICK
015 1 0105080320 LICK
015 1 0105465552 RESP_END
015 1 0104382140 REWARD_END
016 0 0107419788 STIM_START
016 0 0108518436 STIM_END_RESP_START
016 0 0109718472 RESP_END
017 0 0111427964 STIM_START
017 0 0112526612 STIM_END_RESP_START
017 0 0112627688 LICK
017 0 0112628180 TIMEOUT_START
017 0 0112794336 LICK
017 0 0112794824 TIMEOUT_START
017 0 0113123072 LICK
017 0 0113123564 TIMEOUT_START
017 0 0113301604 LICK
017 0 0113302088 TIMEOUT_START
017 0 0113726624 RESP_END
017 0 0120302584 TIMEOUT_END
018 0 0122029252 STIM_START
018 0 0123064456 LICK
018 0 0123127884 STIM_END_RESP_START
018 0 0123275176 LICK
018 0 0123275664 TIMEOUT_START
018 0 0124327928 RESP_END
018 0 0130276172 TIMEOUT_END
019 1 0131898452 STIM_START
019 1 0132427212 LICK
019 1 0132620116 LICK
019 1 0132783412 LICK
019 1 0132942036 LICK
019 1 0132997116 STIM_END_RESP_START
019 1 0133115580 LICK
019 1 0133116072 REWARD_START
019 1 0133258048 LICK
019 1 0133508488 LICK
019 1 0133665240 LICK
019 1 0133974376 LICK
019 1 0134159572 LICK
019 1 0134197128 RESP_END
019 1 0133166576 REWARD_END
020 1 0135814760 STIM_START
020 1 0136785772 LICK
020 1 0136913412 STIM_END_RESP_START
020 1 0136982552 LICK
020 1 0136983036 REWARD_START
020 1 0137118224 LICK
020 1 0137385736 LICK
020 1 0137556556 LICK
020 1 0137712928 LICK
020 1 0138113444 RESP_END
020 1 0137033540 REWARD_END
021 1 0139810932 STIM_START
021 1 0140681884 LICK
021 1 0140845124 LICK
021 1 0140909576 STIM_END_RESP_START
021 1 0141012196 LICK
021 1 0141012680 REWARD_START
021 1 0141152504 LICK
021 1 0141410400 LICK
021 1 0141563316 LICK
021 1 0141736900 LICK
021 1 0141910980 LICK
021 1 0142109592 RESP_END
021 1 0141063192 REWARD_END
022 0 0144088816 STIM_START
022 0 0145187464 STIM_END_RESP_START
022 0 0146387508 RESP_END
023 1 0148164972 STIM_START
023 1 0149040080 LICK
023 1 0149201120 LICK
023 1 0149263628 STIM_END_RESP_START
023 1 0149511980 LICK
023 1 0149512468 REWARD_START
023 1 0149651792 LICK
023 1 0149807956 LICK
023 1 0149926932 LICK
023 1 0150258552 LICK
023 1 0150463644 RESP_END
023 1 0149562972 REWARD_END
024 1 0152477736 STIM_START
024 1 0153285888 LICK
024 1 0153470660 LICK
024 1 0153576380 STIM_END_RESP_START
024 1 0153621760 LICK
024 1 0153622244 REWARD_START
024 1 0153758276 LICK
024 1 0154017732 LICK
024 1 0154173536 LICK
024 1 0154344960 LICK
024 1 0154776424 RESP_END
024 1 0153672752 REWARD_END
025 1 0157145172 STIM_START
025 1 0158226980 LICK
025 1 0158243796 STIM_END_RESP_START
025 1 0158407356 LICK
025 1 0158407848 REWARD_START
025 1 0158568288 LICK
025 1 0158832964 LICK
025 1 0158990240 LICK
025 1 0159160908 LICK
025 1 0159443816 RESP_END
025 1 0158458352 REWARD_END
026 0 0161375084 STIM_START
026 0 0162473736 STIM_END_RESP_START
026 0 0163673780 RESP_END
027 1 0165505120 STIM_START
027 1 0166493484 LICK
027 1 0166603768 STIM_END_RESP_START
027 1 0166830196 LICK
027 1 0166830680 REWARD_START
027 1 0166953772 LICK
027 1 0167207312 LICK
027 1 0167374524 LICK
027 1 0167715404 LICK
027 1 0167803792 RESP_END
027 1 0166881180 REWARD_END
028 0 0169694092 STIM_START
028 0 0170792744 STIM_END_RESP_START
028 0 0171992784 RESP_END
029 0 0173661324 STIM_START
029 0 0174759976 STIM_END_RESP_START
029 0 0175960012 RESP_END
030 0 0177744468 STIM_START
030 0 0178843116 STIM_END_RESP_START
030 0 0180043160 RESP_END
031 1 0182089340 STIM_START
031 1 0182875404 LICK
031 1 0183043760 LICK
031 1 0183187984 STIM_END_RESP_START
031 1 0183199192 LICK
031 1 0183199688 REWARD_START
031 1 0183336652 LICK
031 1 0183600868 LICK
031 1 0183764592 LICK
031 1 0183917244 LICK
031 1 0184349028 LICK
031 1 0184387996 RESP_END
031 1 0183250188 REWARD_END
032 0 0186403100 STIM_START
032 0 0187501752 STIM_END_RESP_START
032 0 0188701792 RESP_END
033 1 0190439264 STIM_START
033 1 0191209904 LICK
033 1 0191377692 LICK
033 1 0191529596 LICK
033 1 0191537924 STIM_END_RESP_START
033 1 0191850528 LICK
033 1 0191851012 REWARD_START
033 1 0192017468 LICK
033 1 0192302144 LICK
033 1 0192457292 LICK
033 1 0192737964 RESP_END
033 1 0191901520 REWARD_END
034 1 0194671168 STIM_START
034 1 0195122080 LICK
034 1 0195300452 LICK
034 1 0195485184 LICK
034 1 0195649856 LICK
034 1 0195769820 STIM_END_RESP_START
034 1 0195816096 LICK
034 1 0195816588 REWARD_START
034 1 0195962708 LICK
034 1 0196116384 LICK
034 1 0196247728 LICK
034 1 0196414824 LICK
034 1 0196969852 RESP_END
034 1 0195867092 REWARD_END
035 0 0198954008 STIM_START
035 0 0200052652 STIM_END_RESP_START
035 0 0201252696 RESP_END
036 0 0203006204 STIM_START
036 0 0204104852 STIM_END_RESP_START
036 0 0205304896 RESP_END
037 0 0207097272 STIM_START
037 0 0208195920 STIM_END_RESP_START
037 0 0209395964 RESP_END
038 1 0211167440 STIM_START
038 1 0211972324 LICK
038 1 0212152444 LICK
038 1 0212266096 STIM_END_RESP_START
038 1 0212317548 LICK
038 1 0212318036 REWARD_START
038 1 0212460328 LICK
038 1 0212724908 LICK
038 1 0212903804 LICK
038 1 0213050840 LICK
038 1 0213466108 RESP_END
038 1 0212368544 REWARD_END
039 0 0215447228 STIM_START
039 0 0215908684 LICK
039 0 0216106668 LICK
039 0 0216278040 LICK
039 0 0216492768 LICK
039 0 0216545880 STIM_END_RESP_START
039 0 0216670916 LICK
039 0 0216671404 TIMEOUT_START
039 0 0216836860 LICK
039 0 0216837352 TIMEOUT_START
039 0 0216985092 LICK
039 0 0216985576 TIMEOUT_START
039 0 0217158212 LICK
039 0 0217158700 TIMEOUT_START
039 0 0217343912 LICK
039 0 0217344404 TIMEOUT_START
039 0 0217745928 RESP_END
039 0 0224344908 TIMEOUT_END
040 0 0226176424 STIM_START
040 0 0227275072 STIM_END_RESP_START
040 0 0228475116 RESP_END
041 1 0230166680 STIM_START
041 1 0231243440 LICK
041 1 0231265308 STIM_END_RESP_START
041 1 0231416628 LICK
041 1 0231417120 REWARD_START
041 1 0231585272 LICK
041 1 0231848676 LICK
041 1 0232002392 LICK
041 1 0232175828 LICK
041 1 0232465328 RESP_END
041 1 0231467628 REWARD_END
042 0 0234074892 STIM_START
042 0 0235173540 STIM_END_RESP_START
042 0 0236373584 RESP_END
043 1 0238107124 STIM_START
043 1 0239088336 LICK
043 1 0239205796 STIM_END_RESP_START
043 1 0239420508 LICK
043 1 0239420992 REWARD_START
043 1 0239561492 LICK
043 1 0239815584 LICK
043 1 0239971308 LICK
043 1 0240124868 LICK
043 1 0240260232 LICK
043 1 0240405808 RESP_END
043 1 0239471500 REWARD_END
044 1 0242914328 STIM_START
044 1 0243354464 LICK
044 1 0243553628 LICK
044 1 0243804968 LICK
044 1 0244002456 LICK
044 1 0244012992 STIM_END_RESP_START
044 1 0244162312 LICK
044 1 0244162804 REWARD_START
044 1 0244319032 LICK
044 1 0244469476 LICK
044 1 0244602068 LICK
044 1 0244762604 LICK
044 1 0245213024 RESP_END
044 1 0244213308 REWARD_END
045 1 0247035376 STIM_START
045 1 0248134024 STIM_END_RESP_START
045 1 0249334068 RESP_END
046 0 0251313252 STIM_START
046 0 0252411896 STIM_END_RESP_START
046 0 0253611940 RESP_END
047 0 0255565212 STIM_START
047 0 0256663864 STIM_END_RESP_START
047 0 0257863908 RESP_END
048 1 0259675204 STIM_START
048 1 0260198232 LICK
048 1 0260394124 LICK
048 1 0260548724 LICK
048 1 0260718240 LICK
048 1 0260773872 STIM_END_RESP_START
048 1 0260882016 LICK
048 1 0260882508 REWARD_START
048 1 0261019248 LICK
048 1 0261280144 LICK
048 1 0261447244 LICK
048 1 0261973900 RESP_END
048 1 0260933012 REWARD_END
049 0 0266122488 STIM_START
049 0 0267221136 STIM_END_RESP_START
049 0 0268421180 RESP_END
050 1 0270412316 STIM_START
050 1 0270912572 LICK
050 1 0271139496 LICK
050 1 0271319324 LICK
050 1 0271510956 STIM_END_RESP_START
050 1 0271548976 LICK
050 1 0271549468 REWARD_START
050 1 0271719444 LICK
050 1 0271867808 LICK
050 1 0272010712 LICK
050 1 0272191848 LICK
050 1 0272344464 LICK
050 1 0272710992 RESP_END
050 1 0271599972 REWARD_END
051 1 0274423504 STIM_START
051 1 0275522156 STIM_END_RESP_START
051 1 0275970892 LICK
051 1 0275971384 REWARD_START
051 1 0276116584 LICK
051 1 0276371132 LICK
051 1 0276514952 LICK
051 1 0276722188 RESP_END
051 1 0276021888 REWARD_END
052 0 0279147844 STIM_START
052 0 0280246492 STIM_END_RESP_START
052 0 0281446536 RESP_END
053 0 0283338836 STIM_START
053 0 0284437480 STIM_END_RESP_START
053 0 0285637524 RESP_END
054 0 0287405976 STIM_START
054 0 0288504628 STIM_END_RESP_START
054 0 0289704668 RESP_END
055 1 0291674864 STIM_START
055 1 0292641492 LICK
055 1 0292773524 STIM_END_RESP_START
055 1 0292806588 LICK
055 1 0292807080 REWARD_START
055 1 0292940448 LICK
055 1 0293208464 LICK
055 1 0293354392 LICK
055 1 0293523780 LICK
055 1 0293722360 LICK
055 1 0293899052 LICK
055 1 0293973564 RESP_END
055 1 0292857584 REWARD_END
056 0 0295699992 STIM_START
056 0 0296798640 STIM_END_RESP_START
056 0 0297998684 RESP_END
057 1 0299854988 STIM_START
057 1 0300911544 LICK
057 1 0300953660 STIM_END_RESP_START
057 1 0301236764 LICK
057 1 0301237256 REWARD_START
057 1 0301374572 LICK
057 1 0301622672 LICK
057 1 0301775360 LICK
057 1 0301933740 LICK
057 1 0302103116 LICK
057 1 0302153676 RESP_END
057 1 0301287764 REWARD_END
058 0 0303799252 STIM_START
058 0 0304897900 STIM_END_RESP_START
058 0 0306097944 RESP_END
059 1 0307745588 STIM_START
059 1 0308592224 LICK
059 1 0308758928 LICK
059 1 0308844220 STIM_END_RESP_START
059 1 0308909040 LICK
059 1 0308909532 REWARD_START
059 1 0309045792 LICK
059 1 0309309300 LICK
059 1 0309479740 LICK
059 1 0309650108 LICK
059 1 0309820816 LICK
059 1 0310044256 RESP_END
059 1 0308960036 REWARD_END
060 1 0311692820 STIM_START
060 1 0312718132 LICK
060 1 0312791464 STIM_END_RESP_START
060 1 0312897880 LICK
060 1 0312898368 REWARD_START
060 1 0313037652 LICK
060 1 0313192048 LICK
060 1 0313308108 LICK
060 1 0313467392 LICK
060 1 0313650796 LICK
060 1 0313812668 LICK
060 1 0313991512 RESP_END
060 1 0312948880 REWARD_END
061 0 0315716992 STIM_START
061 0 0316815644 STIM_END_RESP_START
061 0 0318015688 RESP_END
062 1 0319783104 STIM_START
062 1 0320881756 STIM_END_RESP_START
062 1 0320956148 LICK
062 1 0320956640 REWARD_START
062 1 0321111968 LICK
062 1 0321382076 LICK
062 1 0321549448 LICK
062 1 0321698072 LICK
062 1 0322081788 RESP_END
062 1 0321007144 REWARD_END
063 0 0324033024 STIM_START
063 0 0325131672 STIM_END_RESP_START
063 0 0326331716 RESP_END
064 1 0328296932 STIM_START
064 1 0329200440 LICK
064 1 0329354724 LICK
064 1 0329395596 STIM_END_RESP_START
064 1 0329513908 LICK
064 1 0329514400 REWARD_START
064 1 0329650688 LICK
064 1 0329899364 LICK
064 1 0330053728 LICK
064 1 0330210900 LICK
064 1 0330575172 LICK
064 1 0330595632 RESP_END
064 1 0329564904 REWARD_END
065 0 0332473892 STIM_START
065 0 0333572544 STIM_END_RESP_START
065 0 0334772588 RESP_END
066 1 0336424232 STIM_START
066 1 0337522880 STIM_END_RESP_START
066 1 0337567764 LICK
066 1 0337568248 REWARD_START
066 1 0337713564 LICK
066 1 0337956352 LICK
066 1 0338093680 LICK
066 1 0338254108 LICK
066 1 0338419200 LICK
066 1 0338599272 LICK
066 1 0338722896 RESP_END
066 1 0337618752 REWARD_END
067 1 0340567180 STIM_START
067 1 0341276388 LICK
067 1 0341475864 LICK
067 1 0341665828 STIM_END_RESP_START
067 1 0341781060 LICK
067 1 0341781552 REWARD_START
067 1 0341940288 LICK
067 1 0342195028 LICK
067 1 0342349124 LICK
067 1 0342865872 RESP_END
067 1 0341832056 REWARD_END
068 0 0344966892 STIM_START
068 0 0346065540 STIM_END_RESP_START
068 0 0347265580 RESP_END
069 1 0349043016 STIM_START
069 1 0349677412 LICK
069 1 0349865136 LICK
069 1 0350018976 LICK
069 1 0350141648 STIM_END_RESP_START
069 1 0350174860 LICK
069 1 0350175352 REWARD_START
069 1 0350314404 LICK
069 1 0350561792 LICK
069 1 0350712320 LICK
069 1 0350868496 LICK
069 1 0351341684 RESP_END
069 1 0350225856 REWARD_END
070 0 0353330872 STIM_START
070 0 0354429524 STIM_END_RESP_START
070 0 0355629568 RESP_END
071 0 0357576864 STIM_START
071 0 0358675512 STIM_END_RESP_START
071 0 0359875548 RESP_END
072 0 0361853624 STIM_START
072 0 0362952276 STIM_END_RESP_START
072 0 0364152320 RESP_END
073 1 0365929756 STIM_START
073 1 0366976312 LICK
073 1 0367028396 STIM_END_RESP_START
073 1 0367138376 LICK
073 1 0367138868 REWARD_START
073 1 0367282052 LICK
073 1 0367528788 LICK
073 1 0367689072 LICK
073 1 0367830604 LICK
073 1 0368170572 LICK
073 1 0368228424 RESP_END
073 1 0367189372 REWARD_END
074 0 0370115736 STIM_START
074 0 0371214384 STIM_END_RESP_START
074 0 0372414420 RESP_END
075 0 0374225752 STIM_START
075 0 0375324404 STIM_END_RESP_START
075 0 0376524448 RESP_END
076 1 0378222008 STIM_START
076 1 0379006044 LICK
076 1 0379187116 LICK
076 1 0379320668 STIM_END_RESP_START
076 1 0379509932 LICK
076 1 0379510416 REWARD_START
076 1 0379651524 LICK
076 1 0379896320 LICK
076 1 0380051244 LICK
076 1 0380210004 LICK
076 1 0380503928 LICK
076 1 0380520692 RESP_END
076 1 0379560920 REWARD_END
077 0 0382358124 STIM_START
077 0 0383456780 STIM_END_RESP_START
077 0 0384656824 RESP_END
078 0 0388171076 STIM_START
078 0 0389269724 STIM_END_RESP_START
078 0 0390469768 RESP_END
079 1 0392362040 STIM_START
079 1 0393460684 STIM_END_RESP_START
079 1 0393702392 LICK
079 1 0393702884 REWARD_START
079 1 0393847108 LICK
079 1 0394093928 LICK
079 1 0394243916 LICK
079 1 0394396956 LICK
079 1 0394557764 LICK
079 1 0394660716 RESP_END
079 1 0393753388 REWARD_END
080 1 0397053384 STIM_START
080 1 0398152036 STIM_END_RESP_START
080 1 0398298016 LICK
080 1 0398298508 REWARD_START
080 1 0398443936 LICK
080 1 0398710500 LICK
080 1 0398858212 LICK
080 1 0399014444 LICK
080 1 0399352076 RESP_END
080 1 0398349012 REWARD_END
081 1 0401070584 STIM_START
081 1 0401924420 LICK
081 1 0402107224 LICK
081 1 0402169240 STIM_END_RESP_START
081 1 0402260752 LICK
081 1 0402261244 REWARD_START
081 1 0402396476 LICK
081 1 0402666060 LICK
081 1 0402816588 LICK
081 1 0403133188 LICK
081 1 0403369260 RESP_END
081 1 0402311748 REWARD_END
082 0 0405287512 STIM_START
082 0 0406386164 STIM_END_RESP_START
082 0 0407586208 RESP_END
083 1 0409495492 STIM_START
083 1 0410383888 LICK
083 1 0410568288 LICK
083 1 0410594132 STIM_END_RESP_START
083 1 0410886796 LICK
083 1 0410887288 REWARD_START
083 1 0411025888 LICK
083 1 0411268760 LICK
083 1 0411415348 LICK
083 1 0411561284 LICK
083 1 0411794164 RESP_END
083 1 0410937792 REWARD_END
084 1 0413437736 STIM_START
084 1 0414536388 STIM_END_RESP_START
084 1 0414611944 LICK
084 1 0414612432 REWARD_START
084 1 0414748996 LICK
084 1 0415005716 LICK
084 1 0415157388 LICK
084 1 0415297740 LICK
084 1 0415736416 RESP_END
084 1 0414662944 REWARD_END
085 0 0418054196 STIM_START
085 0 0419152840 STIM_END_RESP_START
085 0 0420352884 RESP_END
086 0 0422001444 STIM_START
086 0 0423100092 STIM_END_RESP_START
086 0 0424300132 RESP_END
087 1 0426293340 STIM_START
087 1 0426911808 LICK
087 1 0427108724 LICK
087 1 0427292456 LICK
087 1 0427391972 STIM_END_RESP_START
087 1 0427591908 LICK
087 1 0427592392 REWARD_START
087 1 0427727132 LICK
087 1 0427971984 LICK
087 1 0428129340 LICK
087 1 0428287292 LICK
087 1 0428446328 LICK
087 1 0428592012 RESP_END
087 1 0427642900 REWARD_END
088 1 0430262552 STIM_START
088 1 0431361200 STIM_END_RESP_START
088 1 0431376064 LICK
088 1 0431376552 REWARD_START
088 1 0431524592 LICK
088 1 0431791728 LICK
088 1 0431953408 LICK
088 1 0432107456 LICK
088 1 0432279764 LICK
088 1 0432561232 RESP_END
088 1 0431427056 REWARD_END
089 1 0434306700 STIM_START
089 1 0435246888 LICK
089 1 0435405336 STIM_END_RESP_START
089 1 0435420644 LICK
089 1 0435421128 REWARD_START
089 1 0435572788 LICK
089 1 0435841004 LICK
089 1 0435996508 LICK
089 1 0436412396 LICK
089 1 0436564404 LICK
089 1 0436605384 RESP_END
089 1 0435471640 REWARD_END
090 0 0438759380 STIM_START
090 0 0439858032 STIM_END_RESP_START
090 0 0441058076 RESP_END
091 0 0442746536 STIM_START
091 0 0443845188 STIM_END_RESP_START
091 0 0445045228 RESP_END
092 1 0446817700 STIM_START
092 1 0447851364 LICK
092 1 0447916348 STIM_END_RESP_START
092 1 0448023068 LICK
092 1 0448023548 REWARD_START
092 1 0448184108 LICK
092 1 0448438024 LICK
092 1 0448601712 LICK
092 1 0448762292 LICK
092 1 0449116392 RESP_END
092 1 0448074060 REWARD_END
093 0 0450753964 STIM_START
093 0 0451835232 LICK
093 0 0451852620 STIM_END_RESP_START
093 0 0452003404 LICK
093 0 0452003896 TIMEOUT_START
093 0 0453052648 RESP_END
093 0 0459004400 TIMEOUT_END
094 1 0461012628 STIM_START
094 1 0462111276 STIM_END_RESP_START
094 1 0462431592 LICK
094 1 0462432076 REWARD_START
094 1 0462586116 LICK
094 1 0462858788 LICK
094 1 0463026988 LICK
094 1 0463182336 LICK
094 1 0463311304 RESP_END
094 1 0462482588 REWARD_END
095 1 0465376420 STIM_START
095 1 0465893248 LICK
095 1 0466092292 LICK
095 1 0466283440 LICK
095 1 0466452128 LICK
095 1 0466475060 STIM_END_RESP_START
095 1 0466617536 LICK
095 1 0466618024 REWARD_START
095 1 0466762052 LICK
095 1 0466920240 LICK
095 1 0467058748 LICK
095 1 0467241396 LICK
095 1 0467675096 RESP_END
095 1 0466668528 REWARD_END
096 0 0469593324 STIM_START
096 0 0470691976 STIM_END_RESP_START
096 0 0471892024 RESP_END
097 1 0473618528 STIM_START
097 1 0474068324 LICK
097 1 0474299748 LICK
097 1 0474454044 LICK
097 1 0474638488 LICK
097 1 0474717160 STIM_END_RESP_START
097 1 0474809764 LICK
097 1 0474810252 REWARD_START
097 1 0474978928 LICK
097 1 0475125068 LICK
097 1 0475243732 LICK
097 1 0475412232 LICK
097 1 0475917196 RESP_END
097 1 0474860760 REWARD_END
098 1 0477505920 STIM_START
098 1 0478401312 LICK
098 1 0478564716 LICK
098 1 0478604576 STIM_END_RESP_START
098 1 0478894968 LICK
098 1 0478895464 REWARD_START
098 1 0479036924 LICK
098 1 0479186168 LICK
098 1 0479305588 LICK
098 1 0479473724 LICK
098 1 0479804604 RESP_END
098 1 0478945968 REWARD_END
099 0 0481589968 STIM_START
099 0 0482688620 STIM_END_RESP_START
099 0 0483888660 RESP_END
100 1 0485716000 STIM_START
100 1 0486814644 STIM_END_RESP_START
100 1 0487042728 LICK
100 1 0487043216 REWARD_START
100 1 0487196048 LICK
100 1 0487459248 LICK
100 1 0487616724 LICK
100 1 0487786520 LICK
100 1 0488014688 RESP_END
100 1 0487093720 REWARD_END
101 0 0489880000 STIM_START
101 0 0490978652 STIM_END_RESP_START
101 0 0492178696 RESP_END
102 1 0493855192 STIM_START
102 1 0494522072 LICK
102 1 0494710552 LICK
102 1 0494862984 LICK
102 1 0494953852 STIM_END_RESP_START
102 1 0495372244 LICK
102 1 0495372736 REWARD_START
102 1 0495509144 LICK
102 1 0495666156 LICK
102 1 0495781952 LICK
102 1 0495937208 LICK
102 1 0496108976 LICK
102 1 0496153868 RESP_END
102 1 0495423240 REWARD_END
103 0 0497899364 STIM_START
103 0 0498998012 STIM_END_RESP_START
103 0 0500198060 RESP_END
104 1 0502233240 STIM_START
104 1 0503231228 LICK
104 1 0503331888 STIM_END_RESP_START
104 1 0503388300 LICK
104 1 0503388788 REWARD_START
104 1 0503541128 LICK
104 1 0503790044 LICK
104 1 0503942280 LICK
104 1 0504264380 LICK
104 1 0504531928 RESP_END
104 1 0503439292 REWARD_END
105 1 0506549996 STIM_START
105 1 0507648644 STIM_END_RESP_START
105 1 0507730620 LICK
105 1 0507731116 REWARD_START
105 1 0507890020 LICK
105 1 0508151532 LICK
105 1 0508311152 LICK
105 1 0508848660 RESP_END
105 1 0507781620 REWARD_END
106 0 0510583164 STIM_START
106 0 0511681816 STIM_END_RESP_START
106 0 0512881860 RESP_END
107 0 0517530800 STIM_START
107 0 0518629448 STIM_END_RESP_START
107 0 0519829484 RESP_END
108 0 0521857644 STIM_START
108 0 0522956296 STIM_END_RESP_START
108 0 0524156340 RESP_END
109 1 0526152472 STIM_START
109 1 0527251124 STIM_END_RESP_START
109 1 0527469788 LICK
109 1 0527470272 REWARD_START
109 1 0527631220 LICK
109 1 0527875208 LICK
109 1 0528033664 LICK
109 1 0528451140 RESP_END
109 1 0527520780 REWARD_END
110 1 0530397372 STIM_START
110 1 0531320096 LICK
110 1 0531496016 STIM_END_RESP_START
110 1 0531496500 LICK
110 1 0531496988 REWARD_START
110 1 0531653804 LICK
110 1 0531901536 LICK
110 1 0532058248 LICK
110 1 0532221132 LICK
110 1 0532381632 LICK
110 1 0532696060 RESP_END
110 1 0531547504 REWARD_END
111 0 0534456500 STIM_START
111 0 0535555148 STIM_END_RESP_START
111 0 0536755184 RESP_END
112 1 0538686400 STIM_START
112 1 0539659764 LICK
112 1 0539785044 STIM_END_RESP_START
112 1 0539823740 LICK
112 1 0539824232 REWARD_START
112 1 0539978504 LICK
112 1 0540224000 LICK
112 1 0540377752 LICK
112 1 0540985080 RESP_END
112 1 0539874736 REWARD_END
113 0 0543055272 STIM_START
113 0 0544153924 STIM_END_RESP_START
113 0 0545353964 RESP_END
114 1 0547086344 STIM_START
114 1 0548081448 LICK
114 1 0548184984 STIM_END_RESP_START
114 1 0548241320 LICK
114 1 0548241812 REWARD_START
114 1 0548395672 LICK
114 1 0548654592 LICK
114 1 0548831136 LICK
114 1 0548980220 LICK
114 1 0549385024 RESP_END
114 1 0548292316 REWARD_END
115 1 0551232380 STIM_START
115 1 0552083364 LICK
115 1 0552248496 LICK
115 1 0552331004 STIM_END_RESP_START
115 1 0552416776 LICK
115 1 0552417260 REWARD_START
115 1 0552563428 LICK
115 1 0552830916 LICK
115 1 0552992520 LICK
115 1 0553531052 RESP_END
115 1 0552467772 REWARD_END
116 0 0555278480 STIM_START
116 0 0556377132 STIM_END_RESP_START
116 0 0557577172 RESP_END
117 1 0559252736 STIM_START
117 1 0559941436 LICK
117 1 0560121788 LICK
117 1 0560273392 LICK
117 1 0560351388 STIM_END_RESP_START
117 1 0560426944 LICK
117 1 0560427432 REWARD_START
117 1 0560581204 LICK
117 1 0560846488 LICK
117 1 0561013588 LICK
117 1 0561187628 LICK
117 1 0561337932 LICK
117 1 0561512236 LICK
117 1 0561551424 RESP_END
117 1 0560477940 REWARD_END
118 0 0563169056 STIM_START
118 0 0564267708 STIM_END_RESP_START
118 0 0565467752 RESP_END
119 1 0567318076 STIM_START
119 1 0568380948 LICK
119 1 0568416736 STIM_END_RESP_START
119 1 0568558476 LICK
119 1 0568558968 REWARD_START
119 1 0568707356 LICK
119 1 0568952472 LICK
119 1 0569109408 LICK
119 1 0569256416 LICK
119 1 0569616760 RESP_END
119 1 0568609472 REWARD_END
120 0 0571416156 STIM_START
120 0 0572514804 STIM_END_RESP_START
120 0 0573714852 RESP_END
121 0 0575711020 STIM_START
121 0 0575731540 LICK
121 0 0575900808 LICK
121 0 0576063900 LICK
121 0 0576809652 STIM_END_RESP_START
121 0 0578009692 RESP_END
122 1 0579630252 STIM_START
122 1 0580313320 LICK
122 1 0580522316 LICK
122 1 0580693240 LICK
122 1 0580728904 STIM_END_RESP_START
122 1 0580879908 LICK
122 1 0580880400 REWARD_START
122 1 0581014944 LICK
122 1 0581269676 LICK
122 1 0581424564 LICK
122 1 0581574716 LICK
122 1 0581736420 LICK
122 1 0581928920 RESP_END
122 1 0580930904 REWARD_END
123 0 0583917140 STIM_START
123 0 0585015792 STIM_END_RESP_START
123 0 0586215836 RESP_END
124 1 0588247960 STIM_START
124 1 0589340968 LICK
124 1 0589346592 STIM_END_RESP_START
124 1 0589504568 LICK
124 1 0589505056 REWARD_START
124 1 0589657688 LICK
124 1 0589929644 LICK
124 1 0590091168 LICK
124 1 0590433376 LICK
124 1 0590546640 RESP_END
124 1 0589555560 REWARD_END
125 0 0592253128 STIM_START
125 0 0593351780 STIM_END_RESP_START
125 0 0594551824 RESP_END
126 1 0596558928 STIM_START
126 1 0597535324 LICK
126 1 0597657592 STIM_END_RESP_START
126 1 0597719604 LICK
126 1 0597720096 REWARD_START
126 1 0597867160 LICK
126 1 0598119816 LICK
126 1 0598277936 LICK
126 1 0598857612 RESP_END
126 1 0597770600 REWARD_END
127 0 0600458280 STIM_START
127 0 0601556924 STIM_END_RESP_START
127 0 0602756972 RESP_END
128 1 0604431500 STIM_START
128 1 0605461200 LICK
128 1 0605530144 STIM_END_RESP_START
128 1 0605630400 LICK
128 1 0605630892 REWARD_START
128 1 0605794672 LICK
128 1 0606066944 LICK
128 1 0606233812 LICK
128 1 0606396552 LICK
128 1 0606563352 LICK
128 1 0606730164 RESP_END
128 1 0605681396 REWARD_END
129 1 0608549540 STIM_START
129 1 0609415108 LICK
129 1 0609616832 LICK
129 1 0609648192 STIM_END_RESP_START
129 1 0609954240 LICK
129 1 0609954724 REWARD_START
129 1 0610102024 LICK
129 1 0610259684 LICK
129 1 0610411416 LICK
129 1 0610570676 LICK
129 1 0610848236 RESP_END
129 1 0610005236 REWARD_END
130 1 0612791460 STIM_START
130 1 0613850868 LICK
130 1 0613890092 STIM_END_RESP_START
130 1 0614013728 LICK
130 1 0614014224 REWARD_START
130 1 0614182368 LICK
130 1 0614351588 LICK
130 1 0614481220 LICK
130 1 0614672480 LICK
130 1 0614821984 LICK
130 1 0615090128 RESP_END
130 1 0614064732 REWARD_END
131 0 0616717756 STIM_START
131 0 0617816404 STIM_END_RESP_START
131 0 0619016448 RESP_END
132 0 0620877760 STIM_START
132 0 0621976412 STIM_END_RESP_START
132 0 0623176456 RESP_END
133 0 0625058740 STIM_START
133 0 0626157388 STIM_END_RESP_START
133 0 0627357436 RESP_END
134 1 0629305648 STIM_START
134 1 0630404292 STIM_END_RESP_START
134 1 0630519192 LICK
134 1 0630519680 REWARD_START
134 1 0630692960 LICK
134 1 0630963752 LICK
134 1 0631139464 LICK
134 1 0631296776 LICK
134 1 0631604340 RESP_END
134 1 0630570192 REWARD_END
135 1 0633488640 STIM_START
135 1 0633992200 LICK
135 1 0634206992 LICK
135 1 0634367856 LICK
135 1 0634559976 LICK
135 1 0634587288 STIM_END_RESP_START
135 1 0634729296 LICK
135 1 0634729788 REWARD_START
135 1 0634882872 LICK
135 1 0635133140 LICK
135 1 0635286776 LICK
135 1 0635449628 LICK
135 1 0635787304 RESP_END
135 1 0634780296 REWARD_END
136 1 0637749508 STIM_START
136 1 0638848172 STIM_END_RESP_START
136 1 0638855684 LICK
136 1 0638856172 REWARD_START
136 1 0639014400 LICK
136 1 0639173692 LICK
136 1 0639298348 LICK
136 1 0639455784 LICK
136 1 0640048208 RESP_END
136 1 0638906692 REWARD_END
137 0 0641696788 STIM_START
137 0 0642795432 STIM_END_RESP_START
137 0 0643995476 RESP_END
138 0 0645664032 STIM_START
138 0 0646762680 STIM_END_RESP_START
138 0 0647947872 LICK
138 0 0647948364 TIMEOUT_START
138 0 0647962708 RESP_END
138 0 0654948876 TIMEOUT_END
139 1 0656606872 STIM_START
139 1 0657593160 LICK
139 1 0657705504 STIM_END_RESP_START
139 1 0657773064 LICK
139 1 0657773548 REWARD_START
139 1 0657926084 LICK
139 1 0658091028 LICK
139 1 0658213604 LICK
139 1 0658370236 LICK
139 1 0658905540 RESP_END
139 1 0657824060 REWARD_END
140 0 0660827828 STIM_START
140 0 0661926476 STIM_END_RESP_START
140 0 0663126516 RESP_END
141 0 0664855968 STIM_START
141 0 0665954620 STIM_END_RESP_START
141 0 0667154664 RESP_END
142 1 0669046960 STIM_START
142 1 0670145612 STIM_END_RESP_START
142 1 0670205848 LICK
142 1 0670206340 REWARD_START
142 1 0670355792 LICK
142 1 0670621792 LICK
142 1 0670787488 LICK
142 1 0670950580 LICK
142 1 0671124692 LICK
142 1 0671298236 LICK
142 1 0671345636 RESP_END
142 1 0670256848 REWARD_END
143 0 0673169972 STIM_START
143 0 0674268624 STIM_END_RESP_START
143 0 0675468668 RESP_END
144 0 0677258072 STIM_START
144 0 0678356724 STIM_END_RESP_START
144 0 0679556768 RESP_END
145 0 0682621660 STIM_START
145 0 0683720308 STIM_END_RESP_START
145 0 0684920352 RESP_END
146 1 0686832568 STIM_START
146 1 0687911532 LICK
146 1 0687931220 STIM_END_RESP_START
146 1 0688079936 LICK
146 1 0688080424 REWARD_START
146 1 0688237584 LICK
146 1 0688505044 LICK
146 1 0688669716 LICK
146 1 0689003880 LICK
146 1 0689131248 RESP_END
146 1 0688130928 REWARD_END
147 1 0691196344 STIM_START
147 1 0692139920 LICK
147 1 0692295004 STIM_END_RESP_START
147 1 0692314080 LICK
147 1 0692314568 REWARD_START
147 1 0692469740 LICK
147 1 0692733856 LICK
147 1 0692892116 LICK
147 1 0693495012 RESP_END
147 1 0692365072 REWARD_END
148 0 0695363404 STIM_START
148 0 0696462052 STIM_END_RESP_START
148 0 0697662096 RESP_END
149 1 0699569292 STIM_START
149 1 0700370628 LICK
149 1 0700549008 LICK
149 1 0700667964 STIM_END_RESP_START
149 1 0700700612 LICK
149 1 0700701104 REWARD_START
149 1 0700848584 LICK
149 1 0701108660 LICK
149 1 0701270340 LICK
149 1 0701578716 LICK
149 1 0701760684 LICK
149 1 0701867992 RESP_END
149 1 0700751612 REWARD_END
150 1 0703610444 STIM_START
150 1 0704620644 LICK
150 1 0704709100 STIM_END_RESP_START
150 1 0704781276 LICK
150 1 0704781768 REWARD_START
150 1 0704950632 LICK
150 1 0705115384 LICK
150 1 0705233944 LICK
150 1 0705404956 LICK
150 1 0705597080 LICK
150 1 0705785992 LICK
150 1 0705909124 RESP_END
150 1 0704832272 REWARD_END
151 0 0708042132 STIM_START
151 0 0709140780 STIM_END_RESP_START
151 0 0709333872 LICK
151 0 0709334364 TIMEOUT_START
151 0 0709520640 LICK
151 0 0709521124 TIMEOUT_START
151 0 0709701676 LICK
151 0 0709702164 TIMEOUT_START
151 0 0710340804 RESP_END
151 0 0716702660 TIMEOUT_END
152 0 0718372712 STIM_START
152 0 0719471364 STIM_END_RESP_START
152 0 0720671412 RESP_END
153 1 0722678568 STIM_START
153 1 0723777196 STIM_END_RESP_START
153 1 0724316040 LICK
153 1 0724316532 REWARD_START
153 1 0724485932 LICK
153 1 0724759876 LICK
153 1 0724918896 LICK
153 1 0724977224 RESP_END
153 1 0724367040 REWARD_END
154 1 0726813600 STIM_START
154 1 0727446548 LICK
154 1 0727651452 LICK
154 1 0727816144 LICK
154 1 0727912264 STIM_END_RESP_START
154 1 0727979604 LICK
154 1 0727980096 REWARD_START
154 1 0728129252 LICK
154 1 0728382824 LICK
154 1 0728530972 LICK
154 1 0728690360 LICK
154 1 0729004916 LICK
154 1 0729112288 RESP_END
154 1 0728030604 REWARD_END
155 1 0730892680 STIM_START
155 1 0731421332 LICK
155 1 0731630120 LICK
155 1 0731800636 LICK
155 1 0731969572 LICK
155 1 0731991324 STIM_END_RESP_START
155 1 0732132236 LICK
155 1 0732132728 REWARD_START
155 1 0732287752 LICK
155 1 0732435780 LICK
155 1 0732578600 LICK
155 1 0732733612 LICK
155 1 0732914328 LICK
155 1 0733075208 LICK
155 1 0733191356 RESP_END
155 1 0732183236 REWARD_END
156 0 0735097608 STIM_START
156 0 0736196260 STIM_END_RESP_START
156 0 0737396304 RESP_END
157 0 0739208692 STIM_START
157 0 0740307344 STIM_END_RESP_START
157 0 0741507388 RESP_END
158 1 0743425656 STIM_START
158 1 0744519856 LICK
158 1 0744524324 STIM_END_RESP_START
158 1 0744870056 LICK
158 1 0744870544 REWARD_START
158 1 0745039216 LICK
158 1 0745179348 LICK
158 1 0745342124 LICK
158 1 0745491252 LICK
158 1 0745724352 RESP_END
158 1 0744921048 REWARD_END
159 1 0747398868 STIM_START
159 1 0747887532 LICK
159 1 0748066352 LICK
159 1 0748278928 LICK
159 1 0748459760 LICK
159 1 0748497512 STIM_END_RESP_START
159 1 0748773364 LICK
159 1 0748773856 REWARD_START
159 1 0748913948 LICK
159 1 0749059852 LICK
159 1 0749196876 LICK
159 1 0749353140 LICK
159 1 0749513788 LICK
159 1 0749691392 LICK
159 1 0749697532 RESP_END
159 1 0748824360 REWARD_END
160 0 0751781604 STIM_START
160 0 0752880260 STIM_END_RESP_START
160 0 0754080304 RESP_END
161 1 0755848676 STIM_START
161 1 0756329796 LICK
161 1 0756531624 LICK
161 1 0756688824 LICK
161 1 0756876304 LICK
161 1 0756947324 STIM_END_RESP_START
161 1 0757073780 LICK
161 1 0757074276 REWARD_START
161 1 0757214624 LICK
161 1 0757470872 LICK
161 1 0757629740 LICK
161 1 0757797412 LICK
161 1 0758147340 RESP_END
161 1 0757124780 REWARD_END
162 1 0759931800 STIM_START
162 1 0760580408 LICK
162 1 0760771044 LICK
162 1 0760955300 LICK
162 1 0761030464 STIM_END_RESP_START
162 1 0761148820 LICK
162 1 0761149308 REWARD_START
162 1 0761299228 LICK
162 1 0761451120 LICK
162 1 0761580680 LICK
162 1 0761746680 LICK
162 1 0762230512 RESP_END
162 1 0761199820 REWARD_END
163 0 0763848140 STIM_START
163 0 0764946788 STIM_END_RESP_START
163 0 0766146832 RESP_END
164 0 0767997132 STIM_START
164 0 0769095788 STIM_END_RESP_START
164 0 0770295832 RESP_END
165 1 0772303924 STIM_START
165 1 0773047540 LICK
165 1 0773221188 LICK
165 1 0773382216 LICK
165 1 0773402580 STIM_END_RESP_START
165 1 0773870960 LICK
165 1 0773871448 REWARD_START
165 1 0774021140 LICK
165 1 0774281004 LICK
165 1 0774446588 LICK
165 1 0774602608 RESP_END
165 1 0773921960 REWARD_END
166 1 0777024288 STIM_START
166 1 0778110912 LICK
166 1 0778122948 STIM_END_RESP_START
166 1 0778307788 LICK
166 1 0778308276 REWARD_START
166 1 0778475964 LICK
166 1 0778628644 LICK
166 1 0778757024 LICK
166 1 0778914724 LICK
166 1 0779070400 LICK
166 1 0779233528 LICK
166 1 0779322976 RESP_END
166 1 0778358780 REWARD_END
167 1 0780931600 STIM_START
167 1 0781740216 LICK
167 1 0781947924 LICK
167 1 0782030236 STIM_END_RESP_START
167 1 0782270520 LICK
167 1 0782271008 REWARD_START
167 1 0782423076 LICK
167 1 0782590468 LICK
167 1 0782714412 LICK
167 1 0782877376 LICK
167 1 0783230256 RESP_END
167 1 0782321516 REWARD_END
168 0 0785232448 STIM_START
168 0 0786331100 STIM_END_RESP_START
168 0 0787531108 RESP_END
169 1 0789210684 STIM_START
169 1 0790309332 STIM_END_RESP_START
169 1 0790387860 LICK
169 1 0790388348 REWARD_START
169 1 0790532076 LICK
169 1 0790788872 LICK
169 1 0790942444 LICK
169 1 0791106464 LICK
169 1 0791437592 LICK
169 1 0791509368 RESP_END
169 1 0790438856 REWARD_END
170 1 0793693232 STIM_START
170 1 0794465868 LICK
170 1 0794668776 LICK
170 1 0794791864 STIM_END_RESP_START
170 1 0794855528 LICK
170 1 0794856012 REWARD_START
170 1 0795021704 LICK
170 1 0795287004 LICK
170 1 0795445496 LICK
170 1 0795611528 LICK
170 1 0795763428 LICK
170 1 0795921500 LICK
170 1 0795991884 RESP_END
170 1 0794906520 REWARD_END
171 0 0798097992 STIM_START
171 0 0799196644 STIM_END_RESP_START
171 0 0800396692 RESP_END
172 1 0802348900 STIM_START
172 1 0803272312 LICK
172 1 0803447556 STIM_END_RESP_START
172 1 0803625528 LICK
172 1 0803626020 REWARD_START
172 1 0803779336 LICK
172 1 0803932784 LICK
172 1 0804068224 LICK
172 1 0804235668 LICK
172 1 0804428704 LICK
172 1 0804583936 LICK
172 1 0804647600 RESP_END
172 1 0803676528 REWARD_END
173 0 0806635712 STIM_START
173 0 0807734360 STIM_END_RESP_START
173 0 0808934408 RESP_END
174 0 0810746824 STIM_START
174 0 0811845476 STIM_END_RESP_START
174 0 0813045520 RESP_END
175 0 0814636144 STIM_START
175 0 0815053388 LICK
175 0 0815233020 LICK
175 0 0815393256 LICK
175 0 0815734772 STIM_END_RESP_START
175 0 0816934820 RESP_END
176 1 0819358464 STIM_START
176 1 0820364228 LICK
176 1 0820457116 STIM_END_RESP_START
176 1 0820534852 LICK
176 1 0820535344 REWARD_START
176 1 0820711484 LICK
176 1 0820867396 LICK
176 1 0820987580 LICK
176 1 0821150584 LICK
176 1 0821321256 LICK
176 1 0821488580 LICK
176 1 0821657140 RESP_END
176 1 0820585848 REWARD_END
177 0 0823748192 STIM_START
177 0 0824846840 STIM_END_RESP_START
177 0 0826046884 RESP_END
178 1 0827987124 STIM_START
178 1 0828910880 LICK
178 1 0829085768 STIM_END_RESP_START
178 1 0829091408 LICK
178 1 0829091900 REWARD_START
178 1 0829263700 LICK
178 1 0829530972 LICK
178 1 0829692264 LICK
178 1 0829856104 LICK
178 1 0830007848 LICK
178 1 0830183528 LICK
178 1 0830285784 RESP_END
178 1 0829142408 REWARD_END
179 1 0834120756 STIM_START
179 1 0835042704 LICK
179 1 0835208436 LICK
179 1 0835219392 STIM_END_RESP_START
179 1 0835565228 LICK
179 1 0835565720 REWARD_START
179 1 0835723168 LICK
179 1 0835868768 LICK
179 1 0836002416 LICK
179 1 0836159284 LICK
179 1 0836332784 LICK
179 1 0836419424 RESP_END
179 1 0835616228 REWARD_END
180 0 0838743168 STIM_START
180 0 0839841820 STIM_END_RESP_START
180 0 0841041856 RESP_END
181 1 0842697440 STIM_START
181 1 0843299328 LICK
181 1 0843508512 LICK
181 1 0843671520 LICK
181 1 0843796092 STIM_END_RESP_START
181 1 0843829680 LICK
181 1 0843830164 REWARD_START
181 1 0843984052 LICK
181 1 0844240496 LICK
181 1 0844404072 LICK
181 1 0844559532 LICK
181 1 0844730948 LICK
181 1 0844996108 RESP_END
181 1 0843880676 REWARD_END
182 0 0847006228 STIM_START
182 0 0848104876 STIM_END_RESP_START
182 0 0849304920 RESP_END
183 0 0850995468 STIM_START
183 0 0852094116 STIM_END_RESP_START
183 0 0853294160 RESP_END
184 0 0855190404 STIM_START
184 0 0856289056 STIM_END_RESP_START
184 0 0857489100 RESP_END
185 1 0859364388 STIM_START
185 1 0859919780 LICK
185 1 0860097084 LICK
185 1 0860290112 LICK
185 1 0860452476 LICK
185 1 0860463048 STIM_END_RESP_START
185 1 0860614932 LICK
185 1 0860615416 REWARD_START
185 1 0860774004 LICK
185 1 0860909208 LICK
185 1 0861039676 LICK
185 1 0861205752 LICK
185 1 0861368068 LICK
185 1 0861663080 RESP_END
185 1 0860665928 REWARD_END
186 0 0863294700 STIM_START
186 0 0864393348 STIM_END_RESP_START
186 0 0865593392 RESP_END
187 1 0867520624 STIM_START
187 1 0868619292 STIM_END_RESP_START
187 1 0868637664 LICK
187 1 0868638156 REWARD_START
187 1 0868812628 LICK
187 1 0869068896 LICK
187 1 0869230232 LICK
187 1 0869384896 LICK
187 1 0869819308 RESP_END
187 1 0868688664 REWARD_END
188 1 0871619652 STIM_START
188 1 0872433268 LICK
188 1 0872647260 LICK
188 1 0872718292 STIM_END_RESP_START
188 1 0872813148 LICK
188 1 0872813640 REWARD_START
188 1 0872972116 LICK
188 1 0873236232 LICK
188 1 0873403068 LICK
188 1 0873562964 LICK
188 1 0873918304 RESP_END
188 1 0872864144 REWARD_END
189 0 0875757740 STIM_START
189 0 0876856392 STIM_END_RESP_START
189 0 0878056428 RESP_END
190 1 0879787928 STIM_START
190 1 0880356220 LICK
190 1 0880557264 LICK
190 1 0880736264 LICK
190 1 0880886556 STIM_END_RESP_START
190 1 0880912452 LICK
190 1 0880912936 REWARD_START
190 1 0881061748 LICK
190 1 0881304248 LICK
190 1 0881456752 LICK
190 1 0881619832 LICK
190 1 0882086604 RESP_END
190 1 0880963440 REWARD_END
191 1 0884331440 STIM_START
191 1 0885184060 LICK
191 1 0885368764 LICK
191 1 0885430096 STIM_END_RESP_START
191 1 0885533812 LICK
191 1 0885534300 REWARD_START
191 1 0885697400 LICK
191 1 0885840960 LICK
191 1 0885988292 LICK
191 1 0886128132 LICK
191 1 0886270576 LICK
191 1 0886421068 LICK
191 1 0886582484 LICK
191 1 0886630108 RESP_END
191 1 0885584804 REWARD_END
192 1 0888309636 STIM_START
192 1 0888922188 LICK
192 1 0889145192 LICK
192 1 0889323456 LICK
192 1 0889408296 STIM_END_RESP_START
192 1 0889490724 LICK
192 1 0889491212 REWARD_START
192 1 0889653800 LICK
192 1 0889804176 LICK
192 1 0889955388 LICK
192 1 0890121316 LICK
192 1 0890273388 LICK
192 1 0890608336 RESP_END
192 1 0889541724 REWARD_END
193 0 0892388760 STIM_START
193 0 0893487408 STIM_END_RESP_START
193 0 0894687456 RESP_END
194 1 0896338024 STIM_START
194 1 0896990196 LICK
194 1 0897191200 LICK
194 1 0897352192 LICK
194 1 0897436684 STIM_END_RESP_START
194 1 0897703688 LICK
194 1 0897704180 REWARD_START
194 1 0897865640 LICK
194 1 0898023024 LICK
194 1 0898165700 LICK
194 1 0898306516 LICK
194 1 0898466560 LICK
194 1 0898630520 LICK
194 1 0898636696 RESP_END
194 1 0897754684 REWARD_END
195 1 0900763684 STIM_START
195 1 0901322620 LICK
195 1 0901525256 LICK
195 1 0901741180 LICK
195 1 0901862316 STIM_END_RESP_START
195 1 0901892604 LICK
195 1 0901893088 REWARD_START
195 1 0902076816 LICK
195 1 0902345216 LICK
195 1 0902493660 LICK
195 1 0902650068 LICK
195 1 0902805788 LICK
195 1 0902974028 LICK
195 1 0903062340 RESP_END
195 1 0901943600 REWARD_END
196 0 0904786928 STIM_START
196 0 0905885576 STIM_END_RESP_START
196 0 0907085624 RESP_END
197 0 0909095724 STIM_START
197 0 0910194376 STIM_END_RESP_START
197 0 0911394424 RESP_END
198 0 0913006024 STIM_START
198 0 0914104676 STIM_END_RESP_START
198 0 0915304720 RESP_END
199 1 0917140036 STIM_START
199 1 0917649328 LICK
199 1 0917860956 LICK
199 1 0918054200 LICK
199 1 0918238664 STIM_END_RESP_START
199 1 0918381048 LICK
199 1 0918381536 REWARD_START
199 1 0918543004 LICK
199 1 0918789332 LICK
199 1 0918942508 LICK
199 1 0919099100 LICK
199 1 0919438712 RESP_END
199 1 0918432048 REWARD_END
200 1 0921057336 STIM_START
200 1 0921310060 LICK
200 1 0921693768 LICK
200 1 0921897528 LICK
200 1 0922155964 STIM_END_RESP_START
200 1 0922394260 LICK
200 1 0922394752 REWARD_START
200 1 0922574492 LICK
200 1 0922821872 LICK
200 1 0922975972 LICK
200 1 0923356000 RESP_END
200 1 0922445260 REWARD_END
201 1 0925155388 STIM_START
201 1 0926174352 LICK
201 1 0926254020 STIM_END_RESP_START
201 1 0926354588 LICK
201 1 0926355072 REWARD_START
201 1 0926556784 LICK
201 1 0926806828 LICK
201 1 0926958832 LICK
201 1 0927108796 LICK
201 1 0927260692 LICK
201 1 0927454056 RESP_END
201 1 0926405580 REWARD_END
202 0 0929397336 STIM_START
202 0 0930492576 LICK
202 0 0930496000 STIM_END_RESP_START
202 0 0931696036 RESP_END
203 1 0933385512 STIM_START
203 1 0934238692 LICK
203 1 0934437760 LICK
203 1 0934484176 STIM_END_RESP_START
203 1 0934950800 LICK
203 1 0934951292 REWARD_START
203 1 0935122732 LICK
203 1 0935387076 LICK
203 1 0935565860 LICK
203 1 0935684208 RESP_END
203 1 0935001796 REWARD_END
204 0 0937574496 STIM_START
204 0 0938673140 STIM_END_RESP_START
204 0 0939873184 RESP_END
205 1 0941909360 STIM_START
205 1 0942735724 LICK
205 1 0942909836 LICK
205 1 0943008008 STIM_END_RESP_START
205 1 0943075756 LICK
205 1 0943076244 REWARD_START
205 1 0943245380 LICK
205 1 0943525416 LICK
205 1 0943677004 LICK
205 1 0943844108 LICK
205 1 0944016896 LICK
205 1 0944208020 RESP_END
205 1 0943126760 REWARD_END
206 0 0945883516 STIM_START
206 0 0945946136 LICK
206 0 0946155640 LICK
206 0 0946312680 LICK
206 0 0946613228 LICK
206 0 0946982144 STIM_END_RESP_START
206 0 0948182192 RESP_END
207 0 0950050512 STIM_START
207 0 0951149164 STIM_END_RESP_START
207 0 0952349208 RESP_END
208 0 0954039692 STIM_START
208 0 0955138344 STIM_END_RESP_START
208 0 0956338388 RESP_END
209 1 0958268640 STIM_START
209 1 0959367292 STIM_END_RESP_START
209 1 0959412480 LICK
209 1 0959412968 REWARD_START
209 1 0959604716 LICK
209 1 0959754452 LICK
209 1 0959880288 LICK
209 1 0960043560 LICK
209 1 0960210388 LICK
209 1 0960406012 LICK
209 1 0960566936 LICK
209 1 0960567444 RESP_END
209 1 0959463480 REWARD_END
210 0 0962256848 STIM_START
210 0 0963355504 STIM_END_RESP_START
210 0 0964555552 RESP_END
211 0 0966222072 STIM_START
211 0 0967320724 STIM_END_RESP_START
211 0 0968520768 RESP_END
212 1 0970572888 STIM_START
212 1 0971671532 STIM_END_RESP_START
212 1 0971692364 LICK
212 1 0971692852 REWARD_START
212 1 0971868672 LICK
212 1 0972022240 LICK
212 1 0972142528 LICK
212 1 0972307892 LICK
212 1 0972457024 LICK
212 1 0972871564 RESP_END
212 1 0971743364 REWARD_END
213 1 0974933632 STIM_START
213 1 0975995468 LICK
213 1 0976032288 STIM_END_RESP_START
213 1 0976164644 LICK
213 1 0976165136 REWARD_START
213 1 0976341996 LICK
213 1 0976498176 LICK
213 1 0976631560 LICK
213 1 0976984804 LICK
213 1 0977232320 RESP_END
213 1 0976215640 REWARD_END
214 0 0979301388 STIM_START
214 0 0980400032 STIM_END_RESP_START
214 0 0981600080 RESP_END
215 1 0983422432 STIM_START
215 1 0984521084 STIM_END_RESP_START
215 1 0984895564 LICK
215 1 0984896052 REWARD_START
215 1 0985261756 LICK
215 1 0985456812 LICK
215 1 0985721132 RESP_END
215 1 0984946556 REWARD_END
216 0 0987958988 STIM_START
216 0 0989057640 STIM_END_RESP_START
216 0 0990257684 RESP_END
217 0 0992211872 STIM_START
217 0 0993310524 STIM_END_RESP_START
217 0 0994510572 RESP_END
218 1 0996259004 STIM_START
218 1 0997357652 STIM_END_RESP_START
218 1 0997505548 LICK
218 1 0997506036 REWARD_START
218 1 0997895188 LICK
218 1 0998051748 LICK
218 1 0998401348 LICK
218 1 0998557704 RESP_END
218 1 0997556548 REWARD_END
219 1 1000499928 STIM_START
219 1 1001598592 STIM_END_RESP_START
219 1 1001921596 LICK
219 1 1001922128 REWARD_START
219 1 1002084724 LICK
219 1 1002469588 LICK
219 1 1002661336 LICK
219 1 1002798612 RESP_END
219 1 1001972696 REWARD_END
220 0 1005224232 STIM_START
220 0 1006322864 STIM_END_RESP_START
220 0 1007522888 RESP_END
221 1 1009591016 STIM_START
221 1 1010689648 STIM_END_RESP_START
221 1 1011004348 LICK
221 1 1011004888 REWARD_START
221 1 1011183828 LICK
221 1 1011378876 LICK
221 1 1011768796 LICK
221 1 1011889684 RESP_END
221 1 1011055436 REWARD_END
222 0 1013472312 STIM_START
222 0 1014570976 STIM_END_RESP_START
222 0 1015771000 RESP_END
223 0 1017398628 STIM_START
223 0 1018497292 STIM_END_RESP_START
223 0 1019697316 RESP_END
224 0 1021345904 STIM_START
224 0 1022444572 STIM_END_RESP_START
224 0 1023644588 RESP_END
225 1 1025452956 STIM_START
225 1 1026551584 STIM_END_RESP_START
225 1 1026808032 LICK
225 1 1026808560 REWARD_START
225 1 1027010048 LICK
225 1 1027186708 LICK
225 1 1027350812 LICK
225 1 1027556940 LICK
225 1 1027751632 RESP_END
225 1 1026859120 REWARD_END
226 1 1029567040 STIM_START
226 1 1030665704 STIM_END_RESP_START
226 1 1031865728 RESP_END
227 0 1033695020 STIM_START
227 0 1034793648 STIM_END_RESP_START
227 0 1035993672 RESP_END
228 0 1037870048 STIM_START
228 0 1038968680 STIM_END_RESP_START
228 0 1040168700 RESP_END
229 1 1041838252 STIM_START
229 1 1042375040 LICK
229 1 1042577608 LICK
229 1 1042773400 LICK
229 1 1042936900 STIM_END_RESP_START
229 1 1042992352 LICK
229 1 1042992888 REWARD_START
229 1 1043140408 LICK
229 1 1043370912 LICK
229 1 1043707924 LICK
229 1 1043917012 LICK
229 1 1044136920 RESP_END
229 1 1043043444 REWARD_END
230 1 1045858448 STIM_START
230 1 1046957112 STIM_END_RESP_START
230 1 1048157132 RESP_END
231 0 1050234192 STIM_START
231 0 1051332856 STIM_END_RESP_START
231 0 1052532880 RESP_END
232 0 1054240384 STIM_START
232 0 1055339048 STIM_END_RESP_START
232 0 1056539072 RESP_END
233 0 1058375420 STIM_START
233 0 1059474048 STIM_END_RESP_START
233 0 1060674068 RESP_END
234 1 1062722204 STIM_START
234 1 1063470456 LICK
234 1 1063675892 LICK
234 1 1063820832 STIM_END_RESP_START
234 1 1063980196 LICK
234 1 1063980728 REWARD_START
234 1 1064356240 LICK
234 1 1065020868 RESP_END
234 1 1064031288 REWARD_END
235 1 1066611524 STIM_START
235 1 1067710188 STIM_END_RESP_START
235 1 1068382116 LICK
235 1 1068382656 REWARD_START
235 1 1068559340 LICK
235 1 1068748248 LICK
235 1 1068910212 RESP_END
235 1 1068433208 REWARD_END
236 0 1071010244 STIM_START
236 0 1072108872 STIM_END_RESP_START
236 0 1073308896 RESP_END
237 0 1074987460 STIM_START
237 0 1076086124 STIM_END_RESP_START
237 0 1077286148 RESP_END
238 1 1079356204 STIM_START
238 1 1080454832 STIM_END_RESP_START
238 1 1080821752 LICK
238 1 1080822288 REWARD_START
238 1 1081042432 LICK
238 1 1081224812 LICK
238 1 1081415320 LICK
238 1 1081654880 RESP_END
238 1 1080872856 REWARD_END
239 0 1083340432 STIM_START
239 0 1084439100 STIM_END_RESP_START
239 0 1085639124 RESP_END
240 1 1087687240 STIM_START
240 1 1088785868 STIM_END_RESP_START
240 1 1089985892 RESP_END
241 1 1091996036 STIM_START
241 1 1093094664 STIM_END_RESP_START
241 1 1094294688 RESP_END
242 0 1096171996 STIM_START
242 0 1097270624 STIM_END_RESP_START
242 0 1098470648 RESP_END
243 1 1100183228 STIM_START
243 1 1101281856 STIM_END_RESP_START
243 1 1102145052 LICK
243 1 1102145592 REWARD_START
243 1 1102481900 RESP_END
243 1 1102196140 REWARD_END
244 1 1104561928 STIM_START
244 1 1105660592 STIM_END_RESP_START
244 1 1106860620 RESP_END
245 0 1108497196 STIM_START
245 0 1109595860 STIM_END_RESP_START
245 0 1110795888 RESP_END
246 1 1112732132 STIM_START
246 1 1113830764 STIM_END_RESP_START
246 1 1115030788 RESP_END
247 1 1116639440 STIM_START
247 1 1117738068 STIM_END_RESP_START
247 1 1118938084 RESP_END
248 1 1121012188 STIM_START
248 1 1122110816 STIM_END_RESP_START
248 1 1123310840 RESP_END
249 0 1124959468 STIM_START
249 0 1126058136 STIM_END_RESP_START
249 0 1127258164 RESP_END
250 1 1129264272 STIM_START
250 1 1130324996 LICK
250 1 1130362932 STIM_END_RESP_START
250 1 1130519288 LICK
250 1 1130519828 REWARD_START
250 1 1131562968 RESP_END
250 1 1130570376 REWARD_END
251 1 1133399260 STIM_START
251 1 1134497892 STIM_END_RESP_START
251 1 1135697908 RESP_END
252 0 1137387496 STIM_START
252 0 1138486164 STIM_END_RESP_START
252 0 1139686188 RESP_END
253 0 1141694308 STIM_START
253 0 1142792936 STIM_END_RESP_START
253 0 1143992960 RESP_END
254 1 1145702500 STIM_START
254 1 1146762888 LICK
254 1 1146801132 STIM_END_RESP_START
254 1 1146995388 LICK
254 1 1146995924 REWARD_START
254 1 1147169392 LICK
254 1 1148001164 RESP_END
254 1 1147046476 REWARD_END
255 0 1149767668 STIM_START
255 0 1150866336 STIM_END_RESP_START
255 0 1152066360 RESP_END
256 1 1154117424 STIM_START
256 1 1155216052 STIM_END_RESP_START
256 1 1156416072 RESP_END
257 0 1158071664 STIM_START
257 0 1159170332 STIM_END_RESP_START
257 0 1160370356 RESP_END
258 0 1162280560 STIM_START
258 0 1163379228 STIM_END_RESP_START
258 0 1164579248 RESP_END
259 0 1166515520 STIM_START
259 0 1167614148 STIM_END_RESP_START
259 0 1168814172 RESP_END
260 1 1170825372 STIM_START
260 1 1171924004 STIM_END_RESP_START
260 1 1173124020 RESP_END
261 0 1174800584 STIM_START
261 0 1175899212 STIM_END_RESP_START
261 0 1177099228 RESP_END
262 0 1178775796 STIM_START
262 0 1179874428 STIM_END_RESP_START
262 0 1181074452 RESP_END
263 0 1183145560 STIM_START
263 0 1184244224 STIM_END_RESP_START
263 0 1185444248 RESP_END
USER_EXIT