001 0 0015205484 STIM_START
001 0 0015687964 LICK
001 0 0015863592 LICK
001 0 0016028648 LICK
001 0 0016227172 LICK
001 0 0016304164 STIM_END_RESP_START
001 0 0016383604 LICK
001 0 0016384048 TIMEOUT_START
001 0 0016572028 LICK
001 0 0016572468 TIMEOUT_START
001 0 0016752756 LICK
001 0 0016753192 TIMEOUT_START
001 0 0017504212 RESP_END
001 0 0023753640 TIMEOUT_END
002 1 0026596168 STIM_START
002 1 0027694836 STIM_END_RESP_START
002 1 0028894860 RESP_END
003 1 0031737112 STIM_START
003 1 0032835784 STIM_END_RESP_START
003 1 0034035804 RESP_END
004 1 0036015084 STIM_START
004 1 0037113752 STIM_END_RESP_START
004 1 0038313780 RESP_END
005 0 0040219164 STIM_START
005 0 0041317836 STIM_END_RESP_START
005 0 0042517860 RESP_END
006 0 0044414236 STIM_START
006 0 0045512908 STIM_END_RESP_START
006 0 0046712932 RESP_END
007 1 0048521440 STIM_START
007 1 0049620112 STIM_END_RESP_START
007 1 0050820136 RESP_END
008 1 0053285816 STIM_START
008 1 0054384484 STIM_END_RESP_START
008 1 0055584512 RESP_END
009 1 0059568476 STIM_START
009 1 0060043464 LICK
009 1 0060229644 LICK
009 1 0060428840 LICK
009 1 0060667152 STIM_END_RESP_START
009 1 0060793972 LICK
009 1 0060794412 REWARD_START
009 1 0061000420 LICK
009 1 0061360764 LICK
009 1 0061481692 LICK
009 1 0061621312 LICK
009 1 0061766072 LICK
009 1 0061867164 RESP_END
009 1 0060864868 REWARD_END
010 0 0070182020 STIM_START
