001 0 0002965940 STIM_START
001 0 0004064556 STIM_END_RESP_START
001 0 0005264600 RESP_END
002 0 0007138856 STIM_START
002 0 0008237472 STIM_END_RESP_START
002 0 0009437516 RESP_END
003 1 0011553416 STIM_START
003 1 0012573552 LICK
003 1 0012652048 STIM_END_RESP_START
003 1 0012780708 LICK
003 1 0012781144 REWARD_START
003 1 0012934048 LICK
003 1 0013138920 LICK
003 1 0013282588 LICK
003 1 0013839948 LICK
003 1 0013852080 RESP_END
003 1 0012811592 REWARD_END
004 0 0016490364 STIM_START
004 0 0016645220 LICK
004 0 0017588980 STIM_END_RESP_START
004 0 0018789004 RESP_END
005 1 0020612320 STIM_START
005 1 0021426384 LICK
005 1 0021655380 LICK
005 1 0021710928 STIM_END_RESP_START
005 1 0021837328 LICK
005 1 0021837764 REWARD_START
005 1 0022059560 LICK
005 1 0022207956 LICK
005 1 0022365424 LICK
005 1 0022534428 LICK
005 1 0022910972 RESP_END
005 1 0021868228 REWARD_END
006 0 0025432420 STIM_START
006 0 0026531024 STIM_END_RESP_START
006 0 0026564892 LICK
006 0 0026565328 TIMEOUT_START
006 0 0026742604 LICK
006 0 0026743044 TIMEOUT_START
006 0 0026948012 LICK
006 0 0026948448 TIMEOUT_START
006 0 0027731068 RESP_END
006 0 0033948912 TIMEOUT_END
007 1 0035838716 STIM_START
007 1 0036937352 STIM_END_RESP_START
007 1 0038137376 RESP_END
008 1 0039726952 STIM_START
008 1 0040825584 STIM_END_RESP_START
008 1 0040993588 LICK
008 1 0040994028 REWARD_START
008 1 0041191140 LICK
008 1 0041339848 LICK
008 1 0041505728 LICK
008 1 0042025604 RESP_END
008 1 0041024488 REWARD_END
009 0 0043666152 STIM_START
009 0 0044709040 LICK
009 0 0044764784 STIM_END_RESP_START
009 0 0045964812 RESP_END
010 0 0047571312 STIM_START
010 0 0048669944 STIM_END_RESP_START
010 0 0049869968 RESP_END
011 0 0051918040 STIM_START
011 0 0052778512 LICK
011 0 0052961140 LICK
011 0 0053016656 STIM_END_RESP_START
011 0 0053138852 LICK
011 0 0053139288 TIMEOUT_START
011 0 0054216688 RESP_END
011 0 0060139740 TIMEOUT_END
012 1 0062230444 STIM_START
012 1 0063299888 LICK
012 1 0063329044 STIM_END_RESP_START
012 1 0063476892 LICK
012 1 0063477328 REWARD_START
012 1 0063643060 LICK
012 1 0063801516 LICK
012 1 0063947264 LICK
012 1 0064529068 RESP_END
012 1 0063507780 REWARD_END
013 1 0066296396 STIM_START
013 1 0067111612 LICK
013 1 0067296468 LICK
013 1 0067395020 STIM_END_RESP_START
013 1 0067465940 LICK
013 1 0067466384 REWARD_START
013 1 0067641096 LICK
013 1 0067809720 LICK
013 1 0067955464 LICK
013 1 0068142744 LICK
013 1 0068595068 RESP_END
013 1 0067496844 REWARD_END
014 1 0070663112 STIM_START
014 1 0071518484 LICK
014 1 0071698908 LICK
014 1 0071761744 STIM_END_RESP_START
014 1 0071877300 LICK
014 1 0071877744 REWARD_START
014 1 0072057956 LICK
014 1 0072204876 LICK
014 1 0072354184 LICK
014 1 0072961780 RESP_END
014 1 0071908208 REWARD_END
015 0 0075130612 STIM_START
015 0 0076229248 STIM_END_RESP_START
015 0 0077429272 RESP_END
016 1 0079445304 STIM_START
016 1 0080543940 STIM_END_RESP_START
016 1 0080575596 LICK
016 1 0080576036 REWARD_START
016 1 0080736912 LICK
016 1 0080893748 LICK
016 1 0081027012 LICK
016 1 0081209088 LICK
016 1 0081372704 LICK
016 1 0081743952 RESP_END
016 1 0080606484 REWARD_END
017 0 0083729080 STIM_START
017 0 0084827712 STIM_END_RESP_START
017 0 0086027736 RESP_END
018 1 0087836104 STIM_START
018 1 0088934736 STIM_END_RESP_START
018 1 0089238856 LICK
018 1 0089239296 REWARD_START
018 1 0089393740 LICK
018 1 0089554396 LICK
018 1 0089696432 LICK
018 1 0089862920 LICK
018 1 0090134760 RESP_END
018 1 0089269764 REWARD_END
019 1 0092205732 STIM_START
019 1 0093159216 LICK
019 1 0093304340 STIM_END_RESP_START
019 1 0093338472 LICK
019 1 0093338916 REWARD_START
019 1 0093505328 LICK
019 1 0093659496 LICK
019 1 0093797920 LICK
019 1 0094504388 RESP_END
019 1 0093369384 REWARD_END
020 0 0096410576 STIM_START
020 0 0097509208 STIM_END_RESP_START
020 0 0098709236 RESP_END
021 1 0100324748 STIM_START
021 1 0101167844 LICK
021 1 0101333292 LICK
021 1 0101423360 STIM_END_RESP_START
021 1 0101498996 LICK
021 1 0101499480 REWARD_START
021 1 0101655152 LICK
021 1 0101810080 LICK
021 1 0101945972 LICK
021 1 0102623388 RESP_END
021 1 0101529992 REWARD_END
022 0 0104632552 STIM_START
022 0 0105731164 STIM_END_RESP_START
022 0 0106931208 RESP_END
023 1 0108586636 STIM_START
023 1 0109520128 LICK
023 1 0109685248 STIM_END_RESP_START
023 1 0109685732 LICK
023 1 0109686220 REWARD_START
023 1 0109845860 LICK
023 1 0110000488 LICK
023 1 0110136680 LICK
023 1 0110297260 LICK
023 1 0110490716 LICK
023 1 0110885276 RESP_END
023 1 0109716728 REWARD_END
024 1 0112908412 STIM_START
024 1 0113951196 LICK
024 1 0114007048 STIM_END_RESP_START
024 1 0114297512 LICK
024 1 0114298004 REWARD_START
024 1 0114446960 LICK
024 1 0114611560 LICK
024 1 0114762132 LICK
024 1 0115207092 RESP_END
024 1 0114328512 REWARD_END
025 1 0117082236 STIM_START
025 1 0117915056 LICK
025 1 0118085136 LICK
025 1 0118180880 STIM_END_RESP_START
025 1 0118256848 LICK
025 1 0118257332 REWARD_START
025 1 0118402900 LICK
025 1 0118552024 LICK
025 1 0118696380 LICK
025 1 0119076012 LICK
025 1 0119213720 LICK
025 1 0119380916 RESP_END
025 1 0118287844 REWARD_END
026 0 0121251184 STIM_START
026 0 0122349796 STIM_END_RESP_START
026 0 0123549840 RESP_END
027 1 0125305216 STIM_START
027 1 0126403828 STIM_END_RESP_START
027 1 0126536856 LICK
027 1 0126537340 REWARD_START
027 1 0126694116 LICK
027 1 0126850260 LICK
027 1 0126995020 LICK
027 1 0127156284 LICK
027 1 0127603860 RESP_END
027 1 0126567856 REWARD_END
028 1 0129588976 STIM_START
028 1 0130654812 LICK
028 1 0130687616 STIM_END_RESP_START
028 1 0130834728 LICK
028 1 0130835212 REWARD_START
028 1 0130982072 LICK
028 1 0131286340 LICK
028 1 0131887636 RESP_END
028 1 0130865724 REWARD_END
029 1 0133522180 STIM_START
029 1 0134390948 LICK
029 1 0134553024 LICK
029 1 0134620792 STIM_END_RESP_START
029 1 0134731636 LICK
029 1 0134732124 REWARD_START
029 1 0134877952 LICK
029 1 0135162520 LICK
029 1 0135332960 LICK
029 1 0135509196 LICK
029 1 0135820820 RESP_END
029 1 0134762620 REWARD_END
030 0 0137642144 STIM_START
030 0 0138740756 STIM_END_RESP_START
030 0 0139940792 RESP_END
031 1 0141952856 STIM_START
031 1 0142880924 LICK
031 1 0143051492 STIM_END_RESP_START
031 1 0143194700 LICK
031 1 0143195192 REWARD_START
031 1 0143367264 LICK
031 1 0143523976 LICK
031 1 0143666392 LICK
031 1 0143836296 LICK
031 1 0144251520 RESP_END
031 1 0143225704 REWARD_END
032 1 0145869008 STIM_START
032 1 0146870384 LICK
032 1 0146967628 STIM_END_RESP_START
032 1 0147047876 LICK
032 1 0147048360 REWARD_START
032 1 0147193300 LICK
032 1 0147333972 LICK
032 1 0147509384 LICK
032 1 0147665824 LICK
032 1 0148167676 RESP_END
032 1 0147078868 REWARD_END
033 0 0150016972 STIM_START
033 0 0151115584 STIM_END_RESP_START
033 0 0152315628 RESP_END
034 0 0154244800 STIM_START
034 0 0155343408 STIM_END_RESP_START
034 0 0156543452 RESP_END
035 1 0158276900 STIM_START
035 1 0159192536 LICK
035 1 0159363184 LICK
035 1 0159375524 STIM_END_RESP_START
035 1 0159543184 LICK
035 1 0159543676 REWARD_START
035 1 0159705792 LICK
035 1 0159859088 LICK
035 1 0160034644 LICK
035 1 0160210960 LICK
035 1 0160575568 RESP_END
035 1 0159574172 REWARD_END
036 0 0162222064 STIM_START
036 0 0163320676 STIM_END_RESP_START
036 0 0164520720 RESP_END
037 1 0166447820 STIM_START
037 1 0167409720 LICK
037 1 0167546448 STIM_END_RESP_START
037 1 0167576468 LICK
037 1 0167576960 REWARD_START
037 1 0167738512 LICK
037 1 0167894300 LICK
037 1 0168042744 LICK
037 1 0168208368 LICK
037 1 0168746476 RESP_END
037 1 0167607456 REWARD_END
038 0 0170567796 STIM_START
038 0 0171666400 STIM_END_RESP_START
038 0 0172866440 RESP_END
039 1 0174904524 STIM_START
039 1 0175660260 LICK
039 1 0175847060 LICK
039 1 0176003124 STIM_END_RESP_START
039 1 0176018316 LICK
039 1 0176018804 REWARD_START
039 1 0176172580 LICK
039 1 0176323824 LICK
039 1 0176460208 LICK
039 1 0177203160 RESP_END
039 1 0176049300 REWARD_END
040 1 0179210268 STIM_START
040 1 0180308908 STIM_END_RESP_START
040 1 0180419340 LICK
040 1 0180419828 REWARD_START
040 1 0180574496 LICK
040 1 0180737276 LICK
040 1 0180873540 LICK
040 1 0181043900 LICK
040 1 0181508928 RESP_END
040 1 0180450344 REWARD_END
041 1 0183480020 STIM_START
041 1 0184529272 LICK
041 1 0184578628 STIM_END_RESP_START
041 1 0184703100 LICK
041 1 0184703588 REWARD_START
041 1 0184866304 LICK
041 1 0185172032 LICK
041 1 0185354564 LICK
041 1 0185778668 RESP_END
041 1 0184734100 REWARD_END
042 0 0187387204 STIM_START
042 0 0188485812 STIM_END_RESP_START
042 0 0189685856 RESP_END
043 1 0191360424 STIM_START
043 1 0192263780 LICK
043 1 0192459036 STIM_END_RESP_START
043 1 0192601900 LICK
043 1 0192602392 REWARD_START
043 1 0192755464 LICK
043 1 0192911984 LICK
043 1 0193052808 LICK
043 1 0193659068 RESP_END
043 1 0192632888 REWARD_END
044 1 0195670108 STIM_START
044 1 0196620688 LICK
044 1 0196768720 STIM_END_RESP_START
044 1 0196793864 LICK
044 1 0196794352 REWARD_START
044 1 0196964492 LICK
044 1 0197132656 LICK
044 1 0197266220 LICK
044 1 0197968744 RESP_END
044 1 0196824864 REWARD_END
045 1 0199718148 STIM_START
045 1 0200816788 STIM_END_RESP_START
045 1 0200820520 LICK
045 1 0200821016 REWARD_START
045 1 0200991420 LICK
045 1 0201284780 LICK
045 1 0201463332 LICK
045 1 0201653988 LICK
045 1 0202016808 RESP_END
045 1 0200851516 REWARD_END
046 0 0203646368 STIM_START
046 0 0204744980 STIM_END_RESP_START
046 0 0205945024 RESP_END
047 1 0207754316 STIM_START
047 1 0208851820 LICK
047 1 0208852924 STIM_END_RESP_START
047 1 0209030920 LICK
047 1 0209031412 REWARD_START
047 1 0209190816 LICK
047 1 0209329584 LICK
047 1 0209470712 LICK
047 1 0209643264 LICK
047 1 0209804944 LICK
047 1 0210052968 RESP_END
047 1 0209061924 REWARD_END
048 1 0211716420 STIM_START
048 1 0212815028 STIM_END_RESP_START
048 1 0212877860 LICK
048 1 0212878348 REWARD_START
048 1 0213042800 LICK
048 1 0213204596 LICK
048 1 0213347196 LICK
048 1 0213524840 LICK
048 1 0214015056 RESP_END
048 1 0212908856 REWARD_END
049 1 0215938376 STIM_START
049 1 0216984588 LICK
049 1 0217037012 STIM_END_RESP_START
049 1 0217163320 LICK
049 1 0217163812 REWARD_START
049 1 0217319636 LICK
049 1 0217467924 LICK
049 1 0217618600 LICK
049 1 0217796820 LICK
049 1 0218237044 RESP_END
049 1 0217194320 REWARD_END
050 0 0220213084 STIM_START
050 0 0221311692 STIM_END_RESP_START
050 0 0222511740 RESP_END
051 1 0224586700 STIM_START
051 1 0225685316 STIM_END_RESP_START
051 1 0225702732 LICK
051 1 0225703220 REWARD_START
051 1 0225875800 LICK
051 1 0226041456 LICK
051 1 0226177876 LICK
051 1 0226342292 LICK
051 1 0226885328 RESP_END
051 1 0225733716 REWARD_END
052 1 0228830532 STIM_START
052 1 0229806552 LICK
052 1 0229929136 STIM_END_RESP_START
052 1 0230162388 LICK
052 1 0230162880 REWARD_START
052 1 0230336376 LICK
052 1 0230481220 LICK
052 1 0230620024 LICK
052 1 0231129168 RESP_END
052 1 0230193376 REWARD_END
053 1 0233176180 STIM_START
053 1 0234090080 LICK
053 1 0234264400 LICK
053 1 0234274828 STIM_END_RESP_START
053 1 0234428568 LICK
053 1 0234429056 REWARD_START
053 1 0234584576 LICK
053 1 0234742844 LICK
053 1 0234882440 LICK
053 1 0235474828 RESP_END
053 1 0234459568 REWARD_END
054 0 0237259164 STIM_START
054 0 0238357776 STIM_END_RESP_START
054 0 0239557820 RESP_END
055 0 0241423112 STIM_START
055 0 0242521728 STIM_END_RESP_START
055 0 0243721768 RESP_END
056 0 0245776736 STIM_START
056 0 0246875344 STIM_END_RESP_START
056 0 0248075388 RESP_END
057 1 0249764856 STIM_START
057 1 0250687112 LICK
057 1 0250863492 STIM_END_RESP_START
057 1 0250871492 LICK
057 1 0250871992 REWARD_START
057 1 0251034220 LICK
057 1 0251179820 LICK
057 1 0251326788 LICK
057 1 0251527188 LICK
057 1 0252063516 RESP_END
057 1 0250902500 REWARD_END
058 0 0254098624 STIM_START
058 0 0255197236 STIM_END_RESP_START
058 0 0256397276 RESP_END
059 1 0257990856 STIM_START
059 1 0259089464 STIM_END_RESP_START
059 1 0259109172 LICK
059 1 0259109660 REWARD_START
059 1 0259283684 LICK
059 1 0259454312 LICK
059 1 0259596688 LICK
059 1 0259758592 LICK
059 1 0260289496 RESP_END
059 1 0259140172 REWARD_END
060 0 0262059812 STIM_START
060 0 0263158428 STIM_END_RESP_START
060 0 0264358472 RESP_END
061 0 0265947108 STIM_START
061 0 0267045720 STIM_END_RESP_START
061 0 0268245764 RESP_END
062 0 0269832364 STIM_START
062 0 0270930976 STIM_END_RESP_START
062 0 0272131016 RESP_END
063 1 0273846400 STIM_START
063 1 0274945004 STIM_END_RESP_START
063 1 0275049956 LICK
063 1 0275050440 REWARD_START
063 1 0275209088 LICK
063 1 0275367460 LICK
063 1 0275514616 LICK
063 1 0276145032 RESP_END
063 1 0275080952 REWARD_END
064 0 0280848892 STIM_START
064 0 0281947504 STIM_END_RESP_START
064 0 0283147548 RESP_END
065 1 0287892240 STIM_START
065 1 0288990848 STIM_END_RESP_START
065 1 0289054772 LICK
065 1 0289055256 REWARD_START
065 1 0289276988 LICK
065 1 0289443248 LICK
065 1 0289614372 LICK
065 1 0289773820 LICK
065 1 0290190860 RESP_END
065 1 0289085752 REWARD_END
066 1 0293344556 STIM_START
066 1 0293978420 LICK
066 1 0294230528 LICK
066 1 0294428788 LICK
066 1 0294443156 STIM_END_RESP_START
066 1 0294992364 LICK
066 1 0294992848 REWARD_START
066 1 0295162664 LICK
066 1 0295326020 LICK
066 1 0295478824 LICK
066 1 0295643176 RESP_END
066 1 0295023360 REWARD_END
067 0 0298427308 STIM_START
067 0 0299525916 STIM_END_RESP_START
067 0 0300725960 RESP_END
068 0 0302693088 STIM_START
068 0 0303791700 STIM_END_RESP_START
068 0 0304991748 RESP_END
069 0 0306584312 STIM_START
069 0 0307682924 STIM_END_RESP_START
069 0 0308882968 RESP_END
070 1 0310576468 STIM_START
070 1 0311675080 STIM_END_RESP_START
070 1 0311899524 LICK
070 1 0311900008 REWARD_START
070 1 0312062916 LICK
070 1 0312226796 LICK
070 1 0312391964 LICK
070 1 0312576776 LICK
070 1 0312875120 RESP_END
070 1 0311930524 REWARD_END
071 0 0314665416 STIM_START
071 0 0315764024 STIM_END_RESP_START
071 0 0316964072 RESP_END
072 0 0318958228 STIM_START
072 0 0320056840 STIM_END_RESP_START
072 0 0321256884 RESP_END
073 1 0323125108 STIM_START
073 1 0324223720 STIM_END_RESP_START
073 1 0324690592 LICK
073 1 0324691084 REWARD_START
073 1 0324857728 LICK
073 1 0325012460 LICK
073 1 0325178920 LICK
073 1 0325356032 LICK
073 1 0325423760 RESP_END
073 1 0324721592 REWARD_END
074 0 0327295004 STIM_START
074 0 0328393612 STIM_END_RESP_START
074 0 0329593652 RESP_END
075 0 0331286080 STIM_START
075 0 0332384688 STIM_END_RESP_START
075 0 0333584732 RESP_END
076 1 0335451040 STIM_START
076 1 0336549656 STIM_END_RESP_START
076 1 0336938332 LICK
076 1 0336938816 REWARD_START
076 1 0337110568 LICK
076 1 0337280128 LICK
076 1 0337426788 LICK
076 1 0337749676 RESP_END
076 1 0336969328 REWARD_END
077 1 0339487124 STIM_START
077 1 0340585736 STIM_END_RESP_START
077 1 0340767040 LICK
077 1 0340767524 REWARD_START
077 1 0340921172 LICK
077 1 0341074888 LICK
077 1 0341251320 LICK
077 1 0341413716 LICK
077 1 0341785748 RESP_END
077 1 0340798040 REWARD_END
078 1 0343720864 STIM_START
078 1 0344819476 STIM_END_RESP_START
078 1 0344821376 LICK
078 1 0344821876 REWARD_START
078 1 0344980760 LICK
078 1 0345133380 LICK
078 1 0345305744 LICK
078 1 0345459924 LICK
078 1 0346019500 RESP_END
078 1 0344852384 REWARD_END
079 0 0347771012 STIM_START
079 0 0348869616 STIM_END_RESP_START
079 0 0350069660 RESP_END
080 1 0351778000 STIM_START
080 1 0352876612 STIM_END_RESP_START
080 1 0353444648 LICK
080 1 0353445136 REWARD_START
080 1 0353602652 LICK
080 1 0353752796 LICK
080 1 0353895748 LICK
080 1 0354076632 RESP_END
080 1 0353475632 REWARD_END
081 0 0356083884 STIM_START
081 0 0357182496 STIM_END_RESP_START
081 0 0358382536 RESP_END
082 1 0360215696 STIM_START
082 1 0361314300 STIM_END_RESP_START
082 1 0361642208 LICK
082 1 0361642692 REWARD_START
082 1 0361798440 LICK
082 1 0361953188 LICK
082 1 0362104624 LICK
082 1 0362262812 LICK
082 1 0362514316 RESP_END
082 1 0361673204 REWARD_END
083 0 0364296692 STIM_START
083 0 0364593756 LICK
083 0 0365395296 STIM_END_RESP_START
083 0 0366595340 RESP_END
084 1 0368461636 STIM_START
084 1 0369560248 STIM_END_RESP_START
084 1 0369649396 LICK
084 1 0369649888 REWARD_START
084 1 0369822012 LICK
084 1 0370117348 LICK
084 1 0370291884 LICK
084 1 0370760288 RESP_END
084 1 0369680400 REWARD_END
085 0 0372501716 STIM_START
085 0 0373600332 STIM_END_RESP_START
085 0 0374800368 RESP_END
086 1 0376457892 STIM_START
086 1 0376575732 LICK
086 1 0376767724 LICK
086 1 0377556536 STIM_END_RESP_START
086 1 0377933388 LICK
086 1 0377933880 REWARD_START
086 1 0378104396 LICK
086 1 0378269832 LICK
086 1 0378410912 LICK
086 1 0378756552 RESP_END
086 1 0377964384 REWARD_END
087 0 0380503864 STIM_START
087 0 0381602476 STIM_END_RESP_START
087 0 0382802520 RESP_END
088 1 0384771684 STIM_START
088 1 0385787924 LICK
088 1 0385870292 STIM_END_RESP_START
088 1 0385969464 LICK
088 1 0385969952 REWARD_START
088 1 0386129708 LICK
088 1 0386279672 LICK
088 1 0386406684 LICK
088 1 0386575420 LICK
088 1 0386745164 LICK
088 1 0387070332 RESP_END
088 1 0386000464 REWARD_END
089 1 0388880632 STIM_START
089 1 0389642796 LICK
089 1 0389807128 LICK
089 1 0389979244 STIM_END_RESP_START
089 1 0389982716 LICK
089 1 0389983204 REWARD_START
089 1 0390126232 LICK
089 1 0390290032 LICK
089 1 0390422732 LICK
089 1 0390595832 LICK
089 1 0391179300 RESP_END
089 1 0390013728 REWARD_END
090 1 0393250280 STIM_START
090 1 0394348892 STIM_END_RESP_START
090 1 0394512364 LICK
090 1 0394512856 REWARD_START
090 1 0394677352 LICK
090 1 0394852744 LICK
090 1 0394981092 LICK
090 1 0395137160 LICK
090 1 0395323488 LICK
090 1 0395508224 LICK
090 1 0395548936 RESP_END
090 1 0394543352 REWARD_END
091 0 0397395204 STIM_START
091 0 0398493816 STIM_END_RESP_START
091 0 0399693860 RESP_END
092 1 0401340396 STIM_START
092 1 0402394544 LICK
092 1 0402439004 STIM_END_RESP_START
092 1 0402583268 LICK
092 1 0402583760 REWARD_START
092 1 0402744184 LICK
092 1 0402889556 LICK
092 1 0403039172 LICK
092 1 0403209468 LICK
092 1 0403639024 RESP_END
092 1 0402614264 REWARD_END
093 0 0405288556 STIM_START
093 0 0406387168 STIM_END_RESP_START
093 0 0407587216 RESP_END
094 0 0409198780 STIM_START
094 0 0410297392 STIM_END_RESP_START
094 0 0411497428 RESP_END
095 0 0413537452 STIM_START
095 0 0414636064 STIM_END_RESP_START
095 0 0415836104 RESP_END
096 1 0417688372 STIM_START
096 1 0418786984 STIM_END_RESP_START
096 1 0418925724 LICK
096 1 0418926212 REWARD_START
096 1 0419086772 LICK
096 1 0419394620 LICK
096 1 0419586220 LICK
096 1 0419776032 LICK
096 1 0419987000 RESP_END
096 1 0418956728 REWARD_END
097 0 0421699452 STIM_START
097 0 0422798064 STIM_END_RESP_START
097 0 0423998104 RESP_END
098 1 0425689580 STIM_START
098 1 0426788192 STIM_END_RESP_START
098 1 0427099084 LICK
098 1 0427099572 REWARD_START
098 1 0427257044 LICK
098 1 0427428504 LICK
098 1 0427565340 LICK
098 1 0427988228 RESP_END
098 1 0427130072 REWARD_END
099 1 0429735652 STIM_START
099 1 0430834264 STIM_END_RESP_START
099 1 0431020044 LICK
099 1 0431020528 REWARD_START
099 1 0431178920 LICK
099 1 0431498028 LICK
099 1 0431667404 LICK
099 1 0431842928 LICK
099 1 0432034284 RESP_END
099 1 0431051024 REWARD_END
100 1 0433953460 STIM_START
100 1 0435052072 STIM_END_RESP_START
100 1 0435449272 LICK
100 1 0435449756 REWARD_START
100 1 0435611516 LICK
100 1 0435785028 LICK
100 1 0435920840 LICK
100 1 0436097840 LICK
100 1 0436252104 RESP_END
100 1 0435480272 REWARD_END
101 0 0438344108 STIM_START
101 0 0439442716 STIM_END_RESP_START
101 0 0440642764 RESP_END
102 0 0442672808 STIM_START
102 0 0443771420 STIM_END_RESP_START
102 0 0444971464 RESP_END
103 1 0446924604 STIM_START
103 1 0448023216 STIM_END_RESP_START
103 1 0448099000 LICK
103 1 0448099492 REWARD_START
103 1 0448282564 LICK
103 1 0448441820 LICK
103 1 0448589012 LICK
103 1 0448759828 LICK
103 1 0449223264 RESP_END
103 1 0448130000 REWARD_END
104 1 0451011604 STIM_START
104 1 0451913040 LICK
104 1 0452087828 LICK
104 1 0452110248 STIM_END_RESP_START
104 1 0452274312 LICK
104 1 0452274796 REWARD_START
104 1 0452415168 LICK
104 1 0452559660 LICK
104 1 0452732528 LICK
104 1 0452881544 LICK
104 1 0453310272 RESP_END
104 1 0452305312 REWARD_END
105 1 0455376216 STIM_START
105 1 0456474828 STIM_END_RESP_START
105 1 0456502032 LICK
105 1 0456502524 REWARD_START
105 1 0456667648 LICK
105 1 0456839528 LICK
105 1 0456981680 LICK
105 1 0457147220 LICK
105 1 0457318988 LICK
105 1 0457518512 LICK
105 1 0457674868 RESP_END
105 1 0456533020 REWARD_END
106 0 0459725892 STIM_START
106 0 0460824500 STIM_END_RESP_START
106 0 0462024540 RESP_END
107 0 0463780976 STIM_START
107 0 0464879580 STIM_END_RESP_START
107 0 0466079628 RESP_END
108 0 0467811064 STIM_START
108 0 0468909676 STIM_END_RESP_START
108 0 0470109724 RESP_END
109 1 0471756224 STIM_START
109 1 0472229116 LICK
109 1 0472434304 LICK
109 1 0472636720 LICK
109 1 0472796076 LICK
109 1 0472854832 STIM_END_RESP_START
109 1 0472984928 LICK
109 1 0472985412 REWARD_START
109 1 0473156968 LICK
109 1 0473321796 LICK
109 1 0473454652 LICK
109 1 0473624976 LICK
109 1 0474054848 RESP_END
109 1 0473015928 REWARD_END
110 0 0476120812 STIM_START
110 0 0477219424 STIM_END_RESP_START
110 0 0478419468 RESP_END
111 1 0480129972 STIM_START
111 1 0481228584 STIM_END_RESP_START
111 1 0481323256 LICK
111 1 0481323740 REWARD_START
111 1 0481496804 LICK
111 1 0481660868 LICK
111 1 0481793844 LICK
111 1 0481964696 LICK
111 1 0482303300 LICK
111 1 0482428620 RESP_END
111 1 0481354252 REWARD_END
112 1 0485008008 STIM_START
112 1 0486002456 LICK
112 1 0486106628 STIM_END_RESP_START
112 1 0486209288 LICK
112 1 0486209780 REWARD_START
112 1 0486353264 LICK
112 1 0486501972 LICK
112 1 0486651384 LICK
112 1 0486818568 LICK
112 1 0487306660 RESP_END
112 1 0486240296 REWARD_END
113 0 0488946136 STIM_START
113 0 0490044748 STIM_END_RESP_START
113 0 0491244796 RESP_END
114 0 0492940256 STIM_START
114 0 0494038868 STIM_END_RESP_START
114 0 0495238912 RESP_END
115 1 0497131156 STIM_START
115 1 0498229768 STIM_END_RESP_START
115 1 0498366596 LICK
115 1 0498367080 REWARD_START
115 1 0498525356 LICK
115 1 0498699964 LICK
115 1 0498840328 LICK
115 1 0499429796 RESP_END
115 1 0498397596 REWARD_END
116 1 0501213156 STIM_START
116 1 0502311768 STIM_END_RESP_START
116 1 0502356288 LICK
116 1 0502356772 REWARD_START
116 1 0502506060 LICK
116 1 0502655896 LICK
116 1 0502810188 LICK
116 1 0502968112 LICK
116 1 0503511796 RESP_END
116 1 0502387288 REWARD_END
117 0 0505508884 STIM_START
117 0 0506607492 STIM_END_RESP_START
117 0 0507807536 RESP_END
118 0 0509835628 STIM_START
118 0 0510934240 STIM_END_RESP_START
118 0 0512134284 RESP_END
119 1 0514102384 STIM_START
119 1 0515200988 STIM_END_RESP_START
119 1 0515281912 LICK
119 1 0515282404 REWARD_START
119 1 0515429204 LICK
119 1 0515731740 LICK
119 1 0515907564 LICK
119 1 0516401036 RESP_END
119 1 0515312900 REWARD_END
120 0 0518368160 STIM_START
120 0 0519466772 STIM_END_RESP_START
120 0 0520666816 RESP_END
121 1 0522403200 STIM_START
121 1 0523501812 STIM_END_RESP_START
121 1 0523864740 LICK
121 1 0523865232 REWARD_START
121 1 0524017760 LICK
121 1 0524176972 LICK
121 1 0524313048 LICK
121 1 0524701852 RESP_END
121 1 0523895740 REWARD_END
122 0 0526531192 STIM_START
122 0 0527629804 STIM_END_RESP_START
122 0 0528829848 RESP_END
123 1 0530758020 STIM_START
123 1 0531856628 STIM_END_RESP_START
123 1 0531944764 LICK
123 1 0531945248 REWARD_START
123 1 0532106028 LICK
123 1 0532263612 LICK
123 1 0532397908 LICK
123 1 0533056668 RESP_END
123 1 0531975764 REWARD_END
124 1 0535078692 STIM_START
124 1 0536177304 STIM_END_RESP_START
124 1 0536360228 LICK
124 1 0536360712 REWARD_START
124 1 0536519476 LICK
124 1 0536690860 LICK
124 1 0536829976 LICK
124 1 0537377336 RESP_END
124 1 0536391224 REWARD_END
125 0 0539405408 STIM_START
125 0 0540504052 STIM_END_RESP_START
125 0 0541704096 RESP_END
126 1 0543771056 STIM_START
126 1 0544869672 STIM_END_RESP_START
126 1 0544876880 LICK
126 1 0544877372 REWARD_START
126 1 0545029100 LICK
126 1 0545331260 LICK
126 1 0545498360 LICK
126 1 0546069696 RESP_END
126 1 0544907888 REWARD_END
127 1 0548093768 STIM_START
127 1 0549166648 LICK
127 1 0549192372 STIM_END_RESP_START
127 1 0549340396 LICK
127 1 0549340880 REWARD_START
127 1 0549505876 LICK
127 1 0549661756 LICK
127 1 0549800336 LICK
127 1 0550392416 RESP_END
127 1 0549371392 REWARD_END
128 0 0552313556 STIM_START
128 0 0553412168 STIM_END_RESP_START
128 0 0554612212 RESP_END
129 1 0556461516 STIM_START
129 1 0557560132 STIM_END_RESP_START
129 1 0557624988 LICK
129 1 0557625480 REWARD_START
129 1 0557781020 LICK
129 1 0557948264 LICK
129 1 0558084644 LICK
129 1 0558760160 RESP_END
129 1 0557655988 REWARD_END
130 1 0560703316 STIM_START
130 1 0561801932 STIM_END_RESP_START
130 1 0561911764 LICK
130 1 0561912260 REWARD_START
130 1 0562062892 LICK
130 1 0562220392 LICK
130 1 0562369632 LICK
130 1 0562528120 LICK
130 1 0562838236 LICK
130 1 0562980692 LICK
130 1 0563001952 RESP_END
130 1 0561942756 REWARD_END
131 0 0564940140 STIM_START
131 0 0566038756 STIM_END_RESP_START
131 0 0567238800 RESP_END
132 0 0568911284 STIM_START
132 0 0570009896 STIM_END_RESP_START
132 0 0571209940 RESP_END
133 0 0575838760 STIM_START
133 0 0576937372 STIM_END_RESP_START
133 0 0578137416 RESP_END
134 1 0580031692 STIM_START
134 1 0581130308 STIM_END_RESP_START
134 1 0581147608 LICK
134 1 0581148100 REWARD_START
134 1 0581310676 LICK
134 1 0581467608 LICK
134 1 0581606000 LICK
134 1 0581784788 LICK
134 1 0582330328 RESP_END
134 1 0581178596 REWARD_END
135 1 0584387328 STIM_START
135 1 0585485940 STIM_END_RESP_START
135 1 0585829008 LICK
135 1 0585829500 REWARD_START
135 1 0585990996 LICK
135 1 0586153664 LICK
135 1 0586280368 LICK
135 1 0586442732 LICK
135 1 0586685972 RESP_END
135 1 0585860012 REWARD_END
136 1 0588683084 STIM_START
136 1 0589301288 LICK
136 1 0589504412 LICK
136 1 0589678572 LICK
136 1 0589781716 STIM_END_RESP_START
136 1 0590621408 LICK
136 1 0590621900 REWARD_START
136 1 0590839712 LICK
136 1 0590981764 RESP_END
136 1 0590652408 REWARD_END
137 0 0593099716 STIM_START
137 0 0593981496 LICK
137 0 0594159104 LICK
137 0 0594198352 STIM_END_RESP_START
137 0 0595398400 RESP_END
138 1 0597457372 STIM_START
138 1 0598214568 LICK
138 1 0598409288 LICK
138 1 0598555984 STIM_END_RESP_START
138 1 0598605448 LICK
138 1 0598605940 REWARD_START
138 1 0598767520 LICK
138 1 0598928556 LICK
138 1 0599072484 LICK
138 1 0599226988 LICK
138 1 0599756004 RESP_END
138 1 0598636448 REWARD_END
139 1 0601638240 STIM_START
139 1 0602657168 LICK
139 1 0602736872 STIM_END_RESP_START
139 1 0602841488 LICK
139 1 0602841976 REWARD_START
139 1 0603003624 LICK
139 1 0603144252 LICK
139 1 0603296292 LICK
139 1 0603471624 LICK
139 1 0603643656 LICK
139 1 0603936884 RESP_END
139 1 0602872492 REWARD_END
140 0 0605600384 STIM_START
140 0 0606698996 STIM_END_RESP_START
140 0 0607899040 RESP_END
141 0 0609788276 STIM_START
141 0 0610886888 STIM_END_RESP_START
141 0 0612086932 RESP_END
142 0 0613812308 STIM_START
142 0 0614910912 STIM_END_RESP_START
142 0 0616110960 RESP_END
143 1 0617769492 STIM_START
143 1 0618868104 STIM_END_RESP_START
143 1 0619166084 LICK
143 1 0619166572 REWARD_START
143 1 0619313172 LICK
143 1 0619472120 LICK
143 1 0619630652 LICK
143 1 0619791340 LICK
143 1 0620068144 RESP_END
143 1 0619197084 REWARD_END
144 1 0622146136 STIM_START
144 1 0623244748 STIM_END_RESP_START
144 1 0623331720 LICK
144 1 0623332208 REWARD_START
144 1 0623498676 LICK
144 1 0623663504 LICK
144 1 0623801860 LICK
144 1 0623966536 LICK
144 1 0624141860 LICK
144 1 0624444796 RESP_END
144 1 0623362724 REWARD_END
145 0 0626176184 STIM_START
145 0 0627274796 STIM_END_RESP_START
145 0 0628474836 RESP_END
146 0 0630268196 STIM_START
146 0 0631366808 STIM_END_RESP_START
146 0 0632566852 RESP_END
147 1 0634637800 STIM_START
147 1 0635736416 STIM_END_RESP_START
147 1 0636059700 LICK
147 1 0636060188 REWARD_START
147 1 0636204652 LICK
147 1 0636518156 LICK
147 1 0636661208 LICK
147 1 0636830396 LICK
147 1 0636936460 RESP_END
147 1 0636090684 REWARD_END
148 1 0638701868 STIM_START
148 1 0639581300 LICK
148 1 0639800496 STIM_END_RESP_START
148 1 0639938332 LICK
148 1 0639938824 REWARD_START
148 1 0640075276 LICK
148 1 0640242472 LICK
148 1 0640372564 LICK
148 1 0640539896 LICK
148 1 0641000528 RESP_END
148 1 0639969324 REWARD_END
149 1 0642836812 STIM_START
149 1 0643693104 LICK
149 1 0643875128 LICK
149 1 0643935440 STIM_END_RESP_START
149 1 0644064976 LICK
149 1 0644065468 REWARD_START
149 1 0644229444 LICK
149 1 0644374084 LICK
149 1 0644533268 LICK
149 1 0644686072 LICK
149 1 0645135476 RESP_END
149 1 0644095976 REWARD_END
150 0 0646842912 STIM_START
150 0 0647941524 STIM_END_RESP_START
150 0 0649141568 RESP_END
151 0 0651112712 STIM_START
151 0 0652211324 STIM_END_RESP_START
151 0 0653411368 RESP_END
152 0 0655229624 STIM_START
152 0 0656328240 STIM_END_RESP_START
152 0 0657528284 RESP_END
153 1 0659258716 STIM_START
153 1 0660357328 STIM_END_RESP_START
153 1 0660481720 LICK
153 1 0660482208 REWARD_START
153 1 0660648488 LICK
153 1 0660803416 LICK
153 1 0660945592 LICK
153 1 0661112168 LICK
153 1 0661277756 LICK
153 1 0661435180 LICK
153 1 0661557364 RESP_END
153 1 0660512716 REWARD_END
154 0 0663486488 STIM_START
154 0 0663950792 LICK
154 0 0664143136 LICK
154 0 0664329248 LICK
154 0 0664585104 STIM_END_RESP_START
154 0 0665785148 RESP_END
155 0 0667575576 STIM_START
155 0 0668674188 STIM_END_RESP_START
155 0 0669874232 RESP_END
156 0 0671688456 STIM_START
156 0 0672787068 STIM_END_RESP_START
156 0 0673987112 RESP_END
157 1 0675858396 STIM_START
157 1 0676918228 LICK
157 1 0676957020 STIM_END_RESP_START
157 1 0677103112 LICK
157 1 0677103600 REWARD_START
157 1 0677247708 LICK
157 1 0677393312 LICK
157 1 0677702516 LICK
157 1 0677875200 LICK
157 1 0678157040 RESP_END
157 1 0677134112 REWARD_END
158 0 0679775632 STIM_START
158 0 0680874240 STIM_END_RESP_START
158 0 0682074288 RESP_END
159 1 0684002436 STIM_START
159 1 0685101040 STIM_END_RESP_START
159 1 0685161360 LICK
159 1 0685161848 REWARD_START
159 1 0685331780 LICK
159 1 0685499716 LICK
159 1 0685638180 LICK
159 1 0685797664 LICK
159 1 0685967068 LICK
159 1 0686142060 LICK
159 1 0686301068 RESP_END
159 1 0685192344 REWARD_END
160 1 0688206256 STIM_START
160 1 0688765916 LICK
160 1 0688953768 LICK
160 1 0689146072 LICK
160 1 0689304888 STIM_END_RESP_START
160 1 0689326728 LICK
160 1 0689327216 REWARD_START
160 1 0689468320 LICK
160 1 0689609748 LICK
160 1 0689750904 LICK
160 1 0689907616 LICK
160 1 0690504932 RESP_END
160 1 0689357724 REWARD_END
161 0 0692089532 STIM_START
161 0 0693188144 STIM_END_RESP_START
161 0 0694388188 RESP_END
162 1 0696135624 STIM_START
162 1 0696867316 LICK
162 1 0697031216 LICK
162 1 0697194340 LICK
162 1 0697234244 STIM_END_RESP_START
162 1 0697376876 LICK
162 1 0697377360 REWARD_START
162 1 0697544120 LICK
162 1 0697697140 LICK
162 1 0697833684 LICK
162 1 0698004728 LICK
162 1 0698189652 LICK
162 1 0698434292 RESP_END
162 1 0697407872 REWARD_END
163 0 0700499232 STIM_START
163 0 0701597844 STIM_END_RESP_START
163 0 0702797888 RESP_END
164 1 0704785992 STIM_START
164 1 0705866952 LICK
164 1 0705884624 STIM_END_RESP_START
164 1 0706047536 LICK
164 1 0706048028 REWARD_START
164 1 0706193784 LICK
164 1 0706343652 LICK
164 1 0706645012 LICK
164 1 0707084664 RESP_END
164 1 0706078536 REWARD_END
165 0 0708952900 STIM_START
165 0 0710051512 STIM_END_RESP_START
165 0 0711251560 RESP_END
166 1 0713017920 STIM_START
166 1 0714095492 LICK
166 1 0714116544 STIM_END_RESP_START
166 1 0714279292 LICK
166 1 0714279776 REWARD_START
166 1 0714427068 LICK
166 1 0714580032 LICK
166 1 0714748492 LICK
166 1 0714903764 LICK
166 1 0715316560 RESP_END
166 1 0714310292 REWARD_END
167 0 0717158912 STIM_START
167 0 0718257524 STIM_END_RESP_START
167 0 0719457568 RESP_END
168 0 0721305816 STIM_START
168 0 0722404424 STIM_END_RESP_START
168 0 0723604464 RESP_END
169 1 0725390788 STIM_START
169 1 0726489400 STIM_END_RESP_START
169 1 0726811552 LICK
169 1 0726812044 REWARD_START
169 1 0726970840 LICK
169 1 0727129448 LICK
169 1 0727281684 LICK
169 1 0727436348 LICK
169 1 0727602916 LICK
169 1 0727689420 RESP_END
169 1 0726842544 REWARD_END
170 0 0729836352 STIM_START
170 0 0730934964 STIM_END_RESP_START
170 0 0732135008 RESP_END
171 1 0734204960 STIM_START
171 1 0735303564 STIM_END_RESP_START
171 1 0735437240 LICK
171 1 0735437724 REWARD_START
171 1 0735615412 LICK
171 1 0735907812 LICK
171 1 0736072260 LICK
171 1 0736263644 LICK
171 1 0736437988 LICK
171 1 0736503612 RESP_END
171 1 0735468240 REWARD_END
172 1 0738348916 STIM_START
172 1 0739447528 STIM_END_RESP_START
172 1 0739482616 LICK
172 1 0739483108 REWARD_START
172 1 0739676672 LICK
172 1 0739841384 LICK
172 1 0739979812 LICK
172 1 0740168384 LICK
172 1 0740334908 LICK
172 1 0740647556 RESP_END
172 1 0739513604 REWARD_END
173 1 0742591732 STIM_START
173 1 0743303796 LICK
173 1 0743493924 LICK
173 1 0743687228 LICK
173 1 0743690340 STIM_END_RESP_START
173 1 0743853624 LICK
173 1 0743854116 REWARD_START
173 1 0744012628 LICK
173 1 0744146280 LICK
173 1 0744310088 LICK
173 1 0744486128 LICK
173 1 0744890364 RESP_END
173 1 0743884620 REWARD_END
174 0 0746481972 STIM_START
174 0 0747580584 STIM_END_RESP_START
174 0 0748780628 RESP_END
175 1 0750828684 STIM_START
175 1 0751927288 STIM_END_RESP_START
175 1 0751952436 LICK
175 1 0751952932 REWARD_START
175 1 0752112888 LICK
175 1 0752275968 LICK
175 1 0752419256 LICK
175 1 0752565944 LICK
175 1 0752885324 LICK
175 1 0753078748 LICK
175 1 0753127320 RESP_END
175 1 0751983440 REWARD_END
176 0 0754970544 STIM_START
176 0 0756069160 STIM_END_RESP_START
176 0 0757269204 RESP_END
177 0 0759299320 STIM_START
177 0 0760397932 STIM_END_RESP_START
177 0 0761597976 RESP_END
178 1 0763187560 STIM_START
178 1 0764286180 STIM_END_RESP_START
178 1 0764301344 LICK
178 1 0764301832 REWARD_START
178 1 0764489140 LICK
178 1 0764818672 LICK
178 1 0764975768 LICK
178 1 0765486196 RESP_END
178 1 0764332332 REWARD_END
179 0 0767090744 STIM_START
179 0 0768189352 STIM_END_RESP_START
179 0 0769389396 RESP_END
180 1 0771377524 STIM_START
180 1 0772476136 STIM_END_RESP_START
180 1 0772646072 LICK
180 1 0772646560 REWARD_START
180 1 0772834048 LICK
180 1 0773141288 LICK
180 1 0773310104 LICK
180 1 0773676148 RESP_END
180 1 0772677072 REWARD_END
181 0 0775694216 STIM_START
181 0 0776792828 STIM_END_RESP_START
181 0 0777992876 RESP_END
182 1 0779660324 STIM_START
182 1 0780758928 STIM_END_RESP_START
182 1 0780778536 LICK
182 1 0780779024 REWARD_START
182 1 0780951652 LICK
182 1 0781267828 LICK
182 1 0781427728 LICK
182 1 0781958972 RESP_END
182 1 0780809524 REWARD_END
183 0 0783909120 STIM_START
183 0 0785007736 STIM_END_RESP_START
183 0 0786207780 RESP_END
184 0 0787994184 STIM_START
184 0 0789092800 STIM_END_RESP_START
184 0 0790292844 RESP_END
185 1 0792024192 STIM_START
185 1 0792980084 LICK
185 1 0793122792 STIM_END_RESP_START
185 1 0793295640 LICK
185 1 0793296132 REWARD_START
185 1 0793463868 LICK
185 1 0793627896 LICK
185 1 0793763108 LICK
185 1 0793959024 LICK
185 1 0794118084 LICK
185 1 0794322828 RESP_END
185 1 0793326632 REWARD_END
186 0 0796387872 STIM_START
186 0 0797486484 STIM_END_RESP_START
186 0 0798686528 RESP_END
187 0 0800762492 STIM_START
187 0 0801861104 STIM_END_RESP_START
187 0 0803061148 RESP_END
188 1 0804730712 STIM_START
188 1 0805819184 LICK
188 1 0805829320 STIM_END_RESP_START
188 1 0805982176 LICK
188 1 0805982668 REWARD_START
188 1 0806138588 LICK
188 1 0806426332 LICK
188 1 0806603268 LICK
188 1 0806776164 LICK
188 1 0806935080 LICK
188 1 0807029348 RESP_END
188 1 0806013168 REWARD_END
189 1 0811588332 STIM_START
189 1 0812474108 LICK
189 1 0812660324 LICK
189 1 0812686968 STIM_END_RESP_START
189 1 0812818580 LICK
189 1 0812819064 REWARD_START
189 1 0812988276 LICK
189 1 0813142228 LICK
189 1 0813311188 LICK
189 1 0813463804 LICK
189 1 0813645348 LICK
189 1 0813886996 RESP_END
189 1 0812849576 REWARD_END
190 0 0815652268 STIM_START
190 0 0816750880 STIM_END_RESP_START
190 0 0817950924 RESP_END
191 1 0819977048 STIM_START
191 1 0821075660 STIM_END_RESP_START
191 1 0821155200 LICK
191 1 0821155684 REWARD_START
191 1 0821336576 LICK
191 1 0821486072 LICK
191 1 0821644764 LICK
191 1 0821803784 LICK
191 1 0822147012 LICK
191 1 0822275684 RESP_END
191 1 0821186200 REWARD_END
192 0 0824445520 STIM_START
192 0 0825544128 STIM_END_RESP_START
192 0 0826744176 RESP_END
193 0 0828754304 STIM_START
193 0 0829852916 STIM_END_RESP_START
193 0 0831052960 RESP_END
194 0 0833061992 STIM_START
194 0 0834160600 STIM_END_RESP_START
194 0 0835360644 RESP_END
195 1 0837409708 STIM_START
195 1 0838508320 STIM_END_RESP_START
195 1 0839217516 LICK
195 1 0839218000 REWARD_START
195 1 0839376536 LICK
195 1 0839526460 LICK
195 1 0839695872 LICK
195 1 0839708348 RESP_END
195 1 0839248512 REWARD_END
196 0 0841861200 STIM_START
196 0 0842959804 STIM_END_RESP_START
196 0 0844159844 RESP_END
197 0 0845789392 STIM_START
197 0 0846888004 STIM_END_RESP_START
197 0 0848088040 RESP_END
198 1 0849695608 STIM_START
198 1 0850736008 LICK
198 1 0850794224 STIM_END_RESP_START
198 1 0850895536 LICK
198 1 0850896028 REWARD_START
198 1 0851078004 LICK
198 1 0851236884 LICK
198 1 0851374060 LICK
198 1 0851994244 RESP_END
198 1 0850926532 REWARD_END
199 0 0853641852 STIM_START
199 0 0854740460 STIM_END_RESP_START
199 0 0855940504 RESP_END
200 0 0857750816 STIM_START
200 0 0858849428 STIM_END_RESP_START
200 0 0860049472 RESP_END
201 1 0861898732 STIM_START
201 1 0862597748 LICK
201 1 0862793068 LICK
201 1 0862938732 LICK
201 1 0862997372 STIM_END_RESP_START
201 1 0863117796 LICK
201 1 0863118280 REWARD_START
201 1 0863271004 LICK
201 1 0863420516 LICK
201 1 0863572028 LICK
201 1 0863737232 LICK
201 1 0864197404 RESP_END
201 1 0863148796 REWARD_END
202 0 0866484108 STIM_START
202 0 0867582720 STIM_END_RESP_START
202 0 0867757388 LICK
202 0 0867757872 TIMEOUT_START
202 0 0867947968 LICK
202 0 0867948452 TIMEOUT_START
202 0 0868139416 LICK
202 0 0868139904 TIMEOUT_START
202 0 0868317300 LICK
202 0 0868317784 TIMEOUT_START
202 0 0868782744 RESP_END
202 0 0875318300 TIMEOUT_END
203 0 0877130056 STIM_START
203 0 0878228668 STIM_END_RESP_START
203 0 0879204540 LICK
203 0 0879205028 TIMEOUT_START
203 0 0879405516 LICK
203 0 0879406000 TIMEOUT_START
203 0 0879428684 RESP_END
203 0 0886406516 TIMEOUT_END
204 0 0888182576 STIM_START
204 0 0889281192 STIM_END_RESP_START
204 0 0890481240 RESP_END
205 1 0892334492 STIM_START
205 1 0892934488 LICK
205 1 0893152684 LICK
205 1 0893323876 LICK
205 1 0893433124 STIM_END_RESP_START
205 1 0893530416 LICK
205 1 0893530904 REWARD_START
205 1 0893675656 LICK
205 1 0893826608 LICK
205 1 0893971704 LICK
205 1 0894128872 LICK
205 1 0894633152 RESP_END
205 1 0893561416 REWARD_END
206 0 0896330572 STIM_START
206 0 0897429184 STIM_END_RESP_START
206 0 0898629232 RESP_END
207 1 0900699232 STIM_START
207 1 0901414640 LICK
207 1 0901590704 LICK
207 1 0901745908 LICK
207 1 0901797856 STIM_END_RESP_START
207 1 0901931132 LICK
207 1 0901931616 REWARD_START
207 1 0902066156 LICK
207 1 0902211724 LICK
207 1 0902360536 LICK
207 1 0902505036 LICK
207 1 0902681580 LICK
207 1 0902851756 LICK
207 1 0902997900 RESP_END
207 1 0901962132 REWARD_END
208 1 0904720336 STIM_START
208 1 0905271960 LICK
208 1 0905450904 LICK
208 1 0905648776 LICK
208 1 0905818948 STIM_END_RESP_START
208 1 0905860760 LICK
208 1 0905861252 REWARD_START
208 1 0906013488 LICK
208 1 0906160296 LICK
208 1 0906325880 LICK
208 1 0906487184 LICK
208 1 0907018996 RESP_END
208 1 0905891760 REWARD_END
209 0 0908697448 STIM_START
209 0 0909298680 LICK
209 0 0909523572 LICK
209 0 0909678700 LICK
209 0 0909796064 STIM_END_RESP_START
209 0 0909838628 LICK
209 0 0909839112 TIMEOUT_START
209 0 0910049304 LICK
209 0 0910049788 TIMEOUT_START
209 0 0910200344 LICK
209 0 0910200836 TIMEOUT_START
209 0 0910407420 LICK
209 0 0910407912 TIMEOUT_START
209 0 0910996088 RESP_END
209 0 0917408412 TIMEOUT_END
210 1 0919367408 STIM_START
210 1 0920427668 LICK
210 1 0920466032 STIM_END_RESP_START
210 1 0920619228 LICK
210 1 0920619716 REWARD_START
210 1 0920782708 LICK
210 1 0920952132 LICK
210 1 0921121432 LICK
210 1 0921281440 LICK
210 1 0921666060 RESP_END
210 1 0920650228 REWARD_END
211 1 0923310524 STIM_START
211 1 0924409136 STIM_END_RESP_START
211 1 0924542540 LICK
211 1 0924543032 REWARD_START
211 1 0924691328 LICK
211 1 0924844996 LICK
211 1 0924995336 LICK
211 1 0925165968 LICK
211 1 0925609152 RESP_END
211 1 0924573540 REWARD_END
212 1 0927299672 STIM_START
212 1 0928398276 STIM_END_RESP_START
212 1 0928546812 LICK
212 1 0928547304 REWARD_START
212 1 0928707836 LICK
212 1 0928856316 LICK
212 1 0929024212 LICK
212 1 0929184748 LICK
212 1 0929598312 RESP_END
212 1 0928577800 REWARD_END
213 0 0931359660 STIM_START
213 0 0932458272 STIM_END_RESP_START
213 0 0933658316 RESP_END
214 1 0935627464 STIM_START
214 1 0936726080 STIM_END_RESP_START
214 1 0936997856 LICK
214 1 0936998348 REWARD_START
214 1 0937159500 LICK
214 1 0937470308 LICK
214 1 0937640488 LICK
214 1 0937809332 LICK
214 1 0937926100 RESP_END
214 1 0937028848 REWARD_END
215 0 0939607568 STIM_START
215 0 0940706184 STIM_END_RESP_START
215 0 0941906228 RESP_END
216 1 0943857392 STIM_START
216 1 0944837724 LICK
216 1 0944956016 STIM_END_RESP_START
216 1 0945037132 LICK
216 1 0945037624 REWARD_START
216 1 0945181668 LICK
216 1 0945350636 LICK
216 1 0945488156 LICK
216 1 0945674860 LICK
216 1 0946156052 RESP_END
216 1 0945068120 REWARD_END
217 1 0947959356 STIM_START
217 1 0949057968 STIM_END_RESP_START
217 1 0949325056 LICK
217 1 0949325544 REWARD_START
217 1 0949494384 LICK
217 1 0949657696 LICK
217 1 0949788692 LICK
217 1 0949965464 LICK
217 1 0950258008 RESP_END
217 1 0949356060 REWARD_END
218 0 0952137248 STIM_START
218 0 0953235860 STIM_END_RESP_START
218 0 0954435908 RESP_END
219 0 0956344144 STIM_START
219 0 0957442760 STIM_END_RESP_START
219 0 0958642804 RESP_END
220 1 0960632904 STIM_START
220 1 0961731512 STIM_END_RESP_START
220 1 0961933132 LICK
220 1 0961933624 REWARD_START
220 1 0962075320 LICK
220 1 0962228212 LICK
220 1 0962375016 LICK
220 1 0962543404 LICK
220 1 0962931520 RESP_END
220 1 0961964120 REWARD_END
221 0 0964550084 STIM_START
221 0 0965648696 STIM_END_RESP_START
221 0 0966848740 RESP_END
222 0 0968842836 STIM_START
222 0 0969941448 STIM_END_RESP_START
222 0 0971141492 RESP_END
223 1 0972991740 STIM_START
223 1 0974090352 STIM_END_RESP_START
223 1 0974319900 LICK
223 1 0974320388 REWARD_START
223 1 0974495004 LICK
223 1 0974654328 LICK
223 1 0974825564 LICK
223 1 0974984404 LICK
223 1 0975290364 RESP_END
223 1 0974350904 REWARD_END
224 0 0977034824 STIM_START
224 0 0978133440 STIM_END_RESP_START
224 0 0979333484 RESP_END
225 1 0980986984 STIM_START
225 1 0981950916 LICK
225 1 0982085596 STIM_END_RESP_START
225 1 0982099288 LICK
225 1 0982099772 REWARD_START
225 1 0982268220 LICK
225 1 0982420232 LICK
225 1 0982582332 LICK
225 1 0983285644 RESP_END
225 1 0982130288 REWARD_END
226 1 0985211816 STIM_START
226 1 0986310428 STIM_END_RESP_START
226 1 0986427392 LICK
226 1 0986427884 REWARD_START
226 1 0986598184 LICK
226 1 0986754332 LICK
226 1 0986903568 LICK
226 1 0987072648 LICK
226 1 0987234092 LICK
226 1 0987409956 LICK
226 1 0987510448 RESP_END
226 1 0986458380 REWARD_END
227 0 0989579472 STIM_START
227 0 0990678088 STIM_END_RESP_START
227 0 0991878128 RESP_END
228 0 0993866184 STIM_START
228 0 0994964796 STIM_END_RESP_START
228 0 0996164844 RESP_END
229 1 0998134940 STIM_START
229 1 0999233552 STIM_END_RESP_START
229 1 0999329456 LICK
229 1 0999329948 REWARD_START
229 1 0999486560 LICK
229 1 0999650704 LICK
229 1 0999822660 LICK
229 1 0999975916 LICK
229 1 1000433588 RESP_END
229 1 0999360456 REWARD_END
230 1 1002155044 STIM_START
230 1 1002781604 LICK
230 1 1002982176 LICK
230 1 1003144328 LICK
230 1 1003253680 STIM_END_RESP_START
230 1 1003319652 LICK
230 1 1003320184 REWARD_START
230 1 1003490884 LICK
230 1 1003638416 LICK
230 1 1003787928 LICK
230 1 1004453696 RESP_END
230 1 1003350744 REWARD_END
231 0 1006225036 STIM_START
231 0 1007323664 STIM_END_RESP_START
231 0 1008523688 RESP_END
232 0 1010411936 STIM_START
232 0 1011510564 STIM_END_RESP_START
232 0 1012710588 RESP_END
233 0 1014383052 STIM_START
233 0 1015481684 STIM_END_RESP_START
233 0 1016681708 RESP_END
234 1 1018321272 STIM_START
234 1 1019250472 LICK
234 1 1019415808 LICK
234 1 1019419896 STIM_END_RESP_START
234 1 1019741616 LICK
234 1 1019742148 REWARD_START
234 1 1019903860 LICK
234 1 1020056824 LICK
234 1 1020216456 LICK
234 1 1020382908 LICK
234 1 1020619932 RESP_END
234 1 1019772708 REWARD_END
235 1 1022410232 STIM_START
235 1 1023305720 LICK
235 1 1023479832 LICK
235 1 1023508864 STIM_END_RESP_START
235 1 1023653024 LICK
235 1 1023653560 REWARD_START
235 1 1023799312 LICK
235 1 1023952876 LICK
235 1 1024086004 LICK
235 1 1024242484 LICK
235 1 1024708876 RESP_END
235 1 1023684120 REWARD_END
236 1 1026519252 STIM_START
236 1 1027454144 LICK
236 1 1027617884 STIM_END_RESP_START
236 1 1027631176 LICK
236 1 1027631708 REWARD_START
236 1 1027786772 LICK
236 1 1027938332 LICK
236 1 1028078156 LICK
236 1 1028237788 LICK
236 1 1028390628 LICK
236 1 1028580368 LICK
236 1 1028817916 RESP_END
236 1 1027662268 REWARD_END
237 0 1030854936 STIM_START
237 0 1031953564 STIM_END_RESP_START
237 0 1033153588 RESP_END
238 1 1034747180 STIM_START
238 1 1035602796 LICK
238 1 1035769404 LICK
238 1 1035845812 STIM_END_RESP_START
238 1 1035943720 LICK
238 1 1035944260 REWARD_START
238 1 1036090188 LICK
238 1 1036260976 LICK
238 1 1036398576 LICK
238 1 1036566928 LICK
238 1 1037045840 RESP_END
238 1 1035974820 REWARD_END
239 0 1038867152 STIM_START
239 0 1039965784 STIM_END_RESP_START
239 0 1041165808 RESP_END
240 1 1042874244 STIM_START
240 1 1043877140 LICK
240 1 1043972848 STIM_END_RESP_START
240 1 1044065620 LICK
240 1 1044066152 REWARD_START
240 1 1044207904 LICK
240 1 1044376560 LICK
240 1 1044514960 LICK
240 1 1044680116 LICK
240 1 1045172868 RESP_END
240 1 1044096712 REWARD_END
241 0 1047207904 STIM_START
241 0 1048306532 STIM_END_RESP_START
241 0 1049506556 RESP_END
242 1 1051475736 STIM_START
242 1 1052544860 LICK
242 1 1052574360 STIM_END_RESP_START
242 1 1052724056 LICK
242 1 1052724592 REWARD_START
242 1 1052901436 LICK
242 1 1053070964 LICK
242 1 1053208252 LICK
242 1 1053367316 LICK
242 1 1053532440 LICK
242 1 1053774392 RESP_END
242 1 1052755148 REWARD_END
243 0 1055414896 STIM_START
243 0 1055921284 LICK
243 0 1056099568 LICK
243 0 1056513536 STIM_END_RESP_START
243 0 1057713560 RESP_END
244 1 1059772540 STIM_START
244 1 1060721400 LICK
244 1 1060871156 STIM_END_RESP_START
244 1 1060892980 LICK
244 1 1060893508 REWARD_START
244 1 1061043448 LICK
244 1 1061354360 LICK
244 1 1061509672 LICK
244 1 1061673772 LICK
244 1 1061855212 LICK
244 1 1062071180 RESP_END
244 1 1060924068 REWARD_END
245 1 1063910484 STIM_START
245 1 1064606860 LICK
245 1 1064776848 LICK
245 1 1064953240 LICK
245 1 1065009108 STIM_END_RESP_START
245 1 1065146588 LICK
245 1 1065147120 REWARD_START
245 1 1065286904 LICK
245 1 1065427652 LICK
245 1 1065585228 LICK
245 1 1065747020 LICK
245 1 1066209128 RESP_END
245 1 1065177676 REWARD_END
246 1 1067929580 STIM_START
246 1 1068899576 LICK
246 1 1069028200 STIM_END_RESP_START
246 1 1069076528 LICK
246 1 1069077056 REWARD_START
246 1 1069238824 LICK
246 1 1069405928 LICK
246 1 1069540752 LICK
246 1 1069687704 LICK
246 1 1069841692 LICK
246 1 1070031436 LICK
246 1 1070228212 RESP_END
246 1 1069107616 REWARD_END
247 0 1072199372 STIM_START
247 0 1073298000 STIM_END_RESP_START
247 0 1074498024 RESP_END
248 1 1076169436 STIM_START
248 1 1077158708 LICK
248 1 1077268064 STIM_END_RESP_START
248 1 1077327796 LICK
248 1 1077328332 REWARD_START
248 1 1077481948 LICK
248 1 1077632096 LICK
248 1 1077773248 LICK
248 1 1077960080 LICK
248 1 1078113756 LICK
248 1 1078468076 RESP_END
248 1 1077358892 REWARD_END
249 0 1080152584 STIM_START
249 0 1081251212 STIM_END_RESP_START
249 0 1082451236 RESP_END
250 1 1084466368 STIM_START
250 1 1085509396 LICK
250 1 1085565000 STIM_END_RESP_START
250 1 1085680068 LICK
250 1 1085680596 REWARD_START
250 1 1085844344 LICK
250 1 1085981480 LICK
250 1 1086124432 LICK
250 1 1086301508 LICK
250 1 1086479644 LICK
250 1 1086765048 RESP_END
250 1 1085711156 REWARD_END
251 1 1088611260 STIM_START
251 1 1089387644 LICK
251 1 1089569916 LICK
251 1 1089709884 STIM_END_RESP_START
251 1 1089750960 LICK
251 1 1089751500 REWARD_START
251 1 1089917816 LICK
251 1 1090078932 LICK
251 1 1090212588 LICK
251 1 1090373732 LICK
251 1 1090538896 LICK
251 1 1090742784 LICK
251 1 1090909904 RESP_END
251 1 1089782056 REWARD_END
252 1 1092557384 STIM_START
252 1 1093140924 LICK
252 1 1093328424 LICK
252 1 1093508016 LICK
252 1 1093655996 STIM_END_RESP_START
252 1 1093687316 LICK
252 1 1093687848 REWARD_START
252 1 1093838292 LICK
252 1 1093982872 LICK
252 1 1094130168 LICK
252 1 1094302548 LICK
252 1 1094856024 RESP_END
252 1 1093718408 REWARD_END
253 0 1096796224 STIM_START
253 0 1097894844 STIM_END_RESP_START
253 0 1099094868 RESP_END
254 0 1100948104 STIM_START
254 0 1102046732 STIM_END_RESP_START
254 0 1103246756 RESP_END
255 0 1105319760 STIM_START
255 0 1106418388 STIM_END_RESP_START
255 0 1107618412 RESP_END
256 1 1109288956 STIM_START
256 1 1110387584 STIM_END_RESP_START
256 1 1110474572 LICK
256 1 1110475112 REWARD_START
256 1 1110643992 LICK
256 1 1110801012 LICK
256 1 1110935908 LICK
256 1 1111099908 LICK
256 1 1111587604 RESP_END
256 1 1110505672 REWARD_END
257 1 1113568728 STIM_START
257 1 1113747400 LICK
257 1 1113944388 LICK
257 1 1114120864 LICK
257 1 1114332084 LICK
257 1 1114506048 LICK
257 1 1114667332 STIM_END_RESP_START
257 1 1114688628 LICK
257 1 1114689160 REWARD_START
257 1 1114836480 LICK
257 1 1114984960 LICK
257 1 1115123996 LICK
257 1 1115299820 LICK
257 1 1115867360 RESP_END
257 1 1114719716 REWARD_END
258 1 1120690984 STIM_START
258 1 1121140492 LICK
258 1 1121328716 LICK
258 1 1121760212 LICK
258 1 1121789620 STIM_END_RESP_START
258 1 1121946512 LICK
258 1 1121947052 REWARD_START
258 1 1122112572 LICK
258 1 1122265024 LICK
258 1 1122416776 LICK
258 1 1122586036 LICK
258 1 1122989656 RESP_END
258 1 1121977612 REWARD_END
259 0 1126824460 STIM_START
259 0 1127923088 STIM_END_RESP_START
259 0 1129123112 RESP_END
260 1 1130950480 STIM_START
260 1 1131516436 LICK
260 1 1131692820 LICK
260 1 1131873960 LICK
260 1 1132049080 STIM_END_RESP_START
260 1 1132049616 LICK
260 1 1132050156 REWARD_START
260 1 1132214368 LICK
260 1 1132360532 LICK
260 1 1132497516 LICK
260 1 1132790500 LICK
260 1 1132955680 LICK
260 1 1133249112 RESP_END
260 1 1132080700 REWARD_END
261 0 1135255128 STIM_START
261 0 1135401776 LICK
261 0 1136353764 STIM_END_RESP_START
261 0 1137553784 RESP_END
262 1 1139418024 STIM_START
262 1 1139924792 LICK
262 1 1140089284 LICK
262 1 1140270988 LICK
262 1 1140464456 LICK
262 1 1140516648 STIM_END_RESP_START
262 1 1140649868 LICK
262 1 1140650408 REWARD_START
262 1 1140790216 LICK
262 1 1140925116 LICK
262 1 1141063016 LICK
262 1 1141212748 LICK
262 1 1141362940 LICK
262 1 1141524080 LICK
262 1 1141716680 RESP_END
262 1 1140680968 REWARD_END
263 0 1143576936 STIM_START
263 0 1144675572 STIM_END_RESP_START
263 0 1145875596 RESP_END
264 0 1147548136 STIM_START
264 0 1148646764 STIM_END_RESP_START
264 0 1149846788 RESP_END
265 1 1151818852 STIM_START
265 1 1152796612 LICK
265 1 1152917488 STIM_END_RESP_START
265 1 1152981580 LICK
265 1 1152982120 REWARD_START
265 1 1153137304 LICK
265 1 1153292724 LICK
265 1 1153425160 LICK
265 1 1153587676 LICK
265 1 1153783712 LICK
265 1 1154117516 RESP_END
265 1 1153012676 REWARD_END
266 0 1156083648 STIM_START
266 0 1157182276 STIM_END_RESP_START
266 0 1158382300 RESP_END
267 0 1160151652 STIM_START
267 0 1161250280 STIM_END_RESP_START
267 0 1162450304 RESP_END
268 1 1164082828 STIM_START
268 1 1165074644 LICK
268 1 1165181448 STIM_END_RESP_START
268 1 1165262652 LICK
268 1 1165263192 REWARD_START
268 1 1165415484 LICK
268 1 1165574116 LICK
268 1 1165711004 LICK
268 1 1165892932 LICK
268 1 1166381476 RESP_END
268 1 1165293752 REWARD_END
269 1 1168086976 STIM_START
269 1 1168890376 LICK
269 1 1169050772 LICK
269 1 1169185588 STIM_END_RESP_START
269 1 1169218748 LICK
269 1 1169219280 REWARD_START
269 1 1169374268 LICK
269 1 1169527448 LICK
269 1 1169667200 LICK
269 1 1170385616 RESP_END
269 1 1169249840 REWARD_END
270 0 1172053140 STIM_START
270 0 1173151772 STIM_END_RESP_START
270 0 1174351788 RESP_END
271 0 1177282676 STIM_START
271 0 1178381300 STIM_END_RESP_START
271 0 1179581324 RESP_END
272 1 1181317808 STIM_START
272 1 1182416444 STIM_END_RESP_START
272 1 1182429068 LICK
272 1 1182429608 REWARD_START
272 1 1182585192 LICK
272 1 1182868540 LICK
272 1 1183035180 LICK
272 1 1183210212 LICK
272 1 1183616492 RESP_END
272 1 1182460160 REWARD_END
273 0 1185455716 STIM_START
273 0 1186554344 STIM_END_RESP_START
273 0 1187754368 RESP_END
274 0 1189607672 STIM_START
274 0 1190706300 STIM_END_RESP_START
274 0 1191906324 RESP_END
275 0 1193564784 STIM_START
275 0 1194663412 STIM_END_RESP_START
275 0 1195863440 RESP_END
276 1 1197463044 STIM_START
276 1 1198510580 LICK
276 1 1198561660 STIM_END_RESP_START
276 1 1198708004 LICK
276 1 1198708540 REWARD_START
276 1 1198856892 LICK
276 1 1199006396 LICK
276 1 1199142372 LICK
276 1 1199305208 LICK
276 1 1199761708 RESP_END
276 1 1198739100 REWARD_END
277 1 1201467164 STIM_START
277 1 1202557344 LICK
277 1 1202565804 STIM_END_RESP_START
277 1 1202752748 LICK
277 1 1202753280 REWARD_START
277 1 1202888128 LICK
277 1 1203029164 LICK
277 1 1203182496 LICK
277 1 1203336132 LICK
277 1 1203504452 LICK
277 1 1203687784 LICK
277 1 1203765816 RESP_END
277 1 1202783840 REWARD_END
278 1 1205411312 STIM_START
278 1 1206376500 LICK
278 1 1206509936 STIM_END_RESP_START
278 1 1206546696 LICK
278 1 1206547228 REWARD_START
278 1 1206704940 LICK
278 1 1206859000 LICK
278 1 1206995380 LICK
278 1 1207159828 LICK
278 1 1207709964 RESP_END
278 1 1206577784 REWARD_END
279 0 1210748716 STIM_START
279 0 1211847348 STIM_END_RESP_START
279 0 1213047376 RESP_END
280 0 1214859772 STIM_START
280 0 1215958400 STIM_END_RESP_START
280 0 1217158428 RESP_END
281 1 1219188456 STIM_START
281 1 1220287084 STIM_END_RESP_START
281 1 1220400540 LICK
281 1 1220401072 REWARD_START
281 1 1220576120 LICK
281 1 1220741632 LICK
281 1 1220913964 LICK
281 1 1221059676 LICK
281 1 1221487124 RESP_END
281 1 1220431632 REWARD_END
282 0 1223550072 STIM_START
282 0 1224648696 STIM_END_RESP_START
282 0 1225848720 RESP_END
283 0 1227800920 STIM_START
283 0 1228899552 STIM_END_RESP_START
283 0 1230099572 RESP_END
284 0 1231689160 STIM_START
284 0 1232787788 STIM_END_RESP_START
284 0 1233987816 RESP_END
285 1 1235964904 STIM_START
285 1 1237063536 STIM_END_RESP_START
285 1 1237100824 LICK
285 1 1237101356 REWARD_START
285 1 1237257308 LICK
285 1 1237404532 LICK
285 1 1237554456 LICK
285 1 1237721028 LICK
285 1 1237871512 LICK
285 1 1238263580 RESP_END
285 1 1237131916 REWARD_END
286 1 1242582808 STIM_START
286 1 1243546724 LICK
286 1 1243681424 STIM_END_RESP_START
286 1 1243720588 LICK
286 1 1243721128 REWARD_START
286 1 1243885356 LICK
286 1 1244038884 LICK
286 1 1244370544 LICK
286 1 1244881464 RESP_END
286 1 1243751688 REWARD_END
287 0 1246890544 STIM_START
287 0 1247989172 STIM_END_RESP_START
287 0 1249189196 RESP_END
288 1 1251119324 STIM_START
288 1 1252046144 LICK
288 1 1252217964 STIM_END_RESP_START
288 1 1252224176 LICK
288 1 1252224716 REWARD_START
288 1 1252377652 LICK
288 1 1252547752 LICK
288 1 1252690204 LICK
288 1 1252845020 LICK
288 1 1253417980 RESP_END
288 1 1252255280 REWARD_END
289 0 1255426120 STIM_START
289 0 1256524740 STIM_END_RESP_START
289 0 1257724768 RESP_END
290 0 1259416216 STIM_START
290 0 1260514848 STIM_END_RESP_START
290 0 1261714872 RESP_END
291 0 1263650972 STIM_START
291 0 1264749600 STIM_END_RESP_START
291 0 1265949620 RESP_END
292 1 1267658108 STIM_START
292 1 1268726616 LICK
292 1 1268756736 STIM_END_RESP_START
292 1 1268882052 LICK
292 1 1268882588 REWARD_START
292 1 1269049404 LICK
292 1 1269210920 LICK
292 1 1269352772 LICK
292 1 1269525904 LICK
292 1 1269697516 LICK
292 1 1269956764 RESP_END
292 1 1268913144 REWARD_END
293 0 1271857924 STIM_START
293 0 1272250168 LICK
293 0 1272956560 STIM_END_RESP_START
293 0 1274156588 RESP_END
294 0 1275958984 STIM_START
294 0 1277057612 STIM_END_RESP_START
294 0 1278257636 RESP_END
295 0 1280339584 STIM_START
295 0 1281438212 STIM_END_RESP_START
295 0 1282638236 RESP_END
296 1 1284473524 STIM_START
296 1 1285559396 LICK
296 1 1285572132 STIM_END_RESP_START
296 1 1285732404 LICK
296 1 1285732936 REWARD_START
296 1 1285886308 LICK
296 1 1286035020 LICK
296 1 1286172464 LICK
296 1 1286323184 LICK
296 1 1286772168 RESP_END
296 1 1285763500 REWARD_END
297 0 1288819160 STIM_START
297 0 1289917792 STIM_END_RESP_START
297 0 1291117816 RESP_END
298 1 1293222820 STIM_START
298 1 1294218828 LICK
298 1 1294321444 STIM_END_RESP_START
298 1 1294419880 LICK
298 1 1294420420 REWARD_START
298 1 1294546884 LICK
298 1 1294687060 LICK
298 1 1294836676 LICK
298 1 1294988268 LICK
298 1 1295521480 RESP_END
298 1 1294450976 REWARD_END
299 1 1297309792 STIM_START
299 1 1297958716 LICK
299 1 1298141436 LICK
299 1 1298312128 LICK
299 1 1298408432 STIM_END_RESP_START
299 1 1298467872 LICK
299 1 1298468404 REWARD_START
299 1 1298616984 LICK
299 1 1298760040 LICK
299 1 1298901880 LICK
299 1 1299063904 LICK
299 1 1299214316 LICK
299 1 1299388056 LICK
299 1 1299608460 RESP_END
299 1 1298498964 REWARD_END
300 1 1301266976 STIM_START
300 1 1301999724 LICK
300 1 1302184984 LICK
300 1 1302354748 LICK
300 1 1302365604 STIM_END_RESP_START
300 1 1302528640 LICK
300 1 1302529176 REWARD_START
300 1 1302672212 LICK
300 1 1302816412 LICK
300 1 1302947668 LICK
300 1 1303084168 LICK
300 1 1303249000 LICK
300 1 1303428984 LICK
300 1 1303565616 RESP_END
300 1 1302559728 REWARD_END
301 0 1305344984 STIM_START
301 0 1306443612 STIM_END_RESP_START
301 0 1307643636 RESP_END
302 1 1309654728 STIM_START
302 1 1310660400 LICK
302 1 1310753352 STIM_END_RESP_START
302 1 1310830992 LICK
302 1 1310831524 REWARD_START
302 1 1310983976 LICK
302 1 1311134428 LICK
302 1 1311270436 LICK
302 1 1311429012 LICK
302 1 1311587540 LICK
302 1 1311953388 RESP_END
302 1 1310862080 REWARD_END
303 0 1313935464 STIM_START
303 0 1315034084 STIM_END_RESP_START
303 0 1316234108 RESP_END
304 0 1318131288 STIM_START
304 0 1319229916 STIM_END_RESP_START
304 0 1320429940 RESP_END
305 1 1322447016 STIM_START
305 1 1323482776 LICK
305 1 1323545628 STIM_END_RESP_START
305 1 1323659184 LICK
305 1 1323659724 REWARD_START
305 1 1323817584 LICK
305 1 1323966864 LICK
305 1 1324114696 LICK
305 1 1324269968 LICK
305 1 1324745652 RESP_END
305 1 1323690284 REWARD_END
306 1 1326686860 STIM_START
306 1 1327785488 STIM_END_RESP_START
306 1 1328069148 LICK
306 1 1328069684 REWARD_START
306 1 1328227312 LICK
306 1 1328529196 LICK
306 1 1328678588 LICK
306 1 1328851908 LICK
306 1 1328985508 RESP_END
306 1 1328100236 REWARD_END
307 1 1330668992 STIM_START
307 1 1331302644 LICK
307 1 1331481736 LICK
307 1 1331641628 LICK
307 1 1331767608 STIM_END_RESP_START
307 1 1331820208 LICK
307 1 1331820744 REWARD_START
307 1 1331962412 LICK
307 1 1332116044 LICK
307 1 1332260352 LICK
307 1 1332423396 LICK
307 1 1332967656 RESP_END
307 1 1331851304 REWARD_END
308 0 1334597184 STIM_START
308 0 1335695816 STIM_END_RESP_START
308 0 1336895840 RESP_END
309 0 1338490408 STIM_START
309 0 1339589036 STIM_END_RESP_START
309 0 1340789060 RESP_END
310 0 1342767204 STIM_START
310 0 1343865824 STIM_END_RESP_START
310 0 1345065848 RESP_END
311 1 1347136856 STIM_START
311 1 1348049004 LICK
311 1 1348222168 LICK
311 1 1348235484 STIM_END_RESP_START
311 1 1348385264 LICK
311 1 1348385804 REWARD_START
311 1 1348528000 LICK
311 1 1348679320 LICK
311 1 1348811944 LICK
311 1 1348969532 LICK
311 1 1349148004 LICK
311 1 1349303124 LICK
311 1 1349435504 RESP_END
311 1 1348416356 REWARD_END
312 0 1351315712 STIM_START
312 0 1352414344 STIM_END_RESP_START
312 0 1353614368 RESP_END
313 1 1355304880 STIM_START
313 1 1356394364 LICK
313 1 1356403512 STIM_END_RESP_START
313 1 1356572624 LICK
313 1 1356573164 REWARD_START
313 1 1356716280 LICK
313 1 1356874848 LICK
313 1 1357003264 LICK
313 1 1357167368 LICK
313 1 1357464252 LICK
313 1 1357603536 RESP_END
313 1 1356603724 REWARD_END
314 1 1359785332 STIM_START
314 1 1360290412 LICK
314 1 1360494344 LICK
314 1 1360662588 LICK
314 1 1360830584 LICK
314 1 1360883940 STIM_END_RESP_START
314 1 1361010832 LICK
314 1 1361011364 REWARD_START
314 1 1361149364 LICK
314 1 1361299740 LICK
314 1 1361444428 LICK
314 1 1362083956 RESP_END
314 1 1361041920 REWARD_END
315 1 1363802388 STIM_START
315 1 1364375848 LICK
315 1 1364544228 LICK
315 1 1364728684 LICK
315 1 1364901000 STIM_END_RESP_START
315 1 1364908960 LICK
315 1 1364909508 REWARD_START
315 1 1365061988 LICK
315 1 1365203796 LICK
315 1 1365334796 LICK
315 1 1365488204 LICK
315 1 1365664704 LICK
315 1 1366101032 RESP_END
315 1 1364940052 REWARD_END
316 0 1370539208 STIM_START
316 0 1371637832 STIM_END_RESP_START
316 0 1372837852 RESP_END
317 0 1374673084 STIM_START
317 0 1375771712 STIM_END_RESP_START
317 0 1376971732 RESP_END
318 0 1378747092 STIM_START
318 0 1379845720 STIM_END_RESP_START
318 0 1381045740 RESP_END
319 1 1382754260 STIM_START
319 1 1383852892 STIM_END_RESP_START
319 1 1383857760 LICK
319 1 1383858308 REWARD_START
319 1 1384041300 LICK
319 1 1384339248 LICK
319 1 1384528232 LICK
319 1 1384679404 LICK
319 1 1385052916 RESP_END
319 1 1383888864 REWARD_END
320 0 1386876144 STIM_START
320 0 1387974772 STIM_END_RESP_START
320 0 1389174796 RESP_END
321 1 1391122968 STIM_START
321 1 1392075260 LICK
321 1 1392221584 STIM_END_RESP_START
321 1 1392254588 LICK
321 1 1392255128 REWARD_START
321 1 1392420392 LICK
321 1 1392562312 LICK
321 1 1392705024 LICK
321 1 1392870528 LICK
321 1 1393421616 RESP_END
321 1 1392285680 REWARD_END
322 1 1395389752 STIM_START
322 1 1396230476 LICK
322 1 1396407796 LICK
322 1 1396488372 STIM_END_RESP_START
322 1 1396578808 LICK
322 1 1396579348 REWARD_START
322 1 1396728744 LICK
322 1 1396880896 LICK
322 1 1397015988 LICK
322 1 1397170428 LICK
322 1 1397688392 RESP_END
322 1 1396609900 REWARD_END
323 0 1405841932 STIM_START
323 0 1406940560 STIM_END_RESP_START
323 0 1408140584 RESP_END
324 0 1409931996 STIM_START
324 0 1411030624 STIM_END_RESP_START
324 0 1412230652 RESP_END
325 0 1414089832 STIM_START
325 0 1415188456 STIM_END_RESP_START
325 0 1416388480 RESP_END
326 1 1418196808 STIM_START
326 1 1419180044 LICK
326 1 1419295424 STIM_END_RESP_START
326 1 1419342436 LICK
326 1 1419342972 REWARD_START
326 1 1419521384 LICK
326 1 1419682644 LICK
326 1 1419828624 LICK
326 1 1419983208 LICK
326 1 1420161648 LICK
326 1 1420495448 RESP_END
326 1 1419373528 REWARD_END
327 1 1424393252 STIM_START
327 1 1425216308 LICK
327 1 1425407492 LICK
327 1 1425491880 STIM_END_RESP_START
327 1 1425566592 LICK
327 1 1425567132 REWARD_START
327 1 1425726444 LICK
327 1 1425891532 LICK
327 1 1426032660 LICK
327 1 1426204608 LICK
327 1 1426691904 RESP_END
327 1 1425597692 REWARD_END
328 0 1428658048 STIM_START
328 0 1428697980 LICK
328 0 1428872328 LICK
328 0 1429046440 LICK
328 0 1429756676 STIM_END_RESP_START
328 0 1430956700 RESP_END
329 0 1432952792 STIM_START
329 0 1434051424 STIM_END_RESP_START
329 0 1435251448 RESP_END
330 1 1437185612 STIM_START
330 1 1437843780 LICK
330 1 1438041408 LICK
330 1 1438209636 LICK
330 1 1438284232 STIM_END_RESP_START
330 1 1438371816 LICK
330 1 1438372360 REWARD_START
330 1 1438525952 LICK
330 1 1438673864 LICK
330 1 1438810132 LICK
330 1 1438988424 LICK
330 1 1439143724 LICK
330 1 1439484248 RESP_END
330 1 1438402920 REWARD_END
331 0 1444011232 STIM_START
331 0 1445109860 STIM_END_RESP_START
331 0 1446309876 RESP_END
332 0 1448140156 STIM_START
332 0 1449238784 STIM_END_RESP_START
332 0 1450438808 RESP_END
333 1 1452307072 STIM_START
333 1 1453405700 STIM_END_RESP_START
333 1 1453431312 LICK
333 1 1453431852 REWARD_START
333 1 1453593660 LICK
333 1 1453893572 LICK
333 1 1454052636 LICK
333 1 1454585760 LICK
333 1 1454605720 RESP_END
333 1 1453462408 REWARD_END
334 0 1456504912 STIM_START
334 0 1456848976 LICK
334 0 1457030620 LICK
334 0 1457603544 STIM_END_RESP_START
334 0 1458803564 RESP_END
335 0 1460836656 STIM_START
335 0 1461935288 STIM_END_RESP_START
335 0 1463135312 RESP_END
336 0 1465134368 STIM_START
336 0 1466233000 STIM_END_RESP_START
336 0 1467433028 RESP_END
337 1 1469478080 STIM_START
337 1 1470221328 LICK
337 1 1470407712 LICK
337 1 1470573512 LICK
337 1 1470576684 STIM_END_RESP_START
337 1 1470756424 LICK
337 1 1470756964 REWARD_START
337 1 1470897584 LICK
337 1 1471054636 LICK
337 1 1471180852 LICK
337 1 1471342000 LICK
337 1 1471491252 LICK
337 1 1471647564 LICK
337 1 1471776728 RESP_END
337 1 1470787516 REWARD_END
338 1 1473622008 STIM_START
338 1 1473856744 LICK
338 1 1474072584 LICK
338 1 1474250896 LICK
338 1 1474630712 LICK
338 1 1474720640 STIM_END_RESP_START
338 1 1474809616 LICK
338 1 1474810152 REWARD_START
338 1 1474969464 LICK
338 1 1475127920 LICK
338 1 1475273632 LICK
338 1 1475432312 LICK
338 1 1475920668 RESP_END
338 1 1474840708 REWARD_END
339 1 1477526228 STIM_START
339 1 1478255356 LICK
339 1 1478427780 LICK
339 1 1478601036 LICK
339 1 1478624860 STIM_END_RESP_START
339 1 1478775188 LICK
339 1 1478775720 REWARD_START
339 1 1478922104 LICK
339 1 1479066648 LICK
339 1 1479194000 LICK
339 1 1479344148 LICK
339 1 1479824876 RESP_END
339 1 1478806276 REWARD_END
340 0 1481882900 STIM_START
340 0 1482981528 STIM_END_RESP_START
340 0 1484181548 RESP_END
341 1 1486206600 STIM_START
341 1 1486992028 LICK
341 1 1487175436 LICK
341 1 1487305224 STIM_END_RESP_START
341 1 1487342396 LICK
341 1 1487342936 REWARD_START
341 1 1487488700 LICK
341 1 1487630288 LICK
341 1 1487767304 LICK
341 1 1487922428 LICK
341 1 1488505252 RESP_END
341 1 1487373496 REWARD_END
342 1 1490393476 STIM_START
342 1 1491275380 LICK
342 1 1491457392 LICK
342 1 1491492108 STIM_END_RESP_START
342 1 1491611304 LICK
342 1 1491611844 REWARD_START
342 1 1491762272 LICK
342 1 1491907216 LICK
342 1 1492045500 LICK
342 1 1492362180 LICK
342 1 1492534136 LICK
342 1 1492692124 RESP_END
342 1 1491642400 REWARD_END
343 1 1494676276 STIM_START
343 1 1495774912 STIM_END_RESP_START
343 1 1495796696 LICK
343 1 1495797232 REWARD_START
343 1 1495959836 LICK
343 1 1496114004 LICK
343 1 1496259984 LICK
343 1 1496426856 LICK
343 1 1496974936 RESP_END
343 1 1495827796 REWARD_END
344 0 1498935016 STIM_START
344 0 1500033648 STIM_END_RESP_START
344 0 1501233672 RESP_END
345 0 1503179828 STIM_START
345 0 1504278456 STIM_END_RESP_START
345 0 1505478480 RESP_END
346 0 1507286752 STIM_START
346 0 1508385384 STIM_END_RESP_START
346 0 1509585408 RESP_END
347 1 1511455696 STIM_START
347 1 1511997912 LICK
347 1 1512167888 LICK
347 1 1512334704 LICK
347 1 1512494232 LICK
347 1 1512554304 STIM_END_RESP_START
347 1 1512655260 LICK
347 1 1512655792 REWARD_START
347 1 1512793564 LICK
347 1 1513069064 LICK
347 1 1513223496 LICK
347 1 1513380652 LICK
347 1 1513754320 RESP_END
347 1 1512686352 REWARD_END
348 0 1515481792 STIM_START
348 0 1516580420 STIM_END_RESP_START
348 0 1517780448 RESP_END
349 0 1519538820 STIM_START
349 0 1520637448 STIM_END_RESP_START
349 0 1521837476 RESP_END
350 1 1523627768 STIM_START
350 1 1524713836 LICK
350 1 1524726384 STIM_END_RESP_START
350 1 1524878464 LICK
350 1 1524878996 REWARD_START
350 1 1525033540 LICK
350 1 1525309192 LICK
350 1 1525470796 LICK
350 1 1525926420 RESP_END
350 1 1524909556 REWARD_END
351 1 1527990420 STIM_START
351 1 1528048708 LICK
351 1 1528208656 LICK
351 1 1528382564 LICK
351 1 1528562984 LICK
351 1 1528744332 LICK
351 1 1528924992 LICK
351 1 1529088864 LICK
351 1 1529089436 STIM_END_RESP_START
351 1 1529250964 LICK
351 1 1529251496 REWARD_START
351 1 1529416304 LICK
351 1 1529558048 LICK
351 1 1529711172 LICK
351 1 1530289456 RESP_END
351 1 1529282056 REWARD_END
352 1 1532333180 STIM_START
352 1 1532865540 LICK
352 1 1533038708 LICK
352 1 1533216616 LICK
352 1 1533385488 LICK
352 1 1533431796 STIM_END_RESP_START
352 1 1533557124 LICK
352 1 1533557656 REWARD_START
352 1 1533690832 LICK
352 1 1533833280 LICK
352 1 1533970532 LICK
352 1 1534137248 LICK
352 1 1534447064 LICK
352 1 1534631820 RESP_END
352 1 1533588216 REWARD_END
353 0 1536736776 STIM_START
353 0 1537835408 STIM_END_RESP_START
353 0 1539035432 RESP_END
354 1 1541073456 STIM_START
354 1 1541693212 LICK
354 1 1541876296 LICK
354 1 1542035680 LICK
354 1 1542172064 STIM_END_RESP_START
354 1 1542193396 LICK
354 1 1542193928 REWARD_START
354 1 1542350328 LICK
354 1 1542490768 LICK
354 1 1542624316 LICK
354 1 1542773092 LICK
354 1 1542929956 LICK
354 1 1543117652 LICK
354 1 1543372080 RESP_END
354 1 1542224488 REWARD_END
355 1 1545202356 STIM_START
355 1 1545910668 LICK
355 1 1546075988 LICK
355 1 1546255696 LICK
355 1 1546300964 STIM_END_RESP_START
355 1 1546444776 LICK
355 1 1546445320 REWARD_START
355 1 1546579568 LICK
355 1 1546721792 LICK
355 1 1546852952 LICK
355 1 1547013060 LICK
355 1 1547338844 LICK
355 1 1547500984 RESP_END
355 1 1546475876 REWARD_END
356 1 1549562044 STIM_START
356 1 1550276820 LICK
356 1 1550447936 LICK
356 1 1550616656 LICK
356 1 1550660684 STIM_END_RESP_START
356 1 1550779368 LICK
356 1 1550779904 REWARD_START
356 1 1550932632 LICK
356 1 1551077964 LICK
356 1 1551223828 LICK
356 1 1551860732 RESP_END
356 1 1550810468 REWARD_END
357 0 1553593128 STIM_START
357 0 1554691756 STIM_END_RESP_START
357 0 1555891784 RESP_END
358 1 1557562252 STIM_START
358 1 1558521548 LICK
358 1 1558660884 STIM_END_RESP_START
358 1 1558697496 LICK
358 1 1558698036 REWARD_START
358 1 1558843076 LICK
358 1 1558985788 LICK
358 1 1559115880 LICK
358 1 1559279676 LICK
358 1 1559860908 RESP_END
358 1 1558728588 REWARD_END
359 1 1561467460 STIM_START
359 1 1562233460 LICK
359 1 1562391516 LICK
359 1 1562557120 LICK
359 1 1562566080 STIM_END_RESP_START
359 1 1562722736 LICK
359 1 1562723272 REWARD_START
359 1 1562857256 LICK
359 1 1562999068 LICK
359 1 1563139012 LICK
359 1 1563440600 LICK
359 1 1563628372 LICK
359 1 1563766104 RESP_END
359 1 1562753832 REWARD_END
360 1 1565784160 STIM_START
360 1 1566512048 LICK
360 1 1566673076 LICK
360 1 1566841068 LICK
360 1 1566882800 STIM_END_RESP_START
360 1 1567003424 LICK
360 1 1567003964 REWARD_START
360 1 1567155868 LICK
360 1 1567296620 LICK
360 1 1567425860 LICK
360 1 1567870616 LICK
360 1 1568047124 LICK
360 1 1568082828 RESP_END
360 1 1567034524 REWARD_END
361 0 1569704392 STIM_START
361 0 1570803024 STIM_END_RESP_START
361 0 1572003052 RESP_END
362 0 1573913268 STIM_START
362 0 1575011896 STIM_END_RESP_START
362 0 1576211924 RESP_END
363 1 1578282900 STIM_START
363 1 1579266480 LICK
363 1 1579381524 STIM_END_RESP_START
363 1 1579430336 LICK
363 1 1579430868 REWARD_START
363 1 1579581304 LICK
363 1 1579869704 LICK
363 1 1580033724 LICK
363 1 1580581548 RESP_END
363 1 1579461428 REWARD_END
364 1 1583951952 STIM_START
364 1 1584667952 LICK
364 1 1584863616 LICK
364 1 1585024168 LICK
364 1 1585050564 STIM_END_RESP_START
364 1 1585192996 LICK
364 1 1585193532 REWARD_START
364 1 1585335960 LICK
364 1 1585468016 LICK
364 1 1585610208 LICK
364 1 1585768232 LICK
364 1 1585920964 LICK
364 1 1586071724 LICK
364 1 1586250576 RESP_END
364 1 1585224092 REWARD_END
365 1 1587863200 STIM_START
365 1 1588606648 LICK
365 1 1588766764 LICK
365 1 1588948948 LICK
365 1 1588961808 STIM_END_RESP_START
365 1 1589114256 LICK
365 1 1589114792 REWARD_START
365 1 1589265996 LICK
365 1 1589405712 LICK
365 1 1589542032 LICK
365 1 1589816108 LICK
365 1 1590004036 LICK
365 1 1590161828 RESP_END
365 1 1589145352 REWARD_END
366 0 1591841292 STIM_START
366 0 1592939920 STIM_END_RESP_START
366 0 1594139944 RESP_END
367 1 1596173996 STIM_START
367 1 1597039044 LICK
367 1 1597194880 LICK
367 1 1597272628 STIM_END_RESP_START
367 1 1597358752 LICK
367 1 1597359292 REWARD_START
367 1 1597511432 LICK
367 1 1597651796 LICK
367 1 1597781696 LICK
367 1 1597935136 LICK
367 1 1598096708 LICK
367 1 1598472648 RESP_END
367 1 1597389856 REWARD_END
368 0 1600108132 STIM_START
368 0 1601206760 STIM_END_RESP_START
368 0 1602406784 RESP_END
369 0 1604395880 STIM_START
369 0 1605494508 STIM_END_RESP_START
369 0 1606694532 RESP_END
370 1 1608667788 STIM_START
370 1 1609766416 STIM_END_RESP_START
370 1 1609921456 LICK
370 1 1609921996 REWARD_START
370 1 1610091308 LICK
370 1 1610389256 LICK
370 1 1610528060 LICK
370 1 1610701688 LICK
370 1 1610966436 RESP_END
370 1 1609952556 REWARD_END
371 1 1612774656 STIM_START
371 1 1613367820 LICK
371 1 1613550400 LICK
371 1 1613728356 LICK
371 1 1613873260 STIM_END_RESP_START
371 1 1613894400 LICK
371 1 1613894940 REWARD_START
371 1 1614045804 LICK
371 1 1614182696 LICK
371 1 1614485148 LICK
371 1 1614650844 LICK
371 1 1615073276 RESP_END
371 1 1613925500 REWARD_END
372 0 1616795776 STIM_START
372 0 1617894404 STIM_END_RESP_START
372 0 1619094424 RESP_END
373 1 1622201160 STIM_START
373 1 1622324984 LICK
373 1 1622543216 LICK
373 1 1622709456 LICK
373 1 1622899068 LICK
373 1 1623082340 LICK
373 1 1623257644 LICK
373 1 1623299772 STIM_END_RESP_START
373 1 1623402336 LICK
373 1 1623402876 REWARD_START
373 1 1623552700 LICK
373 1 1623694060 LICK
373 1 1623842160 LICK
373 1 1624005496 LICK
373 1 1624499800 RESP_END
373 1 1623433436 REWARD_END
374 0 1626145344 STIM_START
374 0 1627243968 STIM_END_RESP_START
374 0 1628443996 RESP_END
375 0 1630300212 STIM_START
375 0 1631398832 STIM_END_RESP_START
375 0 1632598860 RESP_END
376 1 1636946096 STIM_START
376 1 1637577392 LICK
376 1 1637768828 LICK
376 1 1637940784 LICK
376 1 1638044704 STIM_END_RESP_START
376 1 1638109584 LICK
376 1 1638110120 REWARD_START
376 1 1638265720 LICK
376 1 1638411400 LICK
376 1 1638580700 LICK
376 1 1638732100 LICK
376 1 1639244724 RESP_END
376 1 1638140680 REWARD_END
377 1 1640884280 STIM_START
377 1 1641659232 LICK
377 1 1641830028 LICK
377 1 1641982908 STIM_END_RESP_START
377 1 1642000124 LICK
377 1 1642000660 REWARD_START
377 1 1642151616 LICK
377 1 1642301116 LICK
377 1 1642445272 LICK
377 1 1643182952 RESP_END
377 1 1642031216 REWARD_END
378 0 1647668932 STIM_START
378 0 1648767560 STIM_END_RESP_START
378 0 1649967584 RESP_END
379 0 1652019656 STIM_START
379 0 1653118280 STIM_END_RESP_START
379 0 1654318308 RESP_END
380 0 1656069640 STIM_START
380 0 1657168268 STIM_END_RESP_START
380 0 1658368292 RESP_END
381 1 1660159612 STIM_START
381 1 1661258244 STIM_END_RESP_START
381 1 1662059876 LICK
381 1 1662060408 REWARD_START
381 1 1662222840 LICK
381 1 1662392340 LICK
381 1 1662458288 RESP_END
381 1 1662090968 REWARD_END
382 0 1664769964 STIM_START
382 0 1665868592 STIM_END_RESP_START
382 0 1667068616 RESP_END
383 1 1669018764 STIM_START
383 1 1670117392 STIM_END_RESP_START
383 1 1670137976 LICK
383 1 1670138512 REWARD_START
383 1 1670280068 LICK
383 1 1670454332 LICK
383 1 1670578196 LICK
383 1 1670731008 LICK
383 1 1671317424 RESP_END
383 1 1670169072 REWARD_END
384 1 1675084408 STIM_START
384 1 1675756348 LICK
384 1 1675957696 LICK
384 1 1676118056 LICK
384 1 1676183008 STIM_END_RESP_START
384 1 1676282536 LICK
384 1 1676283076 REWARD_START
384 1 1676464488 LICK
384 1 1676620476 LICK
384 1 1676759212 LICK
384 1 1676936020 LICK
384 1 1677383032 RESP_END
384 1 1676313640 REWARD_END
385 1 1679468020 STIM_START
385 1 1680326680 LICK
385 1 1680513132 LICK
385 1 1680566636 STIM_END_RESP_START
385 1 1680671412 LICK
385 1 1680671948 REWARD_START
385 1 1680820708 LICK
385 1 1681113600 LICK
385 1 1681265228 LICK
385 1 1681421748 LICK
385 1 1681766668 RESP_END
385 1 1680702508 REWARD_END
386 0 1683894556 STIM_START
386 0 1684993180 STIM_END_RESP_START
386 0 1686193204 RESP_END
387 1 1687805820 STIM_START
387 1 1688821144 LICK
387 1 1688904452 STIM_END_RESP_START
387 1 1688976236 LICK
387 1 1688976772 REWARD_START
387 1 1689136868 LICK
387 1 1689280532 LICK
387 1 1689414372 LICK
387 1 1689574612 LICK
387 1 1690104492 RESP_END
387 1 1689007332 REWARD_END
388 1 1692048572 STIM_START
388 1 1693040576 LICK
388 1 1693147172 STIM_END_RESP_START
388 1 1693209608 LICK
388 1 1693210140 REWARD_START
388 1 1693374404 LICK
388 1 1693680128 LICK
388 1 1693820000 LICK
388 1 1694112476 LICK
388 1 1694289408 LICK
388 1 1694347196 RESP_END
388 1 1693240696 REWARD_END
389 1 1696277476 STIM_START
389 1 1696907588 LICK
389 1 1697100040 LICK
389 1 1697273824 LICK
389 1 1697376112 STIM_END_RESP_START
389 1 1697432168 LICK
389 1 1697432704 REWARD_START
389 1 1697604784 LICK
389 1 1697749160 LICK
389 1 1697896236 LICK
389 1 1698054116 LICK
389 1 1698576156 RESP_END
389 1 1697463260 REWARD_END
390 0 1700402388 STIM_START
390 0 1701501016 STIM_END_RESP_START
390 0 1702701032 RESP_END
391 0 1704655196 STIM_START
391 0 1705753824 STIM_END_RESP_START
391 0 1706953848 RESP_END
392 0 1708702184 STIM_START
392 0 1709800812 STIM_END_RESP_START
392 0 1711000836 RESP_END
393 1 1712695336 STIM_START
393 1 1713707696 LICK
393 1 1713793972 STIM_END_RESP_START
393 1 1713873304 LICK
393 1 1713873836 REWARD_START
393 1 1714028332 LICK
393 1 1714210572 LICK
393 1 1714349268 LICK
393 1 1714993984 RESP_END
393 1 1713904396 REWARD_END
394 0 1716767312 STIM_START
394 0 1717865940 STIM_END_RESP_START
394 0 1719065964 RESP_END
395 1 1721814168 STIM_START
395 1 1722908012 LICK
395 1 1722912796 STIM_END_RESP_START
395 1 1723062072 LICK
395 1 1723062612 REWARD_START
395 1 1723231212 LICK
395 1 1723392028 LICK
395 1 1723527264 LICK
395 1 1723683892 LICK
395 1 1724112816 RESP_END
395 1 1723093172 REWARD_END
396 1 1728416088 STIM_START
396 1 1729297064 LICK
396 1 1729496752 LICK
396 1 1729514712 STIM_END_RESP_START
396 1 1729680060 LICK
396 1 1729680596 REWARD_START
396 1 1729836388 LICK
396 1 1730153908 LICK
396 1 1730315400 LICK
396 1 1730482460 LICK
396 1 1730654144 LICK
396 1 1730714756 RESP_END
396 1 1729711156 REWARD_END
397 1 1732733764 STIM_START
397 1 1733495068 LICK
397 1 1733697224 LICK
397 1 1733832376 STIM_END_RESP_START
397 1 1733866812 LICK
397 1 1733867344 REWARD_START
397 1 1734027356 LICK
397 1 1734178008 LICK
397 1 1734311428 LICK
397 1 1735032416 RESP_END
397 1 1733897904 REWARD_END
398 0 1737073508 STIM_START
398 0 1738172136 STIM_END_RESP_START
398 0 1739372164 RESP_END
399 1 1741122584 STIM_START
399 1 1742201284 LICK
399 1 1742221196 STIM_END_RESP_START
399 1 1742388244 LICK
399 1 1742388776 REWARD_START
399 1 1742526104 LICK
399 1 1742672156 LICK
399 1 1742811308 LICK
399 1 1742967404 LICK
399 1 1743421212 RESP_END
399 1 1742419336 REWARD_END
400 0 1745024776 STIM_START
400 0 1746123400 STIM_END_RESP_START
400 0 1747323424 RESP_END
401 1 1748980872 STIM_START
401 1 1749628224 LICK
401 1 1749812600 LICK
401 1 1749966872 LICK
401 1 1750079472 STIM_END_RESP_START
401 1 1750145668 LICK
401 1 1750146204 REWARD_START
401 1 1750286052 LICK
401 1 1750425804 LICK
401 1 1750583192 LICK
401 1 1750728036 LICK
401 1 1750891956 LICK
401 1 1751279500 RESP_END
401 1 1750176760 REWARD_END
402 0 1754718868 STIM_START
402 0 1755817500 STIM_END_RESP_START
402 0 1757017524 RESP_END
403 0 1758746916 STIM_START
403 0 1759845544 STIM_END_RESP_START
403 0 1761045572 RESP_END
404 0 1763060624 STIM_START
404 0 1764159252 STIM_END_RESP_START
404 0 1765359280 RESP_END
405 1 1767019820 STIM_START
405 1 1767492952 LICK
405 1 1767659876 LICK
405 1 1767873744 LICK
405 1 1768024016 LICK
405 1 1768118436 STIM_END_RESP_START
405 1 1768211240 LICK
405 1 1768211780 REWARD_START
405 1 1768378724 LICK
405 1 1768533804 LICK
405 1 1768663256 LICK
405 1 1768809724 LICK
405 1 1769318480 RESP_END
405 1 1768242336 REWARD_END
406 1 1771106840 STIM_START
406 1 1771372788 LICK
406 1 1771585368 LICK
406 1 1771744040 LICK
406 1 1771922720 LICK
406 1 1772095208 LICK
406 1 1772205468 STIM_END_RESP_START
406 1 1772238508 LICK
406 1 1772239048 REWARD_START
406 1 1772383260 LICK
406 1 1772528880 LICK
406 1 1772670872 LICK
406 1 1772964428 LICK
406 1 1773125460 LICK
406 1 1773405488 RESP_END
406 1 1772269608 REWARD_END
407 1 1775348672 STIM_START
407 1 1775997188 LICK
407 1 1776174488 LICK
407 1 1776353940 LICK
407 1 1776447308 STIM_END_RESP_START
407 1 1776520068 LICK
407 1 1776520608 REWARD_START
407 1 1776675440 LICK
407 1 1776816528 LICK
407 1 1776956524 LICK
407 1 1777109656 LICK
407 1 1777253512 LICK
407 1 1777422316 LICK
407 1 1777647348 RESP_END
407 1 1776551168 REWARD_END
408 0 1779609400 STIM_START
408 0 1780708032 STIM_END_RESP_START
408 0 1781908056 RESP_END
409 1 1783778332 STIM_START
409 1 1784618556 LICK
409 1 1784790616 LICK
409 1 1784876960 STIM_END_RESP_START
409 1 1784956972 LICK
409 1 1784957504 REWARD_START
409 1 1785109832 LICK
409 1 1785378428 LICK
409 1 1785529480 LICK
409 1 1785695972 LICK
409 1 1785856136 LICK
409 1 1786018720 LICK
409 1 1786076992 RESP_END
409 1 1784988064 REWARD_END
410 0 1788322780 STIM_START
410 0 1789421408 STIM_END_RESP_START
410 0 1790621436 RESP_END
411 1 1792510632 STIM_START
411 1 1792900420 LICK
411 1 1793124264 LICK
411 1 1793284572 LICK
411 1 1793461588 LICK
411 1 1793609248 STIM_END_RESP_START
411 1 1793622284 LICK
411 1 1793622828 REWARD_START
411 1 1793767536 LICK
411 1 1793909252 LICK
411 1 1794043656 LICK
411 1 1794195476 LICK
411 1 1794809284 RESP_END
411 1 1793653384 REWARD_END
412 1 1796789372 STIM_START
412 1 1797667312 LICK
412 1 1797843532 LICK
412 1 1797887976 STIM_END_RESP_START
412 1 1798008232 LICK
412 1 1798008764 REWARD_START
412 1 1798146080 LICK
412 1 1798286808 LICK
412 1 1798429944 LICK
412 1 1798567576 LICK
412 1 1798725460 LICK
412 1 1798891460 LICK
412 1 1799086704 LICK
412 1 1799088020 RESP_END
412 1 1798039328 REWARD_END
413 1 1800981192 STIM_START
413 1 1801754004 LICK
413 1 1801925028 LICK
413 1 1802079808 STIM_END_RESP_START
413 1 1802108464 LICK
413 1 1802109004 REWARD_START
413 1 1802261220 LICK
413 1 1802551124 LICK
413 1 1802849868 LICK
413 1 1803016056 LICK
413 1 1803279852 RESP_END
413 1 1802139560 REWARD_END
414 0 1805361904 STIM_START
414 0 1806460532 STIM_END_RESP_START
414 0 1807660556 RESP_END
415 1 1809352024 STIM_START
415 1 1809823312 LICK
415 1 1810009272 LICK
415 1 1810177424 LICK
415 1 1810370308 LICK
415 1 1810450648 STIM_END_RESP_START
415 1 1810534932 LICK
415 1 1810535468 REWARD_START
415 1 1810688812 LICK
415 1 1810963284 LICK
415 1 1811116172 LICK
415 1 1811650676 RESP_END
415 1 1810566020 REWARD_END
416 1 1813253172 STIM_START
416 1 1813956168 LICK
416 1 1814127148 LICK
416 1 1814301536 LICK
416 1 1814351776 STIM_END_RESP_START
416 1 1814473980 LICK
416 1 1814474512 REWARD_START
416 1 1814615704 LICK
416 1 1814757512 LICK
416 1 1814893636 LICK
416 1 1815046776 LICK
416 1 1815551808 RESP_END
416 1 1814505072 REWARD_END
417 1 1817335256 STIM_START
417 1 1818085896 LICK
417 1 1818261156 LICK
417 1 1818433872 STIM_END_RESP_START
417 1 1818456816 LICK
417 1 1818457356 REWARD_START
417 1 1818603500 LICK
417 1 1818746520 LICK
417 1 1818875400 LICK
417 1 1819026756 LICK
417 1 1819186192 LICK
417 1 1819344992 LICK
417 1 1819633896 RESP_END
417 1 1818487920 REWARD_END
418 0 1821355280 STIM_START
418 0 1822453908 STIM_END_RESP_START
418 0 1823653936 RESP_END
419 0 1825522188 STIM_START
419 0 1826620816 STIM_END_RESP_START
419 0 1827820844 RESP_END
420 0 1829911800 STIM_START
420 0 1831010428 STIM_END_RESP_START
420 0 1832210452 RESP_END
421 1 1834162636 STIM_START
421 1 1835246692 LICK
421 1 1835261236 STIM_END_RESP_START
421 1 1835413184 LICK
421 1 1835413724 REWARD_START
421 1 1835573760 LICK
421 1 1835856348 LICK
421 1 1836182740 LICK
421 1 1836363340 LICK
421 1 1836461264 RESP_END
421 1 1835444284 REWARD_END
422 1 1838058840 STIM_START
422 1 1838705884 LICK
422 1 1838907452 LICK
422 1 1839076792 LICK
422 1 1839157480 STIM_END_RESP_START
422 1 1839253172 LICK
422 1 1839253712 REWARD_START
422 1 1839413528 LICK
422 1 1839575932 LICK
422 1 1839699608 LICK
422 1 1839862196 LICK
422 1 1840357492 RESP_END
422 1 1839284272 REWARD_END
423 1 1844217300 STIM_START
423 1 1844957008 LICK
423 1 1845150812 LICK
423 1 1845315904 STIM_END_RESP_START
423 1 1845322788 LICK
423 1 1845323332 REWARD_START
423 1 1845500680 LICK
423 1 1845658600 LICK
423 1 1845797748 LICK
423 1 1845950292 LICK
423 1 1846515944 RESP_END
423 1 1845353876 REWARD_END
424 0 1848147504 STIM_START
424 0 1849246132 STIM_END_RESP_START
424 0 1850446156 RESP_END
425 0 1852497120 STIM_START
425 0 1853595744 STIM_END_RESP_START
425 0 1854795764 RESP_END
426 1 1856584152 STIM_START
426 1 1857647776 LICK
426 1 1857682780 STIM_END_RESP_START
426 1 1857811856 LICK
426 1 1857812388 REWARD_START
426 1 1857990868 LICK
426 1 1858145976 LICK
426 1 1858279476 LICK
426 1 1858426900 LICK
426 1 1858882828 RESP_END
426 1 1857842948 REWARD_END
427 1 1860868880 STIM_START
427 1 1861767416 LICK
427 1 1861933304 LICK
427 1 1861967492 STIM_END_RESP_START
427 1 1862099724 LICK
427 1 1862100264 REWARD_START
427 1 1862262424 LICK
427 1 1862540456 LICK
427 1 1862688416 LICK
427 1 1862835296 LICK
427 1 1863011880 LICK
427 1 1863167508 RESP_END
427 1 1862130820 REWARD_END
428 1 1865011868 STIM_START
428 1 1865865300 LICK
428 1 1866043484 LICK
428 1 1866110504 STIM_END_RESP_START
428 1 1866214160 LICK
428 1 1866214700 REWARD_START
428 1 1866363128 LICK
428 1 1866641880 LICK
428 1 1866807808 LICK
428 1 1867310536 RESP_END
428 1 1866245264 REWARD_END
429 0 1869234684 STIM_START
429 0 1870333312 STIM_END_RESP_START
429 0 1871533340 RESP_END
430 1 1873184852 STIM_START
430 1 1874283472 STIM_END_RESP_START
430 1 1874377372 LICK
430 1 1874377912 REWARD_START
430 1 1874576784 LICK
430 1 1874748852 LICK
430 1 1874936812 LICK
430 1 1875113396 LICK
430 1 1875483496 RESP_END
430 1 1874408472 REWARD_END
431 1 1877149932 STIM_START
431 1 1878248560 STIM_END_RESP_START
431 1 1878516228 LICK
431 1 1878516768 REWARD_START
431 1 1878702216 LICK
431 1 1878870300 LICK
431 1 1879448572 RESP_END
431 1 1878547320 REWARD_END
432 0 1881461736 STIM_START
432 0 1881938760 LICK
432 0 1882160716 LICK
432 0 1882560364 STIM_END_RESP_START
432 0 1882596492 LICK
432 0 1882597024 TIMEOUT_START
432 0 1882814020 LICK
432 0 1882814560 TIMEOUT_START
432 0 1882990012 LICK
432 0 1882990548 TIMEOUT_START
432 0 1883760396 RESP_END
432 0 1889991112 TIMEOUT_END
433 0 1891589300 STIM_START
433 0 1892687928 STIM_END_RESP_START
433 0 1893887948 RESP_END
434 0 1895726224 STIM_START
434 0 1896824852 STIM_END_RESP_START
434 0 1898024872 RESP_END
435 1 1900915872 STIM_START
435 1 1902014500 STIM_END_RESP_START
435 1 1902066876 LICK
435 1 1902067412 REWARD_START
435 1 1902288876 LICK
435 1 1902437280 LICK
435 1 1902648604 LICK
435 1 1902862088 LICK
435 1 1903044888 LICK
435 1 1903214516 RESP_END
435 1 1902097972 REWARD_END
436 0 1904855028 STIM_START
436 0 1905953660 STIM_END_RESP_START
436 0 1907153680 RESP_END
437 1 1909089888 STIM_START
437 1 1910119876 LICK
437 1 1910188492 STIM_END_RESP_START
437 1 1910321144 LICK
437 1 1910321684 REWARD_START
437 1 1910555668 LICK
437 1 1911388536 RESP_END
437 1 1910352244 REWARD_END
438 0 1913096976 STIM_START
438 0 1914195604 STIM_END_RESP_START
438 0 1915395628 RESP_END
439 0 1917245876 STIM_START
439 0 1918344508 STIM_END_RESP_START
439 0 1919544532 RESP_END
440 0 1921275936 STIM_START
440 0 1922374560 STIM_END_RESP_START
440 0 1923574584 RESP_END
441 1 1927403396 STIM_START
441 1 1928502024 STIM_END_RESP_START
441 1 1929702052 RESP_END
442 0 1933952372 STIM_START
442 0 1935050996 STIM_END_RESP_START
442 0 1935363116 LICK
442 0 1935363644 TIMEOUT_START
442 0 1936251036 RESP_END
442 0 1942364204 TIMEOUT_END
443 0 1946344264 STIM_START
443 0 1947442892 STIM_END_RESP_START
443 0 1948642940 RESP_END
444 0 1950852672 STIM_START
444 0 1950997628 LICK
444 0 1951150040 LICK
444 0 1951951300 STIM_END_RESP_START
444 0 1953151328 RESP_END
445 1 1958457452 STIM_START
445 1 1959556072 STIM_END_RESP_START
445 1 1960756096 RESP_END
446 1 1962845056 STIM_START
446 1 1963896592 LICK
446 1 1963943664 STIM_END_RESP_START
446 1 1964099156 LICK
446 1 1964099696 REWARD_START
446 1 1964396828 LICK
446 1 1965143684 RESP_END
446 1 1964130252 REWARD_END
447 0 1966931024 STIM_START
447 0 1968029644 STIM_END_RESP_START
447 0 1969229668 RESP_END
448 1 1971220772 STIM_START
448 1 1972319400 STIM_END_RESP_START
448 1 1973519424 RESP_END
449 0 1975557488 STIM_START
449 0 1976656116 STIM_END_RESP_START
449 0 1977856140 RESP_END
450 0 1979629432 STIM_START
450 0 1980728060 STIM_END_RESP_START
450 0 1981928088 RESP_END
451 1 1983956180 STIM_START
451 1 1985054812 STIM_END_RESP_START
451 1 1986254828 RESP_END
452 0 1988284872 STIM_START
452 0 1989383500 STIM_END_RESP_START
452 0 1990583528 RESP_END
453 0 1992651528 STIM_START
453 0 1993750156 STIM_END_RESP_START
453 0 1994950184 RESP_END
454 1 1996561716 STIM_START
454 1 1997660348 STIM_END_RESP_START
454 1 1998860372 RESP_END
455 1 2000869460 STIM_START
455 1 2001968084 STIM_END_RESP_START
455 1 2003168108 RESP_END
456 0 2005074332 STIM_START
456 0 2006172960 STIM_END_RESP_START
456 0 2007372988 RESP_END
457 1 2009119412 STIM_START
457 1 2010218040 STIM_END_RESP_START
457 1 2011418068 RESP_END
458 0 2013406152 STIM_START
458 0 2014504780 STIM_END_RESP_START
458 0 2015704808 RESP_END
459 0 2017313388 STIM_START
459 0 2018412016 STIM_END_RESP_START
459 0 2019612044 RESP_END
460 0 2021301500 STIM_START
460 0 2022400128 STIM_END_RESP_START
460 0 2023600152 RESP_END
461 1 2025549344 STIM_START
461 1 2026647972 STIM_END_RESP_START
461 1 2027847996 RESP_END
462 0 2029661196 STIM_START
462 0 2030759816 STIM_END_RESP_START
462 0 2031959844 RESP_END
463 1 2033810108 STIM_START
463 1 2034908740 STIM_END_RESP_START
463 1 2036108764 RESP_END
464 1 2038137812 STIM_START
464 1 2039236440 STIM_END_RESP_START
464 1 2040436468 RESP_END
465 0 2042504536 STIM_START
465 0 2043603164 STIM_END_RESP_START
465 0 2044803192 RESP_END
466 0 2046454684 STIM_START
466 0 2047553316 STIM_END_RESP_START
466 0 2048753340 RESP_END
467 1 2050484744 STIM_START
467 1 2051583368 STIM_END_RESP_START
467 1 2052783396 RESP_END
468 0 2054560724 STIM_START
468 0 2055659352 STIM_END_RESP_START
468 0 2056859376 RESP_END
469 0 2058890424 STIM_START
469 0 2059989052 STIM_END_RESP_START
469 0 2061189068 RESP_END
470 1 2062879512 STIM_START
470 1 2063978144 STIM_END_RESP_START
470 1 2065178168 RESP_END
471 1 2066812732 STIM_START
471 1 2067911364 STIM_END_RESP_START
471 1 2069111388 RESP_END
472 0 2071060508 STIM_START
472 0 2072159132 STIM_END_RESP_START
472 0 2073359156 RESP_END
473 0 2075337280 STIM_START
473 0 2076435908 STIM_END_RESP_START
473 0 2077635932 RESP_END
474 1 2079631040 STIM_START
474 1 2080729672 STIM_END_RESP_START
474 1 2081929696 RESP_END
475 0 2083999648 STIM_START
475 0 2085098280 STIM_END_RESP_START
475 0 2086298304 RESP_END
476 0 2088311380 STIM_START
476 0 2088331956 LICK
476 0 2089410016 STIM_END_RESP_START
476 0 2090610040 RESP_END
USER_EXIT