001 0 0009874452 STIM_START
001 0 0010973136 STIM_END_RESP_START
001 0 0011547056 LICK
001 0 0011547492 TIMEOUT_START
001 0 0011714204 LICK
001 0 0011714644 TIMEOUT_START
001 0 0012173156 RESP_END
001 0 0018715100 TIMEOUT_END
002 0 0020456036 STIM_START
002 0 0021554708 STIM_END_RESP_START
002 0 0022275064 LICK
002 0 0022275508 TIMEOUT_START
002 0 0022451892 LICK
002 0 0022452332 TIMEOUT_START
002 0 0022637784 LICK
002 0 0022638220 TIMEOUT_START
002 0 0022754720 RESP_END
002 0 0029638680 TIMEOUT_END
003 1 0031670980 STIM_START
003 1 0032769652 STIM_END_RESP_START
003 1 0033689948 LICK
003 1 0033690380 REWARD_START
003 1 0033881524 LICK
003 1 0033969688 RESP_END
003 1 0033750844 REWARD_END
004 1 0038920448 STIM_START
004 1 0040019120 STIM_END_RESP_START
004 1 0041219144 RESP_END
005 0 0043155476 STIM_START
005 0 0044254140 STIM_END_RESP_START
005 0 0045454168 RESP_END
006 1 0047184796 STIM_START
006 1 0048283492 STIM_END_RESP_START
006 1 0048668248 LICK
006 1 0048668692 REWARD_START
006 1 0048848792 LICK
006 1 0048991776 LICK
006 1 0049106708 LICK
006 1 0049238048 LICK
006 1 0049483508 RESP_END
006 1 0048729140 REWARD_END
007 0 0052781212 STIM_START
007 0 0053564756 LICK
007 0 0053729184 LICK
007 0 0053879904 STIM_END_RESP_START
007 0 0053901352 LICK
007 0 0053901788 TIMEOUT_START
007 0 0054059700 LICK
007 0 0054060144 TIMEOUT_START
007 0 0054234296 LICK
007 0 0054234732 TIMEOUT_START
007 0 0054401296 LICK
007 0 0054401728 TIMEOUT_START
007 0 0054577804 LICK
007 0 0054578244 TIMEOUT_START
007 0 0055079956 RESP_END
007 0 0061578696 TIMEOUT_END
008 0 0063369820 STIM_START
008 0 0064468488 STIM_END_RESP_START
008 0 0065668516 RESP_END
009 1 0067678792 STIM_START
009 1 0068473196 LICK
009 1 0068653908 LICK
009 1 0068777480 STIM_END_RESP_START
009 1 0068839696 LICK
009 1 0068840132 REWARD_START
009 1 0068996200 LICK
009 1 0069140684 LICK
009 1 0069258940 LICK
009 1 0069383492 LICK
009 1 0069977508 RESP_END
009 1 0068900596 REWARD_END
010 0 0072670928 STIM_START
010 0 0073769604 STIM_END_RESP_START
010 0 0073777256 LICK
010 0 0073777692 TIMEOUT_START
010 0 0074969640 RESP_END
010 0 0080778156 TIMEOUT_END
011 1 0082697204 STIM_START
011 1 0083453540 LICK
011 1 0083611292 LICK
011 1 0083777308 LICK
011 1 0083795892 STIM_END_RESP_START
011 1 0083964236 LICK
011 1 0083964672 REWARD_START
011 1 0084124312 LICK
011 1 0084254440 LICK
011 1 0084380768 LICK
011 1 0084995904 RESP_END
011 1 0084025140 REWARD_END
012 1 0086931220 STIM_START
012 1 0087538436 LICK
012 1 0087901396 LICK
012 1 0088029908 STIM_END_RESP_START
012 1 0088074064 LICK
012 1 0088074508 REWARD_START
012 1 0088215352 LICK
012 1 0088344672 LICK
012 1 0088463872 LICK
012 1 0088588732 LICK
012 1 0088852764 LICK
012 1 0089005720 LICK
012 1 0089229956 RESP_END
012 1 0088134956 REWARD_END
013 0 0091686664 STIM_START
013 0 0092785336 STIM_END_RESP_START
013 0 0093985364 RESP_END
014 1 0095654020 STIM_START
014 1 0096502408 LICK
014 1 0096752688 STIM_END_RESP_START
014 1 0096785956 LICK
014 1 0096786392 REWARD_START
014 1 0096923476 LICK
014 1 0097043856 LICK
014 1 0097166464 LICK
014 1 0097289844 LICK
014 1 0097418748 LICK
014 1 0097553392 LICK
014 1 0097700092 LICK
014 1 0097857136 LICK
014 1 0097952732 RESP_END
014 1 0096846864 REWARD_END
015 0 0100536308 STIM_START
015 0 0101634972 STIM_END_RESP_START
015 0 0102835016 RESP_END
016 1 0104843340 STIM_START
016 1 0105942028 STIM_END_RESP_START
016 1 0106146196 LICK
016 1 0106146680 REWARD_START
016 1 0106308824 LICK
016 1 0106441324 LICK
016 1 0106552868 LICK
016 1 0106671008 LICK
016 1 0106795552 LICK
016 1 0107076020 LICK
016 1 0107142064 RESP_END
016 1 0106207188 REWARD_END
017 0 0109964308 STIM_START
017 0 0110254048 LICK
017 0 0110804116 LICK
017 0 0110977728 LICK
017 0 0111062976 STIM_END_RESP_START
017 0 0111140640 LICK
017 0 0111141128 TIMEOUT_START
017 0 0111295680 LICK
017 0 0111296168 TIMEOUT_START
017 0 0111455476 LICK
017 0 0111455956 TIMEOUT_START
017 0 0112262992 RESP_END
017 0 0118456468 TIMEOUT_END
018 0 0120257220 STIM_START
018 0 0121355908 STIM_END_RESP_START
018 0 0122555952 RESP_END
019 1 0124456304 STIM_START
019 1 0125025440 LICK
019 1 0125194100 LICK
019 1 0125362352 LICK
019 1 0125514656 LICK
019 1 0125554992 STIM_END_RESP_START
019 1 0125658740 LICK
019 1 0125659232 REWARD_START
019 1 0125819964 LICK
019 1 0126057872 LICK
019 1 0126187844 LICK
019 1 0126315836 LICK
019 1 0126460492 LICK
019 1 0126755040 RESP_END
019 1 0125719728 REWARD_END
020 1 0128612488 STIM_START
020 1 0129711180 STIM_END_RESP_START
020 1 0129760904 LICK
020 1 0129761396 REWARD_START
020 1 0129919200 LICK
020 1 0130049648 LICK
020 1 0130166160 LICK
020 1 0130296660 LICK
020 1 0130444528 LICK
020 1 0130601208 LICK
020 1 0130888568 LICK
020 1 0130911208 RESP_END
020 1 0129821888 REWARD_END
021 0 0132871448 STIM_START
021 0 0133970132 STIM_END_RESP_START
021 0 0135170176 RESP_END
022 1 0137177408 STIM_START
022 1 0137867304 LICK
022 1 0138034920 LICK
022 1 0138182316 LICK
022 1 0138276100 STIM_END_RESP_START
022 1 0138330968 LICK
022 1 0138331456 REWARD_START
022 1 0138469736 LICK
022 1 0138595544 LICK
022 1 0138712456 LICK
022 1 0138839816 LICK
022 1 0138971376 LICK
022 1 0139114324 LICK
022 1 0139259204 LICK
022 1 0139476116 RESP_END
022 1 0138391952 REWARD_END
023 1 0142824796 STIM_START
023 1 0143340396 LICK
023 1 0143521276 LICK
023 1 0143668240 LICK
023 1 0143821172 LICK
023 1 0143923456 STIM_END_RESP_START
023 1 0144114520 LICK
023 1 0144115012 REWARD_START
023 1 0144266412 LICK
023 1 0144398196 LICK
023 1 0144527828 LICK
023 1 0144657124 LICK
023 1 0144793324 LICK
023 1 0144948660 LICK
023 1 0145123484 RESP_END
023 1 0144175508 REWARD_END
024 0 0150004396 STIM_START
024 0 0150941316 LICK
024 0 0151103052 STIM_END_RESP_START
024 0 0151160216 LICK
024 0 0151160700 TIMEOUT_START
024 0 0151427128 LICK
024 0 0151427612 TIMEOUT_START
024 0 0152303100 RESP_END
024 0 0158428116 TIMEOUT_END
025 0 0160023660 STIM_START
025 0 0161122348 STIM_END_RESP_START
025 0 0162322384 RESP_END
026 0 0163913128 STIM_START
026 0 0165011812 STIM_END_RESP_START
026 0 0166211856 RESP_END
027 1 0168045316 STIM_START
027 1 0168288956 LICK
027 1 0168503636 LICK
027 1 0168708612 LICK
027 1 0168889784 LICK
027 1 0169065372 LICK
027 1 0169144008 STIM_END_RESP_START
027 1 0169244340 LICK
027 1 0169244828 REWARD_START
027 1 0169395296 LICK
027 1 0169531112 LICK
027 1 0169644704 LICK
027 1 0169785592 LICK
027 1 0170060324 LICK
027 1 0170232472 LICK
027 1 0170344040 RESP_END
027 1 0169305336 REWARD_END
028 0 0173907400 STIM_START
028 0 0175006088 STIM_END_RESP_START
028 0 0176206132 RESP_END
029 0 0178612936 STIM_START
029 0 0179711624 STIM_END_RESP_START
029 0 0180911668 RESP_END
030 1 0182806984 STIM_START
030 1 0183905672 STIM_END_RESP_START
030 1 0183972856 LICK
030 1 0183973344 REWARD_START
030 1 0184110064 LICK
030 1 0184237004 LICK
030 1 0184356924 LICK
030 1 0184482796 LICK
030 1 0184610644 LICK
030 1 0184881364 LICK
030 1 0185039544 LICK
030 1 0185105696 RESP_END
030 1 0184033840 REWARD_END
031 1 0190457024 STIM_START
031 1 0191184980 LICK
031 1 0191344508 LICK
031 1 0191479012 LICK
031 1 0191555696 STIM_END_RESP_START
031 1 0191633992 LICK
031 1 0191634484 REWARD_START
031 1 0191770720 LICK
031 1 0191896404 LICK
031 1 0192013328 LICK
031 1 0192271068 LICK
031 1 0192567084 LICK
031 1 0192720120 LICK
031 1 0192755736 RESP_END
031 1 0191694980 REWARD_END
032 0 0194752996 STIM_START
032 0 0195851680 STIM_END_RESP_START
032 0 0195931404 LICK
032 0 0195931892 TIMEOUT_START
032 0 0196130076 LICK
032 0 0196130560 TIMEOUT_START
032 0 0197051720 RESP_END
032 0 0203131072 TIMEOUT_END
033 0 0205078952 STIM_START
033 0 0206177640 STIM_END_RESP_START
033 0 0207377680 RESP_END
034 0 0209426828 STIM_START
034 0 0210525516 STIM_END_RESP_START
034 0 0211725560 RESP_END
035 1 0213672888 STIM_START
035 1 0214653176 LICK
035 1 0214771564 STIM_END_RESP_START
035 1 0214968232 LICK
035 1 0214968724 REWARD_START
035 1 0215117996 LICK
035 1 0215254112 LICK
035 1 0215368344 LICK
035 1 0215495740 LICK
035 1 0215631624 LICK
035 1 0215971612 RESP_END
035 1 0215029216 REWARD_END
036 0 0218269476 STIM_START
036 0 0219368160 STIM_END_RESP_START
036 0 0220568204 RESP_END
037 0 0222536508 STIM_START
037 0 0223635196 STIM_END_RESP_START
037 0 0224835244 RESP_END
038 0 0226883436 STIM_START
038 0 0227982120 STIM_END_RESP_START
038 0 0229182164 RESP_END
039 1 0239198956 STIM_START
039 1 0240297644 STIM_END_RESP_START
039 1 0241304716 LICK
039 1 0241305200 REWARD_START
039 1 0241497656 RESP_END
039 1 0241365712 REWARD_END
040 0 0244742472 STIM_START
040 0 0245444104 LICK
040 0 0245630364 LICK
040 0 0245828716 LICK
040 0 0245841136 STIM_END_RESP_START
040 0 0247041184 RESP_END
041 1 0248762828 STIM_START
041 1 0249352092 LICK
041 1 0249541388 LICK
041 1 0249727076 LICK
041 1 0249861500 STIM_END_RESP_START
041 1 0249906424 LICK
041 1 0249906912 REWARD_START
041 1 0250076224 LICK
041 1 0250214240 LICK
041 1 0250344276 LICK
041 1 0250489004 LICK
041 1 0250648108 LICK
041 1 0250812740 LICK
041 1 0250969524 LICK
041 1 0251061516 RESP_END
041 1 0249967424 REWARD_END
042 1 0252848012 STIM_START
042 1 0252938144 LICK
042 1 0253946708 STIM_END_RESP_START
042 1 0254464976 LICK
042 1 0254465464 REWARD_START
042 1 0254644736 LICK
042 1 0254790716 LICK
042 1 0254921520 LICK
042 1 0255061468 LICK
042 1 0255146740 RESP_END
042 1 0254525960 REWARD_END
043 0 0259446252 STIM_START
043 0 0260544940 STIM_END_RESP_START
043 0 0261744984 RESP_END
044 0 0263452544 STIM_START
044 0 0264551232 STIM_END_RESP_START
044 0 0265751276 RESP_END
045 0 0267821480 STIM_START
045 0 0268920168 STIM_END_RESP_START
045 0 0269518312 LICK
045 0 0269518796 TIMEOUT_START
045 0 0269706888 LICK
045 0 0269707380 TIMEOUT_START
045 0 0269913100 LICK
045 0 0269913584 TIMEOUT_START
045 0 0270120180 RESP_END
045 0 0276914088 TIMEOUT_END
046 1 0278740640 STIM_START
046 1 0279296852 LICK
046 1 0279528272 LICK
046 1 0279746316 LICK
046 1 0279839320 STIM_END_RESP_START
046 1 0279934848 LICK
046 1 0279935340 REWARD_START
046 1 0280107068 LICK
046 1 0280246892 LICK
046 1 0280366856 LICK
046 1 0280482492 LICK
046 1 0280634348 LICK
046 1 0280909844 LICK
046 1 0281039344 RESP_END
046 1 0279995840 REWARD_END
047 1 0283907600 STIM_START
047 1 0284485236 LICK
047 1 0284692144 LICK
047 1 0284878800 LICK
047 1 0285006276 STIM_END_RESP_START
047 1 0285037688 LICK
047 1 0285038176 REWARD_START
047 1 0285194104 LICK
047 1 0285325064 LICK
047 1 0285458148 LICK
047 1 0285586568 LICK
047 1 0285723184 LICK
047 1 0285875448 LICK
047 1 0286034772 LICK
047 1 0286206296 RESP_END
047 1 0285098688 REWARD_END
048 0 0287852016 STIM_START
048 0 0288950704 STIM_END_RESP_START
048 0 0288955040 LICK
048 0 0288955528 TIMEOUT_START
048 0 0290150740 RESP_END
048 0 0295956028 TIMEOUT_END
049 1 0297560624 STIM_START
049 1 0298406376 LICK
049 1 0298566092 LICK
049 1 0298659308 STIM_END_RESP_START
049 1 0298725820 LICK
049 1 0298726304 REWARD_START
049 1 0298873036 LICK
049 1 0298998692 LICK
049 1 0299113340 LICK
049 1 0299225836 LICK
049 1 0299486948 LICK
049 1 0299631444 LICK
049 1 0299859356 RESP_END
049 1 0298786824 REWARD_END
050 1 0301984408 STIM_START
050 1 0302313288 LICK
050 1 0302487116 LICK
050 1 0302664948 LICK
050 1 0302840932 LICK
050 1 0302993520 LICK
050 1 0303083080 STIM_END_RESP_START
050 1 0303142724 LICK
050 1 0303143216 REWARD_START
050 1 0303285092 LICK
050 1 0303413196 LICK
050 1 0303544108 LICK
050 1 0303674040 LICK
050 1 0303813884 LICK
050 1 0303964596 LICK
050 1 0304283116 RESP_END
050 1 0303203712 REWARD_END
051 0 0306085640 STIM_START
051 0 0307184328 STIM_END_RESP_START
051 0 0308384376 RESP_END
052 1 0311389444 STIM_START
052 1 0312488132 STIM_END_RESP_START
052 1 0312590904 LICK
052 1 0312591396 REWARD_START
052 1 0312743100 LICK
052 1 0312871852 LICK
052 1 0312990440 LICK
052 1 0313111420 LICK
052 1 0313238168 LICK
052 1 0313388996 LICK
052 1 0313554884 LICK
052 1 0313688180 RESP_END
052 1 0312651892 REWARD_END
053 0 0315463676 STIM_START
053 0 0316562364 STIM_END_RESP_START
053 0 0317762408 RESP_END
054 1 0319751620 STIM_START
054 1 0320325344 LICK
054 1 0320489564 LICK
054 1 0320640008 LICK
054 1 0320796964 LICK
054 1 0320850316 STIM_END_RESP_START
054 1 0320952748 LICK
054 1 0320953236 REWARD_START
054 1 0321085808 LICK
054 1 0321213656 LICK
054 1 0321335156 LICK
054 1 0321453380 LICK
054 1 0321731524 LICK
054 1 0321876896 LICK
054 1 0322050352 RESP_END
054 1 0321013748 REWARD_END
055 0 0324077612 STIM_START
055 0 0325176292 STIM_END_RESP_START
055 0 0326376336 RESP_END
056 1 0328250684 STIM_START
056 1 0329280076 LICK
056 1 0329349344 STIM_END_RESP_START
056 1 0329428204 LICK
056 1 0329428688 REWARD_START
056 1 0329564140 LICK
056 1 0329690444 LICK
056 1 0329805728 LICK
056 1 0330045460 LICK
056 1 0330185588 LICK
056 1 0330549364 RESP_END
056 1 0329489200 REWARD_END
057 0 0333170908 STIM_START
057 0 0334269596 STIM_END_RESP_START
057 0 0334798832 LICK
057 0 0334799324 TIMEOUT_START
057 0 0334960768 LICK
057 0 0334961252 TIMEOUT_START
057 0 0335469612 RESP_END
057 0 0341961756 TIMEOUT_END
058 0 0344051148 STIM_START
058 0 0345149836 STIM_END_RESP_START
058 0 0345487720 LICK
058 0 0345488204 TIMEOUT_START
058 0 0345643632 LICK
058 0 0345644120 TIMEOUT_START
058 0 0345818104 LICK
058 0 0345818592 TIMEOUT_START
058 0 0345987376 LICK
058 0 0345987860 TIMEOUT_START
058 0 0346322164 LICK
058 0 0346322644 TIMEOUT_START
058 0 0346349864 RESP_END
058 0 0353323156 TIMEOUT_END
059 0 0355025312 STIM_START
059 0 0356124004 STIM_END_RESP_START
059 0 0356733004 LICK
059 0 0356733488 TIMEOUT_START
059 0 0356969152 LICK
059 0 0356969640 TIMEOUT_START
059 0 0357217420 LICK
059 0 0357217904 TIMEOUT_START
059 0 0357324028 RESP_END
059 0 0364218404 TIMEOUT_END
060 1 0365982476 STIM_START
060 1 0366622612 LICK
060 1 0366839292 LICK
060 1 0367038728 LICK
060 1 0367081132 STIM_END_RESP_START
060 1 0367216776 LICK
060 1 0367217260 REWARD_START
060 1 0367400076 LICK
060 1 0367541564 LICK
060 1 0367651176 LICK
060 1 0367790252 LICK
060 1 0367924044 LICK
060 1 0368265236 LICK
060 1 0368281164 RESP_END
060 1 0367277776 REWARD_END
061 0 0370155624 STIM_START
061 0 0371254316 STIM_END_RESP_START
061 0 0372454352 RESP_END
062 1 0374141940 STIM_START
062 1 0375240632 STIM_END_RESP_START
062 1 0376440676 RESP_END
063 0 0378371952 STIM_START
063 0 0379470640 STIM_END_RESP_START
063 0 0380151944 LICK
063 0 0380152428 TIMEOUT_START
063 0 0380339312 LICK
063 0 0380339792 TIMEOUT_START
063 0 0380670664 RESP_END
063 0 0387340312 TIMEOUT_END
064 1 0389058436 STIM_START
064 1 0390083796 LICK
064 1 0390157100 STIM_END_RESP_START
064 1 0390249668 LICK
064 1 0390250156 REWARD_START
064 1 0390400664 LICK
064 1 0390633532 LICK
064 1 0390883232 LICK
064 1 0391034096 LICK
064 1 0391324692 LICK
064 1 0391357124 RESP_END
064 1 0390310668 REWARD_END
065 1 0393216580 STIM_START
065 1 0393775824 LICK
065 1 0393984584 LICK
065 1 0394179160 LICK
065 1 0394315268 STIM_END_RESP_START
065 1 0394354676 LICK
065 1 0394355168 REWARD_START
065 1 0394512024 LICK
065 1 0394640784 LICK
065 1 0394765936 LICK
065 1 0394899924 LICK
065 1 0395035744 LICK
065 1 0395178232 LICK
065 1 0395501968 LICK
065 1 0395515288 RESP_END
065 1 0394415664 REWARD_END
066 0 0397771224 STIM_START
066 0 0398869916 STIM_END_RESP_START
066 0 0400069960 RESP_END
067 1 0404638188 STIM_START
067 1 0405341844 LICK
067 1 0405532124 LICK
067 1 0405726896 LICK
067 1 0405736852 STIM_END_RESP_START
067 1 0405902940 LICK
067 1 0405903432 REWARD_START
067 1 0406053012 LICK
067 1 0406185244 LICK
067 1 0406311688 LICK
067 1 0406439168 LICK
067 1 0406574436 LICK
067 1 0406711468 LICK
067 1 0406936876 RESP_END
067 1 0405963928 REWARD_END
068 0 0408790372 STIM_START
068 0 0409332068 LICK
068 0 0409889048 STIM_END_RESP_START
068 0 0411089088 RESP_END
069 0 0413016372 STIM_START
069 0 0414115056 STIM_END_RESP_START
069 0 0415315100 RESP_END
070 1 0416979760 STIM_START
070 1 0417834748 LICK
070 1 0417986884 LICK
070 1 0418078456 STIM_END_RESP_START
070 1 0418169744 LICK
070 1 0418170236 REWARD_START
070 1 0418311624 LICK
070 1 0418441012 LICK
070 1 0418564316 LICK
070 1 0418695220 LICK
070 1 0418831344 LICK
070 1 0419121852 LICK
070 1 0419278468 RESP_END
070 1 0418230732 REWARD_END
071 1 0421278712 STIM_START
071 1 0421701884 LICK
071 1 0421894120 LICK
071 1 0422066468 LICK
071 1 0422234236 LICK
071 1 0422377380 STIM_END_RESP_START
071 1 0422395576 LICK
071 1 0422396068 REWARD_START
071 1 0422549904 LICK
071 1 0422678604 LICK
071 1 0422803924 LICK
071 1 0422937092 LICK
071 1 0423074192 LICK
071 1 0423211148 LICK
071 1 0423577408 RESP_END
071 1 0422456564 REWARD_END
072 0 0425444808 STIM_START
072 0 0426399044 LICK
072 0 0426543488 STIM_END_RESP_START
072 0 0427181200 LICK
072 0 0427181688 TIMEOUT_START
072 0 0427390540 LICK
072 0 0427391032 TIMEOUT_START
072 0 0427743508 RESP_END
072 0 0434391536 TIMEOUT_END
073 0 0436216192 STIM_START
073 0 0437314880 STIM_END_RESP_START
073 0 0438514924 RESP_END
074 1 0441108460 STIM_START
074 1 0442207148 STIM_END_RESP_START
074 1 0442568840 LICK
074 1 0442569324 REWARD_START
074 1 0442726160 LICK
074 1 0442853128 LICK
074 1 0442977224 LICK
074 1 0443106780 LICK
074 1 0443366076 LICK
074 1 0443407164 RESP_END
074 1 0442629836 REWARD_END
075 0 0445619228 STIM_START
075 0 0446717908 STIM_END_RESP_START
075 0 0447914744 LICK
075 0 0447915236 TIMEOUT_START
075 0 0447917928 RESP_END
075 0 0454915736 TIMEOUT_END
076 1 0456906952 STIM_START
076 1 0457757908 LICK
076 1 0457919092 LICK
076 1 0458005616 STIM_END_RESP_START
076 1 0458075012 LICK
076 1 0458075508 REWARD_START
076 1 0458240972 LICK
076 1 0458374656 LICK
076 1 0458497360 LICK
076 1 0458627132 LICK
076 1 0458781372 LICK
076 1 0458925492 LICK
076 1 0459079928 LICK
076 1 0459205628 RESP_END
076 1 0458136004 REWARD_END
077 0 0461802220 STIM_START
077 0 0462900908 STIM_END_RESP_START
077 0 0464100952 RESP_END
078 0 0466150164 STIM_START
078 0 0467248848 STIM_END_RESP_START
078 0 0467355264 LICK
078 0 0467355756 TIMEOUT_START
078 0 0467708624 LICK
078 0 0467709116 TIMEOUT_START
078 0 0467905724 LICK
078 0 0467906208 TIMEOUT_START
078 0 0468071684 LICK
078 0 0468072168 TIMEOUT_START
078 0 0468230204 LICK
078 0 0468230688 TIMEOUT_START
078 0 0468393948 LICK
078 0 0468394440 TIMEOUT_START
078 0 0468448896 RESP_END
078 0 0475394952 TIMEOUT_END
079 0 0476998408 STIM_START
079 0 0478097096 STIM_END_RESP_START
079 0 0479297140 RESP_END
080 1 0481287432 STIM_START
080 1 0481790524 LICK
080 1 0481975428 LICK
080 1 0482154224 LICK
080 1 0482321872 LICK
080 1 0482386096 STIM_END_RESP_START
080 1 0482644480 LICK
080 1 0482644964 REWARD_START
080 1 0482801452 LICK
080 1 0482936284 LICK
080 1 0483179616 LICK
080 1 0483318348 LICK
080 1 0483586128 RESP_END
080 1 0482705464 REWARD_END
081 0 0485482476 STIM_START
081 0 0486581164 STIM_END_RESP_START
081 0 0487781208 RESP_END
082 0 0489551768 STIM_START
082 0 0490650460 STIM_END_RESP_START
082 0 0491850504 RESP_END
083 1 0493919592 STIM_START
083 1 0494996672 LICK
083 1 0495018252 STIM_END_RESP_START
083 1 0495150628 LICK
083 1 0495151120 REWARD_START
083 1 0495292852 LICK
083 1 0495421800 LICK
083 1 0495543200 LICK
083 1 0495668288 LICK
083 1 0495797040 LICK
083 1 0495938808 LICK
083 1 0496083568 LICK
083 1 0496218300 RESP_END
083 1 0495211616 REWARD_END
084 0 0498261564 STIM_START
084 0 0499360252 STIM_END_RESP_START
084 0 0499793864 LICK
084 0 0499794352 TIMEOUT_START
084 0 0499963260 LICK
084 0 0499963744 TIMEOUT_START
084 0 0500150296 LICK
084 0 0500150780 TIMEOUT_START
084 0 0500318648 LICK
084 0 0500319136 TIMEOUT_START
084 0 0500495008 LICK
084 0 0500495500 TIMEOUT_START
084 0 0500560300 RESP_END
084 0 0507496012 TIMEOUT_END
085 0 0509269600 STIM_START
085 0 0510368292 STIM_END_RESP_START
085 0 0511097712 LICK
085 0 0511098208 TIMEOUT_START
085 0 0511568300 RESP_END
085 0 0518098716 TIMEOUT_END
086 0 0520136872 STIM_START
086 0 0521235560 STIM_END_RESP_START
086 0 0522435604 RESP_END
087 1 0524508752 STIM_START
087 1 0524977792 LICK
087 1 0525153684 LICK
087 1 0525347692 LICK
087 1 0525526252 LICK
087 1 0525607432 STIM_END_RESP_START
087 1 0525847600 LICK
087 1 0525848080 REWARD_START
087 1 0526015520 LICK
087 1 0526150792 LICK
087 1 0526285084 LICK
087 1 0526412752 LICK
087 1 0526563764 LICK
087 1 0526807460 RESP_END
087 1 0525908576 REWARD_END
088 1 0528858656 STIM_START
088 1 0529387304 LICK
088 1 0529579404 LICK
088 1 0529757472 LICK
088 1 0529922520 LICK
088 1 0529957332 STIM_END_RESP_START
088 1 0530086440 LICK
088 1 0530086928 REWARD_START
088 1 0530231124 LICK
088 1 0530367384 LICK
088 1 0530485164 LICK
088 1 0530742476 LICK
088 1 0530902076 LICK
088 1 0531157368 RESP_END
088 1 0530147424 REWARD_END
089 0 0533075732 STIM_START
089 0 0534174420 STIM_END_RESP_START
089 0 0535374464 RESP_END
090 1 0537109980 STIM_START
090 1 0537592640 LICK
090 1 0537754184 LICK
090 1 0538099596 LICK
090 1 0538208644 STIM_END_RESP_START
090 1 0538274624 LICK
090 1 0538275116 REWARD_START
090 1 0538416692 LICK
090 1 0538544496 LICK
090 1 0538666604 LICK
090 1 0538802960 LICK
090 1 0538924204 LICK
090 1 0539065748 LICK
090 1 0539206372 LICK
090 1 0539408688 RESP_END
090 1 0538335612 REWARD_END
091 0 0545977588 STIM_START
091 0 0547076276 STIM_END_RESP_START
091 0 0548276320 RESP_END
092 1 0550207636 STIM_START
092 1 0551265776 LICK
092 1 0551306312 STIM_END_RESP_START
092 1 0551460656 LICK
092 1 0551461148 REWARD_START
092 1 0551624988 LICK
092 1 0551757028 LICK
092 1 0551879892 LICK
092 1 0552006108 LICK
092 1 0552134068 LICK
092 1 0552284452 LICK
092 1 0552447260 LICK
092 1 0552506344 RESP_END
092 1 0551521640 REWARD_END
093 1 0554252896 STIM_START
093 1 0554824452 LICK
093 1 0555013800 LICK
093 1 0555174116 LICK
093 1 0555334524 LICK
093 1 0555351584 STIM_END_RESP_START
093 1 0555491272 LICK
093 1 0555491764 REWARD_START
093 1 0555637820 LICK
093 1 0555773252 LICK
093 1 0555898116 LICK
093 1 0556018748 LICK
093 1 0556149400 LICK
093 1 0556551600 RESP_END
093 1 0555552260 REWARD_END
094 1 0558962400 STIM_START
094 1 0559508836 LICK
094 1 0559676668 LICK
094 1 0559842948 LICK
094 1 0560001364 LICK
094 1 0560061064 STIM_END_RESP_START
094 1 0560297072 LICK
094 1 0560297556 REWARD_START
094 1 0560449400 LICK
094 1 0560576724 LICK
094 1 0560702328 LICK
094 1 0560826652 LICK
094 1 0560965352 LICK
094 1 0561117356 LICK
094 1 0561261088 RESP_END
094 1 0560358072 REWARD_END
095 0 0563471088 STIM_START
095 0 0563585780 LICK
095 0 0564569760 STIM_END_RESP_START
095 0 0565769804 RESP_END
096 1 0569813660 STIM_START
096 1 0570912348 STIM_END_RESP_START
096 1 0572112392 RESP_END
097 0 0573720088 STIM_START
097 0 0574818776 STIM_END_RESP_START
097 0 0576018820 RESP_END
098 1 0577906220 STIM_START
098 1 0579004900 STIM_END_RESP_START
098 1 0579013832 LICK
098 1 0579014328 REWARD_START
098 1 0579167020 LICK
098 1 0579403076 LICK
098 1 0579539720 LICK
098 1 0579663812 LICK
098 1 0579938400 LICK
098 1 0580204920 RESP_END
098 1 0579074828 REWARD_END
099 1 0582190204 STIM_START
099 1 0582703320 LICK
099 1 0582896068 LICK
099 1 0583060748 LICK
099 1 0583245156 LICK
099 1 0583288892 STIM_END_RESP_START
099 1 0583428240 LICK
099 1 0583428724 REWARD_START
099 1 0583580228 LICK
099 1 0583706036 LICK
099 1 0583831688 LICK
099 1 0583964204 LICK
099 1 0584240828 LICK
099 1 0584390520 LICK
099 1 0584488912 RESP_END
099 1 0583489236 REWARD_END
100 0 0586449200 STIM_START
100 0 0587547892 STIM_END_RESP_START
100 0 0588747936 RESP_END
101 1 0590338660 STIM_START
101 1 0590852952 LICK
101 1 0591034692 LICK
101 1 0591362344 LICK
101 1 0591437340 STIM_END_RESP_START
101 1 0591518872 LICK
101 1 0591519356 REWARD_START
101 1 0591661116 LICK
101 1 0591782772 LICK
101 1 0591905056 LICK
101 1 0592025508 LICK
101 1 0592280364 LICK
101 1 0592429456 LICK
101 1 0592637384 RESP_END
101 1 0591579872 REWARD_END
102 1 0594523716 STIM_START
102 1 0594974788 LICK
102 1 0595155008 LICK
102 1 0595339364 LICK
102 1 0595504440 LICK
102 1 0595622404 STIM_END_RESP_START
102 1 0595659032 LICK
102 1 0595659520 REWARD_START
102 1 0595803844 LICK
102 1 0595933256 LICK
102 1 0596307524 LICK
102 1 0596609572 LICK
102 1 0596772052 LICK
102 1 0596822436 RESP_END
102 1 0595720032 REWARD_END
103 1 0598668852 STIM_START
103 1 0599767540 STIM_END_RESP_START
103 1 0600967584 RESP_END
104 0 0602937856 STIM_START
104 0 0604036544 STIM_END_RESP_START
104 0 0605236588 RESP_END
105 0 0606975164 STIM_START
105 0 0608073852 STIM_END_RESP_START
105 0 0609273896 RESP_END
106 0 0611260152 STIM_START
106 0 0612358844 STIM_END_RESP_START
106 0 0613558888 RESP_END
107 1 0615648956 STIM_START
107 1 0616124812 LICK
107 1 0616331204 LICK
107 1 0616501552 LICK
107 1 0616747632 STIM_END_RESP_START
107 1 0617023316 LICK
107 1 0617023808 REWARD_START
107 1 0617189548 LICK
107 1 0617319784 LICK
107 1 0617445328 LICK
107 1 0617579656 LICK
107 1 0617947668 RESP_END
107 1 0617084304 REWARD_END
USER_EXIT