001 0 0004816472 STIM_START
001 0 0005915124 STIM_END_RESP_START
001 0 0007115172 RESP_END
002 0 0008788808 STIM_START
002 0 0009887460 STIM_END_RESP_START
002 0 0010484036 LICK
002 0 0010484468 TIMEOUT_START
002 0 0010656348 LICK
002 0 0010656784 TIMEOUT_START
002 0 0010875220 LICK
002 0 0010875652 TIMEOUT_START
002 0 0011087468 RESP_END
002 0 0017876104 TIMEOUT_END
003 1 0019891768 STIM_START
003 1 0020261160 LICK
003 1 0020453152 LICK
003 1 0020662008 LICK
003 1 0020873680 LICK
003 1 0020990436 STIM_END_RESP_START
003 1 0021052156 LICK
003 1 0021052600 REWARD_START
003 1 0021266072 LICK
003 1 0021428888 LICK
003 1 0021556888 LICK
003 1 0021711556 LICK
003 1 0021881344 LICK
003 1 0022190460 RESP_END
003 1 0021083060 REWARD_END
004 1 0025642996 STIM_START
004 1 0026489460 LICK
004 1 0026685080 LICK
004 1 0026741664 STIM_END_RESP_START
004 1 0027124808 LICK
004 1 0027125244 REWARD_START
004 1 0027324552 LICK
004 1 0027478756 LICK
004 1 0027619500 LICK
004 1 0027771164 LICK
004 1 0027941712 RESP_END
004 1 0027155696 REWARD_END
005 0 0031416196 STIM_START
005 0 0032514872 STIM_END_RESP_START
005 0 0033714896 RESP_END
006 1 0035603256 STIM_START
006 1 0036701924 STIM_END_RESP_START
006 1 0036800592 LICK
006 1 0036801028 REWARD_START
006 1 0037022968 LICK
006 1 0037167052 LICK
006 1 0037316584 LICK
006 1 0037476940 LICK
006 1 0037644308 LICK
006 1 0037845232 LICK
006 1 0037901940 RESP_END
006 1 0036831480 REWARD_END
007 0 0039805336 STIM_START
007 0 0040904008 STIM_END_RESP_START
007 0 0042104032 RESP_END
008 0 0043974480 STIM_START
008 0 0045073148 STIM_END_RESP_START
008 0 0046273172 RESP_END
009 1 0048162568 STIM_START
009 1 0048734648 LICK
009 1 0048937212 LICK
009 1 0049098228 LICK
009 1 0049261232 STIM_END_RESP_START
009 1 0049276268 LICK
009 1 0049276704 REWARD_START
009 1 0049482964 LICK
009 1 0049619568 LICK
009 1 0049761000 LICK
009 1 0049910388 LICK
009 1 0050077184 LICK
009 1 0050252968 LICK
009 1 0050461280 RESP_END
009 1 0049307172 REWARD_END
010 0 0052293652 STIM_START
010 0 0053392316 STIM_END_RESP_START
010 0 0054592340 RESP_END
011 1 0056225060 STIM_START
011 1 0057323732 STIM_END_RESP_START
011 1 0057492216 LICK
011 1 0057492660 REWARD_START
011 1 0057693772 LICK
011 1 0057842936 LICK
011 1 0057977384 LICK
011 1 0058134320 LICK
011 1 0058296492 LICK
011 1 0058523764 RESP_END
011 1 0057523124 REWARD_END
012 1 0060307244 STIM_START
012 1 0061405916 STIM_END_RESP_START
012 1 0061464300 LICK
012 1 0061464744 REWARD_START
012 1 0061678612 LICK
012 1 0061956420 LICK
012 1 0062103236 LICK
012 1 0062292668 LICK
012 1 0062430644 LICK
012 1 0062605780 LICK
012 1 0062606236 RESP_END
012 1 0061495204 REWARD_END
013 0 0064576272 STIM_START
013 0 0065674948 STIM_END_RESP_START
013 0 0066874972 RESP_END
014 1 0068769288 STIM_START
014 1 0069226336 LICK
014 1 0069466328 LICK
014 1 0069850508 LICK
014 1 0069867968 STIM_END_RESP_START
014 1 0070051688 LICK
014 1 0070052132 REWARD_START
014 1 0070245092 LICK
014 1 0070385112 LICK
014 1 0070657648 LICK
014 1 0070811904 LICK
014 1 0070987452 LICK
014 1 0071067992 RESP_END
014 1 0070082600 REWARD_END
015 0 0072749624 STIM_START
015 0 0073848292 STIM_END_RESP_START
015 0 0075048320 RESP_END
016 1 0076641060 STIM_START
016 1 0077285724 LICK
016 1 0077492640 LICK
016 1 0077684152 LICK
016 1 0077739720 STIM_END_RESP_START
016 1 0077874012 LICK
016 1 0077874456 REWARD_START
016 1 0078045088 LICK
016 1 0078190728 LICK
016 1 0078322668 LICK
016 1 0078475624 LICK
016 1 0078634156 LICK
016 1 0078811684 LICK
016 1 0078939748 RESP_END
016 1 0077904924 REWARD_END
017 0 0080625396 STIM_START
017 0 0081724068 STIM_END_RESP_START
017 0 0082924088 RESP_END
018 0 0086816096 STIM_START
018 0 0087914772 STIM_END_RESP_START
018 0 0089114796 RESP_END
019 1 0091166000 STIM_START
019 1 0092091312 LICK
019 1 0092264668 STIM_END_RESP_START
019 1 0092314756 LICK
019 1 0092315192 REWARD_START
019 1 0092467864 LICK
019 1 0092725948 LICK
019 1 0092872080 LICK
019 1 0093017940 LICK
019 1 0093169640 LICK
019 1 0093464692 RESP_END
019 1 0092345644 REWARD_END
020 1 0095307164 STIM_START
020 1 0096280904 LICK
020 1 0096405836 STIM_END_RESP_START
020 1 0096490540 LICK
020 1 0096490976 REWARD_START
020 1 0096668272 LICK
020 1 0096812696 LICK
020 1 0096948928 LICK
020 1 0097082920 LICK
020 1 0097236172 LICK
020 1 0097402816 LICK
020 1 0097605856 RESP_END
020 1 0096521428 REWARD_END
021 0 0099546136 STIM_START
021 0 0100644800 STIM_END_RESP_START
021 0 0101844844 RESP_END
022 1 0103881088 STIM_START
022 1 0104979772 STIM_END_RESP_START
022 1 0105031340 LICK
022 1 0105031828 REWARD_START
022 1 0105224736 LICK
022 1 0105368976 LICK
022 1 0105480408 LICK
022 1 0105621644 LICK
022 1 0105779104 LICK
022 1 0106080276 LICK
022 1 0106179816 RESP_END
022 1 0105062332 REWARD_END
023 1 0108193972 STIM_START
023 1 0109189228 LICK
023 1 0109292640 STIM_END_RESP_START
023 1 0109393124 LICK
023 1 0109393608 REWARD_START
023 1 0109578368 LICK
023 1 0109727684 LICK
023 1 0109865924 LICK
023 1 0110007620 LICK
023 1 0110168312 LICK
023 1 0110337084 LICK
023 1 0110492672 RESP_END
023 1 0109424120 REWARD_END
024 0 0112577856 STIM_START
024 0 0113676544 STIM_END_RESP_START
024 0 0114876588 RESP_END
025 0 0116892732 STIM_START
025 0 0117991412 STIM_END_RESP_START
025 0 0119191456 RESP_END
026 0 0121028888 STIM_START
026 0 0122127576 STIM_END_RESP_START
026 0 0123327620 RESP_END
027 1 0125146064 STIM_START
027 1 0126219096 LICK
027 1 0126244744 STIM_END_RESP_START
027 1 0126429552 LICK
027 1 0126430036 REWARD_START
027 1 0126615416 LICK
027 1 0126887652 LICK
027 1 0127035792 LICK
027 1 0127188220 LICK
027 1 0127348072 LICK
027 1 0127444764 RESP_END
027 1 0126460548 REWARD_END
028 0 0129249220 STIM_START
028 0 0130347908 STIM_END_RESP_START
028 0 0131547952 RESP_END
029 0 0133522204 STIM_START
029 0 0134620888 STIM_END_RESP_START
029 0 0134992408 LICK
029 0 0134992892 TIMEOUT_START
029 0 0135202168 LICK
029 0 0135202648 TIMEOUT_START
029 0 0135381576 LICK
029 0 0135382064 TIMEOUT_START
029 0 0135537204 LICK
029 0 0135537692 TIMEOUT_START
029 0 0135717040 LICK
029 0 0135717520 TIMEOUT_START
029 0 0135820932 RESP_END
029 0 0142718028 TIMEOUT_END
030 1 0144542256 STIM_START
030 1 0145640944 STIM_END_RESP_START
030 1 0145840116 LICK
030 1 0145840608 REWARD_START
030 1 0146020788 LICK
030 1 0146280236 LICK
030 1 0146420264 LICK
030 1 0146571556 LICK
030 1 0146740696 LICK
030 1 0146840956 RESP_END
030 1 0145871100 REWARD_END
031 1 0148544552 STIM_START
031 1 0149590148 LICK
031 1 0149643224 STIM_END_RESP_START
031 1 0149748664 LICK
031 1 0149749152 REWARD_START
031 1 0149939412 LICK
031 1 0150082476 LICK
031 1 0150221764 LICK
031 1 0150373240 LICK
031 1 0150546148 LICK
031 1 0150717040 LICK
031 1 0150843244 RESP_END
031 1 0149779652 REWARD_END
032 0 0153054276 STIM_START
032 0 0154152964 STIM_END_RESP_START
032 0 0155353000 RESP_END
033 0 0157163420 STIM_START
033 0 0158262112 STIM_END_RESP_START
033 0 0159462152 RESP_END
034 0 0161295548 STIM_START
034 0 0162394232 STIM_END_RESP_START
034 0 0163594276 RESP_END
035 1 0165243916 STIM_START
035 1 0166342596 STIM_END_RESP_START
035 1 0166497368 LICK
035 1 0166497852 REWARD_START
035 1 0166704264 LICK
035 1 0166964548 LICK
035 1 0167110024 LICK
035 1 0167269096 LICK
035 1 0167542632 RESP_END
035 1 0166528360 REWARD_END
036 0 0169428044 STIM_START
036 0 0170526728 STIM_END_RESP_START
036 0 0171726764 RESP_END
037 0 0173473252 STIM_START
037 0 0174571940 STIM_END_RESP_START
037 0 0175771984 RESP_END
038 0 0177501540 STIM_START
038 0 0178600228 STIM_END_RESP_START
038 0 0179800272 RESP_END
039 1 0181549776 STIM_START
039 1 0182478188 LICK
039 1 0182648468 STIM_END_RESP_START
039 1 0182683296 LICK
039 1 0182683784 REWARD_START
039 1 0182910728 LICK
039 1 0183053832 LICK
039 1 0183196920 LICK
039 1 0183346764 LICK
039 1 0183519556 LICK
039 1 0183693900 LICK
039 1 0183848504 RESP_END
039 1 0182714292 REWARD_END
040 0 0185498116 STIM_START
040 0 0186596800 STIM_END_RESP_START
040 0 0187796844 RESP_END
041 1 0189572308 STIM_START
041 1 0190377304 LICK
041 1 0190561872 LICK
041 1 0190670984 STIM_END_RESP_START
041 1 0190750520 LICK
041 1 0190751012 REWARD_START
041 1 0190934340 LICK
041 1 0191068608 LICK
041 1 0191202932 LICK
041 1 0191350272 LICK
041 1 0191514036 LICK
041 1 0191693500 LICK
041 1 0191871012 RESP_END
041 1 0190781508 REWARD_END
042 1 0193632588 STIM_START
042 1 0194350500 LICK
042 1 0194532892 LICK
042 1 0194731280 STIM_END_RESP_START
042 1 0194732660 LICK
042 1 0194733152 REWARD_START
042 1 0194912540 LICK
042 1 0195059616 LICK
042 1 0195191220 LICK
042 1 0195341748 LICK
042 1 0195494852 LICK
042 1 0195931324 RESP_END
042 1 0194763648 REWARD_END
043 0 0197738724 STIM_START
043 0 0198837408 STIM_END_RESP_START
043 0 0200037452 RESP_END
044 0 0201749068 STIM_START
044 0 0202847756 STIM_END_RESP_START
044 0 0204047800 RESP_END
045 0 0206023008 STIM_START
045 0 0207121696 STIM_END_RESP_START
045 0 0208321736 RESP_END
046 1 0210236068 STIM_START
046 1 0211334756 STIM_END_RESP_START
046 1 0211454644 LICK
046 1 0211455136 REWARD_START
046 1 0211635260 LICK
046 1 0211777784 LICK
046 1 0211897848 LICK
046 1 0212037996 LICK
046 1 0212197356 LICK
046 1 0212518928 LICK
046 1 0212534776 RESP_END
046 1 0211485644 REWARD_END
047 1 0214372196 STIM_START
047 1 0215470848 STIM_END_RESP_START
047 1 0215506128 LICK
047 1 0215506612 REWARD_START
047 1 0215714412 LICK
047 1 0215859412 LICK
047 1 0215995828 LICK
047 1 0216146808 LICK
047 1 0216302232 LICK
047 1 0216476388 LICK
047 1 0216651796 LICK
047 1 0216670896 RESP_END
047 1 0215537124 REWARD_END
048 0 0218524316 STIM_START
048 0 0219622968 STIM_END_RESP_START
048 0 0220823012 RESP_END
049 1 0222862200 STIM_START
049 1 0223864352 LICK
049 1 0223960868 STIM_END_RESP_START
049 1 0224252720 LICK
049 1 0224253212 REWARD_START
049 1 0224432068 LICK
049 1 0224693420 LICK
049 1 0224842784 LICK
049 1 0225008204 LICK
049 1 0225160912 RESP_END
049 1 0224283708 REWARD_END
050 1 0227508708 STIM_START
050 1 0228607396 STIM_END_RESP_START
050 1 0229807440 RESP_END
051 0 0231744800 STIM_START
051 0 0232843488 STIM_END_RESP_START
051 0 0234043528 RESP_END
052 1 0235913892 STIM_START
052 1 0237012584 STIM_END_RESP_START
052 1 0237059536 LICK
052 1 0237060020 REWARD_START
052 1 0237259076 LICK
052 1 0237521032 LICK
052 1 0237664428 LICK
052 1 0237817456 LICK
052 1 0238212628 RESP_END
052 1 0237090532 REWARD_END
053 0 0240194820 STIM_START
053 0 0241293508 STIM_END_RESP_START
053 0 0242493548 RESP_END
054 1 0244568692 STIM_START
054 1 0245313892 LICK
054 1 0245524304 LICK
054 1 0245667372 STIM_END_RESP_START
054 1 0245884532 LICK
054 1 0245885020 REWARD_START
054 1 0246062628 LICK
054 1 0246210496 LICK
054 1 0246332664 LICK
054 1 0246474044 LICK
054 1 0246867400 RESP_END
054 1 0245915528 REWARD_END
055 0 0248449136 STIM_START
055 0 0249547824 STIM_END_RESP_START
055 0 0250747860 RESP_END
056 1 0252338528 STIM_START
056 1 0253342944 LICK
056 1 0253437220 STIM_END_RESP_START
056 1 0253550880 LICK
056 1 0253551364 REWARD_START
056 1 0253720404 LICK
056 1 0253978604 LICK
056 1 0254124612 LICK
056 1 0254276360 LICK
056 1 0254441220 LICK
056 1 0254637248 RESP_END
056 1 0253581880 REWARD_END
057 0 0257001048 STIM_START
057 0 0258099736 STIM_END_RESP_START
057 0 0259299780 RESP_END
058 0 0261028336 STIM_START
058 0 0262127024 STIM_END_RESP_START
058 0 0263327072 RESP_END
059 0 0265103552 STIM_START
059 0 0266202240 STIM_END_RESP_START
059 0 0267402280 RESP_END
060 1 0269359556 STIM_START
060 1 0270382712 LICK
060 1 0270458220 STIM_END_RESP_START
060 1 0270582060 LICK
060 1 0270582544 REWARD_START
060 1 0270783088 LICK
060 1 0270932936 LICK
060 1 0271067604 LICK
060 1 0271214308 LICK
060 1 0271378492 LICK
060 1 0271658244 RESP_END
060 1 0270613056 REWARD_END
061 0 0273621540 STIM_START
061 0 0274720224 STIM_END_RESP_START
061 0 0275920268 RESP_END
062 1 0277993400 STIM_START
062 1 0278961648 LICK
062 1 0279092068 STIM_END_RESP_START
062 1 0279177196 LICK
062 1 0279177688 REWARD_START
062 1 0279358788 LICK
062 1 0279612740 LICK
062 1 0279757200 LICK
062 1 0279910340 LICK
062 1 0280218644 LICK
062 1 0280292104 RESP_END
062 1 0279208184 REWARD_END
063 0 0282071576 STIM_START
063 0 0283170264 STIM_END_RESP_START
063 0 0284059344 LICK
063 0 0284059836 TIMEOUT_START
063 0 0284252864 LICK
063 0 0284253356 TIMEOUT_START
063 0 0284370308 RESP_END
063 0 0291253860 TIMEOUT_END
064 1 0292845960 STIM_START
064 1 0293944628 STIM_END_RESP_START
064 1 0293947612 LICK
064 1 0293948108 REWARD_START
064 1 0294148268 LICK
064 1 0294419144 LICK
064 1 0294559716 LICK
064 1 0294715784 LICK
064 1 0295040776 LICK
064 1 0295144644 RESP_END
064 1 0293978604 REWARD_END
065 1 0297196856 STIM_START
065 1 0298295544 STIM_END_RESP_START
065 1 0298841252 LICK
065 1 0298841736 REWARD_START
065 1 0299041732 LICK
065 1 0299182364 LICK
065 1 0299323064 LICK
065 1 0299473224 LICK
065 1 0299495584 RESP_END
065 1 0298872252 REWARD_END
066 0 0303050968 STIM_START
066 0 0304149620 STIM_END_RESP_START
066 0 0305349660 RESP_END
067 1 0307376892 STIM_START
067 1 0308466012 LICK
067 1 0308475580 STIM_END_RESP_START
067 1 0308661264 LICK
067 1 0308661752 REWARD_START
067 1 0308838684 LICK
067 1 0308985264 LICK
067 1 0309116188 LICK
067 1 0309267628 LICK
067 1 0309432868 LICK
067 1 0309606536 LICK
067 1 0309675604 RESP_END
067 1 0308692248 REWARD_END
068 0 0311734708 STIM_START
068 0 0312833396 STIM_END_RESP_START
068 0 0314033440 RESP_END
069 0 0315920776 STIM_START
069 0 0317019424 STIM_END_RESP_START
069 0 0318219472 RESP_END
070 1 0320012960 STIM_START
070 1 0321099420 LICK
070 1 0321111644 STIM_END_RESP_START
070 1 0321294612 LICK
070 1 0321295096 REWARD_START
070 1 0321508028 LICK
070 1 0321643924 LICK
070 1 0321780148 LICK
070 1 0321929276 LICK
070 1 0322100052 LICK
070 1 0322311668 RESP_END
070 1 0321325608 REWARD_END
071 1 0324117176 STIM_START
071 1 0325215864 STIM_END_RESP_START
071 1 0325329896 LICK
071 1 0325330388 REWARD_START
071 1 0325535344 LICK
071 1 0325690956 LICK
071 1 0325806904 LICK
071 1 0325952828 LICK
071 1 0326116144 LICK
071 1 0326282940 LICK
071 1 0326415892 RESP_END
071 1 0325360884 REWARD_END
072 0 0328098460 STIM_START
072 0 0329197148 STIM_END_RESP_START
072 0 0330397188 RESP_END
073 0 0332333500 STIM_START
073 0 0333432188 STIM_END_RESP_START
073 0 0334632232 RESP_END
074 1 0336500636 STIM_START
074 1 0337460220 LICK
074 1 0337599304 STIM_END_RESP_START
074 1 0337641944 LICK
074 1 0337642428 REWARD_START
074 1 0337825768 LICK
074 1 0337961284 LICK
074 1 0338099188 LICK
074 1 0338246520 LICK
074 1 0338416392 LICK
074 1 0338606060 LICK
074 1 0338799348 RESP_END
074 1 0337672940 REWARD_END
075 0 0340764564 STIM_START
075 0 0341863248 STIM_END_RESP_START
075 0 0343063292 RESP_END
076 1 0344759900 STIM_START
076 1 0345642292 LICK
076 1 0345847804 LICK
076 1 0345858576 STIM_END_RESP_START
076 1 0346191184 LICK
076 1 0346191668 REWARD_START
076 1 0346358836 LICK
076 1 0346499544 LICK
076 1 0346630656 LICK
076 1 0346781140 LICK
076 1 0346942788 LICK
076 1 0347058628 RESP_END
076 1 0346222184 REWARD_END
077 0 0349379472 STIM_START
077 0 0350478160 STIM_END_RESP_START
077 0 0351678204 RESP_END
078 0 0353391756 STIM_START
078 0 0354490408 STIM_END_RESP_START
078 0 0355690444 RESP_END
079 0 0357360124 STIM_START
079 0 0358458812 STIM_END_RESP_START
079 0 0359658856 RESP_END
080 1 0361689024 STIM_START
080 1 0362787708 STIM_END_RESP_START
080 1 0362926600 LICK
080 1 0362927084 REWARD_START
080 1 0363121452 LICK
080 1 0363258292 LICK
080 1 0363392964 LICK
080 1 0363546112 LICK
080 1 0363702024 LICK
080 1 0363878572 LICK
080 1 0363987732 RESP_END
080 1 0362957596 REWARD_END
081 0 0367273432 STIM_START
081 0 0368372120 STIM_END_RESP_START
081 0 0369572164 RESP_END
082 0 0371509448 STIM_START
082 0 0372608136 STIM_END_RESP_START
082 0 0373808180 RESP_END
083 1 0375604644 STIM_START
083 1 0376703332 STIM_END_RESP_START
083 1 0376797920 LICK
083 1 0376798416 REWARD_START
083 1 0376998860 LICK
083 1 0377271740 LICK
083 1 0377416500 LICK
083 1 0377584892 LICK
083 1 0377903372 RESP_END
083 1 0376828924 REWARD_END
084 0 0379808668 STIM_START
084 0 0380907356 STIM_END_RESP_START
084 0 0382107400 RESP_END
085 0 0384064712 STIM_START
085 0 0385163400 STIM_END_RESP_START
085 0 0386363440 RESP_END
086 0 0388232748 STIM_START
086 0 0389331436 STIM_END_RESP_START
086 0 0390531480 RESP_END
087 1 0392221052 STIM_START
087 1 0393319744 STIM_END_RESP_START
087 1 0393380468 LICK
087 1 0393380960 REWARD_START
087 1 0393562548 LICK
087 1 0393832508 LICK
087 1 0393983828 LICK
087 1 0394143696 LICK
087 1 0394519784 RESP_END
087 1 0393411464 REWARD_END
088 1 0396603936 STIM_START
088 1 0397280976 LICK
088 1 0397485552 LICK
088 1 0397675096 LICK
088 1 0397702624 STIM_END_RESP_START
088 1 0397865600 LICK
088 1 0397866092 REWARD_START
088 1 0398045696 LICK
088 1 0398206312 LICK
088 1 0398342988 LICK
088 1 0398496216 LICK
088 1 0398676028 LICK
088 1 0398847972 LICK
088 1 0398902640 RESP_END
088 1 0397896600 REWARD_END
089 0 0402609880 STIM_START
089 0 0403708568 STIM_END_RESP_START
089 0 0404908612 RESP_END
090 1 0411678176 STIM_START
090 1 0412740320 LICK
090 1 0412776864 STIM_END_RESP_START
090 1 0412960148 LICK
090 1 0412960632 REWARD_START
090 1 0413157544 LICK
090 1 0413304696 LICK
090 1 0413442936 LICK
090 1 0413588652 LICK
090 1 0413738656 LICK
090 1 0413909164 LICK
090 1 0413976884 RESP_END
090 1 0412991144 REWARD_END
091 0 0415599556 STIM_START
091 0 0416698244 STIM_END_RESP_START
091 0 0417898288 RESP_END
092 1 0419814648 STIM_START
092 1 0419914744 LICK
092 1 0420528748 LICK
092 1 0420732936 LICK
092 1 0420913340 STIM_END_RESP_START
092 1 0420935588 LICK
092 1 0420936080 REWARD_START
092 1 0421107464 LICK
092 1 0421267924 LICK
092 1 0421391420 LICK
092 1 0421548356 LICK
092 1 0421715608 LICK
092 1 0422113360 RESP_END
092 1 0420966572 REWARD_END
093 1 0426660592 STIM_START
093 1 0427575772 LICK
093 1 0427759268 STIM_END_RESP_START
093 1 0427796724 LICK
093 1 0427797208 REWARD_START
093 1 0428008920 LICK
093 1 0428154028 LICK
093 1 0428303300 LICK
093 1 0428457772 LICK
093 1 0428630076 LICK
093 1 0428783368 LICK
093 1 0428955972 LICK
093 1 0428959296 RESP_END
093 1 0427827720 REWARD_END
094 1 0431626720 STIM_START
094 1 0432474360 LICK
094 1 0432681832 LICK
094 1 0432725388 STIM_END_RESP_START
094 1 0432889044 LICK
094 1 0432889524 REWARD_START
094 1 0433071084 LICK
094 1 0433205496 LICK
094 1 0433345568 LICK
094 1 0433500640 LICK
094 1 0433660716 LICK
094 1 0433925424 RESP_END
094 1 0432920040 REWARD_END
095 0 0435570084 STIM_START
095 0 0436668772 STIM_END_RESP_START
095 0 0437868812 RESP_END
096 1 0439517440 STIM_START
096 1 0440522660 LICK
096 1 0440616120 STIM_END_RESP_START
096 1 0440726816 LICK
096 1 0440727304 REWARD_START
096 1 0440908100 LICK
096 1 0441052520 LICK
096 1 0441186320 LICK
096 1 0441331120 LICK
096 1 0441505016 LICK
096 1 0441667292 LICK
096 1 0441816136 RESP_END
096 1 0440757816 REWARD_END
097 0 0443758492 STIM_START
097 0 0444703144 LICK
097 0 0444857164 STIM_END_RESP_START
097 0 0444910764 LICK
097 0 0444911248 TIMEOUT_START
097 0 0445099740 LICK
097 0 0445100232 TIMEOUT_START
097 0 0445270336 LICK
097 0 0445270824 TIMEOUT_START
097 0 0445460516 LICK
097 0 0445461000 TIMEOUT_START
097 0 0445673836 LICK
097 0 0445674320 TIMEOUT_START
097 0 0446057192 RESP_END
097 0 0452674824 TIMEOUT_END
098 1 0454478896 STIM_START
098 1 0455488120 LICK
098 1 0455577576 STIM_END_RESP_START
098 1 0455689024 LICK
098 1 0455689516 REWARD_START
098 1 0455874808 LICK
098 1 0456029772 LICK
098 1 0456163952 LICK
098 1 0456301816 LICK
098 1 0456457356 LICK
098 1 0456636132 LICK
098 1 0456777612 RESP_END
098 1 0455720012 REWARD_END
099 1 0458913688 STIM_START
099 1 0459837528 LICK
099 1 0460012372 STIM_END_RESP_START
099 1 0460246540 LICK
099 1 0460247028 REWARD_START
099 1 0460444876 LICK
099 1 0460583472 LICK
099 1 0460723600 LICK
099 1 0460867868 LICK
099 1 0461029736 LICK
099 1 0461212404 RESP_END
099 1 0460277544 REWARD_END
100 0 0462831064 STIM_START
100 0 0463929752 STIM_END_RESP_START
100 0 0465129796 RESP_END
101 1 0466798356 STIM_START
101 1 0467575224 LICK
101 1 0467778984 LICK
101 1 0467897024 STIM_END_RESP_START
101 1 0468364020 LICK
101 1 0468364512 REWARD_START
101 1 0468554272 LICK
101 1 0468699164 LICK
101 1 0468835844 LICK
101 1 0468974532 LICK
101 1 0469097056 RESP_END
101 1 0468395028 REWARD_END
USER_EXIT