001 1 0008457732 STIM_START
001 1 0009557932 STIM_END_RESP_START
001 1 0010757980 RESP_END
002 1 0012621600 STIM_START
002 1 0013721776 STIM_END_RESP_START
002 1 0014921800 RESP_END
003 1 0016991500 STIM_START
003 1 0018091672 STIM_END_RESP_START
003 1 0019291692 RESP_END
004 0 0020920288 STIM_START
004 0 0022020464 STIM_END_RESP_START
004 0 0023220488 RESP_END
005 0 0024961112 STIM_START
005 0 0026061316 STIM_END_RESP_START
005 0 0027261340 RESP_END
006 0 0029217944 STIM_START
006 0 0030318148 STIM_END_RESP_START
006 0 0031441608 LICK
006 0 0031442052 TIMEOUT_START
006 0 0031518180 RESP_END
006 0 0038442500 TIMEOUT_END
007 1 0040099220 STIM_START
007 1 0041199388 STIM_END_RESP_START
007 1 0042399416 RESP_END
008 0 0044040020 STIM_START
008 0 0045140192 STIM_END_RESP_START
008 0 0046340216 RESP_END
009 1 0048119844 STIM_START
009 1 0048396532 LICK
009 1 0049220052 STIM_END_RESP_START
009 1 0050420076 RESP_END
010 0 0052496768 STIM_START
010 0 0053596972 STIM_END_RESP_START
010 0 0054412152 LICK
010 0 0054412596 TIMEOUT_START
010 0 0054753732 LICK
010 0 0054754168 TIMEOUT_START
010 0 0054797000 RESP_END
010 0 0061754636 TIMEOUT_END
011 1 0063737044 STIM_START
011 1 0064837216 STIM_END_RESP_START
011 1 0066037244 RESP_END
012 0 0067788856 STIM_START
012 0 0067900864 LICK
012 0 0068889024 STIM_END_RESP_START
012 0 0070089052 RESP_END
013 0 0071871688 STIM_START
013 0 0072971892 STIM_END_RESP_START
013 0 0074171920 RESP_END
014 1 0075884528 STIM_START
014 1 0076984704 STIM_END_RESP_START
014 1 0077600364 LICK
014 1 0077600808 REWARD_START
014 1 0078184752 RESP_END
014 1 0077611264 REWARD_END
015 0 0080074364 STIM_START
015 0 0081174576 STIM_END_RESP_START
015 0 0081369420 LICK
015 0 0081369856 TIMEOUT_START
015 0 0081539700 LICK
015 0 0081540144 TIMEOUT_START
015 0 0081705888 LICK
015 0 0081706332 TIMEOUT_START
015 0 0082374608 RESP_END
015 0 0088706792 TIMEOUT_END
016 1 0090543512 STIM_START
016 1 0091643680 STIM_END_RESP_START
016 1 0092843708 RESP_END
017 0 0096502720 STIM_START
017 0 0097602896 STIM_END_RESP_START
017 0 0098802920 RESP_END
USER_EXIT