001 0 0005728660 STIM_START
001 0 0005842924 LICK
001 0 0006827332 STIM_END_RESP_START
001 0 0008027376 RESP_END
002 0 0009783896 STIM_START
002 0 0010882588 STIM_END_RESP_START
002 0 0012082612 RESP_END
003 1 0014017956 STIM_START
003 1 0015101212 LICK
003 1 0015116640 STIM_END_RESP_START
003 1 0015285804 LICK
003 1 0015286240 REWARD_START
003 1 0015483724 LICK
003 1 0015770984 LICK
003 1 0015915972 LICK
003 1 0016067180 LICK
003 1 0016298044 LICK
003 1 0016316672 RESP_END
003 1 0015326704 REWARD_END
004 1 0018485688 STIM_START
004 1 0019584360 STIM_END_RESP_START
004 1 0019828112 LICK
004 1 0019828548 REWARD_START
004 1 0019977128 LICK
004 1 0020125252 LICK
004 1 0020250836 LICK
004 1 0020401056 LICK
004 1 0020784388 RESP_END
004 1 0019869012 REWARD_END
005 0 0026589176 STIM_START
005 0 0027687844 STIM_END_RESP_START
005 0 0028887868 RESP_END
006 1 0030633432 STIM_START
006 1 0031732104 STIM_END_RESP_START
006 1 0032271560 LICK
006 1 0032271996 REWARD_START
006 1 0032407800 LICK
006 1 0032662200 LICK
006 1 0032820168 LICK
006 1 0032932144 RESP_END
006 1 0032312460 REWARD_END
007 0 0036279780 STIM_START
007 0 0037378452 STIM_END_RESP_START
007 0 0038578476 RESP_END
008 0 0040460796 STIM_START
008 0 0041559468 STIM_END_RESP_START
008 0 0042759496 RESP_END
009 1 0044348228 STIM_START
009 1 0045446896 STIM_END_RESP_START
009 1 0045800496 LICK
009 1 0045800932 REWARD_START
009 1 0045937876 LICK
009 1 0046084380 LICK
009 1 0046193340 LICK
009 1 0046353008 LICK
009 1 0046646932 RESP_END
009 1 0045841392 REWARD_END
010 0 0050312220 STIM_START
010 0 0051410888 STIM_END_RESP_START
010 0 0052610912 RESP_END
011 1 0054524296 STIM_START
011 1 0055448960 LICK
011 1 0055602940 LICK
011 1 0055622976 STIM_END_RESP_START
011 1 0055765340 LICK
011 1 0055765780 REWARD_START
011 1 0055904084 LICK
011 1 0056159096 LICK
011 1 0056299416 LICK
011 1 0056453964 LICK
011 1 0056768108 LICK
011 1 0056822992 RESP_END
011 1 0055806244 REWARD_END
012 1 0059709220 STIM_START
012 1 0060807224 LICK
012 1 0060807888 STIM_END_RESP_START
012 1 0061293120 LICK
012 1 0061293556 REWARD_START
012 1 0061437364 LICK
012 1 0061684112 LICK
012 1 0061825236 LICK
012 1 0061977168 LICK
012 1 0062007900 RESP_END
012 1 0061334024 REWARD_END
013 0 0064964000 STIM_START
013 0 0066062672 STIM_END_RESP_START
013 0 0067262696 RESP_END
014 1 0069048256 STIM_START
014 1 0069294388 LICK
014 1 0069465652 LICK
014 1 0069632552 LICK
014 1 0069793144 LICK
014 1 0069960456 LICK
014 1 0070120460 LICK
014 1 0070146924 STIM_END_RESP_START
014 1 0070260232 LICK
014 1 0070260668 REWARD_START
014 1 0070400508 LICK
014 1 0070542848 LICK
014 1 0070653972 LICK
014 1 0070806812 LICK
014 1 0071093268 LICK
014 1 0071255288 LICK
014 1 0071346940 RESP_END
014 1 0070301136 REWARD_END
015 0 0073097444 STIM_START
015 0 0074196116 STIM_END_RESP_START
015 0 0075396140 RESP_END
016 1 0077050848 STIM_START
016 1 0078149504 STIM_END_RESP_START
016 1 0078245616 LICK
016 1 0078246060 REWARD_START
016 1 0078391160 LICK
016 1 0078631384 LICK
016 1 0078769520 LICK
016 1 0078907220 LICK
016 1 0079218176 LICK
016 1 0079349532 RESP_END
016 1 0078286520 REWARD_END
017 0 0081301816 STIM_START
017 0 0082400484 STIM_END_RESP_START
017 0 0083600512 RESP_END
018 0 0085567804 STIM_START
018 0 0086666476 STIM_END_RESP_START
018 0 0087866500 RESP_END
019 1 0089851776 STIM_START
019 1 0090665456 LICK
019 1 0090828304 LICK
019 1 0090950444 STIM_END_RESP_START
019 1 0090973952 LICK
019 1 0090974400 REWARD_START
019 1 0091102804 LICK
019 1 0091350868 LICK
019 1 0091479404 LICK
019 1 0091620592 LICK
019 1 0091885244 LICK
019 1 0092041796 LICK
019 1 0092150480 RESP_END
019 1 0091014856 REWARD_END
020 1 0094818892 STIM_START
020 1 0095741960 LICK
020 1 0095890964 LICK
020 1 0095917580 STIM_END_RESP_START
020 1 0096044624 LICK
020 1 0096045068 REWARD_START
020 1 0096173700 LICK
020 1 0096406928 LICK
020 1 0096552328 LICK
020 1 0096857636 LICK
020 1 0097117596 RESP_END
020 1 0096085528 REWARD_END
021 0 0099058928 STIM_START
021 0 0100157600 STIM_END_RESP_START
021 0 0101357640 RESP_END
022 1 0103085224 STIM_START
022 1 0103903760 LICK
022 1 0104065204 LICK
022 1 0104183900 STIM_END_RESP_START
022 1 0104215908 LICK
022 1 0104216392 REWARD_START
022 1 0104342124 LICK
022 1 0104594484 LICK
022 1 0104739516 LICK
022 1 0104888340 LICK
022 1 0105188028 LICK
022 1 0105383932 RESP_END
022 1 0104256904 REWARD_END
023 1 0107166404 STIM_START
023 1 0108169360 LICK
023 1 0108265092 STIM_END_RESP_START
023 1 0108324616 LICK
023 1 0108325104 REWARD_START
023 1 0108471012 LICK
023 1 0108614444 LICK
023 1 0108740580 LICK
023 1 0108867644 LICK
023 1 0109020024 LICK
023 1 0109172452 LICK
023 1 0109465108 RESP_END
023 1 0108365608 REWARD_END
024 0 0112213464 STIM_START
024 0 0113312152 STIM_END_RESP_START
024 0 0114512196 RESP_END
025 0 0116108880 STIM_START
025 0 0117207564 STIM_END_RESP_START
025 0 0118407608 RESP_END
026 0 0120157128 STIM_START
026 0 0121255816 STIM_END_RESP_START
026 0 0122455860 RESP_END
027 1 0124188400 STIM_START
027 1 0125287076 STIM_END_RESP_START
027 1 0125542724 LICK
027 1 0125543208 REWARD_START
027 1 0125680316 LICK
027 1 0125906204 LICK
027 1 0126048688 LICK
027 1 0126335676 LICK
027 1 0126487096 RESP_END
027 1 0125583720 REWARD_END
028 0 0128431412 STIM_START
028 0 0129530096 STIM_END_RESP_START
028 0 0130730140 RESP_END
029 0 0132658408 STIM_START
029 0 0133757092 STIM_END_RESP_START
029 0 0134373504 LICK
029 0 0134373988 TIMEOUT_START
029 0 0134565168 LICK
029 0 0134565652 TIMEOUT_START
029 0 0134736376 LICK
029 0 0134736856 TIMEOUT_START
029 0 0134957136 RESP_END
029 0 0141737356 TIMEOUT_END
030 1 0143583564 STIM_START
030 1 0144682252 STIM_END_RESP_START
030 1 0145269076 LICK
030 1 0145269560 REWARD_START
030 1 0145410304 LICK
030 1 0145666184 LICK
030 1 0145815152 LICK
030 1 0145882272 RESP_END
030 1 0145310072 REWARD_END
031 1 0148050276 STIM_START
031 1 0148537824 LICK
031 1 0148720984 LICK
031 1 0148899172 LICK
031 1 0149051864 LICK
031 1 0149148944 STIM_END_RESP_START
031 1 0149234148 LICK
031 1 0149234632 REWARD_START
031 1 0149375412 LICK
031 1 0149518736 LICK
031 1 0149650456 LICK
031 1 0149830400 LICK
031 1 0150197760 LICK
031 1 0150344988 LICK
031 1 0150348960 RESP_END
031 1 0149275144 REWARD_END
032 0 0152538972 STIM_START
032 0 0153637664 STIM_END_RESP_START
032 0 0154837704 RESP_END
033 0 0156770016 STIM_START
033 0 0157868668 STIM_END_RESP_START
033 0 0159068708 RESP_END
034 0 0161138848 STIM_START
034 0 0162237536 STIM_END_RESP_START
034 0 0163437580 RESP_END
035 1 0165337968 STIM_START
035 1 0166436652 STIM_END_RESP_START
035 1 0166599524 LICK
035 1 0166600016 REWARD_START
035 1 0166757588 LICK
035 1 0166897836 LICK
035 1 0167023436 LICK
035 1 0167156520 LICK
035 1 0167451136 LICK
035 1 0167623092 LICK
035 1 0167636676 RESP_END
035 1 0166640520 REWARD_END
036 0 0169714820 STIM_START
036 0 0170813512 STIM_END_RESP_START
036 0 0172013548 RESP_END
037 0 0173902896 STIM_START
037 0 0175001576 STIM_END_RESP_START
037 0 0176201620 RESP_END
038 0 0177970104 STIM_START
038 0 0179068792 STIM_END_RESP_START
038 0 0180268840 RESP_END
039 1 0182080260 STIM_START
039 1 0183178948 STIM_END_RESP_START
039 1 0183490748 LICK
039 1 0183491232 REWARD_START
039 1 0183631900 LICK
039 1 0183891036 LICK
039 1 0184034208 LICK
039 1 0184181896 LICK
039 1 0184378976 RESP_END
039 1 0183531744 REWARD_END
040 0 0186761748 STIM_START
040 0 0187860440 STIM_END_RESP_START
040 0 0189060480 RESP_END
041 1 0191108656 STIM_START
041 1 0192156792 LICK
041 1 0192207336 STIM_END_RESP_START
041 1 0192322876 LICK
041 1 0192323360 REWARD_START
041 1 0192472760 LICK
041 1 0192725616 LICK
041 1 0192873832 LICK
041 1 0193027092 LICK
041 1 0193322532 LICK
041 1 0193407356 RESP_END
041 1 0192363868 REWARD_END
042 1 0195770144 STIM_START
042 1 0196562252 LICK
042 1 0196728844 LICK
042 1 0196868824 STIM_END_RESP_START
042 1 0196880696 LICK
042 1 0196881180 REWARD_START
042 1 0197030168 LICK
042 1 0197170040 LICK
042 1 0197301884 LICK
042 1 0197433484 LICK
042 1 0197735024 LICK
042 1 0197924504 LICK
042 1 0198068868 RESP_END
042 1 0196921696 REWARD_END
043 0 0199818404 STIM_START
043 0 0200917088 STIM_END_RESP_START
043 0 0202117132 RESP_END
044 0 0203784720 STIM_START
044 0 0204883412 STIM_END_RESP_START
044 0 0206083448 RESP_END
045 0 0208031768 STIM_START
045 0 0209130448 STIM_END_RESP_START
045 0 0210330492 RESP_END
046 1 0211922168 STIM_START
046 1 0212941588 LICK
046 1 0213020836 STIM_END_RESP_START
046 1 0213099920 LICK
046 1 0213100404 REWARD_START
046 1 0213244868 LICK
046 1 0213385880 LICK
046 1 0213511560 LICK
046 1 0213648484 LICK
046 1 0213800372 LICK
046 1 0214220880 RESP_END
046 1 0213140912 REWARD_END
047 1 0216212092 STIM_START
047 1 0217098980 LICK
047 1 0217284676 LICK
047 1 0217310752 STIM_END_RESP_START
047 1 0217432284 LICK
047 1 0217432768 REWARD_START
047 1 0217585724 LICK
047 1 0217737080 LICK
047 1 0217859200 LICK
047 1 0218028316 LICK
047 1 0218354708 LICK
047 1 0218510792 RESP_END
047 1 0217473280 REWARD_END
048 0 0220259352 STIM_START
048 0 0221358032 STIM_END_RESP_START
048 0 0222558076 RESP_END
049 1 0224192744 STIM_START
049 1 0225128852 LICK
049 1 0225291432 STIM_END_RESP_START
049 1 0225296400 LICK
049 1 0225296888 REWARD_START
049 1 0225434084 LICK
049 1 0225698600 LICK
049 1 0225830060 LICK
049 1 0225975960 LICK
049 1 0226295788 LICK
049 1 0226491448 RESP_END
049 1 0225337384 REWARD_END
050 1 0229442528 STIM_START
050 1 0230143472 LICK
050 1 0230317156 LICK
050 1 0230503924 LICK
050 1 0230541196 STIM_END_RESP_START
050 1 0230665520 LICK
050 1 0230666008 REWARD_START
050 1 0230807088 LICK
050 1 0230947780 LICK
050 1 0231067784 LICK
050 1 0231207040 LICK
050 1 0231488228 LICK
050 1 0231658888 LICK
050 1 0231741212 RESP_END
050 1 0230706516 REWARD_END
051 0 0233542752 STIM_START
051 0 0234641440 STIM_END_RESP_START
051 0 0235841476 RESP_END
052 1 0237440176 STIM_START
052 1 0238203184 LICK
052 1 0238369544 LICK
052 1 0238538856 STIM_END_RESP_START
052 1 0238681556 LICK
052 1 0238682044 REWARD_START
052 1 0238818400 LICK
052 1 0239056076 LICK
052 1 0239208356 LICK
052 1 0239376972 LICK
052 1 0239738876 RESP_END
052 1 0238722556 REWARD_END
053 0 0241383464 STIM_START
053 0 0242482144 STIM_END_RESP_START
053 0 0243682192 RESP_END
054 1 0245270892 STIM_START
054 1 0246053416 LICK
054 1 0246216572 LICK
054 1 0246369564 STIM_END_RESP_START
054 1 0246384692 LICK
054 1 0246385176 REWARD_START
054 1 0246514560 LICK
054 1 0246653888 LICK
054 1 0246766532 LICK
054 1 0246916232 LICK
054 1 0247205708 LICK
054 1 0247569600 RESP_END
054 1 0246425672 REWARD_END
055 0 0249546876 STIM_START
055 0 0250645568 STIM_END_RESP_START
055 0 0251845604 RESP_END
056 1 0253772932 STIM_START
056 1 0254798240 LICK
056 1 0254871604 STIM_END_RESP_START
056 1 0254957784 LICK
056 1 0254958268 REWARD_START
056 1 0255088316 LICK
056 1 0255348036 LICK
056 1 0255486248 LICK
056 1 0255640364 LICK
056 1 0256071640 RESP_END
056 1 0254998784 REWARD_END
057 0 0258319564 STIM_START
057 0 0259418252 STIM_END_RESP_START
057 0 0260618296 RESP_END
058 0 0262245980 STIM_START
058 0 0263344664 STIM_END_RESP_START
058 0 0264544708 RESP_END
059 0 0266250256 STIM_START
059 0 0267348932 STIM_END_RESP_START
059 0 0268548976 RESP_END
060 1 0270619140 STIM_START
060 1 0271424172 LICK
060 1 0271576220 LICK
060 1 0271717796 STIM_END_RESP_START
060 1 0271755096 LICK
060 1 0271755588 REWARD_START
060 1 0271879112 LICK
060 1 0272139964 LICK
060 1 0272282984 LICK
060 1 0272917840 RESP_END
060 1 0271796096 REWARD_END
061 0 0274738232 STIM_START
061 0 0275836916 STIM_END_RESP_START
061 0 0277036960 RESP_END
062 1 0278944284 STIM_START
062 1 0279945544 LICK
062 1 0280042948 STIM_END_RESP_START
062 1 0280086408 LICK
062 1 0280086896 REWARD_START
062 1 0280216904 LICK
062 1 0280361964 LICK
062 1 0280482232 LICK
062 1 0280610260 LICK
062 1 0281046452 LICK
062 1 0281242968 RESP_END
062 1 0280127400 REWARD_END
063 0 0283147364 STIM_START
063 0 0284246052 STIM_END_RESP_START
063 0 0285446088 RESP_END
064 1 0287256532 STIM_START
064 1 0288184176 LICK
064 1 0288339180 LICK
064 1 0288355208 STIM_END_RESP_START
064 1 0288496748 LICK
064 1 0288497232 REWARD_START
064 1 0288634668 LICK
064 1 0288779404 LICK
064 1 0288903680 LICK
064 1 0289048064 LICK
064 1 0289198208 LICK
064 1 0289555228 RESP_END
064 1 0288537740 REWARD_END
065 1 0292363516 STIM_START
065 1 0293192952 LICK
065 1 0293360236 LICK
065 1 0293462204 STIM_END_RESP_START
065 1 0293513772 LICK
065 1 0293514264 REWARD_START
065 1 0293648404 LICK
065 1 0293792748 LICK
065 1 0293911492 LICK
065 1 0294061720 LICK
065 1 0294355304 LICK
065 1 0294662224 RESP_END
065 1 0293554772 REWARD_END
066 0 0296544620 STIM_START
066 0 0297643308 STIM_END_RESP_START
066 0 0298843348 RESP_END
067 1 0300695712 STIM_START
067 1 0301683464 LICK
067 1 0301794376 STIM_END_RESP_START
067 1 0301830404 LICK
067 1 0301830888 REWARD_START
067 1 0301967460 LICK
067 1 0302234916 LICK
067 1 0302373996 LICK
067 1 0302543892 LICK
067 1 0302688540 LICK
067 1 0302994392 RESP_END
067 1 0301871400 REWARD_END
068 0 0304677020 STIM_START
068 0 0305775708 STIM_END_RESP_START
068 0 0306975752 RESP_END
069 0 0309531320 STIM_START
069 0 0310630008 STIM_END_RESP_START
069 0 0311830052 RESP_END
070 1 0313906140 STIM_START
070 1 0314744472 LICK
070 1 0314948512 LICK
070 1 0315004824 STIM_END_RESP_START
070 1 0315108764 LICK
070 1 0315109252 REWARD_START
070 1 0315240516 LICK
070 1 0315383668 LICK
070 1 0315505188 LICK
070 1 0315639684 LICK
070 1 0316204860 RESP_END
070 1 0315149764 REWARD_END
071 1 0317844548 STIM_START
071 1 0318383224 LICK
071 1 0318572988 LICK
071 1 0318943228 STIM_END_RESP_START
071 1 0319222860 LICK
071 1 0319223348 REWARD_START
071 1 0319358400 LICK
071 1 0319500184 LICK
071 1 0319623484 LICK
071 1 0319936112 LICK
071 1 0320143244 RESP_END
071 1 0319263860 REWARD_END
072 0 0321851828 STIM_START
072 0 0322950520 STIM_END_RESP_START
072 0 0324150560 RESP_END
073 0 0326177724 STIM_START
073 0 0327276412 STIM_END_RESP_START
073 0 0328476460 RESP_END
074 1 0330464676 STIM_START
074 1 0331563364 STIM_END_RESP_START
074 1 0331740952 LICK
074 1 0331741444 REWARD_START
074 1 0331873688 LICK
074 1 0332019052 LICK
074 1 0332149964 LICK
074 1 0332283700 LICK
074 1 0332434824 LICK
074 1 0332763404 RESP_END
074 1 0331781948 REWARD_END
075 0 0334610772 STIM_START
075 0 0335709460 STIM_END_RESP_START
075 0 0336909500 RESP_END
076 1 0338759908 STIM_START
076 1 0339858596 STIM_END_RESP_START
076 1 0339921388 LICK
076 1 0339921872 REWARD_START
076 1 0340061744 LICK
076 1 0340310596 LICK
076 1 0340453048 LICK
076 1 0340597292 LICK
076 1 0341058640 RESP_END
076 1 0339962384 REWARD_END
077 0 0343077844 STIM_START
077 0 0344176532 STIM_END_RESP_START
077 0 0345376572 RESP_END
078 0 0347086096 STIM_START
078 0 0348184784 STIM_END_RESP_START
078 0 0349384824 RESP_END
079 0 0351396052 STIM_START
079 0 0352494736 STIM_END_RESP_START
079 0 0353694780 RESP_END
080 1 0355497236 STIM_START
080 1 0356367692 LICK
080 1 0356522696 LICK
080 1 0356595888 STIM_END_RESP_START
080 1 0357003356 LICK
080 1 0357003844 REWARD_START
080 1 0357139244 LICK
080 1 0357283444 LICK
080 1 0357406396 LICK
080 1 0357695088 LICK
080 1 0357795920 RESP_END
080 1 0357044356 REWARD_END
081 0 0359481532 STIM_START
081 0 0360580220 STIM_END_RESP_START
081 0 0361780260 RESP_END
082 0 0363712560 STIM_START
082 0 0364811240 STIM_END_RESP_START
082 0 0366011284 RESP_END
083 1 0367670868 STIM_START
083 1 0368769516 STIM_END_RESP_START
083 1 0368828252 LICK
083 1 0368828744 REWARD_START
083 1 0368964208 LICK
083 1 0369106092 LICK
083 1 0369234088 LICK
083 1 0369370920 LICK
083 1 0369524000 LICK
083 1 0369969532 RESP_END
083 1 0368869248 REWARD_END
084 0 0371639200 STIM_START
084 0 0372737888 STIM_END_RESP_START
084 0 0373937928 RESP_END
085 0 0375977124 STIM_START
085 0 0377075812 STIM_END_RESP_START
085 0 0378275860 RESP_END
086 0 0380145216 STIM_START
086 0 0381243904 STIM_END_RESP_START
086 0 0382443952 RESP_END
087 1 0385800564 STIM_START
087 1 0386247132 LICK
087 1 0386443892 LICK
087 1 0386608964 LICK
087 1 0386780044 LICK
087 1 0386899236 STIM_END_RESP_START
087 1 0386943076 LICK
087 1 0386943560 REWARD_START
087 1 0387103916 LICK
087 1 0387242276 LICK
087 1 0387364616 LICK
087 1 0388099264 RESP_END
087 1 0386984076 REWARD_END
088 1 0389687988 STIM_START
088 1 0390105120 LICK
088 1 0390280212 LICK
088 1 0390458976 LICK
088 1 0390628724 LICK
088 1 0390771484 LICK
088 1 0390786660 STIM_END_RESP_START
088 1 0390954392 LICK
088 1 0390954880 REWARD_START
088 1 0391093764 LICK
088 1 0391240764 LICK
088 1 0391490844 LICK
088 1 0391874580 LICK
088 1 0391986680 RESP_END
088 1 0390995392 REWARD_END
089 0 0394210664 STIM_START
089 0 0395309352 STIM_END_RESP_START
089 0 0396509396 RESP_END
090 1 0398139036 STIM_START
090 1 0399110784 LICK
090 1 0399237716 STIM_END_RESP_START
090 1 0399273556 LICK
090 1 0399274052 REWARD_START
090 1 0399420668 LICK
090 1 0399561940 LICK
090 1 0399684132 LICK
090 1 0399960348 LICK
090 1 0400437736 RESP_END
090 1 0399314560 REWARD_END
091 0 0402564800 STIM_START
091 0 0403663488 STIM_END_RESP_START
091 0 0404863532 RESP_END
092 1 0406640056 STIM_START
092 1 0407738744 STIM_END_RESP_START
092 1 0407902184 LICK
092 1 0407902676 REWARD_START
092 1 0408039748 LICK
092 1 0408280684 LICK
092 1 0408420784 LICK
092 1 0408565096 LICK
092 1 0408862284 LICK
092 1 0408938756 RESP_END
092 1 0407943192 REWARD_END
093 1 0410704252 STIM_START
093 1 0411286124 LICK
093 1 0411461920 LICK
093 1 0411637824 LICK
093 1 0411802908 STIM_END_RESP_START
093 1 0411811724 LICK
093 1 0411812216 REWARD_START
093 1 0411949840 LICK
093 1 0412093088 LICK
093 1 0412209772 LICK
093 1 0412351848 LICK
093 1 0412787500 LICK
093 1 0412977016 LICK
093 1 0413002948 RESP_END
093 1 0411852720 REWARD_END
094 1 0414881340 STIM_START
094 1 0415378624 LICK
094 1 0415521016 LICK
094 1 0415682712 LICK
094 1 0415873540 LICK
094 1 0415980004 STIM_END_RESP_START
094 1 0416028912 LICK
094 1 0416029396 REWARD_START
094 1 0416166620 LICK
094 1 0416307568 LICK
094 1 0416421416 LICK
094 1 0416698692 LICK
094 1 0416861584 LICK
094 1 0417056180 LICK
094 1 0417180028 RESP_END
094 1 0416069908 REWARD_END
095 0 0418806680 STIM_START
095 0 0419905332 STIM_END_RESP_START
095 0 0421105372 RESP_END
096 1 0423175564 STIM_START
096 1 0424154544 LICK
096 1 0424274220 STIM_END_RESP_START
096 1 0424314152 LICK
096 1 0424314640 REWARD_START
096 1 0424448820 LICK
096 1 0424690972 LICK
096 1 0424833384 LICK
096 1 0424979928 LICK
096 1 0425126060 LICK
096 1 0425474236 RESP_END
096 1 0424355152 REWARD_END
097 0 0427400568 STIM_START
097 0 0428499216 STIM_END_RESP_START
097 0 0429699260 RESP_END
098 1 0431590636 STIM_START
098 1 0432588280 LICK
098 1 0432689320 STIM_END_RESP_START
098 1 0432747340 LICK
098 1 0432747832 REWARD_START
098 1 0432871552 LICK
098 1 0433124896 LICK
098 1 0433271332 LICK
098 1 0433599016 LICK
098 1 0433757924 LICK
098 1 0433889360 RESP_END
098 1 0432788336 REWARD_END
099 1 0435917544 STIM_START
099 1 0436317316 LICK
099 1 0436475500 LICK
099 1 0436656712 LICK
099 1 0436814616 LICK
099 1 0436987436 LICK
099 1 0437016196 STIM_END_RESP_START
099 1 0437148396 LICK
099 1 0437148884 REWARD_START
099 1 0437289700 LICK
099 1 0437425520 LICK
099 1 0437559276 LICK
099 1 0437705256 LICK
099 1 0438216212 RESP_END
099 1 0437189392 REWARD_END
100 0 0440179492 STIM_START
100 0 0441278180 STIM_END_RESP_START
100 0 0442478228 RESP_END
101 1 0444154808 STIM_START
101 1 0445051512 LICK
101 1 0445212292 LICK
101 1 0445253468 STIM_END_RESP_START
101 1 0445378232 LICK
101 1 0445378724 REWARD_START
101 1 0445523568 LICK
101 1 0445666972 LICK
101 1 0445792956 LICK
101 1 0445933252 LICK
101 1 0446212156 LICK
101 1 0446382252 LICK
101 1 0446453516 RESP_END
101 1 0445419232 REWARD_END
USER_EXIT