001 0 0008987952 STIM_START
001 0 0010086644 STIM_END_RESP_START
001 0 0010342256 LICK
001 0 0010342700 TIMEOUT_START
001 0 0011286680 RESP_END
001 0 0017343152 TIMEOUT_END
002 0 0020650204 STIM_START
002 0 0020754480 LICK
002 0 0021748872 STIM_END_RESP_START
002 0 0022842788 LICK
002 0 0022843224 TIMEOUT_START
002 0 0022948900 RESP_END
002 0 0029843680 TIMEOUT_END
003 1 0031509468 STIM_START
003 1 0032608136 STIM_END_RESP_START
003 1 0032664648 LICK
003 1 0032665084 REWARD_START
003 1 0032865604 LICK
003 1 0033027660 LICK
003 1 0033165140 LICK
003 1 0033329960 LICK
003 1 0033496532 LICK
003 1 0033683704 LICK
003 1 0033808156 RESP_END
003 1 0032695536 REWARD_END
004 1 0038882780 STIM_START
004 1 0039764572 LICK
004 1 0039934504 LICK
004 1 0039981444 STIM_END_RESP_START
004 1 0040137580 LICK
004 1 0040138024 REWARD_START
004 1 0040310804 LICK
004 1 0040461524 LICK
004 1 0040592524 LICK
004 1 0040756052 LICK
004 1 0040926456 LICK
004 1 0041181484 RESP_END
004 1 0040168476 REWARD_END
005 0 0042950972 STIM_START
005 0 0044049640 STIM_END_RESP_START
005 0 0045249664 RESP_END
006 1 0047009172 STIM_START
006 1 0048107840 STIM_END_RESP_START
006 1 0048365032 LICK
006 1 0048365472 REWARD_START
006 1 0049307880 RESP_END
006 1 0048395936 REWARD_END
007 0 0051318088 STIM_START
007 0 0052416756 STIM_END_RESP_START
007 0 0053616784 RESP_END
008 0 0055446252 STIM_START
008 0 0056544924 STIM_END_RESP_START
008 0 0057744948 RESP_END
009 1 0059794140 STIM_START
009 1 0060892812 STIM_END_RESP_START
009 1 0061061152 LICK
009 1 0061061588 REWARD_START
009 1 0061203276 LICK
009 1 0062092856 RESP_END
009 1 0061092040 REWARD_END
010 0 0063941212 STIM_START
010 0 0065039884 STIM_END_RESP_START
010 0 0066239908 RESP_END
011 1 0068148300 STIM_START
011 1 0069246964 STIM_END_RESP_START
011 1 0070446992 RESP_END
012 1 0072512164 STIM_START
012 1 0073610832 STIM_END_RESP_START
012 1 0073833192 LICK
012 1 0073833632 REWARD_START
012 1 0073997220 LICK
012 1 0074146192 LICK
012 1 0074283860 LICK
012 1 0074445124 LICK
012 1 0074810860 RESP_END
012 1 0073864076 REWARD_END
013 0 0076578352 STIM_START
013 0 0077677024 STIM_END_RESP_START
013 0 0078877052 RESP_END
014 1 0080743492 STIM_START
014 1 0081842156 STIM_END_RESP_START
014 1 0082411344 LICK
014 1 0082411788 REWARD_START
014 1 0083042188 RESP_END
014 1 0082442256 REWARD_END
015 0 0084947524 STIM_START
015 0 0086046196 STIM_END_RESP_START
015 0 0087246220 RESP_END
016 1 0088963784 STIM_START
016 1 0090062456 STIM_END_RESP_START
016 1 0091262480 RESP_END
017 0 0093117900 STIM_START
017 0 0094216572 STIM_END_RESP_START
017 0 0095416596 RESP_END
018 0 0097443796 STIM_START
018 0 0098542464 STIM_END_RESP_START
018 0 0099742492 RESP_END
019 1 0101329232 STIM_START
019 1 0102427920 STIM_END_RESP_START
019 1 0103627960 RESP_END
020 1 0105660136 STIM_START
020 1 0106758812 STIM_END_RESP_START
020 1 0106992408 LICK
020 1 0106992896 REWARD_START
020 1 0107958840 RESP_END
020 1 0107023392 REWARD_END
021 0 0109617496 STIM_START
021 0 0110716180 STIM_END_RESP_START
021 0 0111916224 RESP_END
022 1 0113827516 STIM_START
022 1 0114926168 STIM_END_RESP_START
022 1 0115611000 LICK
022 1 0115611484 REWARD_START
022 1 0116126184 RESP_END
022 1 0115641996 REWARD_END
023 1 0119775548 STIM_START
023 1 0120119708 LICK
023 1 0120302276 LICK
023 1 0120529652 LICK
023 1 0120722180 LICK
023 1 0120874220 STIM_END_RESP_START
023 1 0120931756 LICK
023 1 0120932244 REWARD_START
023 1 0121231872 LICK
023 1 0121383416 LICK
023 1 0121534136 LICK
023 1 0122074268 RESP_END
023 1 0120962756 REWARD_END
024 0 0124080428 STIM_START
024 0 0124362860 LICK
024 0 0124560288 LICK
024 0 0125179080 STIM_END_RESP_START
024 0 0126379124 RESP_END
025 0 0127989852 STIM_START
025 0 0129088540 STIM_END_RESP_START
025 0 0130288576 RESP_END
026 0 0131940164 STIM_START
026 0 0133038848 STIM_END_RESP_START
026 0 0134238892 RESP_END
027 1 0136030384 STIM_START
027 1 0137129068 STIM_END_RESP_START
027 1 0137156536 LICK
027 1 0137157024 REWARD_START
027 1 0137335220 LICK
027 1 0137486660 LICK
027 1 0137617396 LICK
027 1 0137775232 LICK
027 1 0138329084 RESP_END
027 1 0137187520 REWARD_END
028 0 0140199460 STIM_START
028 0 0141298148 STIM_END_RESP_START
028 0 0142498192 RESP_END
029 0 0144405532 STIM_START
029 0 0145504212 STIM_END_RESP_START
029 0 0146704252 RESP_END
030 1 0148741404 STIM_START
030 1 0149840052 STIM_END_RESP_START
030 1 0150508624 LICK
030 1 0150509112 REWARD_START
030 1 0150670088 LICK
030 1 0150817392 LICK
030 1 0150949412 LICK
030 1 0151040080 RESP_END
030 1 0150539624 REWARD_END
031 1 0152926468 STIM_START
031 1 0154025156 STIM_END_RESP_START
031 1 0154215392 LICK
031 1 0154215880 REWARD_START
031 1 0154543760 LICK
031 1 0154827716 LICK
031 1 0155225200 RESP_END
031 1 0154246376 REWARD_END
032 0 0156951724 STIM_START
032 0 0158050376 STIM_END_RESP_START
032 0 0159250412 RESP_END
033 0 0161039908 STIM_START
033 0 0162138596 STIM_END_RESP_START
033 0 0163338640 RESP_END
034 0 0165392784 STIM_START
034 0 0166491472 STIM_END_RESP_START
034 0 0167691516 RESP_END
035 1 0169286164 STIM_START
035 1 0170384848 STIM_END_RESP_START
035 1 0170590920 LICK
035 1 0170591412 REWARD_START
035 1 0171584888 RESP_END
035 1 0170621916 REWARD_END
036 0 0173296464 STIM_START
036 0 0174395152 STIM_END_RESP_START
036 0 0175595196 RESP_END
037 0 0177204864 STIM_START
037 0 0178303548 STIM_END_RESP_START
037 0 0179503592 RESP_END
038 0 0181312028 STIM_START
038 0 0182410712 STIM_END_RESP_START
038 0 0183610756 RESP_END
039 1 0185357224 STIM_START
039 1 0186455908 STIM_END_RESP_START
039 1 0187655952 RESP_END
040 0 0189581284 STIM_START
040 0 0190679968 STIM_END_RESP_START
040 0 0191880012 RESP_END
041 1 0193720380 STIM_START
041 1 0194203196 LICK
041 1 0194819028 STIM_END_RESP_START
041 1 0195125916 LICK
041 1 0195126408 REWARD_START
041 1 0195292748 LICK
041 1 0195437180 LICK
041 1 0195567512 LICK
041 1 0196019048 RESP_END
041 1 0195156912 REWARD_END
042 1 0197880484 STIM_START
042 1 0198403248 LICK
042 1 0198641876 LICK
042 1 0198979152 STIM_END_RESP_START
042 1 0199013680 LICK
042 1 0199014168 REWARD_START
042 1 0199225932 LICK
042 1 0199371112 LICK
042 1 0199528808 LICK
042 1 0199690332 LICK
042 1 0200179180 RESP_END
042 1 0199044680 REWARD_END
043 0 0203566764 STIM_START
043 0 0204665412 STIM_END_RESP_START
043 0 0205865456 RESP_END
044 0 0207893696 STIM_START
044 0 0208992384 STIM_END_RESP_START
044 0 0210192428 RESP_END
045 0 0212221568 STIM_START
045 0 0213320256 STIM_END_RESP_START
045 0 0214520296 RESP_END
046 1 0216308820 STIM_START
046 1 0217407504 STIM_END_RESP_START
046 1 0217575596 LICK
046 1 0217576084 REWARD_START
046 1 0217724684 LICK
046 1 0217869300 LICK
046 1 0218157944 LICK
046 1 0218607536 RESP_END
046 1 0217606596 REWARD_END
047 1 0220491836 STIM_START
047 1 0221306492 LICK
047 1 0221590532 STIM_END_RESP_START
047 1 0222671588 LICK
047 1 0222672080 REWARD_START
047 1 0222790548 RESP_END
047 1 0222702588 REWARD_END
048 0 0224773840 STIM_START
048 0 0225872524 STIM_END_RESP_START
048 0 0227072568 RESP_END
049 1 0228704188 STIM_START
049 1 0229205324 LICK
049 1 0229515824 LICK
049 1 0229802860 STIM_END_RESP_START
049 1 0231002904 RESP_END
050 1 0232743456 STIM_START
050 1 0233842108 STIM_END_RESP_START
050 1 0234119480 LICK
050 1 0234119964 REWARD_START
050 1 0234311204 LICK
050 1 0234459156 LICK
050 1 0234594864 LICK
050 1 0234743144 LICK
050 1 0235027780 LICK
050 1 0235042120 RESP_END
050 1 0234150480 REWARD_END
051 0 0236699748 STIM_START
051 0 0237798440 STIM_END_RESP_START
051 0 0238998476 RESP_END
052 1 0240587188 STIM_START
052 1 0241026488 LICK
052 1 0241234268 LICK
052 1 0241685872 STIM_END_RESP_START
052 1 0242267204 LICK
052 1 0242267688 REWARD_START
052 1 0242885900 RESP_END
052 1 0242298184 REWARD_END
053 0 0244865140 STIM_START
053 0 0245963828 STIM_END_RESP_START
053 0 0247163864 RESP_END
054 1 0250289732 STIM_START
054 1 0250781940 LICK
054 1 0251253212 LICK
054 1 0251388392 STIM_END_RESP_START
054 1 0251458208 LICK
054 1 0251458700 REWARD_START
054 1 0252588408 RESP_END
054 1 0251489208 REWARD_END
055 0 0254258052 STIM_START
055 0 0255356740 STIM_END_RESP_START
055 0 0256556788 RESP_END
056 1 0258451176 STIM_START
056 1 0259549828 STIM_END_RESP_START
056 1 0260748196 LICK
056 1 0260748688 REWARD_START
056 1 0260779220 RESP_END
056 1 0260779184 REWARD_END
057 0 0262995748 STIM_START
057 0 0263402092 LICK
057 0 0264094428 STIM_END_RESP_START
057 0 0265294472 RESP_END
058 0 0266896192 STIM_START
058 0 0267054288 LICK
058 0 0267488808 LICK
058 0 0267994844 STIM_END_RESP_START
058 0 0269194888 RESP_END
059 0 0271073288 STIM_START
059 0 0272171968 STIM_END_RESP_START
059 0 0273372012 RESP_END
060 1 0275063584 STIM_START
060 1 0276162232 STIM_END_RESP_START
060 1 0276718756 LICK
060 1 0276719240 REWARD_START
060 1 0276887040 LICK
060 1 0277037992 LICK
060 1 0277187644 LICK
060 1 0277362248 RESP_END
060 1 0276749752 REWARD_END
061 0 0279865908 STIM_START
061 0 0280964564 STIM_END_RESP_START
061 0 0282164608 RESP_END
062 1 0284094896 STIM_START
062 1 0285193584 STIM_END_RESP_START
062 1 0286393628 RESP_END
063 0 0288591580 STIM_START
063 0 0289690228 STIM_END_RESP_START
063 0 0290890272 RESP_END
064 1 0292993428 STIM_START
064 1 0294092116 STIM_END_RESP_START
064 1 0295292160 RESP_END
065 1 0297348280 STIM_START
065 1 0298446952 STIM_END_RESP_START
065 1 0299643256 LICK
065 1 0299643740 REWARD_START
065 1 0299674288 RESP_END
065 1 0299674256 REWARD_END
066 0 0302309436 STIM_START
066 0 0302449876 LICK
066 0 0303408100 STIM_END_RESP_START
066 0 0304608144 RESP_END
067 1 0306310748 STIM_START
067 1 0306772100 LICK
067 1 0307326752 LICK
067 1 0307409428 STIM_END_RESP_START
067 1 0307510364 LICK
067 1 0307510848 REWARD_START
067 1 0307674584 LICK
067 1 0307829704 LICK
067 1 0307954476 LICK
067 1 0308100276 LICK
067 1 0308278632 LICK
067 1 0308609444 RESP_END
067 1 0307541364 REWARD_END
068 0 0310412888 STIM_START
068 0 0311511576 STIM_END_RESP_START
068 0 0312711624 RESP_END
069 0 0314401196 STIM_START
069 0 0315499844 STIM_END_RESP_START
069 0 0316699888 RESP_END
070 1 0318507384 STIM_START
070 1 0319606032 STIM_END_RESP_START
070 1 0319652012 LICK
070 1 0319652496 REWARD_START
070 1 0320093280 LICK
070 1 0320246648 LICK
070 1 0320421564 LICK
070 1 0320806080 RESP_END
070 1 0319683008 REWARD_END
071 1 0322694444 STIM_START
071 1 0322986612 LICK
071 1 0323413032 LICK
071 1 0323593812 LICK
071 1 0323793128 STIM_END_RESP_START
071 1 0324993172 RESP_END
072 0 0327463808 STIM_START
072 0 0328562476 STIM_END_RESP_START
072 0 0329762516 RESP_END
073 0 0331836640 STIM_START
073 0 0332935328 STIM_END_RESP_START
073 0 0334135372 RESP_END
074 1 0336209488 STIM_START
074 1 0336544676 LICK
074 1 0336777372 LICK
074 1 0337017648 LICK
074 1 0337237980 LICK
074 1 0337308172 STIM_END_RESP_START
074 1 0337435084 LICK
074 1 0337435568 REWARD_START
074 1 0337631252 LICK
074 1 0338075136 LICK
074 1 0338239804 LICK
074 1 0338431788 LICK
074 1 0338508188 RESP_END
074 1 0337466084 REWARD_END
075 0 0340510424 STIM_START
075 0 0341609076 STIM_END_RESP_START
075 0 0342809116 RESP_END
076 1 0344579608 STIM_START
076 1 0345678296 STIM_END_RESP_START
076 1 0346356552 LICK
076 1 0346357044 REWARD_START
076 1 0346515292 LICK
076 1 0346660896 LICK
076 1 0346807696 LICK
076 1 0346878312 RESP_END
076 1 0346387540 REWARD_END
077 0 0348940484 STIM_START
077 0 0350039168 STIM_END_RESP_START
077 0 0351239212 RESP_END
078 0 0353172516 STIM_START
078 0 0354271200 STIM_END_RESP_START
078 0 0355471244 RESP_END
079 0 0357538348 STIM_START
079 0 0358637036 STIM_END_RESP_START
079 0 0359837080 RESP_END
080 1 0361447724 STIM_START
080 1 0362546412 STIM_END_RESP_START
080 1 0362668964 LICK
080 1 0362669452 REWARD_START
080 1 0362840124 LICK
080 1 0362980372 LICK
080 1 0363111568 LICK
080 1 0363746420 RESP_END
080 1 0362699948 REWARD_END
081 0 0365608852 STIM_START
081 0 0366707536 STIM_END_RESP_START
081 0 0367907584 RESP_END
082 0 0369715020 STIM_START
082 0 0370813672 STIM_END_RESP_START
082 0 0372013716 RESP_END
083 1 0373604408 STIM_START
083 1 0374114472 LICK
083 1 0374703068 STIM_END_RESP_START
083 1 0375903116 RESP_END
084 0 0377663620 STIM_START
084 0 0378762308 STIM_END_RESP_START
084 0 0379962348 RESP_END
085 0 0381674916 STIM_START
085 0 0382773604 STIM_END_RESP_START
085 0 0383973648 RESP_END
086 0 0385627260 STIM_START
086 0 0386725948 STIM_END_RESP_START
086 0 0387925984 RESP_END
087 1 0389793332 STIM_START
087 1 0390090692 LICK
087 1 0390300156 LICK
087 1 0390513280 LICK
087 1 0390892012 STIM_END_RESP_START
087 1 0392092056 RESP_END
088 1 0394160168 STIM_START
088 1 0395068596 LICK
088 1 0395258824 STIM_END_RESP_START
088 1 0395684144 LICK
088 1 0395684632 REWARD_START
088 1 0395872468 LICK
088 1 0396033688 LICK
088 1 0396176980 LICK
088 1 0396458856 RESP_END
088 1 0395715144 REWARD_END
089 0 0398533000 STIM_START
089 0 0399631652 STIM_END_RESP_START
089 0 0400831696 RESP_END
090 1 0402539300 STIM_START
090 1 0403194788 LICK
090 1 0403394956 LICK
090 1 0403578268 LICK
090 1 0403637964 STIM_END_RESP_START
090 1 0403759844 LICK
090 1 0403760336 REWARD_START
090 1 0403917888 LICK
090 1 0404193652 LICK
090 1 0404350088 LICK
090 1 0404540320 LICK
090 1 0404837984 RESP_END
090 1 0403790844 REWARD_END
091 0 0406600500 STIM_START
091 0 0407699188 STIM_END_RESP_START
091 0 0408899236 RESP_END
092 1 0410611792 STIM_START
092 1 0411710480 STIM_END_RESP_START
092 1 0411902856 LICK
092 1 0411903348 REWARD_START
092 1 0412065696 LICK
092 1 0412217208 LICK
092 1 0412346580 LICK
092 1 0412513300 LICK
092 1 0412904772 LICK
092 1 0412910492 RESP_END
092 1 0411933844 REWARD_END
093 1 0414816856 STIM_START
093 1 0415915508 STIM_END_RESP_START
093 1 0417115556 RESP_END
094 1 0419002904 STIM_START
094 1 0419478480 LICK
094 1 0420101572 STIM_END_RESP_START
094 1 0420224020 LICK
094 1 0420224500 REWARD_START
094 1 0420407612 LICK
094 1 0420565760 LICK
094 1 0420707548 LICK
094 1 0420864964 LICK
094 1 0421301584 RESP_END
094 1 0420254996 REWARD_END
095 0 0423106040 STIM_START
095 0 0424204724 STIM_END_RESP_START
095 0 0425404768 RESP_END
096 1 0427052392 STIM_START
096 1 0428151052 STIM_END_RESP_START
096 1 0428843500 LICK
096 1 0428843984 REWARD_START
096 1 0429160884 LICK
096 1 0429301548 LICK
096 1 0429351100 RESP_END
096 1 0428874500 REWARD_END
097 0 0433474808 STIM_START
097 0 0434573496 STIM_END_RESP_START
097 0 0435773536 RESP_END
098 1 0437682852 STIM_START
098 1 0438781540 STIM_END_RESP_START
098 1 0438861908 LICK
098 1 0438862396 REWARD_START
098 1 0439507720 LICK
098 1 0439981588 RESP_END
098 1 0438892908 REWARD_END
099 1 0441986808 STIM_START
099 1 0442831292 LICK
099 1 0443085472 STIM_END_RESP_START
099 1 0444285516 RESP_END
100 0 0446948944 STIM_START
100 0 0448047632 STIM_END_RESP_START
100 0 0449247676 RESP_END
101 1 0450858332 STIM_START
101 1 0451956984 STIM_END_RESP_START
101 1 0453157024 RESP_END
102 1 0455011440 STIM_START
102 1 0456110128 STIM_END_RESP_START
102 1 0457310168 RESP_END
103 1 0459168532 STIM_START
103 1 0460267220 STIM_END_RESP_START
103 1 0460462832 LICK
103 1 0460463324 REWARD_START
103 1 0460658780 LICK
103 1 0460823800 LICK
103 1 0460964124 LICK
103 1 0461143100 LICK
103 1 0461467268 RESP_END
103 1 0460493840 REWARD_END
104 0 0463134852 STIM_START
104 0 0463366564 LICK
104 0 0464233524 STIM_END_RESP_START
104 0 0465433564 RESP_END
105 0 0467473740 STIM_START
105 0 0468572388 STIM_END_RESP_START
105 0 0469772432 RESP_END
106 0 0471661768 STIM_START
106 0 0472760460 STIM_END_RESP_START
106 0 0473960504 RESP_END
107 1 0475708032 STIM_START
107 1 0476806684 STIM_END_RESP_START
107 1 0478006728 RESP_END
108 0 0479881076 STIM_START
108 0 0480979728 STIM_END_RESP_START
108 0 0482179772 RESP_END
109 0 0484262944 STIM_START
109 0 0485361624 STIM_END_RESP_START
109 0 0486561668 RESP_END
110 0 0488250212 STIM_START
110 0 0489348900 STIM_END_RESP_START
110 0 0490548944 RESP_END
111 1 0492539192 STIM_START
111 1 0493107828 LICK
111 1 0493637880 STIM_END_RESP_START
111 1 0493762016 LICK
111 1 0493762500 REWARD_START
111 1 0493944208 LICK
111 1 0494097688 LICK
111 1 0494228080 LICK
111 1 0494395596 LICK
111 1 0494837916 RESP_END
111 1 0493793012 REWARD_END
112 1 0496878076 STIM_START
112 1 0497976764 STIM_END_RESP_START
112 1 0498056528 LICK
112 1 0498057012 REWARD_START
112 1 0498226072 LICK
112 1 0498382676 LICK
112 1 0499176792 RESP_END
112 1 0498087528 REWARD_END
113 1 0501096092 STIM_START
113 1 0502194740 STIM_END_RESP_START
113 1 0503394784 RESP_END
114 0 0505349064 STIM_START
114 0 0506447752 STIM_END_RESP_START
114 0 0507647796 RESP_END
115 1 0509258436 STIM_START
115 1 0509642852 LICK
115 1 0510051308 LICK
115 1 0510266172 LICK
115 1 0510357092 STIM_END_RESP_START
115 1 0511557136 RESP_END
116 0 0513336652 STIM_START
116 0 0514435336 STIM_END_RESP_START
116 0 0515635384 RESP_END
117 1 0517224060 STIM_START
117 1 0518322748 STIM_END_RESP_START
117 1 0519522792 RESP_END
118 1 0521588932 STIM_START
118 1 0522687584 STIM_END_RESP_START
118 1 0523887628 RESP_END
119 0 0525797952 STIM_START
119 0 0526896640 STIM_END_RESP_START
119 0 0528096684 RESP_END
120 0 0529730340 STIM_START
120 0 0530828984 STIM_END_RESP_START
120 0 0532029028 RESP_END
121 0 0533638728 STIM_START
121 0 0534737416 STIM_END_RESP_START
121 0 0535937460 RESP_END
122 1 0537648996 STIM_START
122 1 0538747684 STIM_END_RESP_START
122 1 0539947724 RESP_END
123 1 0541893932 STIM_START
123 1 0542272340 LICK
123 1 0542991024 LICK
123 1 0542992596 STIM_END_RESP_START
123 1 0543222112 LICK
123 1 0543222600 REWARD_START
123 1 0543475240 LICK
123 1 0543638016 LICK
123 1 0543915664 LICK
123 1 0544192628 RESP_END
123 1 0543253112 REWARD_END
124 1 0545968156 STIM_START
124 1 0546248280 LICK
124 1 0546625576 LICK
124 1 0546816440 LICK
124 1 0547018280 LICK
124 1 0547066816 STIM_END_RESP_START
124 1 0547218052 LICK
124 1 0547218544 REWARD_START
124 1 0547377740 LICK
124 1 0547530088 LICK
124 1 0547655584 LICK
124 1 0547811952 LICK
124 1 0548266856 RESP_END
124 1 0547249052 REWARD_END
125 0 0550353012 STIM_START
125 0 0551451704 STIM_END_RESP_START
125 0 0552651740 RESP_END
126 1 0554687880 STIM_START
126 1 0555765996 LICK
126 1 0555786544 STIM_END_RESP_START
126 1 0556120724 LICK
126 1 0556121220 REWARD_START
126 1 0556275540 LICK
126 1 0556417956 LICK
126 1 0556543336 LICK
126 1 0556695116 LICK
126 1 0556853344 LICK
126 1 0556986560 RESP_END
126 1 0556151728 REWARD_END
127 0 0558788056 STIM_START
127 0 0559886704 STIM_END_RESP_START
127 0 0561086752 RESP_END
128 0 0563137900 STIM_START
128 0 0564236552 STIM_END_RESP_START
128 0 0565436600 RESP_END
129 1 0567025292 STIM_START
129 1 0568123948 STIM_END_RESP_START
129 1 0568308484 LICK
129 1 0568308976 REWARD_START
129 1 0568912916 LICK
129 1 0569323976 RESP_END
129 1 0568339492 REWARD_END
130 1 0571030624 STIM_START
130 1 0572037800 LICK
130 1 0572129320 STIM_END_RESP_START
130 1 0572195748 LICK
130 1 0572196244 REWARD_START
130 1 0572353176 LICK
130 1 0572493312 LICK
130 1 0572622908 LICK
130 1 0572771036 LICK
130 1 0573329368 RESP_END
130 1 0572226740 REWARD_END
131 1 0575254648 STIM_START
131 1 0575953120 LICK
131 1 0576136604 LICK
131 1 0576316968 LICK
131 1 0576353316 STIM_END_RESP_START
131 1 0576483116 LICK
131 1 0576483608 REWARD_START
131 1 0576620144 LICK
131 1 0576759872 LICK
131 1 0576886120 LICK
131 1 0577036912 LICK
131 1 0577198140 LICK
131 1 0577553360 RESP_END
131 1 0576514104 REWARD_END
132 0 0579559548 STIM_START
132 0 0579751012 LICK
132 0 0580658236 STIM_END_RESP_START
132 0 0581858272 RESP_END
133 0 0583838496 STIM_START
133 0 0584937184 STIM_END_RESP_START
133 0 0586137228 RESP_END
134 0 0587803816 STIM_START
134 0 0588902504 STIM_END_RESP_START
134 0 0590102548 RESP_END
135 1 0591813088 STIM_START
135 1 0592911736 STIM_END_RESP_START
135 1 0594111780 RESP_END
136 0 0595825348 STIM_START
136 0 0596924000 STIM_END_RESP_START
136 0 0598124044 RESP_END
137 1 0600014380 STIM_START
137 1 0601113028 STIM_END_RESP_START
137 1 0602313076 RESP_END
138 0 0603949792 STIM_START
138 0 0605048484 STIM_END_RESP_START
138 0 0606248528 RESP_END
139 0 0608265700 STIM_START
139 0 0609364388 STIM_END_RESP_START
139 0 0610564432 RESP_END
140 1 0612355860 STIM_START
140 1 0613454548 STIM_END_RESP_START
140 1 0614508428 LICK
140 1 0614508920 REWARD_START
140 1 0614654596 RESP_END
140 1 0614539416 REWARD_END
141 1 0616727696 STIM_START
141 1 0617826344 STIM_END_RESP_START
141 1 0619026384 RESP_END
142 0 0621079516 STIM_START
142 0 0622178204 STIM_END_RESP_START
142 0 0623378252 RESP_END
143 1 0625107832 STIM_START
143 1 0626206484 STIM_END_RESP_START
143 1 0627406528 RESP_END
144 1 0629120088 STIM_START
144 1 0630218776 STIM_END_RESP_START
144 1 0630840688 LICK
144 1 0630841172 REWARD_START
144 1 0631418804 RESP_END
144 1 0630871688 REWARD_END
145 1 0633320132 STIM_START
145 1 0633663064 LICK
145 1 0634418804 STIM_END_RESP_START
145 1 0634648992 LICK
145 1 0634649480 REWARD_START
145 1 0635098584 LICK
145 1 0635261584 LICK
145 1 0635562608 LICK
145 1 0635618820 RESP_END
145 1 0634679992 REWARD_END
146 0 0637624072 STIM_START
146 0 0638722764 STIM_END_RESP_START
146 0 0639922808 RESP_END
147 1 0641948952 STIM_START
147 1 0643047640 STIM_END_RESP_START
147 1 0644247688 RESP_END
148 0 0645939268 STIM_START
148 0 0647037944 STIM_END_RESP_START
148 0 0648217028 LICK
148 0 0648217512 TIMEOUT_START
148 0 0648237960 RESP_END
148 0 0655218024 TIMEOUT_END
149 1 0657095112 STIM_START
149 1 0658193768 STIM_END_RESP_START
149 1 0659393808 RESP_END
150 1 0661343044 STIM_START
150 1 0662441732 STIM_END_RESP_START
150 1 0663641772 RESP_END
151 0 0665560104 STIM_START
151 0 0666658788 STIM_END_RESP_START
151 0 0667858832 RESP_END
152 0 0669609304 STIM_START
152 0 0670707952 STIM_END_RESP_START
152 0 0671907996 RESP_END
153 1 0673767388 STIM_START
153 1 0674866076 STIM_END_RESP_START
153 1 0676066120 RESP_END
154 0 0678118288 STIM_START
154 0 0679216940 STIM_END_RESP_START
154 0 0680416984 RESP_END
155 1 0682411180 STIM_START
155 1 0683509828 STIM_END_RESP_START
155 1 0684603236 LICK
155 1 0684603728 REWARD_START
155 1 0684709856 RESP_END
155 1 0684634224 REWARD_END
156 0 0686313588 STIM_START
156 0 0686829736 LICK
156 0 0687265664 LICK
156 0 0687412260 STIM_END_RESP_START
156 0 0687453160 LICK
156 0 0687453652 TIMEOUT_START
156 0 0687636820 LICK
156 0 0687637304 TIMEOUT_START
156 0 0688612308 RESP_END
156 0 0694637808 TIMEOUT_END
157 1 0696479628 STIM_START
157 1 0697578316 STIM_END_RESP_START
157 1 0698241112 LICK
157 1 0698241596 REWARD_START
157 1 0698399880 LICK
157 1 0698778356 RESP_END
157 1 0698272108 REWARD_END
158 1 0700800512 STIM_START
158 1 0701899192 STIM_END_RESP_START
158 1 0703099240 RESP_END
159 1 0704915660 STIM_START
159 1 0706014348 STIM_END_RESP_START
159 1 0707214392 RESP_END
160 0 0709162656 STIM_START
160 0 0710261308 STIM_END_RESP_START
160 0 0711461352 RESP_END
161 1 0713397664 STIM_START
161 1 0714496316 STIM_END_RESP_START
161 1 0715696360 RESP_END
162 0 0717708548 STIM_START
162 0 0718807236 STIM_END_RESP_START
162 0 0720007280 RESP_END
163 0 0721602980 STIM_START
163 0 0722701664 STIM_END_RESP_START
163 0 0723901708 RESP_END
164 1 0725570264 STIM_START
164 1 0726668916 STIM_END_RESP_START
164 1 0727868960 RESP_END
165 0 0729796324 STIM_START
165 0 0730894976 STIM_END_RESP_START
165 0 0732094996 RESP_END
166 0 0733763616 STIM_START
166 0 0734862300 STIM_END_RESP_START
166 0 0736062340 RESP_END
167 0 0737778884 STIM_START
167 0 0738803120 LICK
167 0 0738877548 STIM_END_RESP_START
167 0 0739415652 LICK
167 0 0739416144 TIMEOUT_START
167 0 0740077588 RESP_END
167 0 0746416648 TIMEOUT_END
168 1 0748326428 STIM_START
168 1 0748637608 LICK
168 1 0749089664 LICK
168 1 0749425092 STIM_END_RESP_START
168 1 0750110112 LICK
168 1 0750110596 REWARD_START
168 1 0750277076 LICK
168 1 0750436940 LICK
168 1 0750592028 LICK
168 1 0750625116 RESP_END
168 1 0750141112 REWARD_END
169 0 0752644364 STIM_START
169 0 0753743016 STIM_END_RESP_START
169 0 0754943060 RESP_END
170 1 0756655560 STIM_START
170 1 0757754208 STIM_END_RESP_START
170 1 0758954220 RESP_END
171 0 0761507832 STIM_START
171 0 0762606484 STIM_END_RESP_START
171 0 0763806528 RESP_END
172 0 0765774860 STIM_START
172 0 0766873504 STIM_END_RESP_START
172 0 0768073552 RESP_END
173 1 0770043760 STIM_START
173 1 0771142412 STIM_END_RESP_START
173 1 0772342456 RESP_END
174 0 0774134988 STIM_START
174 0 0775233640 STIM_END_RESP_START
174 0 0776433684 RESP_END
175 0 0778499836 STIM_START
175 0 0779598488 STIM_END_RESP_START
175 0 0780798532 RESP_END
176 0 0782552048 STIM_START
176 0 0783650736 STIM_END_RESP_START
176 0 0784850780 RESP_END
177 1 0788617868 STIM_START
177 1 0789172844 LICK
177 1 0789364372 LICK
177 1 0789716540 STIM_END_RESP_START
177 1 0789744836 LICK
177 1 0789745320 REWARD_START
177 1 0790117588 LICK
177 1 0790257304 LICK
177 1 0790409276 LICK
177 1 0790916552 RESP_END
177 1 0789775836 REWARD_END
178 1 0792680112 STIM_START
178 1 0793186904 LICK
178 1 0793401220 LICK
178 1 0793604620 LICK
178 1 0793778792 STIM_END_RESP_START
178 1 0793792700 LICK
178 1 0793793188 REWARD_START
178 1 0793956900 LICK
178 1 0794096428 LICK
178 1 0794229332 LICK
178 1 0794380308 LICK
178 1 0794525516 LICK
178 1 0794978836 RESP_END
178 1 0793823700 REWARD_END
179 0 0796699324 STIM_START
179 0 0797798012 STIM_END_RESP_START
179 0 0798998056 RESP_END
180 0 0801029252 STIM_START
180 0 0802127940 STIM_END_RESP_START
180 0 0803327980 RESP_END
181 0 0804917612 STIM_START
181 0 0806016296 STIM_END_RESP_START
181 0 0807216340 RESP_END
182 1 0809047824 STIM_START
182 1 0810146476 STIM_END_RESP_START
182 1 0811346520 RESP_END
183 0 0813413632 STIM_START
183 0 0814512324 STIM_END_RESP_START
183 0 0815712368 RESP_END
184 1 0817561716 STIM_START
184 1 0818082476 LICK
184 1 0818660384 STIM_END_RESP_START
184 1 0819120240 LICK
184 1 0819120728 REWARD_START
184 1 0819756696 LICK
184 1 0819860404 RESP_END
184 1 0819151244 REWARD_END
185 1 0822169296 STIM_START
185 1 0822682016 LICK
185 1 0822931024 LICK
185 1 0823267960 STIM_END_RESP_START
185 1 0823290252 LICK
185 1 0823290740 REWARD_START
185 1 0823462628 LICK
185 1 0823740204 LICK
185 1 0823898888 LICK
185 1 0824053820 LICK
185 1 0824467988 RESP_END
185 1 0823321256 REWARD_END
186 1 0826303392 STIM_START
186 1 0826895040 LICK
186 1 0827313864 LICK
186 1 0827402060 STIM_END_RESP_START
186 1 0827678868 LICK
186 1 0827679356 REWARD_START
186 1 0827837532 LICK
186 1 0827985780 LICK
186 1 0828119212 LICK
186 1 0828276676 LICK
186 1 0828602100 RESP_END
186 1 0827709868 REWARD_END
187 0 0831076736 STIM_START
187 0 0832175428 STIM_END_RESP_START
187 0 0833375472 RESP_END
188 0 0835364720 STIM_START
188 0 0836463408 STIM_END_RESP_START
188 0 0837663452 RESP_END
189 0 0839313044 STIM_START
189 0 0840411732 STIM_END_RESP_START
189 0 0841611776 RESP_END
190 1 0843603016 STIM_START
190 1 0844701704 STIM_END_RESP_START
190 1 0845901744 RESP_END
191 1 0847595288 STIM_START
191 1 0848693940 STIM_END_RESP_START
191 1 0849893980 RESP_END
192 1 0851963152 STIM_START
192 1 0853061804 STIM_END_RESP_START
192 1 0854261844 RESP_END
193 0 0856171132 STIM_START
193 0 0857269780 STIM_END_RESP_START
193 0 0858469828 RESP_END
194 0 0860062572 STIM_START
194 0 0861161260 STIM_END_RESP_START
194 0 0862361308 RESP_END
195 1 0864359484 STIM_START
195 1 0864732696 LICK
195 1 0865192472 LICK
195 1 0865458160 STIM_END_RESP_START
195 1 0865583948 LICK
195 1 0865584440 REWARD_START
195 1 0865775552 LICK
195 1 0865918692 LICK
195 1 0866077296 LICK
195 1 0866658188 RESP_END
195 1 0865614936 REWARD_END
196 1 0868759284 STIM_START
196 1 0869199944 LICK
196 1 0869420280 LICK
196 1 0869622612 LICK
196 1 0869823608 LICK
196 1 0869857944 STIM_END_RESP_START
196 1 0870013984 LICK
196 1 0870014472 REWARD_START
196 1 0870200492 LICK
196 1 0870344160 LICK
196 1 0870489524 LICK
196 1 0870648808 LICK
196 1 0871057976 RESP_END
196 1 0870044968 REWARD_END
197 1 0873125140 STIM_START
197 1 0874223828 STIM_END_RESP_START
197 1 0875423872 RESP_END
198 0 0877691788 STIM_START
198 0 0878790436 STIM_END_RESP_START
198 0 0879990480 RESP_END
199 1 0881984656 STIM_START
199 1 0883083304 STIM_END_RESP_START
199 1 0884283344 RESP_END
200 1 0886255656 STIM_START
200 1 0887354340 STIM_END_RESP_START
200 1 0888554384 RESP_END
201 1 0890624504 STIM_START
201 1 0891723156 STIM_END_RESP_START
201 1 0892923200 RESP_END
202 0 0894759616 STIM_START
202 0 0895858268 STIM_END_RESP_START
202 0 0897058316 RESP_END
203 0 0898809852 STIM_START
203 0 0899908504 STIM_END_RESP_START
203 0 0901108548 RESP_END
204 0 0902921956 STIM_START
204 0 0904020608 STIM_END_RESP_START
204 0 0905220648 RESP_END
205 1 0907175928 STIM_START
205 1 0908274580 STIM_END_RESP_START
205 1 0909474628 RESP_END
206 1 0911421940 STIM_START
206 1 0912520632 STIM_END_RESP_START
206 1 0913720668 RESP_END
207 0 0915871668 STIM_START
207 0 0916970324 STIM_END_RESP_START
207 0 0918170368 RESP_END
208 1 0920099688 STIM_START
208 1 0921198336 STIM_END_RESP_START
208 1 0922309844 LICK
208 1 0922310332 REWARD_START
208 1 0922398360 RESP_END
208 1 0922340848 REWARD_END
209 0 0929850168 STIM_START
209 0 0930948816 STIM_END_RESP_START
209 0 0932148860 RESP_END
210 0 0933960348 STIM_START
210 0 0935059036 STIM_END_RESP_START
210 0 0936259080 RESP_END
211 0 0937904672 STIM_START
211 0 0939003364 STIM_END_RESP_START
211 0 0940203408 RESP_END
212 1 0942069800 STIM_START
212 1 0942479580 LICK
212 1 0943168480 STIM_END_RESP_START
212 1 0943351480 LICK
212 1 0943351972 REWARD_START
212 1 0943522304 LICK
212 1 0943824800 LICK
212 1 0943980224 LICK
212 1 0944154720 LICK
212 1 0944304032 LICK
212 1 0944368508 RESP_END
212 1 0943382484 REWARD_END
213 0 0946279788 STIM_START
213 0 0947378476 STIM_END_RESP_START
213 0 0948578520 RESP_END
214 0 0950349980 STIM_START
214 0 0951448632 STIM_END_RESP_START
214 0 0952648672 RESP_END
215 0 0954645912 STIM_START
215 0 0955744604 STIM_END_RESP_START
215 0 0956944648 RESP_END
216 1 0958820016 STIM_START
216 1 0959918664 STIM_END_RESP_START
216 1 0961118712 RESP_END
217 1 0962986080 STIM_START
217 1 0963509952 LICK
217 1 0963717772 LICK
217 1 0963941192 LICK
217 1 0964084760 STIM_END_RESP_START
217 1 0964099108 LICK
217 1 0964099596 REWARD_START
217 1 0964310868 LICK
217 1 0964456156 LICK
217 1 0964935584 LICK
217 1 0965284788 RESP_END
217 1 0964130092 REWARD_END
218 1 0967129272 STIM_START
218 1 0968227924 STIM_END_RESP_START
218 1 0968292408 LICK
218 1 0968292896 REWARD_START
218 1 0968462472 LICK
218 1 0969427964 RESP_END
218 1 0968323392 REWARD_END
219 0 0971330208 STIM_START
219 0 0972428860 STIM_END_RESP_START
219 0 0973628904 RESP_END
220 0 0975615172 STIM_START
220 0 0976713824 STIM_END_RESP_START
220 0 0977913868 RESP_END
221 1 0979762264 STIM_START
221 1 0980318356 LICK
221 1 0980860956 STIM_END_RESP_START
221 1 0981237692 LICK
221 1 0981238184 REWARD_START
221 1 0982060980 RESP_END
221 1 0981268684 REWARD_END
222 1 0983850444 STIM_START
222 1 0984949092 STIM_END_RESP_START
222 1 0985086968 LICK
222 1 0985087460 REWARD_START
222 1 0985524360 LICK
222 1 0985841952 LICK
222 1 0986040108 LICK
222 1 0986149132 RESP_END
222 1 0985117960 REWARD_END
223 1 0988212288 STIM_START
223 1 0989016744 LICK
223 1 0989205028 LICK
223 1 0989310948 STIM_END_RESP_START
223 1 0989382984 LICK
223 1 0989383472 REWARD_START
223 1 0989540096 LICK
223 1 0989691312 LICK
223 1 0989827320 LICK
223 1 0989977164 LICK
223 1 0990510988 RESP_END
223 1 0989413988 REWARD_END
224 0 0992216584 STIM_START
224 0 0993315236 STIM_END_RESP_START
224 0 0994515280 RESP_END
225 0 0996503488 STIM_START
225 0 0997602176 STIM_END_RESP_START
225 0 0998802224 RESP_END
226 0 1000671572 STIM_START
226 0 1001770236 STIM_END_RESP_START
226 0 1002970260 RESP_END
227 1 1004859660 STIM_START
227 1 1005958324 STIM_END_RESP_START
227 1 1007158340 RESP_END
228 1 1008829948 STIM_START
228 1 1009524284 LICK
228 1 1009755004 LICK
228 1 1009928600 STIM_END_RESP_START
228 1 1010129408 LICK
228 1 1010129944 REWARD_START
228 1 1010591188 LICK
228 1 1010775252 LICK
228 1 1011128624 RESP_END
228 1 1010160496 REWARD_END
229 0 1013213776 STIM_START
229 0 1014312444 STIM_END_RESP_START
229 0 1015512468 RESP_END
230 0 1017470796 STIM_START
230 0 1018569460 STIM_END_RESP_START
230 0 1019769484 RESP_END
231 1 1021688780 STIM_START
231 1 1022439420 LICK
231 1 1022787448 STIM_END_RESP_START
231 1 1023987472 RESP_END
232 0 1030642196 STIM_START
232 0 1031740864 STIM_END_RESP_START
232 0 1032940888 RESP_END
233 1 1034959072 STIM_START
233 1 1035371172 LICK
233 1 1035843948 LICK
233 1 1036057732 STIM_END_RESP_START
233 1 1037257756 RESP_END
234 1 1039093244 STIM_START
234 1 1040191912 STIM_END_RESP_START
234 1 1041391936 RESP_END
235 1 1043081516 STIM_START
235 1 1043919548 LICK
235 1 1044180184 STIM_END_RESP_START
235 1 1044290104 LICK
235 1 1044290644 REWARD_START
235 1 1044473760 LICK
235 1 1044630392 LICK
235 1 1044773076 LICK
235 1 1044920108 LICK
235 1 1045380208 RESP_END
235 1 1044321196 REWARD_END
236 0 1047280540 STIM_START
236 0 1048379208 STIM_END_RESP_START
236 0 1049579232 RESP_END
237 0 1051431632 STIM_START
237 0 1052530300 STIM_END_RESP_START
237 0 1053730320 RESP_END
238 1 1055808496 STIM_START
238 1 1056907156 STIM_END_RESP_START
238 1 1057594820 LICK
238 1 1057595352 REWARD_START
238 1 1057772260 LICK
238 1 1057922932 LICK
238 1 1058067248 LICK
238 1 1058107188 RESP_END
238 1 1057625912 REWARD_END
239 0 1060446996 STIM_START
239 0 1060978204 LICK
239 0 1061207272 LICK
239 0 1061545676 STIM_END_RESP_START
239 0 1062745700 RESP_END
240 0 1064394368 STIM_START
240 0 1065493032 STIM_END_RESP_START
240 0 1066693052 RESP_END
241 1 1068468512 STIM_START
241 1 1069567180 STIM_END_RESP_START
241 1 1070767204 RESP_END
242 0 1072437824 STIM_START
242 0 1073536492 STIM_END_RESP_START
242 0 1074736512 RESP_END
243 0 1077551788 STIM_START
243 0 1078650452 STIM_END_RESP_START
243 0 1079850476 RESP_END
244 1 1081880700 STIM_START
244 1 1082979364 STIM_END_RESP_START
244 1 1084179380 RESP_END
245 0 1085937916 STIM_START
245 0 1087036584 STIM_END_RESP_START
245 0 1088236612 RESP_END
246 1 1090307712 STIM_START
246 1 1091406380 STIM_END_RESP_START
246 1 1092606400 RESP_END
247 0 1094656588 STIM_START
247 0 1095755252 STIM_END_RESP_START
247 0 1096955280 RESP_END
248 1 1098810708 STIM_START
248 1 1099909376 STIM_END_RESP_START
248 1 1101109400 RESP_END
249 1 1103038732 STIM_START
249 1 1103666880 LICK
249 1 1104137388 STIM_END_RESP_START
249 1 1105337412 RESP_END
250 1 1107535416 STIM_START
250 1 1108013400 LICK
250 1 1108214652 LICK
250 1 1108634080 STIM_END_RESP_START
250 1 1108674000 LICK
250 1 1108674532 REWARD_START
250 1 1109232700 LICK
250 1 1109834108 RESP_END
250 1 1108705092 REWARD_END
251 0 1111660524 STIM_START
251 0 1112759188 STIM_END_RESP_START
251 0 1113959216 RESP_END
252 0 1115639852 STIM_START
252 0 1116738516 STIM_END_RESP_START
252 0 1117938540 RESP_END
253 0 1119912812 STIM_START
253 0 1121011480 STIM_END_RESP_START
253 0 1122211504 RESP_END
254 1 1123983992 STIM_START
254 1 1125082660 STIM_END_RESP_START
254 1 1126282684 RESP_END
255 0 1127961312 STIM_START
255 0 1129059980 STIM_END_RESP_START
255 0 1130260004 RESP_END
256 0 1131870676 STIM_START
256 0 1132969344 STIM_END_RESP_START
256 0 1134169364 RESP_END
257 1 1136241524 STIM_START
257 1 1137340188 STIM_END_RESP_START
257 1 1137587060 LICK
257 1 1137587600 REWARD_START
257 1 1137948008 LICK
257 1 1138540204 RESP_END
257 1 1137618160 REWARD_END
258 0 1140509452 STIM_START
258 0 1141608120 STIM_END_RESP_START
258 0 1142808144 RESP_END
259 0 1144438844 STIM_START
259 0 1145537504 STIM_END_RESP_START
259 0 1146737528 RESP_END
260 1 1148646884 STIM_START
260 1 1149745548 STIM_END_RESP_START
260 1 1150517000 LICK
260 1 1150517536 REWARD_START
260 1 1150707652 LICK
260 1 1150855492 LICK
260 1 1150945580 RESP_END
260 1 1150548100 REWARD_END
261 1 1154843572 STIM_START
261 1 1155191216 LICK
261 1 1155609416 LICK
261 1 1155942232 STIM_END_RESP_START
261 1 1157142256 RESP_END
262 0 1159323268 STIM_START
262 0 1160421936 STIM_END_RESP_START
262 0 1161621960 RESP_END
263 1 1163579188 STIM_START
263 1 1164642324 LICK
263 1 1164677844 STIM_END_RESP_START
263 1 1165877872 RESP_END
264 1 1167762268 STIM_START
264 1 1168320340 LICK
264 1 1168536352 LICK
264 1 1168860924 STIM_END_RESP_START
264 1 1169221656 LICK
264 1 1169222188 REWARD_START
264 1 1169425996 LICK
264 1 1169571364 LICK
264 1 1169723144 LICK
264 1 1169874016 LICK
264 1 1170060972 RESP_END
264 1 1169252748 REWARD_END
265 1 1171920384 STIM_START
265 1 1172963648 LICK
265 1 1173019044 STIM_END_RESP_START
265 1 1173121572 LICK
265 1 1173122112 REWARD_START
265 1 1173276568 LICK
265 1 1173424904 LICK
265 1 1173555864 LICK
265 1 1173691948 LICK
265 1 1173867460 LICK
265 1 1174219056 RESP_END
265 1 1173152664 REWARD_END
266 0 1176302224 STIM_START
266 0 1177400892 STIM_END_RESP_START
266 0 1178600916 RESP_END
267 1 1180651088 STIM_START
267 1 1181749752 STIM_END_RESP_START
267 1 1182949780 RESP_END
268 1 1184760248 STIM_START
268 1 1185449888 LICK
268 1 1185858932 STIM_END_RESP_START
268 1 1185861404 LICK
268 1 1185861944 REWARD_START
268 1 1186042940 LICK
268 1 1186194716 LICK
268 1 1186324652 LICK
268 1 1186477636 LICK
268 1 1186655704 LICK
268 1 1187058956 RESP_END
268 1 1185892496 REWARD_END
269 1 1189089080 STIM_START
269 1 1189461624 LICK
269 1 1189698896 LICK
269 1 1190187756 STIM_END_RESP_START
269 1 1191387784 RESP_END
270 0 1193290164 STIM_START
270 0 1194388832 STIM_END_RESP_START
270 0 1195588856 RESP_END
271 1 1197606096 STIM_START
271 1 1198704764 STIM_END_RESP_START
271 1 1199327856 LICK
271 1 1199328396 REWARD_START
271 1 1199509940 LICK
271 1 1199681288 LICK
271 1 1199827756 LICK
271 1 1199904796 RESP_END
271 1 1199358948 REWARD_END
272 1 1202465324 STIM_START
272 1 1203563992 STIM_END_RESP_START
272 1 1204764016 RESP_END
273 0 1206695340 STIM_START
273 0 1207794008 STIM_END_RESP_START
273 0 1208994032 RESP_END
274 0 1210581744 STIM_START
274 0 1211680412 STIM_END_RESP_START
274 0 1212880436 RESP_END
275 1 1214635960 STIM_START
275 1 1215734628 STIM_END_RESP_START
275 1 1216320332 LICK
275 1 1216320872 REWARD_START
275 1 1216500104 LICK
275 1 1216934644 RESP_END
275 1 1216351432 REWARD_END
276 0 1218837988 STIM_START
276 0 1219936656 STIM_END_RESP_START
276 0 1221136680 RESP_END
277 1 1222985092 STIM_START
277 1 1224083760 STIM_END_RESP_START
277 1 1225094824 LICK
277 1 1225095364 REWARD_START
277 1 1225283776 RESP_END
277 1 1225125924 REWARD_END
278 0 1227276032 STIM_START
278 0 1228374700 STIM_END_RESP_START
278 0 1229574728 RESP_END
279 1 1231244364 STIM_START
279 1 1231777960 LICK
279 1 1232343056 STIM_END_RESP_START
279 1 1233543072 RESP_END
280 1 1235489312 STIM_START
280 1 1236227404 LICK
280 1 1236587976 STIM_END_RESP_START
280 1 1237788004 RESP_END
281 1 1239426632 STIM_START
281 1 1240525300 STIM_END_RESP_START
281 1 1240842372 LICK
281 1 1240842904 REWARD_START
281 1 1240991528 LICK
281 1 1241142100 LICK
281 1 1241290768 LICK
281 1 1241447900 LICK
281 1 1241725348 RESP_END
281 1 1240873464 REWARD_END
282 0 1243574712 STIM_START
282 0 1244673380 STIM_END_RESP_START
282 0 1245873404 RESP_END
283 0 1247840700 STIM_START
283 0 1248939368 STIM_END_RESP_START
283 0 1250139392 RESP_END
284 0 1251728148 STIM_START
284 0 1252826816 STIM_END_RESP_START
284 0 1254026844 RESP_END
285 1 1256041008 STIM_START
285 1 1257139672 STIM_END_RESP_START
285 1 1257782328 LICK
285 1 1257782864 REWARD_START
285 1 1258339708 RESP_END
285 1 1257813424 REWARD_END
286 1 1260079292 STIM_START
286 1 1261177960 STIM_END_RESP_START
286 1 1262377980 RESP_END
287 1 1264070536 STIM_START
287 1 1265169200 STIM_END_RESP_START
287 1 1265514076 LICK
287 1 1265514616 REWARD_START
287 1 1265700088 LICK
287 1 1265853720 LICK
287 1 1265990752 LICK
287 1 1266132972 LICK
287 1 1266312704 LICK
287 1 1266369244 RESP_END
287 1 1265545172 REWARD_END
288 0 1268182696 STIM_START
288 0 1269281364 STIM_END_RESP_START
288 0 1270481388 RESP_END
289 1 1272451696 STIM_START
289 1 1273550360 STIM_END_RESP_START
289 1 1274750384 RESP_END
290 0 1276764576 STIM_START
290 0 1277863244 STIM_END_RESP_START
290 0 1279063272 RESP_END
291 1 1280960620 STIM_START
291 1 1282059284 STIM_END_RESP_START
291 1 1283259300 RESP_END
292 0 1284933908 STIM_START
292 0 1286032576 STIM_END_RESP_START
292 0 1287232600 RESP_END
293 1 1289265840 STIM_START
293 1 1290364508 STIM_END_RESP_START
293 1 1291341188 LICK
293 1 1291341720 REWARD_START
293 1 1291564524 RESP_END
293 1 1291372276 REWARD_END
294 0 1294087188 STIM_START
294 0 1295185848 STIM_END_RESP_START
294 0 1296385872 RESP_END
295 1 1298065436 STIM_START
295 1 1299164096 STIM_END_RESP_START
295 1 1300364120 RESP_END
296 0 1303159432 STIM_START
296 0 1304258096 STIM_END_RESP_START
296 0 1305458124 RESP_END
297 0 1307329460 STIM_START
297 0 1308428128 STIM_END_RESP_START
297 0 1309628152 RESP_END
298 1 1311695308 STIM_START
298 1 1312793972 STIM_END_RESP_START
298 1 1313993996 RESP_END
299 1 1315702620 STIM_START
299 1 1316469436 LICK
299 1 1316676808 LICK
299 1 1316801300 STIM_END_RESP_START
299 1 1316892720 LICK
299 1 1316893248 REWARD_START
299 1 1317054104 LICK
299 1 1317208464 LICK
299 1 1317341080 LICK
299 1 1317494428 LICK
299 1 1317662396 LICK
299 1 1317832524 LICK
299 1 1318001324 RESP_END
299 1 1316923808 REWARD_END
300 0 1319751800 STIM_START
300 0 1320850468 STIM_END_RESP_START
300 0 1322050484 RESP_END
301 1 1323687156 STIM_START
301 1 1324785824 STIM_END_RESP_START
301 1 1325985848 RESP_END
302 1 1328035052 STIM_START
302 1 1329133720 STIM_END_RESP_START
302 1 1329361180 LICK
302 1 1329361712 REWARD_START
302 1 1329522244 LICK
302 1 1329669476 LICK
302 1 1329804960 LICK
302 1 1330121256 LICK
302 1 1330333736 RESP_END
302 1 1329392272 REWARD_END
303 1 1332141180 STIM_START
303 1 1332733684 LICK
303 1 1333239860 STIM_END_RESP_START
303 1 1333466680 LICK
303 1 1333467220 REWARD_START
303 1 1333616812 LICK
303 1 1334439896 RESP_END
303 1 1333497772 REWARD_END
304 0 1336209372 STIM_START
304 0 1336605616 LICK
304 0 1336865216 LICK
304 0 1337308056 STIM_END_RESP_START
304 0 1338508080 RESP_END
305 0 1340158696 STIM_START
305 0 1341257364 STIM_END_RESP_START
305 0 1342457388 RESP_END
306 0 1344366748 STIM_START
306 0 1345465412 STIM_END_RESP_START
306 0 1346665428 RESP_END
307 1 1348357004 STIM_START
307 1 1349455672 STIM_END_RESP_START
307 1 1350611268 LICK
307 1 1350611800 REWARD_START
307 1 1350655700 RESP_END
307 1 1350642360 REWARD_END
308 0 1353230296 STIM_START
308 0 1354328960 STIM_END_RESP_START
308 0 1355528984 RESP_END
309 1 1357582112 STIM_START
309 1 1358680780 STIM_END_RESP_START
309 1 1358993796 LICK
309 1 1358994328 REWARD_START
309 1 1359159360 LICK
309 1 1359322472 LICK
309 1 1359475652 LICK
309 1 1359623832 LICK
309 1 1359880800 RESP_END
309 1 1359024888 REWARD_END
310 1 1361584420 STIM_START
310 1 1362683084 STIM_END_RESP_START
310 1 1363883108 RESP_END
311 1 1365859376 STIM_START
311 1 1366958036 STIM_END_RESP_START
311 1 1368158060 RESP_END
312 0 1369827684 STIM_START
312 0 1370926348 STIM_END_RESP_START
312 0 1372126376 RESP_END
313 0 1374082652 STIM_START
313 0 1375181316 STIM_END_RESP_START
313 0 1376381340 RESP_END
314 1 1377979052 STIM_START
314 1 1379077716 STIM_END_RESP_START
314 1 1380277740 RESP_END
315 0 1381871476 STIM_START
315 0 1382970144 STIM_END_RESP_START
315 0 1384170168 RESP_END
316 0 1385884728 STIM_START
316 0 1386983388 STIM_END_RESP_START
316 0 1388183408 RESP_END
317 1 1389814088 STIM_START
317 1 1390912756 STIM_END_RESP_START
317 1 1391536672 LICK
317 1 1391537212 REWARD_START
317 1 1391701724 LICK
317 1 1391873088 LICK
317 1 1392027964 LICK
317 1 1392112776 RESP_END
317 1 1391567764 REWARD_END
318 0 1393965176 STIM_START
318 0 1395063844 STIM_END_RESP_START
318 0 1396263860 RESP_END
319 1 1397854576 STIM_START
319 1 1398953244 STIM_END_RESP_START
319 1 1399173796 LICK
319 1 1399174336 REWARD_START
319 1 1399330532 LICK
319 1 1399481968 LICK
319 1 1399616640 LICK
319 1 1399778056 LICK
319 1 1399933360 LICK
319 1 1400153280 RESP_END
319 1 1399204896 REWARD_END
320 1 1401963724 STIM_START
320 1 1402278344 LICK
320 1 1402696880 LICK
320 1 1402906484 LICK
320 1 1403062396 STIM_END_RESP_START
320 1 1403072572 LICK
320 1 1403073112 REWARD_START
320 1 1403236288 LICK
320 1 1403380072 LICK
320 1 1403515328 LICK
320 1 1403907812 LICK
320 1 1404090348 LICK
320 1 1404262440 RESP_END
320 1 1403103660 REWARD_END
321 1 1406380500 STIM_START
321 1 1407479168 STIM_END_RESP_START
321 1 1408679192 RESP_END
322 0 1410397748 STIM_START
322 0 1411496412 STIM_END_RESP_START
322 0 1412696436 RESP_END
323 1 1414745632 STIM_START
323 1 1415088112 LICK
323 1 1415844284 STIM_END_RESP_START
323 1 1417044308 RESP_END
324 0 1418815780 STIM_START
324 0 1419914448 STIM_END_RESP_START
324 0 1421114472 RESP_END
325 0 1422845112 STIM_START
325 0 1423943780 STIM_END_RESP_START
325 0 1425143796 RESP_END
326 1 1426954180 STIM_START
326 1 1427972508 LICK
326 1 1428052868 STIM_END_RESP_START
326 1 1428381088 LICK
326 1 1428381620 REWARD_START
326 1 1428551852 LICK
326 1 1428702308 LICK
326 1 1428842360 LICK
326 1 1429252892 RESP_END
326 1 1428412180 REWARD_END
327 1 1430873604 STIM_START
327 1 1431972272 STIM_END_RESP_START
327 1 1433172296 RESP_END
328 1 1434763024 STIM_START
328 1 1435861692 STIM_END_RESP_START
328 1 1437061716 RESP_END
329 0 1438799224 STIM_START
329 0 1439897888 STIM_END_RESP_START
329 0 1441097916 RESP_END
330 0 1442827464 STIM_START
330 0 1443926128 STIM_END_RESP_START
330 0 1445126152 RESP_END
331 0 1447157320 STIM_START
331 0 1448255988 STIM_END_RESP_START
331 0 1449456012 RESP_END
332 1 1451243536 STIM_START
332 1 1452342196 STIM_END_RESP_START
332 1 1452991044 LICK
332 1 1452991584 REWARD_START
332 1 1453176960 LICK
332 1 1453352372 LICK
332 1 1453496984 LICK
332 1 1453542228 RESP_END
332 1 1453022140 REWARD_END
333 1 1455349632 STIM_START
333 1 1456448300 STIM_END_RESP_START
333 1 1456623284 LICK
333 1 1456623824 REWARD_START
333 1 1456793880 LICK
333 1 1456938684 LICK
333 1 1457070100 LICK
333 1 1457227872 LICK
333 1 1457648336 RESP_END
333 1 1456654384 REWARD_END
334 0 1459254068 STIM_START
334 0 1459673024 LICK
334 0 1460352740 STIM_END_RESP_START
334 0 1461552760 RESP_END
335 1 1463203412 STIM_START
335 1 1464302080 STIM_END_RESP_START
335 1 1464350140 LICK
335 1 1464350672 REWARD_START
335 1 1464543172 LICK
335 1 1464694160 LICK
335 1 1464832472 LICK
335 1 1464986908 LICK
335 1 1465160344 LICK
335 1 1465331996 LICK
335 1 1465502116 RESP_END
335 1 1464381232 REWARD_END
336 1 1467189696 STIM_START
336 1 1467760580 LICK
336 1 1468288348 STIM_END_RESP_START
336 1 1469347348 LICK
336 1 1469347888 REWARD_START
336 1 1469488396 RESP_END
336 1 1469378440 REWARD_END
337 0 1471885124 STIM_START
337 0 1472983792 STIM_END_RESP_START
337 0 1474183816 RESP_END
338 0 1475902384 STIM_START
338 0 1477001048 STIM_END_RESP_START
338 0 1478201072 RESP_END
339 0 1480137416 STIM_START
339 0 1481236084 STIM_END_RESP_START
339 0 1482436104 RESP_END
340 1 1484325468 STIM_START
340 1 1485424132 STIM_END_RESP_START
340 1 1486449276 LICK
340 1 1486449812 REWARD_START
340 1 1486624164 RESP_END
340 1 1486480364 REWARD_END
341 1 1488226820 STIM_START
341 1 1489325488 STIM_END_RESP_START
341 1 1489404032 LICK
341 1 1489404564 REWARD_START
341 1 1489569512 LICK
341 1 1489729896 LICK
341 1 1489875456 LICK
341 1 1490056848 LICK
341 1 1490525528 RESP_END
341 1 1489435124 REWARD_END
342 1 1492428852 STIM_START
342 1 1493527512 STIM_END_RESP_START
342 1 1494727536 RESP_END
343 0 1496561996 STIM_START
343 0 1497660664 STIM_END_RESP_START
343 0 1498860688 RESP_END
344 1 1500631212 STIM_START
344 1 1501135172 LICK
344 1 1501354364 LICK
344 1 1501729884 STIM_END_RESP_START
344 1 1501774564 LICK
344 1 1501775104 REWARD_START
344 1 1501923116 LICK
344 1 1502070804 LICK
344 1 1502212796 LICK
344 1 1502356120 LICK
344 1 1502929916 RESP_END
344 1 1501805664 REWARD_END
345 0 1504755320 STIM_START
345 0 1505853988 STIM_END_RESP_START
345 0 1507054012 RESP_END
346 0 1508647724 STIM_START
346 0 1509746392 STIM_END_RESP_START
346 0 1510946420 RESP_END
347 1 1512676960 STIM_START
347 1 1513775628 STIM_END_RESP_START
347 1 1514058804 LICK
347 1 1514059336 REWARD_START
347 1 1514211420 LICK
347 1 1514381784 LICK
347 1 1514522836 LICK
347 1 1514677760 LICK
347 1 1514845544 LICK
347 1 1514975652 RESP_END
347 1 1514089896 REWARD_END
348 1 1516724232 STIM_START
348 1 1517783220 LICK
348 1 1517822884 STIM_END_RESP_START
348 1 1517954772 LICK
348 1 1517955312 REWARD_START
348 1 1518105248 LICK
348 1 1518250340 LICK
348 1 1518384792 LICK
348 1 1518542140 LICK
348 1 1518713008 LICK
348 1 1519022912 RESP_END
348 1 1517985872 REWARD_END
349 0 1520829320 STIM_START
349 0 1521927988 STIM_END_RESP_START
349 0 1523128012 RESP_END
350 1 1524884556 STIM_START
350 1 1525983216 STIM_END_RESP_START
350 1 1527183244 RESP_END
351 0 1529235440 STIM_START
351 0 1530334108 STIM_END_RESP_START
351 0 1531534132 RESP_END
352 1 1533223696 STIM_START
352 1 1534322364 STIM_END_RESP_START
352 1 1534652576 LICK
352 1 1534653112 REWARD_START
352 1 1535522392 RESP_END
352 1 1534683676 REWARD_END
353 0 1537170028 STIM_START
353 0 1537479336 LICK
353 0 1538268688 STIM_END_RESP_START
353 0 1539468712 RESP_END
354 0 1543131008 STIM_START
354 0 1544229676 STIM_END_RESP_START
354 0 1545429700 RESP_END
355 1 1547119292 STIM_START
355 1 1547768068 LICK
355 1 1547983784 LICK
355 1 1548217956 STIM_END_RESP_START
355 1 1549417980 RESP_END
356 1 1551197492 STIM_START
356 1 1552296160 STIM_END_RESP_START
356 1 1553496184 RESP_END
357 0 1555706164 STIM_START
357 0 1556804832 STIM_END_RESP_START
357 0 1558004856 RESP_END
358 0 1560038040 STIM_START
358 0 1561136708 STIM_END_RESP_START
358 0 1562336732 RESP_END
359 0 1564046276 STIM_START
359 0 1565144944 STIM_END_RESP_START
359 0 1566344968 RESP_END
360 1 1568293276 STIM_START
360 1 1569391940 STIM_END_RESP_START
360 1 1569794080 LICK
360 1 1569794612 REWARD_START
360 1 1569977896 LICK
360 1 1570146776 LICK
360 1 1570287716 LICK
360 1 1570462320 LICK
360 1 1570591976 RESP_END
360 1 1569825172 REWARD_END
361 0 1574655764 STIM_START
361 0 1575754432 STIM_END_RESP_START
361 0 1576954456 RESP_END
362 0 1578907728 STIM_START
362 0 1580006388 STIM_END_RESP_START
362 0 1581206416 RESP_END
363 1 1582977916 STIM_START
363 1 1584076584 STIM_END_RESP_START
363 1 1584187416 LICK
363 1 1584187952 REWARD_START
363 1 1584377080 LICK
363 1 1584534504 LICK
363 1 1584687204 LICK
363 1 1584840004 LICK
363 1 1585006532 LICK
363 1 1585184520 LICK
363 1 1585276596 RESP_END
363 1 1584218512 REWARD_END
364 0 1587366736 STIM_START
364 0 1588465400 STIM_END_RESP_START
364 0 1589665424 RESP_END
365 0 1591317112 STIM_START
365 0 1592415780 STIM_END_RESP_START
365 0 1593615808 RESP_END
366 0 1596862480 STIM_START
366 0 1597961144 STIM_END_RESP_START
366 0 1599161168 RESP_END
367 1 1601236344 STIM_START
367 1 1601659524 LICK
367 1 1602335012 STIM_END_RESP_START
367 1 1603535036 RESP_END
368 0 1605812928 STIM_START
368 0 1606911596 STIM_END_RESP_START
368 0 1608111620 RESP_END
369 1 1609894152 STIM_START
369 1 1610992816 STIM_END_RESP_START
369 1 1611089228 LICK
369 1 1611089760 REWARD_START
369 1 1611339372 LICK
369 1 1611638120 LICK
369 1 1612192848 RESP_END
369 1 1611120320 REWARD_END
370 1 1614235988 STIM_START
370 1 1614887236 LICK
370 1 1615117384 LICK
370 1 1615309924 LICK
370 1 1615334668 STIM_END_RESP_START
370 1 1616534704 RESP_END
371 1 1618575844 STIM_START
371 1 1618870532 LICK
371 1 1619302432 LICK
371 1 1619494640 LICK
371 1 1619674504 STIM_END_RESP_START
371 1 1619863408 LICK
371 1 1619863948 REWARD_START
371 1 1620027644 LICK
371 1 1620181240 LICK
371 1 1620322320 LICK
371 1 1620480172 LICK
371 1 1620632252 LICK
371 1 1620874544 RESP_END
371 1 1619894512 REWARD_END
372 0 1622566208 STIM_START
372 0 1623664876 STIM_END_RESP_START
372 0 1624864900 RESP_END
373 1 1626939008 STIM_START
373 1 1628037676 STIM_END_RESP_START
373 1 1628211608 LICK
373 1 1628212140 REWARD_START
373 1 1628406424 LICK
373 1 1628572388 LICK
373 1 1628720564 LICK
373 1 1628874612 LICK
373 1 1629189820 LICK
373 1 1629237712 RESP_END
373 1 1628242696 REWARD_END
374 0 1631220928 STIM_START
374 0 1632319596 STIM_END_RESP_START
374 0 1633519624 RESP_END
375 1 1635495908 STIM_START
375 1 1636302352 LICK
375 1 1636505536 LICK
375 1 1636594568 STIM_END_RESP_START
375 1 1636671800 LICK
375 1 1636672336 REWARD_START
375 1 1637134432 LICK
375 1 1637304568 LICK
375 1 1637501476 LICK
375 1 1637682228 LICK
375 1 1637794580 RESP_END
375 1 1636702896 REWARD_END
376 1 1639732864 STIM_START
376 1 1640083120 LICK
376 1 1640265264 LICK
376 1 1640421800 LICK
376 1 1640612368 LICK
376 1 1640789864 LICK
376 1 1640831524 STIM_END_RESP_START
376 1 1640965180 LICK
376 1 1640965712 REWARD_START
376 1 1641115432 LICK
376 1 1641262020 LICK
376 1 1641393056 LICK
376 1 1642031560 RESP_END
376 1 1640996268 REWARD_END
377 1 1643657188 STIM_START
377 1 1643993400 LICK
377 1 1644755868 STIM_END_RESP_START
377 1 1645062952 LICK
377 1 1645063492 REWARD_START
377 1 1645655548 LICK
377 1 1645812872 LICK
377 1 1645955904 RESP_END
377 1 1645094048 REWARD_END
378 0 1647937208 STIM_START
378 0 1648569244 LICK
378 0 1649035864 STIM_END_RESP_START
378 0 1650235888 RESP_END
379 1 1652276080 STIM_START
379 1 1652643504 LICK
379 1 1652891760 LICK
379 1 1653089996 LICK
379 1 1653257864 LICK
379 1 1653374736 STIM_END_RESP_START
379 1 1653448360 LICK
379 1 1653448900 REWARD_START
379 1 1653589128 LICK
379 1 1653734500 LICK
379 1 1653856760 LICK
379 1 1654004716 LICK
379 1 1654289160 LICK
379 1 1654446480 LICK
379 1 1654574768 RESP_END
379 1 1653479460 REWARD_END
380 0 1656163484 STIM_START
380 0 1657262148 STIM_END_RESP_START
380 0 1658462168 RESP_END
381 0 1660389436 STIM_START
381 0 1661488100 STIM_END_RESP_START
381 0 1662688124 RESP_END
382 1 1664518608 STIM_START
382 1 1665587116 LICK
382 1 1665617272 STIM_END_RESP_START
382 1 1666248208 LICK
382 1 1666248744 REWARD_START
382 1 1666817292 RESP_END
382 1 1666279300 REWARD_END
383 1 1668573808 STIM_START
383 1 1669239284 LICK
383 1 1669449580 LICK
383 1 1669632960 LICK
383 1 1669672460 STIM_END_RESP_START
383 1 1669811216 LICK
383 1 1669811748 REWARD_START
383 1 1669968152 LICK
383 1 1670119140 LICK
383 1 1670238148 LICK
383 1 1670382232 LICK
383 1 1670539512 LICK
383 1 1670702100 LICK
383 1 1670872484 RESP_END
383 1 1669842308 REWARD_END
384 0 1672802812 STIM_START
384 0 1673901480 STIM_END_RESP_START
384 0 1675101504 RESP_END
385 0 1676733164 STIM_START
385 0 1677831832 STIM_END_RESP_START
385 0 1679031852 RESP_END
386 1 1680708460 STIM_START
386 1 1681108400 LICK
386 1 1681307028 LICK
386 1 1681498876 LICK
386 1 1681651748 LICK
386 1 1681807124 STIM_END_RESP_START
386 1 1681829096 LICK
386 1 1681829628 REWARD_START
386 1 1681968304 LICK
386 1 1682110604 LICK
386 1 1682230136 LICK
386 1 1682381844 LICK
386 1 1682541928 LICK
386 1 1683007148 RESP_END
386 1 1681860184 REWARD_END
387 1 1684652812 STIM_START
387 1 1685025584 LICK
387 1 1685229320 LICK
387 1 1685410984 LICK
387 1 1685595520 LICK
387 1 1685751484 STIM_END_RESP_START
387 1 1685773080 LICK
387 1 1685773616 REWARD_START
387 1 1685911572 LICK
387 1 1686055728 LICK
387 1 1686183196 LICK
387 1 1686333336 LICK
387 1 1686481752 LICK
387 1 1686642064 LICK
387 1 1686951520 RESP_END
387 1 1685804172 REWARD_END
388 1 1688796904 STIM_START
388 1 1689496668 LICK
388 1 1689895584 STIM_END_RESP_START
388 1 1690892536 LICK
388 1 1690893064 REWARD_START
388 1 1691095604 RESP_END
388 1 1690923620 REWARD_END
389 0 1693671192 STIM_START
389 0 1693960228 LICK
389 0 1694145036 LICK
389 0 1694769844 STIM_END_RESP_START
389 0 1695969868 RESP_END
390 0 1697732364 STIM_START
390 0 1698831032 STIM_END_RESP_START
390 0 1700031056 RESP_END
391 0 1701709676 STIM_START
391 0 1702808340 STIM_END_RESP_START
391 0 1704008364 RESP_END
392 1 1705844792 STIM_START
392 1 1706193660 LICK
392 1 1706422140 LICK
392 1 1706681292 LICK
392 1 1706943464 STIM_END_RESP_START
392 1 1708090160 LICK
392 1 1708090700 REWARD_START
392 1 1708143500 RESP_END
392 1 1708121256 REWARD_END
393 1 1710651132 STIM_START
393 1 1710973760 LICK
393 1 1711409900 LICK
393 1 1711602216 LICK
393 1 1711749784 STIM_END_RESP_START
393 1 1712949832 RESP_END
394 1 1715287632 STIM_START
394 1 1715751652 LICK
394 1 1716147812 LICK
394 1 1716386308 STIM_END_RESP_START
394 1 1717191844 LICK
394 1 1717192376 REWARD_START
394 1 1717344020 LICK
394 1 1717586340 RESP_END
394 1 1717222936 REWARD_END
395 0 1720366616 STIM_START
395 0 1721465280 STIM_END_RESP_START
395 0 1722665304 RESP_END
396 1 1725955032 STIM_START
396 1 1726293708 LICK
396 1 1726497168 LICK
396 1 1726865200 LICK
396 1 1727053688 STIM_END_RESP_START
396 1 1728253732 RESP_END
397 1 1730481672 STIM_START
397 1 1731165316 LICK
397 1 1731571860 LICK
397 1 1731580352 STIM_END_RESP_START
397 1 1731782008 LICK
397 1 1731782540 REWARD_START
397 1 1731944236 LICK
397 1 1732095224 LICK
397 1 1732220376 LICK
397 1 1732356116 LICK
397 1 1732518060 LICK
397 1 1732780376 RESP_END
397 1 1731813100 REWARD_END
398 0 1734721652 STIM_START
398 0 1735820320 STIM_END_RESP_START
398 0 1737020336 RESP_END
399 0 1738766892 STIM_START
399 0 1739865556 STIM_END_RESP_START
399 0 1741065584 RESP_END
400 0 1742784108 STIM_START
400 0 1743882776 STIM_END_RESP_START
400 0 1745082800 RESP_END
401 1 1746774424 STIM_START
401 1 1747873092 STIM_END_RESP_START
401 1 1748686320 LICK
401 1 1748686860 REWARD_START
401 1 1748864812 LICK
401 1 1749073124 RESP_END
401 1 1748717412 REWARD_END
402 1 1751574748 STIM_START
402 1 1752673420 STIM_END_RESP_START
402 1 1753873464 RESP_END
403 0 1755744836 STIM_START
403 0 1756843504 STIM_END_RESP_START
403 0 1758043532 RESP_END
404 1 1759680164 STIM_START
404 1 1760342488 LICK
404 1 1760560848 LICK
404 1 1760758532 LICK
404 1 1760778848 STIM_END_RESP_START
404 1 1760914088 LICK
404 1 1760914624 REWARD_START
404 1 1761978860 RESP_END
404 1 1760945184 REWARD_END
405 0 1763662488 STIM_START
405 0 1764761152 STIM_END_RESP_START
405 0 1765961176 RESP_END
406 1 1767982380 STIM_START
406 1 1768750412 LICK
406 1 1769081048 STIM_END_RESP_START
406 1 1770163368 LICK
406 1 1770163900 REWARD_START
406 1 1770281072 RESP_END
406 1 1770194456 REWARD_END
407 1 1772867596 STIM_START
407 1 1773550308 LICK
407 1 1773966276 STIM_END_RESP_START
407 1 1775166300 RESP_END
408 0 1778156328 STIM_START
408 0 1779254992 STIM_END_RESP_START
408 0 1780455020 RESP_END
409 1 1782213532 STIM_START
409 1 1783233364 LICK
409 1 1783312184 STIM_END_RESP_START
409 1 1784512208 RESP_END
410 1 1786141908 STIM_START
410 1 1786833168 LICK
410 1 1787240568 STIM_END_RESP_START
410 1 1787605532 LICK
410 1 1787606072 REWARD_START
410 1 1787788572 LICK
410 1 1787963144 LICK
410 1 1788103056 LICK
410 1 1788440612 RESP_END
410 1 1787636628 REWARD_END
411 1 1790189080 STIM_START
411 1 1791287752 STIM_END_RESP_START
411 1 1792257784 LICK
411 1 1792258324 REWARD_START
411 1 1792414096 LICK
411 1 1792487784 RESP_END
411 1 1792288880 REWARD_END
412 0 1795871404 STIM_START
412 0 1796970072 STIM_END_RESP_START
412 0 1798170096 RESP_END
413 0 1800206308 STIM_START
413 0 1801304972 STIM_END_RESP_START
413 0 1802504996 RESP_END
414 1 1804256500 STIM_START
414 1 1804615104 LICK
414 1 1805355180 STIM_END_RESP_START
414 1 1805774884 LICK
414 1 1805775412 REWARD_START
414 1 1805906848 LICK
414 1 1806054952 LICK
414 1 1806190804 LICK
414 1 1806339660 LICK
414 1 1806496708 LICK
414 1 1806555192 RESP_END
414 1 1805805972 REWARD_END
415 1 1808442556 STIM_START
415 1 1809541224 STIM_END_RESP_START
415 1 1810741240 RESP_END
416 1 1812452784 STIM_START
416 1 1813216660 LICK
416 1 1813551432 STIM_END_RESP_START
416 1 1813835976 LICK
416 1 1813836508 REWARD_START
416 1 1814011656 LICK
416 1 1814163244 LICK
416 1 1814295768 LICK
416 1 1814751460 RESP_END
416 1 1813867068 REWARD_END
417 0 1816832696 STIM_START
417 0 1817931360 STIM_END_RESP_START
417 0 1819131384 RESP_END
418 0 1821140548 STIM_START
418 0 1822239216 STIM_END_RESP_START
418 0 1823439240 RESP_END
419 1 1825289668 STIM_START
419 1 1826388332 STIM_END_RESP_START
419 1 1827588368 RESP_END
420 0 1831395432 STIM_START
420 0 1832494100 STIM_END_RESP_START
420 0 1833694120 RESP_END
421 1 1835621428 STIM_START
421 1 1835955676 LICK
421 1 1836450760 LICK
421 1 1836720100 STIM_END_RESP_START
421 1 1837737400 LICK
421 1 1837737936 REWARD_START
421 1 1837920136 RESP_END
421 1 1837768496 REWARD_END
422 0 1839760552 STIM_START
422 0 1840072212 LICK
422 0 1840275996 LICK
422 0 1840859224 STIM_END_RESP_START
422 0 1842059244 RESP_END
423 0 1843816776 STIM_START
423 0 1844915444 STIM_END_RESP_START
423 0 1846115468 RESP_END
424 0 1848150644 STIM_START
424 0 1849249308 STIM_END_RESP_START
424 0 1850449332 RESP_END
425 1 1852479520 STIM_START
425 1 1853578180 STIM_END_RESP_START
425 1 1854778208 RESP_END
426 1 1857435672 STIM_START
426 1 1857959216 LICK
426 1 1858160800 LICK
426 1 1858358104 LICK
426 1 1858534344 STIM_END_RESP_START
426 1 1858551864 LICK
426 1 1858552400 REWARD_START
426 1 1859034656 LICK
426 1 1859377204 LICK
426 1 1859734376 RESP_END
426 1 1858582960 REWARD_END
427 1 1867187120 STIM_START
427 1 1868285788 STIM_END_RESP_START
427 1 1869237432 LICK
427 1 1869237964 REWARD_START
427 1 1869485812 RESP_END
427 1 1869268524 REWARD_END
428 0 1872444912 STIM_START
428 0 1873543580 STIM_END_RESP_START
428 0 1874743604 RESP_END
429 0 1876741856 STIM_START
429 0 1877840524 STIM_END_RESP_START
429 0 1879040548 RESP_END
430 0 1880718120 STIM_START
430 0 1881816784 STIM_END_RESP_START
430 0 1883016812 RESP_END
431 1 1884984096 STIM_START
431 1 1886082760 STIM_END_RESP_START
431 1 1886748840 LICK
431 1 1886749372 REWARD_START
431 1 1886899932 LICK
431 1 1887282784 RESP_END
431 1 1886779936 REWARD_END
432 0 1889132228 STIM_START
432 0 1890230896 STIM_END_RESP_START
432 0 1891430924 RESP_END
433 1 1893179440 STIM_START
433 1 1894278100 STIM_END_RESP_START
433 1 1894344824 LICK
433 1 1894345356 REWARD_START
433 1 1895478120 RESP_END
433 1 1894375920 REWARD_END
434 1 1897324564 STIM_START
434 1 1897990236 LICK
434 1 1898181916 LICK
434 1 1898388308 LICK
434 1 1898423216 STIM_END_RESP_START
434 1 1898534756 LICK
434 1 1898535296 REWARD_START
434 1 1898693572 LICK
434 1 1898837084 LICK
434 1 1898989092 LICK
434 1 1899279376 LICK
434 1 1899623232 RESP_END
434 1 1898565856 REWARD_END
435 0 1901263844 STIM_START
435 0 1902362512 STIM_END_RESP_START
435 0 1903562536 RESP_END
436 1 1905156284 STIM_START
436 1 1906254952 STIM_END_RESP_START
436 1 1906399224 LICK
436 1 1906399764 REWARD_START
436 1 1906861148 LICK
436 1 1906999928 LICK
436 1 1907454972 RESP_END
436 1 1906430324 REWARD_END
437 0 1909315388 STIM_START
437 0 1910414052 STIM_END_RESP_START
437 0 1911614080 RESP_END
438 0 1913444444 STIM_START
438 0 1914543116 STIM_END_RESP_START
438 0 1915743136 RESP_END
439 0 1917499656 STIM_START
439 0 1918598328 STIM_END_RESP_START
439 0 1919798352 RESP_END
440 1 1921788588 STIM_START
440 1 1922887256 STIM_END_RESP_START
440 1 1924087280 RESP_END
441 1 1926943564 STIM_START
441 1 1928042228 STIM_END_RESP_START
441 1 1928286924 LICK
441 1 1928287464 REWARD_START
441 1 1928451132 LICK
441 1 1928609016 LICK
441 1 1928758408 LICK
441 1 1928916932 LICK
441 1 1929242244 RESP_END
441 1 1928318024 REWARD_END
442 0 1930968788 STIM_START
442 0 1932067456 STIM_END_RESP_START
442 0 1933267480 RESP_END
443 1 1935243748 STIM_START
443 1 1936342416 STIM_END_RESP_START
443 1 1937542440 RESP_END
444 1 1939193104 STIM_START
444 1 1940291776 STIM_END_RESP_START
444 1 1941491800 RESP_END
445 0 1943261272 STIM_START
445 0 1944359936 STIM_END_RESP_START
445 0 1945559960 RESP_END
446 0 1947390344 STIM_START
446 0 1948489012 STIM_END_RESP_START
446 0 1949689036 RESP_END
447 0 1951438564 STIM_START
447 0 1952537232 STIM_END_RESP_START
447 0 1953737256 RESP_END
448 1 1955815448 STIM_START
448 1 1956914112 STIM_END_RESP_START
448 1 1958114136 RESP_END
449 1 1960044436 STIM_START
449 1 1961143104 STIM_END_RESP_START
449 1 1961593704 LICK
449 1 1961594244 REWARD_START
449 1 1962343120 RESP_END
449 1 1961624804 REWARD_END
450 1 1964923656 STIM_START
450 1 1965331684 LICK
450 1 1965570124 LICK
450 1 1966022340 STIM_END_RESP_START
450 1 1966420648 LICK
450 1 1966421184 REWARD_START
450 1 1966554964 LICK
450 1 1966711256 LICK
450 1 1966846576 LICK
450 1 1967006744 LICK
450 1 1967222360 RESP_END
450 1 1966451744 REWARD_END
451 0 1969283524 STIM_START
451 0 1970382188 STIM_END_RESP_START
451 0 1971582220 RESP_END
452 1 1974592220 STIM_START
452 1 1975690888 STIM_END_RESP_START
452 1 1976890912 RESP_END
453 1 1978522592 STIM_START
453 1 1978876048 LICK
453 1 1979319412 LICK
453 1 1979560476 LICK
453 1 1979621252 STIM_END_RESP_START
453 1 1979762716 LICK
453 1 1979763252 REWARD_START
453 1 1980790764 LICK
453 1 1980821288 RESP_END
453 1 1979793808 REWARD_END
454 0 1982442976 STIM_START
454 0 1983541648 STIM_END_RESP_START
454 0 1984741672 RESP_END
455 1 1988169188 STIM_START
455 1 1988918484 LICK
455 1 1989267844 STIM_END_RESP_START
455 1 1990297536 LICK
455 1 1990298080 REWARD_START
455 1 1990467888 RESP_END
455 1 1990328640 REWARD_END
456 0 1993314108 STIM_START
456 0 1994412776 STIM_END_RESP_START
456 0 1995612804 RESP_END
457 0 1997498164 STIM_START
457 0 1998596832 STIM_END_RESP_START
457 0 1999796856 RESP_END
458 1 2001685208 STIM_START
458 1 2002783876 STIM_END_RESP_START
458 1 2003983900 RESP_END
459 0 2005696504 STIM_START
459 0 2006795172 STIM_END_RESP_START
459 0 2007995200 RESP_END
460 0 2009850592 STIM_START
460 0 2010949260 STIM_END_RESP_START
460 0 2012149284 RESP_END
461 0 2013941704 STIM_START
461 0 2015040372 STIM_END_RESP_START
461 0 2016240396 RESP_END
462 1 2018097828 STIM_START
462 1 2019196496 STIM_END_RESP_START
462 1 2020396520 RESP_END
463 1 2022007192 STIM_START
463 1 2023105860 STIM_END_RESP_START
463 1 2024305888 RESP_END
464 1 2025996496 STIM_START
464 1 2026651968 LICK
464 1 2027073316 LICK
464 1 2027095152 STIM_END_RESP_START
464 1 2027286828 LICK
464 1 2027287360 REWARD_START
464 1 2028295200 RESP_END
464 1 2027317920 REWARD_END
465 0 2030546144 STIM_START
465 0 2030873504 LICK
465 0 2031644812 STIM_END_RESP_START
465 0 2032844836 RESP_END
466 1 2037800568 STIM_START
466 1 2038899236 STIM_END_RESP_START
466 1 2038932388 LICK
466 1 2038932928 REWARD_START
466 1 2039143520 LICK
466 1 2039313620 LICK
466 1 2039479960 LICK
466 1 2039631360 LICK
466 1 2039821976 LICK
466 1 2039986576 LICK
466 1 2040099280 RESP_END
466 1 2038963492 REWARD_END
467 1 2043156184 STIM_START
467 1 2043496204 LICK
467 1 2043935132 LICK
467 1 2044254840 STIM_END_RESP_START
467 1 2044438836 LICK
467 1 2044439372 REWARD_START
467 1 2044601856 LICK
467 1 2044777452 LICK
467 1 2044916412 LICK
467 1 2045093528 LICK
467 1 2045257744 LICK
467 1 2045454868 RESP_END
467 1 2044469932 REWARD_END
468 1 2048217232 STIM_START
468 1 2048505304 LICK
468 1 2048758776 LICK
468 1 2049315908 STIM_END_RESP_START
468 1 2050148396 LICK
468 1 2050148928 REWARD_START
468 1 2050304324 LICK
468 1 2050452008 LICK
468 1 2050515932 RESP_END
468 1 2050179488 REWARD_END
469 0 2052615080 STIM_START
469 0 2053713744 STIM_END_RESP_START
469 0 2054913772 RESP_END
470 0 2056792128 STIM_START
470 0 2057890792 STIM_END_RESP_START
470 0 2059090812 RESP_END
471 0 2061159920 STIM_START
471 0 2062258584 STIM_END_RESP_START
471 0 2063458608 RESP_END
472 1 2065249124 STIM_START
472 1 2066347792 STIM_END_RESP_START
472 1 2067547820 RESP_END
473 1 2069524056 STIM_START
473 1 2070622724 STIM_END_RESP_START
473 1 2071737812 LICK
473 1 2071738344 REWARD_START
473 1 2071822748 RESP_END
473 1 2071768904 REWARD_END
474 0 2076238088 STIM_START
474 0 2077336756 STIM_END_RESP_START
474 0 2078536780 RESP_END
475 0 2080487116 STIM_START
475 0 2081585784 STIM_END_RESP_START
475 0 2082785808 RESP_END
476 0 2084582288 STIM_START
476 0 2085680956 STIM_END_RESP_START
476 0 2086880980 RESP_END
477 1 2088597472 STIM_START
477 1 2089696140 STIM_END_RESP_START
477 1 2090490452 LICK
477 1 2090490992 REWARD_START
477 1 2090867088 LICK
477 1 2090896172 RESP_END
477 1 2090521548 REWARD_END
478 0 2094294792 STIM_START
478 0 2095393460 STIM_END_RESP_START
478 0 2096593484 RESP_END
479 1 2099801292 STIM_START
479 1 2100280352 LICK
479 1 2100899944 STIM_END_RESP_START
479 1 2102099988 RESP_END
480 1 2104185076 STIM_START
480 1 2105283744 STIM_END_RESP_START
480 1 2106483768 RESP_END
481 0 2108309268 STIM_START
481 0 2109407932 STIM_END_RESP_START
481 0 2110607960 RESP_END
482 1 2112318488 STIM_START
482 1 2113417148 STIM_END_RESP_START
482 1 2113754344 LICK
482 1 2113754876 REWARD_START
482 1 2114617192 RESP_END
482 1 2113785432 REWARD_END
483 0 2116534484 STIM_START
483 0 2117633152 STIM_END_RESP_START
483 0 2118833176 RESP_END
484 0 2120485840 STIM_START
484 0 2121584508 STIM_END_RESP_START
484 0 2122784532 RESP_END
485 1 2124576008 STIM_START
485 1 2125674672 STIM_END_RESP_START
485 1 2126738444 LICK
485 1 2126738976 REWARD_START
485 1 2126874712 RESP_END
485 1 2126769536 REWARD_END
486 0 2129221504 STIM_START
486 0 2130320168 STIM_END_RESP_START
486 0 2131520192 RESP_END
487 1 2133550376 STIM_START
487 1 2134649044 STIM_END_RESP_START
487 1 2135849068 RESP_END
488 0 2137896260 STIM_START
488 0 2138994924 STIM_END_RESP_START
488 0 2140194952 RESP_END
489 0 2141887556 STIM_START
489 0 2142986216 STIM_END_RESP_START
489 0 2144186240 RESP_END
490 1 2146036616 STIM_START
490 1 2147135284 STIM_END_RESP_START
490 1 2148335308 RESP_END
491 1 2149928068 STIM_START
491 1 2151026732 STIM_END_RESP_START
491 1 2151926644 LICK
491 1 2151927184 REWARD_START
491 1 2152226768 RESP_END
491 1 2151957744 REWARD_END
492 0 2153845408 STIM_START
492 0 2154944076 STIM_END_RESP_START
492 0 2156144100 RESP_END
493 0 2157881656 STIM_START
493 0 2158082292 LICK
493 0 2158447240 LICK
493 0 2158621768 LICK
493 0 2158824552 LICK
493 0 2158980316 STIM_END_RESP_START
493 0 2159437780 LICK
493 0 2159438320 TIMEOUT_START
493 0 2160180344 RESP_END
493 0 2166438876 TIMEOUT_END
494 1 2168223452 STIM_START
494 1 2169322120 STIM_END_RESP_START
494 1 2170522144 RESP_END
495 1 2172292616 STIM_START
495 1 2173391284 STIM_END_RESP_START
495 1 2173521628 LICK
495 1 2173522168 REWARD_START
495 1 2173720328 LICK
495 1 2174033032 LICK
495 1 2174221028 LICK
495 1 2174567364 LICK
495 1 2174591296 RESP_END
495 1 2173552728 REWARD_END
496 1 2176650468 STIM_START
496 1 2177749132 STIM_END_RESP_START
496 1 2178949156 RESP_END
497 0 2181822352 STIM_START
497 0 2182921020 STIM_END_RESP_START
497 0 2184121044 RESP_END
498 0 2186099308 STIM_START
498 0 2187197976 STIM_END_RESP_START
498 0 2188398000 RESP_END
499 1 2190276352 STIM_START
499 1 2190622932 LICK
499 1 2190858260 LICK
499 1 2191068028 LICK
499 1 2191280532 LICK
499 1 2191375008 STIM_END_RESP_START
499 1 2191459560 LICK
499 1 2191460092 REWARD_START
499 1 2191643896 LICK
499 1 2191812704 LICK
499 1 2191950984 LICK
499 1 2192575032 RESP_END
499 1 2191490652 REWARD_END
500 1 2194499396 STIM_START
500 1 2195598056 STIM_END_RESP_START
500 1 2196798080 RESP_END
501 1 2198491632 STIM_START
501 1 2199361876 LICK
501 1 2199590288 STIM_END_RESP_START
501 1 2200425736 LICK
501 1 2200426268 REWARD_START
501 1 2200596728 LICK
501 1 2200740120 LICK
501 1 2200790316 RESP_END
501 1 2200456828 REWARD_END
502 0 2203432816 STIM_START
502 0 2204531484 STIM_END_RESP_START
502 0 2205731508 RESP_END
503 0 2207758664 STIM_START
503 0 2208857332 STIM_END_RESP_START
503 0 2210057356 RESP_END
504 0 2211874840 STIM_START
504 0 2212973500 STIM_END_RESP_START
504 0 2214173524 RESP_END
505 1 2216241660 STIM_START
505 1 2217340324 STIM_END_RESP_START
505 1 2218540348 RESP_END
506 0 2220629472 STIM_START
506 0 2221728140 STIM_END_RESP_START
506 0 2222928168 RESP_END
507 0 2224743588 STIM_START
507 0 2225842256 STIM_END_RESP_START
507 0 2227042276 RESP_END
508 0 2228731916 STIM_START
508 0 2229830576 STIM_END_RESP_START
508 0 2231030600 RESP_END
509 1 2233320496 STIM_START
509 1 2234018916 LICK
509 1 2234213932 LICK
509 1 2234419148 STIM_END_RESP_START
509 1 2234620448 LICK
509 1 2234620992 REWARD_START
509 1 2234832872 LICK
509 1 2234985788 LICK
509 1 2235619176 RESP_END
509 1 2234651544 REWARD_END
510 1 2237503560 STIM_START
510 1 2238602220 STIM_END_RESP_START
510 1 2239358880 LICK
510 1 2239359424 REWARD_START
510 1 2239566148 LICK
510 1 2239733400 LICK
510 1 2239802252 RESP_END
510 1 2239389988 REWARD_END
511 0 2242028168 STIM_START
511 0 2243126836 STIM_END_RESP_START
511 0 2244326860 RESP_END
512 0 2246320100 STIM_START
512 0 2247418768 STIM_END_RESP_START
512 0 2248618792 RESP_END
513 0 2250327392 STIM_START
513 0 2251426060 STIM_END_RESP_START
513 0 2252626088 RESP_END
514 1 2254217776 STIM_START
514 1 2255316448 STIM_END_RESP_START
514 1 2255333920 LICK
514 1 2255334460 REWARD_START
514 1 2255543048 LICK
514 1 2255717884 LICK
514 1 2255877596 LICK
514 1 2256029032 LICK
514 1 2256208232 LICK
514 1 2256401544 LICK
514 1 2256516476 RESP_END
514 1 2255365012 REWARD_END
515 0 2258261016 STIM_START
515 0 2259359676 STIM_END_RESP_START
515 0 2260559700 RESP_END
516 0 2262278228 STIM_START
516 0 2263376892 STIM_END_RESP_START
516 0 2264576916 RESP_END
517 0 2266431356 STIM_START
517 0 2267530020 STIM_END_RESP_START
517 0 2268730048 RESP_END
518 1 2270358732 STIM_START
518 1 2271457400 STIM_END_RESP_START
518 1 2272475820 LICK
518 1 2272476360 REWARD_START
518 1 2272657448 RESP_END
518 1 2272506920 REWARD_END
519 1 2274685608 STIM_START
519 1 2275784276 STIM_END_RESP_START
519 1 2276524156 LICK
519 1 2276524692 REWARD_START
519 1 2276984296 RESP_END
519 1 2276555252 REWARD_END
520 1 2279383060 STIM_START
520 1 2279726428 LICK
520 1 2279962284 LICK
520 1 2280127612 LICK
520 1 2280312704 LICK
520 1 2280481712 STIM_END_RESP_START
520 1 2280498112 LICK
520 1 2280498652 REWARD_START
520 1 2280642808 LICK
520 1 2280787124 LICK
520 1 2280927020 LICK
520 1 2281067924 LICK
520 1 2281681728 RESP_END
520 1 2280529212 REWARD_END
521 0 2283602068 STIM_START
521 0 2284700732 STIM_END_RESP_START
521 0 2285900752 RESP_END
522 0 2287613328 STIM_START
522 0 2288712000 STIM_END_RESP_START
522 0 2289912024 RESP_END
523 0 2291507676 STIM_START
523 0 2292606352 STIM_END_RESP_START
523 0 2293806380 RESP_END
524 1 2295681748 STIM_START
524 1 2296112088 LICK
524 1 2296360356 LICK
524 1 2296537904 LICK
524 1 2296711720 LICK
524 1 2296780404 STIM_END_RESP_START
524 1 2296897124 LICK
524 1 2296897664 REWARD_START
524 1 2297048432 LICK
524 1 2297213780 LICK
524 1 2297368480 LICK
524 1 2297710832 LICK
524 1 2297980436 RESP_END
524 1 2296928216 REWARD_END
525 1 2299588168 STIM_START
525 1 2300686832 STIM_END_RESP_START
525 1 2301886860 RESP_END
526 1 2304697100 STIM_START
526 1 2305532944 LICK
526 1 2305795776 STIM_END_RESP_START
526 1 2306144604 LICK
526 1 2306145140 REWARD_START
526 1 2306995808 RESP_END
526 1 2306175700 REWARD_END
527 0 2310339488 STIM_START
527 0 2311438156 STIM_END_RESP_START
527 0 2312638184 RESP_END
528 0 2316946676 STIM_START
528 0 2318045344 STIM_END_RESP_START
528 0 2319245368 RESP_END
529 1 2321035848 STIM_START
529 1 2322134512 STIM_END_RESP_START
529 1 2323060552 LICK
529 1 2323061092 REWARD_START
529 1 2323231048 LICK
529 1 2323334540 RESP_END
529 1 2323091652 REWARD_END
530 1 2328534996 STIM_START
530 1 2329633664 STIM_END_RESP_START
530 1 2330543824 LICK
530 1 2330544364 REWARD_START
530 1 2330833692 RESP_END
530 1 2330574924 REWARD_END
531 0 2332446332 STIM_START
531 0 2333545000 STIM_END_RESP_START
531 0 2334745024 RESP_END
532 0 2336482584 STIM_START
532 0 2337581248 STIM_END_RESP_START
532 0 2338395532 LICK
532 0 2338396068 TIMEOUT_START
532 0 2338781268 RESP_END
532 0 2345396636 TIMEOUT_END
533 1 2347147980 STIM_START
533 1 2348246652 STIM_END_RESP_START
533 1 2348586768 LICK
533 1 2348587312 REWARD_START
533 1 2348764140 LICK
533 1 2349059584 LICK
533 1 2349209620 LICK
533 1 2349379608 LICK
533 1 2349446684 RESP_END
533 1 2348617872 REWARD_END
534 1 2352215976 STIM_START
534 1 2352735948 LICK
534 1 2352988716 LICK
534 1 2353314628 STIM_END_RESP_START
534 1 2353723636 LICK
534 1 2353724172 REWARD_START
534 1 2354514640 RESP_END
534 1 2353754732 REWARD_END
535 1 2356211252 STIM_START
535 1 2356965436 LICK
535 1 2357309920 STIM_END_RESP_START
535 1 2358509948 RESP_END
536 0 2360534144 STIM_START
536 0 2361632808 STIM_END_RESP_START
536 0 2362832824 RESP_END
537 0 2364827068 STIM_START
537 0 2365925732 STIM_END_RESP_START
537 0 2367125760 RESP_END
538 1 2369042108 STIM_START
538 1 2370140776 STIM_END_RESP_START
538 1 2371340804 RESP_END
539 0 2372957468 STIM_START
539 0 2374056136 STIM_END_RESP_START
539 0 2375256160 RESP_END
540 1 2376886816 STIM_START
540 1 2377985484 STIM_END_RESP_START
540 1 2379185508 RESP_END
541 1 2380834140 STIM_START
541 1 2381408356 LICK
541 1 2381932784 STIM_END_RESP_START
541 1 2383132808 RESP_END
542 0 2384941336 STIM_START
542 0 2386040004 STIM_END_RESP_START
542 0 2387240028 RESP_END
543 0 2388909584 STIM_START
543 0 2390008252 STIM_END_RESP_START
543 0 2391208280 RESP_END
544 0 2392884920 STIM_START
544 0 2393983588 STIM_END_RESP_START
544 0 2395183616 RESP_END
545 1 2396872208 STIM_START
545 1 2397970876 STIM_END_RESP_START
545 1 2399170900 RESP_END
546 1 2401809376 STIM_START
546 1 2402908040 STIM_END_RESP_START
546 1 2403411612 LICK
546 1 2403412148 REWARD_START
546 1 2403625924 LICK
546 1 2403802048 LICK
546 1 2403968664 LICK
546 1 2404108052 RESP_END
546 1 2403442712 REWARD_END
547 0 2407989064 STIM_START
547 0 2409087732 STIM_END_RESP_START
547 0 2410287760 RESP_END
548 1 2412096212 STIM_START
548 1 2413194876 STIM_END_RESP_START
548 1 2413251456 LICK
548 1 2413251996 REWARD_START
548 1 2414262824 LICK
548 1 2414394900 RESP_END
548 1 2413282556 REWARD_END
549 1 2417635664 STIM_START
549 1 2418503472 LICK
549 1 2418704288 LICK
549 1 2418734324 STIM_END_RESP_START
549 1 2419757712 LICK
549 1 2419758252 REWARD_START
549 1 2419921328 LICK
549 1 2419934364 RESP_END
549 1 2419788812 REWARD_END
550 0 2422572828 STIM_START
550 0 2423671500 STIM_END_RESP_START
550 0 2424871528 RESP_END
551 1 2429146032 STIM_START
551 1 2429999752 LICK
551 1 2430225704 LICK
551 1 2430244696 STIM_END_RESP_START
551 1 2431444716 RESP_END
552 0 2433990328 STIM_START
552 0 2435088996 STIM_END_RESP_START
552 0 2436289020 RESP_END
553 0 2438269248 STIM_START
553 0 2439367916 STIM_END_RESP_START
553 0 2440567940 RESP_END
554 1 2442164648 STIM_START
554 1 2443263312 STIM_END_RESP_START
554 1 2444463340 RESP_END
555 0 2446334736 STIM_START
555 0 2447433404 STIM_END_RESP_START
555 0 2448633432 RESP_END
556 0 2450681576 STIM_START
556 0 2451780248 STIM_END_RESP_START
556 0 2452980272 RESP_END
557 0 2454973508 STIM_START
557 0 2456072172 STIM_END_RESP_START
557 0 2457272196 RESP_END
558 1 2458944824 STIM_START
558 1 2459568312 LICK
558 1 2460043504 STIM_END_RESP_START
558 1 2460373000 LICK
558 1 2460373536 REWARD_START
558 1 2460562680 LICK
558 1 2461243548 RESP_END
558 1 2460404096 REWARD_END
559 1 2463394596 STIM_START
559 1 2463719072 LICK
559 1 2463958968 LICK
559 1 2464188764 LICK
559 1 2464419340 LICK
559 1 2464493272 STIM_END_RESP_START
559 1 2464974540 LICK
559 1 2464975076 REWARD_START
559 1 2465116220 LICK
559 1 2465292988 LICK
559 1 2465435544 LICK
559 1 2465693316 RESP_END
559 1 2465005636 REWARD_END
560 1 2467754404 STIM_START
560 1 2468021728 LICK
560 1 2468853056 STIM_END_RESP_START
560 1 2470053080 RESP_END
561 0 2472339004 STIM_START
561 0 2473437672 STIM_END_RESP_START
561 0 2474637700 RESP_END
562 1 2476256380 STIM_START
562 1 2477355044 STIM_END_RESP_START
562 1 2477372292 LICK
562 1 2477372832 REWARD_START
562 1 2477535172 LICK
562 1 2478161560 LICK
562 1 2478555056 RESP_END
562 1 2477403392 REWARD_END
563 0 2480597260 STIM_START
563 0 2481695928 STIM_END_RESP_START
563 0 2482895952 RESP_END
564 0 2484888196 STIM_START
564 0 2485986864 STIM_END_RESP_START
564 0 2487186892 RESP_END
565 0 2489023312 STIM_START
565 0 2490121980 STIM_END_RESP_START
565 0 2491322008 RESP_END
566 1 2493272224 STIM_START
566 1 2494370892 STIM_END_RESP_START
566 1 2495028524 LICK
566 1 2495029056 REWARD_START
566 1 2495219428 LICK
566 1 2495383724 LICK
566 1 2495546348 LICK
566 1 2495570936 RESP_END
566 1 2495059620 REWARD_END
567 1 2498069588 STIM_START
567 1 2498602948 LICK
567 1 2498776112 LICK
567 1 2498956876 LICK
567 1 2499168280 STIM_END_RESP_START
567 1 2499168808 LICK
567 1 2499169356 REWARD_START
567 1 2499324076 LICK
567 1 2499473196 LICK
567 1 2499611744 LICK
567 1 2499766444 LICK
567 1 2499932596 LICK
567 1 2500110012 LICK
567 1 2500368304 RESP_END
567 1 2499199896 REWARD_END
568 0 2504990404 STIM_START
568 0 2506089072 STIM_END_RESP_START
568 0 2507289100 RESP_END
569 0 2508965716 STIM_START
569 0 2510064384 STIM_END_RESP_START
569 0 2511264408 RESP_END
570 1 2513272636 STIM_START
570 1 2513778368 LICK
570 1 2514002212 LICK
570 1 2514371320 STIM_END_RESP_START
570 1 2515571344 RESP_END
571 0 2517928124 STIM_START
571 0 2519026792 STIM_END_RESP_START
571 0 2520226816 RESP_END
572 1 2522036260 STIM_START
572 1 2523134932 STIM_END_RESP_START
572 1 2523196852 LICK
572 1 2523197384 REWARD_START
572 1 2523737412 LICK
572 1 2523924196 LICK
572 1 2524086444 LICK
572 1 2524238908 LICK
572 1 2524334944 RESP_END
572 1 2523227944 REWARD_END
573 0 2527769520 STIM_START
573 0 2527790100 LICK
573 0 2527977768 LICK
573 0 2528150548 LICK
573 0 2528868172 STIM_END_RESP_START
573 0 2530068200 RESP_END
574 0 2531705808 STIM_START
574 0 2532804476 STIM_END_RESP_START
574 0 2534004500 RESP_END
575 1 2535934816 STIM_START
575 1 2537033488 STIM_END_RESP_START
575 1 2538233512 RESP_END
576 1 2540567372 STIM_START
576 1 2541666040 STIM_END_RESP_START
576 1 2542866064 RESP_END
577 1 2544478728 STIM_START
577 1 2544839264 LICK
577 1 2545290276 LICK
577 1 2545577376 STIM_END_RESP_START
577 1 2546777400 RESP_END
578 0 2548680748 STIM_START
578 0 2549779412 STIM_END_RESP_START
578 0 2550979436 RESP_END
579 0 2552769944 STIM_START
579 0 2553868612 STIM_END_RESP_START
579 0 2555068640 RESP_END
580 0 2556719256 STIM_START
580 0 2557817928 STIM_END_RESP_START
580 0 2559017948 RESP_END
581 1 2560748520 STIM_START
581 1 2561847188 STIM_END_RESP_START
581 1 2563047212 RESP_END
582 0 2565105360 STIM_START
582 0 2566204028 STIM_END_RESP_START
582 0 2567404052 RESP_END
583 0 2569291400 STIM_START
583 0 2570390064 STIM_END_RESP_START
583 0 2571590092 RESP_END
584 0 2573644260 STIM_START
584 0 2574742928 STIM_END_RESP_START
584 0 2575942952 RESP_END
585 1 2577953160 STIM_START
585 1 2579051828 STIM_END_RESP_START
585 1 2579486432 LICK
585 1 2579486972 REWARD_START
585 1 2579657788 LICK
585 1 2579804256 LICK
585 1 2579964960 LICK
585 1 2580251860 RESP_END
585 1 2579517532 REWARD_END
586 0 2584909920 STIM_START
586 0 2586008592 STIM_END_RESP_START
586 0 2587208612 RESP_END
587 0 2589000100 STIM_START
587 0 2590098768 STIM_END_RESP_START
587 0 2591298792 RESP_END
588 1 2593036348 STIM_START
588 1 2593984596 LICK
588 1 2594135004 STIM_END_RESP_START
588 1 2594171804 LICK
588 1 2594172344 REWARD_START
588 1 2594332692 LICK
588 1 2594494524 LICK
588 1 2594647176 LICK
588 1 2594790116 LICK
588 1 2594955580 LICK
588 1 2595335048 RESP_END
588 1 2594202904 REWARD_END
589 1 2596994640 STIM_START
589 1 2597343672 LICK
589 1 2597575916 LICK
589 1 2597738912 LICK
589 1 2597912416 LICK
589 1 2598085456 LICK
589 1 2598093296 STIM_END_RESP_START
589 1 2598252812 LICK
589 1 2598253348 REWARD_START
589 1 2598399196 LICK
589 1 2598547628 LICK
589 1 2598693296 LICK
589 1 2598837948 LICK
589 1 2599293308 RESP_END
589 1 2598283908 REWARD_END
590 0 2601018896 STIM_START
590 0 2602117564 STIM_END_RESP_START
590 0 2603317584 RESP_END
591 1 2605109048 STIM_START
591 1 2605534732 LICK
591 1 2605738164 LICK
591 1 2605918228 LICK
591 1 2606092736 LICK
591 1 2606207728 STIM_END_RESP_START
591 1 2606272796 LICK
591 1 2606273332 REWARD_START
591 1 2606417256 LICK
591 1 2606566040 LICK
591 1 2606702412 LICK
591 1 2606859244 LICK
591 1 2607036092 LICK
591 1 2607194768 LICK
591 1 2607407748 RESP_END
591 1 2606303892 REWARD_END
592 0 2609073372 STIM_START
592 0 2610172040 STIM_END_RESP_START
592 0 2611372068 RESP_END
593 1 2613103644 STIM_START
593 1 2614202308 STIM_END_RESP_START
593 1 2614819212 LICK
593 1 2614819748 REWARD_START
593 1 2614971676 LICK
593 1 2615136656 LICK
593 1 2615281264 LICK
593 1 2615402344 RESP_END
593 1 2614850308 REWARD_END
594 0 2617939868 STIM_START
594 0 2619038536 STIM_END_RESP_START
594 0 2620238564 RESP_END
595 0 2622028060 STIM_START
595 0 2623126724 STIM_END_RESP_START
595 0 2624326748 RESP_END
596 1 2625957420 STIM_START
596 1 2627056084 STIM_END_RESP_START
596 1 2627646028 LICK
596 1 2627646564 REWARD_START
596 1 2627826708 LICK
596 1 2627980268 LICK
596 1 2628134628 LICK
596 1 2628256120 RESP_END
596 1 2627677116 REWARD_END
597 0 2630674828 STIM_START
597 0 2631773492 STIM_END_RESP_START
597 0 2632973516 RESP_END
598 0 2634729032 STIM_START
598 0 2635827696 STIM_END_RESP_START
598 0 2637027720 RESP_END
599 0 2639032956 STIM_START
599 0 2640131624 STIM_END_RESP_START
599 0 2641331648 RESP_END
600 1 2643206040 STIM_START
600 1 2644304704 STIM_END_RESP_START
600 1 2644729212 LICK
600 1 2644729748 REWARD_START
600 1 2644903724 LICK
600 1 2645072232 LICK
600 1 2645221092 LICK
600 1 2645403212 LICK
600 1 2645504720 RESP_END
600 1 2644760304 REWARD_END
601 0 2647930440 STIM_START
601 0 2649029104 STIM_END_RESP_START
601 0 2650229132 RESP_END
602 0 2651863772 STIM_START
602 0 2652962440 STIM_END_RESP_START
602 0 2654162464 RESP_END
603 0 2655799140 STIM_START
603 0 2656897808 STIM_END_RESP_START
603 0 2658097828 RESP_END
604 1 2660016164 STIM_START
604 1 2661076784 LICK
604 1 2661114840 STIM_END_RESP_START
604 1 2661303960 LICK
604 1 2661304500 REWARD_START
604 1 2661473032 LICK
604 1 2662314856 RESP_END
604 1 2661335060 REWARD_END
605 1 2664157260 STIM_START
605 1 2664432584 LICK
605 1 2664863360 LICK
605 1 2665065240 LICK
605 1 2665239856 LICK
605 1 2665255932 STIM_END_RESP_START
605 1 2666089700 LICK
605 1 2666090232 REWARD_START
605 1 2666258832 LICK
605 1 2666455980 RESP_END
605 1 2666120792 REWARD_END
606 1 2668479152 STIM_START
606 1 2668796356 LICK
606 1 2669240872 LICK
606 1 2669432700 LICK
606 1 2669577820 STIM_END_RESP_START
606 1 2669641048 LICK
606 1 2669641580 REWARD_START
606 1 2669796792 LICK
606 1 2669951040 LICK
606 1 2670090788 LICK
606 1 2670239576 LICK
606 1 2670777836 RESP_END
606 1 2669672140 REWARD_END
607 0 2673699980 STIM_START
607 0 2674798648 STIM_END_RESP_START
607 0 2675998668 RESP_END
608 0 2677674288 STIM_START
608 0 2678164352 LICK
608 0 2678772964 STIM_END_RESP_START
608 0 2679972992 RESP_END
609 0 2681672580 STIM_START
609 0 2682771248 STIM_END_RESP_START
609 0 2683971272 RESP_END
610 1 2685701804 STIM_START
610 1 2686044180 LICK
610 1 2686537196 LICK
610 1 2686800456 STIM_END_RESP_START
610 1 2688000484 RESP_END
611 1 2690045652 STIM_START
611 1 2691144320 STIM_END_RESP_START
611 1 2692344344 RESP_END
612 1 2694414476 STIM_START
612 1 2695513140 STIM_END_RESP_START
612 1 2695810388 LICK
612 1 2695810920 REWARD_START
612 1 2695959952 LICK
612 1 2696116508 LICK
612 1 2696255772 LICK
612 1 2696414268 LICK
612 1 2696560700 LICK
612 1 2696713176 RESP_END
612 1 2695841476 REWARD_END
613 0 2698593584 STIM_START
613 0 2699692248 STIM_END_RESP_START
613 0 2700892272 RESP_END
614 1 2702951388 STIM_START
614 1 2704050052 STIM_END_RESP_START
614 1 2704994340 LICK
614 1 2704994872 REWARD_START
614 1 2705182244 LICK
614 1 2705250080 RESP_END
614 1 2705025432 REWARD_END
615 0 2707230336 STIM_START
615 0 2708329004 STIM_END_RESP_START
615 0 2709529028 RESP_END
616 0 2711566216 STIM_START
616 0 2712664884 STIM_END_RESP_START
616 0 2713864908 RESP_END
617 0 2715553528 STIM_START
617 0 2716652196 STIM_END_RESP_START
617 0 2717852220 RESP_END
618 1 2719908364 STIM_START
618 1 2721007028 STIM_END_RESP_START
618 1 2721606664 LICK
618 1 2721607196 REWARD_START
618 1 2721790840 LICK
618 1 2721960600 LICK
618 1 2722115112 LICK
618 1 2722207064 RESP_END
618 1 2721637752 REWARD_END
619 1 2724134352 STIM_START
619 1 2725020804 LICK
619 1 2725228984 LICK
619 1 2725233028 STIM_END_RESP_START
619 1 2725413072 LICK
619 1 2725413604 REWARD_START
619 1 2725577788 LICK
619 1 2725735708 LICK
619 1 2725881536 LICK
619 1 2726038548 LICK
619 1 2726433072 RESP_END
619 1 2725444164 REWARD_END
620 0 2728175560 STIM_START
620 0 2729274224 STIM_END_RESP_START
620 0 2730474248 RESP_END
621 0 2732831084 STIM_START
621 0 2733929752 STIM_END_RESP_START
621 0 2735129776 RESP_END
622 0 2737061076 STIM_START
622 0 2738159740 STIM_END_RESP_START
622 0 2739359768 RESP_END
623 1 2741252140 STIM_START
623 1 2742350800 STIM_END_RESP_START
623 1 2743260548 LICK
623 1 2743261080 REWARD_START
623 1 2743460388 LICK
623 1 2743550828 RESP_END
623 1 2743291644 REWARD_END
624 1 2745714860 STIM_START
624 1 2746813528 STIM_END_RESP_START
624 1 2748013544 RESP_END
625 0 2749625264 STIM_START
625 0 2750723932 STIM_END_RESP_START
625 0 2751923956 RESP_END
626 0 2753998036 STIM_START
626 0 2755096700 STIM_END_RESP_START
626 0 2756296728 RESP_END
627 1 2758335920 STIM_START
627 1 2759434592 STIM_END_RESP_START
627 1 2760115152 LICK
627 1 2760115692 REWARD_START
627 1 2760327492 LICK
627 1 2760496264 LICK
627 1 2760634636 RESP_END
627 1 2760146252 REWARD_END
628 0 2762758668 STIM_START
628 0 2763857336 STIM_END_RESP_START
628 0 2765057360 RESP_END
629 0 2767472124 STIM_START
629 0 2768570792 STIM_END_RESP_START
629 0 2769770816 RESP_END
630 0 2771548296 STIM_START
630 0 2772646964 STIM_END_RESP_START
630 0 2773846980 RESP_END
631 1 2777015856 STIM_START
631 1 2778114524 STIM_END_RESP_START
631 1 2779116540 LICK
631 1 2779117080 REWARD_START
631 1 2779314556 RESP_END
631 1 2779147640 REWARD_END
632 1 2780954180 STIM_START
632 1 2782052848 STIM_END_RESP_START
632 1 2783252876 RESP_END
633 1 2785887356 STIM_START
633 1 2786986020 STIM_END_RESP_START
633 1 2787665124 LICK
633 1 2787665656 REWARD_START
633 1 2788186036 RESP_END
633 1 2787696216 REWARD_END
634 0 2790255188 STIM_START
634 0 2791353856 STIM_END_RESP_START
634 0 2792553884 RESP_END
635 0 2794228464 STIM_START
635 0 2795327132 STIM_END_RESP_START
635 0 2796527156 RESP_END
636 0 2798143872 STIM_START
636 0 2799242540 STIM_END_RESP_START
636 0 2800442564 RESP_END
637 1 2802103176 STIM_START
637 1 2803201844 STIM_END_RESP_START
637 1 2804401868 RESP_END
638 1 2806411092 STIM_START
638 1 2807509760 STIM_END_RESP_START
638 1 2808709784 RESP_END
639 0 2810424312 STIM_START
639 0 2811522980 STIM_END_RESP_START
639 0 2812723004 RESP_END
640 0 2814360668 STIM_START
640 0 2815459340 STIM_END_RESP_START
640 0 2816659360 RESP_END
641 1 2818470824 STIM_START
641 1 2819569488 STIM_END_RESP_START
641 1 2820769512 RESP_END
642 1 2822626908 STIM_START
642 1 2823725576 STIM_END_RESP_START
642 1 2824435648 LICK
642 1 2824436188 REWARD_START
642 1 2824851668 LICK
642 1 2824925620 RESP_END
642 1 2824466748 REWARD_END
643 0 2826888904 STIM_START
643 0 2827987572 STIM_END_RESP_START
643 0 2829187596 RESP_END
644 1 2830816216 STIM_START
644 1 2831914884 STIM_END_RESP_START
644 1 2832774368 LICK
644 1 2832774904 REWARD_START
644 1 2832940168 LICK
644 1 2833112036 LICK
644 1 2833114912 RESP_END
644 1 2832805464 REWARD_END
645 1 2836004080 STIM_START
645 1 2836888948 LICK
645 1 2837102744 STIM_END_RESP_START
645 1 2838302772 RESP_END
646 1 2840199120 STIM_START
646 1 2841297788 STIM_END_RESP_START
646 1 2842353304 LICK
646 1 2842353844 REWARD_START
646 1 2842497820 RESP_END
646 1 2842384404 REWARD_END
647 0 2845079344 STIM_START
647 0 2846178012 STIM_END_RESP_START
647 0 2847378040 RESP_END
648 1 2849006712 STIM_START
648 1 2850105384 STIM_END_RESP_START
648 1 2851305400 RESP_END
649 1 2853195780 STIM_START
649 1 2854294440 STIM_END_RESP_START
649 1 2855494468 RESP_END
650 0 2857402792 STIM_START
650 0 2858501460 STIM_END_RESP_START
650 0 2859701484 RESP_END
651 0 2861339120 STIM_START
651 0 2862437788 STIM_END_RESP_START
651 0 2863637816 RESP_END
652 1 2865270528 STIM_START
652 1 2866369196 STIM_END_RESP_START
652 1 2866940748 LICK
652 1 2866941292 REWARD_START
652 1 2867569208 RESP_END
652 1 2866971856 REWARD_END
653 0 2869448560 STIM_START
653 0 2870547228 STIM_END_RESP_START
653 0 2871747252 RESP_END
654 0 2873734472 STIM_START
654 0 2874833140 STIM_END_RESP_START
654 0 2876033164 RESP_END
655 1 2877663820 STIM_START
655 1 2878762492 STIM_END_RESP_START
655 1 2879427068 LICK
655 1 2879427608 REWARD_START
655 1 2879603124 LICK
655 1 2879775724 LICK
655 1 2879919428 LICK
655 1 2879962508 RESP_END
655 1 2879458164 REWARD_END
656 0 2882010728 STIM_START
656 0 2883109396 STIM_END_RESP_START
656 0 2884309424 RESP_END
657 0 2886059916 STIM_START
657 0 2887158584 STIM_END_RESP_START
657 0 2888358608 RESP_END
658 1 2890388780 STIM_START
658 1 2890912708 LICK
658 1 2891108784 LICK
658 1 2891487432 STIM_END_RESP_START
658 1 2892530032 LICK
658 1 2892530564 REWARD_START
658 1 2892687480 RESP_END
658 1 2892561124 REWARD_END
659 1 2895395888 STIM_START
659 1 2896494552 STIM_END_RESP_START
659 1 2897694576 RESP_END
660 1 2899470052 STIM_START
660 1 2900568716 STIM_END_RESP_START
660 1 2901768744 RESP_END
661 0 2903956764 STIM_START
661 0 2905055432 STIM_END_RESP_START
661 0 2906255456 RESP_END
662 1 2907985020 STIM_START
662 1 2909037248 LICK
662 1 2909083680 STIM_END_RESP_START
662 1 2910283700 RESP_END
663 0 2911925344 STIM_START
663 0 2913024012 STIM_END_RESP_START
663 0 2914224028 RESP_END
664 0 2915974572 STIM_START
664 0 2917073240 STIM_END_RESP_START
664 0 2918273268 RESP_END
665 0 2920333400 STIM_START
665 0 2921432060 STIM_END_RESP_START
665 0 2922632084 RESP_END
666 1 2924529412 STIM_START
666 1 2924953988 LICK
666 1 2925018320 LICK
666 1 2925422972 LICK
666 1 2925628068 STIM_END_RESP_START
666 1 2926828096 RESP_END
667 1 2928656540 STIM_START
667 1 2929755204 STIM_END_RESP_START
667 1 2930955224 RESP_END
668 0 2932551960 STIM_START
668 0 2933650628 STIM_END_RESP_START
668 0 2934850656 RESP_END
669 0 2936663092 STIM_START
669 0 2937761752 STIM_END_RESP_START
669 0 2938961776 RESP_END
670 1 2940712284 STIM_START
670 1 2941630904 LICK
670 1 2941810928 STIM_END_RESP_START
670 1 2942594840 LICK
670 1 2942595380 REWARD_START
670 1 2943010972 RESP_END
670 1 2942625940 REWARD_END
671 0 2944699576 STIM_START
671 0 2945798240 STIM_END_RESP_START
671 0 2946998260 RESP_END
672 1 2948627944 STIM_START
672 1 2949206868 LICK
672 1 2949422792 LICK
672 1 2949726604 STIM_END_RESP_START
672 1 2949779168 LICK
672 1 2949779704 REWARD_START
672 1 2949929088 LICK
672 1 2950084468 LICK
672 1 2950215816 LICK
672 1 2950384776 LICK
672 1 2950544928 LICK
672 1 2950926640 RESP_END
672 1 2949810264 REWARD_END
673 1 2952945808 STIM_START
673 1 2954044476 STIM_END_RESP_START
673 1 2955244496 RESP_END
674 1 2957733160 STIM_START
674 1 2958831824 STIM_END_RESP_START
674 1 2960031848 RESP_END
675 0 2962844120 STIM_START
675 0 2963942788 STIM_END_RESP_START
675 0 2965142812 RESP_END
676 0 2967013208 STIM_START
676 0 2968111876 STIM_END_RESP_START
676 0 2969311904 RESP_END
677 0 2971288144 STIM_START
677 0 2972386812 STIM_END_RESP_START
677 0 2973586836 RESP_END
678 1 2975503152 STIM_START
678 1 2976601820 STIM_END_RESP_START
678 1 2976713964 LICK
678 1 2976714496 REWARD_START
678 1 2976907928 LICK
678 1 2977801860 RESP_END
678 1 2976745056 REWARD_END
679 1 2979730172 STIM_START
679 1 2980828840 STIM_END_RESP_START
679 1 2981248960 LICK
679 1 2981249500 REWARD_START
679 1 2982028888 RESP_END
679 1 2981280060 REWARD_END
680 0 2983879272 STIM_START
680 0 2984977940 STIM_END_RESP_START
680 0 2986177964 RESP_END
681 0 2988005400 STIM_START
681 0 2989104060 STIM_END_RESP_START
681 0 2990304088 RESP_END
682 1 2992380204 STIM_START
682 1 2993478872 STIM_END_RESP_START
682 1 2994678900 RESP_END
683 1 2996717060 STIM_START
683 1 2997815728 STIM_END_RESP_START
683 1 2999015756 RESP_END
684 1 3000625488 STIM_START
684 1 3001724156 STIM_END_RESP_START
684 1 3002924180 RESP_END
685 0 3004935364 STIM_START
685 0 3006034032 STIM_END_RESP_START
685 0 3007234060 RESP_END
686 1 3008883700 STIM_START
686 1 3009982368 STIM_END_RESP_START
686 1 3011182396 RESP_END
687 0 3012890984 STIM_START
687 0 3013989652 STIM_END_RESP_START
687 0 3015189680 RESP_END
688 1 3016857280 STIM_START
688 1 3017955948 STIM_END_RESP_START
688 1 3019155976 RESP_END
689 0 3021671588 STIM_START
689 0 3022770256 STIM_END_RESP_START
689 0 3023970272 RESP_END
690 1 3025779720 STIM_START
690 1 3026878380 STIM_END_RESP_START
690 1 3028078408 RESP_END
691 0 3030130568 STIM_START
691 0 3031229236 STIM_END_RESP_START
691 0 3032429260 RESP_END
USER_EXIT