001 1 0012036536 STIM_START
001 1 0015161868 STIM_END_RESP_START
001 1 0016361884 RESP_END
002 1 0018606536 STIM_START
002 1 0021681844 STIM_END_RESP_START
002 1 0022881856 RESP_END
003 1 0024793432 STIM_START
003 1 0028318804 STIM_END_RESP_START
003 1 0029518856 RESP_END
004 0 0031310332 STIM_START
004 0 0034835704 STIM_END_RESP_START
004 0 0036035720 RESP_END
005 1 0038113328 STIM_START
005 1 0038728120 LICK
005 1 0038802924 LICK
005 1 0041388680 STIM_END_RESP_START
005 1 0042588696 RESP_END
006 1 0044319276 STIM_START
006 1 0045313952 LICK
006 1 0045425980 LICK
006 1 0047594604 STIM_END_RESP_START
006 1 0048794660 RESP_END
007 0 0050761212 STIM_START
007 0 0051299508 LICK
007 0 0051428368 LICK
007 0 0051535840 LICK
007 0 0052258444 LICK
007 0 0052393572 LICK
007 0 0052540968 LICK
007 0 0053886532 STIM_END_RESP_START
007 0 0055086548 RESP_END
008 0 0056843076 STIM_START
008 0 0057323344 LICK
008 0 0057460336 LICK
008 0 0057587852 LICK
008 0 0059918392 STIM_END_RESP_START
008 0 0061118440 RESP_END
009 0 0062895972 STIM_START
009 0 0063808120 LICK
009 0 0066921372 STIM_END_RESP_START
009 0 0068121392 RESP_END
010 1 0070018976 STIM_START
010 1 0070433256 LICK
010 1 0070552708 LICK
010 1 0070684368 LICK
010 1 0073294292 STIM_END_RESP_START
010 1 0074494312 RESP_END
011 1 0076346936 STIM_START
011 1 0079585852 LICK
011 1 0079622252 STIM_END_RESP_START
011 1 0079725896 LICK
011 1 0079726332 REWARD_START
011 1 0079857992 LICK
011 1 0079970832 LICK
011 1 0080090616 LICK
011 1 0080188256 LICK
011 1 0080298080 LICK
011 1 0080417432 LICK
011 1 0080545376 LICK
011 1 0080604008 LICK
011 1 0080794192 LICK
011 1 0080822284 RESP_END
011 1 0079739312 REWARD_END
012 1 0087950620 STIM_START
012 1 0088362004 LICK
012 1 0088476480 LICK
012 1 0088601076 LICK
012 1 0091362364 LICK
012 1 0091569248 LICK
012 1 0091799216 LICK
012 1 0091976012 STIM_END_RESP_START
012 1 0091988736 LICK
012 1 0091989180 REWARD_START
012 1 0092159000 LICK
012 1 0092332472 LICK
012 1 0092459488 LICK
012 1 0092564848 LICK
012 1 0092665028 LICK
012 1 0092787416 LICK
012 1 0092894644 LICK
012 1 0093013756 LICK
012 1 0093135032 LICK
012 1 0093176036 RESP_END
012 1 0092002152 REWARD_END
013 0 0098970200 STIM_START
013 0 0099939004 LICK
013 0 0100055668 LICK
013 0 0101765268 LICK
013 0 0101957656 LICK
013 0 0102121356 LICK
013 0 0102495544 STIM_END_RESP_START
013 0 0103695576 RESP_END
014 0 0105853224 STIM_START
014 0 0108958664 LICK
014 0 0109092880 LICK
014 0 0109378588 STIM_END_RESP_START
014 0 0110578612 RESP_END
015 1 0112708196 STIM_START
015 1 0115983536 STIM_END_RESP_START
015 1 0116810632 LICK
015 1 0116811120 REWARD_START
015 1 0116925512 LICK
015 1 0117055200 LICK
015 1 0117179188 LICK
015 1 0117183564 RESP_END
015 1 0116824144 REWARD_END
016 1 0119768220 STIM_START
016 1 0120432128 LICK
016 1 0120554304 LICK
016 1 0120731448 LICK
016 1 0120878888 LICK
016 1 0123293568 STIM_END_RESP_START
016 1 0124493600 RESP_END
017 1 0126442212 STIM_START
017 1 0126913632 LICK
017 1 0127001464 LICK
017 1 0129567540 STIM_END_RESP_START
017 1 0130767576 RESP_END
018 0 0132670096 STIM_START
018 0 0133436512 LICK
018 0 0133556416 LICK
018 0 0136195460 STIM_END_RESP_START
018 0 0137395492 RESP_END
019 1 0139374080 STIM_START
019 1 0139753244 LICK
019 1 0139880768 LICK
019 1 0140038132 LICK
019 1 0142899444 STIM_END_RESP_START
019 1 0144099476 RESP_END
020 0 0146183068 STIM_START
020 0 0146401872 LICK
020 0 0146550612 LICK
020 0 0147182792 LICK
020 0 0147314456 LICK
020 0 0147450660 LICK
020 0 0147784756 LICK
020 0 0147947600 LICK
020 0 0148088604 LICK
020 0 0148217768 LICK
020 0 0149258376 STIM_END_RESP_START
020 0 0150458412 RESP_END
021 1 0152512976 STIM_START
021 1 0153432840 LICK
021 1 0153550960 LICK
021 1 0153691192 LICK
021 1 0155638320 STIM_END_RESP_START
021 1 0156838356 RESP_END
022 1 0158638896 STIM_START
022 1 0159871404 LICK
022 1 0159990896 LICK
022 1 0162664300 STIM_END_RESP_START
022 1 0163864332 RESP_END
023 1 0165877964 STIM_START
023 1 0166673596 LICK
023 1 0166813088 LICK
023 1 0166920548 LICK
023 1 0169903388 STIM_END_RESP_START
023 1 0171103420 RESP_END
024 0 0173033988 STIM_START
024 0 0176159304 STIM_END_RESP_START
024 0 0177359336 RESP_END
025 1 0179131872 STIM_START
025 1 0179730532 LICK
025 1 0179844288 LICK
025 1 0179986368 LICK
025 1 0180758784 LICK
025 1 0180876084 LICK
025 1 0181009116 LICK
025 1 0182257192 STIM_END_RESP_START
025 1 0183457228 RESP_END
026 0 0185355804 STIM_START
026 0 0186780492 LICK
026 0 0186883580 LICK
026 0 0187041520 LICK
026 0 0188602016 LICK
026 0 0189381200 STIM_END_RESP_START
026 0 0190581236 RESP_END
027 1 0192630852 STIM_START
027 1 0194382252 LICK
027 1 0194498560 LICK
027 1 0194667956 LICK
027 1 0195706156 STIM_END_RESP_START
027 1 0196906188 RESP_END
028 1 0198914756 STIM_START
028 1 0199269536 LICK
028 1 0199379444 LICK
028 1 0199504136 LICK
028 1 0200116960 LICK
028 1 0200264172 LICK
028 1 0201990072 STIM_END_RESP_START
028 1 0203190108 RESP_END
029 0 0205158660 STIM_START
029 0 0206845340 LICK
029 0 0206954632 LICK
029 0 0207076460 LICK
029 0 0207682008 LICK
029 0 0209184056 STIM_END_RESP_START
029 0 0210384092 RESP_END
030 1 0212232732 STIM_START
030 1 0213135196 LICK
030 1 0213250640 LICK
030 1 0213382872 LICK
030 1 0216258128 STIM_END_RESP_START
030 1 0217458164 RESP_END
031 1 0219434760 STIM_START
031 1 0220326992 LICK
031 1 0222960104 STIM_END_RESP_START
031 1 0224160136 RESP_END
032 0 0226379784 STIM_START
032 0 0226778468 LICK
032 0 0226900720 LICK
032 0 0227045324 LICK
032 0 0227568284 LICK
032 0 0227762636 LICK
032 0 0230405168 STIM_END_RESP_START
032 0 0231605192 RESP_END
033 1 0233727836 STIM_START
033 1 0234528044 LICK
033 1 0234645008 LICK
033 1 0236232612 LICK
033 1 0236347564 LICK
033 1 0237753228 STIM_END_RESP_START
033 1 0238953260 RESP_END
034 1 0240799872 STIM_START
034 1 0242035528 LICK
034 1 0242178220 LICK
034 1 0242625596 LICK
034 1 0243875192 STIM_END_RESP_START
034 1 0245075228 RESP_END
035 0 0247132796 STIM_START
035 0 0250408136 STIM_END_RESP_START
035 0 0251608172 RESP_END
036 1 0253728756 STIM_START
036 1 0256804072 STIM_END_RESP_START
036 1 0258004104 RESP_END
037 1 0260046656 STIM_START
037 1 0262687864 LICK
037 1 0263121980 STIM_END_RESP_START
037 1 0264322008 RESP_END
038 0 0266361556 STIM_START
038 0 0267175456 LICK
038 0 0267459960 LICK
038 0 0267643952 LICK
038 0 0269886900 STIM_END_RESP_START
038 0 0271086936 RESP_END
039 0 0272897540 STIM_START
039 0 0273743128 LICK
039 0 0273878244 LICK
039 0 0276172888 STIM_END_RESP_START
039 0 0277372912 RESP_END
040 1 0279354532 STIM_START
040 1 0280975720 LICK
040 1 0282479868 STIM_END_RESP_START
040 1 0283679904 RESP_END
041 1 0285753372 STIM_START
041 1 0289028708 STIM_END_RESP_START
041 1 0290228740 RESP_END
042 1 0292781440 STIM_START
042 1 0293902512 LICK
042 1 0294044524 LICK
042 1 0296056776 STIM_END_RESP_START
042 1 0296637572 LICK
042 1 0296638060 REWARD_START
042 1 0296861668 LICK
042 1 0297062396 LICK
042 1 0297253072 LICK
042 1 0297256816 RESP_END
042 1 0296651084 REWARD_END
043 0 0314086440 STIM_START
043 0 0314205040 LICK
043 0 0314366540 LICK
043 0 0314578048 LICK
043 0 0314731316 LICK
043 0 0315537164 LICK
043 0 0318111860 STIM_END_RESP_START
043 0 0319311896 RESP_END
044 0 0321527548 STIM_START
044 0 0321816220 LICK
044 0 0321931192 LICK
044 0 0322131812 LICK
044 0 0322442396 LICK
044 0 0325552944 STIM_END_RESP_START
044 0 0326752980 RESP_END
045 0 0328637604 STIM_START
045 0 0329044468 LICK
045 0 0329180720 LICK
045 0 0329296408 LICK
045 0 0331297820 LICK
045 0 0331762920 STIM_END_RESP_START
045 0 0332283528 LICK
045 0 0332284016 TIMEOUT_START
045 0 0332410224 LICK
045 0 0332410712 TIMEOUT_START
045 0 0332585020 LICK
045 0 0332585504 TIMEOUT_START
045 0 0332789400 LICK
045 0 0332789892 TIMEOUT_START
045 0 0332961148 LICK
045 0 0332961628 TIMEOUT_START
045 0 0332962964 RESP_END
045 0 0339962132 TIMEOUT_END
046 1 0343185696 STIM_START
046 1 0346223892 LICK
046 1 0346369704 LICK
046 1 0347211088 STIM_END_RESP_START
046 1 0347477544 LICK
046 1 0347478036 REWARD_START
046 1 0347753644 LICK
046 1 0347905784 LICK
046 1 0348083432 LICK
046 1 0348293992 LICK
046 1 0348411116 RESP_END
046 1 0347491052 REWARD_END
047 0 0357756792 STIM_START
047 0 0360832084 STIM_END_RESP_START
047 0 0362032108 RESP_END
048 0 0363833672 STIM_START
048 0 0364193040 LICK
048 0 0364631464 LICK
048 0 0364882256 LICK
048 0 0366958984 STIM_END_RESP_START
048 0 0368159024 RESP_END
049 1 0369966584 STIM_START
049 1 0370258992 LICK
049 1 0370625300 LICK
049 1 0370787848 LICK
049 1 0372498864 LICK
049 1 0373026828 LICK
049 1 0373948064 LICK
049 1 0373991968 STIM_END_RESP_START
049 1 0375191996 RESP_END
050 0 0377392660 STIM_START
050 0 0380517980 STIM_END_RESP_START
050 0 0381718016 RESP_END
051 1 0383886564 STIM_START
051 1 0384170992 LICK
051 1 0384309368 LICK
051 1 0384512968 LICK
051 1 0384692600 LICK
051 1 0387732856 LICK
051 1 0387911968 STIM_END_RESP_START
051 1 0387957456 LICK
051 1 0387957948 REWARD_START
051 1 0388147892 LICK
051 1 0388318944 LICK
051 1 0388496652 LICK
051 1 0388669384 LICK
051 1 0388858164 LICK
051 1 0389111992 RESP_END
051 1 0387970964 REWARD_END
052 0 0397053448 STIM_START
052 0 0397337956 LICK
052 0 0400328768 STIM_END_RESP_START
052 0 0401528796 RESP_END
053 1 0403709444 STIM_START
053 1 0404060896 LICK
053 1 0406784768 STIM_END_RESP_START
053 1 0407984804 RESP_END
054 0 0409935356 STIM_START
054 0 0412425188 LICK
054 0 0413060684 STIM_END_RESP_START
054 0 0414260720 RESP_END
055 1 0416062228 STIM_START
055 1 0420087616 STIM_END_RESP_START
055 1 0420408756 LICK
055 1 0420409240 REWARD_START
055 1 0420584736 LICK
055 1 0420777712 LICK
055 1 0420945448 LICK
055 1 0421287636 RESP_END
055 1 0420422260 REWARD_END
056 1 0428701972 STIM_START
056 1 0429156184 LICK
056 1 0429262592 LICK
056 1 0431271728 LICK
056 1 0431475260 LICK
056 1 0431827300 STIM_END_RESP_START
056 1 0433027336 RESP_END
057 1 0435103968 STIM_START
057 1 0435462012 LICK
057 1 0435608648 LICK
057 1 0435849568 LICK
057 1 0436029228 LICK
057 1 0436458896 LICK
057 1 0436514932 LICK
057 1 0437776488 LICK
057 1 0439129360 STIM_END_RESP_START
057 1 0440298520 LICK
057 1 0440299008 REWARD_START
057 1 0440329408 RESP_END
057 1 0440312016 REWARD_END
058 0 0444167248 STIM_START
058 0 0444400112 LICK
058 0 0444521940 LICK
058 0 0444706784 LICK
058 0 0444940012 LICK
058 0 0445085620 LICK
058 0 0445567708 LICK
058 0 0447692612 STIM_END_RESP_START
058 0 0448892648 RESP_END
059 1 0450792248 STIM_START
059 1 0451147224 LICK
059 1 0451301364 LICK
059 1 0451524420 LICK
059 1 0451716572 LICK
059 1 0453068588 LICK
059 1 0453351812 LICK
059 1 0453867564 STIM_END_RESP_START
059 1 0455067592 RESP_END
060 0 0456913112 STIM_START
060 0 0457875140 LICK
060 0 0458774784 LICK
060 0 0459015936 LICK
060 0 0460038432 STIM_END_RESP_START
060 0 0461238464 RESP_END
061 1 0462986980 STIM_START
061 1 0463407988 LICK
061 1 0463542012 LICK
061 1 0463750220 LICK
061 1 0463941096 LICK
061 1 0464190816 LICK
061 1 0464706100 LICK
061 1 0465035272 LICK
061 1 0465311952 LICK
061 1 0465424536 LICK
061 1 0466128048 LICK
061 1 0466298872 LICK
061 1 0466512348 STIM_END_RESP_START
061 1 0467119612 LICK
061 1 0467120096 REWARD_START
061 1 0467543140 LICK
061 1 0467643328 LICK
061 1 0467693896 LICK
061 1 0467712368 RESP_END
061 1 0467133120 REWARD_END
062 1 0472533340 STIM_START
062 1 0472759604 LICK
062 1 0473294492 LICK
062 1 0473841180 LICK
062 1 0473989836 LICK
062 1 0474576280 LICK
062 1 0474881584 LICK
062 1 0475040048 LICK
062 1 0475185464 LICK
062 1 0475253276 LICK
062 1 0476558736 STIM_END_RESP_START
062 1 0477758772 RESP_END
063 1 0479784460 STIM_START
063 1 0480705388 LICK
063 1 0480857044 LICK
063 1 0481196780 LICK
063 1 0481363532 LICK
063 1 0481529684 LICK
063 1 0482909800 STIM_END_RESP_START
063 1 0483155616 LICK
063 1 0483156108 REWARD_START
063 1 0483363188 LICK
063 1 0483496672 LICK
063 1 0483645172 LICK
063 1 0483815796 LICK
063 1 0484109844 RESP_END
063 1 0483169128 REWARD_END
064 0 0485852328 STIM_START
064 0 0486188864 LICK
064 0 0486394280 LICK
064 0 0486584800 LICK
064 0 0486779804 LICK
064 0 0487003060 LICK
064 0 0487170872 LICK
064 0 0487357308 LICK
064 0 0487669372 LICK
064 0 0487883656 LICK
064 0 0488111084 LICK
064 0 0488293248 LICK
064 0 0488458424 LICK
064 0 0489377704 STIM_END_RESP_START
064 0 0489701204 LICK
064 0 0489701696 TIMEOUT_START
064 0 0489924460 LICK
064 0 0489924952 TIMEOUT_START
064 0 0490555568 LICK
064 0 0490556052 TIMEOUT_START
064 0 0490577748 RESP_END
064 0 0497556572 TIMEOUT_END
065 0 0502580760 STIM_START
065 0 0502811504 LICK
065 0 0503010784 LICK
065 0 0503165124 LICK
065 0 0503327492 LICK
065 0 0503909508 LICK
065 0 0504128600 LICK
065 0 0504342384 LICK
065 0 0504533400 LICK
065 0 0505427988 LICK
065 0 0505652448 LICK
065 0 0505706072 STIM_END_RESP_START
065 0 0506195408 LICK
065 0 0506195892 TIMEOUT_START
065 0 0506377948 LICK
065 0 0506378440 TIMEOUT_START
065 0 0506906092 RESP_END
065 0 0513378940 TIMEOUT_END
066 1 0515441652 STIM_START
066 1 0515769604 LICK
066 1 0515904064 LICK
066 1 0516112612 LICK
066 1 0516255864 LICK
066 1 0516422304 LICK
066 1 0516667296 LICK
066 1 0516834856 LICK
066 1 0517012176 LICK
066 1 0517202752 LICK
066 1 0517361396 LICK
066 1 0517502380 LICK
066 1 0517661468 LICK
066 1 0517767292 LICK
066 1 0517880116 LICK
066 1 0518062984 LICK
066 1 0518143924 LICK
066 1 0518251632 LICK
066 1 0518353916 LICK
066 1 0518450224 LICK
066 1 0518630440 LICK
066 1 0518788596 LICK
066 1 0518949564 LICK
066 1 0518966996 STIM_END_RESP_START
066 1 0519109448 LICK
066 1 0519109940 REWARD_START
066 1 0519280616 LICK
066 1 0519417620 LICK
066 1 0519558704 LICK
066 1 0519700716 LICK
066 1 0519837484 LICK
066 1 0519972316 LICK
066 1 0520150772 LICK
066 1 0520167028 RESP_END
066 1 0519122964 REWARD_END
067 1 0525386112 STIM_START
067 1 0525578308 LICK
067 1 0525683164 LICK
067 1 0525852976 LICK
067 1 0526039920 LICK
067 1 0526194584 LICK
067 1 0526565152 LICK
067 1 0526730652 LICK
067 1 0527602008 LICK
067 1 0527783152 LICK
067 1 0527911080 LICK
067 1 0528172648 LICK
067 1 0528369640 LICK
067 1 0528461440 STIM_END_RESP_START
067 1 0529661476 RESP_END
068 0 0531716028 STIM_START
068 0 0532335420 LICK
068 0 0532499104 LICK
068 0 0532661552 LICK
068 0 0532812676 LICK
068 0 0533019808 LICK
068 0 0533251180 LICK
068 0 0533419280 LICK
068 0 0533629912 LICK
068 0 0533881800 LICK
068 0 0534030080 LICK
068 0 0534183776 LICK
068 0 0534729776 LICK
068 0 0534791356 STIM_END_RESP_START
068 0 0534899004 LICK
068 0 0534899492 TIMEOUT_START
068 0 0535106840 LICK
068 0 0535107324 TIMEOUT_START
068 0 0535311900 LICK
068 0 0535312392 TIMEOUT_START
068 0 0535489148 LICK
068 0 0535489640 TIMEOUT_START
068 0 0535683128 LICK
068 0 0535683612 TIMEOUT_START
068 0 0535991404 RESP_END
068 0 0542684108 TIMEOUT_END
069 0 0550067724 STIM_START
069 0 0550377824 LICK
069 0 0550552000 LICK
069 0 0550734496 LICK
069 0 0550957224 LICK
069 0 0551160992 LICK
069 0 0551406584 LICK
069 0 0551578052 LICK
069 0 0552258604 LICK
069 0 0552465196 LICK
069 0 0552656700 LICK
069 0 0552858604 LICK
069 0 0553077196 LICK
069 0 0553193060 STIM_END_RESP_START
069 0 0553251572 LICK
069 0 0553252064 TIMEOUT_START
069 0 0554393096 RESP_END
069 0 0560252556 TIMEOUT_END
070 0 0612054656 STIM_START
070 0 0612471344 LICK
070 0 0613913560 LICK
070 0 0614062920 LICK
070 0 0614380776 LICK
070 0 0614491420 LICK
070 0 0614948056 LICK
070 0 0615129980 STIM_END_RESP_START
070 0 0615163876 LICK
070 0 0615164368 TIMEOUT_START
070 0 0615419840 LICK
070 0 0615420332 TIMEOUT_START
070 0 0615461196 LICK
070 0 0615461680 TIMEOUT_START
070 0 0616165768 LICK
070 0 0616166252 TIMEOUT_START
070 0 0616330012 RESP_END
070 0 0623166760 TIMEOUT_END
071 1 0626443716 STIM_START
071 1 0629519044 STIM_END_RESP_START
071 1 0630719080 RESP_END
072 1 0632638664 STIM_START
072 1 0636164008 STIM_END_RESP_START
072 1 0637364040 RESP_END
073 0 0639287640 STIM_START
073 0 0642812992 STIM_END_RESP_START
073 0 0644013020 RESP_END
074 1 0646055652 STIM_START
074 1 0649330996 STIM_END_RESP_START
074 1 0650531032 RESP_END
075 1 0652493584 STIM_START
075 1 0656018932 STIM_END_RESP_START
075 1 0657218964 RESP_END
076 1 0659125524 STIM_START
076 1 0663150928 STIM_END_RESP_START
USER_EXIT