001 1 0015092200 STIM_START
001 1 0016883236 LICK
001 1 0017800724 LICK
001 1 0017963052 LICK
001 1 0018367580 STIM_END_RESP_START
001 1 0018762112 LICK
001 1 0018762548 REWARD_START
001 1 0018991364 LICK
001 1 0019104456 LICK
001 1 0019188008 LICK
001 1 0019303932 LICK
001 1 0019415316 LICK
001 1 0019544156 LICK
001 1 0019567604 RESP_END
001 1 0018775520 REWARD_END
002 1 0029407512 STIM_START
002 1 0030546828 LICK
002 1 0030701400 LICK
002 1 0031918140 LICK
002 1 0032058452 LICK
002 1 0033432980 STIM_END_RESP_START
002 1 0034632996 RESP_END
003 1 0041415480 STIM_START
003 1 0042412160 LICK
003 1 0042556404 LICK
003 1 0042752284 LICK
003 1 0044717240 LICK
003 1 0044920516 LICK
003 1 0045440952 STIM_END_RESP_START
003 1 0046640996 RESP_END
004 0 0051132028 STIM_START
004 0 0051457336 LICK
004 0 0051631640 LICK
004 0 0052686164 LICK
004 0 0052867212 LICK
004 0 0054864956 LICK
004 0 0054907472 STIM_END_RESP_START
004 0 0055043156 LICK
004 0 0055043592 TIMEOUT_START
004 0 0055275060 LICK
004 0 0055275500 TIMEOUT_START
004 0 0056107520 RESP_END
004 0 0062275960 TIMEOUT_END
005 0 0070666136 STIM_START
005 0 0070912840 LICK
005 0 0071120816 LICK
005 0 0071950384 LICK
005 0 0074038144 LICK
005 0 0074191576 STIM_END_RESP_START
005 0 0074393756 LICK
005 0 0074394192 TIMEOUT_START
005 0 0074583804 LICK
005 0 0074584248 TIMEOUT_START
005 0 0075207932 LICK
005 0 0075208368 TIMEOUT_START
005 0 0075371096 LICK
005 0 0075371540 TIMEOUT_START
005 0 0075391592 RESP_END
005 0 0082372004 TIMEOUT_END
006 0 0085100504 STIM_START
006 0 0086539976 LICK
006 0 0088875944 STIM_END_RESP_START
006 0 0089675828 LICK
006 0 0089676268 TIMEOUT_START
006 0 0089905548 LICK
006 0 0089905988 TIMEOUT_START
006 0 0090075964 RESP_END
006 0 0096906452 TIMEOUT_END
007 1 0101688192 STIM_START
007 1 0102914140 LICK
007 1 0104979464 LICK
007 1 0105213588 STIM_END_RESP_START
007 1 0105864044 LICK
007 1 0105864532 REWARD_START
007 1 0106062632 LICK
007 1 0106211076 LICK
007 1 0106284876 LICK
007 1 0106413032 LICK
007 1 0106413616 RESP_END
007 1 0105877556 REWARD_END
008 0 0108935316 STIM_START
008 0 0109220180 LICK
008 0 0111069004 LICK
008 0 0111269520 LICK
008 0 0111472068 LICK
008 0 0111996804 LICK
008 0 0112252828 LICK
008 0 0112460724 STIM_END_RESP_START
008 0 0112633088 LICK
008 0 0112633572 TIMEOUT_START
008 0 0113660740 RESP_END
008 0 0119634080 TIMEOUT_END
009 1 0121701440 STIM_START
009 1 0122036676 LICK
009 1 0122228724 LICK
009 1 0122403192 LICK
009 1 0122526308 LICK
009 1 0122646960 LICK
009 1 0122796100 LICK
009 1 0122964208 LICK
009 1 0123132712 LICK
009 1 0123287264 LICK
009 1 0123574440 LICK
009 1 0123750472 LICK
009 1 0125726908 STIM_END_RESP_START
009 1 0126926944 RESP_END
010 0 0134323480 STIM_START
010 0 0134493548 LICK
010 0 0137848900 STIM_END_RESP_START
010 0 0138600460 LICK
010 0 0138600940 TIMEOUT_START
010 0 0138782336 LICK
010 0 0138782828 TIMEOUT_START
010 0 0139048920 RESP_END
010 0 0145783328 TIMEOUT_END
011 1 0149164860 STIM_START
011 1 0149390004 LICK
011 1 0151683448 LICK
011 1 0151873528 LICK
011 1 0152690264 STIM_END_RESP_START
011 1 0152780176 LICK
011 1 0152780660 REWARD_START
011 1 0153028792 LICK
011 1 0153154708 LICK
011 1 0153227372 LICK
011 1 0153340996 LICK
011 1 0153458864 LICK
011 1 0153612936 LICK
011 1 0153748276 LICK
011 1 0153854728 LICK
011 1 0153890308 RESP_END
011 1 0152793684 REWARD_END
012 1 0163846212 STIM_START
012 1 0164766812 LICK
012 1 0165225076 LICK
012 1 0167871680 STIM_END_RESP_START
012 1 0168221256 LICK
012 1 0168221744 REWARD_START
012 1 0168407212 LICK
012 1 0168511916 LICK
012 1 0168602804 LICK
012 1 0168730332 LICK
012 1 0168822704 LICK
012 1 0168977436 LICK
012 1 0169071724 RESP_END
012 1 0168234760 REWARD_END
013 1 0174930012 STIM_START
013 1 0176155500 LICK
013 1 0178205380 STIM_END_RESP_START
013 1 0178382440 LICK
013 1 0178382932 REWARD_START
013 1 0178547684 LICK
013 1 0178680092 LICK
013 1 0178765364 LICK
013 1 0178876196 LICK
013 1 0179000404 LICK
013 1 0179132504 LICK
013 1 0179310100 LICK
013 1 0179405424 RESP_END
013 1 0178395948 REWARD_END
014 0 0181564096 STIM_START
014 0 0182139516 LICK
014 0 0182711904 LICK
014 0 0182882504 LICK
014 0 0183857328 LICK
014 0 0184615060 LICK
014 0 0184859024 LICK
014 0 0185089516 STIM_END_RESP_START
014 0 0186289548 RESP_END
015 0 0189557380 STIM_START
015 0 0190619888 LICK
015 0 0190854800 LICK
015 0 0191170632 LICK
015 0 0192250700 LICK
015 0 0192432712 LICK
015 0 0193332832 STIM_END_RESP_START
015 0 0194017096 LICK
015 0 0194017588 TIMEOUT_START
015 0 0194532868 RESP_END
015 0 0201018092 TIMEOUT_END
016 0 0203167584 STIM_START
016 0 0203520468 LICK
016 0 0203658356 LICK
016 0 0204081980 LICK
016 0 0204613860 LICK
016 0 0204888096 LICK
016 0 0206943044 STIM_END_RESP_START
016 0 0208143076 RESP_END
017 1 0212899124 STIM_START
017 1 0212942416 LICK
017 1 0214649716 LICK
017 1 0216924600 STIM_END_RESP_START
017 1 0218124632 RESP_END
018 1 0220061348 STIM_START
018 1 0221854288 LICK
018 1 0222014964 LICK
018 1 0222568784 LICK
018 1 0223586764 STIM_END_RESP_START
018 1 0224173292 LICK
018 1 0224173776 REWARD_START
018 1 0224354296 LICK
018 1 0224451232 LICK
018 1 0224546400 LICK
018 1 0224644572 LICK
018 1 0224749604 LICK
018 1 0224786792 RESP_END
018 1 0224186796 REWARD_END
019 0 0227342476 STIM_START
019 0 0227618940 LICK
019 0 0227959540 LICK
019 0 0228120024 LICK
019 0 0229543288 LICK
019 0 0230604712 LICK
019 0 0230617888 STIM_END_RESP_START
019 0 0230880920 LICK
019 0 0230881408 TIMEOUT_START
019 0 0231241920 LICK
019 0 0231242404 TIMEOUT_START
019 0 0231474464 LICK
019 0 0231474948 TIMEOUT_START
019 0 0231777832 LICK
019 0 0231778324 TIMEOUT_START
019 0 0231817904 RESP_END
019 0 0238778824 TIMEOUT_END
020 1 0243359096 STIM_START
020 1 0243643232 LICK
020 1 0243930952 LICK
020 1 0245803780 LICK
020 1 0246506540 LICK
020 1 0246884528 STIM_END_RESP_START
020 1 0247073372 LICK
020 1 0247073864 REWARD_START
020 1 0247257708 LICK
020 1 0247348004 LICK
020 1 0247440232 LICK
020 1 0247544764 LICK
020 1 0247646240 LICK
020 1 0247761532 LICK
020 1 0247883932 LICK
020 1 0248029692 LICK
020 1 0248084576 RESP_END
020 1 0247086880 REWARD_END
021 1 0255230944 STIM_START
021 1 0256297772 LICK
021 1 0256434644 LICK
021 1 0257360328 LICK
021 1 0257938608 LICK
021 1 0258756368 STIM_END_RESP_START
021 1 0259041252 LICK
021 1 0259041740 REWARD_START
021 1 0259201004 LICK
021 1 0259298836 LICK
021 1 0259406416 LICK
021 1 0259476416 LICK
021 1 0259588272 LICK
021 1 0259707304 LICK
021 1 0259846048 LICK
021 1 0259956384 RESP_END
021 1 0259054764 REWARD_END
022 1 0268052048 STIM_START
022 1 0268802960 LICK
022 1 0269812368 LICK
022 1 0270009204 LICK
022 1 0270518364 LICK
022 1 0271476124 LICK
022 1 0271684252 LICK
022 1 0271827476 STIM_END_RESP_START
022 1 0273027512 RESP_END
023 0 0280788084 STIM_START
023 0 0281472028 LICK
023 0 0284064532 LICK
023 0 0284262068 LICK
023 0 0284563536 STIM_END_RESP_START
023 0 0285479880 LICK
023 0 0285480372 TIMEOUT_START
023 0 0285763572 RESP_END
023 0 0292480876 TIMEOUT_END
024 0 0294973372 STIM_START
024 0 0296148488 LICK
024 0 0296496228 LICK
024 0 0296897520 LICK
024 0 0298248772 STIM_END_RESP_START
024 0 0298611988 LICK
024 0 0298612472 TIMEOUT_START
024 0 0298759588 LICK
024 0 0298760072 TIMEOUT_START
024 0 0299448788 RESP_END
024 0 0305760584 TIMEOUT_END
025 0 0310337920 STIM_START
025 0 0310668552 LICK
025 0 0310845876 LICK
025 0 0312747920 LICK
025 0 0312921100 LICK
025 0 0313370872 LICK
025 0 0313629552 LICK
025 0 0313999972 LICK
025 0 0314346720 LICK
025 0 0314363392 STIM_END_RESP_START
025 0 0315563424 RESP_END
026 1 0317546052 STIM_START
026 1 0317553588 LICK
026 1 0318606484 LICK
026 1 0319241044 LICK
026 1 0320345468 LICK
026 1 0320562236 LICK
026 1 0321003344 LICK
026 1 0321186964 LICK
026 1 0321571528 STIM_END_RESP_START
026 1 0321734788 LICK
026 1 0321735272 REWARD_START
026 1 0321932132 LICK
026 1 0322041460 LICK
026 1 0322138444 LICK
026 1 0322270348 LICK
026 1 0322375420 LICK
026 1 0322514384 LICK
026 1 0322630668 LICK
026 1 0322771548 RESP_END
026 1 0321748296 REWARD_END
027 1 0324892236 STIM_START
027 1 0325180132 LICK
027 1 0325473004 LICK
027 1 0326666172 LICK
027 1 0326810052 LICK
027 1 0326951372 LICK
027 1 0328060876 LICK
027 1 0328301904 LICK
027 1 0328485740 LICK
027 1 0328667700 STIM_END_RESP_START
027 1 0328886108 LICK
027 1 0328886596 REWARD_START
027 1 0329067572 LICK
027 1 0329179756 LICK
027 1 0329284768 LICK
027 1 0329392248 LICK
027 1 0329514104 LICK
027 1 0329649372 LICK
027 1 0329808312 LICK
027 1 0329867748 RESP_END
027 1 0328899620 REWARD_END
028 0 0337738272 STIM_START
028 0 0338527228 LICK
028 0 0338794708 LICK
028 0 0339550284 LICK
028 0 0339968420 LICK
028 0 0340948204 LICK
028 0 0341329504 LICK
028 0 0341513700 STIM_END_RESP_START
028 0 0341587404 LICK
028 0 0341587888 TIMEOUT_START
028 0 0341778168 LICK
028 0 0341778660 TIMEOUT_START
028 0 0342066044 LICK
028 0 0342066532 TIMEOUT_START
028 0 0342446776 LICK
028 0 0342447264 TIMEOUT_START
028 0 0342713740 RESP_END
028 0 0349447764 TIMEOUT_END
029 0 0352129628 STIM_START
029 0 0352130136 LICK
029 0 0352264244 LICK
029 0 0352733820 LICK
029 0 0353420768 LICK
029 0 0353651488 LICK
029 0 0355098896 LICK
029 0 0355348300 LICK
029 0 0355507528 LICK
029 0 0355607148 LICK
029 0 0355655060 STIM_END_RESP_START
029 0 0355890188 LICK
029 0 0355890672 TIMEOUT_START
029 0 0356267444 LICK
029 0 0356267932 TIMEOUT_START
029 0 0356441628 LICK
029 0 0356442116 TIMEOUT_START
029 0 0356855100 RESP_END
029 0 0363442616 TIMEOUT_END
030 1 0383771772 STIM_START
030 1 0384223380 LICK
030 1 0384998528 LICK
030 1 0385342248 LICK
030 1 0385505944 LICK
030 1 0386806688 LICK
030 1 0387297172 STIM_END_RESP_START
030 1 0387419712 LICK
030 1 0387420208 REWARD_START
030 1 0387599116 LICK
030 1 0387708408 LICK
030 1 0387817448 LICK
030 1 0387946864 LICK
030 1 0388081632 LICK
030 1 0388218264 LICK
030 1 0388391028 LICK
030 1 0388497216 RESP_END
030 1 0387433224 REWARD_END
031 0 0392315080 STIM_START
031 0 0393407300 LICK
031 0 0393775232 LICK
031 0 0394340648 LICK
031 0 0394730260 LICK
031 0 0394975556 LICK
031 0 0395329368 LICK
031 0 0395560080 LICK
031 0 0395590464 STIM_END_RESP_START
031 0 0396161448 LICK
031 0 0396161932 TIMEOUT_START
031 0 0396461608 LICK
031 0 0396462100 TIMEOUT_START
031 0 0396790508 RESP_END
031 0 0403462612 TIMEOUT_END
032 1 0409227820 STIM_START
032 1 0409325460 LICK
032 1 0409603532 LICK
032 1 0410753628 LICK
032 1 0411127380 LICK
032 1 0412236572 LICK
032 1 0412589940 LICK
032 1 0412753228 STIM_END_RESP_START
032 1 0413953264 RESP_END
033 1 0416175912 STIM_START
033 1 0416584392 LICK
033 1 0416801136 LICK
033 1 0417553120 LICK
033 1 0418444376 LICK
033 1 0418957972 LICK
033 1 0420201372 STIM_END_RESP_START
033 1 0420538520 LICK
033 1 0420539004 REWARD_START
033 1 0420690648 LICK
033 1 0420819804 LICK
033 1 0420897120 LICK
033 1 0420998748 LICK
033 1 0421113620 LICK
033 1 0421265804 LICK
033 1 0421355876 LICK
033 1 0421401412 RESP_END
033 1 0420552024 REWARD_END
034 0 0434155808 STIM_START
034 0 0434508276 LICK
034 0 0435452544 LICK
034 0 0435739900 LICK
034 0 0436458788 LICK
034 0 0436756340 LICK
034 0 0437450796 LICK
034 0 0437681216 STIM_END_RESP_START
034 0 0438400152 LICK
034 0 0438400636 TIMEOUT_START
034 0 0438881240 RESP_END
034 0 0445401136 TIMEOUT_END
035 0 0449559308 STIM_START
035 0 0450067004 LICK
035 0 0451863200 LICK
035 0 0452528932 LICK
035 0 0453584768 STIM_END_RESP_START
035 0 0454784804 RESP_END
036 1 0456811488 STIM_START
036 1 0460336916 STIM_END_RESP_START
036 1 0461536952 RESP_END
037 1 0463681604 STIM_START
037 1 0464648724 LICK
037 1 0465656396 LICK
037 1 0465924524 LICK
037 1 0466198648 LICK
037 1 0467207012 STIM_END_RESP_START
037 1 0468407044 RESP_END
038 0 0470316652 STIM_START
038 0 0470782476 LICK
038 0 0471321556 LICK
038 0 0472014816 LICK
038 0 0472752488 LICK
038 0 0472928868 LICK
038 0 0473315812 LICK
038 0 0473592048 STIM_END_RESP_START
038 0 0473770440 LICK
038 0 0473770924 TIMEOUT_START
038 0 0474244468 LICK
038 0 0474244952 TIMEOUT_START
038 0 0474792072 RESP_END
038 0 0481245468 TIMEOUT_END
039 1 0483308760 STIM_START
039 1 0486584136 STIM_END_RESP_START
039 1 0486818208 LICK
039 1 0486818696 REWARD_START
039 1 0486958564 LICK
039 1 0487046988 LICK
039 1 0487134572 LICK
039 1 0487233132 LICK
039 1 0487340992 LICK
039 1 0487450176 LICK
039 1 0487580560 LICK
039 1 0487700408 LICK
039 1 0487784172 RESP_END
039 1 0486831716 REWARD_END
040 0 0498306176 STIM_START
040 0 0499703708 LICK
040 0 0499886956 LICK
040 0 0501320316 LICK
040 0 0501475048 LICK
040 0 0502331660 STIM_END_RESP_START
040 0 0502339192 LICK
040 0 0502339684 TIMEOUT_START
040 0 0502577416 LICK
040 0 0502577904 TIMEOUT_START
040 0 0502800380 LICK
040 0 0502800872 TIMEOUT_START
040 0 0503531708 RESP_END
040 0 0509801372 TIMEOUT_END
041 0 0517814316 STIM_START
041 0 0517994084 LICK
041 0 0518162092 LICK
041 0 0519431696 LICK
041 0 0519725532 LICK
041 0 0520840492 LICK
041 0 0521173368 LICK
041 0 0521339748 STIM_END_RESP_START
041 0 0522162432 LICK
041 0 0522162920 TIMEOUT_START
041 0 0522539772 RESP_END
041 0 0529163424 TIMEOUT_END
042 0 0531034496 STIM_START
042 0 0532743816 LICK
042 0 0533546132 LICK
042 0 0534309908 STIM_END_RESP_START
042 0 0534801404 LICK
042 0 0534801896 TIMEOUT_START
042 0 0535017216 LICK
042 0 0535017704 TIMEOUT_START
042 0 0535289444 LICK
042 0 0535289936 TIMEOUT_START
042 0 0535509940 RESP_END
042 0 0542290432 TIMEOUT_END
043 1 0547735204 STIM_START
043 1 0550200472 LICK
043 1 0550368160 LICK
043 1 0551010588 STIM_END_RESP_START
043 1 0552210624 RESP_END
044 1 0554265264 STIM_START
044 1 0556765852 LICK
044 1 0556993244 LICK
044 1 0557835204 LICK
044 1 0558040692 STIM_END_RESP_START
044 1 0558061308 LICK
044 1 0558061800 REWARD_START
044 1 0559240724 RESP_END
044 1 0558074816 REWARD_END
045 0 0568262516 STIM_START
045 0 0571537896 STIM_END_RESP_START
045 0 0572737932 RESP_END
046 1 0574535564 STIM_START
046 1 0575862452 LICK
046 1 0576009908 LICK
046 1 0577250336 LICK
046 1 0578060968 STIM_END_RESP_START
046 1 0579261000 RESP_END
047 1 0581261580 STIM_START
047 1 0584733296 LICK
047 1 0584786988 STIM_END_RESP_START
047 1 0584892516 LICK
047 1 0584893004 REWARD_START
047 1 0585079796 LICK
047 1 0585203808 LICK
047 1 0585284816 LICK
047 1 0585399980 LICK
047 1 0585497640 LICK
047 1 0585619292 LICK
047 1 0585748596 LICK
047 1 0585900140 LICK
047 1 0585987016 RESP_END
047 1 0584906028 REWARD_END
048 1 0592816504 STIM_START
048 1 0596841984 STIM_END_RESP_START
048 1 0597048220 LICK
048 1 0597048712 REWARD_START
048 1 0597198512 LICK
048 1 0597280436 LICK
048 1 0597384340 LICK
048 1 0597477976 LICK
048 1 0597586136 LICK
048 1 0597705516 LICK
048 1 0597830228 LICK
048 1 0597975744 LICK
048 1 0598042036 RESP_END
048 1 0597061720 REWARD_END
049 0 0602378040 STIM_START
049 0 0602692776 LICK
049 0 0602877776 LICK
049 0 0603540644 LICK
049 0 0603774168 LICK
049 0 0604992440 LICK
049 0 0605608932 LICK
049 0 0605754952 LICK
049 0 0606403512 STIM_END_RESP_START
049 0 0606935264 LICK
049 0 0606935748 TIMEOUT_START
049 0 0607157304 LICK
049 0 0607157792 TIMEOUT_START
049 0 0607603544 RESP_END
049 0 0614158292 TIMEOUT_END
050 1 0616858352 STIM_START
050 1 0616878360 LICK
050 1 0618672208 LICK
050 1 0618911328 LICK
050 1 0619158156 LICK
050 1 0620383764 STIM_END_RESP_START
050 1 0620406424 LICK
050 1 0620406916 REWARD_START
050 1 0620553788 LICK
050 1 0620695712 LICK
050 1 0620806460 LICK
050 1 0620897764 LICK
050 1 0620999216 LICK
050 1 0621111632 LICK
050 1 0621219516 LICK
050 1 0621341440 LICK
050 1 0621487280 LICK
050 1 0621583796 RESP_END
050 1 0620419936 REWARD_END
051 1 0629598456 STIM_START
051 1 0630302596 LICK
051 1 0630456632 LICK
051 1 0631387768 LICK
051 1 0631573900 LICK
051 1 0632873852 STIM_END_RESP_START
051 1 0633006528 LICK
051 1 0633007012 REWARD_START
051 1 0633169020 LICK
051 1 0633297384 LICK
051 1 0633394160 LICK
051 1 0633472092 LICK
051 1 0633576372 LICK
051 1 0633687512 LICK
051 1 0633804492 LICK
051 1 0633933944 LICK
051 1 0634073896 RESP_END
051 1 0633020036 REWARD_END
052 1 0640275188 STIM_START
052 1 0640275700 LICK
052 1 0640428868 LICK
052 1 0641261404 LICK
052 1 0642103056 LICK
052 1 0642343000 LICK
052 1 0642782272 LICK
052 1 0643007680 LICK
052 1 0643800592 STIM_END_RESP_START
052 1 0644288156 LICK
052 1 0644288644 REWARD_START
052 1 0644546584 LICK
052 1 0644645136 LICK
052 1 0644738736 LICK
052 1 0644851252 LICK
052 1 0644965996 LICK
052 1 0645000636 RESP_END
052 1 0644301660 REWARD_END
053 0 0652069044 STIM_START
053 0 0652372476 LICK
053 0 0652543764 LICK
053 0 0652712868 LICK
053 0 0652902248 LICK
053 0 0653341556 LICK
053 0 0653844948 LICK
053 0 0655260148 LICK
053 0 0655344424 STIM_END_RESP_START
053 0 0655426256 LICK
053 0 0655426740 TIMEOUT_START
053 0 0655611192 LICK
053 0 0655611676 TIMEOUT_START
053 0 0656544464 RESP_END
053 0 0662612184 TIMEOUT_END
054 0 0664458052 STIM_START
054 0 0666900316 LICK
054 0 0667022212 LICK
054 0 0667484964 LICK
054 0 0668319468 LICK
054 0 0668483540 STIM_END_RESP_START
054 0 0668486276 LICK
054 0 0668486772 TIMEOUT_START
054 0 0668746324 LICK
054 0 0668746816 TIMEOUT_START
054 0 0669364376 LICK
054 0 0669364860 TIMEOUT_START
054 0 0669555736 LICK
054 0 0669556220 TIMEOUT_START
054 0 0669683564 RESP_END
054 0 0676556720 TIMEOUT_END
055 1 0695480040 STIM_START
055 1 0697576056 LICK
055 1 0698025184 LICK
055 1 0698213252 LICK
055 1 0699005472 STIM_END_RESP_START
055 1 0699038452 LICK
055 1 0699038944 REWARD_START
055 1 0699203140 LICK
055 1 0699337756 LICK
055 1 0699421368 LICK
055 1 0699504536 LICK
055 1 0699623024 LICK
055 1 0699737448 LICK
055 1 0699866268 LICK
055 1 0700002084 LICK
055 1 0700162232 LICK
055 1 0700205488 RESP_END
055 1 0699051960 REWARD_END
056 1 0713074892 STIM_START
056 1 0713414132 LICK
056 1 0713570572 LICK
056 1 0715516552 LICK
056 1 0715666232 LICK
056 1 0716436684 LICK
056 1 0716850328 STIM_END_RESP_START
056 1 0717450908 LICK
056 1 0717451400 REWARD_START
056 1 0717628980 LICK
056 1 0717746256 LICK
056 1 0717827876 LICK
056 1 0717945608 LICK
056 1 0718050372 RESP_END
056 1 0717464416 REWARD_END
057 0 0727292156 STIM_START
057 0 0727731400 LICK
057 0 0727911864 LICK
057 0 0729168236 LICK
057 0 0729639408 LICK
057 0 0730055768 LICK
057 0 0730561620 LICK
057 0 0730807116 LICK
057 0 0730817596 STIM_END_RESP_START
057 0 0731172412 LICK
057 0 0731172904 TIMEOUT_START
057 0 0732017640 RESP_END
057 0 0738173404 TIMEOUT_END
058 1 0739905264 STIM_START
058 1 0741975300 LICK
058 1 0742167316 LICK
058 1 0743180644 STIM_END_RESP_START
058 1 0743454544 LICK
058 1 0743455036 REWARD_START
058 1 0743635628 LICK
058 1 0744380668 RESP_END
058 1 0743468060 REWARD_END
059 1 0754161516 STIM_START
059 1 0754810216 LICK
059 1 0755018876 LICK
059 1 0755185672 LICK
059 1 0757436884 STIM_END_RESP_START
059 1 0758636920 RESP_END
060 1 0769414032 STIM_START
060 1 0769892360 LICK
060 1 0770137508 LICK
060 1 0770434840 LICK
060 1 0771155204 LICK
060 1 0771914500 LICK
060 1 0772220296 LICK
060 1 0773421328 LICK
060 1 0773439524 STIM_END_RESP_START
060 1 0773610772 LICK
060 1 0773611260 REWARD_START
060 1 0773810144 LICK
060 1 0773948924 LICK
060 1 0774022600 LICK
060 1 0774128200 LICK
060 1 0774252636 LICK
060 1 0774356388 LICK
060 1 0774491836 LICK
060 1 0774639548 RESP_END
060 1 0773624284 REWARD_END
061 0 0777998396 STIM_START
061 0 0781121964 LICK
061 0 0781267428 LICK
061 0 0781273776 STIM_END_RESP_START
061 0 0781466448 LICK
061 0 0781466940 TIMEOUT_START
061 0 0781706876 LICK
061 0 0781707368 TIMEOUT_START
061 0 0781836476 LICK
061 0 0781836964 TIMEOUT_START
061 0 0782016192 LICK
061 0 0782016684 TIMEOUT_START
061 0 0782256864 LICK
061 0 0782257356 TIMEOUT_START
061 0 0782473824 RESP_END
061 0 0789257852 TIMEOUT_END
062 0 0791183540 STIM_START
062 0 0792782404 LICK
062 0 0792994456 LICK
062 0 0793501204 LICK
062 0 0794025264 LICK
062 0 0794589296 LICK
062 0 0794708972 STIM_END_RESP_START
062 0 0794757340 LICK
062 0 0794757824 TIMEOUT_START
062 0 0795034336 LICK
062 0 0795034828 TIMEOUT_START
062 0 0795514800 LICK
062 0 0795515292 TIMEOUT_START
062 0 0795908996 RESP_END
062 0 0802515804 TIMEOUT_END
063 0 0805304796 STIM_START
063 0 0805930776 LICK
063 0 0806537472 LICK
063 0 0806990788 LICK
063 0 0807411004 LICK
063 0 0808563680 LICK
063 0 0808880160 LICK
063 0 0809080256 STIM_END_RESP_START
063 0 0809263312 LICK
063 0 0809263800 TIMEOUT_START
063 0 0809489860 LICK
063 0 0809490348 TIMEOUT_START
063 0 0810280284 RESP_END
063 0 0816490856 TIMEOUT_END
064 1 0821680468 STIM_START
064 1 0822372604 LICK
064 1 0825455904 STIM_END_RESP_START
064 1 0826655940 RESP_END
065 1 0828605592 STIM_START
065 1 0831880968 STIM_END_RESP_START
065 1 0832452164 LICK
065 1 0832452656 REWARD_START
065 1 0832578876 LICK
065 1 0832728016 LICK
065 1 0832889224 LICK
065 1 0833013160 LICK
065 1 0833080988 RESP_END
065 1 0832465672 REWARD_END
066 0 0846959576 STIM_START
066 0 0850224264 LICK
066 0 0850234968 STIM_END_RESP_START
066 0 0850456316 LICK
066 0 0850456808 TIMEOUT_START
066 0 0851434984 RESP_END
066 0 0857457316 TIMEOUT_END
067 1 0859281528 STIM_START
067 1 0860080880 LICK
067 1 0860244500 LICK
067 1 0861165272 LICK
067 1 0861990620 LICK
067 1 0862712092 LICK
067 1 0862938860 LICK
067 1 0863307016 STIM_END_RESP_START
067 1 0863454540 LICK
067 1 0863455024 REWARD_START
067 1 0863663796 LICK
067 1 0863770768 LICK
067 1 0863869536 LICK
067 1 0863974016 LICK
067 1 0864081116 LICK
067 1 0864217124 LICK
067 1 0864355772 LICK
067 1 0864458584 LICK
067 1 0864507052 RESP_END
067 1 0863468048 REWARD_END
068 1 0870925436 STIM_START
068 1 0874163196 LICK
068 1 0874200812 STIM_END_RESP_START
068 1 0874272036 LICK
068 1 0874272520 REWARD_START
068 1 0874478184 LICK
068 1 0874575936 LICK
068 1 0874677604 LICK
068 1 0874775584 LICK
068 1 0874893448 LICK
068 1 0874995856 LICK
068 1 0875104552 LICK
068 1 0875236388 LICK
068 1 0875358892 LICK
068 1 0875400828 RESP_END
068 1 0874285544 REWARD_END
069 0 0880525988 STIM_START
069 0 0880614736 LICK
069 0 0881042544 LICK
069 0 0881928788 LICK
069 0 0883276880 LICK
069 0 0883420420 LICK
069 0 0883801360 STIM_END_RESP_START
069 0 0884161760 LICK
069 0 0884162244 TIMEOUT_START
069 0 0884406652 LICK
069 0 0884407136 TIMEOUT_START
069 0 0884607744 LICK
069 0 0884608240 TIMEOUT_START
069 0 0885001380 RESP_END
069 0 0891608744 TIMEOUT_END
070 1 0895232388 STIM_START
070 1 0896720720 LICK
070 1 0897692548 LICK
070 1 0898717548 LICK
070 1 0898892600 LICK
070 1 0899007840 STIM_END_RESP_START
070 1 0899865032 LICK
070 1 0899865520 REWARD_START
070 1 0900112464 LICK
070 1 0900204756 LICK
070 1 0900207856 RESP_END
070 1 0899878544 REWARD_END
071 1 0906936260 STIM_START
071 1 0907376392 LICK
071 1 0907561424 LICK
071 1 0907700112 LICK
071 1 0910961740 STIM_END_RESP_START
071 1 0911338720 LICK
071 1 0911339212 REWARD_START
071 1 0911510224 LICK
071 1 0911590456 LICK
071 1 0911684784 LICK
071 1 0911785776 LICK
071 1 0911893584 LICK
071 1 0912009468 LICK
071 1 0912124208 LICK
071 1 0912161776 RESP_END
071 1 0911352236 REWARD_END
072 0 0921419604 STIM_START
072 0 0922337036 LICK
072 0 0923927144 LICK
072 0 0924809680 LICK
072 0 0925445072 STIM_END_RESP_START
072 0 0925546104 LICK
072 0 0925546596 TIMEOUT_START
072 0 0926199532 LICK
072 0 0926200024 TIMEOUT_START
072 0 0926645088 RESP_END
072 0 0933200528 TIMEOUT_END
073 0 0935146824 STIM_START
073 0 0935200612 LICK
073 0 0938422236 STIM_END_RESP_START
073 0 0938492560 LICK
073 0 0938493052 TIMEOUT_START
073 0 0938674112 LICK
073 0 0938674604 TIMEOUT_START
073 0 0939596368 LICK
073 0 0939596864 TIMEOUT_START
073 0 0939622264 RESP_END
073 0 0946597356 TIMEOUT_END
074 0 0964618568 STIM_START
074 0 0966743436 LICK
074 0 0966914880 LICK
074 0 0967657248 LICK
074 0 0967870220 LICK
074 0 0968143980 STIM_END_RESP_START
074 0 0969307128 LICK
074 0 0969307620 TIMEOUT_START
074 0 0969344016 RESP_END
074 0 0976308124 TIMEOUT_END
075 1 0979138984 STIM_START
075 1 0979383004 LICK
075 1 0980027556 LICK
075 1 0980667448 LICK
075 1 0981172680 LICK
075 1 0981378896 LICK
075 1 0981699896 LICK
075 1 0982914432 STIM_END_RESP_START
075 1 0983280792 LICK
075 1 0983281276 REWARD_START
075 1 0983446564 LICK
075 1 0983553084 LICK
075 1 0983648836 LICK
075 1 0983735608 LICK
075 1 0983845084 LICK
075 1 0983966752 LICK
075 1 0984088776 LICK
075 1 0984114464 RESP_END
075 1 0983294300 REWARD_END
076 0 0990538800 STIM_START
076 0 0990964128 LICK
076 0 0991157268 LICK
076 0 0991322176 LICK
076 0 0991545968 LICK
076 0 0992050124 LICK
076 0 0992176468 LICK
076 0 0992364188 LICK
076 0 0992501792 LICK
076 0 0993030936 LICK
076 0 0994314236 STIM_END_RESP_START
076 0 0995514272 RESP_END
077 1 1005526216 STIM_START
077 1 1005533800 LICK
077 1 1006978964 LICK
077 1 1007525992 LICK
077 1 1008761776 LICK
077 1 1008801616 STIM_END_RESP_START
077 1 1009086816 LICK
077 1 1009087348 REWARD_START
077 1 1009281224 LICK
077 1 1009417180 LICK
077 1 1009483940 LICK
077 1 1009589984 LICK
077 1 1009695356 LICK
077 1 1009810564 LICK
077 1 1009939508 LICK
077 1 1010001660 RESP_END
077 1 1009100428 REWARD_END
078 1 1022612988 STIM_START
078 1 1023197968 LICK
078 1 1023410468 LICK
078 1 1024713620 LICK
078 1 1025888388 STIM_END_RESP_START
078 1 1026135172 LICK
078 1 1026135704 REWARD_START
078 1 1026304724 LICK
078 1 1026410868 LICK
078 1 1026505792 LICK
078 1 1026630116 LICK
078 1 1026735532 LICK
078 1 1026853784 LICK
078 1 1026994116 LICK
078 1 1027088412 RESP_END
078 1 1026148780 REWARD_END
079 0 1049890340 STIM_START
079 0 1050162268 LICK
079 0 1050367696 LICK
079 0 1052878544 LICK
079 0 1053066420 LICK
079 0 1053838672 LICK
079 0 1053915808 STIM_END_RESP_START
079 0 1054064556 LICK
079 0 1054065092 TIMEOUT_START
079 0 1054800972 LICK
079 0 1054801500 TIMEOUT_START
079 0 1055002228 LICK
079 0 1055002764 TIMEOUT_START
079 0 1055115840 RESP_END
079 0 1062003316 TIMEOUT_END
080 1 1064534732 STIM_START
080 1 1066222588 LICK
080 1 1066397152 LICK
080 1 1067344776 LICK
080 1 1067577136 LICK
080 1 1067849180 LICK
080 1 1068310184 STIM_END_RESP_START
080 1 1068561064 LICK
080 1 1068561604 REWARD_START
080 1 1068722540 LICK
080 1 1068836708 LICK
080 1 1068935272 LICK
080 1 1069029152 LICK
080 1 1069148824 LICK
080 1 1069253668 LICK
080 1 1069390724 LICK
080 1 1069510220 RESP_END
080 1 1068574672 REWARD_END
081 1 1071976940 STIM_START
081 1 1073231284 LICK
081 1 1073382776 LICK
081 1 1074328332 LICK
081 1 1074457240 LICK
081 1 1075287332 LICK
081 1 1075426756 LICK
081 1 1075752380 STIM_END_RESP_START
081 1 1076190256 LICK
081 1 1076190788 REWARD_START
081 1 1076336176 LICK
081 1 1076449796 LICK
081 1 1076537328 LICK
081 1 1076637416 LICK
081 1 1076745648 LICK
081 1 1076890900 LICK
081 1 1076952428 RESP_END
081 1 1076203864 REWARD_END
082 0 1095005640 STIM_START
082 0 1095274588 LICK
082 0 1095939216 LICK
082 0 1096646568 LICK
082 0 1096755920 LICK
082 0 1097943112 LICK
082 0 1098394804 LICK
082 0 1098781084 STIM_END_RESP_START
082 0 1099356100 LICK
082 0 1099356640 TIMEOUT_START
082 0 1099981116 RESP_END
082 0 1106357196 TIMEOUT_END
083 1 1108357816 STIM_START
083 1 1109615708 LICK
083 1 1109791672 LICK
083 1 1110445724 LICK
083 1 1110641428 LICK
083 1 1111195624 LICK
083 1 1111643632 LICK
083 1 1112133260 STIM_END_RESP_START
083 1 1112138932 LICK
083 1 1112139464 REWARD_START
083 1 1112319848 LICK
083 1 1112524752 LICK
083 1 1113333284 RESP_END
083 1 1112152544 REWARD_END
084 1 1121011864 STIM_START
084 1 1122679128 LICK
084 1 1122777304 LICK
084 1 1123329512 LICK
084 1 1123679004 LICK
084 1 1124787312 STIM_END_RESP_START
084 1 1125987364 RESP_END
085 1 1135253156 STIM_START
085 1 1135620120 LICK
085 1 1135759748 LICK
085 1 1136074508 LICK
085 1 1136572432 LICK
085 1 1137426632 LICK
085 1 1138544172 LICK
085 1 1138710872 LICK
085 1 1138936840 LICK
085 1 1139278628 STIM_END_RESP_START
085 1 1139319216 LICK
085 1 1139319748 REWARD_START
085 1 1139495348 LICK
085 1 1139613012 LICK
085 1 1139696712 LICK
085 1 1139815480 LICK
085 1 1139908072 LICK
085 1 1140030024 LICK
085 1 1140158948 LICK
085 1 1140284676 LICK
085 1 1140433040 LICK
085 1 1140478644 RESP_END
085 1 1139332828 REWARD_END
086 0 1149388440 STIM_START
086 0 1152219492 LICK
086 0 1152663828 STIM_END_RESP_START
086 0 1152856204 LICK
086 0 1152856736 TIMEOUT_START
086 0 1152957720 LICK
086 0 1152958252 TIMEOUT_START
086 0 1153064968 LICK
086 0 1153065496 TIMEOUT_START
086 0 1153204908 LICK
086 0 1153205448 TIMEOUT_START
086 0 1153369900 LICK
086 0 1153370440 TIMEOUT_START
086 0 1153552868 LICK
086 0 1153553396 TIMEOUT_START
086 0 1153863848 RESP_END
086 0 1160553956 TIMEOUT_END
087 0 1172330160 STIM_START
087 0 1172402308 LICK
087 0 1173174900 LICK
087 0 1173517840 LICK
087 0 1174559216 LICK
087 0 1174785308 LICK
087 0 1175169124 LICK
087 0 1175605556 STIM_END_RESP_START
087 0 1175635496 LICK
087 0 1175636036 TIMEOUT_START
087 0 1176805596 RESP_END
087 0 1182636596 TIMEOUT_END
088 1 1184441116 STIM_START
088 1 1187966560 STIM_END_RESP_START
088 1 1189166572 RESP_END
089 1 1191364252 STIM_START
089 1 1193782756 LICK
089 1 1193943224 LICK
089 1 1194315308 LICK
089 1 1194897636 LICK
089 1 1195139688 STIM_END_RESP_START
089 1 1195278308 LICK
089 1 1195278848 REWARD_START
089 1 1195715832 LICK
089 1 1196339732 RESP_END
089 1 1195291928 REWARD_END
090 0 1201755944 STIM_START
090 0 1202952348 LICK
090 0 1203257152 LICK
090 0 1204503892 LICK
090 0 1204701984 LICK
090 0 1205281372 STIM_END_RESP_START
090 0 1206481384 RESP_END
091 0 1208538040 STIM_START
091 0 1211813436 STIM_END_RESP_START
091 0 1211943160 LICK
091 0 1211943692 TIMEOUT_START
091 0 1212111988 LICK
091 0 1212112520 TIMEOUT_START
091 0 1212816972 LICK
091 0 1212817508 TIMEOUT_START
091 0 1213013456 RESP_END
091 0 1219818068 TIMEOUT_END
092 0 1221673128 STIM_START
092 0 1222908220 LICK
092 0 1223246720 LICK
092 0 1224073324 LICK
092 0 1224373240 LICK
092 0 1225095864 LICK
092 0 1225394788 LICK
092 0 1225698624 STIM_END_RESP_START
092 0 1226898640 RESP_END
093 1 1232743972 STIM_START
093 1 1236769464 STIM_END_RESP_START
093 1 1237969480 RESP_END
094 0 1240045160 STIM_START
094 0 1241878112 LICK
094 0 1242625572 LICK
094 0 1243570636 LICK
094 0 1244070640 STIM_END_RESP_START
094 0 1244585636 LICK
094 0 1244586172 TIMEOUT_START
094 0 1244780176 LICK
094 0 1244780716 TIMEOUT_START
094 0 1245217236 LICK
094 0 1245217768 TIMEOUT_START
094 0 1245270672 RESP_END
094 0 1252218336 TIMEOUT_END
095 1 1255544652 STIM_START
095 1 1256147836 LICK
095 1 1258384628 LICK
095 1 1258873704 LICK
095 1 1259070096 STIM_END_RESP_START
095 1 1259367464 LICK
095 1 1259367996 REWARD_START
095 1 1259554264 LICK
095 1 1259690608 LICK
095 1 1259788376 LICK
095 1 1259869464 LICK
095 1 1260018404 LICK
095 1 1260122080 LICK
095 1 1260264660 LICK
095 1 1260270136 RESP_END
095 1 1259381072 REWARD_END
096 0 1266566456 STIM_START
096 0 1268209536 LICK
096 0 1268666756 LICK
096 0 1269240252 LICK
096 0 1269841840 STIM_END_RESP_START
096 0 1270006932 LICK
096 0 1270007464 TIMEOUT_START
096 0 1270830872 LICK
096 0 1270831408 TIMEOUT_START
096 0 1271041880 RESP_END
096 0 1277831960 TIMEOUT_END
097 1 1279997624 STIM_START
097 1 1283523028 STIM_END_RESP_START
097 1 1284723044 RESP_END
098 0 1286920768 STIM_START
098 0 1289294520 LICK
098 0 1289476656 LICK
098 0 1290196168 STIM_END_RESP_START
098 0 1290403080 LICK
098 0 1290403612 TIMEOUT_START
098 0 1290552000 LICK
098 0 1290552536 TIMEOUT_START
098 0 1291303672 LICK
098 0 1291304208 TIMEOUT_START
098 0 1291396212 RESP_END
098 0 1298304756 TIMEOUT_END
099 0 1300199884 STIM_START
099 0 1300916976 LICK
099 0 1301895292 LICK
099 0 1302146496 LICK
099 0 1303567144 LICK
099 0 1303725288 STIM_END_RESP_START
099 0 1303779860 LICK
099 0 1303780400 TIMEOUT_START
099 0 1304049916 LICK
099 0 1304050448 TIMEOUT_START
099 0 1304200296 LICK
099 0 1304200828 TIMEOUT_START
099 0 1304713760 LICK
099 0 1304714296 TIMEOUT_START
099 0 1304925320 RESP_END
099 0 1311714856 TIMEOUT_END
100 0 1313850156 STIM_START
100 0 1314214608 LICK
100 0 1314490976 LICK
100 0 1315339924 LICK
100 0 1316554704 LICK
100 0 1317625612 STIM_END_RESP_START
100 0 1317799396 LICK
100 0 1317799928 TIMEOUT_START
100 0 1317954812 LICK
100 0 1317955344 TIMEOUT_START
100 0 1318825624 RESP_END
100 0 1324955908 TIMEOUT_END
101 1 1327920400 STIM_START
101 1 1328407444 LICK
101 1 1328586580 LICK
101 1 1329681404 LICK
101 1 1330165272 LICK
101 1 1330676276 LICK
101 1 1331195792 STIM_END_RESP_START
101 1 1331508336 LICK
101 1 1331508868 REWARD_START
101 1 1331710608 LICK
101 1 1331835096 LICK
101 1 1331916132 LICK
101 1 1332010144 LICK
101 1 1332126164 LICK
101 1 1332254136 LICK
101 1 1332387140 LICK
101 1 1332395816 RESP_END
101 1 1331521944 REWARD_END
102 1 1338041076 STIM_START
102 1 1341566488 STIM_END_RESP_START
102 1 1342766500 RESP_END
103 1 1344621108 STIM_START
103 1 1346215968 LICK
103 1 1346456464 LICK
103 1 1346995880 LICK
103 1 1347831104 LICK
103 1 1347988984 LICK
103 1 1348396552 STIM_END_RESP_START
103 1 1348953756 LICK
103 1 1348954292 REWARD_START
103 1 1349113592 LICK
103 1 1349245640 LICK
103 1 1349319700 LICK
103 1 1349417400 LICK
103 1 1349528640 LICK
103 1 1349596584 RESP_END
103 1 1348967364 REWARD_END
104 0 1362154928 STIM_START
104 0 1362486780 LICK
104 0 1362645908 LICK
104 0 1362875168 LICK
104 0 1363047832 LICK
104 0 1363328380 LICK
104 0 1364852988 LICK
104 0 1365630992 LICK
104 0 1365804804 LICK
104 0 1365930384 STIM_END_RESP_START
104 0 1366278456 LICK
104 0 1366278988 TIMEOUT_START
104 0 1366543836 LICK
104 0 1366544364 TIMEOUT_START
104 0 1367130416 RESP_END
104 0 1373544932 TIMEOUT_END
105 0 1375602092 STIM_START
105 0 1376117748 LICK
105 0 1377312112 LICK
105 0 1378475080 LICK
105 0 1378678480 LICK
105 0 1379127512 STIM_END_RESP_START
105 0 1379327816 LICK
105 0 1379328356 TIMEOUT_START
105 0 1380327528 RESP_END
105 0 1386328892 TIMEOUT_END
106 1 1388416200 STIM_START
106 1 1392441696 STIM_END_RESP_START
106 1 1393641708 RESP_END
107 0 1395711400 STIM_START
107 0 1396991684 LICK
107 0 1397165368 LICK
107 0 1397348916 LICK
107 0 1398133692 LICK
107 0 1398409852 LICK
107 0 1398734400 LICK
107 0 1398986800 STIM_END_RESP_START
107 0 1399459116 LICK
107 0 1399459648 TIMEOUT_START
107 0 1400150540 LICK
107 0 1400151076 TIMEOUT_START
107 0 1400186816 RESP_END
107 0 1407151628 TIMEOUT_END
108 0 1413894308 STIM_START
108 0 1417669756 STIM_END_RESP_START
108 0 1418869808 RESP_END
109 0 1420779448 STIM_START
109 0 1424554900 STIM_END_RESP_START
109 0 1425754916 RESP_END
110 1 1427902624 STIM_START
110 1 1428136672 LICK
110 1 1428593376 LICK
110 1 1428801424 LICK
110 1 1429022716 LICK
110 1 1429673344 LICK
110 1 1429908852 LICK
110 1 1430087524 LICK
110 1 1430557916 LICK
110 1 1431471852 LICK
110 1 1431678072 STIM_END_RESP_START
110 1 1432411764 LICK
110 1 1432412304 REWARD_START
110 1 1432628464 LICK
110 1 1432878124 RESP_END
110 1 1432425376 REWARD_END
111 1 1434844772 STIM_START
111 1 1434918780 LICK
111 1 1435050924 LICK
111 1 1436606212 LICK
111 1 1436805068 LICK
111 1 1437170248 LICK
111 1 1437412704 LICK
111 1 1437810576 LICK
111 1 1438370184 STIM_END_RESP_START
111 1 1438589804 LICK
111 1 1438590340 REWARD_START
111 1 1438747268 LICK
111 1 1438857240 LICK
111 1 1438941864 LICK
111 1 1439042968 LICK
111 1 1439157692 LICK
111 1 1439282912 LICK
111 1 1439382684 LICK
111 1 1439534176 LICK
111 1 1439570220 RESP_END
111 1 1438603404 REWARD_END
112 1 1445385424 STIM_START
112 1 1446778784 LICK
112 1 1446936348 LICK
112 1 1447662156 LICK
112 1 1447884920 LICK
112 1 1448660820 STIM_END_RESP_START
112 1 1448796488 LICK
112 1 1448797020 REWARD_START
112 1 1448938760 LICK
112 1 1449059052 LICK
112 1 1449153136 LICK
112 1 1449362028 LICK
112 1 1449512528 LICK
112 1 1449627260 LICK
112 1 1449736276 LICK
112 1 1449860852 RESP_END
112 1 1448810100 REWARD_END
113 0 1465033648 STIM_START
113 0 1465900648 LICK
113 0 1468536484 LICK
113 0 1468559064 STIM_END_RESP_START
113 0 1468698552 LICK
113 0 1468699092 TIMEOUT_START
113 0 1469178680 LICK
113 0 1469179220 TIMEOUT_START
113 0 1469759108 RESP_END
113 0 1476179772 TIMEOUT_END
114 0 1483358604 STIM_START
114 0 1486034352 LICK
114 0 1486283240 LICK
114 0 1487232828 LICK
114 0 1487384068 STIM_END_RESP_START
114 0 1487644296 LICK
114 0 1487644832 TIMEOUT_START
114 0 1488437108 LICK
114 0 1488437644 TIMEOUT_START
114 0 1488584088 RESP_END
114 0 1495438204 TIMEOUT_END
115 1 1498329056 STIM_START
115 1 1502104508 STIM_END_RESP_START
115 1 1503304524 RESP_END
116 0 1505273144 STIM_START
116 0 1505528220 LICK
116 0 1506308624 LICK
116 0 1506550780 LICK
116 0 1506913252 LICK
116 0 1507702384 LICK
116 0 1507915224 LICK
116 0 1508349344 LICK
116 0 1508561792 LICK
116 0 1509048604 STIM_END_RESP_START
116 0 1509481628 LICK
116 0 1509482160 TIMEOUT_START
116 0 1509705228 LICK
116 0 1509705764 TIMEOUT_START
116 0 1510248644 RESP_END
116 0 1516706328 TIMEOUT_END
117 1 1526710604 STIM_START
117 1 1530008004 LICK
117 1 1530736076 STIM_END_RESP_START
117 1 1530789036 LICK
117 1 1530789572 REWARD_START
117 1 1530978024 LICK
117 1 1531082460 LICK
117 1 1531180380 LICK
117 1 1531288304 LICK
117 1 1531393912 LICK
117 1 1531515468 LICK
117 1 1531654168 LICK
117 1 1531806768 LICK
117 1 1531936096 RESP_END
117 1 1530802652 REWARD_END
118 0 1539369732 STIM_START
118 0 1540582020 LICK
118 0 1540743488 LICK
118 0 1541594972 LICK
118 0 1542018916 LICK
118 0 1543145192 STIM_END_RESP_START
118 0 1543752664 LICK
118 0 1543753204 TIMEOUT_START
118 0 1544005784 LICK
118 0 1544006316 TIMEOUT_START
118 0 1544345228 RESP_END
118 0 1551006876 TIMEOUT_END
119 1 1552770880 STIM_START
119 1 1556796376 STIM_END_RESP_START
119 1 1557996392 RESP_END
120 1 1560135088 STIM_START
120 1 1561803436 LICK
120 1 1562631432 LICK
120 1 1562891404 LICK
120 1 1563232036 LICK
120 1 1563410476 STIM_END_RESP_START
120 1 1563991488 LICK
120 1 1563992024 REWARD_START
120 1 1564182484 LICK
120 1 1564259852 LICK
120 1 1564339416 LICK
120 1 1564448712 LICK
120 1 1564545888 LICK
120 1 1564610520 RESP_END
120 1 1564005104 REWARD_END
121 1 1577668892 STIM_START
121 1 1578744848 LICK
121 1 1578918756 LICK
121 1 1580944280 STIM_END_RESP_START
121 1 1582144296 RESP_END
122 0 1588638704 STIM_START
122 0 1591374748 LICK
122 0 1591914108 STIM_END_RESP_START
122 0 1592897248 LICK
122 0 1592897784 TIMEOUT_START
122 0 1593114140 RESP_END
122 0 1599898340 TIMEOUT_END
123 0 1601839880 STIM_START
123 0 1603117000 LICK
123 0 1603252712 LICK
123 0 1603720068 LICK
123 0 1604207180 LICK
123 0 1605573712 LICK
123 0 1605615328 STIM_END_RESP_START
123 0 1605788776 LICK
123 0 1605789308 TIMEOUT_START
123 0 1606432432 LICK
123 0 1606432968 TIMEOUT_START
123 0 1606815352 RESP_END
123 0 1613433520 TIMEOUT_END
124 1 1616767252 STIM_START
124 1 1618748336 LICK
124 1 1620042664 STIM_END_RESP_START
124 1 1620263604 LICK
124 1 1620264144 REWARD_START
124 1 1621231428 LICK
124 1 1621242684 RESP_END
124 1 1620277216 REWARD_END
125 1 1623024296 STIM_START
125 1 1626652372 LICK
125 1 1626756228 LICK
125 1 1627049760 STIM_END_RESP_START
125 1 1627146912 LICK
125 1 1627147448 REWARD_START
125 1 1627358432 LICK
125 1 1627446396 LICK
125 1 1627542196 LICK
125 1 1627656936 LICK
125 1 1627754200 LICK
125 1 1627886568 LICK
125 1 1628002376 LICK
125 1 1628133864 LICK
125 1 1628249780 RESP_END
125 1 1627160520 REWARD_END
126 0 1632678884 STIM_START
126 0 1632784932 LICK
126 0 1633206684 LICK
126 0 1633610376 LICK
126 0 1634203520 LICK
126 0 1634473936 LICK
126 0 1635552672 LICK
126 0 1635743120 LICK
126 0 1636131964 LICK
126 0 1636704356 STIM_END_RESP_START
126 0 1636792228 LICK
126 0 1636792768 TIMEOUT_START
126 0 1637904396 RESP_END
126 0 1643793336 TIMEOUT_END
127 1 1645653000 STIM_START
127 1 1648928392 STIM_END_RESP_START
127 1 1650128440 RESP_END
128 0 1652010016 STIM_START
128 0 1655535452 STIM_END_RESP_START
128 0 1656735468 RESP_END
129 0 1658570088 STIM_START
129 0 1658966928 LICK
129 0 1659820688 LICK
129 0 1660002176 LICK
129 0 1660291216 LICK
129 0 1660811048 LICK
129 0 1661000156 LICK
129 0 1662095516 STIM_END_RESP_START
129 0 1662198304 LICK
129 0 1662198844 TIMEOUT_START
129 0 1662386248 LICK
129 0 1662386780 TIMEOUT_START
129 0 1663295536 RESP_END
129 0 1669387348 TIMEOUT_END
130 0 1673950632 STIM_START
130 0 1674229288 LICK
130 0 1674397884 LICK
130 0 1675567032 LICK
130 0 1675761480 LICK
130 0 1676071080 LICK
130 0 1676269484 LICK
130 0 1676878360 LICK
130 0 1677476060 STIM_END_RESP_START
130 0 1677907048 LICK
130 0 1677907576 TIMEOUT_START
130 0 1678132208 LICK
130 0 1678132744 TIMEOUT_START
130 0 1678510976 LICK
130 0 1678511512 TIMEOUT_START
130 0 1678676076 RESP_END
130 0 1685512064 TIMEOUT_END
131 1 1687387800 STIM_START
131 1 1688301004 LICK
131 1 1689078504 LICK
131 1 1689320060 LICK
131 1 1689779584 LICK
131 1 1690663180 STIM_END_RESP_START
131 1 1691816620 LICK
131 1 1691817156 REWARD_START
131 1 1691863212 RESP_END
131 1 1691830228 REWARD_END
132 0 1698369532 STIM_START
132 0 1699524196 LICK
132 0 1700724520 LICK
132 0 1701552892 LICK
132 0 1701768896 LICK
132 0 1701894944 STIM_END_RESP_START
132 0 1702482640 LICK
132 0 1702483176 TIMEOUT_START
132 0 1702675252 LICK
132 0 1702675788 TIMEOUT_START
132 0 1702974044 LICK
132 0 1702974580 TIMEOUT_START
132 0 1703094976 RESP_END
132 0 1709975128 TIMEOUT_END
133 1 1716160460 STIM_START
133 1 1717087032 LICK
133 1 1719685884 STIM_END_RESP_START
133 1 1720163036 LICK
133 1 1720163572 REWARD_START
133 1 1720329960 LICK
133 1 1720426492 LICK
133 1 1720534644 LICK
133 1 1720618604 LICK
133 1 1720723252 LICK
133 1 1720830780 LICK
133 1 1720885904 RESP_END
133 1 1720176652 REWARD_END
134 1 1730079728 STIM_START
134 1 1730412952 LICK
134 1 1732091616 LICK
134 1 1732422084 LICK
134 1 1733352008 LICK
134 1 1733355132 STIM_END_RESP_START
134 1 1734090484 LICK
134 1 1734091020 REWARD_START
134 1 1734367904 LICK
134 1 1734462496 LICK
134 1 1734555172 RESP_END
134 1 1734104100 REWARD_END
135 0 1739207196 STIM_START
135 0 1739776300 LICK
135 0 1741201424 LICK
135 0 1741879240 LICK
135 0 1742582252 LICK
135 0 1742982664 STIM_END_RESP_START
135 0 1744182680 RESP_END
136 0 1746311344 STIM_START
136 0 1746611884 LICK
136 0 1747563772 LICK
136 0 1748015240 LICK
136 0 1748873932 LICK
136 0 1749208736 LICK
136 0 1749586744 STIM_END_RESP_START
136 0 1750619576 LICK
136 0 1750620108 TIMEOUT_START
136 0 1750786772 RESP_END
136 0 1757620680 TIMEOUT_END
137 0 1759715544 STIM_START
137 0 1760553588 LICK
137 0 1761246988 LICK
137 0 1762133000 LICK
137 0 1762260236 LICK
137 0 1763006844 LICK
137 0 1763164924 LICK
137 0 1763741020 STIM_END_RESP_START
137 0 1764091572 LICK
137 0 1764092112 TIMEOUT_START
137 0 1764941036 RESP_END
137 0 1771092664 TIMEOUT_END
138 1 1772808672 STIM_START
138 1 1774031644 LICK
138 1 1774732524 LICK
138 1 1774938980 LICK
138 1 1775649580 LICK
138 1 1775834784 LICK
138 1 1776084060 STIM_END_RESP_START
138 1 1776157088 LICK
138 1 1776157624 REWARD_START
138 1 1776358848 LICK
138 1 1776450388 LICK
138 1 1776535204 LICK
138 1 1776632064 LICK
138 1 1776748340 LICK
138 1 1776866452 LICK
138 1 1776998696 LICK
138 1 1777152816 LICK
138 1 1777284108 RESP_END
138 1 1776170700 REWARD_END
139 0 1794509160 STIM_START
139 0 1794978828 LICK
139 0 1795126140 LICK
139 0 1796089580 LICK
139 0 1796404812 LICK
139 0 1798034596 STIM_END_RESP_START
139 0 1798051104 LICK
139 0 1798051636 TIMEOUT_START
139 0 1798180336 LICK
139 0 1798180872 TIMEOUT_START
139 0 1799234644 RESP_END
139 0 1805181424 TIMEOUT_END
140 0 1807013208 STIM_START
140 0 1808645864 LICK
140 0 1808788192 LICK
140 0 1809284248 LICK
140 0 1810555548 LICK
140 0 1810760196 LICK
140 0 1810788648 STIM_END_RESP_START
140 0 1811127608 LICK
140 0 1811128144 TIMEOUT_START
140 0 1811988672 RESP_END
140 0 1818128704 TIMEOUT_END
141 0 1820009348 STIM_START
141 0 1820117420 LICK
141 0 1820617264 LICK
141 0 1821369124 LICK
141 0 1822232752 LICK
141 0 1823218800 LICK
141 0 1823534768 STIM_END_RESP_START
141 0 1823981704 LICK
141 0 1823982240 TIMEOUT_START
141 0 1824734784 RESP_END
141 0 1830982796 TIMEOUT_END
142 1 1833159492 STIM_START
142 1 1836934944 STIM_END_RESP_START
142 1 1838134956 RESP_END
143 1 1840059576 STIM_START
143 1 1842607284 LICK
143 1 1842805660 LICK
143 1 1843016824 LICK
143 1 1843502152 LICK
143 1 1843585008 STIM_END_RESP_START
143 1 1844337576 LICK
143 1 1844338116 REWARD_START
143 1 1844785032 RESP_END
143 1 1844351176 REWARD_END
144 1 1849159084 STIM_START
144 1 1850422096 LICK
144 1 1850992616 LICK
144 1 1851934128 LICK
144 1 1852434460 STIM_END_RESP_START
144 1 1853634508 RESP_END
145 0 1861296080 STIM_START
145 0 1864821520 STIM_END_RESP_START
145 0 1866021536 RESP_END
146 1 1868028164 STIM_START
146 1 1870978420 LICK
146 1 1871700136 LICK
146 1 1871902368 LICK
146 1 1872053652 STIM_END_RESP_START
146 1 1872562220 LICK
146 1 1872562752 REWARD_START
146 1 1872821628 LICK
146 1 1872935400 LICK
146 1 1873021440 LICK
146 1 1873132468 LICK
146 1 1873253700 RESP_END
146 1 1872575832 REWARD_END
147 0 1881013280 STIM_START
147 0 1881184332 LICK
147 0 1881621192 LICK
147 0 1881972776 LICK
147 0 1882176848 LICK
147 0 1882511376 LICK
147 0 1883324572 LICK
147 0 1883675484 LICK
147 0 1884282408 LICK
147 0 1884538700 STIM_END_RESP_START
147 0 1885190688 LICK
147 0 1885191224 TIMEOUT_START
147 0 1885340284 LICK
147 0 1885340824 TIMEOUT_START
147 0 1885738744 RESP_END
147 0 1892341376 TIMEOUT_END
148 0 1894430472 STIM_START
148 0 1894748728 LICK
148 0 1896037340 LICK
148 0 1896606876 LICK
148 0 1896958360 LICK
148 0 1897348480 LICK
148 0 1897875856 LICK
148 0 1898455936 STIM_END_RESP_START
148 0 1898536384 LICK
148 0 1898536916 TIMEOUT_START
148 0 1898764316 LICK
148 0 1898764848 TIMEOUT_START
148 0 1899344028 LICK
148 0 1899344560 TIMEOUT_START
148 0 1899655984 RESP_END
148 0 1906345128 TIMEOUT_END
149 0 1908206716 STIM_START
149 0 1909878344 LICK
149 0 1910130084 LICK
149 0 1910632972 LICK
149 0 1910881096 LICK
149 0 1912013972 LICK
149 0 1912220472 LICK
149 0 1912232180 STIM_END_RESP_START
149 0 1913432208 RESP_END
150 1 1919084468 STIM_START
150 1 1919838376 LICK
150 1 1920963064 LICK
150 1 1921891964 LICK
150 1 1922599544 LICK
150 1 1922609880 STIM_END_RESP_START
150 1 1923804388 LICK
150 1 1923804924 REWARD_START
150 1 1923818040 RESP_END
150 1 1923818004 REWARD_END
151 1 1930410312 STIM_START
151 1 1932327032 LICK
151 1 1932559552 LICK
151 1 1932979956 LICK
151 1 1933781696 LICK
151 1 1933992284 LICK
151 1 1934384428 LICK
151 1 1934435792 STIM_END_RESP_START
151 1 1934627496 LICK
151 1 1934628036 REWARD_START
151 1 1934822220 LICK
151 1 1934895780 LICK
151 1 1935024200 LICK
151 1 1935097824 LICK
151 1 1935206020 LICK
151 1 1935334836 LICK
151 1 1935450192 LICK
151 1 1935558304 LICK
151 1 1935635816 RESP_END
151 1 1934641108 REWARD_END
152 1 1954551184 STIM_START
152 1 1956253628 LICK
152 1 1956960764 LICK
152 1 1957801680 LICK
152 1 1958106300 LICK
152 1 1958576672 STIM_END_RESP_START
152 1 1959145516 LICK
152 1 1959146052 REWARD_START
152 1 1959379520 LICK
152 1 1959468296 LICK
152 1 1959582432 LICK
152 1 1959677208 LICK
152 1 1959776688 RESP_END
152 1 1959159132 REWARD_END
153 0 1962580544 STIM_START
153 0 1963114120 LICK
153 0 1964840496 LICK
153 0 1965014220 LICK
153 0 1965630880 LICK
153 0 1966355980 STIM_END_RESP_START
153 0 1966414360 LICK
153 0 1966414896 TIMEOUT_START
153 0 1966610072 LICK
153 0 1966610608 TIMEOUT_START
153 0 1967556000 RESP_END
153 0 1973611156 TIMEOUT_END
154 0 1975770720 STIM_START
154 0 1976248192 LICK
154 0 1976400100 LICK
154 0 1976954352 LICK
154 0 1977336712 LICK
154 0 1977513660 LICK
154 0 1977750944 LICK
154 0 1978117948 LICK
154 0 1979257552 LICK
154 0 1979296144 STIM_END_RESP_START
154 0 1979411980 LICK
154 0 1979412520 TIMEOUT_START
154 0 1979647076 LICK
154 0 1979647608 TIMEOUT_START
154 0 1979891360 LICK
154 0 1979891896 TIMEOUT_START
154 0 1980138216 LICK
154 0 1980138756 TIMEOUT_START
154 0 1980343824 LICK
154 0 1980344364 TIMEOUT_START
154 0 1980496164 RESP_END
154 0 1987344924 TIMEOUT_END
155 1 1989420916 STIM_START
155 1 1989880300 LICK
155 1 1990870100 LICK
155 1 1991745884 LICK
155 1 1991925824 LICK
155 1 1992246656 LICK
155 1 1992696324 STIM_END_RESP_START
155 1 1992718112 LICK
155 1 1992718652 REWARD_START
155 1 1992863884 LICK
155 1 1992982252 LICK
155 1 1993080216 LICK
155 1 1993234632 LICK
155 1 1993371064 LICK
155 1 1993472752 LICK
155 1 1993579172 LICK
155 1 1993739556 LICK
155 1 1993836124 LICK
155 1 1993896348 RESP_END
155 1 1992731712 REWARD_END
156 1 2008423032 STIM_START
156 1 2011929696 LICK
156 1 2011948452 STIM_END_RESP_START
156 1 2012042468 LICK
156 1 2012043000 REWARD_START
156 1 2012184752 LICK
156 1 2012354308 LICK
156 1 2012549332 LICK
156 1 2012799496 LICK
156 1 2013140204 LICK
156 1 2013148484 RESP_END
156 1 2012056080 REWARD_END
157 1 2020620980 STIM_START
157 1 2020710288 LICK
157 1 2020875432 LICK
157 1 2021859952 LICK
157 1 2022053736 LICK
157 1 2024146404 STIM_END_RESP_START
157 1 2024571868 LICK
157 1 2024572408 REWARD_START
157 1 2024701116 LICK
157 1 2024824004 LICK
157 1 2024900792 LICK
157 1 2025009788 LICK
157 1 2025130976 LICK
157 1 2025222892 LICK
157 1 2025333256 LICK
157 1 2025346444 RESP_END
157 1 2024585488 REWARD_END
158 0 2046925200 STIM_START
158 0 2047318948 LICK
158 0 2048132944 LICK
158 0 2049378824 LICK
158 0 2050194068 LICK
158 0 2050950676 STIM_END_RESP_START
158 0 2052150688 RESP_END
159 1 2054667512 STIM_START
159 1 2054980220 LICK
159 1 2055467104 LICK
159 1 2056346140 LICK
159 1 2057534996 LICK
159 1 2057734948 LICK
159 1 2057942912 STIM_END_RESP_START
159 1 2058754684 LICK
159 1 2058755220 REWARD_START
159 1 2058928164 LICK
159 1 2059048708 LICK
159 1 2059128824 LICK
159 1 2059142944 RESP_END
159 1 2058768292 REWARD_END
160 0 2065512264 STIM_START
160 0 2066112136 LICK
160 0 2066790980 LICK
160 0 2067280348 LICK
160 0 2067958108 LICK
160 0 2068514988 LICK
160 0 2068787648 STIM_END_RESP_START
160 0 2069222864 LICK
160 0 2069223396 TIMEOUT_START
160 0 2069377876 LICK
160 0 2069378412 TIMEOUT_START
160 0 2069676544 LICK
160 0 2069677084 TIMEOUT_START
160 0 2069987676 RESP_END
160 0 2076677640 TIMEOUT_END
161 1 2085215500 STIM_START
161 1 2086859500 LICK
161 1 2087040976 LICK
161 1 2088007604 LICK
161 1 2088205064 LICK
161 1 2088490880 STIM_END_RESP_START
161 1 2088522752 LICK
161 1 2088523292 REWARD_START
161 1 2089690924 RESP_END
161 1 2088536368 REWARD_END
162 0 2091684572 STIM_START
162 0 2094959968 STIM_END_RESP_START
162 0 2094992968 LICK
162 0 2094993504 TIMEOUT_START
162 0 2095184028 LICK
162 0 2095184560 TIMEOUT_START
162 0 2095733552 LICK
162 0 2095734092 TIMEOUT_START
162 0 2096080416 LICK
162 0 2096080956 TIMEOUT_START
162 0 2096159996 RESP_END
162 0 2103081512 TIMEOUT_END
163 1 2108833340 STIM_START
163 1 2112108736 STIM_END_RESP_START
163 1 2113308752 RESP_END
164 0 2115080432 STIM_START
164 0 2116492180 LICK
164 0 2117021520 LICK
164 0 2117254364 LICK
164 0 2117607552 LICK
164 0 2117777672 LICK
164 0 2118028480 LICK
164 0 2118326960 LICK
164 0 2118355812 STIM_END_RESP_START
164 0 2118862484 LICK
164 0 2118863020 TIMEOUT_START
164 0 2119555860 RESP_END
164 0 2125863576 TIMEOUT_END
165 0 2130239848 STIM_START
165 0 2133713768 LICK
165 0 2134015288 STIM_END_RESP_START
165 0 2134415192 LICK
165 0 2134415732 TIMEOUT_START
165 0 2134638720 LICK
165 0 2134639252 TIMEOUT_START
165 0 2134967688 LICK
165 0 2134968220 TIMEOUT_START
165 0 2135215336 RESP_END
165 0 2141968776 TIMEOUT_END
166 1 2143883048 STIM_START
166 1 2144273776 LICK
166 1 2147658500 STIM_END_RESP_START
166 1 2148858516 RESP_END
167 1 2150935196 STIM_START
167 1 2152636812 LICK
167 1 2152833848 LICK
167 1 2153259632 LICK
167 1 2154210576 STIM_END_RESP_START
167 1 2154424048 LICK
167 1 2154424588 REWARD_START
167 1 2154528744 LICK
167 1 2154696736 LICK
167 1 2154802264 LICK
167 1 2154935916 LICK
167 1 2155054672 LICK
167 1 2155232472 LICK
167 1 2155371084 LICK
167 1 2155410600 RESP_END
167 1 2154437668 REWARD_END
168 0 2164440404 STIM_START
168 0 2164838200 LICK
168 0 2165508596 LICK
168 0 2166431680 LICK
168 0 2167107952 LICK
168 0 2167715796 STIM_END_RESP_START
168 0 2168099552 LICK
168 0 2168100092 TIMEOUT_START
168 0 2168843732 LICK
168 0 2168844264 TIMEOUT_START
168 0 2168915812 RESP_END
168 0 2175844828 TIMEOUT_END
169 0 2178559720 STIM_START
169 0 2182335176 STIM_END_RESP_START
169 0 2183535196 RESP_END
170 1 2200221268 STIM_START
170 1 2200602972 LICK
170 1 2201236760 LICK
170 1 2201458904 LICK
170 1 2202203832 LICK
170 1 2203098100 LICK
170 1 2203317348 LICK
170 1 2203746684 STIM_END_RESP_START
170 1 2204946700 RESP_END
171 0 2206886332 STIM_START
171 0 2210251932 LICK
171 0 2210379884 LICK
171 0 2210411744 STIM_END_RESP_START
171 0 2211079648 LICK
171 0 2211080184 TIMEOUT_START
171 0 2211611768 RESP_END
171 0 2218080740 TIMEOUT_END
172 0 2219811480 STIM_START
172 0 2222107604 LICK
172 0 2223086864 STIM_END_RESP_START
172 0 2224286880 RESP_END
173 0 2226192484 STIM_START
173 0 2229198580 LICK
173 0 2229621200 LICK
173 0 2229717912 STIM_END_RESP_START
173 0 2230339708 LICK
173 0 2230340240 TIMEOUT_START
173 0 2230583864 LICK
173 0 2230584404 TIMEOUT_START
173 0 2230835324 LICK
173 0 2230835856 TIMEOUT_START
173 0 2230917936 RESP_END
173 0 2237836424 TIMEOUT_END
174 1 2240964892 STIM_START
174 1 2241656132 LICK
174 1 2242749732 LICK
174 1 2242997888 LICK
174 1 2244240296 STIM_END_RESP_START
174 1 2245440312 RESP_END
175 0 2247660028 STIM_START
175 0 2251185472 STIM_END_RESP_START
175 0 2252385488 RESP_END
176 1 2254285120 STIM_START
176 1 2256743308 LICK
176 1 2258310604 STIM_END_RESP_START
176 1 2258656836 LICK
176 1 2258657376 REWARD_START
176 1 2258813284 LICK
176 1 2258948240 LICK
176 1 2259025692 LICK
176 1 2259133900 LICK
176 1 2259250076 LICK
176 1 2259414436 LICK
176 1 2259510652 RESP_END
176 1 2258670448 REWARD_END
177 1 2266570124 STIM_START
177 1 2269052872 LICK
177 1 2269211284 LICK
177 1 2269845500 STIM_END_RESP_START
177 1 2269893920 LICK
177 1 2269894452 REWARD_START
177 1 2270066356 LICK
177 1 2270187184 LICK
177 1 2270264332 LICK
177 1 2270368940 LICK
177 1 2270511168 LICK
177 1 2270619440 LICK
177 1 2270750196 LICK
177 1 2270875252 LICK
177 1 2271026808 LICK
177 1 2271045528 RESP_END
177 1 2269907532 REWARD_END
178 1 2281727580 STIM_START
178 1 2284070776 LICK
178 1 2284195812 LICK
178 1 2284721268 LICK
178 1 2285211000 LICK
178 1 2285253020 STIM_END_RESP_START
178 1 2285798212 LICK
178 1 2285798752 REWARD_START
178 1 2285966528 LICK
178 1 2286068376 LICK
178 1 2286166344 LICK
178 1 2286280180 LICK
178 1 2286401584 LICK
178 1 2286453048 RESP_END
178 1 2285811832 REWARD_END
179 0 2293134448 STIM_START
179 0 2293535604 LICK
179 0 2294180684 LICK
179 0 2294874668 LICK
179 0 2296055956 LICK
179 0 2296807452 LICK
179 0 2297159916 STIM_END_RESP_START
179 0 2297441284 LICK
179 0 2297441816 TIMEOUT_START
179 0 2298359940 RESP_END
179 0 2304442396 TIMEOUT_END
180 0 2306336568 STIM_START
180 0 2307548216 LICK
180 0 2307760804 LICK
180 0 2308599460 LICK
180 0 2308759964 LICK
180 0 2309090052 LICK
180 0 2309611956 STIM_END_RESP_START
180 0 2309905016 LICK
180 0 2309905556 TIMEOUT_START
180 0 2310105888 LICK
180 0 2310106424 TIMEOUT_START
180 0 2310661284 LICK
180 0 2310661816 TIMEOUT_START
180 0 2310811984 RESP_END
180 0 2317662364 TIMEOUT_END
181 0 2319786828 STIM_START
181 0 2323312272 STIM_END_RESP_START
181 0 2323909520 LICK
181 0 2323910060 TIMEOUT_START
181 0 2324105052 LICK
181 0 2324105592 TIMEOUT_START
181 0 2324512284 RESP_END
181 0 2331106148 TIMEOUT_END
182 1 2335562392 STIM_START
182 1 2339587888 STIM_END_RESP_START
182 1 2340787904 RESP_END
183 0 2342701524 STIM_START
183 0 2344376000 LICK
183 0 2344494068 LICK
183 0 2344961504 LICK
183 0 2345206884 LICK
183 0 2345561272 LICK
183 0 2345928136 LICK
183 0 2346345952 LICK
183 0 2346701700 LICK
183 0 2346727000 STIM_END_RESP_START
183 0 2346954000 LICK
183 0 2346954536 TIMEOUT_START
183 0 2347287340 LICK
183 0 2347287880 TIMEOUT_START
183 0 2347927040 RESP_END
183 0 2354288448 TIMEOUT_END
184 1 2356035708 STIM_START
184 1 2358564256 LICK
184 1 2358783676 LICK
184 1 2359485176 LICK
184 1 2359561132 STIM_END_RESP_START
184 1 2359652152 LICK
184 1 2359652692 REWARD_START
184 1 2359976440 LICK
184 1 2360681084 LICK
184 1 2360761176 RESP_END
184 1 2359665752 REWARD_END
185 0 2367219564 STIM_START
185 0 2367238444 LICK
185 0 2368074360 LICK
185 0 2369130064 LICK
185 0 2369597896 LICK
185 0 2369758908 LICK
185 0 2370494972 STIM_END_RESP_START
185 0 2371036008 LICK
185 0 2371036548 TIMEOUT_START
185 0 2371275212 LICK
185 0 2371275744 TIMEOUT_START
185 0 2371615180 LICK
185 0 2371615712 TIMEOUT_START
185 0 2371694988 RESP_END
185 0 2378616272 TIMEOUT_END
186 1 2380450724 STIM_START
186 1 2380897784 LICK
186 1 2381119524 LICK
186 1 2381750096 LICK
186 1 2381966992 LICK
186 1 2382256716 LICK
186 1 2382833348 LICK
186 1 2383732744 LICK
186 1 2384226176 STIM_END_RESP_START
186 1 2384477928 LICK
186 1 2384478468 REWARD_START
186 1 2384663380 LICK
186 1 2384818604 LICK
186 1 2384900608 LICK
186 1 2385025712 LICK
186 1 2385180232 LICK
186 1 2385277596 LICK
186 1 2385426200 RESP_END
186 1 2384491548 REWARD_END
187 0 2387831928 STIM_START
187 0 2388226784 LICK
187 0 2388391868 LICK
187 0 2391857420 STIM_END_RESP_START
187 0 2393057436 RESP_END
188 0 2395265132 STIM_START
188 0 2395802668 LICK
188 0 2395953820 LICK
188 0 2396585792 LICK
188 0 2396783336 LICK
188 0 2397065340 LICK
188 0 2397527792 LICK
188 0 2397948596 LICK
188 0 2398246416 LICK
188 0 2398448456 LICK
188 0 2398887048 LICK
188 0 2399040592 STIM_END_RESP_START
188 0 2399445656 LICK
188 0 2399446196 TIMEOUT_START
188 0 2399616324 LICK
188 0 2399616856 TIMEOUT_START
188 0 2400240620 RESP_END
188 0 2406617420 TIMEOUT_END
189 0 2412188892 STIM_START
189 0 2412999456 LICK
189 0 2414412508 LICK
189 0 2415086172 LICK
189 0 2415294608 LICK
189 0 2415464308 STIM_END_RESP_START
189 0 2416664324 RESP_END
190 1 2418795008 STIM_START
190 1 2421486260 LICK
190 1 2422408444 LICK
190 1 2422494068 LICK
190 1 2422570480 STIM_END_RESP_START
190 1 2422832604 LICK
190 1 2422833140 REWARD_START
190 1 2423770528 RESP_END
190 1 2422846220 REWARD_END
191 1 2429136664 STIM_START
191 1 2432662104 STIM_END_RESP_START
191 1 2433862120 RESP_END
192 0 2435626764 STIM_START
192 0 2437344776 LICK
192 0 2438076580 LICK
192 0 2438780424 LICK
192 0 2438997576 LICK
192 0 2439152200 STIM_END_RESP_START
192 0 2439730372 LICK
192 0 2439730908 TIMEOUT_START
192 0 2439931328 LICK
192 0 2439931864 TIMEOUT_START
192 0 2440352216 RESP_END
192 0 2446932424 TIMEOUT_END
193 0 2449005964 STIM_START
193 0 2450358396 LICK
193 0 2450843724 LICK
193 0 2451383780 LICK
193 0 2452531372 STIM_END_RESP_START
193 0 2452614308 LICK
193 0 2452614840 TIMEOUT_START
193 0 2452858100 LICK
193 0 2452858632 TIMEOUT_START
193 0 2453731388 RESP_END
193 0 2459859196 TIMEOUT_END
194 1 2461669040 STIM_START
194 1 2465194484 STIM_END_RESP_START
194 1 2466394496 RESP_END
195 0 2468536172 STIM_START
195 0 2471808036 LICK
195 0 2472219832 LICK
195 0 2472561672 STIM_END_RESP_START
195 0 2473046668 LICK
195 0 2473047208 TIMEOUT_START
195 0 2473218160 LICK
195 0 2473218692 TIMEOUT_START
195 0 2473507536 LICK
195 0 2473508076 TIMEOUT_START
195 0 2473761684 RESP_END
195 0 2480508636 TIMEOUT_END
196 1 2482517456 STIM_START
196 1 2482911680 LICK
196 1 2485068140 LICK
196 1 2485867232 LICK
196 1 2486049860 LICK
196 1 2486182592 LICK
196 1 2486542940 STIM_END_RESP_START
196 1 2486562316 LICK
196 1 2486562852 REWARD_START
196 1 2486767112 LICK
196 1 2486879896 LICK
196 1 2486978284 LICK
196 1 2487077028 LICK
196 1 2487195252 LICK
196 1 2487321048 LICK
196 1 2487439156 LICK
196 1 2487576424 LICK
196 1 2487716596 LICK
196 1 2487742984 RESP_END
196 1 2486575928 REWARD_END
197 0 2491949976 STIM_START
197 0 2493684264 LICK
197 0 2494067004 LICK
197 0 2494356296 LICK
197 0 2495008236 LICK
197 0 2495725416 STIM_END_RESP_START
197 0 2496311240 LICK
197 0 2496311776 TIMEOUT_START
197 0 2496925460 RESP_END
197 0 2503312336 TIMEOUT_END
198 0 2506589396 STIM_START
198 0 2506801784 LICK
198 0 2508238164 LICK
198 0 2509296772 LICK
198 0 2510364848 STIM_END_RESP_START
198 0 2510840080 LICK
198 0 2510840616 TIMEOUT_START
198 0 2511033076 LICK
198 0 2511033620 TIMEOUT_START
198 0 2511564888 RESP_END
198 0 2518034168 TIMEOUT_END
199 1 2520042604 STIM_START
199 1 2523568040 STIM_END_RESP_START
199 1 2524768056 RESP_END
200 0 2526503672 STIM_START
200 0 2529779068 STIM_END_RESP_START
200 0 2530979084 RESP_END
201 1 2532722704 STIM_START
201 1 2534420764 LICK
201 1 2535278088 LICK
201 1 2536015868 LICK
201 1 2536550628 LICK
201 1 2536748192 STIM_END_RESP_START
201 1 2537546076 LICK
201 1 2537546612 REWARD_START
201 1 2537725580 LICK
201 1 2537837812 LICK
201 1 2537932156 LICK
201 1 2537948220 RESP_END
201 1 2537559692 REWARD_END
202 1 2542898360 STIM_START
202 1 2543471972 LICK
202 1 2543666032 LICK
202 1 2544722460 LICK
202 1 2544896208 LICK
202 1 2545277532 LICK
202 1 2545862796 LICK
202 1 2546061136 LICK
202 1 2546173756 STIM_END_RESP_START
202 1 2546813608 LICK
202 1 2546814148 REWARD_START
202 1 2546938928 LICK
202 1 2547104032 LICK
202 1 2547197208 LICK
202 1 2547302444 LICK
202 1 2547373784 RESP_END
202 1 2546827224 REWARD_END
203 1 2561620372 STIM_START
203 1 2562338020 LICK
203 1 2564334300 LICK
203 1 2565145780 STIM_END_RESP_START
203 1 2565637936 LICK
203 1 2565638472 REWARD_START
203 1 2565917656 LICK
203 1 2566345820 RESP_END
203 1 2565651552 REWARD_END
204 0 2568809572 STIM_START
204 0 2572335008 STIM_END_RESP_START
204 0 2573535024 RESP_END
205 1 2575272660 STIM_START
205 1 2576610748 LICK
205 1 2577347232 LICK
205 1 2577796304 LICK
205 1 2577985032 LICK
205 1 2578548064 STIM_END_RESP_START
205 1 2578548900 LICK
205 1 2578549440 REWARD_START
205 1 2578721324 LICK
205 1 2578834664 LICK
205 1 2578921036 LICK
205 1 2579020368 LICK
205 1 2579125080 LICK
205 1 2579238972 LICK
205 1 2579361612 LICK
205 1 2579493024 LICK
205 1 2579626620 LICK
205 1 2579748108 RESP_END
205 1 2578562512 REWARD_END
206 0 2595087896 STIM_START
206 0 2597770900 LICK
206 0 2598863368 STIM_END_RESP_START
206 0 2600063384 RESP_END
207 0 2601876968 STIM_START
207 0 2605902464 STIM_END_RESP_START
207 0 2606213096 LICK
207 0 2606213636 TIMEOUT_START
207 0 2606808088 LICK
207 0 2606808620 TIMEOUT_START
207 0 2607102508 RESP_END
207 0 2613809180 TIMEOUT_END
208 0 2615677256 STIM_START
208 0 2618174952 LICK
208 0 2619202788 LICK
208 0 2619383356 LICK
208 0 2619702728 STIM_END_RESP_START
208 0 2619768208 LICK
208 0 2619768744 TIMEOUT_START
208 0 2620109072 LICK
208 0 2620109608 TIMEOUT_START
208 0 2620639068 LICK
208 0 2620639608 TIMEOUT_START
208 0 2620902756 RESP_END
208 0 2627640168 TIMEOUT_END
209 1 2629456552 STIM_START
209 1 2632731948 STIM_END_RESP_START
209 1 2633931960 RESP_END
210 1 2636012560 STIM_START
210 1 2638951968 LICK
210 1 2639538132 LICK
210 1 2639714832 LICK
210 1 2640038036 STIM_END_RESP_START
210 1 2640162592 LICK
210 1 2640163128 REWARD_START
210 1 2640332052 LICK
210 1 2640453880 LICK
210 1 2640548528 LICK
210 1 2640647492 LICK
210 1 2640762956 LICK
210 1 2640878672 LICK
210 1 2641002064 LICK
210 1 2641124140 LICK
210 1 2641238068 RESP_END
210 1 2640176188 REWARD_END
211 1 2655208736 STIM_START
211 1 2656295428 LICK
211 1 2657316488 LICK
211 1 2657462968 LICK
211 1 2657808048 LICK
211 1 2658590220 LICK
211 1 2659234232 STIM_END_RESP_START
211 1 2660276576 LICK
211 1 2660277112 REWARD_START
211 1 2660434272 RESP_END
211 1 2660290192 REWARD_END
212 0 2676146152 STIM_START
212 0 2679921600 STIM_END_RESP_START
212 0 2681121616 RESP_END
213 0 2683050292 STIM_START
213 0 2684080492 LICK
213 0 2684584340 LICK
213 0 2684780092 LICK
213 0 2685103760 LICK
213 0 2685458928 LICK
213 0 2686066280 LICK
213 0 2686325680 STIM_END_RESP_START
213 0 2686498288 LICK
213 0 2686498828 TIMEOUT_START
213 0 2686832056 LICK
213 0 2686832588 TIMEOUT_START
213 0 2686983224 LICK
213 0 2686983756 TIMEOUT_START
213 0 2687525700 RESP_END
213 0 2693984312 TIMEOUT_END
214 1 2697326588 STIM_START
214 1 2697484972 LICK
214 1 2698714744 LICK
214 1 2698870452 LICK
214 1 2699986052 LICK
214 1 2700177804 LICK
214 1 2700411524 LICK
214 1 2700852000 STIM_END_RESP_START
214 1 2701510572 LICK
214 1 2701511108 REWARD_START
214 1 2701664876 LICK
214 1 2701917568 LICK
214 1 2702052020 RESP_END
214 1 2701524188 REWARD_END
215 1 2708462440 STIM_START
215 1 2711987884 STIM_END_RESP_START
215 1 2713187900 RESP_END
216 1 2723075860 STIM_START
216 1 2726601300 STIM_END_RESP_START
216 1 2727801316 RESP_END
217 0 2729726932 STIM_START
217 0 2730080584 LICK
217 0 2730747292 LICK
217 0 2730975748 LICK
217 0 2731347512 LICK
217 0 2731592224 LICK
217 0 2731865292 LICK
217 0 2732099708 LICK
217 0 2732358976 LICK
217 0 2732866820 LICK
217 0 2733088276 LICK
217 0 2733252376 STIM_END_RESP_START
217 0 2733261876 LICK
217 0 2733262408 TIMEOUT_START
217 0 2733493608 LICK
217 0 2733494140 TIMEOUT_START
217 0 2734452416 RESP_END
217 0 2740494708 TIMEOUT_END
218 1 2742374988 STIM_START
218 1 2742740572 LICK
218 1 2743771156 LICK
218 1 2743937988 LICK
218 1 2744384316 LICK
218 1 2745186684 LICK
218 1 2745428236 LICK
218 1 2745650368 STIM_END_RESP_START
218 1 2746047940 LICK
218 1 2746048472 REWARD_START
218 1 2746219884 LICK
218 1 2746331380 LICK
218 1 2746432044 LICK
218 1 2746520764 LICK
218 1 2746631736 LICK
218 1 2746750648 LICK
218 1 2746850384 RESP_END
218 1 2746061548 REWARD_END
219 0 2758892656 STIM_START
219 0 2759231680 LICK
219 0 2760158932 LICK
219 0 2761008348 LICK
219 0 2761688924 LICK
219 0 2762418096 STIM_END_RESP_START
219 0 2762593456 LICK
219 0 2762593988 TIMEOUT_START
219 0 2763002848 LICK
219 0 2763003388 TIMEOUT_START
219 0 2763618136 RESP_END
219 0 2770003956 TIMEOUT_END
220 1 2772101892 STIM_START
220 1 2772403884 LICK
220 1 2773200504 LICK
220 1 2773444548 LICK
220 1 2773664152 LICK
220 1 2774078948 LICK
220 1 2774405528 LICK
220 1 2775088952 LICK
220 1 2775877340 STIM_END_RESP_START
220 1 2776012020 LICK
220 1 2776012556 REWARD_START
220 1 2776175152 LICK
220 1 2776286548 LICK
220 1 2776384132 LICK
220 1 2776486060 LICK
220 1 2776594704 LICK
220 1 2776716516 LICK
220 1 2776848860 LICK
220 1 2776970452 LICK
220 1 2777077368 RESP_END
220 1 2776025636 REWARD_END
221 0 2788189500 STIM_START
221 0 2789038600 LICK
221 0 2790345588 LICK
221 0 2791464900 STIM_END_RESP_START
221 0 2792664916 RESP_END
222 0 2794660552 STIM_START
222 0 2798686048 STIM_END_RESP_START
222 0 2799886068 RESP_END
223 0 2801863788 STIM_START
223 0 2802898492 LICK
223 0 2803062652 LICK
223 0 2803808396 LICK
223 0 2803984284 LICK
223 0 2804535172 LICK
223 0 2804969940 LICK
223 0 2805157924 LICK
223 0 2805828192 LICK
223 0 2805889280 STIM_END_RESP_START
223 0 2806014704 LICK
223 0 2806015240 TIMEOUT_START
223 0 2806820972 LICK
223 0 2806821504 TIMEOUT_START
223 0 2806972256 LICK
223 0 2806972792 TIMEOUT_START
223 0 2807089304 RESP_END
223 0 2813973352 TIMEOUT_END
224 1 2815722016 STIM_START
224 1 2816994428 LICK
224 1 2817648372 LICK
224 1 2817845584 LICK
224 1 2818237024 LICK
224 1 2818500228 LICK
224 1 2819231896 LICK
224 1 2819247436 STIM_END_RESP_START
224 1 2819371644 LICK
224 1 2819372180 REWARD_START
224 1 2819747556 LICK
224 1 2819995124 LICK
224 1 2820432496 LICK
224 1 2820447468 RESP_END
224 1 2819385252 REWARD_END
225 0 2829412260 STIM_START
225 0 2829516120 LICK
225 0 2830209492 LICK
225 0 2832627812 LICK
225 0 2832687672 STIM_END_RESP_START
225 0 2832872388 LICK
225 0 2832872928 TIMEOUT_START
225 0 2833028828 LICK
225 0 2833029368 TIMEOUT_START
225 0 2833284488 LICK
225 0 2833285020 TIMEOUT_START
225 0 2833439176 LICK
225 0 2833439712 TIMEOUT_START
225 0 2833887700 RESP_END
225 0 2840440280 TIMEOUT_END
226 0 2842320412 STIM_START
226 0 2844209824 LICK
226 0 2845311656 LICK
226 0 2845637108 LICK
226 0 2845845836 STIM_END_RESP_START
226 0 2845863036 LICK
226 0 2845863568 TIMEOUT_START
226 0 2847045884 RESP_END
226 0 2852864132 TIMEOUT_END
227 0 2855044532 STIM_START
227 0 2858569972 STIM_END_RESP_START
227 0 2859769988 RESP_END
228 1 2861988612 STIM_START
228 1 2863510456 LICK
228 1 2863670940 LICK
228 1 2864081080 LICK
228 1 2864401428 LICK
228 1 2864820832 LICK
228 1 2865166540 LICK
228 1 2865476452 LICK
228 1 2865747856 LICK
228 1 2865764076 STIM_END_RESP_START
228 1 2866046156 LICK
228 1 2866046692 REWARD_START
228 1 2866964120 RESP_END
228 1 2866059776 REWARD_END
229 0 2875538860 STIM_START
229 0 2879064300 STIM_END_RESP_START
229 0 2879673016 LICK
229 0 2879673556 TIMEOUT_START
229 0 2880264344 RESP_END
229 0 2886674116 TIMEOUT_END
230 0 2888415956 STIM_START
230 0 2891941400 STIM_END_RESP_START
230 0 2893141416 RESP_END
231 0 2895108084 STIM_START
231 0 2899133588 STIM_END_RESP_START
231 0 2900333604 RESP_END
232 1 2916521588 STIM_START
232 1 2918008612 LICK
232 1 2918438476 LICK
232 1 2918597420 LICK
232 1 2919605460 LICK
232 1 2919691396 LICK
232 1 2920185316 LICK
232 1 2920457824 LICK
232 1 2920547060 STIM_END_RESP_START
232 1 2921747076 RESP_END
233 0 2923944788 STIM_START
233 0 2926079636 LICK
233 0 2927786008 LICK
233 0 2927910408 LICK
233 0 2927970260 STIM_END_RESP_START
233 0 2929170280 RESP_END
234 0 2930943996 STIM_START
234 0 2934219396 STIM_END_RESP_START
234 0 2935419412 RESP_END
235 0 2937469092 STIM_START
235 0 2939353004 LICK
235 0 2939476836 LICK
235 0 2940457780 LICK
235 0 2941005532 LICK
235 0 2941186128 LICK
235 0 2941244560 STIM_END_RESP_START
235 0 2941969104 LICK
235 0 2941969644 TIMEOUT_START
235 0 2942230364 LICK
235 0 2942230904 TIMEOUT_START
235 0 2942444588 RESP_END
235 0 2949231468 TIMEOUT_END
236 1 2951167352 STIM_START
236 1 2951314632 LICK
236 1 2952421268 LICK
236 1 2954442748 STIM_END_RESP_START
236 1 2955642764 RESP_END
237 1 2957466380 STIM_START
237 1 2960991820 STIM_END_RESP_START
237 1 2962191836 RESP_END
238 1 2964169500 STIM_START
238 1 2967444900 STIM_END_RESP_START
238 1 2968264352 LICK
238 1 2968264892 REWARD_START
238 1 2968485564 LICK
238 1 2968644924 RESP_END
238 1 2968277964 REWARD_END
239 0 2970576552 STIM_START
239 0 2970986280 LICK
239 0 2971177820 LICK
239 0 2971883584 LICK
239 0 2972105556 LICK
239 0 2972897484 LICK
239 0 2973576908 LICK
239 0 2974352028 STIM_END_RESP_START
239 0 2974451368 LICK
239 0 2974451904 TIMEOUT_START
239 0 2975552068 RESP_END
239 0 2981452456 TIMEOUT_END
240 1 2983408612 STIM_START
240 1 2984307516 LICK
240 1 2984918356 LICK
240 1 2986028792 LICK
240 1 2986257620 LICK
240 1 2986934044 STIM_END_RESP_START
240 1 2988134060 RESP_END
241 0 2990343808 STIM_START
241 0 2993619208 STIM_END_RESP_START
241 0 2994819224 RESP_END
242 0 2996999896 STIM_START
242 0 3001025392 STIM_END_RESP_START
242 0 3002225408 RESP_END
243 0 3004203096 STIM_START
243 0 3006064080 LICK
243 0 3007219464 LICK
243 0 3007503704 LICK
243 0 3007728528 STIM_END_RESP_START
243 0 3007776472 LICK
243 0 3007777012 TIMEOUT_START
243 0 3008217068 LICK
243 0 3008217604 TIMEOUT_START
243 0 3008928540 RESP_END
243 0 3015218168 TIMEOUT_END
244 1 3017406260 STIM_START
244 1 3020681660 STIM_END_RESP_START
244 1 3021881676 RESP_END
245 0 3023696304 STIM_START
245 0 3025808488 LICK
245 0 3026440960 LICK
245 0 3026642684 LICK
245 0 3027266568 LICK
245 0 3027623432 LICK
245 0 3027721784 STIM_END_RESP_START
245 0 3028473136 LICK
245 0 3028473672 TIMEOUT_START
245 0 3028632364 LICK
245 0 3028632900 TIMEOUT_START
245 0 3028921808 RESP_END
245 0 3035633452 TIMEOUT_END
246 0 3037416564 STIM_START
246 0 3041442060 STIM_END_RESP_START
246 0 3042642076 RESP_END
247 0 3044459736 STIM_START
247 0 3047985180 STIM_END_RESP_START
247 0 3049185188 RESP_END
248 1 3051292820 STIM_START
248 1 3054818256 STIM_END_RESP_START
248 1 3056018272 RESP_END
249 1 3058209008 STIM_START
249 1 3059459576 LICK
249 1 3059727916 LICK
249 1 3061540604 LICK
249 1 3061727688 LICK
249 1 3062111088 LICK
249 1 3062234488 STIM_END_RESP_START
249 1 3062878364 LICK
249 1 3062878900 REWARD_START
249 1 3063035348 LICK
249 1 3063153436 LICK
249 1 3063248176 LICK
249 1 3063352820 LICK
249 1 3063434528 RESP_END
249 1 3062891980 REWARD_END
250 1 3070790068 STIM_START
250 1 3071873884 LICK
250 1 3072712832 LICK
250 1 3073083344 LICK
250 1 3074065456 STIM_END_RESP_START
250 1 3074359528 LICK
250 1 3074360064 REWARD_START
250 1 3074521056 LICK
250 1 3074651740 LICK
250 1 3074739648 LICK
250 1 3074857296 LICK
250 1 3074952412 LICK
250 1 3075077208 LICK
250 1 3075189236 LICK
250 1 3075265484 RESP_END
250 1 3074373140 REWARD_END
251 0 3082319980 STIM_START
251 0 3082420600 LICK
251 0 3083037212 LICK
251 0 3083189632 LICK
251 0 3083424912 LICK
251 0 3084309128 LICK
251 0 3084533484 LICK
251 0 3085595392 STIM_END_RESP_START
251 0 3086795408 RESP_END
252 1 3088699016 STIM_START
252 1 3091407568 LICK
252 1 3091823024 LICK
252 1 3092724488 STIM_END_RESP_START
252 1 3092754004 LICK
252 1 3092754544 REWARD_START
252 1 3093830296 LICK
252 1 3093924524 RESP_END
252 1 3092767616 REWARD_END
253 1 3102960352 STIM_START
253 1 3102967944 LICK
253 1 3103892160 LICK
253 1 3104271196 LICK
253 1 3105284000 LICK
253 1 3105855712 LICK
253 1 3106485796 STIM_END_RESP_START
253 1 3106919488 LICK
253 1 3106920020 REWARD_START
253 1 3107117752 LICK
253 1 3107229000 LICK
253 1 3107323392 LICK
253 1 3107444708 LICK
253 1 3107553924 LICK
253 1 3107673740 LICK
253 1 3107685832 RESP_END
253 1 3106933096 REWARD_END
254 1 3110406596 STIM_START
254 1 3114432100 STIM_END_RESP_START
254 1 3115632116 RESP_END
255 0 3117457760 STIM_START
255 0 3120733152 STIM_END_RESP_START
255 0 3121933172 RESP_END
256 0 3123758760 STIM_START
256 0 3124124524 LICK
256 0 3125263692 LICK
256 0 3125551644 LICK
256 0 3125967904 LICK
256 0 3126622216 LICK
256 0 3127534208 STIM_END_RESP_START
256 0 3127571748 LICK
256 0 3127572280 TIMEOUT_START
256 0 3127741924 LICK
256 0 3127742460 TIMEOUT_START
256 0 3127969776 LICK
256 0 3127970316 TIMEOUT_START
256 0 3128734232 RESP_END
256 0 3134970896 TIMEOUT_END
257 0 3138085136 STIM_START
257 0 3138105304 LICK
257 0 3139273864 LICK
257 0 3139656148 LICK
257 0 3140415012 LICK
257 0 3141610584 STIM_END_RESP_START
257 0 3142030092 LICK
257 0 3142030632 TIMEOUT_START
257 0 3142810608 RESP_END
257 0 3149031188 TIMEOUT_END
258 1 3150985320 STIM_START
258 1 3154760772 STIM_END_RESP_START
258 1 3155960816 RESP_END
259 1 3157820400 STIM_START
259 1 3161345844 STIM_END_RESP_START
259 1 3161535652 LICK
259 1 3161536188 REWARD_START
259 1 3161716852 LICK
259 1 3161845908 LICK
259 1 3161957392 LICK
259 1 3162042116 LICK
259 1 3162158428 LICK
259 1 3162284188 LICK
259 1 3162434248 LICK
259 1 3162537316 LICK
259 1 3162545860 RESP_END
259 1 3161549268 REWARD_END
260 1 3178413816 STIM_START
260 1 3178817760 LICK
260 1 3180260612 LICK
260 1 3180489960 LICK
260 1 3181006480 LICK
260 1 3182117540 LICK
260 1 3182439320 STIM_END_RESP_START
260 1 3183639340 RESP_END
261 0 3185752004 STIM_START
261 0 3185868528 LICK
261 0 3186299468 LICK
261 0 3189527480 STIM_END_RESP_START
261 0 3190727500 RESP_END
262 0 3192947220 STIM_START
262 0 3196972716 STIM_END_RESP_START
262 0 3198172736 RESP_END
263 1 3200259436 STIM_START
263 1 3203784876 STIM_END_RESP_START
263 1 3204984892 RESP_END
264 1 3206804536 STIM_START
264 1 3210513552 LICK
264 1 3210670432 LICK
264 1 3210830032 STIM_END_RESP_START
264 1 3211186908 LICK
264 1 3211187448 REWARD_START
264 1 3211400240 LICK
264 1 3211499180 LICK
264 1 3211584500 LICK
264 1 3211696356 LICK
264 1 3211853788 LICK
264 1 3211938908 LICK
264 1 3212030060 RESP_END
264 1 3211200528 REWARD_END
265 0 3233164800 STIM_START
265 0 3234060152 LICK
265 0 3235541424 LICK
265 0 3235866940 LICK
265 0 3236432288 LICK
265 0 3236940268 STIM_END_RESP_START
265 0 3237124920 LICK
265 0 3237125460 TIMEOUT_START
265 0 3238140300 RESP_END
265 0 3244126012 TIMEOUT_END
266 1 3246049900 STIM_START
266 1 3249575344 STIM_END_RESP_START
266 1 3250775360 RESP_END
267 1 3252768048 STIM_START
267 1 3253108960 LICK
267 1 3253419168 LICK
267 1 3254055440 LICK
267 1 3254223520 LICK
267 1 3254398176 LICK
267 1 3254656876 LICK
267 1 3255174916 LICK
267 1 3255763952 LICK
267 1 3256490704 LICK
267 1 3256543520 STIM_END_RESP_START
267 1 3256668564 LICK
267 1 3256669096 REWARD_START
267 1 3256900740 LICK
267 1 3257045584 LICK
267 1 3257142628 LICK
267 1 3257268872 LICK
267 1 3257397100 LICK
267 1 3257568864 LICK
267 1 3257743564 RESP_END
267 1 3256682176 REWARD_END
268 1 3262430668 STIM_START
268 1 3262836072 LICK
268 1 3263769040 LICK
268 1 3264021156 LICK
268 1 3264387088 LICK
268 1 3265286448 LICK
268 1 3265532252 LICK
268 1 3266456164 STIM_END_RESP_START
268 1 3266607236 LICK
268 1 3266607768 REWARD_START
268 1 3266790492 LICK
268 1 3266898504 LICK
268 1 3267014796 LICK
268 1 3267156688 LICK
268 1 3267272852 LICK
268 1 3267384216 LICK
268 1 3267534612 LICK
268 1 3267656208 RESP_END
268 1 3266620848 REWARD_END
269 0 3276704984 STIM_START
269 0 3280730484 STIM_END_RESP_START
269 0 3281930496 RESP_END
270 1 3283821200 STIM_START
270 1 3285023104 LICK
270 1 3285872988 LICK
270 1 3286014376 LICK
270 1 3286325824 LICK
270 1 3286899776 LICK
270 1 3287346620 STIM_END_RESP_START
270 1 3287804308 LICK
270 1 3287804844 REWARD_START
270 1 3287970452 LICK
270 1 3288065780 LICK
270 1 3288189220 LICK
270 1 3288266872 LICK
270 1 3288388752 LICK
270 1 3288523976 LICK
270 1 3288546656 RESP_END
270 1 3287817920 REWARD_END
271 1 3295215016 STIM_START
271 1 3297740796 LICK
271 1 3298489808 LICK
271 1 3298635312 LICK
271 1 3298885624 LICK
271 1 3298990460 STIM_END_RESP_START
271 1 3299264276 LICK
271 1 3299264816 REWARD_START
271 1 3299626032 LICK
271 1 3299733896 LICK
271 1 3299855624 LICK
271 1 3299958776 LICK
271 1 3300123236 LICK
271 1 3300190472 RESP_END
271 1 3299277876 REWARD_END
272 1 3323470616 STIM_START
272 1 3323903080 LICK
272 1 3327246072 STIM_END_RESP_START
272 1 3328446088 RESP_END
273 0 3330160748 STIM_START
273 0 3330877792 LICK
273 0 3331076832 LICK
273 0 3331313888 LICK
273 0 3331442544 LICK
273 0 3333063724 LICK
273 0 3333331212 LICK
273 0 3333436140 STIM_END_RESP_START
273 0 3333544616 LICK
273 0 3333545156 TIMEOUT_START
273 0 3333701884 LICK
273 0 3333702416 TIMEOUT_START
273 0 3334313088 LICK
273 0 3334313624 TIMEOUT_START
273 0 3334507296 LICK
273 0 3334507836 TIMEOUT_START
273 0 3334636156 RESP_END
273 0 3341508396 TIMEOUT_END
274 1 3347072540 STIM_START
274 1 3347461800 LICK
274 1 3350438584 LICK
274 1 3350597956 STIM_END_RESP_START
274 1 3350695832 LICK
274 1 3350696372 REWARD_START
274 1 3350881960 LICK
274 1 3351009400 LICK
274 1 3351200276 LICK
274 1 3351629028 LICK
274 1 3351797980 RESP_END
274 1 3350709452 REWARD_END
275 0 3366402708 STIM_START
275 0 3370428200 STIM_END_RESP_START
275 0 3371628216 RESP_END
276 0 3373482876 STIM_START
276 0 3377008320 STIM_END_RESP_START
276 0 3378208336 RESP_END
277 1 3380344020 STIM_START
277 1 3380660236 LICK
277 1 3381238724 LICK
277 1 3381793844 LICK
277 1 3382208360 LICK
277 1 3382449908 LICK
277 1 3382688380 LICK
277 1 3383325016 LICK
277 1 3384091836 LICK
277 1 3384119492 STIM_END_RESP_START
277 1 3384243284 LICK
277 1 3384243812 REWARD_START
277 1 3384389956 LICK
277 1 3384542928 LICK
277 1 3384647896 LICK
277 1 3384750392 LICK
277 1 3384875176 LICK
277 1 3385012292 LICK
277 1 3385170264 LICK
277 1 3385319524 RESP_END
277 1 3384256892 REWARD_END
278 0 3391296860 STIM_START
278 0 3394572252 STIM_END_RESP_START
278 0 3395772264 RESP_END
279 0 3404929148 STIM_START
279 0 3405388104 LICK
279 0 3406507160 LICK
279 0 3408704620 STIM_END_RESP_START
279 0 3408892012 LICK
279 0 3408892544 TIMEOUT_START
279 0 3409904648 RESP_END
279 0 3415893096 TIMEOUT_END
280 1 3420957760 STIM_START
280 1 3422215688 LICK
280 1 3422486060 LICK
280 1 3422796908 LICK
280 1 3423552096 LICK
280 1 3423924256 LICK
280 1 3424511132 LICK
280 1 3424733224 STIM_END_RESP_START
280 1 3424922532 LICK
280 1 3424923072 REWARD_START
280 1 3425163204 LICK
280 1 3425933244 RESP_END
280 1 3424936148 REWARD_END
281 0 3428937108 STIM_START
281 0 3429167140 LICK
281 0 3429657636 LICK
281 0 3430295156 LICK
281 0 3431389564 LICK
281 0 3432243276 LICK
281 0 3432462520 STIM_END_RESP_START
281 0 3433255080 LICK
281 0 3433255612 TIMEOUT_START
281 0 3433662560 RESP_END
281 0 3440256180 TIMEOUT_END
282 1 3443280460 STIM_START
282 1 3446805904 STIM_END_RESP_START
282 1 3448005916 RESP_END
283 0 3449954588 STIM_START
283 0 3451369132 LICK
283 0 3452414308 LICK
283 0 3452592096 LICK
283 0 3452938036 LICK
283 0 3453125900 LICK
283 0 3453480008 STIM_END_RESP_START
283 0 3453949004 LICK
283 0 3453949536 TIMEOUT_START
283 0 3454122920 LICK
283 0 3454123460 TIMEOUT_START
283 0 3454307092 LICK
283 0 3454307632 TIMEOUT_START
283 0 3454680032 RESP_END
283 0 3461308200 TIMEOUT_END
284 1 3463975864 STIM_START
284 1 3468001368 STIM_END_RESP_START
284 1 3469201420 RESP_END
285 0 3471398076 STIM_START
285 0 3472818496 LICK
285 0 3473436468 LICK
285 0 3474176688 LICK
285 0 3474344896 LICK
285 0 3474673496 STIM_END_RESP_START
285 0 3474754708 LICK
285 0 3474755240 TIMEOUT_START
285 0 3475728132 LICK
285 0 3475728668 TIMEOUT_START
285 0 3475873532 RESP_END
285 0 3482729232 TIMEOUT_END
286 1 3484803304 STIM_START
286 1 3488328748 STIM_END_RESP_START
286 1 3489528792 RESP_END
287 0 3491489452 STIM_START
287 0 3492913724 LICK
287 0 3493589664 LICK
287 0 3494549388 LICK
287 0 3494764872 STIM_END_RESP_START
287 0 3495708200 LICK
287 0 3495708740 TIMEOUT_START
287 0 3495877372 LICK
287 0 3495877912 TIMEOUT_START
287 0 3495964912 RESP_END
287 0 3502878468 TIMEOUT_END
288 1 3506451932 STIM_START
288 1 3507112384 LICK
288 1 3510227404 STIM_END_RESP_START
288 1 3510870768 LICK
288 1 3510871308 REWARD_START
288 1 3511085992 LICK
288 1 3511219244 LICK
288 1 3511311576 LICK
288 1 3511427444 RESP_END
288 1 3510884388 REWARD_END
289 0 3515065364 STIM_START
289 0 3518340756 STIM_END_RESP_START
289 0 3519540776 RESP_END
290 0 3521657436 STIM_START
290 0 3525682936 STIM_END_RESP_START
290 0 3526882952 RESP_END
291 0 3528931660 STIM_START
291 0 3531409528 LICK
291 0 3532580692 LICK
291 0 3532957168 STIM_END_RESP_START
291 0 3534157184 RESP_END
292 1 3538087192 STIM_START
292 1 3538987260 LICK
292 1 3539585092 LICK
292 1 3541612600 STIM_END_RESP_START
292 1 3542812648 RESP_END
293 1 3546193516 STIM_START
293 1 3549260388 LICK
293 1 3550219012 STIM_END_RESP_START
293 1 3551419028 RESP_END
294 1 3554125848 STIM_START
294 1 3554347000 LICK
294 1 3554792664 LICK
294 1 3556377512 LICK
294 1 3557651260 STIM_END_RESP_START
294 1 3558851276 RESP_END
295 0 3560609884 STIM_START
295 0 3563857772 LICK
295 0 3564135300 STIM_END_RESP_START
295 0 3565055088 LICK
295 0 3565055624 TIMEOUT_START
295 0 3565335324 RESP_END
295 0 3572056200 TIMEOUT_END
296 1 3574029104 STIM_START
296 1 3578054600 STIM_END_RESP_START
296 1 3578875260 LICK
296 1 3578875796 REWARD_START
296 1 3579254624 RESP_END
296 1 3578888880 REWARD_END
297 0 3581038312 STIM_START
297 0 3581047208 LICK
297 0 3581225464 LICK
297 0 3581616964 LICK
297 0 3581755968 LICK
297 0 3585063808 STIM_END_RESP_START
297 0 3586263824 RESP_END
298 0 3588803568 STIM_START
298 0 3592829068 STIM_END_RESP_START
298 0 3594029124 RESP_END
299 0 3595861768 STIM_START
299 0 3599887264 STIM_END_RESP_START
299 0 3600673844 LICK
299 0 3600674376 TIMEOUT_START
299 0 3601087308 RESP_END
299 0 3607674940 TIMEOUT_END
300 1 3609889128 STIM_START
300 1 3611725492 LICK
300 1 3613414572 STIM_END_RESP_START
300 1 3613567048 LICK
300 1 3613567584 REWARD_START
300 1 3613737564 LICK
300 1 3613842352 LICK
300 1 3613944780 LICK
300 1 3614062452 LICK
300 1 3614192860 LICK
300 1 3614337368 LICK
300 1 3614614596 RESP_END
300 1 3613580664 REWARD_END
301 0 3619873756 STIM_START
301 0 3620223240 LICK
301 0 3620435156 LICK
301 0 3623131620 LICK
301 0 3623149148 STIM_END_RESP_START
301 0 3623310992 LICK
301 0 3623311532 TIMEOUT_START
301 0 3623996180 LICK
301 0 3623996720 TIMEOUT_START
301 0 3624349168 RESP_END
301 0 3630997280 TIMEOUT_END
302 0 3633085944 STIM_START
302 0 3634273048 LICK
302 0 3636361356 STIM_END_RESP_START
302 0 3637561412 RESP_END
303 0 3639713044 STIM_START
303 0 3642988436 STIM_END_RESP_START
303 0 3644188452 RESP_END
304 1 3646415188 STIM_START
304 1 3650190640 STIM_END_RESP_START
304 1 3651390656 RESP_END
305 1 3653429328 STIM_START
305 1 3654954688 LICK
305 1 3656015012 LICK
305 1 3656199872 LICK
305 1 3656473708 LICK
305 1 3656954752 STIM_END_RESP_START
305 1 3657384108 LICK
305 1 3657384640 REWARD_START
305 1 3657542336 LICK
305 1 3657658424 LICK
305 1 3657877080 LICK
305 1 3657989540 LICK
305 1 3658154788 RESP_END
305 1 3657397720 REWARD_END
306 0 3660991608 STIM_START
306 0 3664404244 LICK
306 0 3664583736 LICK
306 0 3664767060 STIM_END_RESP_START
306 0 3664819732 LICK
306 0 3664820272 TIMEOUT_START
306 0 3665967084 RESP_END
306 0 3671820840 TIMEOUT_END
307 1 3673663696 STIM_START
307 1 3677189140 STIM_END_RESP_START
307 1 3678389148 RESP_END
308 0 3680241800 STIM_START
308 0 3681226448 LICK
308 0 3682722340 LICK
308 0 3682919928 LICK
308 0 3683557304 LICK
308 0 3684267284 STIM_END_RESP_START
308 0 3685301908 LICK
308 0 3685302448 TIMEOUT_START
308 0 3685467312 RESP_END
308 0 3692303012 TIMEOUT_END
309 1 3694419152 STIM_START
309 1 3695738848 LICK
309 1 3696407152 LICK
309 1 3697689992 LICK
309 1 3698444636 STIM_END_RESP_START
309 1 3698896176 LICK
309 1 3698896708 REWARD_START
309 1 3699644672 RESP_END
309 1 3698909788 REWARD_END
310 1 3701508288 STIM_START
310 1 3703556240 LICK
310 1 3703897444 LICK
310 1 3705533784 STIM_END_RESP_START
310 1 3706733800 RESP_END
311 0 3708594492 STIM_START
311 0 3712619988 STIM_END_RESP_START
311 0 3713820004 RESP_END
312 0 3715561744 STIM_START
312 0 3717868464 LICK
312 0 3719087176 STIM_END_RESP_START
312 0 3719553020 LICK
312 0 3719553560 TIMEOUT_START
312 0 3719729672 LICK
312 0 3719730212 TIMEOUT_START
312 0 3720189916 LICK
312 0 3720190456 TIMEOUT_START
312 0 3720287204 RESP_END
312 0 3727191028 TIMEOUT_END
313 0 3729248880 STIM_START
313 0 3731645952 LICK
313 0 3732457020 LICK
313 0 3732710480 LICK
313 0 3733024356 STIM_END_RESP_START
313 0 3733816020 LICK
313 0 3733816560 TIMEOUT_START
313 0 3734224388 RESP_END
313 0 3740817116 TIMEOUT_END
314 1 3742792168 STIM_START
314 1 3746067568 STIM_END_RESP_START
314 1 3747267620 RESP_END
315 0 3749444304 STIM_START
315 0 3752969748 STIM_END_RESP_START
315 0 3753379340 LICK
315 0 3753379880 TIMEOUT_START
315 0 3753725628 LICK
315 0 3753726168 TIMEOUT_START
315 0 3754169776 RESP_END
315 0 3760726720 TIMEOUT_END
316 0 3764371780 STIM_START
316 0 3767647176 STIM_END_RESP_START
316 0 3768847192 RESP_END
317 0 3770761844 STIM_START
317 0 3771513864 LICK
317 0 3774287264 STIM_END_RESP_START
317 0 3775487280 RESP_END
318 1 3777212900 STIM_START
318 1 3780488300 STIM_END_RESP_START
318 1 3780539340 LICK
318 1 3780539880 REWARD_START
318 1 3780866272 LICK
318 1 3781029620 LICK
318 1 3781135376 LICK
318 1 3781244620 LICK
318 1 3781355056 LICK
318 1 3781473484 LICK
318 1 3781614032 LICK
318 1 3781688316 RESP_END
318 1 3780552944 REWARD_END
319 1 3826117860 STIM_START
319 1 3829643304 STIM_END_RESP_START
319 1 3830843352 RESP_END
320 0 3832715984 STIM_START
320 0 3834330528 LICK
320 0 3836491428 STIM_END_RESP_START
320 0 3837691448 RESP_END
321 1 3839649156 STIM_START
321 1 3840304196 LICK
321 1 3842924548 STIM_END_RESP_START
321 1 3844124560 RESP_END
322 0 3845973216 STIM_START
322 0 3846539484 LICK
322 0 3849248624 STIM_END_RESP_START
322 0 3850448640 RESP_END
323 0 3852274248 STIM_START
323 0 3852608796 LICK
323 0 3856299724 STIM_END_RESP_START
323 0 3857499740 RESP_END
324 1 3859413452 STIM_START
324 1 3863188900 STIM_END_RESP_START
324 1 3864388916 RESP_END
325 1 3866347616 STIM_START
325 1 3869873056 STIM_END_RESP_START
325 1 3871073072 RESP_END
326 0 3873193700 STIM_START
326 0 3876969152 STIM_END_RESP_START
326 0 3877464492 LICK
326 0 3877465024 TIMEOUT_START
326 0 3877617156 LICK
326 0 3877617696 TIMEOUT_START
326 0 3878169168 RESP_END
326 0 3884618256 TIMEOUT_END
327 1 3886705000 STIM_START
327 1 3887304500 LICK
327 1 3890390784 LICK
327 1 3890730480 STIM_END_RESP_START
327 1 3891149364 LICK
327 1 3891149904 REWARD_START
327 1 3891363352 LICK
327 1 3891506820 LICK
327 1 3891585844 LICK
327 1 3891700032 LICK
327 1 3891822780 LICK
327 1 3891930528 RESP_END
327 1 3891162980 REWARD_END
328 0 3894236228 STIM_START
328 0 3896684144 LICK
328 0 3896860128 LICK
328 0 3897528880 LICK
328 0 3897761668 STIM_END_RESP_START
328 0 3897854048 LICK
328 0 3897854580 TIMEOUT_START
328 0 3898414008 LICK
328 0 3898414544 TIMEOUT_START
328 0 3898961684 RESP_END
328 0 3905415104 TIMEOUT_END
329 0 3907357440 STIM_START
329 0 3909123944 LICK
329 0 3911280308 LICK
329 0 3911382932 STIM_END_RESP_START
329 0 3912296012 LICK
329 0 3912296548 TIMEOUT_START
329 0 3912582968 RESP_END
329 0 3919297104 TIMEOUT_END
330 0 3921506744 STIM_START
330 0 3923385440 LICK
330 0 3924453088 LICK
330 0 3925282216 STIM_END_RESP_START
330 0 3926009256 LICK
330 0 3926009792 TIMEOUT_START
330 0 3926482248 RESP_END
330 0 3933010364 TIMEOUT_END
331 1 3934788960 STIM_START
331 1 3938064352 STIM_END_RESP_START
331 1 3939264368 RESP_END
332 1 3941304072 STIM_START
332 1 3945329568 STIM_END_RESP_START
332 1 3946529584 RESP_END
333 0 3948371244 STIM_START
333 0 3951045376 LICK
333 0 3952107560 LICK
333 0 3952396740 STIM_END_RESP_START
333 0 3953596760 RESP_END
334 1 3955937484 STIM_START
334 1 3956261544 LICK
334 1 3958655668 LICK
334 1 3959655664 LICK
334 1 3959962968 STIM_END_RESP_START
334 1 3961162984 RESP_END
335 1 3963223700 STIM_START
335 1 3966499100 STIM_END_RESP_START
335 1 3967397048 LICK
335 1 3967397580 REWARD_START
335 1 3967699144 RESP_END
335 1 3967410664 REWARD_END
336 1 3972165168 STIM_START
336 1 3975535020 LICK
336 1 3975940624 STIM_END_RESP_START
336 1 3977111296 LICK
336 1 3977111836 REWARD_START
336 1 3977140664 RESP_END
336 1 3977124920 REWARD_END
337 0 3979886504 STIM_START
337 0 3983661960 STIM_END_RESP_START
337 0 3984861980 RESP_END
338 1 3986610600 STIM_START
338 1 3990386052 STIM_END_RESP_START
338 1 3991586068 RESP_END
339 0 3993673804 STIM_START
339 0 3996910896 LICK
339 0 3997068344 LICK
339 0 3997449276 STIM_END_RESP_START
339 0 3998649324 RESP_END
340 0 4001425092 STIM_START
340 0 4004700488 STIM_END_RESP_START
340 0 4005900504 RESP_END
341 1 4008048204 STIM_START
341 1 4011573648 STIM_END_RESP_START
341 1 4012773664 RESP_END
342 1 4014780328 STIM_START
342 1 4018305772 STIM_END_RESP_START
342 1 4019505788 RESP_END
343 0 4021408424 STIM_START
343 0 4025433920 STIM_END_RESP_START
343 0 4026633936 RESP_END
344 0 4028740612 STIM_START
344 0 4031591860 LICK
344 0 4032266052 STIM_END_RESP_START
344 0 4033296816 LICK
344 0 4033297348 TIMEOUT_START
344 0 4033466088 RESP_END
344 0 4040297916 TIMEOUT_END
345 1 4042245020 STIM_START
345 1 4046270524 STIM_END_RESP_START
345 1 4047470572 RESP_END
346 1 4049508076 STIM_START
346 1 4053533572 STIM_END_RESP_START
346 1 4053603476 LICK
346 1 4053604012 REWARD_START
346 1 4053815656 LICK
346 1 4053921840 LICK
346 1 4054040268 LICK
346 1 4054126692 LICK
346 1 4054257404 LICK
346 1 4054733612 RESP_END
346 1 4053617092 REWARD_END
347 1 4056618264 STIM_START
347 1 4058215552 LICK
347 1 4058399188 LICK
347 1 4058730232 LICK
347 1 4058887780 LICK
347 1 4060143680 STIM_END_RESP_START
347 1 4061343692 RESP_END
348 0 4063174356 STIM_START
348 0 4066088572 LICK
348 0 4066325896 LICK
348 0 4066449776 STIM_END_RESP_START
348 0 4066600768 LICK
348 0 4066601308 TIMEOUT_START
348 0 4067030568 LICK
348 0 4067031108 TIMEOUT_START
348 0 4067649812 RESP_END
348 0 4074031660 TIMEOUT_END
349 1 4075821496 STIM_START
349 1 4076361876 LICK
349 1 4079346924 STIM_END_RESP_START
349 1 4080546944 RESP_END
350 0 4082429608 STIM_START
350 0 4085955052 STIM_END_RESP_START
350 0 4087155068 RESP_END
351 1 4089131684 STIM_START
351 1 4092907136 STIM_END_RESP_START
351 1 4094107152 RESP_END
352 1 4095929844 STIM_START
352 1 4099455292 STIM_END_RESP_START
352 1 4100655308 RESP_END
353 1 4102399952 STIM_START
353 1 4105675352 STIM_END_RESP_START
353 1 4106875372 RESP_END
354 0 4108969056 STIM_START
354 0 4112244448 STIM_END_RESP_START
354 0 4113444460 RESP_END
355 1 4115436112 STIM_START
355 1 4118711512 STIM_END_RESP_START
355 1 4119911528 RESP_END
356 1 4122013220 STIM_START
356 1 4125538660 STIM_END_RESP_START
356 1 4126738676 RESP_END
357 1 4128947396 STIM_START
357 1 4132472836 STIM_END_RESP_START
357 1 4132735828 LICK
357 1 4132736368 REWARD_START
357 1 4133468224 LICK
357 1 4133672876 RESP_END
357 1 4132749428 REWARD_END
358 0 4136541596 STIM_START
358 0 4139427316 LICK
358 0 4140317060 STIM_END_RESP_START
358 0 4141517080 RESP_END
359 1 4143464800 STIM_START
359 1 4147490296 STIM_END_RESP_START
359 1 4148690312 RESP_END
360 1 4150485948 STIM_START
360 1 4153761344 STIM_END_RESP_START
360 1 4154961360 RESP_END
361 0 4156911012 STIM_START
361 0 4158813876 LICK
361 0 4160186404 STIM_END_RESP_START
361 0 4160862564 LICK
361 0 4160863096 TIMEOUT_START
361 0 4161386444 RESP_END
361 0 4167863656 TIMEOUT_END
USER_EXIT