001 0 0007154256 STIM_START
001 0 0007235456 LICK
001 0 0008992896 LICK
001 0 0010929836 STIM_END_RESP_START
001 0 0012129852 RESP_END
002 0 0014269600 STIM_START
002 0 0015890216 LICK
002 0 0016640320 LICK
002 0 0017420856 LICK
002 0 0017545108 STIM_END_RESP_START
002 0 0017589324 LICK
002 0 0017589760 TIMEOUT_START
002 0 0018745156 RESP_END
002 0 0024590208 TIMEOUT_END
003 1 0032252228 STIM_START
003 1 0033520360 LICK
003 1 0033746404 LICK
003 1 0034457836 LICK
003 1 0035182636 LICK
003 1 0036277848 STIM_END_RESP_START
003 1 0037228036 LICK
003 1 0037228472 REWARD_START
003 1 0037369124 LICK
003 1 0037477876 RESP_END
003 1 0037241448 REWARD_END
004 0 0042984340 STIM_START
004 0 0043320012 LICK
004 0 0043503664 LICK
004 0 0043724748 LICK
004 0 0044206264 LICK
004 0 0044496424 LICK
004 0 0044891388 LICK
004 0 0046759932 STIM_END_RESP_START
004 0 0046861376 LICK
004 0 0046861808 TIMEOUT_START
004 0 0047063336 LICK
004 0 0047063772 TIMEOUT_START
004 0 0047170580 LICK
004 0 0047171016 TIMEOUT_START
004 0 0047495440 LICK
004 0 0047495876 TIMEOUT_START
004 0 0047959976 RESP_END
004 0 0054496340 TIMEOUT_END
005 0 0056660000 STIM_START
005 0 0056995232 LICK
005 0 0057128420 LICK
005 0 0057234836 LICK
005 0 0057314044 LICK
005 0 0057541532 LICK
005 0 0057949320 LICK
005 0 0058242808 LICK
005 0 0058736552 LICK
005 0 0058938680 LICK
005 0 0060185560 STIM_END_RESP_START
005 0 0061385576 RESP_END
006 1 0065449728 STIM_START
006 1 0066094532 LICK
006 1 0066261176 LICK
006 1 0066358152 LICK
006 1 0066670632 LICK
006 1 0066822612 LICK
006 1 0066999968 LICK
006 1 0067093052 LICK
006 1 0067524744 LICK
006 1 0067731580 LICK
006 1 0069225296 STIM_END_RESP_START
006 1 0070425312 RESP_END
007 0 0072558108 STIM_START
007 0 0072636028 LICK
007 0 0073017392 LICK
007 0 0073321716 LICK
007 0 0073670648 LICK
007 0 0074032140 LICK
007 0 0074657952 LICK
007 0 0074761768 LICK
007 0 0076583740 STIM_END_RESP_START
007 0 0077783760 RESP_END
008 1 0082639100 STIM_START
008 1 0083083292 LICK
008 1 0083462028 LICK
008 1 0083805864 LICK
008 1 0084133588 LICK
008 1 0085846668 LICK
008 1 0085914616 STIM_END_RESP_START
008 1 0085934300 LICK
008 1 0085934736 REWARD_START
008 1 0086052688 LICK
008 1 0086155716 LICK
008 1 0086366464 LICK
008 1 0086664228 LICK
008 1 0087068124 LICK
008 1 0087114644 RESP_END
008 1 0085947712 REWARD_END
009 1 0102075972 STIM_START
009 1 0102117720 LICK
009 1 0102449008 LICK
009 1 0102793568 LICK
009 1 0103474292 LICK
009 1 0103833120 LICK
009 1 0104373020 LICK
009 1 0104605392 LICK
009 1 0104880240 LICK
009 1 0105601508 STIM_END_RESP_START
009 1 0105764016 LICK
009 1 0105764496 REWARD_START
009 1 0106239624 LICK
009 1 0106801548 RESP_END
009 1 0105777516 REWARD_END
010 1 0112919104 STIM_START
010 1 0113687952 LICK
010 1 0113990720 LICK
010 1 0114061496 LICK
010 1 0114223144 LICK
010 1 0114563108 LICK
010 1 0114758508 LICK
010 1 0114961352 LICK
010 1 0116194604 STIM_END_RESP_START
010 1 0116299676 LICK
010 1 0116300164 REWARD_START
010 1 0116425908 LICK
010 1 0116649624 LICK
010 1 0116751884 LICK
010 1 0116976000 LICK
010 1 0117094164 LICK
010 1 0117221388 LICK
010 1 0117394620 RESP_END
010 1 0116313172 REWARD_END
011 0 0119621388 STIM_START
011 0 0120059264 LICK
011 0 0120178756 LICK
011 0 0120302988 LICK
011 0 0120438552 LICK
011 0 0120582208 LICK
011 0 0120713296 LICK
011 0 0120841976 LICK
011 0 0120999728 LICK
011 0 0121166896 LICK
011 0 0121398308 LICK
011 0 0121593232 LICK
011 0 0122684192 LICK
011 0 0122937032 LICK
011 0 0123647024 STIM_END_RESP_START
011 0 0123691088 LICK
011 0 0123691572 TIMEOUT_START
011 0 0123860932 LICK
011 0 0123861424 TIMEOUT_START
011 0 0124072716 LICK
011 0 0124073204 TIMEOUT_START
011 0 0124396872 LICK
011 0 0124397356 TIMEOUT_START
011 0 0124847036 RESP_END
011 0 0131397864 TIMEOUT_END
012 1 0133618168 STIM_START
012 1 0134252668 LICK
012 1 0134395236 LICK
012 1 0135549732 LICK
012 1 0135691768 LICK
012 1 0135956508 LICK
012 1 0136833096 LICK
012 1 0137023184 LICK
012 1 0137143724 STIM_END_RESP_START
012 1 0137358140 LICK
012 1 0137358632 REWARD_START
012 1 0137578924 LICK
012 1 0137694248 LICK
012 1 0137791896 LICK
012 1 0137887596 LICK
012 1 0138002380 LICK
012 1 0138118472 LICK
012 1 0138236072 LICK
012 1 0138343760 RESP_END
012 1 0137371648 REWARD_END
013 0 0142504924 STIM_START
013 0 0143557700 LICK
013 0 0143664572 LICK
013 0 0144059840 LICK
013 0 0145157280 LICK
013 0 0145304232 LICK
013 0 0145509828 LICK
013 0 0145765248 LICK
013 0 0145972476 LICK
013 0 0146130912 LICK
013 0 0146486008 LICK
013 0 0146530548 STIM_END_RESP_START
013 0 0147730584 RESP_END
014 1 0149614276 STIM_START
014 1 0150048352 LICK
014 1 0150198308 LICK
014 1 0150480492 LICK
014 1 0150668624 LICK
014 1 0150974060 LICK
014 1 0151212464 LICK
014 1 0152571468 LICK
014 1 0152739652 LICK
014 1 0152997564 LICK
014 1 0153139840 STIM_END_RESP_START
014 1 0153845300 LICK
014 1 0153845792 REWARD_START
014 1 0154002884 LICK
014 1 0154121908 LICK
014 1 0154223020 LICK
014 1 0154333876 LICK
014 1 0154339876 RESP_END
014 1 0153858808 REWARD_END
015 0 0158904148 STIM_START
015 0 0160406540 LICK
015 0 0160526212 LICK
015 0 0160846560 LICK
015 0 0161146120 LICK
015 0 0161504872 LICK
015 0 0161989756 LICK
015 0 0162254620 LICK
015 0 0162429688 STIM_END_RESP_START
015 0 0162472832 LICK
015 0 0162473324 TIMEOUT_START
015 0 0162718788 LICK
015 0 0162719272 TIMEOUT_START
015 0 0163570120 LICK
015 0 0163570604 TIMEOUT_START
015 0 0163629728 RESP_END
015 0 0170571108 TIMEOUT_END
016 0 0173243972 STIM_START
016 0 0176601940 LICK
016 0 0176769528 STIM_END_RESP_START
016 0 0176806428 LICK
016 0 0176806912 TIMEOUT_START
016 0 0177019220 LICK
016 0 0177019704 TIMEOUT_START
016 0 0177218416 LICK
016 0 0177218904 TIMEOUT_START
016 0 0177749204 LICK
016 0 0177749688 TIMEOUT_START
016 0 0177969544 RESP_END
016 0 0184750196 TIMEOUT_END
017 0 0192071744 STIM_START
017 0 0192865796 LICK
017 0 0193926748 LICK
017 0 0195597280 STIM_END_RESP_START
017 0 0196374568 LICK
017 0 0196375052 TIMEOUT_START
017 0 0196505052 LICK
017 0 0196505540 TIMEOUT_START
017 0 0196742640 LICK
017 0 0196743124 TIMEOUT_START
017 0 0196797308 RESP_END
017 0 0203743632 TIMEOUT_END
018 1 0205800408 STIM_START
018 1 0207073784 LICK
018 1 0207294652 LICK
018 1 0207582484 LICK
018 1 0207836540 LICK
018 1 0208719676 LICK
018 1 0209223280 LICK
018 1 0209419196 LICK
018 1 0209575976 STIM_END_RESP_START
018 1 0210776004 RESP_END
019 1 0221463464 STIM_START
019 1 0225489064 STIM_END_RESP_START
019 1 0226689096 RESP_END
020 0 0228514876 STIM_START
020 0 0229903204 LICK
020 0 0230096240 LICK
020 0 0230403776 LICK
020 0 0230697928 LICK
020 0 0231068880 LICK
020 0 0231864020 LICK
020 0 0232290444 STIM_END_RESP_START
020 0 0232823920 LICK
020 0 0232824404 TIMEOUT_START
020 0 0233045816 LICK
020 0 0233046304 TIMEOUT_START
020 0 0233358116 LICK
020 0 0233358608 TIMEOUT_START
020 0 0233490460 RESP_END
020 0 0240359112 TIMEOUT_END
021 0 0247447648 STIM_START
021 0 0247654008 LICK
021 0 0248278508 LICK
021 0 0251150840 LICK
021 0 0251223244 STIM_END_RESP_START
021 0 0251314164 LICK
021 0 0251314656 TIMEOUT_START
021 0 0251532356 LICK
021 0 0251532840 TIMEOUT_START
021 0 0252423256 RESP_END
021 0 0258533344 TIMEOUT_END
022 0 0260543156 STIM_START
022 0 0262415064 LICK
022 0 0263792760 LICK
022 0 0264318720 STIM_END_RESP_START
022 0 0265309072 LICK
022 0 0265309560 TIMEOUT_START
022 0 0265518752 RESP_END
022 0 0272310060 TIMEOUT_END
023 1 0277661608 STIM_START
023 1 0281187148 STIM_END_RESP_START
023 1 0281425884 LICK
023 1 0281426376 REWARD_START
023 1 0281591044 LICK
023 1 0281696016 LICK
023 1 0281809612 LICK
023 1 0281912912 LICK
023 1 0282037080 LICK
023 1 0282166380 LICK
023 1 0282316168 LICK
023 1 0282387164 RESP_END
023 1 0281439400 REWARD_END
024 1 0285527152 STIM_START
024 1 0285889948 LICK
024 1 0286197968 LICK
024 1 0286385548 LICK
024 1 0286599588 LICK
024 1 0287311080 LICK
024 1 0288476608 LICK
024 1 0289552756 STIM_END_RESP_START
024 1 0290045320 LICK
024 1 0290045808 REWARD_START
024 1 0290209652 LICK
024 1 0290336756 LICK
024 1 0290443960 LICK
024 1 0290536948 LICK
024 1 0290644256 LICK
024 1 0290752768 RESP_END
024 1 0290058828 REWARD_END
025 0 0296226260 STIM_START
025 0 0296593924 LICK
025 0 0299809616 LICK
025 0 0299972040 LICK
025 0 0300001856 STIM_END_RESP_START
025 0 0301201884 RESP_END
026 0 0304197804 STIM_START
026 0 0305690600 LICK
026 0 0305867132 LICK
026 0 0307829212 LICK
026 0 0308070200 LICK
026 0 0308223428 STIM_END_RESP_START
026 0 0309423464 RESP_END
027 1 0316194228 STIM_START
027 1 0318828032 LICK
027 1 0319325648 LICK
027 1 0319469732 STIM_END_RESP_START
027 1 0320669772 RESP_END
028 1 0326195136 STIM_START
028 1 0326611100 LICK
028 1 0326868100 LICK
028 1 0328746680 LICK
028 1 0329027524 LICK
028 1 0329520768 LICK
028 1 0329720668 STIM_END_RESP_START
028 1 0330475244 LICK
028 1 0330475732 REWARD_START
028 1 0330738060 LICK
028 1 0330852056 LICK
028 1 0330920704 RESP_END
028 1 0330488748 REWARD_END
029 0 0335548952 STIM_START
029 0 0337683628 LICK
029 0 0337872868 LICK
029 0 0338171304 LICK
029 0 0339099764 LICK
029 0 0339254248 LICK
029 0 0339324548 STIM_END_RESP_START
029 0 0340282520 LICK
029 0 0340283000 TIMEOUT_START
029 0 0340524592 RESP_END
029 0 0347283500 TIMEOUT_END
030 1 0349122692 STIM_START
030 1 0349429136 LICK
030 1 0349665776 LICK
030 1 0351375152 LICK
030 1 0352141452 LICK
030 1 0352398204 STIM_END_RESP_START
030 1 0353077436 LICK
030 1 0353077920 REWARD_START
030 1 0353239312 LICK
030 1 0353370984 LICK
030 1 0353471992 LICK
030 1 0353582356 LICK
030 1 0353598232 RESP_END
030 1 0353090940 REWARD_END
031 0 0358221428 STIM_START
031 0 0361496928 STIM_END_RESP_START
031 0 0361589532 LICK
031 0 0361590024 TIMEOUT_START
031 0 0361755624 LICK
031 0 0361756116 TIMEOUT_START
031 0 0362696972 RESP_END
031 0 0368756616 TIMEOUT_END
032 0 0370546920 STIM_START
032 0 0370604028 LICK
032 0 0372201992 LICK
032 0 0374072448 STIM_END_RESP_START
032 0 0374336212 LICK
032 0 0374336704 TIMEOUT_START
032 0 0374520488 LICK
032 0 0374520976 TIMEOUT_START
032 0 0374977064 LICK
032 0 0374977556 TIMEOUT_START
032 0 0375272488 RESP_END
032 0 0381978060 TIMEOUT_END
033 1 0384176552 STIM_START
033 1 0385107248 LICK
033 1 0386342588 LICK
033 1 0387570400 LICK
033 1 0387744076 LICK
033 1 0388061724 LICK
033 1 0388202180 STIM_END_RESP_START
033 1 0388931728 LICK
033 1 0388932216 REWARD_START
033 1 0389128100 LICK
033 1 0389279472 LICK
033 1 0389365052 LICK
033 1 0389402228 RESP_END
033 1 0388945240 REWARD_END
034 0 0392835288 STIM_START
034 0 0396021492 LICK
034 0 0396167888 LICK
034 0 0396332584 LICK
034 0 0396360824 STIM_END_RESP_START
034 0 0396783400 LICK
034 0 0396783892 TIMEOUT_START
034 0 0396938128 LICK
034 0 0396938620 TIMEOUT_START
034 0 0397255524 LICK
034 0 0397256016 TIMEOUT_START
034 0 0397412380 LICK
034 0 0397412868 TIMEOUT_START
034 0 0397560876 RESP_END
034 0 0404413368 TIMEOUT_END
035 0 0406170880 STIM_START
035 0 0406192664 LICK
035 0 0409696420 STIM_END_RESP_START
035 0 0410896452 RESP_END
036 0 0414740672 STIM_START
036 0 0415377116 LICK
036 0 0417077796 LICK
036 0 0418266208 STIM_END_RESP_START
036 0 0419021340 LICK
036 0 0419021832 TIMEOUT_START
036 0 0419207380 LICK
036 0 0419207864 TIMEOUT_START
036 0 0419415676 LICK
036 0 0419416168 TIMEOUT_START
036 0 0419466252 RESP_END
036 0 0426416672 TIMEOUT_END
037 1 0428439304 STIM_START
037 1 0431591980 LICK
037 1 0432464936 STIM_END_RESP_START
037 1 0432490192 LICK
037 1 0432490684 REWARD_START
037 1 0432663028 LICK
037 1 0432771564 LICK
037 1 0432876880 LICK
037 1 0432992416 LICK
037 1 0433095120 LICK
037 1 0433363340 LICK
037 1 0433506240 LICK
037 1 0433616524 LICK
037 1 0433664972 RESP_END
037 1 0432503704 REWARD_END
038 0 0436193820 STIM_START
038 0 0438800276 LICK
038 0 0438955904 LICK
038 0 0439905048 LICK
038 0 0439969396 STIM_END_RESP_START
038 0 0440260256 LICK
038 0 0440260748 TIMEOUT_START
038 0 0440794184 LICK
038 0 0440794668 TIMEOUT_START
038 0 0441081980 LICK
038 0 0441082464 TIMEOUT_START
038 0 0441169412 RESP_END
038 0 0448082984 TIMEOUT_END
039 0 0453101136 STIM_START
039 0 0453871272 LICK
039 0 0454184552 LICK
039 0 0455725024 LICK
039 0 0455947344 LICK
039 0 0456876724 STIM_END_RESP_START
039 0 0457270660 LICK
039 0 0457271144 TIMEOUT_START
039 0 0458043496 LICK
039 0 0458043980 TIMEOUT_START
039 0 0458076760 RESP_END
039 0 0465044504 TIMEOUT_END
040 0 0466865876 STIM_START
040 0 0470141380 STIM_END_RESP_START
040 0 0470316428 LICK
040 0 0470316912 TIMEOUT_START
040 0 0470529044 LICK
040 0 0470529528 TIMEOUT_START
040 0 0471341420 RESP_END
040 0 0477530032 TIMEOUT_END
041 1 0483586148 STIM_START
041 1 0483697616 LICK
041 1 0486721700 LICK
041 1 0486861656 STIM_END_RESP_START
041 1 0487129580 LICK
041 1 0487130068 REWARD_START
041 1 0487304840 LICK
041 1 0487422456 LICK
041 1 0487522460 LICK
041 1 0487630604 LICK
041 1 0487776764 LICK
041 1 0487878416 LICK
041 1 0488032300 LICK
041 1 0488061692 RESP_END
041 1 0487143092 REWARD_END
042 1 0491778764 STIM_START
042 1 0492899636 LICK
042 1 0493109832 LICK
042 1 0493457292 LICK
042 1 0494409580 LICK
042 1 0494606428 LICK
042 1 0494990196 LICK
042 1 0495304320 STIM_END_RESP_START
042 1 0495996604 LICK
042 1 0495997096 REWARD_START
042 1 0496189480 LICK
042 1 0496395696 LICK
042 1 0496504360 RESP_END
042 1 0496010116 REWARD_END
043 1 0500222436 STIM_START
043 1 0501424572 LICK
043 1 0501592088 LICK
043 1 0501813516 LICK
043 1 0503497924 STIM_END_RESP_START
043 1 0504362380 LICK
043 1 0504362868 REWARD_START
043 1 0504532344 LICK
043 1 0504636860 LICK
043 1 0504697940 RESP_END
043 1 0504375892 REWARD_END
044 0 0508455064 STIM_START
044 0 0508605080 LICK
044 0 0508889844 LICK
044 0 0510140288 LICK
044 0 0510652344 LICK
044 0 0510900112 LICK
044 0 0511827304 LICK
044 0 0511983356 LICK
044 0 0512480668 STIM_END_RESP_START
044 0 0512727904 LICK
044 0 0512728396 TIMEOUT_START
044 0 0513544572 LICK
044 0 0513545056 TIMEOUT_START
044 0 0513680708 RESP_END
044 0 0520545560 TIMEOUT_END
045 1 0524412204 STIM_START
045 1 0527937744 STIM_END_RESP_START
045 1 0529137776 RESP_END
046 0 0532148692 STIM_START
046 0 0532243212 LICK
046 0 0532420756 LICK
046 0 0533944660 LICK
046 0 0534154612 LICK
046 0 0534861340 LICK
046 0 0535924284 STIM_END_RESP_START
046 0 0536519736 LICK
046 0 0536520220 TIMEOUT_START
046 0 0537124328 RESP_END
046 0 0543520716 TIMEOUT_END
047 0 0545266276 STIM_START
047 0 0545669472 LICK
047 0 0546644736 LICK
047 0 0546972424 LICK
047 0 0547974916 LICK
047 0 0548156956 LICK
047 0 0548480476 LICK
047 0 0548807436 LICK
047 0 0549041836 STIM_END_RESP_START
047 0 0549230664 LICK
047 0 0549231148 TIMEOUT_START
047 0 0549462612 LICK
047 0 0549463104 TIMEOUT_START
047 0 0549728992 LICK
047 0 0549729484 TIMEOUT_START
047 0 0550055356 LICK
047 0 0550055844 TIMEOUT_START
047 0 0550241872 RESP_END
047 0 0557056348 TIMEOUT_END
048 1 0559460088 STIM_START
048 1 0562360748 LICK
048 1 0562533420 LICK
048 1 0562985640 STIM_END_RESP_START
048 1 0563446308 LICK
048 1 0563446800 REWARD_START
048 1 0563605756 LICK
048 1 0563703508 LICK
048 1 0563805824 LICK
048 1 0563920616 LICK
048 1 0564043920 LICK
048 1 0564159988 LICK
048 1 0564185680 RESP_END
048 1 0563459816 REWARD_END
049 0 0568292820 STIM_START
049 0 0572068416 STIM_END_RESP_START
049 0 0573268452 RESP_END
050 1 0575466208 STIM_START
050 1 0577013752 LICK
050 1 0577204860 LICK
050 1 0577771640 LICK
050 1 0577981188 LICK
050 1 0578179400 LICK
050 1 0578453804 LICK
050 1 0578764576 LICK
050 1 0578961884 LICK
050 1 0579241788 STIM_END_RESP_START
050 1 0579324668 LICK
050 1 0579325160 REWARD_START
050 1 0579512796 LICK
050 1 0579634892 LICK
050 1 0579724496 LICK
050 1 0579832600 LICK
050 1 0579968588 LICK
050 1 0580107228 LICK
050 1 0580248568 LICK
050 1 0580365812 LICK
050 1 0580441832 RESP_END
050 1 0579338180 REWARD_END
051 1 0583861868 STIM_START
051 1 0584005496 LICK
051 1 0584970008 LICK
051 1 0585257204 LICK
051 1 0586114832 LICK
051 1 0586569428 LICK
051 1 0586993540 LICK
051 1 0587415696 LICK
051 1 0587887488 STIM_END_RESP_START
051 1 0588751920 LICK
051 1 0588752408 REWARD_START
051 1 0588923492 LICK
051 1 0589051460 LICK
051 1 0589087532 RESP_END
051 1 0588765416 REWARD_END
052 0 0593099660 STIM_START
052 0 0593944472 LICK
052 0 0594830132 LICK
052 0 0596005004 LICK
052 0 0596370628 LICK
052 0 0597125260 STIM_END_RESP_START
052 0 0597800596 LICK
052 0 0597801088 TIMEOUT_START
052 0 0597986132 LICK
052 0 0597986624 TIMEOUT_START
052 0 0598273496 LICK
052 0 0598273980 TIMEOUT_START
052 0 0598325284 RESP_END
052 0 0605274484 TIMEOUT_END
053 1 0608231636 STIM_START
053 1 0611757180 STIM_END_RESP_START
053 1 0612957216 RESP_END
054 0 0614717968 STIM_START
054 0 0618243508 STIM_END_RESP_START
054 0 0619443544 RESP_END
055 1 0621341260 STIM_START
055 1 0621688288 LICK
055 1 0621886968 LICK
055 1 0622288936 LICK
055 1 0622495388 LICK
055 1 0622992180 LICK
055 1 0623284920 LICK
055 1 0623658752 LICK
055 1 0624324012 LICK
055 1 0624746308 LICK
055 1 0625116844 STIM_END_RESP_START
055 1 0625786708 LICK
055 1 0625787200 REWARD_START
055 1 0625987524 LICK
055 1 0626108828 LICK
055 1 0626210768 LICK
055 1 0626305308 LICK
055 1 0626316868 RESP_END
055 1 0625800224 REWARD_END
056 1 0639825872 STIM_START
056 1 0640400172 LICK
056 1 0640665216 LICK
056 1 0643351412 STIM_END_RESP_START
056 1 0644551448 RESP_END
057 0 0646605216 STIM_START
057 0 0647063316 LICK
057 0 0650630824 STIM_END_RESP_START
057 0 0651830860 RESP_END
058 0 0653920676 STIM_START
058 0 0654490792 LICK
058 0 0654666432 LICK
058 0 0654924404 LICK
058 0 0655674152 LICK
058 0 0655823268 LICK
058 0 0656406852 LICK
058 0 0656703776 LICK
058 0 0657196184 STIM_END_RESP_START
058 0 0657316892 LICK
058 0 0657317376 TIMEOUT_START
058 0 0657511972 LICK
058 0 0657512464 TIMEOUT_START
058 0 0657796964 LICK
058 0 0657797456 TIMEOUT_START
058 0 0658085908 LICK
058 0 0658086392 TIMEOUT_START
058 0 0658396220 RESP_END
058 0 0665086896 TIMEOUT_END
059 0 0674717756 STIM_START
059 0 0678743392 STIM_END_RESP_START
059 0 0678919392 LICK
059 0 0678919876 TIMEOUT_START
059 0 0679143908 LICK
059 0 0679144392 TIMEOUT_START
059 0 0679943412 RESP_END
059 0 0686144904 TIMEOUT_END
060 1 0688331444 STIM_START
060 1 0692357076 STIM_END_RESP_START
060 1 0693557108 RESP_END
061 0 0695508840 STIM_START
061 0 0699119608 LICK
061 0 0699318464 LICK
061 0 0699534468 STIM_END_RESP_START
061 0 0699628244 LICK
061 0 0699628732 TIMEOUT_START
061 0 0699845332 LICK
061 0 0699845824 TIMEOUT_START
061 0 0700203416 LICK
061 0 0700203900 TIMEOUT_START
061 0 0700495092 LICK
061 0 0700495576 TIMEOUT_START
061 0 0700690936 LICK
061 0 0700691424 TIMEOUT_START
061 0 0700734496 RESP_END
061 0 0707691936 TIMEOUT_END
062 0 0710816884 STIM_START
062 0 0712774760 LICK
062 0 0713134424 LICK
062 0 0714592460 STIM_END_RESP_START
062 0 0715792496 RESP_END
063 0 0717511148 STIM_START
063 0 0721036688 STIM_END_RESP_START
063 0 0722236724 RESP_END
064 1 0724114484 STIM_START
064 1 0727640016 STIM_END_RESP_START
064 1 0728840052 RESP_END
065 1 0730576760 STIM_START
065 1 0732227652 LICK
065 1 0732446748 LICK
065 1 0733174572 LICK
065 1 0733897956 LICK
065 1 0734077320 LICK
065 1 0734531268 LICK
065 1 0734602376 STIM_END_RESP_START
065 1 0734893900 LICK
065 1 0734894392 REWARD_START
065 1 0735088244 LICK
065 1 0735198820 LICK
065 1 0735322768 LICK
065 1 0735444676 LICK
065 1 0735539600 LICK
065 1 0735699448 LICK
065 1 0735802416 RESP_END
065 1 0734907416 REWARD_END
066 0 0739700528 STIM_START
066 0 0740985172 LICK
066 0 0741291480 LICK
066 0 0741826188 LICK
066 0 0742078776 LICK
066 0 0742433024 LICK
066 0 0742755908 LICK
066 0 0743133768 LICK
066 0 0743726144 STIM_END_RESP_START
066 0 0744266316 LICK
066 0 0744266808 TIMEOUT_START
066 0 0744455296 LICK
066 0 0744455780 TIMEOUT_START
066 0 0744703864 LICK
066 0 0744704356 TIMEOUT_START
066 0 0744926168 RESP_END
066 0 0751704860 TIMEOUT_END
067 0 0753672304 STIM_START
067 0 0753701384 LICK
067 0 0754051540 LICK
067 0 0754446056 LICK
067 0 0755353492 LICK
067 0 0755567388 LICK
067 0 0756010052 LICK
067 0 0756947800 STIM_END_RESP_START
067 0 0757284316 LICK
067 0 0757284800 TIMEOUT_START
067 0 0757671212 LICK
067 0 0757671700 TIMEOUT_START
067 0 0758147848 RESP_END
067 0 0764672204 TIMEOUT_END
068 0 0766474844 STIM_START
068 0 0768150116 LICK
068 0 0769497928 LICK
068 0 0769666308 LICK
068 0 0770000388 STIM_END_RESP_START
068 0 0770016476 LICK
068 0 0770016960 TIMEOUT_START
068 0 0770766504 LICK
068 0 0770766996 TIMEOUT_START
068 0 0770938784 LICK
068 0 0770939276 TIMEOUT_START
068 0 0771200408 RESP_END
068 0 0777939788 TIMEOUT_END
069 1 0780128460 STIM_START
069 1 0784154096 STIM_END_RESP_START
069 1 0785354128 RESP_END
070 0 0787139912 STIM_START
070 0 0787578520 LICK
070 0 0788553028 LICK
070 0 0788787000 LICK
070 0 0789684264 LICK
070 0 0789892232 LICK
070 0 0790665452 STIM_END_RESP_START
070 0 0790841320 LICK
070 0 0790841812 TIMEOUT_START
070 0 0791569776 LICK
070 0 0791570264 TIMEOUT_START
070 0 0791802368 LICK
070 0 0791802852 TIMEOUT_START
070 0 0791865492 RESP_END
070 0 0798803360 TIMEOUT_END
071 1 0800724568 STIM_START
071 1 0804144860 LICK
071 1 0804313928 LICK
071 1 0804750200 STIM_END_RESP_START
071 1 0805245968 LICK
071 1 0805246456 REWARD_START
071 1 0805425780 LICK
071 1 0805557660 LICK
071 1 0805652200 LICK
071 1 0805738616 LICK
071 1 0805878484 LICK
071 1 0805950216 RESP_END
071 1 0805259480 REWARD_END
072 0 0810721540 STIM_START
072 0 0813903384 LICK
072 0 0813997048 STIM_END_RESP_START
072 0 0814155552 LICK
072 0 0814156044 TIMEOUT_START
072 0 0814511748 LICK
072 0 0814512240 TIMEOUT_START
072 0 0814932924 LICK
072 0 0814933416 TIMEOUT_START
072 0 0815197060 RESP_END
072 0 0821933924 TIMEOUT_END
073 0 0824025180 STIM_START
073 0 0828050812 STIM_END_RESP_START
073 0 0828129228 LICK
073 0 0828129720 TIMEOUT_START
073 0 0828346016 LICK
073 0 0828346508 TIMEOUT_START
073 0 0829160424 LICK
073 0 0829160916 TIMEOUT_START
073 0 0829250828 RESP_END
073 0 0836161412 TIMEOUT_END
074 0 0843112900 STIM_START
074 0 0846388396 STIM_END_RESP_START
074 0 0846668500 LICK
074 0 0846668992 TIMEOUT_START
074 0 0847588432 RESP_END
074 0 0853669492 TIMEOUT_END
075 1 0855779352 STIM_START
075 1 0859054840 STIM_END_RESP_START
075 1 0859065600 LICK
075 1 0859066084 REWARD_START
075 1 0859231716 LICK
075 1 0859453364 LICK
075 1 0859561644 LICK
075 1 0859677288 LICK
075 1 0859792132 LICK
075 1 0859919380 LICK
075 1 0860046056 LICK
075 1 0860203456 LICK
075 1 0860254864 RESP_END
075 1 0859079116 REWARD_END
076 1 0863342916 STIM_START
076 1 0866651604 LICK
076 1 0867293572 LICK
076 1 0867368552 STIM_END_RESP_START
076 1 0867441796 LICK
076 1 0867442280 REWARD_START
076 1 0867598276 LICK
076 1 0867716816 LICK
076 1 0867807668 LICK
076 1 0867937404 LICK
076 1 0868021308 LICK
076 1 0868128148 LICK
076 1 0868266624 LICK
076 1 0868378044 LICK
076 1 0868508464 LICK
076 1 0868568596 RESP_END
076 1 0867455304 REWARD_END
077 1 0875400236 STIM_START
077 1 0877894308 LICK
077 1 0878030616 LICK
077 1 0878578760 LICK
077 1 0878743488 LICK
077 1 0879175808 STIM_END_RESP_START
077 1 0879202360 LICK
077 1 0879202848 REWARD_START
077 1 0879376964 LICK
077 1 0879495416 LICK
077 1 0879587876 LICK
077 1 0879680092 LICK
077 1 0879788868 LICK
077 1 0879909236 LICK
077 1 0880052584 LICK
077 1 0880176676 LICK
077 1 0880354432 LICK
077 1 0880375856 RESP_END
077 1 0879215872 REWARD_END
078 0 0883775892 STIM_START
078 0 0884103332 LICK
078 0 0886073784 LICK
078 0 0886256632 LICK
078 0 0886763276 LICK
078 0 0886979108 LICK
078 0 0887301440 STIM_END_RESP_START
078 0 0887500300 LICK
078 0 0887500784 TIMEOUT_START
078 0 0888209672 LICK
078 0 0888210156 TIMEOUT_START
078 0 0888350804 LICK
078 0 0888351288 TIMEOUT_START
078 0 0888501452 RESP_END
078 0 0895351804 TIMEOUT_END
079 0 0899624956 STIM_START
079 0 0900596024 LICK
079 0 0900770660 LICK
079 0 0902470196 LICK
079 0 0903650576 STIM_END_RESP_START
079 0 0904212640 LICK
079 0 0904213124 TIMEOUT_START
079 0 0904410128 LICK
079 0 0904410612 TIMEOUT_START
079 0 0904850624 RESP_END
079 0 0911411120 TIMEOUT_END
080 0 0914434952 STIM_START
080 0 0915758260 LICK
080 0 0915983700 LICK
080 0 0916737004 LICK
080 0 0917214456 LICK
080 0 0917960508 STIM_END_RESP_START
080 0 0919160540 RESP_END
081 1 0921159220 STIM_START
081 1 0924934808 STIM_END_RESP_START
081 1 0925926520 LICK
081 1 0925927004 REWARD_START
081 1 0926082996 LICK
081 1 0926134844 RESP_END
081 1 0925940028 REWARD_END
082 0 0931478260 STIM_START
082 0 0931583772 LICK
082 0 0931847956 LICK
082 0 0932013288 LICK
082 0 0933451144 LICK
082 0 0933615348 LICK
082 0 0933895956 LICK
082 0 0934118980 LICK
082 0 0934377628 LICK
082 0 0935003780 STIM_END_RESP_START
082 0 0935459308 LICK
082 0 0935459792 TIMEOUT_START
082 0 0936010416 LICK
082 0 0936010908 TIMEOUT_START
082 0 0936197348 LICK
082 0 0936197832 TIMEOUT_START
082 0 0936203808 RESP_END
082 0 0943198348 TIMEOUT_END
083 1 0945011936 STIM_START
083 1 0946195220 LICK
083 1 0946778004 LICK
083 1 0947272572 LICK
083 1 0947681928 LICK
083 1 0948638028 LICK
083 1 0948787504 STIM_END_RESP_START
083 1 0948927916 LICK
083 1 0948928404 REWARD_START
083 1 0949164732 LICK
083 1 0949258744 LICK
083 1 0949344020 LICK
083 1 0949456684 LICK
083 1 0949561504 LICK
083 1 0949681900 LICK
083 1 0949816464 LICK
083 1 0949943372 LICK
083 1 0949987548 RESP_END
083 1 0948941428 REWARD_END
084 1 0955723036 STIM_START
084 1 0955774024 LICK
084 1 0956239304 LICK
084 1 0956407968 LICK
084 1 0956771644 LICK
084 1 0957691644 LICK
084 1 0957896384 LICK
084 1 0958398800 LICK
084 1 0959248556 STIM_END_RESP_START
084 1 0959670336 LICK
084 1 0959670824 REWARD_START
084 1 0959826544 LICK
084 1 0959956016 LICK
084 1 0960152420 LICK
084 1 0960260056 LICK
084 1 0960394768 LICK
084 1 0960448596 RESP_END
084 1 0959683848 REWARD_END
085 1 0971316096 STIM_START
085 1 0971633644 LICK
085 1 0971872636 LICK
085 1 0973887236 LICK
085 1 0974089320 LICK
085 1 0975341696 STIM_END_RESP_START
085 1 0976541732 RESP_END
086 0 0978377484 STIM_START
086 0 0980995604 LICK
086 0 0981289880 LICK
086 0 0981903008 STIM_END_RESP_START
086 0 0982236508 LICK
086 0 0982236996 TIMEOUT_START
086 0 0982570380 LICK
086 0 0982570864 TIMEOUT_START
086 0 0982892556 LICK
086 0 0982893044 TIMEOUT_START
086 0 0983103040 RESP_END
086 0 0989893552 TIMEOUT_END
087 1 0994004520 STIM_START
087 1 0997780108 STIM_END_RESP_START
087 1 0998150716 LICK
087 1 0998151212 REWARD_START
087 1 0998333912 LICK
087 1 0998531112 LICK
087 1 0998635252 LICK
087 1 0998745004 LICK
087 1 0998860340 LICK
087 1 0998976756 LICK
087 1 0998980136 RESP_END
087 1 0998164228 REWARD_END
088 0 1002928276 STIM_START
088 0 1003968960 LICK
088 0 1004179388 LICK
088 0 1004444540 LICK
088 0 1005064844 LICK
088 0 1005944612 LICK
088 0 1006085760 LICK
088 0 1006419948 LICK
088 0 1006703856 STIM_END_RESP_START
088 0 1006727492 LICK
088 0 1006728024 TIMEOUT_START
088 0 1007149392 LICK
088 0 1007149924 TIMEOUT_START
088 0 1007375960 LICK
088 0 1007376496 TIMEOUT_START
088 0 1007608808 LICK
088 0 1007609348 TIMEOUT_START
088 0 1007903896 RESP_END
088 0 1014609924 TIMEOUT_END
089 1 1019170504 STIM_START
089 1 1019416404 LICK
089 1 1019591724 LICK
089 1 1019892104 LICK
089 1 1020828152 LICK
089 1 1021948568 LICK
089 1 1022145400 LICK
089 1 1022368660 LICK
089 1 1022946084 STIM_END_RESP_START
089 1 1023867508 LICK
089 1 1023868048 REWARD_START
089 1 1024043248 LICK
089 1 1024146116 RESP_END
089 1 1023881124 REWARD_END
090 1 1027927180 STIM_START
090 1 1030126336 LICK
090 1 1030534460 LICK
090 1 1031202672 STIM_END_RESP_START
090 1 1031344772 LICK
090 1 1031345308 REWARD_START
090 1 1031499680 LICK
090 1 1031617524 LICK
090 1 1031712148 LICK
090 1 1031839408 LICK
090 1 1031940020 LICK
090 1 1032052016 LICK
090 1 1032184456 LICK
090 1 1032336984 LICK
090 1 1032402704 RESP_END
090 1 1031358384 REWARD_END
091 1 1036171828 STIM_START
091 1 1036499592 LICK
091 1 1036645892 LICK
091 1 1037186972 LICK
091 1 1037421924 LICK
091 1 1037698728 LICK
091 1 1038041668 LICK
091 1 1039100204 LICK
091 1 1039320388 LICK
091 1 1039447336 STIM_END_RESP_START
091 1 1039651384 LICK
091 1 1039651924 REWARD_START
091 1 1039919176 LICK
091 1 1040015164 LICK
091 1 1040130452 LICK
091 1 1040254924 LICK
091 1 1040390248 LICK
091 1 1040519488 LICK
091 1 1040647372 RESP_END
091 1 1039664996 REWARD_END
092 0 1046204788 STIM_START
092 0 1047900684 LICK
092 0 1048063732 LICK
092 0 1048296904 LICK
092 0 1048523208 LICK
092 0 1049480284 STIM_END_RESP_START
092 0 1050680336 RESP_END
093 0 1052387012 STIM_START
093 0 1052709856 LICK
093 0 1052939156 LICK
093 0 1053183268 LICK
093 0 1053617288 LICK
093 0 1054407660 LICK
093 0 1054771692 LICK
093 0 1054983476 LICK
093 0 1055662532 STIM_END_RESP_START
093 0 1055715412 LICK
093 0 1055715944 TIMEOUT_START
093 0 1055894492 LICK
093 0 1055895028 TIMEOUT_START
093 0 1056116176 LICK
093 0 1056116704 TIMEOUT_START
093 0 1056862580 RESP_END
093 0 1063117260 TIMEOUT_END
094 0 1075116536 STIM_START
094 0 1079142148 STIM_END_RESP_START
094 0 1080342160 RESP_END
095 1 1082387876 STIM_START
095 1 1083806260 LICK
095 1 1083934312 LICK
095 1 1084234696 LICK
095 1 1084737812 LICK
095 1 1085285288 LICK
095 1 1085523712 LICK
095 1 1086152500 LICK
095 1 1086163460 STIM_END_RESP_START
095 1 1086422072 LICK
095 1 1086422604 REWARD_START
095 1 1086591544 LICK
095 1 1086743144 LICK
095 1 1086834648 LICK
095 1 1086968988 LICK
095 1 1087056540 LICK
095 1 1087180736 LICK
095 1 1087321312 LICK
095 1 1087363480 RESP_END
095 1 1086435684 REWARD_END
096 1 1091179556 STIM_START
096 1 1091907552 LICK
096 1 1092064896 LICK
096 1 1092312800 LICK
096 1 1092572644 LICK
096 1 1092791644 LICK
096 1 1093010820 LICK
096 1 1093290932 LICK
096 1 1094214796 LICK
096 1 1094416412 LICK
096 1 1094594624 LICK
096 1 1094705088 STIM_END_RESP_START
096 1 1094806500 LICK
096 1 1094807036 REWARD_START
096 1 1095008212 LICK
096 1 1095161436 LICK
096 1 1095243800 LICK
096 1 1095382556 LICK
096 1 1095498384 LICK
096 1 1095622260 LICK
096 1 1095770112 LICK
096 1 1095905104 RESP_END
096 1 1094820116 REWARD_END
097 1 1099506272 STIM_START
097 1 1101605712 LICK
097 1 1101752516 LICK
097 1 1101962684 LICK
097 1 1102213328 LICK
097 1 1102572856 LICK
097 1 1102810848 LICK
097 1 1103531896 STIM_END_RESP_START
097 1 1103722512 LICK
097 1 1103723044 REWARD_START
097 1 1103915764 LICK
097 1 1104086848 LICK
097 1 1104233076 LICK
097 1 1104370020 LICK
097 1 1104513116 LICK
097 1 1104700868 LICK
097 1 1104731936 RESP_END
097 1 1103736124 REWARD_END
098 0 1115146324 STIM_START
098 0 1116438228 LICK
098 0 1116671176 LICK
098 0 1118822476 LICK
098 0 1118992208 LICK
098 0 1119171928 STIM_END_RESP_START
098 0 1119230148 LICK
098 0 1119230684 TIMEOUT_START
098 0 1119454884 LICK
098 0 1119455424 TIMEOUT_START
098 0 1119788232 LICK
098 0 1119788764 TIMEOUT_START
098 0 1120371972 RESP_END
098 0 1126789324 TIMEOUT_END
099 0 1128622956 STIM_START
099 0 1132648572 STIM_END_RESP_START
099 0 1133183716 LICK
099 0 1133184252 TIMEOUT_START
099 0 1133358388 LICK
099 0 1133358920 TIMEOUT_START
099 0 1133544988 LICK
099 0 1133545524 TIMEOUT_START
099 0 1133829368 LICK
099 0 1133829900 TIMEOUT_START
099 0 1133848616 RESP_END
099 0 1140830460 TIMEOUT_END
100 1 1145025192 STIM_START
100 1 1146504824 LICK
100 1 1146893488 LICK
100 1 1147979956 LICK
100 1 1148237720 LICK
100 1 1148300696 STIM_END_RESP_START
100 1 1148524028 LICK
100 1 1148524564 REWARD_START
100 1 1148787756 LICK
100 1 1148886148 LICK
100 1 1148989616 LICK
100 1 1149100260 LICK
100 1 1149210116 LICK
100 1 1149342848 LICK
100 1 1149476172 LICK
100 1 1149500740 RESP_END
100 1 1148537636 REWARD_END
101 0 1153323800 STIM_START
101 0 1157099372 STIM_END_RESP_START
101 0 1157396120 LICK
101 0 1157396656 TIMEOUT_START
101 0 1157525200 LICK
101 0 1157525740 TIMEOUT_START
101 0 1157686268 LICK
101 0 1157686804 TIMEOUT_START
101 0 1157826112 LICK
101 0 1157826648 TIMEOUT_START
101 0 1158017304 LICK
101 0 1158017836 TIMEOUT_START
101 0 1158191116 LICK
101 0 1158191648 TIMEOUT_START
101 0 1158299408 RESP_END
101 0 1165192212 TIMEOUT_END
102 0 1174311924 STIM_START
102 0 1175320700 LICK
102 0 1176604428 LICK
102 0 1176816428 LICK
102 0 1178337544 STIM_END_RESP_START
102 0 1179537556 RESP_END
103 1 1181544352 STIM_START
103 1 1184879504 LICK
103 1 1185041668 LICK
103 1 1185069896 STIM_END_RESP_START
103 1 1185219504 LICK
103 1 1185220044 REWARD_START
103 1 1185393604 LICK
103 1 1185487788 LICK
103 1 1185589296 LICK
103 1 1185687256 LICK
103 1 1185811236 LICK
103 1 1185940528 LICK
103 1 1186068132 LICK
103 1 1186185684 LICK
103 1 1186269912 RESP_END
103 1 1185233104 REWARD_END
104 0 1191743328 STIM_START
104 0 1192420388 LICK
104 0 1192587912 LICK
104 0 1192934688 LICK
104 0 1193257928 LICK
104 0 1193474948 LICK
104 0 1194542708 LICK
104 0 1194715488 LICK
104 0 1195087448 LICK
104 0 1195497008 LICK
104 0 1195518896 STIM_END_RESP_START
104 0 1196718936 RESP_END
105 0 1199957976 STIM_START
105 0 1200256048 LICK
105 0 1200490732 LICK
105 0 1203483512 STIM_END_RESP_START
105 0 1204683528 RESP_END
106 0 1206756348 STIM_START
106 0 1207081564 LICK
106 0 1207274256 LICK
106 0 1207611664 LICK
106 0 1208067384 LICK
106 0 1208684052 LICK
106 0 1208857092 LICK
106 0 1209834948 LICK
106 0 1210031868 STIM_END_RESP_START
106 0 1210176320 LICK
106 0 1210176860 TIMEOUT_START
106 0 1210351740 LICK
106 0 1210352276 TIMEOUT_START
106 0 1210793556 LICK
106 0 1210794096 TIMEOUT_START
106 0 1211179616 LICK
106 0 1211180156 TIMEOUT_START
106 0 1211231884 RESP_END
106 0 1218180716 TIMEOUT_END
107 1 1222648520 STIM_START
107 1 1223330904 LICK
107 1 1224155204 LICK
107 1 1226174080 STIM_END_RESP_START
107 1 1226283192 LICK
107 1 1226283724 REWARD_START
107 1 1226443552 LICK
107 1 1226568184 LICK
107 1 1226680452 LICK
107 1 1226762676 LICK
107 1 1226881812 LICK
107 1 1227016808 LICK
107 1 1227133060 LICK
107 1 1227270232 LICK
107 1 1227374104 RESP_END
107 1 1226296804 REWARD_END
108 1 1231017056 STIM_START
108 1 1231573676 LICK
108 1 1232842372 LICK
108 1 1233053340 LICK
108 1 1233425900 LICK
108 1 1233787184 LICK
108 1 1234084232 LICK
108 1 1234458404 LICK
108 1 1234542608 STIM_END_RESP_START
108 1 1235628864 LICK
108 1 1235629400 REWARD_START
108 1 1235742620 RESP_END
108 1 1235642464 REWARD_END
109 0 1240344912 STIM_START
109 0 1240845532 LICK
109 0 1243489640 LICK
109 0 1243664684 LICK
109 0 1244072368 LICK
109 0 1244370544 STIM_END_RESP_START
109 0 1244468156 LICK
109 0 1244468696 TIMEOUT_START
109 0 1244671252 LICK
109 0 1244671784 TIMEOUT_START
109 0 1245570588 RESP_END
109 0 1251672348 TIMEOUT_END
110 0 1253765512 STIM_START
110 0 1256067408 LICK
110 0 1256224392 LICK
110 0 1256446484 LICK
110 0 1257045964 LICK
110 0 1257249476 LICK
110 0 1257528436 LICK
110 0 1257541096 STIM_END_RESP_START
110 0 1257704488 LICK
110 0 1257705020 TIMEOUT_START
110 0 1258070304 LICK
110 0 1258070836 TIMEOUT_START
110 0 1258741140 RESP_END
110 0 1265071408 TIMEOUT_END
111 1 1267106164 STIM_START
111 1 1270881728 STIM_END_RESP_START
111 1 1272081744 RESP_END
112 1 1274069516 STIM_START
112 1 1277845080 STIM_END_RESP_START
112 1 1278644856 LICK
112 1 1278645396 REWARD_START
112 1 1278790684 LICK
112 1 1279014524 LICK
112 1 1279045112 RESP_END
112 1 1278658468 REWARD_END
113 0 1283792400 STIM_START
113 0 1285293176 LICK
113 0 1285460896 LICK
113 0 1285632600 LICK
113 0 1285860148 LICK
113 0 1286181452 LICK
113 0 1286477200 LICK
113 0 1286664680 LICK
113 0 1286874808 LICK
113 0 1287067912 STIM_END_RESP_START
113 0 1287105844 LICK
113 0 1287106376 TIMEOUT_START
113 0 1287898496 LICK
113 0 1287899028 TIMEOUT_START
113 0 1288147624 LICK
113 0 1288148160 TIMEOUT_START
113 0 1288267928 RESP_END
113 0 1295148712 TIMEOUT_END
114 1 1298835380 STIM_START
114 1 1302569032 LICK
114 1 1302742440 LICK
114 1 1302860984 STIM_END_RESP_START
114 1 1302960516 LICK
114 1 1302961048 REWARD_START
114 1 1303189352 LICK
114 1 1303304256 LICK
114 1 1303408320 LICK
114 1 1303509160 LICK
114 1 1303636860 LICK
114 1 1303741872 LICK
114 1 1303881020 LICK
114 1 1304050088 LICK
114 1 1304061004 RESP_END
114 1 1302974124 REWARD_END
115 1 1307454072 STIM_START
115 1 1308898596 LICK
115 1 1309075724 LICK
115 1 1309342284 LICK
115 1 1309695200 LICK
115 1 1309896244 LICK
115 1 1310148060 LICK
115 1 1310329572 LICK
115 1 1310627560 LICK
115 1 1311229636 STIM_END_RESP_START
115 1 1311939588 LICK
115 1 1311940120 REWARD_START
115 1 1312125424 LICK
115 1 1312236940 LICK
115 1 1312319288 LICK
115 1 1312429668 RESP_END
115 1 1311953200 REWARD_END
116 0 1316565868 STIM_START
116 0 1316873260 LICK
116 0 1319288560 LICK
116 0 1319429784 LICK
116 0 1319592968 LICK
116 0 1319776332 LICK
116 0 1319841392 STIM_END_RESP_START
116 0 1320010464 LICK
116 0 1320011000 TIMEOUT_START
116 0 1320278828 LICK
116 0 1320279368 TIMEOUT_START
116 0 1320564532 LICK
116 0 1320565068 TIMEOUT_START
116 0 1320776852 LICK
116 0 1320777384 TIMEOUT_START
116 0 1320999596 LICK
116 0 1321000132 TIMEOUT_START
116 0 1321041416 RESP_END
116 0 1328000692 TIMEOUT_END
117 1 1331752840 STIM_START
117 1 1332085036 LICK
117 1 1332261696 LICK
117 1 1334661512 LICK
117 1 1334853492 LICK
117 1 1335028344 STIM_END_RESP_START
117 1 1335068132 LICK
117 1 1335068668 REWARD_START
117 1 1335253224 LICK
117 1 1335383500 LICK
117 1 1335473416 LICK
117 1 1335604936 LICK
117 1 1335709880 LICK
117 1 1335838396 LICK
117 1 1335967224 LICK
117 1 1336103136 LICK
117 1 1336228388 RESP_END
117 1 1335081744 REWARD_END
118 1 1341639800 STIM_START
118 1 1343403536 LICK
118 1 1343766020 LICK
118 1 1344915320 STIM_END_RESP_START
118 1 1345725864 LICK
118 1 1345726396 REWARD_START
118 1 1345887668 LICK
118 1 1346058820 LICK
118 1 1346115340 RESP_END
118 1 1345739472 REWARD_END
119 0 1384936208 STIM_START
119 0 1385737980 LICK
119 0 1385894616 LICK
119 0 1386112536 LICK
119 0 1386235652 LICK
119 0 1386307476 LICK
119 0 1386475264 LICK
119 0 1386619660 LICK
119 0 1386800224 LICK
119 0 1387080384 LICK
119 0 1387314220 LICK
119 0 1387667796 LICK
119 0 1388136256 LICK
119 0 1388390564 LICK
119 0 1388684196 LICK
119 0 1388711780 STIM_END_RESP_START
119 0 1388876176 LICK
119 0 1388876704 TIMEOUT_START
119 0 1389213752 LICK
119 0 1389214284 TIMEOUT_START
119 0 1389532712 LICK
119 0 1389533248 TIMEOUT_START
119 0 1389663636 LICK
119 0 1389664168 TIMEOUT_START
119 0 1389911812 RESP_END
119 0 1396664728 TIMEOUT_END
120 0 1399025000 STIM_START
120 0 1399137008 LICK
120 0 1399331328 LICK
120 0 1399454924 LICK
120 0 1399702704 LICK
120 0 1400294052 LICK
120 0 1400571184 LICK
120 0 1400927336 LICK
120 0 1401438816 LICK
120 0 1401755520 LICK
120 0 1402300496 STIM_END_RESP_START
120 0 1403500544 RESP_END
121 1 1405630268 STIM_START
121 1 1407009068 LICK
121 1 1407146684 LICK
121 1 1407728288 LICK
121 1 1407932856 LICK
121 1 1408324432 LICK
121 1 1408615636 LICK
121 1 1408842484 LICK
121 1 1409060088 LICK
121 1 1409363212 LICK
121 1 1409405852 STIM_END_RESP_START
121 1 1409601664 LICK
121 1 1409602196 REWARD_START
121 1 1409789100 LICK
121 1 1409914332 LICK
121 1 1410036080 LICK
121 1 1410136724 LICK
121 1 1410260776 LICK
121 1 1410406372 LICK
121 1 1410556904 LICK
121 1 1410605900 RESP_END
121 1 1409615272 REWARD_END
122 0 1413802856 STIM_START
122 0 1416183648 LICK
122 0 1416329176 LICK
122 0 1416525500 LICK
122 0 1417078352 STIM_END_RESP_START
122 0 1417478660 LICK
122 0 1417479196 TIMEOUT_START
122 0 1417638252 LICK
122 0 1417638780 TIMEOUT_START
122 0 1417799760 LICK
122 0 1417800292 TIMEOUT_START
122 0 1418069380 LICK
122 0 1418069912 TIMEOUT_START
122 0 1418221768 LICK
122 0 1418222300 TIMEOUT_START
122 0 1418278380 RESP_END
122 0 1425222864 TIMEOUT_END
123 0 1427442548 STIM_START
123 0 1427873980 LICK
123 0 1428040468 LICK
123 0 1428281924 LICK
123 0 1428444308 LICK
123 0 1428663892 LICK
123 0 1428931532 LICK
123 0 1429439364 LICK
123 0 1430146624 LICK
123 0 1430363584 LICK
123 0 1430551992 LICK
123 0 1431302472 LICK
123 0 1431468168 STIM_END_RESP_START
123 0 1431523960 LICK
123 0 1431524500 TIMEOUT_START
123 0 1431785296 LICK
123 0 1431785836 TIMEOUT_START
123 0 1432262688 LICK
123 0 1432263220 TIMEOUT_START
123 0 1432668196 RESP_END
123 0 1439263792 TIMEOUT_END
124 1 1443108652 STIM_START
124 1 1446634208 STIM_END_RESP_START
124 1 1447834220 RESP_END
125 0 1449938968 STIM_START
125 0 1453714532 STIM_END_RESP_START
125 0 1454509108 LICK
125 0 1454509640 TIMEOUT_START
125 0 1454709840 LICK
125 0 1454710372 TIMEOUT_START
125 0 1454890396 LICK
125 0 1454890928 TIMEOUT_START
125 0 1454914568 RESP_END
125 0 1461891488 TIMEOUT_END
126 0 1463660664 STIM_START
126 0 1464060020 LICK
126 0 1464260320 LICK
126 0 1465336852 LICK
126 0 1465630512 LICK
126 0 1467050248 LICK
126 0 1467216308 LICK
126 0 1467436260 STIM_END_RESP_START
126 0 1467456884 LICK
126 0 1467457416 TIMEOUT_START
126 0 1467776352 LICK
126 0 1467776884 TIMEOUT_START
126 0 1468636308 RESP_END
126 0 1474777448 TIMEOUT_END
127 0 1480301924 STIM_START
127 0 1480880880 LICK
127 0 1484327544 STIM_END_RESP_START
127 0 1485527564 RESP_END
128 1 1487754380 STIM_START
128 1 1491779988 STIM_END_RESP_START
128 1 1492119584 LICK
128 1 1492120116 REWARD_START
128 1 1492272740 LICK
128 1 1492499168 LICK
128 1 1492607856 LICK
128 1 1492753064 LICK
128 1 1492835508 LICK
128 1 1492967672 LICK
128 1 1492980028 RESP_END
128 1 1492133196 REWARD_END
129 0 1510619892 STIM_START
129 0 1514435492 LICK
129 0 1514617960 LICK
129 0 1514645520 STIM_END_RESP_START
129 0 1514788924 LICK
129 0 1514789456 TIMEOUT_START
129 0 1515845556 RESP_END
129 0 1521790020 TIMEOUT_END
130 1 1529503600 STIM_START
130 1 1530354900 LICK
130 1 1531181520 LICK
130 1 1531390244 LICK
130 1 1532643100 LICK
130 1 1532859424 LICK
130 1 1533279172 STIM_END_RESP_START
130 1 1533309100 LICK
130 1 1533309636 REWARD_START
130 1 1533495568 LICK
130 1 1533611796 LICK
130 1 1533714832 LICK
130 1 1533816880 LICK
130 1 1533946584 LICK
130 1 1534078468 LICK
130 1 1534198724 LICK
130 1 1534380396 LICK
130 1 1534479212 RESP_END
130 1 1533322716 REWARD_END
131 0 1538173332 STIM_START
131 0 1540373212 LICK
131 0 1540999680 LICK
131 0 1541192068 LICK
131 0 1541389980 LICK
131 0 1541609192 LICK
131 0 1541948904 STIM_END_RESP_START
131 0 1542119792 LICK
131 0 1542120328 TIMEOUT_START
131 0 1542343072 LICK
131 0 1542343604 TIMEOUT_START
131 0 1543148924 RESP_END
131 0 1549344164 TIMEOUT_END
132 1 1551349900 STIM_START
132 1 1553506336 LICK
132 1 1553884784 LICK
132 1 1554208476 LICK
132 1 1554445960 LICK
132 1 1554625420 STIM_END_RESP_START
132 1 1554833512 LICK
132 1 1554834044 REWARD_START
132 1 1555126940 LICK
132 1 1555246284 LICK
132 1 1555347452 LICK
132 1 1555474536 LICK
132 1 1555582592 LICK
132 1 1555723892 LICK
132 1 1555825452 RESP_END
132 1 1554847124 REWARD_END
133 0 1560748712 STIM_START
133 0 1562911140 LICK
133 0 1563090480 LICK
133 0 1563244808 LICK
133 0 1563552172 LICK
133 0 1564274268 STIM_END_RESP_START
133 0 1564804696 LICK
133 0 1564805232 TIMEOUT_START
133 0 1564977396 LICK
133 0 1564977928 TIMEOUT_START
133 0 1565221900 LICK
133 0 1565222436 TIMEOUT_START
133 0 1565432516 LICK
133 0 1565433056 TIMEOUT_START
133 0 1565474284 RESP_END
133 0 1572433608 TIMEOUT_END
134 1 1577815092 STIM_START
134 1 1580434372 LICK
134 1 1580689028 LICK
134 1 1581340620 STIM_END_RESP_START
134 1 1581532132 LICK
134 1 1581532672 REWARD_START
134 1 1581694500 LICK
134 1 1581795152 LICK
134 1 1581898836 LICK
134 1 1582004864 LICK
134 1 1582132860 LICK
134 1 1582235988 LICK
134 1 1582369012 LICK
134 1 1582509112 LICK
134 1 1582540652 RESP_END
134 1 1581545752 REWARD_END
135 1 1588646212 STIM_START
135 1 1591221024 LICK
135 1 1591378440 LICK
135 1 1591566508 LICK
135 1 1591824332 LICK
135 1 1592110504 LICK
135 1 1592171756 STIM_END_RESP_START
135 1 1592309968 LICK
135 1 1592310504 REWARD_START
135 1 1592528116 LICK
135 1 1592652276 LICK
135 1 1592744996 LICK
135 1 1592847104 LICK
135 1 1592965444 LICK
135 1 1593082056 LICK
135 1 1593218332 LICK
135 1 1593345668 LICK
135 1 1593371792 RESP_END
135 1 1592323584 REWARD_END
136 1 1599750364 STIM_START
136 1 1600043340 LICK
136 1 1603275888 STIM_END_RESP_START
136 1 1603948528 LICK
136 1 1603949064 REWARD_START
136 1 1604093032 LICK
136 1 1604214992 LICK
136 1 1604312860 LICK
136 1 1604421540 LICK
136 1 1604475924 RESP_END
136 1 1603962144 REWARD_END
137 0 1610468468 STIM_START
137 0 1612137088 LICK
137 0 1612572088 LICK
137 0 1612712568 LICK
137 0 1613743964 STIM_END_RESP_START
137 0 1614373352 LICK
137 0 1614373884 TIMEOUT_START
137 0 1614557944 LICK
137 0 1614558484 TIMEOUT_START
137 0 1614943996 RESP_END
137 0 1621559048 TIMEOUT_END
138 0 1623607064 STIM_START
138 0 1625516948 LICK
138 0 1625706464 LICK
138 0 1626060868 LICK
138 0 1626286076 LICK
138 0 1626882576 STIM_END_RESP_START
138 0 1627084468 LICK
138 0 1627085008 TIMEOUT_START
138 0 1627315136 LICK
138 0 1627315676 TIMEOUT_START
138 0 1627582492 LICK
138 0 1627583028 TIMEOUT_START
138 0 1628082612 RESP_END
138 0 1634583596 TIMEOUT_END
139 1 1639940304 STIM_START
139 1 1640494456 LICK
139 1 1640649736 LICK
139 1 1640896840 LICK
139 1 1641343192 LICK
139 1 1641998560 LICK
139 1 1642246040 LICK
139 1 1643465848 STIM_END_RESP_START
139 1 1644330056 LICK
139 1 1644330588 REWARD_START
139 1 1644497064 LICK
139 1 1644618476 LICK
139 1 1644665880 RESP_END
139 1 1644343664 REWARD_END
140 1 1649265108 STIM_START
140 1 1650808992 LICK
140 1 1650988816 LICK
140 1 1651214536 LICK
140 1 1651415076 LICK
140 1 1651945972 LICK
140 1 1652277304 LICK
140 1 1652491432 LICK
140 1 1652540628 STIM_END_RESP_START
140 1 1652771536 LICK
140 1 1652772076 REWARD_START
140 1 1652990152 LICK
140 1 1653103524 LICK
140 1 1653209624 LICK
140 1 1653292020 LICK
140 1 1653416408 LICK
140 1 1653533192 LICK
140 1 1653653764 LICK
140 1 1653740656 RESP_END
140 1 1652785144 REWARD_END
141 1 1658423928 STIM_START
141 1 1660228792 LICK
141 1 1660460372 LICK
141 1 1660721272 LICK
141 1 1661049740 LICK
141 1 1661493572 LICK
141 1 1661759860 LICK
141 1 1661949456 STIM_END_RESP_START
141 1 1662288620 LICK
141 1 1662289160 REWARD_START
141 1 1662468544 LICK
141 1 1662595892 LICK
141 1 1662702520 LICK
141 1 1662784908 LICK
141 1 1662897992 LICK
141 1 1663012068 LICK
141 1 1663141832 LICK
141 1 1663149488 RESP_END
141 1 1662302236 REWARD_END
142 0 1668802028 STIM_START
142 0 1669125956 LICK
142 0 1669330356 LICK
142 0 1669590500 LICK
142 0 1669826852 LICK
142 0 1670821276 LICK
142 0 1671427856 LICK
142 0 1672350524 LICK
142 0 1672577608 STIM_END_RESP_START
142 0 1673094644 LICK
142 0 1673095180 TIMEOUT_START
142 0 1673777636 RESP_END
142 0 1680095748 TIMEOUT_END
143 1 1683656864 STIM_START
143 1 1686141652 LICK
143 1 1686353368 LICK
143 1 1686774168 LICK
143 1 1686932372 STIM_END_RESP_START
143 1 1687586152 LICK
143 1 1687586684 REWARD_START
143 1 1687773204 LICK
143 1 1687887156 LICK
143 1 1687984044 LICK
143 1 1688086024 LICK
143 1 1688132404 RESP_END
143 1 1687599760 REWARD_END
144 1 1693649816 STIM_START
144 1 1695054940 LICK
144 1 1695242736 LICK
144 1 1696464524 LICK
144 1 1696733152 LICK
144 1 1696977584 LICK
144 1 1697383796 LICK
144 1 1697425420 STIM_END_RESP_START
144 1 1697664332 LICK
144 1 1697664864 REWARD_START
144 1 1698006128 LICK
144 1 1698119292 LICK
144 1 1698218848 LICK
144 1 1698322172 LICK
144 1 1698435488 LICK
144 1 1698553040 LICK
144 1 1698625448 RESP_END
144 1 1697677940 REWARD_END
145 1 1703689788 STIM_START
145 1 1705774740 LICK
145 1 1705936772 LICK
145 1 1706103200 LICK
145 1 1706354460 LICK
145 1 1706634476 LICK
145 1 1707092660 LICK
145 1 1707215340 STIM_END_RESP_START
145 1 1707280068 LICK
145 1 1707280608 REWARD_START
145 1 1707435656 LICK
145 1 1707648092 LICK
145 1 1707760388 LICK
145 1 1707867208 LICK
145 1 1707979592 LICK
145 1 1708108708 LICK
145 1 1708236760 LICK
145 1 1708382612 LICK
145 1 1708415384 RESP_END
145 1 1707293676 REWARD_END
146 0 1717709536 STIM_START
146 0 1721735152 STIM_END_RESP_START
146 0 1721764444 LICK
146 0 1721764980 TIMEOUT_START
146 0 1721945924 LICK
146 0 1721946460 TIMEOUT_START
146 0 1722110088 LICK
146 0 1722110616 TIMEOUT_START
146 0 1722434616 LICK
146 0 1722435148 TIMEOUT_START
146 0 1722693904 LICK
146 0 1722694432 TIMEOUT_START
146 0 1722935180 RESP_END
146 0 1729694980 TIMEOUT_END
147 1 1731801284 STIM_START
147 1 1733283736 LICK
147 1 1733445776 LICK
147 1 1733697528 LICK
147 1 1733966744 LICK
147 1 1734180540 LICK
147 1 1735031164 LICK
147 1 1735197628 LICK
147 1 1735611024 LICK
147 1 1735775768 LICK
147 1 1735826912 STIM_END_RESP_START
147 1 1736354064 LICK
147 1 1736354596 REWARD_START
147 1 1736525260 LICK
147 1 1736647820 LICK
147 1 1736747736 LICK
147 1 1736830172 LICK
147 1 1736948732 LICK
147 1 1737026940 RESP_END
147 1 1736367672 REWARD_END
148 0 1741834228 STIM_START
148 0 1743640252 LICK
148 0 1743781824 LICK
148 0 1743969104 LICK
148 0 1744179668 LICK
148 0 1744413280 LICK
148 0 1744663044 LICK
148 0 1744819952 LICK
148 0 1745020056 LICK
148 0 1745263896 LICK
148 0 1745609788 STIM_END_RESP_START
148 0 1745636332 LICK
148 0 1745636868 TIMEOUT_START
148 0 1745926744 LICK
148 0 1745927280 TIMEOUT_START
148 0 1746256300 LICK
148 0 1746256832 TIMEOUT_START
148 0 1746809836 RESP_END
148 0 1753257376 TIMEOUT_END
149 0 1755366924 STIM_START
149 0 1757813680 LICK
149 0 1758642408 STIM_END_RESP_START
149 0 1759842424 RESP_END
150 0 1762127236 STIM_START
150 0 1765652792 STIM_END_RESP_START
150 0 1766390900 LICK
150 0 1766391432 TIMEOUT_START
150 0 1766524072 LICK
150 0 1766524604 TIMEOUT_START
150 0 1766719304 LICK
150 0 1766719844 TIMEOUT_START
150 0 1766852840 RESP_END
150 0 1773720396 TIMEOUT_END
151 1 1775684920 STIM_START
151 1 1776914028 LICK
151 1 1778604688 LICK
151 1 1779210480 STIM_END_RESP_START
151 1 1779703828 LICK
151 1 1779704364 REWARD_START
151 1 1779901036 LICK
151 1 1780205040 LICK
151 1 1780312900 LICK
151 1 1780410516 RESP_END
151 1 1779717444 REWARD_END
152 0 1783839500 STIM_START
152 0 1784753180 LICK
152 0 1784963164 LICK
152 0 1785156276 LICK
152 0 1785412048 LICK
152 0 1786522972 LICK
152 0 1786668968 LICK
152 0 1786866212 LICK
152 0 1787088596 LICK
152 0 1787298468 LICK
152 0 1787534492 LICK
152 0 1787671824 LICK
152 0 1787817560 LICK
152 0 1787865124 STIM_END_RESP_START
152 0 1788004364 LICK
152 0 1788004896 TIMEOUT_START
152 0 1788372708 LICK
152 0 1788373248 TIMEOUT_START
152 0 1788632560 LICK
152 0 1788633100 TIMEOUT_START
152 0 1788811124 LICK
152 0 1788811660 TIMEOUT_START
152 0 1788956928 LICK
152 0 1788957460 TIMEOUT_START
152 0 1789065140 RESP_END
152 0 1795958028 TIMEOUT_END
153 0 1798090312 STIM_START
153 0 1799310324 LICK
153 0 1799628084 LICK
153 0 1801426072 LICK
153 0 1801589588 LICK
153 0 1801615852 STIM_END_RESP_START
153 0 1802815896 RESP_END
154 1 1804922612 STIM_START
154 1 1805401064 LICK
154 1 1807782340 LICK
154 1 1807946864 LICK
154 1 1808948244 STIM_END_RESP_START
154 1 1809376644 LICK
154 1 1809377176 REWARD_START
154 1 1809538416 LICK
154 1 1809658740 LICK
154 1 1809759920 LICK
154 1 1809855808 LICK
154 1 1809963096 LICK
154 1 1810076324 LICK
154 1 1810148264 RESP_END
154 1 1809390252 REWARD_END
155 1 1813644368 STIM_START
155 1 1814779540 LICK
155 1 1814917104 LICK
155 1 1815114144 LICK
155 1 1815705492 LICK
155 1 1816144508 LICK
155 1 1817044476 LICK
155 1 1817222700 LICK
155 1 1817415996 LICK
155 1 1817419936 STIM_END_RESP_START
155 1 1817576772 LICK
155 1 1817577308 REWARD_START
155 1 1817733712 LICK
155 1 1817859640 LICK
155 1 1817960704 LICK
155 1 1818074268 LICK
155 1 1818176272 LICK
155 1 1818291224 LICK
155 1 1818418932 LICK
155 1 1818563344 LICK
155 1 1818619968 RESP_END
155 1 1817590388 REWARD_END
156 1 1821718968 STIM_START
156 1 1823442520 LICK
156 1 1823637100 LICK
156 1 1824234768 LICK
156 1 1824480472 LICK
156 1 1824774180 LICK
156 1 1824994456 STIM_END_RESP_START
156 1 1825070304 LICK
156 1 1825070836 REWARD_START
156 1 1825243048 LICK
156 1 1825374640 LICK
156 1 1825453160 LICK
156 1 1825550004 LICK
156 1 1825681804 LICK
156 1 1825772184 LICK
156 1 1825896620 LICK
156 1 1826028816 LICK
156 1 1826183296 LICK
156 1 1826194484 RESP_END
156 1 1825083916 REWARD_END
157 0 1830080584 STIM_START
157 0 1830387196 LICK
157 0 1831877024 LICK
157 0 1832971936 LICK
157 0 1833381748 LICK
157 0 1833551624 LICK
157 0 1833828404 LICK
157 0 1833856168 STIM_END_RESP_START
157 0 1833992232 LICK
157 0 1833992764 TIMEOUT_START
157 0 1834346272 LICK
157 0 1834346812 TIMEOUT_START
157 0 1834537956 LICK
157 0 1834538496 TIMEOUT_START
157 0 1834696484 LICK
157 0 1834697024 TIMEOUT_START
157 0 1835056216 RESP_END
157 0 1841697588 TIMEOUT_END
158 1 1843580276 STIM_START
158 1 1843959620 LICK
158 1 1844995392 LICK
158 1 1845292496 LICK
158 1 1846336196 LICK
158 1 1846533652 LICK
158 1 1846872824 LICK
158 1 1847105812 STIM_END_RESP_START
158 1 1847702860 LICK
158 1 1847703392 REWARD_START
158 1 1847855644 LICK
158 1 1848070600 LICK
158 1 1848184288 LICK
158 1 1848277452 LICK
158 1 1848305852 RESP_END
158 1 1847716472 REWARD_END
159 0 1852176876 STIM_START
159 0 1853503752 LICK
159 0 1854393112 LICK
159 0 1855349104 LICK
159 0 1855452396 STIM_END_RESP_START
159 0 1855465860 LICK
159 0 1855466392 TIMEOUT_START
159 0 1855776896 LICK
159 0 1855777428 TIMEOUT_START
159 0 1856022908 LICK
159 0 1856023440 TIMEOUT_START
159 0 1856263516 LICK
159 0 1856264048 TIMEOUT_START
159 0 1856652412 RESP_END
159 0 1863264608 TIMEOUT_END
160 0 1865503536 STIM_START
160 0 1865655436 LICK
160 0 1865969292 LICK
160 0 1866214892 LICK
160 0 1866965680 LICK
160 0 1867183900 LICK
160 0 1869210104 LICK
160 0 1869378504 LICK
160 0 1869529156 STIM_END_RESP_START
160 0 1869600164 LICK
160 0 1869600696 TIMEOUT_START
160 0 1869903724 LICK
160 0 1869904264 TIMEOUT_START
160 0 1870185644 LICK
160 0 1870186176 TIMEOUT_START
160 0 1870729176 RESP_END
160 0 1877186732 TIMEOUT_END
161 1 1879174240 STIM_START
161 1 1879306784 LICK
161 1 1881078400 LICK
161 1 1882699764 STIM_END_RESP_START
161 1 1882883472 LICK
161 1 1882884004 REWARD_START
161 1 1883078736 LICK
161 1 1883217280 LICK
161 1 1883304120 LICK
161 1 1883415772 LICK
161 1 1883550088 LICK
161 1 1883698220 LICK
161 1 1883899804 RESP_END
161 1 1882897080 REWARD_END
162 0 1885959572 STIM_START
162 0 1887604852 LICK
162 0 1887742972 LICK
162 0 1887974224 LICK
162 0 1888401552 LICK
162 0 1888702332 LICK
162 0 1888911152 LICK
162 0 1889154300 LICK
162 0 1889485108 STIM_END_RESP_START
162 0 1889779860 LICK
162 0 1889780392 TIMEOUT_START
162 0 1889996632 LICK
162 0 1889997172 TIMEOUT_START
162 0 1890202204 LICK
162 0 1890202740 TIMEOUT_START
162 0 1890685136 RESP_END
162 0 1897203300 TIMEOUT_END
163 1 1900328368 STIM_START
163 1 1900613236 LICK
163 1 1900872112 LICK
163 1 1902475744 LICK
163 1 1902693500 LICK
163 1 1903491936 LICK
163 1 1903642460 LICK
163 1 1904066108 LICK
163 1 1904103936 STIM_END_RESP_START
163 1 1904413256 LICK
163 1 1904413796 REWARD_START
163 1 1904615900 LICK
163 1 1904850004 LICK
163 1 1904947448 LICK
163 1 1905059060 LICK
163 1 1905194528 LICK
163 1 1905303980 RESP_END
163 1 1904426872 REWARD_END
164 0 1908542028 STIM_START
164 0 1910453812 LICK
164 0 1911109568 LICK
164 0 1911646108 LICK
164 0 1911818416 LICK
164 0 1912317612 STIM_END_RESP_START
164 0 1912333532 LICK
164 0 1912334064 TIMEOUT_START
164 0 1912612544 LICK
164 0 1912613084 TIMEOUT_START
164 0 1912815360 LICK
164 0 1912815900 TIMEOUT_START
164 0 1913491120 LICK
164 0 1913491664 TIMEOUT_START
164 0 1913517648 RESP_END
164 0 1920492224 TIMEOUT_END
165 0 1922604740 STIM_START
165 0 1923809320 LICK
165 0 1924438072 LICK
165 0 1924603468 LICK
165 0 1924993504 LICK
165 0 1925987512 LICK
165 0 1926380324 STIM_END_RESP_START
165 0 1926597480 LICK
165 0 1926598020 TIMEOUT_START
165 0 1927103348 LICK
165 0 1927103884 TIMEOUT_START
165 0 1927375828 LICK
165 0 1927376368 TIMEOUT_START
165 0 1927580372 RESP_END
165 0 1934376924 TIMEOUT_END
166 0 1936144404 STIM_START
166 0 1939419908 STIM_END_RESP_START
166 0 1939833464 LICK
166 0 1939834004 TIMEOUT_START
166 0 1939972444 LICK
166 0 1939972976 TIMEOUT_START
166 0 1940213452 LICK
166 0 1940213988 TIMEOUT_START
166 0 1940396920 LICK
166 0 1940397460 TIMEOUT_START
166 0 1940619960 RESP_END
166 0 1947398012 TIMEOUT_END
167 1 1950496188 STIM_START
167 1 1951613320 LICK
167 1 1952225076 LICK
167 1 1952428356 LICK
167 1 1952630776 LICK
167 1 1953712544 LICK
167 1 1953771676 STIM_END_RESP_START
167 1 1953855676 LICK
167 1 1953856208 REWARD_START
167 1 1954016108 LICK
167 1 1954226240 LICK
167 1 1954341108 LICK
167 1 1954444744 LICK
167 1 1954567648 LICK
167 1 1954682980 LICK
167 1 1954819320 LICK
167 1 1954948928 LICK
167 1 1954971692 RESP_END
167 1 1953869284 REWARD_END
168 1 1958338756 STIM_START
168 1 1961096156 LICK
168 1 1961727896 LICK
168 1 1961871972 LICK
168 1 1962107644 LICK
168 1 1962114340 STIM_END_RESP_START
168 1 1962330636 LICK
168 1 1962331180 REWARD_START
168 1 1962520924 LICK
168 1 1962771124 LICK
168 1 1962868092 LICK
168 1 1962995032 LICK
168 1 1963105640 LICK
168 1 1963203284 LICK
168 1 1963314380 RESP_END
168 1 1962344252 REWARD_END
169 1 1966501360 STIM_START
169 1 1968224296 LICK
169 1 1968412056 LICK
169 1 1968587816 LICK
169 1 1969192900 LICK
169 1 1969400656 LICK
169 1 1969964968 LICK
169 1 1970026888 STIM_END_RESP_START
169 1 1970704956 LICK
169 1 1970705496 REWARD_START
169 1 1970892992 LICK
169 1 1971003288 LICK
169 1 1971095220 LICK
169 1 1971199004 LICK
169 1 1971226924 RESP_END
169 1 1970718568 REWARD_END
170 0 1975449124 STIM_START
170 0 1975934692 LICK
170 0 1977335812 LICK
170 0 1977903944 LICK
170 0 1978095556 LICK
170 0 1978551076 LICK
170 0 1978754736 LICK
170 0 1978974668 STIM_END_RESP_START
170 0 1979777556 LICK
170 0 1979778092 TIMEOUT_START
170 0 1979910076 LICK
170 0 1979910612 TIMEOUT_START
170 0 1980174692 RESP_END
170 0 1986911176 TIMEOUT_END
171 1 1988751720 STIM_START
171 1 1991964656 LICK
171 1 1992277240 STIM_END_RESP_START
171 1 1992486748 LICK
171 1 1992487288 REWARD_START
171 1 1992707356 LICK
171 1 1992980756 LICK
171 1 1993088928 LICK
171 1 1993188468 LICK
171 1 1993300460 LICK
171 1 1993418080 LICK
171 1 1993477256 RESP_END
171 1 1992500348 REWARD_END
172 0 1997237408 STIM_START
172 0 1998865336 LICK
172 0 1999642860 LICK
172 0 2000438168 LICK
172 0 2000604732 LICK
172 0 2000793384 LICK
172 0 2001086204 LICK
172 0 2001263020 STIM_END_RESP_START
172 0 2001661208 LICK
172 0 2001661744 TIMEOUT_START
172 0 2002073292 LICK
172 0 2002073832 TIMEOUT_START
172 0 2002246672 LICK
172 0 2002247204 TIMEOUT_START
172 0 2002463052 RESP_END
172 0 2009247764 TIMEOUT_END
173 0 2011432144 STIM_START
173 0 2013188700 LICK
173 0 2013961016 LICK
173 0 2014789820 LICK
173 0 2014957680 STIM_END_RESP_START
173 0 2014961252 LICK
173 0 2014961788 TIMEOUT_START
173 0 2015754092 LICK
173 0 2015754632 TIMEOUT_START
173 0 2016002968 LICK
173 0 2016003504 TIMEOUT_START
173 0 2016157692 RESP_END
173 0 2023004052 TIMEOUT_END
174 0 2024741756 STIM_START
174 0 2026871920 LICK
174 0 2027066788 LICK
174 0 2027901752 LICK
174 0 2028159724 LICK
174 0 2028462812 LICK
174 0 2028517340 STIM_END_RESP_START
174 0 2028818024 LICK
174 0 2028818564 TIMEOUT_START
174 0 2029320828 LICK
174 0 2029321368 TIMEOUT_START
174 0 2029584360 LICK
174 0 2029584896 TIMEOUT_START
174 0 2029717372 RESP_END
174 0 2036585460 TIMEOUT_END
175 1 2049793716 STIM_START
175 1 2051385928 LICK
175 1 2052115528 LICK
175 1 2053017420 LICK
175 1 2053217580 LICK
175 1 2053319272 STIM_END_RESP_START
175 1 2053692432 LICK
175 1 2053692964 REWARD_START
175 1 2053868660 LICK
175 1 2053999928 LICK
175 1 2054108076 LICK
175 1 2054197868 LICK
175 1 2054299040 LICK
175 1 2054420604 LICK
175 1 2054519296 RESP_END
175 1 2053706044 REWARD_END
176 0 2057213152 STIM_START
176 0 2058575668 LICK
176 0 2059944588 LICK
176 0 2060488664 STIM_END_RESP_START
176 0 2060689524 LICK
176 0 2060690060 TIMEOUT_START
176 0 2060933060 LICK
176 0 2060933600 TIMEOUT_START
176 0 2061260564 LICK
176 0 2061261100 TIMEOUT_START
176 0 2061680736 LICK
176 0 2061681268 TIMEOUT_START
176 0 2061688692 RESP_END
176 0 2068681828 TIMEOUT_END
177 0 2070491736 STIM_START
177 0 2071976968 LICK
177 0 2073747116 LICK
177 0 2073886256 LICK
177 0 2074267308 STIM_END_RESP_START
177 0 2074595500 LICK
177 0 2074596032 TIMEOUT_START
177 0 2074776772 LICK
177 0 2074777308 TIMEOUT_START
177 0 2075081960 LICK
177 0 2075082492 TIMEOUT_START
177 0 2075467348 RESP_END
177 0 2082083048 TIMEOUT_END
178 1 2084169460 STIM_START
178 1 2086130776 LICK
178 1 2086483956 LICK
178 1 2087170924 LICK
178 1 2087444980 STIM_END_RESP_START
178 1 2087801520 LICK
178 1 2087802060 REWARD_START
178 1 2087949532 LICK
178 1 2088281688 LICK
178 1 2088410564 LICK
178 1 2088515372 LICK
178 1 2088644708 LICK
178 1 2088645260 RESP_END
178 1 2087815132 REWARD_END
179 1 2091512876 STIM_START
179 1 2095038436 STIM_END_RESP_START
179 1 2096238456 RESP_END
180 1 2098234200 STIM_START
180 1 2100972792 LICK
180 1 2101759740 STIM_END_RESP_START
180 1 2102095520 LICK
180 1 2102096056 REWARD_START
180 1 2102235572 LICK
180 1 2102565408 LICK
180 1 2102658996 LICK
180 1 2102778988 LICK
180 1 2102959756 RESP_END
180 1 2102109124 REWARD_END
181 0 2105265612 STIM_START
181 0 2107513196 LICK
181 0 2107663644 LICK
181 0 2107944188 LICK
181 0 2108590292 LICK
181 0 2108737492 LICK
181 0 2108791164 STIM_END_RESP_START
181 0 2108862184 LICK
181 0 2108862724 TIMEOUT_START
181 0 2108995068 LICK
181 0 2108995604 TIMEOUT_START
181 0 2109171696 LICK
181 0 2109172236 TIMEOUT_START
181 0 2109991176 RESP_END
181 0 2116172812 TIMEOUT_END
182 0 2118179100 STIM_START
182 0 2119504500 LICK
182 0 2121248264 LICK
182 0 2121382268 LICK
182 0 2121454616 STIM_END_RESP_START
182 0 2121579864 LICK
182 0 2121580396 TIMEOUT_START
182 0 2121816644 LICK
182 0 2121817184 TIMEOUT_START
182 0 2122222632 LICK
182 0 2122223164 TIMEOUT_START
182 0 2122654640 RESP_END
182 0 2129223732 TIMEOUT_END
183 1 2130967616 STIM_START
183 1 2132658984 LICK
183 1 2133631940 LICK
183 1 2133771740 LICK
183 1 2134220204 LICK
183 1 2134243108 STIM_END_RESP_START
183 1 2134649980 LICK
183 1 2134650512 REWARD_START
183 1 2134792440 LICK
183 1 2135011404 LICK
183 1 2135115240 LICK
183 1 2135222452 LICK
183 1 2135335776 LICK
183 1 2135443128 RESP_END
183 1 2134663592 REWARD_END
184 1 2138581116 STIM_START
184 1 2139851512 LICK
184 1 2140089568 LICK
184 1 2140898932 LICK
184 1 2141036800 LICK
184 1 2141766364 LICK
184 1 2141856608 STIM_END_RESP_START
184 1 2141938512 LICK
184 1 2141939052 REWARD_START
184 1 2142082996 LICK
184 1 2142304496 LICK
184 1 2142398276 LICK
184 1 2142509652 LICK
184 1 2142763460 LICK
184 1 2142865456 LICK
184 1 2142994596 LICK
184 1 2143056628 RESP_END
184 1 2141952112 REWARD_END
185 0 2146533716 STIM_START
185 0 2147979288 LICK
185 0 2148157364 LICK
185 0 2148335376 LICK
185 0 2149151232 LICK
185 0 2149264964 LICK
185 0 2149535192 LICK
185 0 2149741868 LICK
185 0 2149809216 STIM_END_RESP_START
185 0 2150540564 LICK
185 0 2150541092 TIMEOUT_START
185 0 2150730736 LICK
185 0 2150731272 TIMEOUT_START
185 0 2151009256 RESP_END
185 0 2157731836 TIMEOUT_END
186 0 2159567240 STIM_START
186 0 2162144608 LICK
186 0 2163057636 LICK
186 0 2163210180 LICK
186 0 2163493332 LICK
186 0 2163592852 STIM_END_RESP_START
186 0 2163812076 LICK
186 0 2163812616 TIMEOUT_START
186 0 2163958908 LICK
186 0 2163959440 TIMEOUT_START
186 0 2164471388 LICK
186 0 2164471928 TIMEOUT_START
186 0 2164792868 RESP_END
186 0 2171472484 TIMEOUT_END
187 1 2173298924 STIM_START
187 1 2174929256 LICK
187 1 2176956460 LICK
187 1 2177074504 STIM_END_RESP_START
187 1 2177085460 LICK
187 1 2177086000 REWARD_START
187 1 2177264636 LICK
187 1 2177483024 LICK
187 1 2177565200 LICK
187 1 2177684544 LICK
187 1 2177792652 LICK
187 1 2177918628 LICK
187 1 2178045644 LICK
187 1 2178186676 LICK
187 1 2178274520 RESP_END
187 1 2177099068 REWARD_END
188 0 2180667348 STIM_START
188 0 2182336176 LICK
188 0 2182498468 LICK
188 0 2183023156 LICK
188 0 2183217160 LICK
188 0 2183383884 LICK
188 0 2183626064 LICK
188 0 2183826088 LICK
188 0 2184204152 LICK
188 0 2184393236 LICK
188 0 2184442924 STIM_END_RESP_START
188 0 2185622952 LICK
188 0 2185623484 TIMEOUT_START
188 0 2185642936 RESP_END
188 0 2192624048 TIMEOUT_END
189 1 2196359444 STIM_START
189 1 2197336116 LICK
189 1 2197527628 LICK
189 1 2197985816 LICK
189 1 2198978336 LICK
189 1 2199186704 LICK
189 1 2199449308 LICK
189 1 2199634968 STIM_END_RESP_START
189 1 2199788268 LICK
189 1 2199788808 REWARD_START
189 1 2200233836 LICK
189 1 2200349164 LICK
189 1 2200440804 LICK
189 1 2200526640 LICK
189 1 2200641892 LICK
189 1 2200756132 LICK
189 1 2200834992 RESP_END
189 1 2199801888 REWARD_END
190 0 2202831720 STIM_START
190 0 2204351604 LICK
190 0 2204530088 LICK
190 0 2204684096 LICK
190 0 2206508968 LICK
190 0 2206681776 LICK
190 0 2206857348 STIM_END_RESP_START
190 0 2206955688 LICK
190 0 2206956220 TIMEOUT_START
190 0 2207328552 LICK
190 0 2207329084 TIMEOUT_START
190 0 2207499472 LICK
190 0 2207500004 TIMEOUT_START
190 0 2207672676 LICK
190 0 2207673212 TIMEOUT_START
190 0 2207995932 LICK
190 0 2207996468 TIMEOUT_START
190 0 2208057376 RESP_END
190 0 2214997032 TIMEOUT_END
191 0 2220570188 STIM_START
191 0 2222940244 LICK
191 0 2223845692 STIM_END_RESP_START
191 0 2224581412 LICK
191 0 2224581952 TIMEOUT_START
191 0 2224766904 LICK
191 0 2224767444 TIMEOUT_START
191 0 2224937896 LICK
191 0 2224938436 TIMEOUT_START
191 0 2225045720 RESP_END
191 0 2231938996 TIMEOUT_END
192 0 2233858812 STIM_START
192 0 2237384332 STIM_END_RESP_START
192 0 2238584348 RESP_END
193 1 2240564084 STIM_START
193 1 2244089640 STIM_END_RESP_START
193 1 2244684044 LICK
193 1 2244684576 REWARD_START
193 1 2244843296 LICK
193 1 2245170860 LICK
193 1 2245289676 RESP_END
193 1 2244697656 REWARD_END
194 0 2248254640 STIM_START
194 0 2252030224 STIM_END_RESP_START
194 0 2252035888 LICK
194 0 2252036428 TIMEOUT_START
194 0 2252142604 LICK
194 0 2252143136 TIMEOUT_START
194 0 2252295120 LICK
194 0 2252295656 TIMEOUT_START
194 0 2253230248 RESP_END
194 0 2259296220 TIMEOUT_END
195 0 2262722472 STIM_START
195 0 2263303376 LICK
195 0 2265548156 LICK
195 0 2265708152 LICK
195 0 2266701428 LICK
195 0 2266748100 STIM_END_RESP_START
195 0 2266888676 LICK
195 0 2266889208 TIMEOUT_START
195 0 2267948116 RESP_END
195 0 2273889776 TIMEOUT_END
196 1 2276066104 STIM_START
196 1 2278153540 LICK
196 1 2279591656 STIM_END_RESP_START
196 1 2280791672 RESP_END
197 1 2282828436 STIM_START
197 1 2286103948 STIM_END_RESP_START
197 1 2287303964 RESP_END
198 0 2289466744 STIM_START
198 0 2292204288 LICK
198 0 2293242304 STIM_END_RESP_START
198 0 2293760796 LICK
198 0 2293761332 TIMEOUT_START
198 0 2294020156 LICK
198 0 2294020688 TIMEOUT_START
198 0 2294186084 LICK
198 0 2294186616 TIMEOUT_START
198 0 2294386008 LICK
198 0 2294386540 TIMEOUT_START
198 0 2294442324 RESP_END
198 0 2301387100 TIMEOUT_END
199 1 2303232420 STIM_START
199 1 2306123352 LICK
199 1 2306757956 STIM_END_RESP_START
199 1 2307099560 LICK
199 1 2307100096 REWARD_START
199 1 2307263852 LICK
199 1 2307579756 LICK
199 1 2307693892 LICK
199 1 2307791688 LICK
199 1 2307915944 LICK
199 1 2307957964 RESP_END
199 1 2307113156 REWARD_END
200 0 2310093804 STIM_START
200 0 2311545560 LICK
200 0 2313105124 LICK
200 0 2313247012 LICK
200 0 2313433480 LICK
200 0 2313614620 LICK
200 0 2313825956 LICK
200 0 2313947552 LICK
200 0 2314119412 STIM_END_RESP_START
200 0 2314146880 LICK
200 0 2314147416 TIMEOUT_START
200 0 2314508036 LICK
200 0 2314508576 TIMEOUT_START
200 0 2314710444 LICK
200 0 2314710976 TIMEOUT_START
200 0 2315319424 RESP_END
200 0 2321711536 TIMEOUT_END
201 0 2323778440 STIM_START
201 0 2325512228 LICK
201 0 2325667876 LICK
201 0 2325888404 LICK
201 0 2327053944 STIM_END_RESP_START
201 0 2327601448 LICK
201 0 2327601980 TIMEOUT_START
201 0 2327801536 LICK
201 0 2327802076 TIMEOUT_START
201 0 2328017404 LICK
201 0 2328017940 TIMEOUT_START
201 0 2328253980 RESP_END
201 0 2335018492 TIMEOUT_END
202 1 2337226128 STIM_START
202 1 2341251740 STIM_END_RESP_START
202 1 2342451756 RESP_END
203 0 2344316552 STIM_START
203 0 2347842072 STIM_END_RESP_START
203 0 2349042088 RESP_END
204 1 2350970856 STIM_START
204 1 2352055528 LICK
204 1 2354312408 LICK
204 1 2354496408 STIM_END_RESP_START
204 1 2354675160 LICK
204 1 2354675696 REWARD_START
204 1 2354970188 LICK
204 1 2355253520 LICK
204 1 2355472408 LICK
204 1 2355585672 LICK
204 1 2355696424 RESP_END
204 1 2354688776 REWARD_END
205 1 2358032256 STIM_START
205 1 2358714272 LICK
205 1 2358885928 LICK
205 1 2360657672 LICK
205 1 2360807048 LICK
205 1 2361543568 LICK
205 1 2361688212 LICK
205 1 2361807840 STIM_END_RESP_START
205 1 2361881732 LICK
205 1 2361882264 REWARD_START
205 1 2362011112 LICK
205 1 2362230684 LICK
205 1 2362339460 LICK
205 1 2362445464 LICK
205 1 2362557916 LICK
205 1 2362684464 LICK
205 1 2362801908 LICK
205 1 2362942140 LICK
205 1 2363007872 RESP_END
205 1 2361895340 REWARD_END
206 0 2364984608 STIM_START
206 0 2367481572 LICK
206 0 2368260140 STIM_END_RESP_START
206 0 2368598200 LICK
206 0 2368598732 TIMEOUT_START
206 0 2368763488 LICK
206 0 2368764024 TIMEOUT_START
206 0 2368974488 LICK
206 0 2368975024 TIMEOUT_START
206 0 2369272668 LICK
206 0 2369273208 TIMEOUT_START
206 0 2369460172 RESP_END
206 0 2376273764 TIMEOUT_END
207 1 2378044176 STIM_START
207 1 2379289500 LICK
207 1 2380944244 LICK
207 1 2381319680 STIM_END_RESP_START
207 1 2382092348 LICK
207 1 2382092884 REWARD_START
207 1 2382243644 LICK
207 1 2382519696 RESP_END
207 1 2382105960 REWARD_END
208 0 2385065500 STIM_START
208 0 2385902744 LICK
208 0 2387228668 LICK
208 0 2388601760 LICK
208 0 2388763712 LICK
208 0 2389091104 STIM_END_RESP_START
208 0 2389338012 LICK
208 0 2389338552 TIMEOUT_START
208 0 2389463696 LICK
208 0 2389464236 TIMEOUT_START
208 0 2389673064 LICK
208 0 2389673600 TIMEOUT_START
208 0 2390291132 RESP_END
208 0 2396674160 TIMEOUT_END
209 0 2400572604 STIM_START
209 0 2402495320 LICK
209 0 2403068516 LICK
209 0 2403465732 LICK
209 0 2403636232 LICK
209 0 2403848124 STIM_END_RESP_START
209 0 2403922464 LICK
209 0 2403923004 TIMEOUT_START
209 0 2404771752 LICK
209 0 2404772292 TIMEOUT_START
209 0 2404964568 LICK
209 0 2404965100 TIMEOUT_START
209 0 2405048140 RESP_END
209 0 2411965656 TIMEOUT_END
210 0 2419284292 STIM_START
210 0 2422208336 LICK
210 0 2422407580 LICK
210 0 2422809828 STIM_END_RESP_START
210 0 2423049716 LICK
210 0 2423050256 TIMEOUT_START
210 0 2423605496 LICK
210 0 2423606028 TIMEOUT_START
210 0 2423746820 LICK
210 0 2423747352 TIMEOUT_START
210 0 2423936784 LICK
210 0 2423937324 TIMEOUT_START
210 0 2424009856 RESP_END
210 0 2430937880 TIMEOUT_END
211 1 2432755908 STIM_START
211 1 2433082296 LICK
211 1 2434012004 LICK
211 1 2435083660 LICK
211 1 2435383584 LICK
211 1 2435928952 LICK
211 1 2436118868 LICK
211 1 2436303996 LICK
211 1 2436531476 STIM_END_RESP_START
211 1 2437006268 LICK
211 1 2437006808 REWARD_START
211 1 2437192948 LICK
211 1 2437413132 LICK
211 1 2437538916 LICK
211 1 2437636640 LICK
211 1 2437731492 RESP_END
211 1 2437019872 REWARD_END
212 0 2441871680 STIM_START
212 0 2445397236 STIM_END_RESP_START
212 0 2446007040 LICK
212 0 2446007580 TIMEOUT_START
212 0 2446154384 LICK
212 0 2446154924 TIMEOUT_START
212 0 2446327056 LICK
212 0 2446327588 TIMEOUT_START
212 0 2446597280 RESP_END
212 0 2453328148 TIMEOUT_END
213 0 2455183332 STIM_START
213 0 2457784388 LICK
213 0 2458018452 LICK
213 0 2458340812 LICK
213 0 2458458856 STIM_END_RESP_START
213 0 2458935644 LICK
213 0 2458936176 TIMEOUT_START
213 0 2459200712 LICK
213 0 2459201240 TIMEOUT_START
213 0 2459550620 LICK
213 0 2459551156 TIMEOUT_START
213 0 2459658888 RESP_END
213 0 2466551720 TIMEOUT_END
214 1 2468428944 STIM_START
214 1 2471954500 STIM_END_RESP_START
214 1 2472286904 LICK
214 1 2472287444 REWARD_START
214 1 2472440180 LICK
214 1 2472826080 LICK
214 1 2472935020 LICK
214 1 2473062636 LICK
214 1 2473154520 RESP_END
214 1 2472300516 REWARD_END
215 1 2475478316 STIM_START
215 1 2478812560 LICK
215 1 2478938460 LICK
215 1 2479069472 LICK
215 1 2479209640 LICK
215 1 2479503924 STIM_END_RESP_START
215 1 2480703940 RESP_END
216 0 2482700780 STIM_START
216 0 2485014604 LICK
216 0 2485151568 LICK
216 0 2485367804 LICK
216 0 2485847936 LICK
216 0 2485976284 STIM_END_RESP_START
216 0 2486026988 LICK
216 0 2486027528 TIMEOUT_START
216 0 2486186932 LICK
216 0 2486187472 TIMEOUT_START
216 0 2486396672 LICK
216 0 2486397212 TIMEOUT_START
216 0 2487156916 LICK
216 0 2487157452 TIMEOUT_START
216 0 2487176300 RESP_END
216 0 2494158012 TIMEOUT_END
217 0 2496262392 STIM_START
217 0 2498126032 LICK
217 0 2498286716 LICK
217 0 2499270568 LICK
217 0 2499437280 LICK
217 0 2499625732 LICK
217 0 2499787920 STIM_END_RESP_START
217 0 2500048464 LICK
217 0 2500049000 TIMEOUT_START
217 0 2500322936 LICK
217 0 2500323476 TIMEOUT_START
217 0 2500987964 RESP_END
217 0 2507324028 TIMEOUT_END
218 1 2509381004 STIM_START
218 1 2510503472 LICK
218 1 2511041916 LICK
218 1 2512149044 LICK
218 1 2512319760 LICK
218 1 2513222488 LICK
218 1 2513406600 STIM_END_RESP_START
218 1 2513427432 LICK
218 1 2513427972 REWARD_START
218 1 2513781792 LICK
218 1 2514123024 LICK
218 1 2514228152 LICK
218 1 2514338564 LICK
218 1 2514458656 LICK
218 1 2514591808 LICK
218 1 2514606640 RESP_END
218 1 2513441056 REWARD_END
219 0 2517350524 STIM_START
219 0 2518959380 LICK
219 0 2519139396 LICK
219 0 2519563028 LICK
219 0 2520384164 LICK
219 0 2520538308 LICK
219 0 2520713312 LICK
219 0 2520897956 LICK
219 0 2521095612 LICK
219 0 2521126124 STIM_END_RESP_START
219 0 2521288380 LICK
219 0 2521288920 TIMEOUT_START
219 0 2521791016 LICK
219 0 2521791556 TIMEOUT_START
219 0 2521988340 LICK
219 0 2521988872 TIMEOUT_START
219 0 2522164296 LICK
219 0 2522164828 TIMEOUT_START
219 0 2522326140 RESP_END
219 0 2529165384 TIMEOUT_END
220 0 2531261316 STIM_START
220 0 2531593296 LICK
220 0 2533070120 LICK
220 0 2534270388 LICK
220 0 2534444472 LICK
220 0 2534786872 STIM_END_RESP_START
220 0 2535706540 LICK
220 0 2535707080 TIMEOUT_START
220 0 2535847872 LICK
220 0 2535848412 TIMEOUT_START
220 0 2535986904 RESP_END
220 0 2542848964 TIMEOUT_END
221 0 2546591356 STIM_START
221 0 2547192352 LICK
221 0 2549552512 LICK
221 0 2549721124 LICK
221 0 2550616960 STIM_END_RESP_START
221 0 2550791152 LICK
221 0 2550791692 TIMEOUT_START
221 0 2550948460 LICK
221 0 2550949000 TIMEOUT_START
221 0 2551816976 RESP_END
221 0 2557949552 TIMEOUT_END
222 1 2560056956 STIM_START
222 1 2563332464 STIM_END_RESP_START
222 1 2564532480 RESP_END
223 0 2566453284 STIM_START
223 0 2570478892 STIM_END_RESP_START
223 0 2571352768 LICK
223 0 2571353308 TIMEOUT_START
223 0 2571574160 LICK
223 0 2571574696 TIMEOUT_START
223 0 2571678928 RESP_END
223 0 2578575248 TIMEOUT_END
224 1 2580345976 STIM_START
224 1 2584081396 LICK
224 1 2584121548 STIM_END_RESP_START
224 1 2585242568 LICK
224 1 2585243108 REWARD_START
224 1 2585321572 RESP_END
224 1 2585256168 REWARD_END
225 1 2587538420 STIM_START
225 1 2591063976 STIM_END_RESP_START
225 1 2591379780 LICK
225 1 2591380316 REWARD_START
225 1 2591573208 LICK
225 1 2592264004 RESP_END
225 1 2591393396 REWARD_END
226 0 2595881032 STIM_START
226 0 2597031588 LICK
226 0 2598553352 LICK
226 0 2598860200 LICK
226 0 2599079072 LICK
226 0 2599291540 LICK
226 0 2599540504 LICK
226 0 2599656632 STIM_END_RESP_START
226 0 2599838876 LICK
226 0 2599839412 TIMEOUT_START
226 0 2599990564 LICK
226 0 2599991100 TIMEOUT_START
226 0 2600470772 LICK
226 0 2600471304 TIMEOUT_START
226 0 2600856660 RESP_END
226 0 2607471860 TIMEOUT_END
227 0 2609553756 STIM_START
227 0 2613579368 STIM_END_RESP_START
227 0 2614779384 RESP_END
228 1 2616824148 STIM_START
228 1 2620849760 STIM_END_RESP_START
228 1 2621804112 LICK
228 1 2621804648 REWARD_START
228 1 2621961184 LICK
228 1 2622049792 RESP_END
228 1 2621817720 REWARD_END
229 0 2625434876 STIM_START
229 0 2628314732 LICK
229 0 2628454636 LICK
229 0 2628960440 STIM_END_RESP_START
229 0 2629475016 LICK
229 0 2629475556 TIMEOUT_START
229 0 2629635928 LICK
229 0 2629636460 TIMEOUT_START
229 0 2629802228 LICK
229 0 2629802756 TIMEOUT_START
229 0 2630090040 LICK
229 0 2630090568 TIMEOUT_START
229 0 2630160488 RESP_END
229 0 2637091128 TIMEOUT_END
230 0 2639253592 STIM_START
230 0 2641593728 LICK
230 0 2642502612 LICK
230 0 2643279224 STIM_END_RESP_START
230 0 2643421104 LICK
230 0 2643421640 TIMEOUT_START
230 0 2643611424 LICK
230 0 2643611964 TIMEOUT_START
230 0 2643860524 LICK
230 0 2643861056 TIMEOUT_START
230 0 2644097360 LICK
230 0 2644097892 TIMEOUT_START
230 0 2644479244 RESP_END
230 0 2651098448 TIMEOUT_END
231 0 2652982304 STIM_START
231 0 2654104380 LICK
231 0 2654884324 LICK
231 0 2655096192 LICK
231 0 2655932032 LICK
231 0 2656757868 STIM_END_RESP_START
231 0 2657957884 RESP_END
232 1 2660399776 STIM_START
232 1 2662774776 LICK
232 1 2664425408 STIM_END_RESP_START
232 1 2664769240 LICK
232 1 2664769780 REWARD_START
232 1 2664934004 LICK
232 1 2665456004 LICK
232 1 2665578964 LICK
232 1 2665625432 RESP_END
232 1 2664782856 REWARD_END
233 1 2668789416 STIM_START
233 1 2670809716 LICK
233 1 2670962032 LICK
233 1 2671769712 LICK
233 1 2671953560 LICK
233 1 2672174392 LICK
233 1 2672314960 STIM_END_RESP_START
233 1 2672482856 LICK
233 1 2672483396 REWARD_START
233 1 2672613332 LICK
233 1 2672963672 LICK
233 1 2673065048 LICK
233 1 2673184536 LICK
233 1 2673444028 LICK
233 1 2673514980 RESP_END
233 1 2672496468 REWARD_END
234 1 2676595988 STIM_START
234 1 2678564952 LICK
234 1 2678710624 LICK
234 1 2679463736 LICK
234 1 2679871516 STIM_END_RESP_START
234 1 2680008656 LICK
234 1 2680009192 REWARD_START
234 1 2680165296 LICK
234 1 2680319904 LICK
234 1 2680550472 LICK
234 1 2680655884 LICK
234 1 2680777036 LICK
234 1 2680920588 LICK
234 1 2681033664 LICK
234 1 2681071556 RESP_END
234 1 2680022256 REWARD_END
235 0 2684798584 STIM_START
235 0 2688074096 STIM_END_RESP_START
235 0 2688858380 LICK
235 0 2688858908 TIMEOUT_START
235 0 2689065728 LICK
235 0 2689066264 TIMEOUT_START
235 0 2689274132 RESP_END
235 0 2696066812 TIMEOUT_END
236 1 2698131264 STIM_START
236 1 2701656824 STIM_END_RESP_START
236 1 2701998608 LICK
236 1 2701999148 REWARD_START
236 1 2702174336 LICK
236 1 2702497492 LICK
236 1 2702606524 LICK
236 1 2702730896 LICK
236 1 2702847116 LICK
236 1 2702856860 RESP_END
236 1 2702012220 REWARD_END
237 1 2707358024 STIM_START
237 1 2707654420 LICK
237 1 2707872664 LICK
237 1 2709735020 LICK
237 1 2710973908 LICK
237 1 2711198068 LICK
237 1 2711383624 STIM_END_RESP_START
237 1 2711754216 LICK
237 1 2711754748 REWARD_START
237 1 2711992292 LICK
237 1 2712312992 LICK
237 1 2712443532 LICK
237 1 2712562640 LICK
237 1 2712583636 RESP_END
237 1 2711767828 REWARD_END
238 1 2716452872 STIM_START
238 1 2720228444 STIM_END_RESP_START
238 1 2720794144 LICK
238 1 2720794680 REWARD_START
238 1 2720927060 LICK
238 1 2721288792 LICK
238 1 2721415760 LICK
238 1 2721428472 RESP_END
238 1 2720807752 REWARD_END
239 0 2725864672 STIM_START
239 0 2728200752 LICK
239 0 2728334724 LICK
239 0 2728491984 LICK
239 0 2728696632 LICK
239 0 2729344432 LICK
239 0 2729521784 LICK
239 0 2729762480 LICK
239 0 2729890276 STIM_END_RESP_START
239 0 2730034480 LICK
239 0 2730035012 TIMEOUT_START
239 0 2730366776 LICK
239 0 2730367316 TIMEOUT_START
239 0 2730585076 LICK
239 0 2730585616 TIMEOUT_START
239 0 2731090292 RESP_END
239 0 2737586184 TIMEOUT_END
240 1 2739499384 STIM_START
240 1 2741376728 LICK
240 1 2741518300 LICK
240 1 2742296792 LICK
240 1 2742511836 LICK
240 1 2743525024 STIM_END_RESP_START
240 1 2743662144 LICK
240 1 2743662688 REWARD_START
240 1 2743814200 LICK
240 1 2744144848 LICK
240 1 2744268464 LICK
240 1 2744387688 LICK
240 1 2744522824 LICK
240 1 2744664296 LICK
240 1 2744725048 RESP_END
240 1 2743675760 REWARD_END
241 0 2748102036 STIM_START
241 0 2751605064 LICK
241 0 2751781940 LICK
241 0 2751877628 STIM_END_RESP_START
241 0 2751999064 LICK
241 0 2751999600 TIMEOUT_START
241 0 2752168352 LICK
241 0 2752168884 TIMEOUT_START
241 0 2752338164 LICK
241 0 2752338696 TIMEOUT_START
241 0 2752569120 LICK
241 0 2752569656 TIMEOUT_START
241 0 2753039680 LICK
241 0 2753040212 TIMEOUT_START
241 0 2753077644 RESP_END
241 0 2760040776 TIMEOUT_END
242 0 2761937812 STIM_START
242 0 2765463368 STIM_END_RESP_START
242 0 2765776480 LICK
242 0 2765777016 TIMEOUT_START
242 0 2765959624 LICK
242 0 2765960152 TIMEOUT_START
242 0 2766230648 LICK
242 0 2766231180 TIMEOUT_START
242 0 2766663384 RESP_END
242 0 2773231752 TIMEOUT_END
243 0 2775647496 STIM_START
243 0 2775740568 LICK
243 0 2779306744 LICK
243 0 2779423084 STIM_END_RESP_START
243 0 2779481300 LICK
243 0 2779481832 TIMEOUT_START
243 0 2779673840 LICK
243 0 2779674372 TIMEOUT_START
243 0 2780330748 LICK
243 0 2780331284 TIMEOUT_START
243 0 2780463980 LICK
243 0 2780464520 TIMEOUT_START
243 0 2780623128 RESP_END
243 0 2787465084 TIMEOUT_END
244 1 2789302220 STIM_START
244 1 2792577732 STIM_END_RESP_START
244 1 2793777748 RESP_END
245 1 2795795500 STIM_START
245 1 2799321052 STIM_END_RESP_START
245 1 2799842348 LICK
245 1 2799842884 REWARD_START
245 1 2800008580 LICK
245 1 2800378084 LICK
245 1 2800492612 LICK
245 1 2800521100 RESP_END
245 1 2799855960 REWARD_END
246 1 2804230168 STIM_START
246 1 2807386972 LICK
246 1 2807558168 LICK
246 1 2807748208 LICK
246 1 2807881188 LICK
246 1 2808005752 STIM_END_RESP_START
246 1 2808089212 LICK
246 1 2808089752 REWARD_START
246 1 2808316752 LICK
246 1 2808547640 LICK
246 1 2808885304 LICK
246 1 2808981060 LICK
246 1 2809100976 LICK
246 1 2809205776 RESP_END
246 1 2808102824 REWARD_END
247 0 2813102856 STIM_START
247 0 2814201820 LICK
247 0 2814750976 LICK
247 0 2814902408 LICK
247 0 2815098612 LICK
247 0 2815595032 LICK
247 0 2815852072 LICK
247 0 2816378380 STIM_END_RESP_START
247 0 2816518804 LICK
247 0 2816519340 TIMEOUT_START
247 0 2817578424 RESP_END
247 0 2823519888 TIMEOUT_END
248 0 2825552388 STIM_START
248 0 2825970316 LICK
248 0 2826275892 LICK
248 0 2826783864 LICK
248 0 2827235540 LICK
248 0 2828058668 LICK
248 0 2828525364 LICK
248 0 2828827884 STIM_END_RESP_START
248 0 2830027900 RESP_END
249 1 2832119664 STIM_START
249 1 2834215620 LICK
249 1 2836145280 STIM_END_RESP_START
249 1 2837345332 RESP_END
250 1 2839361076 STIM_START
250 1 2840843256 LICK
250 1 2841023672 LICK
250 1 2842636596 STIM_END_RESP_START
250 1 2843059136 LICK
250 1 2843059676 REWARD_START
250 1 2843222496 LICK
250 1 2843596648 LICK
250 1 2843715512 LICK
250 1 2843836632 RESP_END
250 1 2843072736 REWARD_END
251 1 2846457532 STIM_START
251 1 2848247396 LICK
251 1 2848399524 LICK
251 1 2848560284 LICK
251 1 2849878712 LICK
251 1 2850019800 LICK
251 1 2850173792 LICK
251 1 2850233112 STIM_END_RESP_START
251 1 2851234260 LICK
251 1 2851234792 REWARD_START
251 1 2851413936 LICK
251 1 2851433148 RESP_END
251 1 2851247872 REWARD_END
252 0 2854149012 STIM_START
252 0 2858174636 STIM_END_RESP_START
252 0 2858234296 LICK
252 0 2858234828 TIMEOUT_START
252 0 2858455468 LICK
252 0 2858456000 TIMEOUT_START
252 0 2858789468 LICK
252 0 2858790008 TIMEOUT_START
252 0 2859374656 RESP_END
252 0 2865790576 TIMEOUT_END
253 1 2867684692 STIM_START
253 1 2870960204 STIM_END_RESP_START
253 1 2871368516 LICK
253 1 2871369056 REWARD_START
253 1 2871535028 LICK
253 1 2871758580 LICK
253 1 2871859724 LICK
253 1 2871980296 LICK
253 1 2872095804 LICK
253 1 2872160252 RESP_END
253 1 2871382116 REWARD_END
254 1 2874212976 STIM_START
254 1 2875070364 LICK
254 1 2875225680 LICK
254 1 2875372112 LICK
254 1 2875547072 LICK
254 1 2877820156 LICK
254 1 2877993000 LICK
254 1 2878155388 LICK
254 1 2878238588 STIM_END_RESP_START
254 1 2878911108 LICK
254 1 2878911648 REWARD_START
254 1 2879096220 LICK
254 1 2879318056 LICK
254 1 2879434976 LICK
254 1 2879438620 RESP_END
254 1 2878924724 REWARD_END
255 0 2883372772 STIM_START
255 0 2887148348 STIM_END_RESP_START
255 0 2887396244 LICK
255 0 2887396780 TIMEOUT_START
255 0 2887535828 LICK
255 0 2887536360 TIMEOUT_START
255 0 2887673320 LICK
255 0 2887673860 TIMEOUT_START
255 0 2888047236 LICK
255 0 2888047772 TIMEOUT_START
255 0 2888331668 LICK
255 0 2888332200 TIMEOUT_START
255 0 2888348380 RESP_END
255 0 2895332760 TIMEOUT_END
256 0 2897424552 STIM_START
256 0 2899133172 LICK
256 0 2900875092 LICK
256 0 2901069532 LICK
256 0 2901200132 STIM_END_RESP_START
256 0 2901244880 LICK
256 0 2901245420 TIMEOUT_START
256 0 2901450444 LICK
256 0 2901450980 TIMEOUT_START
256 0 2902371876 LICK
256 0 2902372416 TIMEOUT_START
256 0 2902400160 RESP_END
256 0 2909372976 TIMEOUT_END
257 1 2911858404 STIM_START
257 1 2915790576 LICK
257 1 2915884012 STIM_END_RESP_START
257 1 2915971128 LICK
257 1 2915971660 REWARD_START
257 1 2917084056 RESP_END
257 1 2915984740 REWARD_END
258 0 2919080804 STIM_START
258 0 2920665232 LICK
258 0 2921152648 LICK
258 0 2921265812 LICK
258 0 2921404784 LICK
258 0 2921671528 LICK
258 0 2921813808 LICK
258 0 2921945304 LICK
258 0 2922102508 LICK
258 0 2922243600 LICK
258 0 2922856400 STIM_END_RESP_START
258 0 2924056420 RESP_END
259 0 2926136200 STIM_START
259 0 2927896900 LICK
259 0 2928049768 LICK
259 0 2928641276 LICK
259 0 2928797024 LICK
259 0 2928984392 LICK
259 0 2929159260 LICK
259 0 2929390508 LICK
259 0 2929850068 LICK
259 0 2930161820 STIM_END_RESP_START
259 0 2931361836 RESP_END
260 1 2933554712 STIM_START
260 1 2936830228 STIM_END_RESP_START
260 1 2937955760 LICK
260 1 2937956296 REWARD_START
260 1 2938030260 RESP_END
260 1 2937969376 REWARD_END
261 1 2940832080 STIM_START
261 1 2944501564 LICK
261 1 2944607660 STIM_END_RESP_START
261 1 2944662520 LICK
261 1 2944663056 REWARD_START
261 1 2944780244 LICK
261 1 2945018900 LICK
261 1 2945135748 LICK
261 1 2945272508 LICK
261 1 2945407100 LICK
261 1 2945528984 LICK
261 1 2945695736 LICK
261 1 2945807696 RESP_END
261 1 2944676136 REWARD_END
262 0 2947611456 STIM_START
262 0 2949276132 LICK
262 0 2949494620 LICK
262 0 2949667556 LICK
262 0 2949840824 LICK
262 0 2951637056 STIM_END_RESP_START
262 0 2951931432 LICK
262 0 2951931968 TIMEOUT_START
262 0 2952072048 LICK
262 0 2952072584 TIMEOUT_START
262 0 2952301152 LICK
262 0 2952301688 TIMEOUT_START
262 0 2952837092 RESP_END
262 0 2959302244 TIMEOUT_END
263 1 2961059092 STIM_START
263 1 2963457756 LICK
263 1 2964037356 LICK
263 1 2964334620 STIM_END_RESP_START
263 1 2964809484 LICK
263 1 2964810024 REWARD_START
263 1 2965354924 LICK
263 1 2965534636 RESP_END
263 1 2964823084 REWARD_END
264 1 2968469604 STIM_START
264 1 2971745108 STIM_END_RESP_START
264 1 2972945124 RESP_END
265 0 2977414372 STIM_START
265 0 2979750848 LICK
265 0 2979916292 LICK
265 0 2980689892 STIM_END_RESP_START
265 0 2981020608 LICK
265 0 2981021148 TIMEOUT_START
265 0 2981148120 LICK
265 0 2981148656 TIMEOUT_START
265 0 2981825128 LICK
265 0 2981825668 TIMEOUT_START
265 0 2981889904 RESP_END
265 0 2988826232 TIMEOUT_END
266 1 2990769984 STIM_START
266 1 2994295544 STIM_END_RESP_START
266 1 2995495560 RESP_END
267 0 2997501320 STIM_START
267 0 3001434588 LICK
267 0 3001526944 STIM_END_RESP_START
267 0 3001647748 LICK
267 0 3001648284 TIMEOUT_START
267 0 3002583280 LICK
267 0 3002583812 TIMEOUT_START
267 0 3002726976 RESP_END
267 0 3009584372 TIMEOUT_END
268 0 3011768144 STIM_START
268 0 3015043656 STIM_END_RESP_START
268 0 3016083932 LICK
268 0 3016084464 TIMEOUT_START
268 0 3016243700 RESP_END
268 0 3023085020 TIMEOUT_END
269 1 3025245752 STIM_START
269 1 3028771312 STIM_END_RESP_START
269 1 3029724804 LICK
269 1 3029725344 REWARD_START
269 1 3029971328 RESP_END
269 1 3029738420 REWARD_END
270 0 3031903108 STIM_START
270 0 3034333864 LICK
270 0 3034754256 LICK
270 0 3034991488 LICK
270 0 3035122624 LICK
270 0 3035268836 LICK
270 0 3035678680 STIM_END_RESP_START
270 0 3036878696 RESP_END
271 0 3039023464 STIM_START
271 0 3042298980 STIM_END_RESP_START
271 0 3043499032 RESP_END
272 0 3045496764 STIM_START
272 0 3049055420 LICK
272 0 3049247152 LICK
272 0 3049522364 STIM_END_RESP_START
272 0 3049679284 LICK
272 0 3049679820 TIMEOUT_START
272 0 3049888632 LICK
272 0 3049889172 TIMEOUT_START
272 0 3050722396 RESP_END
272 0 3056889724 TIMEOUT_END
273 1 3058974444 STIM_START
273 1 3062249960 STIM_END_RESP_START
273 1 3062985780 LICK
273 1 3062986316 REWARD_START
273 1 3063173928 LICK
273 1 3063450008 RESP_END
273 1 3062999396 REWARD_END
274 0 3066214840 STIM_START
274 0 3070240452 STIM_END_RESP_START
274 0 3070272600 LICK
274 0 3070273136 TIMEOUT_START
274 0 3070400880 LICK
274 0 3070401412 TIMEOUT_START
274 0 3071440484 RESP_END
274 0 3077401984 TIMEOUT_END
275 0 3079562508 STIM_START
275 0 3083338076 STIM_END_RESP_START
275 0 3083900448 LICK
275 0 3083900988 TIMEOUT_START
275 0 3084538096 RESP_END
275 0 3090901544 TIMEOUT_END
276 0 3093097160 STIM_START
276 0 3096372672 STIM_END_RESP_START
276 0 3097572688 RESP_END
277 1 3099484456 STIM_START
277 1 3102759968 STIM_END_RESP_START
277 1 3103959980 RESP_END
278 0 3105913532 STIM_START
278 0 3109189048 STIM_END_RESP_START
278 0 3109258412 LICK
278 0 3109258944 TIMEOUT_START
278 0 3109874232 LICK
278 0 3109874772 TIMEOUT_START
278 0 3110072748 LICK
278 0 3110073284 TIMEOUT_START
278 0 3110295616 LICK
278 0 3110296152 TIMEOUT_START
278 0 3110389080 RESP_END
278 0 3117296712 TIMEOUT_END
279 1 3119206372 STIM_START
279 1 3122731892 STIM_END_RESP_START
279 1 3123931912 RESP_END
280 0 3125839660 STIM_START
280 0 3129365220 STIM_END_RESP_START
280 0 3130565236 RESP_END
281 1 3132464984 STIM_START
281 1 3135740496 STIM_END_RESP_START
281 1 3136940516 RESP_END
282 1 3138722196 STIM_START
282 1 3142747808 STIM_END_RESP_START
282 1 3143947828 RESP_END
283 0 3146171636 STIM_START
283 0 3149947236 STIM_END_RESP_START
283 0 3151147252 RESP_END
284 1 3152905960 STIM_START
284 1 3156431516 STIM_END_RESP_START
284 1 3157631532 RESP_END
285 0 3159754372 STIM_START
285 0 3163279932 STIM_END_RESP_START
285 0 3164479948 RESP_END
286 1 3166509708 STIM_START
286 1 3170131852 LICK
286 1 3170285268 STIM_END_RESP_START
286 1 3170370776 LICK
286 1 3170371308 REWARD_START
286 1 3170584680 LICK
286 1 3170996280 LICK
286 1 3171101920 LICK
286 1 3171237292 LICK
286 1 3171366144 LICK
286 1 3171485288 RESP_END
286 1 3170384388 REWARD_END
287 1 3174640336 STIM_START
287 1 3177915848 STIM_END_RESP_START
287 1 3179115864 RESP_END
288 0 3181302580 STIM_START
288 0 3185078144 STIM_END_RESP_START
288 0 3186278164 RESP_END
289 1 3188198968 STIM_START
289 1 3192224580 STIM_END_RESP_START
289 1 3193424596 RESP_END
290 0 3195415416 STIM_START
290 0 3196772952 LICK
290 0 3198690940 STIM_END_RESP_START
290 0 3198859768 LICK
290 0 3198860308 TIMEOUT_START
290 0 3199068596 LICK
290 0 3199069132 TIMEOUT_START
290 0 3199296548 LICK
290 0 3199297084 TIMEOUT_START
290 0 3199890968 RESP_END
290 0 3206297652 TIMEOUT_END
291 0 3208403948 STIM_START
291 0 3212429564 STIM_END_RESP_START
291 0 3213629580 RESP_END
292 1 3215606408 STIM_START
292 1 3219131964 STIM_END_RESP_START
292 1 3219759728 LICK
292 1 3219760268 REWARD_START
292 1 3219924260 LICK
292 1 3220307412 LICK
292 1 3220331976 RESP_END
292 1 3219773344 REWARD_END
293 1 3222461788 STIM_START
293 1 3225737304 STIM_END_RESP_START
293 1 3226937360 RESP_END
294 0 3228826008 STIM_START
294 0 3232101516 STIM_END_RESP_START
294 0 3232748588 LICK
294 0 3232749124 TIMEOUT_START
294 0 3233139264 LICK
294 0 3233139800 TIMEOUT_START
294 0 3233301564 RESP_END
294 0 3240140360 TIMEOUT_END
295 1 3242027612 STIM_START
295 1 3245803176 STIM_END_RESP_START
295 1 3247003196 RESP_END
296 0 3249033980 STIM_START
296 0 3252809544 STIM_END_RESP_START
296 0 3254009560 RESP_END
297 0 3256010368 STIM_START
297 0 3259535888 STIM_END_RESP_START
297 0 3260082696 LICK
297 0 3260083236 TIMEOUT_START
297 0 3260329008 LICK
297 0 3260329540 TIMEOUT_START
297 0 3260735924 RESP_END
297 0 3267330108 TIMEOUT_END
298 0 3269500008 STIM_START
298 0 3273275576 STIM_END_RESP_START
298 0 3274475592 RESP_END
299 1 3276486408 STIM_START
299 1 3279761924 STIM_END_RESP_START
299 1 3280961936 RESP_END
300 0 3282738664 STIM_START
300 0 3286264224 STIM_END_RESP_START
300 0 3287464240 RESP_END
301 0 3289289916 STIM_START
301 0 3292815476 STIM_END_RESP_START
301 0 3294015528 RESP_END
302 1 3295855240 STIM_START
302 1 3299130752 STIM_END_RESP_START
302 1 3300330768 RESP_END
303 1 3302149484 STIM_START
303 1 3305675040 STIM_END_RESP_START
303 1 3306875056 RESP_END
304 0 3308752784 STIM_START
304 0 3312028296 STIM_END_RESP_START
304 0 3313228312 RESP_END
305 1 3315110016 STIM_START
305 1 3319135628 STIM_END_RESP_START
305 1 3319495260 LICK
305 1 3319495800 REWARD_START
305 1 3319669504 LICK
305 1 3320083940 LICK
305 1 3320202328 LICK
305 1 3320334696 LICK
305 1 3320335668 RESP_END
305 1 3319508872 REWARD_END
306 1 3322986620 STIM_START
306 1 3327012236 STIM_END_RESP_START
306 1 3328212252 RESP_END
307 1 3330051992 STIM_START
307 1 3333327500 STIM_END_RESP_START
307 1 3334527516 RESP_END
308 0 3336661296 STIM_START
308 0 3339936808 STIM_END_RESP_START
308 0 3341136856 RESP_END
309 1 3343336620 STIM_START
309 1 3347362232 STIM_END_RESP_START
309 1 3347819484 LICK
309 1 3347820024 REWARD_START
309 1 3348562256 RESP_END
309 1 3347833104 REWARD_END
310 0 3352485452 STIM_START
310 0 3355760964 STIM_END_RESP_START
310 0 3356960980 RESP_END
311 0 3358766708 STIM_START
311 0 3362042220 STIM_END_RESP_START
311 0 3363242232 RESP_END
312 0 3365417952 STIM_START
312 0 3369443564 STIM_END_RESP_START
312 0 3370643580 RESP_END
313 1 3372791436 STIM_START
313 1 3376316956 STIM_END_RESP_START
313 1 3377193192 LICK
313 1 3377193724 REWARD_START
313 1 3377376296 LICK
313 1 3377516976 RESP_END
313 1 3377206800 REWARD_END
314 0 3380128860 STIM_START
314 0 3383904420 STIM_END_RESP_START
314 0 3385104436 RESP_END
315 0 3387121248 STIM_START
315 0 3390512576 LICK
315 0 3390646788 STIM_END_RESP_START
315 0 3390671212 LICK
315 0 3390671744 TIMEOUT_START
315 0 3390832524 LICK
315 0 3390833064 TIMEOUT_START
315 0 3391034876 LICK
315 0 3391035416 TIMEOUT_START
315 0 3391235552 LICK
315 0 3391236084 TIMEOUT_START
315 0 3391782360 LICK
315 0 3391782896 TIMEOUT_START
315 0 3391846816 RESP_END
315 0 3398783456 TIMEOUT_END
316 1 3400938948 STIM_START
316 1 3404401028 LICK
316 1 3404583744 LICK
316 1 3404790048 LICK
316 1 3404964552 STIM_END_RESP_START
316 1 3405526012 LICK
316 1 3405526548 REWARD_START
316 1 3405745300 LICK
316 1 3406036672 LICK
316 1 3406164568 RESP_END
316 1 3405539628 REWARD_END
317 1 3409376676 STIM_START
317 1 3413152240 STIM_END_RESP_START
317 1 3413595592 LICK
317 1 3413596124 REWARD_START
317 1 3413728424 LICK
317 1 3413985400 LICK
317 1 3414097204 LICK
317 1 3414221912 LICK
317 1 3414352264 RESP_END
317 1 3413609204 REWARD_END
318 0 3417070144 STIM_START
318 0 3420595704 STIM_END_RESP_START
318 0 3421426784 LICK
318 0 3421427316 TIMEOUT_START
318 0 3421614108 LICK
318 0 3421614640 TIMEOUT_START
318 0 3421795728 RESP_END
318 0 3428615200 TIMEOUT_END
319 0 3430341796 STIM_START
319 0 3433088736 LICK
319 0 3433272384 LICK
319 0 3433617308 STIM_END_RESP_START
319 0 3433943280 LICK
319 0 3433943812 TIMEOUT_START
319 0 3434118352 LICK
319 0 3434118884 TIMEOUT_START
319 0 3434319684 LICK
319 0 3434320224 TIMEOUT_START
319 0 3434554908 LICK
319 0 3434555448 TIMEOUT_START
319 0 3434817340 RESP_END
319 0 3441556004 TIMEOUT_END
320 1 3443653420 STIM_START
320 1 3447178976 STIM_END_RESP_START
320 1 3447615900 LICK
320 1 3447616432 REWARD_START
320 1 3447817256 LICK
320 1 3448205424 LICK
320 1 3448339540 LICK
320 1 3448379008 RESP_END
320 1 3447629512 REWARD_END
321 0 3450703852 STIM_START
321 0 3454479424 STIM_END_RESP_START
321 0 3455679472 RESP_END
322 1 3457743160 STIM_START
322 1 3461268716 STIM_END_RESP_START
322 1 3461413176 LICK
322 1 3461413708 REWARD_START
322 1 3461553072 LICK
322 1 3461906344 LICK
322 1 3462040052 LICK
322 1 3462183836 LICK
322 1 3462342652 LICK
322 1 3462468740 RESP_END
322 1 3461426788 REWARD_END
323 0 3464921616 STIM_START
323 0 3468517656 LICK
323 0 3468682512 LICK
323 0 3468697184 STIM_END_RESP_START
323 0 3468833080 LICK
323 0 3468833612 TIMEOUT_START
323 0 3469048264 LICK
323 0 3469048796 TIMEOUT_START
323 0 3469762688 LICK
323 0 3469763216 TIMEOUT_START
323 0 3469897224 RESP_END
323 0 3476763784 TIMEOUT_END
324 0 3478663340 STIM_START
324 0 3481994636 LICK
324 0 3482243424 LICK
324 0 3482438904 STIM_END_RESP_START
324 0 3482564704 LICK
324 0 3482565236 TIMEOUT_START
324 0 3482743360 LICK
324 0 3482743896 TIMEOUT_START
324 0 3483488300 LICK
324 0 3483488828 TIMEOUT_START
324 0 3483638936 RESP_END
324 0 3490489384 TIMEOUT_END
325 0 3492445088 STIM_START
325 0 3495720600 STIM_END_RESP_START
325 0 3496455160 LICK
325 0 3496455696 TIMEOUT_START
325 0 3496626080 LICK
325 0 3496626620 TIMEOUT_START
325 0 3496876168 LICK
325 0 3496876700 TIMEOUT_START
325 0 3496920616 RESP_END
325 0 3503877260 TIMEOUT_END
326 1 3505734704 STIM_START
326 1 3508768244 LICK
326 1 3508950508 LICK
326 1 3509010204 STIM_END_RESP_START
326 1 3509114576 LICK
326 1 3509115116 REWARD_START
326 1 3509785664 LICK
326 1 3510191552 LICK
326 1 3510210216 RESP_END
326 1 3509128196 REWARD_END
327 0 3512728100 STIM_START
327 0 3514747984 LICK
327 0 3515081360 LICK
327 0 3515253376 LICK
327 0 3515991412 LICK
327 0 3516186632 LICK
327 0 3516253648 STIM_END_RESP_START
327 0 3516357192 LICK
327 0 3516357732 TIMEOUT_START
327 0 3517453668 RESP_END
327 0 3523358292 TIMEOUT_END
328 1 3525380552 STIM_START
328 1 3528858412 LICK
328 1 3529003368 LICK
328 1 3529156116 STIM_END_RESP_START
328 1 3529804776 LICK
328 1 3529805316 REWARD_START
328 1 3530356164 RESP_END
328 1 3529818396 REWARD_END
329 1 3532145872 STIM_START
329 1 3536171484 STIM_END_RESP_START
329 1 3537371500 RESP_END
330 1 3539571360 STIM_START
330 1 3541633152 LICK
330 1 3541815036 LICK
330 1 3542329208 LICK
330 1 3542463392 LICK
330 1 3542602108 LICK
330 1 3542729088 LICK
330 1 3542861760 LICK
330 1 3543002560 LICK
330 1 3543096912 STIM_END_RESP_START
330 1 3543162240 LICK
330 1 3543162772 REWARD_START
330 1 3543315568 LICK
330 1 3543579932 LICK
330 1 3543714456 LICK
330 1 3543846260 LICK
330 1 3543991604 LICK
330 1 3544109512 LICK
330 1 3544292868 LICK
330 1 3544296932 RESP_END
330 1 3543175852 REWARD_END
331 0 3548753176 STIM_START
331 0 3548835348 LICK
331 0 3549042312 LICK
331 0 3552778796 STIM_END_RESP_START
331 0 3553838212 LICK
331 0 3553838748 TIMEOUT_START
331 0 3553978844 RESP_END
331 0 3560839308 TIMEOUT_END
332 1 3562619872 STIM_START
332 1 3566395444 STIM_END_RESP_START
332 1 3567595492 RESP_END
333 0 3569475228 STIM_START
333 0 3569570212 LICK
333 0 3573500852 STIM_END_RESP_START
333 0 3573519448 LICK
333 0 3573519984 TIMEOUT_START
333 0 3574175396 LICK
333 0 3574175936 TIMEOUT_START
333 0 3574700876 RESP_END
333 0 3581176504 TIMEOUT_END
334 0 3583179948 STIM_START
334 0 3583950680 LICK
334 0 3586705504 STIM_END_RESP_START
334 0 3586721528 LICK
334 0 3586722064 TIMEOUT_START
334 0 3587905520 RESP_END
334 0 3593722616 TIMEOUT_END
335 0 3595752432 STIM_START
335 0 3599070184 LICK
335 0 3599342784 LICK
335 0 3599528016 STIM_END_RESP_START
335 0 3599616400 LICK
335 0 3599616932 TIMEOUT_START
335 0 3600617560 LICK
335 0 3600618096 TIMEOUT_START
335 0 3600728032 RESP_END
335 0 3607618664 TIMEOUT_END
336 1 3609466184 STIM_START
336 1 3612906368 LICK
336 1 3612991740 STIM_END_RESP_START
336 1 3613080240 LICK
336 1 3613080780 REWARD_START
336 1 3613686380 LICK
336 1 3614011420 LICK
336 1 3614191760 RESP_END
336 1 3613093852 REWARD_END
337 1 3616482608 STIM_START
337 1 3616496100 LICK
337 1 3619758104 STIM_END_RESP_START
337 1 3620958152 RESP_END
338 0 3623933004 STIM_START
338 0 3627458556 STIM_END_RESP_START
338 0 3627760420 LICK
338 0 3627760960 TIMEOUT_START
338 0 3627924536 LICK
338 0 3627925072 TIMEOUT_START
338 0 3628132368 LICK
338 0 3628132900 TIMEOUT_START
338 0 3628658600 RESP_END
338 0 3635133476 TIMEOUT_END
339 0 3637322636 STIM_START
339 0 3641348252 STIM_END_RESP_START
339 0 3641807244 LICK
339 0 3641807776 TIMEOUT_START
339 0 3642548268 RESP_END
339 0 3648808336 TIMEOUT_END
340 0 3650640264 STIM_START
340 0 3653915776 STIM_END_RESP_START
340 0 3655115832 RESP_END
341 1 3656893480 STIM_START
341 1 3660919092 STIM_END_RESP_START
341 1 3662119108 RESP_END
342 1 3664006880 STIM_START
342 1 3667782480 STIM_END_RESP_START
342 1 3668982496 RESP_END
343 1 3671093308 STIM_START
343 1 3674868872 STIM_END_RESP_START
343 1 3676068928 RESP_END
344 0 3677936636 STIM_START
344 0 3681712212 STIM_END_RESP_START
344 0 3682912264 RESP_END
345 1 3684731004 STIM_START
345 1 3688256564 STIM_END_RESP_START
345 1 3689456608 RESP_END
346 1 3691417368 STIM_START
346 1 3694942924 STIM_END_RESP_START
346 1 3696142940 RESP_END
347 1 3697905608 STIM_START
347 1 3701181120 STIM_END_RESP_START
347 1 3702381136 RESP_END
USER_EXIT