001 1 0005184980 STIM_START
001 1 0008460324 STIM_END_RESP_START
001 1 0009660352 RESP_END
002 1 0013909240 STIM_START
002 1 0014948432 LICK
002 1 0015069712 LICK
002 1 0015202060 LICK
002 1 0017184556 STIM_END_RESP_START
002 1 0017992792 LICK
002 1 0017993228 REWARD_START
002 1 0018098840 LICK
002 1 0018216148 LICK
002 1 0018324088 LICK
002 1 0018384600 RESP_END
002 1 0018006204 REWARD_END
003 1 0026774152 STIM_START
003 1 0026781640 LICK
003 1 0027380752 LICK
003 1 0028731564 LICK
003 1 0030799572 STIM_END_RESP_START
003 1 0031999588 RESP_END
004 0 0034226252 STIM_START
004 0 0034524636 LICK
004 0 0034643624 LICK
004 0 0034823920 LICK
004 0 0037426752 LICK
004 0 0037557212 LICK
004 0 0037712464 LICK
004 0 0037920964 LICK
004 0 0038001620 STIM_END_RESP_START
004 0 0039201636 RESP_END
005 0 0040995168 STIM_START
005 0 0044270524 STIM_END_RESP_START
005 0 0045470540 RESP_END
006 1 0047649184 STIM_START
006 1 0049989096 LICK
006 1 0050130184 LICK
006 1 0050248056 LICK
006 1 0050556480 LICK
006 1 0050657476 LICK
006 1 0050801184 LICK
006 1 0050935428 LICK
006 1 0051226540 LICK
006 1 0051361528 LICK
006 1 0051534028 LICK
006 1 0051674588 STIM_END_RESP_START
006 1 0052874608 RESP_END
007 0 0059242884 STIM_START
007 0 0063018260 STIM_END_RESP_START
007 0 0064218276 RESP_END
008 1 0066237840 STIM_START
008 1 0067004008 LICK
008 1 0067116444 LICK
008 1 0067251732 LICK
008 1 0067390840 LICK
008 1 0067607400 LICK
008 1 0067757684 LICK
008 1 0067926580 LICK
008 1 0068088124 LICK
008 1 0068221088 LICK
008 1 0068586060 LICK
008 1 0068736756 LICK
008 1 0068971320 LICK
008 1 0070013216 STIM_END_RESP_START
008 1 0070380472 LICK
008 1 0070380916 REWARD_START
008 1 0070487372 LICK
008 1 0070668320 LICK
008 1 0070775620 LICK
008 1 0070882364 LICK
008 1 0071000184 LICK
008 1 0071134316 LICK
008 1 0071213244 RESP_END
008 1 0070393892 REWARD_END
009 1 0077020416 STIM_START
009 1 0080295736 STIM_END_RESP_START
009 1 0081495752 RESP_END
010 0 0086922856 STIM_START
010 0 0090448228 STIM_END_RESP_START
010 0 0091294592 LICK
010 0 0091295036 TIMEOUT_START
010 0 0091454588 LICK
010 0 0091455024 TIMEOUT_START
010 0 0091633196 LICK
010 0 0091633636 TIMEOUT_START
010 0 0091648276 RESP_END
010 0 0098634092 TIMEOUT_END
011 1 0104251380 STIM_START
011 1 0107776736 STIM_END_RESP_START
011 1 0108976768 RESP_END
012 1 0110838356 STIM_START
012 1 0111310376 LICK
012 1 0111428076 LICK
012 1 0111573356 LICK
012 1 0111732864 LICK
012 1 0112176896 LICK
012 1 0112340340 LICK
012 1 0112567804 LICK
012 1 0112785472 LICK
012 1 0114363708 STIM_END_RESP_START
012 1 0115563744 RESP_END
013 1 0117522272 STIM_START
013 1 0117720484 LICK
013 1 0117850072 LICK
013 1 0117987160 LICK
013 1 0118874380 LICK
013 1 0119061240 LICK
013 1 0121298724 LICK
013 1 0121500580 LICK
013 1 0121547672 STIM_END_RESP_START
013 1 0121751124 LICK
013 1 0121751616 REWARD_START
013 1 0121984512 LICK
013 1 0122246296 LICK
013 1 0122344520 LICK
013 1 0122451052 LICK
013 1 0122564640 LICK
013 1 0122699404 LICK
013 1 0122747692 RESP_END
013 1 0121764632 REWARD_END
014 0 0128625932 STIM_START
014 0 0132151272 STIM_END_RESP_START
014 0 0133351304 RESP_END
015 0 0135110824 STIM_START
015 0 0135171788 LICK
015 0 0135311060 LICK
015 0 0135449764 LICK
015 0 0135664736 LICK
015 0 0135838356 LICK
015 0 0136329732 LICK
015 0 0136533156 LICK
015 0 0138636184 STIM_END_RESP_START
015 0 0139836220 RESP_END
016 0 0146153444 STIM_START
016 0 0149928836 STIM_END_RESP_START
016 0 0150720272 LICK
016 0 0150720764 TIMEOUT_START
016 0 0150874208 LICK
016 0 0150874692 TIMEOUT_START
016 0 0151065760 LICK
016 0 0151066244 TIMEOUT_START
016 0 0151128880 RESP_END
016 0 0158066752 TIMEOUT_END
017 1 0160109456 STIM_START
017 1 0160987068 LICK
017 1 0161161852 LICK
017 1 0161367188 LICK
017 1 0161666916 LICK
017 1 0162019012 LICK
017 1 0162195304 LICK
017 1 0163075556 LICK
017 1 0163229920 LICK
017 1 0163418720 LICK
017 1 0163795472 LICK
017 1 0163884852 STIM_END_RESP_START
017 1 0163987124 LICK
017 1 0163987612 REWARD_START
017 1 0164180084 LICK
017 1 0164325824 LICK
017 1 0164411532 LICK
017 1 0164521368 LICK
017 1 0164680156 LICK
017 1 0164782368 LICK
017 1 0164929656 LICK
017 1 0165084900 RESP_END
017 1 0164000624 REWARD_END
018 0 0174199492 STIM_START
018 0 0176486456 LICK
018 0 0176664152 LICK
018 0 0176844404 LICK
018 0 0177225340 LICK
018 0 0177439300 LICK
018 0 0177654832 LICK
018 0 0177974864 STIM_END_RESP_START
018 0 0178400672 LICK
018 0 0178401156 TIMEOUT_START
018 0 0178607480 LICK
018 0 0178607960 TIMEOUT_START
018 0 0179174912 RESP_END
018 0 0185608476 TIMEOUT_END
019 1 0187357452 STIM_START
019 1 0187619820 LICK
019 1 0187783732 LICK
019 1 0187985808 LICK
019 1 0188304560 LICK
019 1 0188610552 LICK
019 1 0188770648 LICK
019 1 0189001364 LICK
019 1 0189287704 LICK
019 1 0189452636 LICK
019 1 0190632784 STIM_END_RESP_START
019 1 0191832820 RESP_END
020 0 0194010412 STIM_START
020 0 0194240008 LICK
020 0 0194339076 LICK
020 0 0194519736 LICK
020 0 0194730260 LICK
020 0 0194946660 LICK
020 0 0197523144 LICK
020 0 0197535792 STIM_END_RESP_START
020 0 0197694108 LICK
020 0 0197694596 TIMEOUT_START
020 0 0197925528 LICK
020 0 0197926020 TIMEOUT_START
020 0 0198120380 LICK
020 0 0198120872 TIMEOUT_START
020 0 0198397484 LICK
020 0 0198397976 TIMEOUT_START
020 0 0198720000 LICK
020 0 0198720480 TIMEOUT_START
020 0 0198735828 RESP_END
020 0 0205720988 TIMEOUT_END
021 1 0210276740 STIM_START
021 1 0211806608 LICK
021 1 0211945904 LICK
021 1 0212198232 LICK
021 1 0212457932 LICK
021 1 0214302132 STIM_END_RESP_START
021 1 0215468760 LICK
021 1 0215469252 REWARD_START
021 1 0215502152 RESP_END
021 1 0215482268 REWARD_END
022 1 0223249588 STIM_START
022 1 0224840840 LICK
022 1 0225022716 LICK
022 1 0226128756 LICK
022 1 0226310580 LICK
022 1 0226495976 LICK
022 1 0227024964 STIM_END_RESP_START
022 1 0228224992 RESP_END
023 0 0231887900 STIM_START
023 0 0232549040 LICK
023 0 0232843824 LICK
023 0 0232987248 LICK
023 0 0234549632 LICK
023 0 0234713540 LICK
023 0 0235663300 STIM_END_RESP_START
023 0 0235770088 LICK
023 0 0235770572 TIMEOUT_START
023 0 0235967032 LICK
023 0 0235967520 TIMEOUT_START
023 0 0236109880 LICK
023 0 0236110364 TIMEOUT_START
023 0 0236323920 LICK
023 0 0236324404 TIMEOUT_START
023 0 0236863324 RESP_END
023 0 0243324904 TIMEOUT_END
024 1 0245509864 STIM_START
024 1 0246623728 LICK
024 1 0246818496 LICK
024 1 0249535264 STIM_END_RESP_START
024 1 0250735300 RESP_END
025 0 0255712292 STIM_START
025 0 0258409268 LICK
025 0 0258545020 LICK
025 0 0258712360 LICK
025 0 0259072296 LICK
025 0 0259737716 STIM_END_RESP_START
025 0 0260937748 RESP_END
026 1 0262983496 STIM_START
026 1 0263258784 LICK
026 1 0263387056 LICK
026 1 0263545084 LICK
026 1 0264061848 LICK
026 1 0264201020 LICK
026 1 0264401476 LICK
026 1 0265508764 LICK
026 1 0265718192 LICK
026 1 0267008912 STIM_END_RESP_START
026 1 0268208944 RESP_END
027 1 0270251456 STIM_START
027 1 0273776804 STIM_END_RESP_START
027 1 0274295668 LICK
027 1 0274296160 REWARD_START
027 1 0274432648 LICK
027 1 0274558952 LICK
027 1 0274646728 LICK
027 1 0274767484 LICK
027 1 0274876600 LICK
027 1 0274976832 RESP_END
027 1 0274309184 REWARD_END
028 0 0278171568 STIM_START
028 0 0278565248 LICK
028 0 0278696428 LICK
028 0 0278827612 LICK
028 0 0278967708 LICK
028 0 0279106620 LICK
028 0 0279272600 LICK
028 0 0280589188 LICK
028 0 0280724736 LICK
028 0 0280991272 LICK
028 0 0281446908 STIM_END_RESP_START
028 0 0282646940 RESP_END
029 1 0285164612 STIM_START
029 1 0285699924 LICK
029 1 0285863568 LICK
029 1 0286062296 LICK
029 1 0286232448 LICK
029 1 0286403564 LICK
029 1 0286603244 LICK
029 1 0288689948 STIM_END_RESP_START
029 1 0289889980 RESP_END
030 1 0291817572 STIM_START
030 1 0292080816 LICK
030 1 0292183476 LICK
030 1 0292342664 LICK
030 1 0292480192 LICK
030 1 0292619840 LICK
030 1 0292780784 LICK
030 1 0293473328 LICK
030 1 0293664588 LICK
030 1 0293859032 LICK
030 1 0294151568 LICK
030 1 0295092916 STIM_END_RESP_START
030 1 0296292948 RESP_END
031 1 0316862128 STIM_START
031 1 0319449752 LICK
031 1 0319610424 LICK
031 1 0320637496 STIM_END_RESP_START
031 1 0321837528 RESP_END
032 0 0323666168 STIM_START
032 0 0327441564 STIM_END_RESP_START
032 0 0328641600 RESP_END
033 1 0330458136 STIM_START
033 1 0332902628 LICK
033 1 0333036316 LICK
033 1 0333247128 LICK
033 1 0333983476 STIM_END_RESP_START
033 1 0334149684 LICK
033 1 0334150168 REWARD_START
033 1 0334266220 LICK
033 1 0334430792 LICK
033 1 0334526516 LICK
033 1 0334647792 LICK
033 1 0334792304 LICK
033 1 0334919728 LICK
033 1 0335056924 LICK
033 1 0335160456 LICK
033 1 0335183504 RESP_END
033 1 0334163176 REWARD_END
034 0 0337334124 STIM_START
034 0 0341359532 STIM_END_RESP_START
034 0 0342559568 RESP_END
035 0 0350272024 STIM_START
035 0 0354297424 STIM_END_RESP_START
035 0 0355497464 RESP_END
036 0 0357391088 STIM_START
036 0 0357881208 LICK
036 0 0358040784 LICK
036 0 0358239824 LICK
036 0 0358465444 LICK
036 0 0358705128 LICK
036 0 0358902472 LICK
036 0 0359225772 LICK
036 0 0359373308 LICK
036 0 0359845128 LICK
036 0 0360163080 LICK
036 0 0360666408 STIM_END_RESP_START
036 0 0360944000 LICK
036 0 0360944484 TIMEOUT_START
036 0 0361086596 LICK
036 0 0361087084 TIMEOUT_START
036 0 0361866444 RESP_END
036 0 0368087592 TIMEOUT_END
037 1 0372143232 STIM_START
037 1 0373846424 LICK
037 1 0373970188 LICK
037 1 0374106656 LICK
037 1 0374362872 LICK
037 1 0376168636 STIM_END_RESP_START
037 1 0377368672 RESP_END
038 0 0379179208 STIM_START
038 0 0380428664 LICK
038 0 0380566980 LICK
038 0 0381220520 LICK
038 0 0381390404 LICK
038 0 0381534064 LICK
038 0 0382454528 STIM_END_RESP_START
038 0 0383654564 RESP_END
039 1 0385502136 STIM_START
039 1 0387211588 LICK
039 1 0387345248 LICK
039 1 0387534672 LICK
039 1 0387767144 LICK
039 1 0389527532 STIM_END_RESP_START
039 1 0390727568 RESP_END
040 1 0396800760 STIM_START
040 1 0400826160 STIM_END_RESP_START
040 1 0402026196 RESP_END
041 1 0417332776 STIM_START
041 1 0417868340 LICK
041 1 0418156992 LICK
041 1 0418353340 LICK
041 1 0418628768 LICK
041 1 0418838244 LICK
041 1 0419661876 LICK
041 1 0419833528 LICK
041 1 0419999060 LICK
041 1 0420169748 LICK
041 1 0420322320 LICK
041 1 0421337812 LICK
041 1 0421358184 STIM_END_RESP_START
041 1 0422339176 LICK
041 1 0422339668 REWARD_START
041 1 0422558224 RESP_END
041 1 0422352684 REWARD_END
042 0 0424492804 STIM_START
042 0 0424611556 LICK
042 0 0424922920 LICK
042 0 0425006072 LICK
042 0 0425129684 LICK
042 0 0425403184 LICK
042 0 0425502356 LICK
042 0 0425645964 LICK
042 0 0425816256 LICK
042 0 0425983228 LICK
042 0 0426097248 LICK
042 0 0426254572 LICK
042 0 0426423964 LICK
042 0 0426553052 LICK
042 0 0426718848 LICK
042 0 0426847712 LICK
042 0 0427001324 LICK
042 0 0427178512 LICK
042 0 0427376500 LICK
042 0 0427536812 LICK
042 0 0427709476 LICK
042 0 0427875204 LICK
042 0 0428104292 LICK
042 0 0428263064 LICK
042 0 0428472760 LICK
042 0 0428518204 STIM_END_RESP_START
042 0 0429121100 LICK
042 0 0429121588 TIMEOUT_START
042 0 0429718236 RESP_END
042 0 0436122096 TIMEOUT_END
043 1 0438130792 STIM_START
043 1 0438700548 LICK
043 1 0438970460 LICK
043 1 0441656148 STIM_END_RESP_START
043 1 0442033832 LICK
043 1 0442034324 REWARD_START
043 1 0442250600 LICK
043 1 0442423284 LICK
043 1 0442540108 LICK
043 1 0442653396 LICK
043 1 0442764944 LICK
043 1 0442856192 RESP_END
043 1 0442047340 REWARD_END
044 1 0450497524 STIM_START
044 1 0454022876 STIM_END_RESP_START
044 1 0455222912 RESP_END
045 1 0457386552 STIM_START
045 1 0457767548 LICK
045 1 0457953788 LICK
045 1 0458380984 LICK
045 1 0459868056 LICK
045 1 0460100768 LICK
045 1 0460324448 LICK
045 1 0460519344 LICK
045 1 0460907484 LICK
045 1 0461161920 STIM_END_RESP_START
045 1 0461177444 LICK
045 1 0461177936 REWARD_START
045 1 0461502140 LICK
045 1 0461645808 LICK
045 1 0461760008 LICK
045 1 0461863236 LICK
045 1 0461995672 LICK
045 1 0462184464 LICK
045 1 0462325504 LICK
045 1 0462361956 RESP_END
045 1 0461190952 REWARD_END
046 0 0465712732 STIM_START
046 0 0465825812 LICK
046 0 0466001956 LICK
046 0 0466330940 LICK
046 0 0466429384 LICK
046 0 0469238096 STIM_END_RESP_START
046 0 0470438132 RESP_END
047 0 0472384776 STIM_START
047 0 0476160172 STIM_END_RESP_START
047 0 0476485348 LICK
047 0 0476485836 TIMEOUT_START
047 0 0476629520 LICK
047 0 0476630004 TIMEOUT_START
047 0 0476845184 LICK
047 0 0476845668 TIMEOUT_START
047 0 0477360196 RESP_END
047 0 0483846176 TIMEOUT_END
048 0 0485960732 STIM_START
048 0 0489236068 STIM_END_RESP_START
048 0 0489679464 LICK
048 0 0489679952 TIMEOUT_START
048 0 0489796868 LICK
048 0 0489797356 TIMEOUT_START
048 0 0489960188 LICK
048 0 0489960676 TIMEOUT_START
048 0 0490170304 LICK
048 0 0490170796 TIMEOUT_START
048 0 0490333600 LICK
048 0 0490334084 TIMEOUT_START
048 0 0490436088 RESP_END
048 0 0497334584 TIMEOUT_END
049 1 0501484980 STIM_START
049 1 0505510384 STIM_END_RESP_START
049 1 0506710420 RESP_END
050 0 0508834040 STIM_START
050 0 0511457984 LICK
050 0 0511599212 LICK
050 0 0511756052 LICK
050 0 0511936036 LICK
050 0 0512145148 LICK
050 0 0512310372 LICK
050 0 0512502176 LICK
050 0 0512705916 LICK
050 0 0512859456 STIM_END_RESP_START
050 0 0512890932 LICK
050 0 0512891416 TIMEOUT_START
050 0 0513116488 LICK
050 0 0513116972 TIMEOUT_START
050 0 0513587024 LICK
050 0 0513587516 TIMEOUT_START
050 0 0513739860 LICK
050 0 0513740344 TIMEOUT_START
050 0 0514059476 RESP_END
050 0 0520740860 TIMEOUT_END
051 0 0525597496 STIM_START
051 0 0529122844 STIM_END_RESP_START
051 0 0530322880 RESP_END
052 1 0532122400 STIM_START
052 1 0533866352 LICK
052 1 0534004340 LICK
052 1 0534782840 LICK
052 1 0534953352 LICK
052 1 0535397736 STIM_END_RESP_START
052 1 0535468756 LICK
052 1 0535469248 REWARD_START
052 1 0535621112 LICK
052 1 0535807436 LICK
052 1 0535905760 LICK
052 1 0536012872 LICK
052 1 0536128488 LICK
052 1 0536257168 LICK
052 1 0536388376 LICK
052 1 0536535388 LICK
052 1 0536597772 RESP_END
052 1 0535482264 REWARD_END
053 0 0552605344 STIM_START
053 0 0555880688 STIM_END_RESP_START
053 0 0556913516 LICK
053 0 0556914008 TIMEOUT_START
053 0 0557080732 RESP_END
053 0 0563914508 TIMEOUT_END
054 1 0566084336 STIM_START
054 1 0566401612 LICK
054 1 0566546172 LICK
054 1 0566852404 LICK
054 1 0567046388 LICK
054 1 0567372408 LICK
054 1 0567561172 LICK
054 1 0569609700 STIM_END_RESP_START
054 1 0570809736 RESP_END
055 1 0572645320 STIM_START
055 1 0572882212 LICK
055 1 0573039468 LICK
055 1 0573229312 LICK
055 1 0573796128 LICK
055 1 0573972376 LICK
055 1 0576170672 STIM_END_RESP_START
055 1 0576595192 LICK
055 1 0576595680 REWARD_START
055 1 0576778208 LICK
055 1 0576935472 LICK
055 1 0577046564 LICK
055 1 0577149928 LICK
055 1 0577260272 LICK
055 1 0577370696 RESP_END
055 1 0576608704 REWARD_END
056 1 0581939632 STIM_START
056 1 0585965032 STIM_END_RESP_START
056 1 0587126000 LICK
056 1 0587126488 REWARD_START
056 1 0587165060 RESP_END
056 1 0587139512 REWARD_END
057 0 0599875228 STIM_START
057 0 0601255908 LICK
057 0 0601589808 LICK
057 0 0601865572 LICK
057 0 0602474472 LICK
057 0 0603150556 STIM_END_RESP_START
057 0 0604350592 RESP_END
058 0 0606345136 STIM_START
058 0 0606365020 LICK
058 0 0606510560 LICK
058 0 0606676408 LICK
058 0 0606998160 LICK
058 0 0607135652 LICK
058 0 0607634992 LICK
058 0 0610297132 LICK
058 0 0610370536 STIM_END_RESP_START
058 0 0610514340 LICK
058 0 0610514828 TIMEOUT_START
058 0 0611570552 RESP_END
058 0 0617515340 TIMEOUT_END
059 1 0625462948 STIM_START
059 1 0628057168 LICK
059 1 0628230616 LICK
059 1 0628432324 LICK
059 1 0628660920 LICK
059 1 0628976440 LICK
059 1 0629150932 LICK
059 1 0629238340 STIM_END_RESP_START
059 1 0629328576 LICK
059 1 0629329068 REWARD_START
059 1 0629516464 LICK
059 1 0629618856 LICK
059 1 0629724224 LICK
059 1 0629844100 LICK
059 1 0629950780 LICK
059 1 0630078508 LICK
059 1 0630217196 LICK
059 1 0630352472 LICK
059 1 0630438348 RESP_END
059 1 0629342084 REWARD_END
060 0 0636711580 STIM_START
060 0 0640486976 STIM_END_RESP_START
060 0 0641659312 LICK
060 0 0641659796 TIMEOUT_START
060 0 0641687000 RESP_END
060 0 0648660308 TIMEOUT_END
061 0 0657521596 STIM_START
061 0 0661046948 STIM_END_RESP_START
061 0 0662246984 RESP_END
062 1 0671824648 STIM_START
062 1 0674466924 LICK
062 1 0674779500 LICK
062 1 0674831208 LICK
062 1 0675099988 STIM_END_RESP_START
062 1 0675200712 LICK
062 1 0675201200 REWARD_START
062 1 0675276344 LICK
062 1 0675445552 LICK
062 1 0676300032 RESP_END
062 1 0675214216 REWARD_END
063 1 0693329764 STIM_START
063 1 0697355172 STIM_END_RESP_START
063 1 0698555208 RESP_END
064 1 0700549788 STIM_START
064 1 0703825128 STIM_END_RESP_START
064 1 0705025168 RESP_END
065 0 0706808672 STIM_START
065 0 0706956520 LICK
065 0 0707080368 LICK
065 0 0707173768 LICK
065 0 0707331600 LICK
065 0 0707881856 LICK
065 0 0708033072 LICK
065 0 0708241848 LICK
065 0 0708458540 LICK
065 0 0708802404 LICK
065 0 0708972072 LICK
065 0 0709988460 LICK
065 0 0710175472 LICK
065 0 0710345844 LICK
065 0 0710584060 STIM_END_RESP_START
065 0 0711200404 LICK
065 0 0711200896 TIMEOUT_START
065 0 0711784076 RESP_END
065 0 0718201392 TIMEOUT_END
066 1 0720390680 STIM_START
066 1 0724166072 STIM_END_RESP_START
066 1 0724477276 LICK
066 1 0724477764 REWARD_START
066 1 0724588576 LICK
066 1 0724721644 LICK
066 1 0724824416 LICK
066 1 0724920632 LICK
066 1 0725033932 LICK
066 1 0725172180 LICK
066 1 0725331136 LICK
066 1 0725366104 RESP_END
066 1 0724490788 REWARD_END
067 1 0731730312 STIM_START
067 1 0732396092 LICK
067 1 0732586088 LICK
067 1 0732772600 LICK
067 1 0733005964 LICK
067 1 0733214948 LICK
067 1 0735505700 STIM_END_RESP_START
067 1 0736705736 RESP_END
068 0 0738486312 STIM_START
068 0 0738804344 LICK
068 0 0738972244 LICK
068 0 0739172936 LICK
068 0 0739561016 LICK
068 0 0739834972 LICK
068 0 0740028608 LICK
068 0 0740275852 LICK
068 0 0740476200 LICK
068 0 0740691248 LICK
068 0 0742011648 STIM_END_RESP_START
068 0 0743211684 RESP_END
069 1 0745427284 STIM_START
069 1 0748952632 STIM_END_RESP_START
069 1 0749825000 LICK
069 1 0749825488 REWARD_START
069 1 0749929192 LICK
069 1 0750033872 LICK
069 1 0750109432 LICK
069 1 0750152672 RESP_END
069 1 0749838496 REWARD_END
070 0 0759386308 STIM_START
070 0 0762537528 LICK
070 0 0762673208 LICK
070 0 0762801000 LICK
070 0 0762976128 LICK
070 0 0763161668 STIM_END_RESP_START
070 0 0763268656 LICK
070 0 0763269148 TIMEOUT_START
070 0 0764361708 RESP_END
070 0 0770269644 TIMEOUT_END
071 0 0773149376 STIM_START
071 0 0777174780 STIM_END_RESP_START
071 0 0778374816 RESP_END
072 0 0780200336 STIM_START
072 0 0780486804 LICK
072 0 0780618404 LICK
072 0 0780816844 LICK
072 0 0781426464 LICK
072 0 0781606192 LICK
072 0 0781852588 LICK
072 0 0782435588 LICK
072 0 0782605184 LICK
072 0 0784225728 STIM_END_RESP_START
072 0 0785425764 RESP_END
073 1 0787388404 STIM_START
073 1 0787663968 LICK
073 1 0787804080 LICK
073 1 0787971304 LICK
073 1 0788151280 LICK
073 1 0788316924 LICK
073 1 0788527404 LICK
073 1 0788733080 LICK
073 1 0789234736 LICK
073 1 0789416056 LICK
073 1 0789742484 LICK
073 1 0790752216 LICK
073 1 0790913764 STIM_END_RESP_START
073 1 0792113800 RESP_END
074 1 0794000360 STIM_START
074 1 0797275700 STIM_END_RESP_START
074 1 0798019936 LICK
074 1 0798020420 REWARD_START
074 1 0798196580 LICK
074 1 0798302468 LICK
074 1 0798421204 LICK
074 1 0798475748 RESP_END
074 1 0798033448 REWARD_END
075 0 0803746780 STIM_START
075 0 0807522176 STIM_END_RESP_START
075 0 0808722208 RESP_END
076 1 0810918812 STIM_START
076 1 0810948204 LICK
076 1 0811066252 LICK
076 1 0811208124 LICK
076 1 0811368936 LICK
076 1 0812501796 LICK
076 1 0812709604 LICK
076 1 0812871360 LICK
076 1 0813371088 LICK
076 1 0813531360 LICK
076 1 0813840704 LICK
076 1 0814606244 LICK
076 1 0814756620 LICK
076 1 0814919516 LICK
076 1 0814944232 STIM_END_RESP_START
076 1 0815108496 LICK
076 1 0815108984 REWARD_START
076 1 0815278492 LICK
076 1 0815443708 LICK
076 1 0815546324 LICK
076 1 0815660964 LICK
076 1 0815775708 LICK
076 1 0815901780 LICK
076 1 0816042316 LICK
076 1 0816144252 RESP_END
076 1 0815122008 REWARD_END
077 1 0823555616 STIM_START
077 1 0826409748 LICK
077 1 0826558956 LICK
077 1 0826795436 LICK
077 1 0826830960 STIM_END_RESP_START
077 1 0827088768 LICK
077 1 0827089260 REWARD_START
077 1 0827315184 LICK
077 1 0827526124 LICK
077 1 0827619016 LICK
077 1 0827727908 LICK
077 1 0827847820 LICK
077 1 0827978664 LICK
077 1 0828030988 RESP_END
077 1 0827102284 REWARD_END
078 0 0836856556 STIM_START
078 0 0840631960 STIM_END_RESP_START
078 0 0841831992 RESP_END
079 1 0845607840 STIM_START
079 1 0845925580 LICK
079 1 0846145272 LICK
079 1 0846359104 LICK
079 1 0846708384 LICK
079 1 0846893432 LICK
079 1 0849133208 STIM_END_RESP_START
079 1 0850333244 RESP_END
080 0 0852260860 STIM_START
080 0 0853105536 LICK
080 0 0853245760 LICK
080 0 0853418624 LICK
080 0 0853621192 LICK
080 0 0855786216 STIM_END_RESP_START
080 0 0856006724 LICK
080 0 0856007208 TIMEOUT_START
080 0 0856224908 LICK
080 0 0856225392 TIMEOUT_START
080 0 0856986228 RESP_END
080 0 0863225900 TIMEOUT_END
081 1 0865003664 STIM_START
081 1 0865031580 LICK
081 1 0865158328 LICK
081 1 0865401708 LICK
081 1 0865681420 LICK
081 1 0865968008 LICK
081 1 0866187572 LICK
081 1 0867279932 LICK
081 1 0867485772 LICK
081 1 0867722488 LICK
081 1 0868529024 STIM_END_RESP_START
081 1 0869729056 RESP_END
082 1 0871813636 STIM_START
082 1 0872757236 LICK
082 1 0872857572 LICK
082 1 0873037456 LICK
082 1 0873211768 LICK
082 1 0875338976 STIM_END_RESP_START
082 1 0876539012 RESP_END
083 1 0878609608 STIM_START
083 1 0882385000 STIM_END_RESP_START
083 1 0883585036 RESP_END
084 0 0885390628 STIM_START
084 0 0885806016 LICK
084 0 0886064748 LICK
084 0 0886210212 LICK
084 0 0886374564 LICK
084 0 0886627304 LICK
084 0 0886783972 LICK
084 0 0886945124 LICK
084 0 0887149328 LICK
084 0 0887348956 LICK
084 0 0887923068 LICK
084 0 0888143868 LICK
084 0 0888665968 STIM_END_RESP_START
084 0 0889866008 RESP_END
085 1 0891878580 STIM_START
085 1 0894497892 LICK
085 1 0894664484 LICK
085 1 0894996116 LICK
085 1 0895285912 LICK
085 1 0895653964 STIM_END_RESP_START
085 1 0896357632 LICK
085 1 0896358120 REWARD_START
085 1 0896532524 LICK
085 1 0896649532 LICK
085 1 0896744548 LICK
085 1 0896853980 RESP_END
085 1 0896371144 REWARD_END
086 0 0900033752 STIM_START
086 0 0904059156 STIM_END_RESP_START
086 0 0905259192 RESP_END
087 0 0908413956 STIM_START
087 0 0908721704 LICK
087 0 0908887280 LICK
087 0 0909102360 LICK
087 0 0909299092 LICK
087 0 0909723472 LICK
087 0 0909919652 LICK
087 0 0910148828 LICK
087 0 0910456812 LICK
087 0 0911939312 STIM_END_RESP_START
087 0 0913139348 RESP_END
088 0 0915253972 STIM_START
088 0 0915513896 LICK
088 0 0915686220 LICK
088 0 0915988408 LICK
088 0 0916196408 LICK
088 0 0916368880 LICK
088 0 0916580692 LICK
088 0 0917265760 LICK
088 0 0917470008 LICK
088 0 0918529288 STIM_END_RESP_START
088 0 0919729320 RESP_END
089 1 0921738932 STIM_START
089 1 0923283380 LICK
089 1 0923435816 LICK
089 1 0923642028 LICK
089 1 0924358324 LICK
089 1 0924573400 LICK
089 1 0925014272 STIM_END_RESP_START
089 1 0926214308 RESP_END
090 1 0927964816 STIM_START
090 1 0929068888 LICK
090 1 0929268712 LICK
090 1 0930292872 LICK
090 1 0930477320 LICK
090 1 0930647864 LICK
090 1 0930906708 LICK
090 1 0931140976 LICK
090 1 0931356344 LICK
090 1 0931740212 STIM_END_RESP_START
090 1 0932940248 RESP_END
091 0 0935068856 STIM_START
091 0 0938844248 STIM_END_RESP_START
091 0 0940044280 RESP_END
092 0 0942187848 STIM_START
092 0 0942659296 LICK
092 0 0942781224 LICK
092 0 0942955580 LICK
092 0 0943167640 LICK
092 0 0943373488 LICK
092 0 0945463168 STIM_END_RESP_START
092 0 0946663204 RESP_END
093 0 0948477776 STIM_START
093 0 0948809468 LICK
093 0 0949010784 LICK
093 0 0949211880 LICK
093 0 0949432856 LICK
093 0 0949790820 LICK
093 0 0950171488 LICK
093 0 0952253144 STIM_END_RESP_START
093 0 0953453180 RESP_END
094 1 0958470216 STIM_START
094 1 0958811888 LICK
094 1 0958957244 LICK
094 1 0961995584 STIM_END_RESP_START
094 1 0963195632 RESP_END
095 0 0965219264 STIM_START
095 0 0967353356 LICK
095 0 0967498272 LICK
095 0 0967697044 LICK
095 0 0967875780 LICK
095 0 0968179848 LICK
095 0 0968415728 LICK
095 0 0969244668 STIM_END_RESP_START
095 0 0970433344 LICK
095 0 0970433836 TIMEOUT_START
095 0 0970444716 RESP_END
095 0 0977434344 TIMEOUT_END
096 0 0990041828 STIM_START
096 0 0993817192 STIM_END_RESP_START
096 0 0995017232 RESP_END
097 0 0997092872 STIM_START
097 0 0997826872 LICK
097 0 0997988652 LICK
097 0 0998266780 LICK
097 0 0999835148 LICK
097 0 1000618232 STIM_END_RESP_START
097 0 1001818244 RESP_END
098 1 1003670796 STIM_START
098 1 1007446168 STIM_END_RESP_START
098 1 1008646184 RESP_END
099 0 1010395768 STIM_START
099 0 1014171144 STIM_END_RESP_START
099 0 1014568652 LICK
099 0 1014569188 TIMEOUT_START
099 0 1014732660 LICK
099 0 1014733200 TIMEOUT_START
099 0 1014964212 LICK
099 0 1014964752 TIMEOUT_START
099 0 1015371176 RESP_END
099 0 1021965324 TIMEOUT_END
100 0 1024181780 STIM_START
100 0 1025668436 LICK
100 0 1025838376 LICK
100 0 1026136648 LICK
100 0 1028207200 STIM_END_RESP_START
100 0 1028847100 LICK
100 0 1028847640 TIMEOUT_START
100 0 1029048924 LICK
100 0 1029049460 TIMEOUT_START
100 0 1029407228 RESP_END
100 0 1036050020 TIMEOUT_END
101 0 1037879788 STIM_START
101 0 1039267104 LICK
101 0 1039419120 LICK
101 0 1039655092 LICK
101 0 1039894140 LICK
101 0 1040380108 LICK
101 0 1040738784 LICK
101 0 1040964304 LICK
101 0 1041655176 STIM_END_RESP_START
101 0 1042855192 RESP_END
102 1 1044616756 STIM_START
102 1 1047684908 LICK
102 1 1047893604 LICK
102 1 1048642184 STIM_END_RESP_START
102 1 1048897584 LICK
102 1 1048898116 REWARD_START
102 1 1049092860 LICK
102 1 1049261024 LICK
102 1 1049378216 LICK
102 1 1049475212 LICK
102 1 1049585872 LICK
102 1 1049703580 LICK
102 1 1049842204 RESP_END
102 1 1048911192 REWARD_END
103 1 1058108732 STIM_START
103 1 1061384084 STIM_END_RESP_START
103 1 1062584132 RESP_END
104 1 1064812664 STIM_START
104 1 1066697436 LICK
104 1 1066851868 LICK
104 1 1067061992 LICK
104 1 1068588052 STIM_END_RESP_START
104 1 1069788056 RESP_END
105 0 1071940688 STIM_START
105 0 1075216040 STIM_END_RESP_START
105 0 1076416088 RESP_END
106 1 1078607696 STIM_START
106 1 1081154340 LICK
106 1 1081297064 LICK
106 1 1081653276 LICK
106 1 1081883044 STIM_END_RESP_START
106 1 1082541688 LICK
106 1 1082542224 REWARD_START
106 1 1082683464 LICK
106 1 1082851172 LICK
106 1 1082942736 LICK
106 1 1083054140 LICK
106 1 1083083060 RESP_END
106 1 1082555296 REWARD_END
107 1 1087439976 STIM_START
107 1 1087661144 LICK
107 1 1088006516 LICK
107 1 1090965348 STIM_END_RESP_START
107 1 1092165360 RESP_END
108 1 1094068960 STIM_START
108 1 1096761792 LICK
108 1 1096906088 LICK
108 1 1097035816 LICK
108 1 1097172096 LICK
108 1 1097380564 LICK
108 1 1097844336 STIM_END_RESP_START
108 1 1098014468 LICK
108 1 1098015004 REWARD_START
108 1 1098778996 LICK
108 1 1098954296 LICK
108 1 1099044364 RESP_END
108 1 1098028084 REWARD_END
109 0 1112104540 STIM_START
109 0 1113173268 LICK
109 0 1113380512 LICK
109 0 1113649160 LICK
109 0 1115879920 STIM_END_RESP_START
109 0 1117079936 RESP_END
110 0 1119207576 STIM_START
110 0 1119252856 LICK
110 0 1121627084 LICK
110 0 1121755796 LICK
110 0 1121980560 LICK
110 0 1122225612 LICK
110 0 1122482900 STIM_END_RESP_START
110 0 1122651076 LICK
110 0 1122651612 TIMEOUT_START
110 0 1122850344 LICK
110 0 1122850880 TIMEOUT_START
110 0 1123055016 LICK
110 0 1123055548 TIMEOUT_START
110 0 1123223384 LICK
110 0 1123223920 TIMEOUT_START
110 0 1123682948 RESP_END
110 0 1130224472 TIMEOUT_END
111 1 1132333512 STIM_START
111 1 1136108888 STIM_END_RESP_START
111 1 1137308900 RESP_END
112 0 1139398520 STIM_START
112 0 1140821604 LICK
112 0 1140946460 LICK
112 0 1141097904 LICK
112 0 1141813720 LICK
112 0 1141999624 LICK
112 0 1142211436 LICK
112 0 1142414868 LICK
112 0 1142673864 STIM_END_RESP_START
112 0 1142714756 LICK
112 0 1142715288 TIMEOUT_START
112 0 1143873904 RESP_END
112 0 1149715860 TIMEOUT_END
113 1 1151425284 STIM_START
113 1 1154700604 STIM_END_RESP_START
113 1 1155900620 RESP_END
114 1 1158138228 STIM_START
114 1 1159812924 LICK
114 1 1159937924 LICK
114 1 1160130448 LICK
114 1 1160277556 LICK
114 1 1160494324 LICK
114 1 1160714152 LICK
114 1 1160948368 LICK
114 1 1161154296 LICK
114 1 1161965984 LICK
114 1 1162117800 LICK
114 1 1162163652 STIM_END_RESP_START
114 1 1162831840 LICK
114 1 1162832380 REWARD_START
114 1 1162952088 LICK
114 1 1163141064 LICK
114 1 1163232596 LICK
114 1 1163347172 LICK
114 1 1163363676 RESP_END
114 1 1162845460 REWARD_END
115 1 1173151400 STIM_START
115 1 1176426728 STIM_END_RESP_START
115 1 1177626740 RESP_END
116 0 1179371316 STIM_START
116 0 1180671276 LICK
116 0 1180802028 LICK
116 0 1180967060 LICK
116 0 1181372560 LICK
116 0 1181531320 LICK
116 0 1181763372 LICK
116 0 1182041776 LICK
116 0 1182239672 LICK
116 0 1183056468 LICK
116 0 1183146700 STIM_END_RESP_START
116 0 1183447016 LICK
116 0 1183447556 TIMEOUT_START
116 0 1183673052 LICK
116 0 1183673592 TIMEOUT_START
116 0 1183850908 LICK
116 0 1183851440 TIMEOUT_START
116 0 1184346748 RESP_END
116 0 1190852012 TIMEOUT_END
117 0 1192870276 STIM_START
117 0 1193380920 LICK
117 0 1193617016 LICK
117 0 1193843236 LICK
117 0 1194114428 LICK
117 0 1194289704 LICK
117 0 1194538588 LICK
117 0 1195079088 LICK
117 0 1195862652 LICK
117 0 1196190492 LICK
117 0 1196895708 STIM_END_RESP_START
117 0 1196982212 LICK
117 0 1196982748 TIMEOUT_START
117 0 1197293860 LICK
117 0 1197294392 TIMEOUT_START
117 0 1198095748 RESP_END
117 0 1204294956 TIMEOUT_END
118 0 1206085180 STIM_START
118 0 1206262336 LICK
118 0 1206769360 LICK
118 0 1206970716 LICK
118 0 1207151388 LICK
118 0 1207735792 LICK
118 0 1207866892 LICK
118 0 1208053860 LICK
118 0 1209504360 LICK
118 0 1209738876 LICK
118 0 1210110584 STIM_END_RESP_START
118 0 1210954816 LICK
118 0 1210955352 TIMEOUT_START
118 0 1211126140 LICK
118 0 1211126672 TIMEOUT_START
118 0 1211310604 RESP_END
118 0 1218127240 TIMEOUT_END
119 1 1220186220 STIM_START
119 1 1223711580 STIM_END_RESP_START
119 1 1224911596 RESP_END
120 0 1226644128 STIM_START
120 0 1229919448 STIM_END_RESP_START
120 0 1231119464 RESP_END
121 1 1233046104 STIM_START
121 1 1236821476 STIM_END_RESP_START
121 1 1238021492 RESP_END
122 0 1239966112 STIM_START
122 0 1243741484 STIM_END_RESP_START
122 0 1244941500 RESP_END
123 1 1248451332 STIM_START
123 1 1251726652 STIM_END_RESP_START
123 1 1252926668 RESP_END
124 0 1255033328 STIM_START
124 0 1255630028 LICK
124 0 1255791068 LICK
124 0 1256006928 LICK
124 0 1257661836 LICK
124 0 1257886184 LICK
124 0 1258308648 STIM_END_RESP_START
124 0 1259508692 RESP_END
125 1 1261442264 STIM_START
125 1 1261865132 LICK
125 1 1262102080 LICK
125 1 1264717600 STIM_END_RESP_START
125 1 1265917612 RESP_END
126 0 1267636156 STIM_START
126 0 1270314556 LICK
126 0 1270515764 LICK
126 0 1270810616 LICK
126 0 1270911508 STIM_END_RESP_START
126 0 1271411676 LICK
126 0 1271412216 TIMEOUT_START
126 0 1271692748 LICK
126 0 1271693280 TIMEOUT_START
126 0 1271942604 LICK
126 0 1271943136 TIMEOUT_START
126 0 1272111540 RESP_END
126 0 1278943700 TIMEOUT_END
127 1 1281723188 STIM_START
127 1 1284998508 STIM_END_RESP_START
127 1 1286198520 RESP_END
128 1 1288285124 STIM_START
128 1 1288614240 LICK
128 1 1288775188 LICK
128 1 1292060512 STIM_END_RESP_START
128 1 1293260524 RESP_END
129 0 1295050148 STIM_START
129 0 1298325500 STIM_END_RESP_START
129 0 1299525516 RESP_END
130 0 1301689096 STIM_START
130 0 1304964420 STIM_END_RESP_START
130 0 1306164436 RESP_END
131 0 1308379072 STIM_START
131 0 1312404500 STIM_END_RESP_START
131 0 1313604540 RESP_END
132 1 1315708120 STIM_START
132 1 1316447412 LICK
132 1 1316599048 LICK
132 1 1316760256 LICK
132 1 1316899708 LICK
132 1 1318983444 STIM_END_RESP_START
132 1 1320183456 RESP_END
133 0 1323268212 STIM_START
133 0 1326543564 STIM_END_RESP_START
133 0 1327743580 RESP_END
134 0 1329860220 STIM_START
134 0 1333385588 STIM_END_RESP_START
134 0 1334585600 RESP_END
135 0 1336619244 STIM_START
135 0 1339894560 STIM_END_RESP_START
135 0 1341094572 RESP_END
136 1 1342893124 STIM_START
136 1 1343067124 LICK
136 1 1343193472 LICK
136 1 1343386008 LICK
136 1 1343549088 LICK
136 1 1344482608 LICK
136 1 1344619080 LICK
136 1 1344812580 LICK
136 1 1345512108 LICK
136 1 1345688028 LICK
136 1 1346032560 LICK
136 1 1346918516 STIM_END_RESP_START
136 1 1348118568 RESP_END
137 0 1349876116 STIM_START
137 0 1351916692 LICK
137 0 1352058344 LICK
137 0 1352237184 LICK
137 0 1353901512 STIM_END_RESP_START
137 0 1355101528 RESP_END
138 1 1357177188 STIM_START
138 1 1360702552 STIM_END_RESP_START
138 1 1361902604 RESP_END
139 1 1363910168 STIM_START
139 1 1367185528 STIM_END_RESP_START
139 1 1368385580 RESP_END
140 1 1370609140 STIM_START
140 1 1373670636 LICK
140 1 1373800688 LICK
140 1 1374384524 STIM_END_RESP_START
140 1 1374487208 LICK
140 1 1374487744 REWARD_START
140 1 1374697528 LICK
140 1 1374933096 LICK
140 1 1375032776 LICK
140 1 1375122652 LICK
140 1 1375233404 LICK
140 1 1375357988 LICK
140 1 1375482136 LICK
140 1 1375584572 RESP_END
140 1 1374500816 REWARD_END
141 0 1378983360 STIM_START
141 0 1381760616 LICK
141 0 1381899784 LICK
141 0 1382006916 LICK
141 0 1382124116 LICK
141 0 1382259696 LICK
141 0 1382758752 STIM_END_RESP_START
141 0 1383958768 RESP_END
142 1 1385874316 STIM_START
142 1 1389399680 STIM_END_RESP_START
142 1 1390599696 RESP_END
143 0 1392330272 STIM_START
143 0 1392645756 LICK
143 0 1392823080 LICK
143 0 1395605616 STIM_END_RESP_START
143 0 1396805668 RESP_END
144 0 1398711192 STIM_START
144 0 1402486564 STIM_END_RESP_START
144 0 1403686580 RESP_END
145 1 1405503220 STIM_START
145 1 1407085316 LICK
145 1 1407259656 LICK
145 1 1407470156 LICK
145 1 1409528612 STIM_END_RESP_START
145 1 1410728624 RESP_END
146 0 1412514224 STIM_START
146 0 1415789584 STIM_END_RESP_START
146 0 1416989592 RESP_END
147 0 1420198372 STIM_START
147 0 1423473692 STIM_END_RESP_START
147 0 1424673736 RESP_END
148 1 1426845348 STIM_START
148 1 1430120668 STIM_END_RESP_START
148 1 1431320684 RESP_END
149 1 1433087288 STIM_START
149 1 1436362608 STIM_END_RESP_START
149 1 1437562620 RESP_END
150 1 1439771192 STIM_START
150 1 1443546568 STIM_END_RESP_START
150 1 1444746580 RESP_END
151 0 1446675200 STIM_START
151 0 1449950520 STIM_END_RESP_START
151 0 1451150536 RESP_END
152 0 1453086136 STIM_START
152 0 1454409916 LICK
152 0 1454539200 LICK
152 0 1454719940 LICK
152 0 1456611488 STIM_END_RESP_START
152 0 1457811504 RESP_END
153 0 1459995092 STIM_START
153 0 1463770468 STIM_END_RESP_START
153 0 1464970484 RESP_END
154 1 1470819712 STIM_START
154 1 1474095028 STIM_END_RESP_START
154 1 1475295044 RESP_END
155 0 1477492680 STIM_START
155 0 1477788180 LICK
155 0 1477913132 LICK
155 0 1478114920 LICK
155 0 1481518092 STIM_END_RESP_START
155 0 1482718100 RESP_END
156 0 1484638720 STIM_START
156 0 1485075512 LICK
156 0 1485230928 LICK
156 0 1485465120 LICK
156 0 1487005492 LICK
156 0 1487206300 LICK
156 0 1487445128 LICK
156 0 1487670192 LICK
156 0 1488119324 LICK
156 0 1488164096 STIM_END_RESP_START
156 0 1488363272 LICK
156 0 1488363808 TIMEOUT_START
156 0 1488626216 LICK
156 0 1488626752 TIMEOUT_START
156 0 1488814592 LICK
156 0 1488815128 TIMEOUT_START
156 0 1489364124 RESP_END
156 0 1495815692 TIMEOUT_END
157 0 1497780604 STIM_START
157 0 1501806020 STIM_END_RESP_START
157 0 1503006036 RESP_END
158 1 1505210732 STIM_START
158 1 1509236152 STIM_END_RESP_START
158 1 1510436168 RESP_END
159 0 1512289720 STIM_START
159 0 1512297304 LICK
159 0 1512479720 LICK
159 0 1512696656 LICK
159 0 1516065104 STIM_END_RESP_START
159 0 1517265120 RESP_END
160 1 1519184724 STIM_START
160 1 1522710092 STIM_END_RESP_START
160 1 1523214800 LICK
160 1 1523215332 REWARD_START
160 1 1523376816 LICK
160 1 1523530320 LICK
160 1 1523629112 LICK
160 1 1523762528 LICK
160 1 1523853372 LICK
160 1 1523910136 RESP_END
160 1 1523228412 REWARD_END
161 1 1529567268 STIM_START
161 1 1532952452 LICK
161 1 1533089532 LICK
161 1 1533236324 LICK
161 1 1533342644 STIM_END_RESP_START
161 1 1533442392 LICK
161 1 1533442928 REWARD_START
161 1 1533934656 LICK
161 1 1534069536 LICK
161 1 1534167532 LICK
161 1 1534255088 LICK
161 1 1534360536 LICK
161 1 1534471204 LICK
161 1 1534542692 RESP_END
161 1 1533456004 REWARD_END
162 1 1539223692 STIM_START
162 1 1543177348 LICK
162 1 1543249092 STIM_END_RESP_START
162 1 1543334208 LICK
162 1 1543334744 REWARD_START
162 1 1543443124 LICK
162 1 1543584460 LICK
162 1 1543680252 LICK
162 1 1543785820 LICK
162 1 1543894972 LICK
162 1 1543993108 LICK
162 1 1544110456 LICK
162 1 1544225508 LICK
162 1 1544353188 LICK
162 1 1544449108 RESP_END
162 1 1543347820 REWARD_END
163 0 1548150928 STIM_START
163 0 1549745620 LICK
163 0 1549907252 LICK
163 0 1550380308 LICK
163 0 1550601652 LICK
163 0 1551676276 STIM_END_RESP_START
163 0 1552876292 RESP_END
164 0 1554642880 STIM_START
164 0 1558418252 STIM_END_RESP_START
164 0 1559618268 RESP_END
165 1 1563762164 STIM_START
165 1 1564549936 LICK
165 1 1564731324 LICK
165 1 1564929164 LICK
165 1 1565230688 LICK
165 1 1567537552 STIM_END_RESP_START
165 1 1568737568 RESP_END
166 0 1570498208 STIM_START
166 0 1570766000 LICK
166 0 1570889032 LICK
166 0 1571065584 LICK
166 0 1571264864 LICK
166 0 1574523628 STIM_END_RESP_START
166 0 1575723640 RESP_END
167 0 1577697204 STIM_START
167 0 1577974068 LICK
167 0 1578120360 LICK
167 0 1578295904 LICK
167 0 1578540800 LICK
167 0 1579598068 LICK
167 0 1579767180 LICK
167 0 1580179608 LICK
167 0 1580397156 LICK
167 0 1580972544 STIM_END_RESP_START
167 0 1582172560 RESP_END
168 1 1585090328 STIM_START
168 1 1585651696 LICK
168 1 1585830756 LICK
168 1 1586077544 LICK
168 1 1588365676 STIM_END_RESP_START
168 1 1589565692 RESP_END
169 0 1591422224 STIM_START
169 0 1592674060 LICK
169 0 1592804804 LICK
169 0 1592941604 LICK
169 0 1593097788 LICK
169 0 1593341656 LICK
169 0 1593530500 LICK
169 0 1595030344 LICK
169 0 1595153676 LICK
169 0 1595353544 LICK
169 0 1595447624 STIM_END_RESP_START
169 0 1595561496 LICK
169 0 1595562036 TIMEOUT_START
169 0 1595725276 LICK
169 0 1595725808 TIMEOUT_START
169 0 1595910748 LICK
169 0 1595911284 TIMEOUT_START
169 0 1596194484 LICK
169 0 1596195024 TIMEOUT_START
169 0 1596357352 LICK
169 0 1596357892 TIMEOUT_START
169 0 1596529272 LICK
169 0 1596529812 TIMEOUT_START
169 0 1596647652 RESP_END
169 0 1603530368 TIMEOUT_END
170 0 1606594388 STIM_START
170 0 1606636616 LICK
170 0 1606817996 LICK
170 0 1607011772 LICK
170 0 1607260480 LICK
170 0 1607598348 LICK
170 0 1607815160 LICK
170 0 1608052848 LICK
170 0 1608249068 LICK
170 0 1608433356 LICK
170 0 1608606944 LICK
170 0 1608898760 LICK
170 0 1609360884 LICK
170 0 1609869708 STIM_END_RESP_START
170 0 1609873760 LICK
170 0 1609874300 TIMEOUT_START
170 0 1611069720 RESP_END
170 0 1616874856 TIMEOUT_END
171 1 1619027236 STIM_START
171 1 1619481400 LICK
171 1 1619637920 LICK
171 1 1619842820 LICK
171 1 1620151376 LICK
171 1 1620425924 LICK
171 1 1621618928 LICK
171 1 1621843500 LICK
171 1 1622552600 STIM_END_RESP_START
171 1 1623752644 RESP_END
172 1 1625931236 STIM_START
172 1 1629956656 STIM_END_RESP_START
172 1 1631156672 RESP_END
173 1 1634268424 STIM_START
173 1 1636573288 LICK
173 1 1636806412 LICK
173 1 1638293848 STIM_END_RESP_START
173 1 1638484828 LICK
173 1 1638485364 REWARD_START
173 1 1638717640 LICK
173 1 1638798348 LICK
173 1 1638913924 LICK
173 1 1638992008 LICK
173 1 1639135680 LICK
173 1 1639217880 LICK
173 1 1639372712 LICK
173 1 1639463460 LICK
173 1 1639493872 RESP_END
173 1 1638498420 REWARD_END
174 0 1645800112 STIM_START
174 0 1649075436 STIM_END_RESP_START
174 0 1650275448 RESP_END
175 0 1652111004 STIM_START
175 0 1652408440 LICK
175 0 1652541188 LICK
175 0 1652685384 LICK
175 0 1652843204 LICK
175 0 1653191080 LICK
175 0 1653409248 LICK
175 0 1656136392 STIM_END_RESP_START
175 0 1657336408 RESP_END
176 0 1659262084 STIM_START
176 0 1662537436 STIM_END_RESP_START
176 0 1663737452 RESP_END
177 1 1665746008 STIM_START
177 1 1666105108 LICK
177 1 1666260160 LICK
177 1 1667143184 LICK
177 1 1667277860 LICK
177 1 1667424560 LICK
177 1 1668274028 LICK
177 1 1668926932 LICK
177 1 1669096084 LICK
177 1 1669521380 STIM_END_RESP_START
177 1 1670721396 RESP_END
178 0 1672901032 STIM_START
178 0 1673791256 LICK
178 0 1673963576 LICK
178 0 1674159228 LICK
178 0 1674783320 LICK
178 0 1676825416 LICK
178 0 1676926428 STIM_END_RESP_START
178 0 1677237764 LICK
178 0 1677238300 TIMEOUT_START
178 0 1677519264 LICK
178 0 1677519800 TIMEOUT_START
178 0 1678023208 LICK
178 0 1678023744 TIMEOUT_START
178 0 1678126468 RESP_END
178 0 1685024292 TIMEOUT_END
179 1 1686807080 STIM_START
179 1 1690332448 STIM_END_RESP_START
179 1 1691532496 RESP_END
180 0 1693715048 STIM_START
180 0 1695226552 LICK
180 0 1695373684 LICK
180 0 1695503244 LICK
180 0 1695661784 LICK
180 0 1695810396 LICK
180 0 1695985968 LICK
180 0 1696149604 LICK
180 0 1696378796 LICK
180 0 1696595672 LICK
180 0 1697240392 STIM_END_RESP_START
180 0 1697399744 LICK
180 0 1697400280 TIMEOUT_START
180 0 1697614456 LICK
180 0 1697614992 TIMEOUT_START
180 0 1697912080 LICK
180 0 1697912608 TIMEOUT_START
180 0 1698440440 RESP_END
180 0 1704913164 TIMEOUT_END
181 1 1706884980 STIM_START
181 1 1707050676 LICK
181 1 1707173308 LICK
181 1 1707357816 LICK
181 1 1710910400 STIM_END_RESP_START
181 1 1712110412 RESP_END
182 1 1714167044 STIM_START
182 1 1715088408 LICK
182 1 1715240296 LICK
182 1 1715389024 LICK
182 1 1715629992 LICK
182 1 1715820172 LICK
182 1 1715978788 LICK
182 1 1716414268 LICK
182 1 1718192440 STIM_END_RESP_START
182 1 1719392456 RESP_END
183 1 1721507072 STIM_START
183 1 1725282444 STIM_END_RESP_START
183 1 1726482496 RESP_END
184 0 1728516084 STIM_START
184 0 1728877332 LICK
184 0 1729004336 LICK
184 0 1729140888 LICK
184 0 1729398220 LICK
184 0 1729640144 LICK
184 0 1732291468 STIM_END_RESP_START
184 0 1733491480 RESP_END
185 1 1736742288 STIM_START
185 1 1736874552 LICK
185 1 1737031504 LICK
185 1 1737183032 LICK
185 1 1737351212 LICK
185 1 1738072216 LICK
185 1 1739448820 LICK
185 1 1740017636 STIM_END_RESP_START
185 1 1741217652 RESP_END
186 0 1743314264 STIM_START
186 0 1747339680 STIM_END_RESP_START
186 0 1748539696 RESP_END
187 1 1750592336 STIM_START
187 1 1754367708 STIM_END_RESP_START
187 1 1755567724 RESP_END
188 0 1757704380 STIM_START
188 0 1758203276 LICK
188 0 1758345308 LICK
188 0 1758550796 LICK
188 0 1761729784 STIM_END_RESP_START
188 0 1762929796 RESP_END
189 0 1765025424 STIM_START
189 0 1765397492 LICK
189 0 1765596512 LICK
189 0 1765752588 LICK
189 0 1765952492 LICK
189 0 1767157948 LICK
189 0 1767354252 LICK
189 0 1767627660 LICK
189 0 1767831268 LICK
189 0 1768300772 STIM_END_RESP_START
189 0 1769171096 LICK
189 0 1769171628 TIMEOUT_START
189 0 1769500812 RESP_END
189 0 1776172188 TIMEOUT_END
190 1 1777994328 STIM_START
190 1 1778334868 LICK
190 1 1778510376 LICK
190 1 1778664024 LICK
190 1 1782019724 STIM_END_RESP_START
190 1 1783219740 RESP_END
191 1 1787225664 STIM_START
191 1 1791001036 STIM_END_RESP_START
191 1 1792201052 RESP_END
192 1 1794008648 STIM_START
192 1 1796259896 LICK
192 1 1796460976 LICK
192 1 1797283992 STIM_END_RESP_START
192 1 1797368440 LICK
192 1 1797368980 REWARD_START
192 1 1797625912 LICK
192 1 1797811156 LICK
192 1 1797936624 LICK
192 1 1798018560 LICK
192 1 1798135700 LICK
192 1 1798275884 LICK
192 1 1798406508 LICK
192 1 1798484024 RESP_END
192 1 1797382052 REWARD_END
193 0 1806504464 STIM_START
193 0 1806872700 LICK
193 0 1807075624 LICK
193 0 1808013924 LICK
193 0 1808265184 LICK
193 0 1810029804 STIM_END_RESP_START
193 0 1811229820 RESP_END
194 1 1813271436 STIM_START
194 1 1813759184 LICK
194 1 1813908616 LICK
194 1 1814179632 LICK
194 1 1817296832 STIM_END_RESP_START
194 1 1818496848 RESP_END
195 1 1821226580 STIM_START
195 1 1822060608 LICK
195 1 1822260988 LICK
195 1 1822497660 LICK
195 1 1824501888 STIM_END_RESP_START
195 1 1825701944 RESP_END
196 1 1827858580 STIM_START
196 1 1830061840 LICK
196 1 1831884004 STIM_END_RESP_START
196 1 1833084020 RESP_END
197 0 1834942560 STIM_START
197 0 1838967980 STIM_END_RESP_START
197 0 1840168000 RESP_END
198 0 1843651868 STIM_START
198 0 1844692680 LICK
198 0 1844899268 LICK
198 0 1847427248 STIM_END_RESP_START
198 0 1848627260 RESP_END
199 0 1850600868 STIM_START
199 0 1853848688 LICK
199 0 1853987292 LICK
199 0 1854149552 LICK
199 0 1854376272 STIM_END_RESP_START
199 0 1854462708 LICK
199 0 1854463248 TIMEOUT_START
199 0 1855576288 RESP_END
199 0 1861463808 TIMEOUT_END
200 1 1863224764 STIM_START
200 1 1865230820 LICK
200 1 1865376920 LICK
200 1 1867000156 STIM_END_RESP_START
200 1 1868200172 RESP_END
201 1 1870022676 STIM_START
201 1 1873548036 STIM_END_RESP_START
201 1 1874748052 RESP_END
202 0 1878271908 STIM_START
202 0 1881547228 STIM_END_RESP_START
202 0 1882747244 RESP_END
203 1 1888157344 STIM_START
203 1 1891432664 STIM_END_RESP_START
203 1 1892632676 RESP_END
204 0 1894767312 STIM_START
204 0 1898792732 STIM_END_RESP_START
204 0 1899992748 RESP_END
205 0 1901874320 STIM_START
205 0 1901943720 LICK
205 0 1902152488 LICK
205 0 1902426956 LICK
205 0 1903381160 LICK
205 0 1903688604 LICK
205 0 1903904904 LICK
205 0 1904235776 LICK
205 0 1904411284 LICK
205 0 1904571192 LICK
205 0 1904790412 LICK
205 0 1905899736 STIM_END_RESP_START
205 0 1907099752 RESP_END
206 1 1909180348 STIM_START
206 1 1912455708 STIM_END_RESP_START
206 1 1913655724 RESP_END
207 1 1915567280 STIM_START
207 1 1915876224 LICK
207 1 1916025792 LICK
207 1 1918842624 STIM_END_RESP_START
207 1 1920031420 LICK
207 1 1920031960 REWARD_START
207 1 1920045072 RESP_END
207 1 1920045032 REWARD_END
208 0 1930674480 STIM_START
208 0 1934199852 STIM_END_RESP_START
208 0 1934542060 LICK
208 0 1934542592 TIMEOUT_START
208 0 1935399884 RESP_END
208 0 1941543152 TIMEOUT_END
209 0 1943495388 STIM_START
209 0 1947020756 STIM_END_RESP_START
209 0 1948220772 RESP_END
210 0 1950421340 STIM_START
210 0 1954446756 STIM_END_RESP_START
210 0 1955646776 RESP_END
211 1 1957471392 STIM_START
211 1 1960747616 LICK
211 1 1960954364 LICK
211 1 1961140652 LICK
211 1 1961496800 STIM_END_RESP_START
211 1 1962696816 RESP_END
212 0 1964858472 STIM_START
212 0 1966262948 LICK
212 0 1968383840 STIM_END_RESP_START
212 0 1969583856 RESP_END
213 0 1971501416 STIM_START
213 0 1973455060 LICK
213 0 1973660496 LICK
213 0 1974776732 STIM_END_RESP_START
213 0 1975976748 RESP_END
214 0 1977928344 STIM_START
214 0 1981453712 STIM_END_RESP_START
214 0 1982653728 RESP_END
215 1 1984403348 STIM_START
215 1 1987928712 STIM_END_RESP_START
215 1 1988650488 LICK
215 1 1988651028 REWARD_START
215 1 1988824096 LICK
215 1 1988959440 LICK
215 1 1989066360 LICK
215 1 1989128744 RESP_END
215 1 1988664100 REWARD_END
216 1 1993234624 STIM_START
216 1 1997010000 STIM_END_RESP_START
216 1 1998210044 RESP_END
217 0 2003823116 STIM_START
217 0 2007848536 STIM_END_RESP_START
217 0 2009048556 RESP_END
218 1 2014104600 STIM_START
218 1 2017879972 STIM_END_RESP_START
218 1 2019079988 RESP_END
219 1 2021245676 STIM_START
219 1 2022458080 LICK
219 1 2022632208 LICK
219 1 2022923192 LICK
219 1 2023168220 LICK
219 1 2025021068 STIM_END_RESP_START
219 1 2026014416 LICK
219 1 2026014956 REWARD_START
219 1 2026166672 LICK
219 1 2026221088 RESP_END
219 1 2026028028 REWARD_END
220 0 2033215400 STIM_START
220 0 2033960140 LICK
220 0 2034174856 LICK
220 0 2037240812 STIM_END_RESP_START
220 0 2038440828 RESP_END
221 0 2042802772 STIM_START
221 0 2045457380 LICK
221 0 2045598200 LICK
221 0 2045814812 LICK
221 0 2046096076 LICK
221 0 2046328124 STIM_END_RESP_START
221 0 2047493568 LICK
221 0 2047494104 TIMEOUT_START
221 0 2047528160 RESP_END
221 0 2054494668 TIMEOUT_END
222 1 2059543168 STIM_START
222 1 2060963496 LICK
222 1 2061058096 LICK
222 1 2061180720 LICK
222 1 2061335548 LICK
222 1 2061427080 LICK
222 1 2061916768 LICK
222 1 2061969060 LICK
222 1 2062400320 LICK
222 1 2062560304 LICK
222 1 2063068540 STIM_END_RESP_START
222 1 2063499876 LICK
222 1 2063500416 REWARD_START
222 1 2063628700 LICK
222 1 2063781140 LICK
222 1 2063879748 LICK
222 1 2063990320 LICK
222 1 2064116964 LICK
222 1 2064239900 LICK
222 1 2064268556 RESP_END
222 1 2063513488 REWARD_END
223 0 2067635364 STIM_START
223 0 2071410740 STIM_END_RESP_START
223 0 2072610788 RESP_END
224 1 2074360336 STIM_START
224 1 2074681216 LICK
224 1 2074806124 LICK
224 1 2075536292 LICK
224 1 2075713612 LICK
224 1 2075840656 LICK
224 1 2076029148 LICK
224 1 2076203064 LICK
224 1 2076462572 LICK
224 1 2077635692 STIM_END_RESP_START
224 1 2078835744 RESP_END
225 1 2080835276 STIM_START
225 1 2081144716 LICK
225 1 2081265252 LICK
225 1 2081409196 LICK
225 1 2081579708 LICK
225 1 2084731540 LICK
225 1 2084860672 STIM_END_RESP_START
225 1 2086060688 RESP_END
226 0 2087939316 STIM_START
226 0 2088907336 LICK
226 0 2089231268 LICK
226 0 2091178428 LICK
226 0 2091306572 LICK
226 0 2091464692 STIM_END_RESP_START
226 0 2092326444 LICK
226 0 2092326980 TIMEOUT_START
226 0 2092551592 LICK
226 0 2092552128 TIMEOUT_START
226 0 2092664704 RESP_END
226 0 2099552684 TIMEOUT_END
227 0 2101605288 STIM_START
227 0 2101660976 LICK
227 0 2102030236 LICK
227 0 2104798600 LICK
227 0 2104945812 LICK
227 0 2105256440 LICK
227 0 2105474448 LICK
227 0 2105630692 STIM_END_RESP_START
227 0 2106830708 RESP_END
228 0 2108736336 STIM_START
228 0 2112477024 LICK
228 0 2112511740 STIM_END_RESP_START
228 0 2112675224 LICK
228 0 2112675756 TIMEOUT_START
228 0 2113711768 RESP_END
228 0 2119676312 TIMEOUT_END
229 1 2121399196 STIM_START
229 1 2122718856 LICK
229 1 2122902692 LICK
229 1 2124924560 STIM_END_RESP_START
229 1 2126124572 RESP_END
230 1 2129483348 STIM_START
230 1 2131984092 LICK
230 1 2132215204 LICK
230 1 2132423652 LICK
230 1 2133508752 STIM_END_RESP_START
230 1 2134708768 RESP_END
231 1 2136633412 STIM_START
231 1 2138030064 LICK
231 1 2138226704 LICK
231 1 2139386652 LICK
231 1 2139629008 LICK
231 1 2139908752 STIM_END_RESP_START
231 1 2141108768 RESP_END
232 0 2142892304 STIM_START
232 0 2143707656 LICK
232 0 2143896384 LICK
232 0 2146917716 STIM_END_RESP_START
232 0 2147664876 LICK
232 0 2147665412 TIMEOUT_START
232 0 2147875412 LICK
232 0 2147875952 TIMEOUT_START
232 0 2148117760 RESP_END
232 0 2154876500 TIMEOUT_END
233 1 2158972656 STIM_START
233 1 2162498024 STIM_END_RESP_START
233 1 2163698040 RESP_END
234 1 2165922648 STIM_START
234 1 2169948068 STIM_END_RESP_START
234 1 2171148080 RESP_END
235 0 2173294680 STIM_START
235 0 2176570032 STIM_END_RESP_START
235 0 2177770044 RESP_END
236 1 2179879696 STIM_START
236 1 2181528748 LICK
236 1 2181723164 LICK
236 1 2181915248 LICK
236 1 2182082108 LICK
236 1 2182343444 LICK
236 1 2183655088 STIM_END_RESP_START
236 1 2184855104 RESP_END
237 1 2187072720 STIM_START
237 1 2188846716 LICK
237 1 2189059716 LICK
237 1 2189520984 LICK
237 1 2189682528 LICK
237 1 2189865292 LICK
237 1 2191098136 STIM_END_RESP_START
237 1 2192298156 RESP_END
238 1 2194140752 STIM_START
238 1 2194154212 LICK
238 1 2197666092 STIM_END_RESP_START
238 1 2198866108 RESP_END
239 0 2206343484 STIM_START
239 0 2209260256 LICK
239 0 2209427672 LICK
239 0 2210368896 STIM_END_RESP_START
239 0 2211568908 RESP_END
240 1 2213763628 STIM_START
240 1 2216387232 LICK
240 1 2217789052 STIM_END_RESP_START
240 1 2218170560 LICK
240 1 2218171092 REWARD_START
240 1 2218989080 RESP_END
240 1 2218184172 REWARD_END
241 0 2221045692 STIM_START
241 0 2223963812 LICK
241 0 2224571068 STIM_END_RESP_START
241 0 2225771088 RESP_END
242 0 2227731624 STIM_START
242 0 2229673164 LICK
242 0 2229881228 LICK
242 0 2230034376 LICK
242 0 2230259252 LICK
242 0 2230523268 LICK
242 0 2231257004 STIM_END_RESP_START
242 0 2231465872 LICK
242 0 2231466412 TIMEOUT_START
242 0 2232457028 RESP_END
242 0 2238466976 TIMEOUT_END
243 0 2240476428 STIM_START
243 0 2244001788 STIM_END_RESP_START
243 0 2245201804 RESP_END
244 1 2247186480 STIM_START
244 1 2247819900 LICK
244 1 2248054404 LICK
244 1 2248582788 LICK
244 1 2250461804 STIM_END_RESP_START
244 1 2251661820 RESP_END
245 1 2253685396 STIM_START
245 1 2253692984 LICK
245 1 2253829676 LICK
245 1 2257710820 STIM_END_RESP_START
245 1 2258910832 RESP_END
246 1 2260926444 STIM_START
246 1 2261925628 LICK
246 1 2262147576 LICK
246 1 2262299812 LICK
246 1 2264951848 STIM_END_RESP_START
246 1 2266151896 RESP_END
247 0 2268062544 STIM_START
247 0 2271337864 STIM_END_RESP_START
247 0 2272537880 RESP_END
248 1 2274498452 STIM_START
248 1 2278023816 STIM_END_RESP_START
248 1 2279223836 RESP_END
249 0 2282255572 STIM_START
249 0 2282609368 LICK
249 0 2286030960 STIM_END_RESP_START
249 0 2286505292 LICK
249 0 2286505824 TIMEOUT_START
249 0 2286792364 LICK
249 0 2286792900 TIMEOUT_START
249 0 2287231004 RESP_END
249 0 2293793464 TIMEOUT_END
250 0 2297746800 STIM_START
250 0 2298045068 LICK
250 0 2301272160 STIM_END_RESP_START
250 0 2302472216 RESP_END
251 0 2304351772 STIM_START
251 0 2308377188 STIM_END_RESP_START
251 0 2308875828 LICK
251 0 2308876364 TIMEOUT_START
251 0 2309577220 RESP_END
251 0 2315876928 TIMEOUT_END
252 1 2317657684 STIM_START
252 1 2317892876 LICK
252 1 2321433076 STIM_END_RESP_START
252 1 2321765616 LICK
252 1 2321766152 REWARD_START
252 1 2321973448 LICK
252 1 2322099140 LICK
252 1 2322633108 RESP_END
252 1 2321779232 REWARD_END
253 1 2328802296 STIM_START
253 1 2332577676 STIM_END_RESP_START
253 1 2333777692 RESP_END
254 1 2337384528 STIM_START
254 1 2337869608 LICK
254 1 2340659864 STIM_END_RESP_START
254 1 2341859880 RESP_END
255 0 2343625480 STIM_START
255 0 2345358272 LICK
255 0 2346571496 LICK
255 0 2346771072 LICK
255 0 2347400876 STIM_END_RESP_START
255 0 2348336568 LICK
255 0 2348337100 TIMEOUT_START
255 0 2348600900 RESP_END
255 0 2355337668 TIMEOUT_END
256 1 2357238424 STIM_START
256 1 2359344980 LICK
256 1 2361263836 STIM_END_RESP_START
256 1 2362463852 RESP_END
257 0 2364193444 STIM_START
257 0 2364776508 LICK
257 0 2367468760 STIM_END_RESP_START
257 0 2368264148 LICK
257 0 2368264684 TIMEOUT_START
257 0 2368411700 LICK
257 0 2368412232 TIMEOUT_START
257 0 2368668788 RESP_END
257 0 2375412788 TIMEOUT_END
258 0 2377386336 STIM_START
258 0 2377781700 LICK
258 0 2378902568 LICK
258 0 2379061956 LICK
258 0 2379597368 LICK
258 0 2379834988 LICK
258 0 2381161716 STIM_END_RESP_START
258 0 2381295680 LICK
258 0 2381296212 TIMEOUT_START
258 0 2382197216 LICK
258 0 2382197752 TIMEOUT_START
258 0 2382361748 RESP_END
258 0 2389198316 TIMEOUT_END
259 0 2394265808 STIM_START
259 0 2395972732 LICK
259 0 2396250968 LICK
259 0 2396415560 LICK
259 0 2397541152 STIM_END_RESP_START
259 0 2398741168 RESP_END
260 1 2400630756 STIM_START
260 1 2403906076 STIM_END_RESP_START
260 1 2405106092 RESP_END
261 1 2409579012 STIM_START
261 1 2413354388 STIM_END_RESP_START
261 1 2414554404 RESP_END
262 1 2416380036 STIM_START
262 1 2419655388 STIM_END_RESP_START
262 1 2420855404 RESP_END
263 0 2422971984 STIM_START
263 0 2426497352 STIM_END_RESP_START
263 0 2427697368 RESP_END
264 1 2429494940 STIM_START
264 1 2430006072 LICK
264 1 2430417448 LICK
264 1 2430588136 LICK
264 1 2432770272 STIM_END_RESP_START
264 1 2433970288 RESP_END
265 1 2435873908 STIM_START
265 1 2438949192 LICK
265 1 2439899332 STIM_END_RESP_START
265 1 2441099348 RESP_END
266 0 2443000908 STIM_START
266 0 2443766668 LICK
266 0 2443943440 LICK
266 0 2446526260 STIM_END_RESP_START
266 0 2447726276 RESP_END
267 1 2449464840 STIM_START
267 1 2451563880 LICK
267 1 2451739496 LICK
267 1 2451895116 LICK
267 1 2452129708 LICK
267 1 2452327908 LICK
267 1 2453490256 STIM_END_RESP_START
267 1 2454690276 RESP_END
268 0 2456629908 STIM_START
268 0 2458496876 LICK
268 0 2460655292 STIM_END_RESP_START
268 0 2461855308 RESP_END
269 1 2463817900 STIM_START
269 1 2465312652 LICK
269 1 2467843300 STIM_END_RESP_START
269 1 2469043312 RESP_END
270 0 2470893920 STIM_START
270 0 2473429600 LICK
270 0 2474169252 STIM_END_RESP_START
270 0 2475369264 RESP_END
271 0 2477823032 STIM_START
271 0 2481098348 STIM_END_RESP_START
271 0 2482298364 RESP_END
272 1 2484206920 STIM_START
272 1 2487482276 STIM_END_RESP_START
272 1 2488682292 RESP_END
273 0 2490691868 STIM_START
273 0 2494467240 STIM_END_RESP_START
273 0 2495667252 RESP_END
274 0 2497850916 STIM_START
274 0 2501626288 STIM_END_RESP_START
274 0 2502826304 RESP_END
275 0 2504691896 STIM_START
275 0 2506002168 LICK
275 0 2506178640 LICK
275 0 2508467284 STIM_END_RESP_START
275 0 2509667336 RESP_END
276 1 2511465880 STIM_START
276 1 2514991248 STIM_END_RESP_START
276 1 2516191264 RESP_END
277 0 2518150860 STIM_START
277 0 2519021560 LICK
277 0 2519155124 LICK
277 0 2521926252 STIM_END_RESP_START
277 0 2523126268 RESP_END
278 1 2525037816 STIM_START
278 1 2527866868 LICK
278 1 2528313132 STIM_END_RESP_START
278 1 2529513148 RESP_END
279 1 2533349036 STIM_START
279 1 2536624356 STIM_END_RESP_START
279 1 2537824376 RESP_END
280 0 2539935032 STIM_START
280 0 2543611608 LICK
280 0 2543710408 STIM_END_RESP_START
280 0 2544910424 RESP_END
281 1 2546684964 STIM_START
281 1 2549496412 LICK
281 1 2550210328 STIM_END_RESP_START
281 1 2551410348 RESP_END
282 0 2553247960 STIM_START
282 0 2556354780 LICK
282 0 2556511388 LICK
282 0 2556678720 LICK
282 0 2556773336 STIM_END_RESP_START
282 0 2557973352 RESP_END
283 0 2559853936 STIM_START
283 0 2563629312 STIM_END_RESP_START
283 0 2564829328 RESP_END
284 0 2566594848 STIM_START
284 0 2570057444 LICK
284 0 2570318368 LICK
284 0 2570370248 STIM_END_RESP_START
284 0 2570502600 LICK
284 0 2570503132 TIMEOUT_START
284 0 2571570260 RESP_END
284 0 2577503700 TIMEOUT_END
285 1 2579320760 STIM_START
285 1 2580409592 LICK
285 1 2580636192 LICK
285 1 2582846108 STIM_END_RESP_START
285 1 2584046124 RESP_END
286 1 2585977740 STIM_START
286 1 2589475632 LICK
286 1 2589753112 STIM_END_RESP_START
286 1 2590953128 RESP_END
287 0 2592937756 STIM_START
287 0 2596213076 STIM_END_RESP_START
287 0 2597413092 RESP_END
288 0 2599546712 STIM_START
288 0 2603072080 STIM_END_RESP_START
288 0 2604272096 RESP_END
289 1 2606156616 STIM_START
289 1 2609681984 STIM_END_RESP_START
289 1 2610784908 LICK
289 1 2610785448 REWARD_START
289 1 2610882016 RESP_END
289 1 2610798524 REWARD_END
290 1 2614519796 STIM_START
290 1 2617795128 STIM_END_RESP_START
290 1 2618995144 RESP_END
291 1 2620899800 STIM_START
291 1 2624175124 STIM_END_RESP_START
291 1 2625375128 RESP_END
292 0 2627182652 STIM_START
292 0 2630958016 STIM_END_RESP_START
292 0 2632158032 RESP_END
293 1 2634258716 STIM_START
293 1 2637784084 STIM_END_RESP_START
293 1 2638984092 RESP_END
294 0 2641060708 STIM_START
294 0 2644336028 STIM_END_RESP_START
294 0 2645536044 RESP_END
295 1 2647473612 STIM_START
295 1 2649071712 LICK
295 1 2649230664 LICK
295 1 2649500232 LICK
295 1 2649668124 LICK
295 1 2651499008 STIM_END_RESP_START
295 1 2651619532 LICK
295 1 2651620068 REWARD_START
295 1 2652699048 RESP_END
295 1 2651633144 REWARD_END
296 1 2659207360 STIM_START
296 1 2659477472 LICK
296 1 2662482704 STIM_END_RESP_START
296 1 2663682716 RESP_END
297 1 2667359516 STIM_START
297 1 2670034584 LICK
297 1 2670634856 STIM_END_RESP_START
297 1 2671354052 LICK
297 1 2671354588 REWARD_START
297 1 2671834872 RESP_END
297 1 2671367668 REWARD_END
298 0 2674955612 STIM_START
298 0 2678230924 STIM_END_RESP_START
298 0 2679430940 RESP_END
299 1 2683028780 STIM_START
299 1 2685698592 LICK
299 1 2685788308 LICK
299 1 2685948196 LICK
299 1 2686125380 LICK
299 1 2686304100 STIM_END_RESP_START
299 1 2686626484 LICK
299 1 2686627024 REWARD_START
299 1 2687132136 LICK
299 1 2687316000 LICK
299 1 2687504116 RESP_END
299 1 2686640096 REWARD_END
300 0 2692402136 STIM_START
300 0 2696427568 STIM_END_RESP_START
300 0 2697627612 RESP_END
301 0 2699420172 STIM_START
301 0 2703445592 STIM_END_RESP_START
301 0 2704645608 RESP_END
302 1 2706661240 STIM_START
302 1 2707678884 LICK
302 1 2707902624 LICK
302 1 2709413524 LICK
302 1 2709756136 LICK
302 1 2709936580 STIM_END_RESP_START
302 1 2711136596 RESP_END
303 0 2713078164 STIM_START
303 0 2716853540 STIM_END_RESP_START
303 0 2718053552 RESP_END
304 1 2720050156 STIM_START
304 1 2723575520 STIM_END_RESP_START
304 1 2724775536 RESP_END
305 1 2726539076 STIM_START
305 1 2727000880 LICK
305 1 2730564496 STIM_END_RESP_START
305 1 2731764512 RESP_END
306 0 2733573168 STIM_START
306 0 2737348536 STIM_END_RESP_START
306 0 2738548552 RESP_END
307 0 2740394144 STIM_START
307 0 2740769180 LICK
307 0 2744169544 STIM_END_RESP_START
307 0 2744367028 LICK
307 0 2744367568 TIMEOUT_START
307 0 2744502456 LICK
307 0 2744502988 TIMEOUT_START
307 0 2745369572 RESP_END
307 0 2751503548 TIMEOUT_END
308 0 2753398992 STIM_START
308 0 2756674344 STIM_END_RESP_START
308 0 2757874356 RESP_END
309 1 2759873952 STIM_START
309 1 2762256896 LICK
309 1 2763899372 STIM_END_RESP_START
309 1 2764074352 LICK
309 1 2764074888 REWARD_START
309 1 2765099408 RESP_END
309 1 2764087964 REWARD_END
310 0 2767559060 STIM_START
310 0 2771584484 STIM_END_RESP_START
310 0 2772784500 RESP_END
311 0 2774777136 STIM_START
311 0 2778802556 STIM_END_RESP_START
311 0 2780002572 RESP_END
312 0 2782094172 STIM_START
312 0 2782418716 LICK
312 0 2782561984 LICK
312 0 2785369512 STIM_END_RESP_START
312 0 2786569524 RESP_END
313 1 2788653188 STIM_START
313 1 2788894400 LICK
313 1 2791066672 LICK
313 1 2791274136 LICK
313 1 2792499324 LICK
313 1 2792678608 STIM_END_RESP_START
313 1 2793086544 LICK
313 1 2793087084 REWARD_START
313 1 2793878632 RESP_END
313 1 2793100156 REWARD_END
314 1 2796267240 STIM_START
314 1 2799792612 STIM_END_RESP_START
314 1 2800992632 RESP_END
315 1 2803139240 STIM_START
315 1 2803372684 LICK
315 1 2803509948 LICK
315 1 2804944472 LICK
315 1 2805117496 LICK
315 1 2805354200 LICK
315 1 2805503772 LICK
315 1 2806667364 LICK
315 1 2807164660 STIM_END_RESP_START
315 1 2808364676 RESP_END
316 0 2810501308 STIM_START
316 0 2814526724 STIM_END_RESP_START
316 0 2815726744 RESP_END
317 1 2817839364 STIM_START
317 1 2820729592 LICK
317 1 2820926040 LICK
317 1 2821193224 LICK
317 1 2821332680 LICK
317 1 2821864764 STIM_END_RESP_START
317 1 2823064780 RESP_END
318 0 2825039416 STIM_START
318 0 2825435840 LICK
318 0 2825537124 LICK
318 0 2826183332 LICK
318 0 2826353120 LICK
318 0 2826750644 LICK
318 0 2827317976 LICK
318 0 2827884220 LICK
318 0 2828412556 LICK
318 0 2829064820 STIM_END_RESP_START
318 0 2829219664 LICK
318 0 2829220200 TIMEOUT_START
318 0 2830264840 RESP_END
318 0 2836220752 TIMEOUT_END
319 0 2840339556 STIM_START
319 0 2840772068 LICK
319 0 2843483764 LICK
319 0 2843651480 LICK
319 0 2843843060 LICK
319 0 2844040344 LICK
319 0 2844364956 STIM_END_RESP_START
319 0 2844525288 LICK
319 0 2844525828 TIMEOUT_START
319 0 2844613968 LICK
319 0 2844614500 TIMEOUT_START
319 0 2845011844 LICK
319 0 2845012384 TIMEOUT_START
319 0 2845113944 LICK
319 0 2845114484 TIMEOUT_START
319 0 2845245680 LICK
319 0 2845246212 TIMEOUT_START
319 0 2845425084 LICK
319 0 2845425620 TIMEOUT_START
319 0 2845565004 RESP_END
319 0 2852426188 TIMEOUT_END
320 1 2854537672 STIM_START
320 1 2854968836 LICK
320 1 2855270860 LICK
320 1 2858563076 STIM_END_RESP_START
320 1 2859763088 RESP_END
321 1 2861735696 STIM_START
321 1 2865511068 STIM_END_RESP_START
321 1 2866711088 RESP_END
322 0 2868844728 STIM_START
322 0 2869941160 LICK
322 0 2870120580 LICK
322 0 2870462112 LICK
322 0 2872370104 STIM_END_RESP_START
322 0 2873570116 RESP_END
323 0 2875361704 STIM_START
323 0 2878637064 STIM_END_RESP_START
323 0 2879837076 RESP_END
324 1 2881874624 STIM_START
324 1 2882404924 LICK
324 1 2882598788 LICK
324 1 2885900020 STIM_END_RESP_START
324 1 2887100036 RESP_END
325 1 2889174688 STIM_START
325 1 2891731628 LICK
325 1 2892450020 STIM_END_RESP_START
325 1 2893013492 LICK
325 1 2893014032 REWARD_START
325 1 2893202224 LICK
325 1 2893650064 RESP_END
325 1 2893027104 REWARD_END
326 0 2896634812 STIM_START
326 0 2900660200 STIM_END_RESP_START
326 0 2901860212 RESP_END
327 0 2903763776 STIM_START
327 0 2907289140 STIM_END_RESP_START
327 0 2908489160 RESP_END
328 1 2910532780 STIM_START
328 1 2910849280 LICK
328 1 2914058136 STIM_END_RESP_START
328 1 2915258156 RESP_END
329 1 2918981012 STIM_START
329 1 2921079648 LICK
329 1 2922506380 STIM_END_RESP_START
329 1 2923706432 RESP_END
330 1 2925661992 STIM_START
330 1 2927429168 LICK
330 1 2927680724 LICK
330 1 2928937308 STIM_END_RESP_START
330 1 2930137324 RESP_END
331 0 2932263932 STIM_START
331 0 2933944868 LICK
331 0 2935539276 STIM_END_RESP_START
331 0 2936739292 RESP_END
332 1 2938844924 STIM_START
332 1 2942620300 STIM_END_RESP_START
332 1 2943820316 RESP_END
333 0 2946826060 STIM_START
333 0 2947926252 LICK
333 0 2948748160 LICK
333 0 2950601432 STIM_END_RESP_START
333 0 2951801448 RESP_END
334 1 2955488292 STIM_START
334 1 2957476736 LICK
334 1 2957760952 LICK
334 1 2957962072 LICK
334 1 2958292884 LICK
334 1 2958763640 STIM_END_RESP_START
334 1 2958942200 LICK
334 1 2958942740 REWARD_START
334 1 2959123648 LICK
334 1 2959963676 RESP_END
334 1 2958955820 REWARD_END
335 0 2963728488 STIM_START
335 0 2967753916 STIM_END_RESP_START
335 0 2968953932 RESP_END
336 0 2971208616 STIM_START
336 0 2974483936 STIM_END_RESP_START
336 0 2975683952 RESP_END
337 0 2978660688 STIM_START
337 0 2982662500 LICK
337 0 2982686096 STIM_END_RESP_START
337 0 2982971568 LICK
337 0 2982972104 TIMEOUT_START
337 0 2983329520 LICK
337 0 2983330060 TIMEOUT_START
337 0 2983518804 LICK
337 0 2983519344 TIMEOUT_START
337 0 2983808212 LICK
337 0 2983808744 TIMEOUT_START
337 0 2983886140 RESP_END
337 0 2990809304 TIMEOUT_END
338 1 2992603672 STIM_START
338 1 2992782356 LICK
338 1 2993039248 LICK
338 1 2993393532 LICK
338 1 2993598636 LICK
338 1 2995878996 STIM_END_RESP_START
338 1 2997079048 RESP_END
339 1 3000320840 STIM_START
339 1 3001194040 LICK
339 1 3001709940 LICK
339 1 3002190552 LICK
339 1 3004346228 STIM_END_RESP_START
339 1 3005546248 RESP_END
340 1 3009592128 STIM_START
340 1 3010174584 LICK
340 1 3010455336 LICK
340 1 3010719480 LICK
340 1 3011014776 LICK
340 1 3012867444 STIM_END_RESP_START
340 1 3014067464 RESP_END
341 0 3015868052 STIM_START
341 0 3019181524 LICK
341 0 3019393420 STIM_END_RESP_START
341 0 3020015544 LICK
341 0 3020016084 TIMEOUT_START
341 0 3020380812 LICK
341 0 3020381352 TIMEOUT_START
341 0 3020593456 RESP_END
341 0 3027381904 TIMEOUT_END
342 0 3029306004 STIM_START
342 0 3030580464 LICK
342 0 3030875064 LICK
342 0 3031313224 LICK
342 0 3033081388 STIM_END_RESP_START
342 0 3034281408 RESP_END
343 1 3036351072 STIM_START
343 1 3038422360 LICK
343 1 3038764960 LICK
343 1 3038965628 LICK
343 1 3039146272 LICK
343 1 3039683848 LICK
343 1 3039926140 LICK
343 1 3040126456 STIM_END_RESP_START
343 1 3040654596 LICK
343 1 3040655132 REWARD_START
343 1 3041326484 RESP_END
343 1 3040668212 REWARD_END
344 0 3043706092 STIM_START
344 0 3044416996 LICK
344 0 3047231448 STIM_END_RESP_START
344 0 3048431464 RESP_END
345 1 3050233060 STIM_START
345 1 3054258484 STIM_END_RESP_START
345 1 3055458500 RESP_END
346 1 3057353096 STIM_START
346 1 3059346244 LICK
346 1 3061378496 STIM_END_RESP_START
346 1 3062578512 RESP_END
347 1 3064337220 STIM_START
347 1 3066366360 LICK
347 1 3068362608 STIM_END_RESP_START
347 1 3069562624 RESP_END
348 0 3071392152 STIM_START
348 0 3072129696 LICK
348 0 3074917508 STIM_END_RESP_START
348 0 3076117524 RESP_END
349 0 3079445308 STIM_START
349 0 3083220684 STIM_END_RESP_START
349 0 3084420700 RESP_END
350 0 3088459636 STIM_START
350 0 3088624064 LICK
350 0 3091984980 STIM_END_RESP_START
USER_EXIT