001 0 0004681704 STIM_START
001 0 0005103140 LICK
001 0 0005258312 LICK
001 0 0005449712 LICK
001 0 0008457096 STIM_END_RESP_START
001 0 0008664996 LICK
001 0 0008665388 TIMEOUT_START
001 0 0008790264 LICK
001 0 0008790652 TIMEOUT_START
001 0 0008922536 LICK
001 0 0008922924 TIMEOUT_START
001 0 0009163276 LICK
001 0 0009163664 TIMEOUT_START
001 0 0009326152 LICK
001 0 0009326540 TIMEOUT_START
001 0 0009657120 RESP_END
001 0 0016326952 TIMEOUT_END
002 1 0018553820 STIM_START
002 1 0018844120 LICK
002 1 0019646804 LICK
002 1 0019816528 LICK
002 1 0020348624 LICK
002 1 0020879088 LICK
002 1 0021054216 LICK
002 1 0021752364 LICK
002 1 0022079196 STIM_END_RESP_START
002 1 0022213352 LICK
002 1 0022213796 REWARD_START
002 1 0023049520 LICK
002 1 0023211644 LICK
002 1 0023279240 RESP_END
002 1 0022226764 REWARD_END
003 1 0029901540 STIM_START
003 1 0030170236 LICK
003 1 0030298148 LICK
003 1 0030445652 LICK
003 1 0030667608 LICK
003 1 0030857768 LICK
003 1 0031650288 LICK
003 1 0031847660 LICK
003 1 0032048440 LICK
003 1 0033926972 STIM_END_RESP_START
003 1 0035126988 RESP_END
004 1 0036881580 STIM_START
004 1 0037143348 LICK
004 1 0037329200 LICK
004 1 0037514196 LICK
004 1 0040406948 STIM_END_RESP_START
004 1 0041606992 RESP_END
005 0 0046933152 STIM_START
005 0 0050458516 STIM_END_RESP_START
005 0 0051224784 LICK
005 0 0051225216 TIMEOUT_START
005 0 0051402096 LICK
005 0 0051402532 TIMEOUT_START
005 0 0051658560 RESP_END
005 0 0058402996 TIMEOUT_END
006 0 0061487264 STIM_START
006 0 0061915832 LICK
006 0 0063069992 LICK
006 0 0063508428 LICK
006 0 0064658632 LICK
006 0 0065512668 STIM_END_RESP_START
006 0 0065954216 LICK
006 0 0065954648 TIMEOUT_START
006 0 0066712712 RESP_END
006 0 0072955108 TIMEOUT_END
007 1 0078625816 STIM_START
007 1 0081766076 LICK
007 1 0082651216 STIM_END_RESP_START
007 1 0083432264 LICK
007 1 0083432708 REWARD_START
007 1 0083588160 LICK
007 1 0083712268 LICK
007 1 0083805852 LICK
007 1 0083851260 RESP_END
007 1 0083445680 REWARD_END
008 0 0090713564 STIM_START
008 0 0090997528 LICK
008 0 0091144500 LICK
008 0 0091376124 LICK
008 0 0092401552 LICK
008 0 0092494412 LICK
008 0 0092884032 LICK
008 0 0093071732 LICK
008 0 0093264480 LICK
008 0 0093537356 LICK
008 0 0093918068 LICK
008 0 0094488952 STIM_END_RESP_START
008 0 0095688968 RESP_END
009 1 0097735652 STIM_START
009 1 0097990772 LICK
009 1 0098504536 LICK
009 1 0099132960 LICK
009 1 0099966712 LICK
009 1 0100153380 LICK
009 1 0100634792 LICK
009 1 0101316544 LICK
009 1 0101511064 STIM_END_RESP_START
009 1 0102665228 LICK
009 1 0102665712 REWARD_START
009 1 0102711096 RESP_END
009 1 0102678716 REWARD_END
010 0 0111778692 STIM_START
010 0 0114710876 LICK
010 0 0114853248 LICK
010 0 0115054040 STIM_END_RESP_START
010 0 0115379236 LICK
010 0 0115379716 TIMEOUT_START
010 0 0115510596 LICK
010 0 0115511076 TIMEOUT_START
010 0 0115851568 LICK
010 0 0115852052 TIMEOUT_START
010 0 0115992032 LICK
010 0 0115992516 TIMEOUT_START
010 0 0116175552 LICK
010 0 0116176040 TIMEOUT_START
010 0 0116254068 RESP_END
010 0 0123176532 TIMEOUT_END
011 1 0125280764 STIM_START
011 1 0125459476 LICK
011 1 0125584168 LICK
011 1 0125962476 LICK
011 1 0126198724 LICK
011 1 0126646880 LICK
011 1 0126915316 LICK
011 1 0128556108 STIM_END_RESP_START
011 1 0129671476 LICK
011 1 0129671960 REWARD_START
011 1 0129756148 RESP_END
011 1 0129684980 REWARD_END
012 0 0133042852 STIM_START
012 0 0133050392 LICK
012 0 0133196932 LICK
012 0 0133362584 LICK
012 0 0134186560 LICK
012 0 0134334044 LICK
012 0 0134478072 LICK
012 0 0134692272 LICK
012 0 0135002288 LICK
012 0 0136000524 LICK
012 0 0136185932 LICK
012 0 0136318184 STIM_END_RESP_START
012 0 0136977428 LICK
012 0 0136977908 TIMEOUT_START
012 0 0137243392 LICK
012 0 0137243880 TIMEOUT_START
012 0 0137518204 RESP_END
012 0 0144244384 TIMEOUT_END
013 1 0148993228 STIM_START
013 1 0149561820 LICK
013 1 0149717272 LICK
013 1 0151866128 LICK
013 1 0152000600 LICK
013 1 0152268592 STIM_END_RESP_START
013 1 0152329552 LICK
013 1 0152330040 REWARD_START
013 1 0152619848 LICK
013 1 0153468604 RESP_END
013 1 0152343060 REWARD_END
014 0 0159942888 STIM_START
014 0 0160238628 LICK
014 0 0160552880 LICK
014 0 0160755016 LICK
014 0 0161852084 LICK
014 0 0162232792 LICK
014 0 0162432180 LICK
014 0 0162686672 LICK
014 0 0162891840 LICK
014 0 0163218244 STIM_END_RESP_START
014 0 0164418280 RESP_END
015 1 0166361820 STIM_START
015 1 0166496232 LICK
015 1 0166638868 LICK
015 1 0166854792 LICK
015 1 0167037476 LICK
015 1 0167248072 LICK
015 1 0168244232 LICK
015 1 0168392584 LICK
015 1 0168659148 LICK
015 1 0169769940 LICK
015 1 0169887208 STIM_END_RESP_START
015 1 0169932468 LICK
015 1 0169932960 REWARD_START
015 1 0170979152 LICK
015 1 0171087252 RESP_END
015 1 0169945976 REWARD_END
016 0 0185797704 STIM_START
016 0 0185810496 LICK
016 0 0185962116 LICK
016 0 0186191328 LICK
016 0 0187925892 LICK
016 0 0188093268 LICK
016 0 0189073044 STIM_END_RESP_START
016 0 0190273076 RESP_END
017 1 0192019636 STIM_START
017 1 0192302912 LICK
017 1 0192809288 LICK
017 1 0193172740 LICK
017 1 0193347748 LICK
017 1 0193477364 LICK
017 1 0193672920 LICK
017 1 0195795028 STIM_END_RESP_START
017 1 0196020944 LICK
017 1 0196021432 REWARD_START
017 1 0196248256 LICK
017 1 0196354628 LICK
017 1 0196855432 LICK
017 1 0196995044 RESP_END
017 1 0196034452 REWARD_END
018 0 0201199052 STIM_START
018 0 0205224492 STIM_END_RESP_START
018 0 0206424524 RESP_END
019 0 0211657640 STIM_START
019 0 0211772112 LICK
019 0 0211909952 LICK
019 0 0212168608 LICK
019 0 0212395160 LICK
019 0 0212581864 LICK
019 0 0212974744 LICK
019 0 0213106644 LICK
019 0 0213421540 LICK
019 0 0213646512 LICK
019 0 0214932996 STIM_END_RESP_START
019 0 0215545012 LICK
019 0 0215545496 TIMEOUT_START
019 0 0215898612 LICK
019 0 0215899096 TIMEOUT_START
019 0 0216094768 LICK
019 0 0216095252 TIMEOUT_START
019 0 0216133036 RESP_END
019 0 0223095748 TIMEOUT_END
020 0 0228148096 STIM_START
020 0 0228573644 LICK
020 0 0228853004 LICK
020 0 0229017528 LICK
020 0 0231355736 LICK
020 0 0231506952 LICK
020 0 0231673488 STIM_END_RESP_START
020 0 0231716684 LICK
020 0 0231717172 TIMEOUT_START
020 0 0232873528 RESP_END
020 0 0238717668 TIMEOUT_END
021 1 0257599472 STIM_START
021 1 0258993028 LICK
021 1 0259167168 LICK
021 1 0259517004 LICK
021 1 0260259392 LICK
021 1 0260874816 STIM_END_RESP_START
021 1 0260963572 LICK
021 1 0260964056 REWARD_START
021 1 0261690412 LICK
021 1 0262074864 RESP_END
021 1 0260977080 REWARD_END
022 0 0267804920 STIM_START
022 0 0268082832 LICK
022 0 0268249820 LICK
022 0 0268645036 LICK
022 0 0269230312 LICK
022 0 0269438600 LICK
022 0 0269602608 LICK
022 0 0270698888 LICK
022 0 0270824608 LICK
022 0 0271003372 LICK
022 0 0271176948 LICK
022 0 0271507452 LICK
022 0 0271580312 STIM_END_RESP_START
022 0 0272780348 RESP_END
023 1 0274619964 STIM_START
023 1 0274929756 LICK
023 1 0275449080 LICK
023 1 0275967876 LICK
023 1 0276245904 LICK
023 1 0276587992 LICK
023 1 0278645384 STIM_END_RESP_START
023 1 0279845420 RESP_END
024 1 0284795436 STIM_START
024 1 0285588524 LICK
024 1 0285996540 LICK
024 1 0288570848 STIM_END_RESP_START
024 1 0289770880 RESP_END
025 1 0293866792 STIM_START
025 1 0294105048 LICK
025 1 0294961256 LICK
025 1 0295115024 LICK
025 1 0295515452 LICK
025 1 0295890668 LICK
025 1 0296036676 LICK
025 1 0296856828 LICK
025 1 0297080904 LICK
025 1 0297525228 LICK
025 1 0297892224 STIM_END_RESP_START
025 1 0299092260 RESP_END
026 0 0301059912 STIM_START
026 0 0301116712 LICK
026 0 0301543584 LICK
026 0 0302061636 LICK
026 0 0302950436 LICK
026 0 0303907420 LICK
026 0 0304105756 LICK
026 0 0304835316 STIM_END_RESP_START
026 0 0305517720 LICK
026 0 0305518208 TIMEOUT_START
026 0 0305716144 LICK
026 0 0305716636 TIMEOUT_START
026 0 0306035340 RESP_END
026 0 0312717144 TIMEOUT_END
027 1 0314769912 STIM_START
027 1 0315085720 LICK
027 1 0318337872 LICK
027 1 0318534064 LICK
027 1 0318545316 STIM_END_RESP_START
027 1 0319065760 LICK
027 1 0319066252 REWARD_START
027 1 0319207872 LICK
027 1 0319745352 RESP_END
027 1 0319079272 REWARD_END
028 0 0330570256 STIM_START
028 0 0330877112 LICK
028 0 0331221016 LICK
028 0 0332342848 LICK
028 0 0332552700 LICK
028 0 0332771716 LICK
028 0 0332948884 LICK
028 0 0334595700 STIM_END_RESP_START
028 0 0335510284 LICK
028 0 0335510776 TIMEOUT_START
028 0 0335721768 LICK
028 0 0335722252 TIMEOUT_START
028 0 0335795744 RESP_END
028 0 0342722760 TIMEOUT_END
029 1 0348363980 STIM_START
029 1 0351639320 STIM_END_RESP_START
029 1 0352839356 RESP_END
030 0 0354972972 STIM_START
030 0 0355216044 LICK
030 0 0355354000 LICK
030 0 0355504656 LICK
030 0 0355743784 LICK
030 0 0356218688 LICK
030 0 0356460080 LICK
030 0 0358826592 LICK
030 0 0358984276 LICK
030 0 0358998376 STIM_END_RESP_START
030 0 0359449844 LICK
030 0 0359450328 TIMEOUT_START
030 0 0359673472 LICK
030 0 0359673964 TIMEOUT_START
030 0 0360198392 RESP_END
030 0 0366674472 TIMEOUT_END
031 1 0369287052 STIM_START
031 1 0370299972 LICK
031 1 0371009224 LICK
031 1 0371831304 LICK
031 1 0372252288 LICK
031 1 0372466480 LICK
031 1 0372686252 LICK
031 1 0373062436 STIM_END_RESP_START
031 1 0373378868 LICK
031 1 0373379360 REWARD_START
031 1 0373440568 LICK
031 1 0373605792 LICK
031 1 0374044396 LICK
031 1 0374219820 LICK
031 1 0374262464 RESP_END
031 1 0373392376 REWARD_END
032 1 0379057544 STIM_START
032 1 0379117492 LICK
032 1 0379347608 LICK
032 1 0379774676 LICK
032 1 0380302384 LICK
032 1 0380834968 LICK
032 1 0381272668 LICK
032 1 0382289012 LICK
032 1 0382425800 LICK
032 1 0382517440 LICK
032 1 0382832944 STIM_END_RESP_START
032 1 0383006472 LICK
032 1 0383006964 REWARD_START
032 1 0383092100 LICK
032 1 0384032964 RESP_END
032 1 0383019984 REWARD_END
033 0 0402625980 STIM_START
033 0 0403156692 LICK
033 0 0403271136 LICK
033 0 0403404040 LICK
033 0 0403626500 LICK
033 0 0403907840 LICK
033 0 0404058628 LICK
033 0 0404314912 LICK
033 0 0404530076 LICK
033 0 0404924676 LICK
033 0 0405093228 LICK
033 0 0405235340 LICK
033 0 0405425500 LICK
033 0 0405674080 LICK
033 0 0405896436 LICK
033 0 0406137804 LICK
033 0 0406401392 STIM_END_RESP_START
033 0 0406603768 LICK
033 0 0406604260 TIMEOUT_START
033 0 0407321088 LICK
033 0 0407321572 TIMEOUT_START
033 0 0407601428 RESP_END
033 0 0414322080 TIMEOUT_END
034 0 0416582032 STIM_START
034 0 0419857368 STIM_END_RESP_START
034 0 0421057400 RESP_END
035 1 0424675252 STIM_START
035 1 0424988636 LICK
035 1 0425147996 LICK
035 1 0425813332 LICK
035 1 0425924384 LICK
035 1 0426177952 LICK
035 1 0426449764 LICK
035 1 0427242788 LICK
035 1 0428700692 STIM_END_RESP_START
035 1 0429900720 RESP_END
036 0 0431911304 STIM_START
036 0 0435436696 STIM_END_RESP_START
036 0 0436636728 RESP_END
037 1 0440741652 STIM_START
037 1 0441801152 LICK
037 1 0441945960 LICK
037 1 0442398752 LICK
037 1 0442547696 LICK
037 1 0442765756 LICK
037 1 0443005168 LICK
037 1 0443350848 LICK
037 1 0443689236 LICK
037 1 0444767068 STIM_END_RESP_START
037 1 0445527528 LICK
037 1 0445528012 REWARD_START
037 1 0445769896 LICK
037 1 0445967112 RESP_END
037 1 0445541036 REWARD_END
038 0 0452074344 STIM_START
038 0 0452286580 LICK
038 0 0452459008 LICK
038 0 0452686200 LICK
038 0 0452807744 LICK
038 0 0453027032 LICK
038 0 0453080196 LICK
038 0 0453276860 LICK
038 0 0453468704 LICK
038 0 0455349708 STIM_END_RESP_START
038 0 0456549744 RESP_END
039 0 0463012976 STIM_START
039 0 0463419856 LICK
039 0 0466538352 STIM_END_RESP_START
039 0 0467078404 LICK
039 0 0467078888 TIMEOUT_START
039 0 0467738372 RESP_END
039 0 0474079396 TIMEOUT_END
040 1 0477686232 STIM_START
040 1 0477780080 LICK
040 1 0480692516 LICK
040 1 0481461612 STIM_END_RESP_START
040 1 0481535380 LICK
040 1 0481535868 REWARD_START
040 1 0481781440 LICK
040 1 0481894080 LICK
040 1 0482418624 LICK
040 1 0482548864 LICK
040 1 0482661656 RESP_END
040 1 0481548892 REWARD_END
041 1 0487422652 STIM_START
041 1 0487652820 LICK
041 1 0487792928 LICK
041 1 0487959400 LICK
041 1 0488120160 LICK
041 1 0488295460 LICK
041 1 0488532260 LICK
041 1 0488722564 LICK
041 1 0488919136 LICK
041 1 0489400356 LICK
041 1 0489586916 LICK
041 1 0490246564 LICK
041 1 0490395156 LICK
041 1 0490603564 LICK
041 1 0490789816 LICK
041 1 0491448060 STIM_END_RESP_START
041 1 0492648096 RESP_END
042 0 0494535660 STIM_START
042 0 0494812240 LICK
042 0 0495033072 LICK
042 0 0497810992 STIM_END_RESP_START
042 0 0498259936 LICK
042 0 0498260428 TIMEOUT_START
042 0 0498818392 LICK
042 0 0498818876 TIMEOUT_START
042 0 0499011040 RESP_END
042 0 0505819388 TIMEOUT_END
043 1 0509688972 STIM_START
043 1 0512239972 LICK
043 1 0512396628 LICK
043 1 0513214360 STIM_END_RESP_START
043 1 0514414396 RESP_END
044 1 0518347280 STIM_START
044 1 0520960528 LICK
044 1 0522372708 STIM_END_RESP_START
044 1 0523572744 RESP_END
045 1 0527630648 STIM_START
045 1 0527703580 LICK
045 1 0528510952 LICK
045 1 0529759492 LICK
045 1 0530039120 LICK
045 1 0530314152 LICK
045 1 0531371528 LICK
045 1 0531594372 LICK
045 1 0531656072 STIM_END_RESP_START
045 1 0532003824 LICK
045 1 0532004312 REWARD_START
045 1 0532186768 LICK
045 1 0532285768 LICK
045 1 0532499628 LICK
045 1 0532650752 LICK
045 1 0532739816 LICK
045 1 0532856112 RESP_END
045 1 0532017320 REWARD_END
046 0 0541535724 STIM_START
046 0 0541844960 LICK
046 0 0542125484 LICK
046 0 0544299736 LICK
046 0 0544493164 LICK
046 0 0544880008 LICK
046 0 0545561152 STIM_END_RESP_START
046 0 0546761188 RESP_END
047 0 0548764828 STIM_START
047 0 0549032848 LICK
047 0 0549192668 LICK
047 0 0549457432 LICK
047 0 0549741740 LICK
047 0 0549990032 LICK
047 0 0550109580 LICK
047 0 0550355976 LICK
047 0 0550695696 LICK
047 0 0550939688 LICK
047 0 0551189596 LICK
047 0 0551382028 LICK
047 0 0551792408 LICK
047 0 0552040152 STIM_END_RESP_START
047 0 0552170024 LICK
047 0 0552170512 TIMEOUT_START
047 0 0552393228 LICK
047 0 0552393712 TIMEOUT_START
047 0 0552617332 LICK
047 0 0552617816 TIMEOUT_START
047 0 0552775936 LICK
047 0 0552776420 TIMEOUT_START
047 0 0553240172 RESP_END
047 0 0559776932 TIMEOUT_END
048 0 0564792164 STIM_START
048 0 0566676972 LICK
048 0 0566906452 LICK
048 0 0567083136 LICK
048 0 0567291192 LICK
048 0 0567488548 LICK
048 0 0567692980 LICK
048 0 0567893312 LICK
048 0 0568317532 STIM_END_RESP_START
048 0 0568388896 LICK
048 0 0568389380 TIMEOUT_START
048 0 0569517552 RESP_END
048 0 0575389884 TIMEOUT_END
049 1 0577934164 STIM_START
049 1 0578143956 LICK
049 1 0581959612 STIM_END_RESP_START
049 1 0583159648 RESP_END
050 0 0589148816 STIM_START
050 0 0592054136 LICK
050 0 0592206580 LICK
050 0 0592348612 LICK
050 0 0592424180 STIM_END_RESP_START
050 0 0593624228 RESP_END
051 0 0598030128 STIM_START
051 0 0598823988 LICK
051 0 0599100960 LICK
051 0 0599352144 LICK
051 0 0599654776 LICK
051 0 0599797420 LICK
051 0 0601555512 STIM_END_RESP_START
051 0 0602022032 LICK
051 0 0602022520 TIMEOUT_START
051 0 0602198408 LICK
051 0 0602198892 TIMEOUT_START
051 0 0602755548 RESP_END
051 0 0609199392 TIMEOUT_END
052 0 0615268704 STIM_START
052 0 0615793320 LICK
052 0 0616766688 LICK
052 0 0617170156 LICK
052 0 0617290908 LICK
052 0 0617425288 LICK
052 0 0617922448 LICK
052 0 0618770920 LICK
052 0 0618794080 STIM_END_RESP_START
052 0 0619994092 RESP_END
053 1 0625586192 STIM_START
053 1 0627838476 LICK
053 1 0627970324 LICK
053 1 0628861556 STIM_END_RESP_START
053 1 0630061592 RESP_END
054 1 0633809468 STIM_START
054 1 0635922236 LICK
054 1 0636734164 LICK
054 1 0637084800 STIM_END_RESP_START
054 1 0638284836 RESP_END
055 0 0640092412 STIM_START
055 0 0643867804 STIM_END_RESP_START
055 0 0644532828 LICK
055 0 0644533320 TIMEOUT_START
055 0 0644711004 LICK
055 0 0644711496 TIMEOUT_START
055 0 0644946392 LICK
055 0 0644946876 TIMEOUT_START
055 0 0645067836 RESP_END
055 0 0651947384 TIMEOUT_END
056 1 0653769408 STIM_START
056 1 0654193532 LICK
056 1 0656000440 LICK
056 1 0656163168 LICK
056 1 0656414684 LICK
056 1 0657544812 STIM_END_RESP_START
056 1 0658744848 RESP_END
057 1 0660585504 STIM_START
057 1 0661390296 LICK
057 1 0663860864 STIM_END_RESP_START
057 1 0665060896 RESP_END
058 1 0668219656 STIM_START
058 1 0669219040 LICK
058 1 0669471348 LICK
058 1 0671494988 STIM_END_RESP_START
058 1 0672695024 RESP_END
059 0 0674629628 STIM_START
059 0 0677021404 LICK
059 0 0677904996 STIM_END_RESP_START
059 0 0677985908 LICK
059 0 0677986396 TIMEOUT_START
059 0 0679105020 RESP_END
059 0 0684986904 TIMEOUT_END
060 0 0686899404 STIM_START
060 0 0690674796 STIM_END_RESP_START
060 0 0691812276 LICK
060 0 0691812768 TIMEOUT_START
060 0 0691874824 RESP_END
060 0 0698813268 TIMEOUT_END
061 1 0700776456 STIM_START
061 1 0704051796 STIM_END_RESP_START
061 1 0705251828 RESP_END
062 0 0707176412 STIM_START
062 0 0710951808 STIM_END_RESP_START
062 0 0712151844 RESP_END
063 0 0713918476 STIM_START
063 0 0714298472 LICK
063 0 0714454136 LICK
063 0 0715524756 LICK
063 0 0715716452 LICK
063 0 0715899352 LICK
063 0 0716411444 LICK
063 0 0717193812 STIM_END_RESP_START
063 0 0718393848 RESP_END
064 1 0721129576 STIM_START
064 1 0724404912 STIM_END_RESP_START
064 1 0725173820 LICK
064 1 0725174312 REWARD_START
064 1 0725426256 LICK
064 1 0725604944 RESP_END
064 1 0725187332 REWARD_END
065 0 0736835872 STIM_START
065 0 0739364356 LICK
065 0 0739728344 LICK
065 0 0739939164 LICK
065 0 0740111232 STIM_END_RESP_START
065 0 0740135600 LICK
065 0 0740136088 TIMEOUT_START
065 0 0740482996 LICK
065 0 0740483488 TIMEOUT_START
065 0 0741311272 RESP_END
065 0 0747483988 TIMEOUT_END
066 1 0749370748 STIM_START
066 1 0749854436 LICK
066 1 0750127044 LICK
066 1 0750311208 LICK
066 1 0750514204 LICK
066 1 0750715100 LICK
066 1 0750970812 LICK
066 1 0751182888 LICK
066 1 0751451184 LICK
066 1 0751660532 LICK
066 1 0753396184 STIM_END_RESP_START
066 1 0754596224 RESP_END
067 1 0756395836 STIM_START
067 1 0756690452 LICK
067 1 0756858052 LICK
067 1 0757696632 LICK
067 1 0757838472 LICK
067 1 0758144744 LICK
067 1 0759671176 STIM_END_RESP_START
067 1 0760871212 RESP_END
068 0 0762816800 STIM_START
068 0 0766842240 STIM_END_RESP_START
068 0 0768042276 RESP_END
069 1 0769934844 STIM_START
069 1 0771557244 LICK
069 1 0771768832 LICK
069 1 0773002632 LICK
069 1 0773710240 STIM_END_RESP_START
069 1 0774910276 RESP_END
070 0 0777046912 STIM_START
070 0 0781072356 STIM_END_RESP_START
070 0 0782272392 RESP_END
071 1 0784094916 STIM_START
071 1 0787620304 STIM_END_RESP_START
071 1 0787805168 LICK
071 1 0787805660 REWARD_START
071 1 0788633040 LICK
071 1 0788739032 LICK
071 1 0788820348 RESP_END
071 1 0787818668 REWARD_END
072 0 0795382636 STIM_START
072 0 0796377552 LICK
072 0 0796590916 LICK
072 0 0798908008 STIM_END_RESP_START
072 0 0799955484 LICK
072 0 0799955976 TIMEOUT_START
072 0 0800108044 RESP_END
072 0 0806956472 TIMEOUT_END
073 1 0809365756 STIM_START
073 1 0809771668 LICK
073 1 0809981336 LICK
073 1 0810231548 LICK
073 1 0810561160 LICK
073 1 0811028532 LICK
073 1 0812322140 LICK
073 1 0812571828 LICK
073 1 0812891108 STIM_END_RESP_START
073 1 0814091144 RESP_END
074 1 0816056752 STIM_START
074 1 0819332088 STIM_END_RESP_START
074 1 0820532120 RESP_END
075 0 0822638724 STIM_START
075 0 0823138504 LICK
075 0 0826414124 STIM_END_RESP_START
075 0 0827614152 RESP_END
076 1 0831869092 STIM_START
076 1 0832163612 LICK
076 1 0832570708 LICK
076 1 0834765264 LICK
076 1 0835394472 STIM_END_RESP_START
076 1 0836594508 RESP_END
077 0 0838354100 STIM_START
077 0 0842379544 STIM_END_RESP_START
077 0 0843579576 RESP_END
078 0 0845351184 STIM_START
078 0 0845873908 LICK
078 0 0846255420 LICK
078 0 0848374624 LICK
078 0 0848626532 STIM_END_RESP_START
078 0 0849826568 RESP_END
079 1 0851916104 STIM_START
079 1 0855191440 STIM_END_RESP_START
079 1 0855828260 LICK
079 1 0855828752 REWARD_START
079 1 0856036844 LICK
079 1 0856121296 LICK
079 1 0856391460 RESP_END
079 1 0855841768 REWARD_END
080 1 0862073612 STIM_START
080 1 0862129744 LICK
080 1 0862656720 LICK
080 1 0862863868 LICK
080 1 0864705780 LICK
080 1 0864953064 LICK
080 1 0865174748 LICK
080 1 0865348976 STIM_END_RESP_START
080 1 0866549008 RESP_END
081 0 0868612584 STIM_START
081 0 0868892896 LICK
081 0 0869076588 LICK
081 0 0869237644 LICK
081 0 0869537948 LICK
081 0 0872195468 LICK
081 0 0872421636 LICK
081 0 0872638008 STIM_END_RESP_START
081 0 0873838044 RESP_END
082 0 0875681652 STIM_START
082 0 0876714772 LICK
082 0 0876905556 LICK
082 0 0878957012 STIM_END_RESP_START
082 0 0880157048 RESP_END
083 1 0882164640 STIM_START
083 1 0882595300 LICK
083 1 0882876784 LICK
083 1 0883162700 LICK
083 1 0883428596 LICK
083 1 0883607988 LICK
083 1 0884100016 LICK
083 1 0884350760 LICK
083 1 0884576972 LICK
083 1 0885940020 STIM_END_RESP_START
083 1 0887140056 RESP_END
084 1 0888998592 STIM_START
084 1 0890280228 LICK
084 1 0890538832 LICK
084 1 0890803784 LICK
084 1 0892773988 STIM_END_RESP_START
084 1 0893974028 RESP_END
085 0 0896570724 STIM_START
085 0 0900096112 STIM_END_RESP_START
085 0 0900369104 LICK
085 0 0900369596 TIMEOUT_START
085 0 0900542764 LICK
085 0 0900543248 TIMEOUT_START
085 0 0901296144 RESP_END
085 0 0907543768 TIMEOUT_END
086 1 0909610720 STIM_START
086 1 0913136112 STIM_END_RESP_START
086 1 0913731360 LICK
086 1 0913731852 REWARD_START
086 1 0913973176 LICK
086 1 0914104748 LICK
086 1 0914336132 RESP_END
086 1 0913744868 REWARD_END
087 0 0921687496 STIM_START
087 0 0921774996 LICK
087 0 0921985916 LICK
087 0 0922926248 LICK
087 0 0923061632 LICK
087 0 0923718908 LICK
087 0 0924962852 STIM_END_RESP_START
087 0 0925071316 LICK
087 0 0925071808 TIMEOUT_START
087 0 0926162884 RESP_END
087 0 0932072316 TIMEOUT_END
088 1 0933891368 STIM_START
088 1 0936857920 LICK
088 1 0937102348 LICK
088 1 0937916796 STIM_END_RESP_START
088 1 0937986664 LICK
088 1 0937987156 REWARD_START
088 1 0938201300 LICK
088 1 0938556336 LICK
088 1 0938671364 LICK
088 1 0938806740 LICK
088 1 0938941696 LICK
088 1 0939092488 LICK
088 1 0939116828 RESP_END
088 1 0938000172 REWARD_END
089 0 0943507732 STIM_START
089 0 0944099896 LICK
089 0 0944251480 LICK
089 0 0944414408 LICK
089 0 0944644516 LICK
089 0 0944827208 LICK
089 0 0945022044 LICK
089 0 0945214216 LICK
089 0 0945429028 LICK
089 0 0946077680 LICK
089 0 0946255072 LICK
089 0 0947533140 STIM_END_RESP_START
089 0 0947535612 LICK
089 0 0947536104 TIMEOUT_START
089 0 0947727668 LICK
089 0 0947728152 TIMEOUT_START
089 0 0947998028 LICK
089 0 0947998516 TIMEOUT_START
089 0 0948733156 RESP_END
089 0 0954999020 TIMEOUT_END
090 0 0958199980 STIM_START
090 0 0961725364 STIM_END_RESP_START
090 0 0962925400 RESP_END
091 0 0964739896 STIM_START
091 0 0966865768 LICK
091 0 0966998764 LICK
091 0 0967175572 LICK
091 0 0967472460 LICK
091 0 0967748548 LICK
091 0 0967999184 LICK
091 0 0968015256 STIM_END_RESP_START
091 0 0968200224 LICK
091 0 0968200708 TIMEOUT_START
091 0 0969215284 RESP_END
091 0 0975201208 TIMEOUT_END
092 1 0981715496 STIM_START
092 1 0984374492 LICK
092 1 0984596740 LICK
092 1 0985490888 STIM_END_RESP_START
092 1 0985552636 LICK
092 1 0985553128 REWARD_START
092 1 0985731856 LICK
092 1 0985866868 LICK
092 1 0986489688 LICK
092 1 0986626196 LICK
092 1 0986690908 RESP_END
092 1 0985566148 REWARD_END
093 0 0992604140 STIM_START
093 0 0992919052 LICK
093 0 0993130480 LICK
093 0 0994783516 LICK
093 0 0994948296 LICK
093 0 0996129508 STIM_END_RESP_START
093 0 0997329548 RESP_END
094 0 0999405096 STIM_START
094 0 0999862928 LICK
094 0 1000033384 LICK
094 0 1000238792 LICK
094 0 1000447992 LICK
094 0 1000767920 LICK
094 0 1003430500 STIM_END_RESP_START
094 0 1004630516 RESP_END
095 0 1006501144 STIM_START
095 0 1007587308 LICK
095 0 1007806564 LICK
095 0 1008242664 LICK
095 0 1008398424 LICK
095 0 1010276540 STIM_END_RESP_START
095 0 1011476556 RESP_END
096 1 1013606256 STIM_START
096 1 1016244360 LICK
096 1 1016439588 LICK
096 1 1016657024 LICK
096 1 1016859124 LICK
096 1 1017131612 STIM_END_RESP_START
096 1 1017359464 LICK
096 1 1017359996 REWARD_START
096 1 1017546752 LICK
096 1 1018271804 LICK
096 1 1018331644 RESP_END
096 1 1017373076 REWARD_END
097 1 1025941112 STIM_START
097 1 1027113532 LICK
097 1 1029716512 STIM_END_RESP_START
097 1 1030916524 RESP_END
098 0 1036050584 STIM_START
098 0 1036765152 LICK
098 0 1036943332 LICK
098 0 1038611976 LICK
098 0 1039067520 LICK
098 0 1039325656 LICK
098 0 1039326232 STIM_END_RESP_START
098 0 1039579684 LICK
098 0 1039580224 TIMEOUT_START
098 0 1039840420 LICK
098 0 1039840952 TIMEOUT_START
098 0 1039995664 LICK
098 0 1039996204 TIMEOUT_START
098 0 1040208256 LICK
098 0 1040208784 TIMEOUT_START
098 0 1040526248 RESP_END
098 0 1047209344 TIMEOUT_END
099 1 1049092556 STIM_START
099 1 1049404216 LICK
099 1 1049627536 LICK
099 1 1050285672 LICK
099 1 1050550320 LICK
099 1 1050772420 LICK
099 1 1050950504 LICK
099 1 1051323684 LICK
099 1 1052617908 STIM_END_RESP_START
099 1 1053817924 RESP_END
100 1 1057233748 STIM_START
100 1 1060759112 STIM_END_RESP_START
100 1 1061959128 RESP_END
101 0 1063933748 STIM_START
101 0 1066728772 LICK
101 0 1066842692 LICK
101 0 1067047784 LICK
101 0 1067290772 LICK
101 0 1067459124 STIM_END_RESP_START
101 0 1068345256 LICK
101 0 1068345796 TIMEOUT_START
101 0 1068659172 RESP_END
101 0 1075346348 TIMEOUT_END
102 1 1078125880 STIM_START
102 1 1081901288 STIM_END_RESP_START
102 1 1081997844 LICK
102 1 1081998384 REWARD_START
102 1 1082098780 LICK
102 1 1082209648 LICK
102 1 1083056576 LICK
102 1 1083101324 RESP_END
102 1 1082011456 REWARD_END
103 0 1089723560 STIM_START
103 0 1089952980 LICK
103 0 1090079304 LICK
103 0 1090247492 LICK
103 0 1091129660 LICK
103 0 1091311176 LICK
103 0 1091551108 LICK
103 0 1091775976 LICK
103 0 1092008448 LICK
103 0 1092527628 LICK
103 0 1092724392 LICK
103 0 1093248936 STIM_END_RESP_START
103 0 1094448952 RESP_END
104 1 1096211572 STIM_START
104 1 1099736932 STIM_END_RESP_START
104 1 1100264656 LICK
104 1 1100265188 REWARD_START
104 1 1100409308 LICK
104 1 1100936948 RESP_END
104 1 1100278268 REWARD_END
105 1 1111223852 STIM_START
105 1 1111539224 LICK
105 1 1111712816 LICK
105 1 1111981564 LICK
105 1 1114499196 STIM_END_RESP_START
105 1 1114685532 LICK
105 1 1114686064 REWARD_START
105 1 1114960620 LICK
105 1 1115392932 LICK
105 1 1115550908 LICK
105 1 1115642872 LICK
105 1 1115699224 RESP_END
105 1 1114699140 REWARD_END
106 0 1120498120 STIM_START
106 0 1120669192 LICK
106 0 1120847656 LICK
106 0 1121008136 LICK
106 0 1121201316 LICK
106 0 1124023504 STIM_END_RESP_START
106 0 1124527844 LICK
106 0 1124528384 TIMEOUT_START
106 0 1124666024 LICK
106 0 1124666564 TIMEOUT_START
106 0 1124842552 LICK
106 0 1124843084 TIMEOUT_START
106 0 1125223536 RESP_END
106 0 1131843648 TIMEOUT_END
107 1 1144537820 STIM_START
107 1 1144764652 LICK
107 1 1144929884 LICK
107 1 1145730884 LICK
107 1 1146183644 LICK
107 1 1146767884 LICK
107 1 1148313204 STIM_END_RESP_START
107 1 1149513220 RESP_END
108 0 1152811016 STIM_START
108 0 1153020520 LICK
108 0 1153756148 LICK
108 0 1154647216 LICK
108 0 1155446688 LICK
108 0 1156035804 LICK
108 0 1156304904 LICK
108 0 1156836416 STIM_END_RESP_START
108 0 1158036460 RESP_END
109 0 1159932072 STIM_START
109 0 1163457432 STIM_END_RESP_START
109 0 1164487908 LICK
109 0 1164488440 TIMEOUT_START
109 0 1164653620 LICK
109 0 1164654152 TIMEOUT_START
109 0 1164657456 RESP_END
109 0 1171654708 TIMEOUT_END
110 1 1175168332 STIM_START
110 1 1178943748 STIM_END_RESP_START
110 1 1180143764 RESP_END
111 1 1182702456 STIM_START
111 1 1185307856 LICK
111 1 1185537204 LICK
111 1 1185920052 LICK
111 1 1186227840 STIM_END_RESP_START
111 1 1186382532 LICK
111 1 1186383068 REWARD_START
111 1 1186592992 LICK
111 1 1186721180 LICK
111 1 1187069896 LICK
111 1 1187184120 LICK
111 1 1187313832 LICK
111 1 1187427868 RESP_END
111 1 1186396140 REWARD_END
112 1 1191854796 STIM_START
112 1 1192041328 LICK
112 1 1192233948 LICK
112 1 1192363056 LICK
112 1 1192565128 LICK
112 1 1192760316 LICK
112 1 1193022780 LICK
112 1 1195880212 STIM_END_RESP_START
112 1 1197080228 RESP_END
113 0 1205909868 STIM_START
113 0 1207644416 LICK
113 0 1207829548 LICK
113 0 1208093980 LICK
113 0 1209185208 STIM_END_RESP_START
113 0 1209736152 LICK
113 0 1209736692 TIMEOUT_START
113 0 1210385248 RESP_END
113 0 1216737248 TIMEOUT_END
114 0 1223832588 STIM_START
114 0 1223849368 LICK
114 0 1224831160 LICK
114 0 1225536248 LICK
114 0 1225846212 LICK
114 0 1225980856 LICK
114 0 1227107908 STIM_END_RESP_START
114 0 1227457552 LICK
114 0 1227458084 TIMEOUT_START
114 0 1228307940 RESP_END
114 0 1234458656 TIMEOUT_END
115 0 1236365484 STIM_START
115 0 1240140896 STIM_END_RESP_START
115 0 1241340948 RESP_END
116 1 1243318492 STIM_START
116 1 1245469000 LICK
116 1 1245905108 LICK
116 1 1246214592 LICK
116 1 1247057564 LICK
116 1 1247265600 LICK
116 1 1247343904 STIM_END_RESP_START
116 1 1247536008 LICK
116 1 1247536548 REWARD_START
116 1 1248282020 LICK
116 1 1248423144 LICK
116 1 1248543952 RESP_END
116 1 1247549628 REWARD_END
117 1 1251517672 STIM_START
117 1 1254793028 STIM_END_RESP_START
117 1 1255806616 LICK
117 1 1255807156 REWARD_START
117 1 1255993068 RESP_END
117 1 1255820232 REWARD_END
118 1 1261572216 STIM_START
118 1 1261898640 LICK
118 1 1262056560 LICK
118 1 1262901172 LICK
118 1 1263119692 LICK
118 1 1264847548 STIM_END_RESP_START
118 1 1266047564 RESP_END
119 0 1267810160 STIM_START
119 0 1268096124 LICK
119 0 1268319784 LICK
119 0 1268589984 LICK
119 0 1268793348 LICK
119 0 1271835584 STIM_END_RESP_START
119 0 1272451920 LICK
119 0 1272452456 TIMEOUT_START
119 0 1273035604 RESP_END
119 0 1279453012 TIMEOUT_END
120 0 1285084756 STIM_START
120 0 1289110176 STIM_END_RESP_START
120 0 1290310188 RESP_END
121 0 1292343804 STIM_START
121 0 1292587092 LICK
121 0 1292765808 LICK
121 0 1293250048 LICK
121 0 1293493096 LICK
121 0 1293995404 LICK
121 0 1294195020 LICK
121 0 1295426784 LICK
121 0 1296369236 STIM_END_RESP_START
121 0 1297569252 RESP_END
122 1 1299323868 STIM_START
122 1 1299609940 LICK
122 1 1299810812 LICK
122 1 1300020136 LICK
122 1 1300189404 LICK
122 1 1300587412 LICK
122 1 1303099284 STIM_END_RESP_START
122 1 1304299300 RESP_END
123 0 1306245880 STIM_START
123 0 1306787536 LICK
123 0 1307003776 LICK
123 0 1307192512 LICK
123 0 1307897620 LICK
123 0 1308341864 LICK
123 0 1308528744 LICK
123 0 1308731832 LICK
123 0 1309916004 LICK
123 0 1310021256 STIM_END_RESP_START
123 0 1310248096 LICK
123 0 1310248628 TIMEOUT_START
123 0 1310509876 LICK
123 0 1310510420 TIMEOUT_START
123 0 1310832124 LICK
123 0 1310832660 TIMEOUT_START
123 0 1311116072 LICK
123 0 1311116608 TIMEOUT_START
123 0 1311221296 RESP_END
123 0 1318117160 TIMEOUT_END
124 0 1320047920 STIM_START
124 0 1323823332 STIM_END_RESP_START
124 0 1325023348 RESP_END
125 0 1329133324 STIM_START
125 0 1330729156 LICK
125 0 1330875792 LICK
125 0 1331062340 LICK
125 0 1331273720 LICK
125 0 1331531648 LICK
125 0 1332908732 STIM_END_RESP_START
125 0 1334108744 RESP_END
126 1 1336017308 STIM_START
126 1 1337401292 LICK
126 1 1337529992 LICK
126 1 1337761324 LICK
126 1 1338309836 LICK
126 1 1339292680 STIM_END_RESP_START
126 1 1340492692 RESP_END
127 0 1342357300 STIM_START
127 0 1342824424 LICK
127 0 1343044388 LICK
127 0 1343279608 LICK
127 0 1344053780 LICK
127 0 1345080360 LICK
127 0 1345882676 STIM_END_RESP_START
127 0 1345961464 LICK
127 0 1345962000 TIMEOUT_START
127 0 1346143952 LICK
127 0 1346144488 TIMEOUT_START
127 0 1346595088 LICK
127 0 1346595620 TIMEOUT_START
127 0 1346766052 LICK
127 0 1346766580 TIMEOUT_START
127 0 1347082712 RESP_END
127 0 1353767124 TIMEOUT_END
128 1 1356112380 STIM_START
128 1 1360137796 STIM_END_RESP_START
128 1 1361337812 RESP_END
129 1 1364072524 STIM_START
129 1 1367347876 STIM_END_RESP_START
129 1 1368547888 RESP_END
130 0 1370309444 STIM_START
130 0 1371107348 LICK
130 0 1371296580 LICK
130 0 1371518212 LICK
130 0 1371712012 LICK
130 0 1374084840 STIM_END_RESP_START
130 0 1375284856 RESP_END
131 0 1377148540 STIM_START
131 0 1377540884 LICK
131 0 1377771856 LICK
131 0 1377951664 LICK
131 0 1378246776 LICK
131 0 1380423908 STIM_END_RESP_START
131 0 1381623920 RESP_END
132 1 1385242680 STIM_START
132 1 1389268100 STIM_END_RESP_START
132 1 1390468152 RESP_END
133 0 1392650824 STIM_START
133 0 1393021856 LICK
133 0 1396426236 STIM_END_RESP_START
133 0 1397621160 LICK
133 0 1397621692 TIMEOUT_START
133 0 1397626284 RESP_END
133 0 1404622256 TIMEOUT_END
134 0 1406542872 STIM_START
134 0 1406860780 LICK
134 0 1406997380 LICK
134 0 1407167252 LICK
134 0 1407429440 LICK
134 0 1409456324 LICK
134 0 1409824136 LICK
134 0 1410068236 STIM_END_RESP_START
134 0 1410074460 LICK
134 0 1410075004 TIMEOUT_START
134 0 1411268256 RESP_END
134 0 1417075564 TIMEOUT_END
135 1 1419074832 STIM_START
135 1 1419392088 LICK
135 1 1422850232 STIM_END_RESP_START
135 1 1424050248 RESP_END
136 0 1426202888 STIM_START
136 0 1426210468 LICK
136 0 1426419608 LICK
136 0 1429408464 LICK
136 0 1429602052 LICK
136 0 1429815816 LICK
136 0 1430228296 STIM_END_RESP_START
136 0 1430341180 LICK
136 0 1430341716 TIMEOUT_START
136 0 1430666704 LICK
136 0 1430667236 TIMEOUT_START
136 0 1431428328 RESP_END
136 0 1437667804 TIMEOUT_END
137 1 1439725904 STIM_START
137 1 1440960884 LICK
137 1 1443001268 STIM_END_RESP_START
137 1 1444201284 RESP_END
138 1 1445923792 STIM_START
138 1 1446318664 LICK
138 1 1447254192 LICK
138 1 1447591204 LICK
138 1 1447783904 LICK
138 1 1448053836 LICK
138 1 1448380460 LICK
138 1 1449449148 STIM_END_RESP_START
138 1 1450649164 RESP_END
139 1 1459346828 STIM_START
139 1 1459504196 LICK
139 1 1462622188 STIM_END_RESP_START
139 1 1463741400 LICK
139 1 1463741940 REWARD_START
139 1 1463822204 RESP_END
139 1 1463755020 REWARD_END
140 0 1478157624 STIM_START
140 0 1478728160 LICK
140 0 1479004808 LICK
140 0 1480569412 LICK
140 0 1480916576 LICK
140 0 1482183056 STIM_END_RESP_START
140 0 1482245236 LICK
140 0 1482245764 TIMEOUT_START
140 0 1483383100 RESP_END
140 0 1489246324 TIMEOUT_END
141 1 1490998492 STIM_START
141 1 1494523852 STIM_END_RESP_START
141 1 1495723868 RESP_END
142 0 1497894580 STIM_START
142 0 1498504032 LICK
142 0 1498697336 LICK
142 0 1499121460 LICK
142 0 1499424088 LICK
142 0 1501919988 STIM_END_RESP_START
142 0 1503120008 RESP_END
143 1 1505026664 STIM_START
143 1 1505658532 LICK
143 1 1505826536 LICK
143 1 1508552056 STIM_END_RESP_START
143 1 1508709972 LICK
143 1 1508710512 REWARD_START
143 1 1508917284 LICK
143 1 1509040584 LICK
143 1 1509498644 LICK
143 1 1509610024 LICK
143 1 1509728600 LICK
143 1 1509752076 RESP_END
143 1 1508723584 REWARD_END
144 0 1514328036 STIM_START
144 0 1514371900 LICK
144 0 1514531388 LICK
144 0 1514771184 LICK
144 0 1515205228 LICK
144 0 1515395556 LICK
144 0 1517853400 STIM_END_RESP_START
144 0 1519053416 RESP_END
145 0 1521196060 STIM_START
145 0 1521497472 LICK
145 0 1524721420 STIM_END_RESP_START
145 0 1525907108 LICK
145 0 1525907648 TIMEOUT_START
145 0 1525921448 RESP_END
145 0 1532908208 TIMEOUT_END
146 0 1534890192 STIM_START
146 0 1535294392 LICK
146 0 1535546484 LICK
146 0 1538415564 STIM_END_RESP_START
146 0 1539615584 RESP_END
147 1 1541468132 STIM_START
147 1 1541811296 LICK
147 1 1545243512 STIM_END_RESP_START
147 1 1546443528 RESP_END
148 1 1548526100 STIM_START
148 1 1548766144 LICK
148 1 1552551520 STIM_END_RESP_START
148 1 1553751536 RESP_END
149 0 1555604216 STIM_START
149 0 1556007688 LICK
149 0 1557011760 LICK
149 0 1557175104 LICK
149 0 1557684840 LICK
149 0 1559379632 STIM_END_RESP_START
149 0 1560579648 RESP_END
150 0 1562706280 STIM_START
150 0 1563120628 LICK
150 0 1566481704 STIM_END_RESP_START
150 0 1567681720 RESP_END
151 0 1569615316 STIM_START
151 0 1573310920 LICK
151 0 1573390708 STIM_END_RESP_START
151 0 1573510456 LICK
151 0 1573510988 TIMEOUT_START
151 0 1573786964 LICK
151 0 1573787496 TIMEOUT_START
151 0 1574590740 RESP_END
151 0 1580788056 TIMEOUT_END
152 1 1582767236 STIM_START
152 1 1585111688 LICK
152 1 1585288628 LICK
152 1 1585568436 LICK
152 1 1585757444 LICK
152 1 1586030120 LICK
152 1 1586292592 STIM_END_RESP_START
152 1 1586625636 LICK
152 1 1586626172 REWARD_START
152 1 1586806528 LICK
152 1 1587492632 RESP_END
152 1 1586639252 REWARD_END
153 1 1596143272 STIM_START
153 1 1598336444 LICK
153 1 1598497708 LICK
153 1 1598828196 LICK
153 1 1600168688 STIM_END_RESP_START
153 1 1601368700 RESP_END
154 0 1603531376 STIM_START
154 0 1603993900 LICK
154 0 1604266124 LICK
154 0 1604457580 LICK
154 0 1607048628 LICK
154 0 1607306784 STIM_END_RESP_START
154 0 1608506796 RESP_END
155 0 1610627388 STIM_START
155 0 1612078024 LICK
155 0 1612299380 LICK
155 0 1612467912 LICK
155 0 1612696192 LICK
155 0 1612917548 LICK
155 0 1614652812 STIM_END_RESP_START
155 0 1615852824 RESP_END
156 1 1617921532 STIM_START
156 1 1619077896 LICK
156 1 1621196884 STIM_END_RESP_START
156 1 1622396936 RESP_END
157 1 1624243484 STIM_START
157 1 1624540052 LICK
157 1 1624784664 LICK
157 1 1625091324 LICK
157 1 1625344292 LICK
157 1 1627768848 STIM_END_RESP_START
157 1 1628968856 RESP_END
158 0 1633539892 STIM_START
158 0 1636051648 LICK
158 0 1636751168 LICK
158 0 1636939848 LICK
158 0 1637176604 LICK
158 0 1637315304 STIM_END_RESP_START
158 0 1638515320 RESP_END
159 1 1640392864 STIM_START
159 1 1641707184 LICK
159 1 1641923368 LICK
159 1 1642529084 LICK
159 1 1643149816 LICK
159 1 1643458724 LICK
159 1 1643668232 STIM_END_RESP_START
159 1 1644868244 RESP_END
160 0 1646678908 STIM_START
160 0 1647147900 LICK
160 0 1647443644 LICK
160 0 1647644960 LICK
160 0 1647987672 LICK
160 0 1648571460 LICK
160 0 1649954244 STIM_END_RESP_START
160 0 1651154256 RESP_END
161 0 1653198772 STIM_START
161 0 1655537244 LICK
161 0 1655732292 LICK
161 0 1656035256 LICK
161 0 1656724132 STIM_END_RESP_START
161 0 1656966116 LICK
161 0 1656966652 TIMEOUT_START
161 0 1657924168 RESP_END
161 0 1663967212 TIMEOUT_END
162 1 1667294928 STIM_START
162 1 1667605808 LICK
162 1 1667761476 LICK
162 1 1668019952 LICK
162 1 1669929932 LICK
162 1 1670207108 LICK
162 1 1670686264 LICK
162 1 1671320344 STIM_END_RESP_START
162 1 1671866020 LICK
162 1 1671866560 REWARD_START
162 1 1672111044 LICK
162 1 1672520352 RESP_END
162 1 1671879632 REWARD_END
163 0 1680566916 STIM_START
163 0 1680800444 LICK
163 0 1680988608 LICK
163 0 1682831048 LICK
163 0 1683927816 LICK
163 0 1684092288 STIM_END_RESP_START
163 0 1684373272 LICK
163 0 1684373812 TIMEOUT_START
163 0 1685088364 LICK
163 0 1685088892 TIMEOUT_START
163 0 1685292312 RESP_END
163 0 1692089444 TIMEOUT_END
164 0 1693868860 STIM_START
164 0 1694437292 LICK
164 0 1697394228 STIM_END_RESP_START
164 0 1698594244 RESP_END
165 0 1700655920 STIM_START
165 0 1704181288 STIM_END_RESP_START
165 0 1705381300 RESP_END
166 1 1707293912 STIM_START
166 1 1711319332 STIM_END_RESP_START
166 1 1712519348 RESP_END
167 0 1714620964 STIM_START
167 0 1716767240 LICK
167 0 1717007756 LICK
167 0 1718396356 STIM_END_RESP_START
167 0 1719596372 RESP_END
168 0 1721392012 STIM_START
168 0 1725167424 STIM_END_RESP_START
168 0 1726367436 RESP_END
169 0 1728495052 STIM_START
169 0 1731770408 STIM_END_RESP_START
169 0 1732970456 RESP_END
170 1 1734915064 STIM_START
170 1 1737378272 LICK
170 1 1737593136 LICK
170 1 1738190400 STIM_END_RESP_START
170 1 1738372436 LICK
170 1 1738372968 REWARD_START
170 1 1738438464 LICK
170 1 1738597448 LICK
170 1 1739390420 RESP_END
170 1 1738386048 REWARD_END
171 1 1745929704 STIM_START
171 1 1749455076 STIM_END_RESP_START
171 1 1750655092 RESP_END
172 1 1752371672 STIM_START
172 1 1754469964 LICK
172 1 1754617816 LICK
172 1 1754764664 LICK
172 1 1755647008 STIM_END_RESP_START
172 1 1756847056 RESP_END
173 0 1758772636 STIM_START
173 0 1759264712 LICK
173 0 1759440764 LICK
173 0 1759827884 LICK
173 0 1762798056 STIM_END_RESP_START
173 0 1763996624 LICK
173 0 1763997160 TIMEOUT_START
173 0 1763998092 RESP_END
173 0 1770997728 TIMEOUT_END
174 1 1772939744 STIM_START
174 1 1773258076 LICK
174 1 1773454328 LICK
174 1 1773696644 LICK
174 1 1773906164 LICK
174 1 1776465108 STIM_END_RESP_START
174 1 1776488948 LICK
174 1 1776489484 REWARD_START
174 1 1776657080 LICK
174 1 1776799396 LICK
174 1 1777257828 LICK
174 1 1777338800 LICK
174 1 1777460152 LICK
174 1 1777608928 LICK
174 1 1777665156 RESP_END
174 1 1776502556 REWARD_END
175 0 1783013240 STIM_START
175 0 1783288124 LICK
175 0 1783494860 LICK
175 0 1783678116 LICK
175 0 1784093832 LICK
175 0 1784293196 LICK
175 0 1786788632 STIM_END_RESP_START
175 0 1787286820 LICK
175 0 1787287352 TIMEOUT_START
175 0 1787424860 LICK
175 0 1787425392 TIMEOUT_START
175 0 1787591128 LICK
175 0 1787591660 TIMEOUT_START
175 0 1787758660 LICK
175 0 1787759196 TIMEOUT_START
175 0 1787988668 RESP_END
175 0 1794759756 TIMEOUT_END
176 0 1796634244 STIM_START
176 0 1798892760 LICK
176 0 1799117800 LICK
176 0 1800044332 LICK
176 0 1800217084 LICK
176 0 1800409636 STIM_END_RESP_START
176 0 1800552608 LICK
176 0 1800553144 TIMEOUT_START
176 0 1800765176 LICK
176 0 1800765716 TIMEOUT_START
176 0 1801609660 RESP_END
176 0 1807766268 TIMEOUT_END
177 1 1809806220 STIM_START
177 1 1811991900 LICK
177 1 1812154624 LICK
177 1 1812586684 LICK
177 1 1812835264 LICK
177 1 1813331600 STIM_END_RESP_START
177 1 1814531616 RESP_END
178 0 1816535300 STIM_START
178 0 1820310712 STIM_END_RESP_START
178 0 1821510728 RESP_END
179 1 1823479352 STIM_START
179 1 1823730424 LICK
179 1 1823957460 LICK
179 1 1824203444 LICK
179 1 1826356500 LICK
179 1 1826568932 LICK
179 1 1827254752 STIM_END_RESP_START
179 1 1828454768 RESP_END
180 1 1830356320 STIM_START
180 1 1830591396 LICK
180 1 1830802612 LICK
180 1 1831184352 LICK
180 1 1834381760 STIM_END_RESP_START
180 1 1835581776 RESP_END
181 0 1839309668 STIM_START
181 0 1843335088 STIM_END_RESP_START
181 0 1844535104 RESP_END
182 1 1848960188 STIM_START
182 1 1851847748 LICK
182 1 1851995308 LICK
182 1 1852236916 LICK
182 1 1852485568 STIM_END_RESP_START
182 1 1852539852 LICK
182 1 1852540392 REWARD_START
182 1 1852810752 LICK
182 1 1852931636 LICK
182 1 1853138772 LICK
182 1 1853256544 LICK
182 1 1853363044 LICK
182 1 1853471952 LICK
182 1 1853595344 LICK
182 1 1853685604 RESP_END
182 1 1852553472 REWARD_END
183 0 1861445976 STIM_START
183 0 1861752592 LICK
183 0 1862112992 LICK
183 0 1862389248 LICK
183 0 1862559272 LICK
183 0 1862750184 LICK
183 0 1864834452 LICK
183 0 1864971364 STIM_END_RESP_START
183 0 1865148328 LICK
183 0 1865148868 TIMEOUT_START
183 0 1865368600 LICK
183 0 1865369132 TIMEOUT_START
183 0 1866171388 RESP_END
183 0 1872369700 TIMEOUT_END
184 1 1874123904 STIM_START
184 1 1876463040 LICK
184 1 1876624080 LICK
184 1 1876980288 LICK
184 1 1877221588 LICK
184 1 1877413320 LICK
184 1 1877833416 LICK
184 1 1877899300 STIM_END_RESP_START
184 1 1878205572 LICK
184 1 1878206108 REWARD_START
184 1 1878427892 LICK
184 1 1878548340 LICK
184 1 1878748860 LICK
184 1 1878852092 LICK
184 1 1878984432 LICK
184 1 1879088136 LICK
184 1 1879099324 RESP_END
184 1 1878219184 REWARD_END
185 1 1881922032 STIM_START
185 1 1882067640 LICK
185 1 1883479024 LICK
185 1 1883989884 LICK
185 1 1884144320 LICK
185 1 1884660308 LICK
185 1 1885447420 STIM_END_RESP_START
185 1 1886215408 LICK
185 1 1886215940 REWARD_START
185 1 1886380188 LICK
185 1 1886462212 LICK
185 1 1886647444 RESP_END
185 1 1886229020 REWARD_END
186 0 1897330400 STIM_START
186 0 1897730308 LICK
186 0 1899731040 LICK
186 0 1899946020 LICK
186 0 1900250496 LICK
186 0 1900550192 LICK
186 0 1900996208 LICK
186 0 1901355832 STIM_END_RESP_START
186 0 1902555848 RESP_END
187 0 1904684452 STIM_START
187 0 1904998988 LICK
187 0 1905178900 LICK
187 0 1907959828 STIM_END_RESP_START
187 0 1908253624 LICK
187 0 1908254164 TIMEOUT_START
187 0 1908436340 LICK
187 0 1908436872 TIMEOUT_START
187 0 1908640040 LICK
187 0 1908640568 TIMEOUT_START
187 0 1909159836 RESP_END
187 0 1915641132 TIMEOUT_END
188 0 1917862428 STIM_START
188 0 1917986404 LICK
188 0 1918273636 LICK
188 0 1918467000 LICK
188 0 1918710732 LICK
188 0 1920076792 LICK
188 0 1920499948 LICK
188 0 1920900852 LICK
188 0 1921887868 STIM_END_RESP_START
188 0 1923087880 RESP_END
189 1 1926189688 STIM_START
189 1 1926587388 LICK
189 1 1926828340 LICK
189 1 1928039124 LICK
189 1 1928211360 LICK
189 1 1928567640 LICK
189 1 1929772192 LICK
189 1 1930215096 STIM_END_RESP_START
189 1 1930342300 LICK
189 1 1930342840 REWARD_START
189 1 1930534616 LICK
189 1 1930650324 LICK
189 1 1930863440 LICK
189 1 1930990388 LICK
189 1 1931085068 LICK
189 1 1931202528 LICK
189 1 1931354284 LICK
189 1 1931415108 RESP_END
189 1 1930355920 REWARD_END
190 0 1936468184 STIM_START
190 0 1940493604 STIM_END_RESP_START
190 0 1940698888 LICK
190 0 1940699424 TIMEOUT_START
190 0 1941338076 LICK
190 0 1941338612 TIMEOUT_START
190 0 1941479616 LICK
190 0 1941480148 TIMEOUT_START
190 0 1941637292 LICK
190 0 1941637824 TIMEOUT_START
190 0 1941693636 RESP_END
190 0 1948638380 TIMEOUT_END
191 0 1956097144 STIM_START
191 0 1957056256 LICK
191 0 1957155096 LICK
191 0 1957321192 LICK
191 0 1957425924 LICK
191 0 1957639216 LICK
191 0 1957919976 LICK
191 0 1958011616 LICK
191 0 1958134492 LICK
191 0 1958300760 LICK
191 0 1958489172 LICK
191 0 1959738932 LICK
191 0 1959872544 STIM_END_RESP_START
191 0 1960198580 LICK
191 0 1960199112 TIMEOUT_START
191 0 1960359408 LICK
191 0 1960359948 TIMEOUT_START
191 0 1960481896 LICK
191 0 1960482428 TIMEOUT_START
191 0 1960708592 LICK
191 0 1960709132 TIMEOUT_START
191 0 1961072568 RESP_END
191 0 1967709684 TIMEOUT_END
192 0 1972922652 STIM_START
192 0 1973102916 LICK
192 0 1973288652 LICK
192 0 1974835640 LICK
192 0 1975018580 LICK
192 0 1975179444 LICK
192 0 1976448040 STIM_END_RESP_START
192 0 1977648084 RESP_END
193 1 1979726632 STIM_START
193 1 1980008928 LICK
193 1 1980186368 LICK
193 1 1981164464 LICK
193 1 1981375008 LICK
193 1 1981635096 LICK
193 1 1981849520 LICK
193 1 1982051140 LICK
193 1 1983252012 STIM_END_RESP_START
193 1 1983292460 LICK
193 1 1983292992 REWARD_START
193 1 1983435332 LICK
193 1 1984001264 LICK
193 1 1984118936 LICK
193 1 1984267852 LICK
193 1 1984390764 LICK
193 1 1984452056 RESP_END
193 1 1983306072 REWARD_END
194 1 1991299364 STIM_START
194 1 1991533600 LICK
194 1 1991772124 LICK
194 1 1992205800 LICK
194 1 1995324788 STIM_END_RESP_START
194 1 1996524808 RESP_END
195 0 1998667440 STIM_START
195 0 1999024128 LICK
195 0 1999360996 LICK
195 0 2000052568 LICK
195 0 2000325608 LICK
195 0 2000527252 LICK
195 0 2001004468 LICK
195 0 2001222364 LICK
195 0 2001593056 LICK
195 0 2001839584 LICK
195 0 2002085956 LICK
195 0 2002535452 LICK
195 0 2002658792 LICK
195 0 2002692880 STIM_END_RESP_START
195 0 2002806128 LICK
195 0 2002806660 TIMEOUT_START
195 0 2003892908 RESP_END
195 0 2009807220 TIMEOUT_END
196 0 2011768416 STIM_START
196 0 2012125016 LICK
196 0 2013158304 LICK
196 0 2013372368 LICK
196 0 2013651200 LICK
196 0 2014351484 LICK
196 0 2015043752 STIM_END_RESP_START
196 0 2015095364 LICK
196 0 2015095904 TIMEOUT_START
196 0 2015404856 LICK
196 0 2015405396 TIMEOUT_START
196 0 2016243768 RESP_END
196 0 2022405956 TIMEOUT_END
197 0 2028439960 STIM_START
197 0 2028877884 LICK
197 0 2030556564 LICK
197 0 2031965348 STIM_END_RESP_START
197 0 2033165364 RESP_END
198 1 2035126948 STIM_START
198 1 2035851548 LICK
198 1 2038352252 LICK
198 1 2038572252 LICK
198 1 2039009400 LICK
198 1 2039152376 STIM_END_RESP_START
198 1 2040352396 RESP_END
199 0 2042346984 STIM_START
199 0 2045872352 STIM_END_RESP_START
199 0 2047072368 RESP_END
200 1 2048819984 STIM_START
200 1 2050008508 LICK
200 1 2050212520 LICK
200 1 2052845396 STIM_END_RESP_START
200 1 2054045412 RESP_END
201 0 2055750024 STIM_START
201 0 2057093060 LICK
201 0 2057329368 LICK
201 0 2059025360 STIM_END_RESP_START
201 0 2060225372 RESP_END
202 0 2061990976 STIM_START
202 0 2064575304 LICK
202 0 2065496456 LICK
202 0 2065903496 LICK
202 0 2066016424 STIM_END_RESP_START
202 0 2066213632 LICK
202 0 2066214168 TIMEOUT_START
202 0 2067216452 RESP_END
202 0 2073214728 TIMEOUT_END
203 0 2074989948 STIM_START
203 0 2078265300 STIM_END_RESP_START
203 0 2079465316 RESP_END
204 1 2081465852 STIM_START
204 1 2083352952 LICK
204 1 2083581656 LICK
204 1 2084741192 STIM_END_RESP_START
204 1 2084808168 LICK
204 1 2084808700 REWARD_START
204 1 2084890688 LICK
204 1 2085040792 LICK
204 1 2085941220 RESP_END
204 1 2084821780 REWARD_END
205 1 2089052020 STIM_START
205 1 2090175100 LICK
205 1 2090336624 LICK
205 1 2091407576 LICK
205 1 2092585652 LICK
205 1 2092737756 LICK
205 1 2092944184 LICK
205 1 2093077444 STIM_END_RESP_START
205 1 2094172560 LICK
205 1 2094173092 REWARD_START
205 1 2094277480 RESP_END
205 1 2094186172 REWARD_END
206 1 2098541452 STIM_START
206 1 2100316904 LICK
206 1 2100540056 LICK
206 1 2100792308 LICK
206 1 2101691136 LICK
206 1 2102053348 LICK
206 1 2102316852 STIM_END_RESP_START
206 1 2103516900 RESP_END
207 0 2105315460 STIM_START
207 0 2105558584 LICK
207 0 2108449780 LICK
207 0 2108627144 LICK
207 0 2108840828 STIM_END_RESP_START
207 0 2108841368 LICK
207 0 2108841908 TIMEOUT_START
207 0 2109099200 LICK
207 0 2109099732 TIMEOUT_START
207 0 2109638080 LICK
207 0 2109638608 TIMEOUT_START
207 0 2109958032 LICK
207 0 2109958572 TIMEOUT_START
207 0 2110040864 RESP_END
207 0 2116959136 TIMEOUT_END
208 0 2118816496 STIM_START
208 0 2119045640 LICK
208 0 2119328876 LICK
208 0 2120299156 LICK
208 0 2120721472 LICK
208 0 2122841912 STIM_END_RESP_START
208 0 2124041928 RESP_END
209 0 2125877556 STIM_START
209 0 2129402920 STIM_END_RESP_START
209 0 2130602968 RESP_END
210 1 2134824848 STIM_START
210 1 2136675536 LICK
210 1 2137261328 LICK
210 1 2137712296 LICK
210 1 2138076044 LICK
210 1 2138600232 STIM_END_RESP_START
210 1 2139504912 LICK
210 1 2139505444 REWARD_START
210 1 2139734240 LICK
210 1 2139800256 RESP_END
210 1 2139518520 REWARD_END
211 0 2149202024 STIM_START
211 0 2152727392 STIM_END_RESP_START
211 0 2153927408 RESP_END
212 1 2155668928 STIM_START
212 1 2157320316 LICK
212 1 2158422104 LICK
212 1 2158631680 LICK
212 1 2158863120 LICK
212 1 2159245716 LICK
212 1 2159444344 STIM_END_RESP_START
212 1 2159493184 LICK
212 1 2159493716 REWARD_START
212 1 2159766132 LICK
212 1 2159891076 LICK
212 1 2160482892 LICK
212 1 2160618280 LICK
212 1 2160644392 RESP_END
212 1 2159506796 REWARD_END
213 1 2165640424 STIM_START
213 1 2166388468 LICK
213 1 2166535792 LICK
213 1 2168014296 LICK
213 1 2168213384 LICK
213 1 2169165820 STIM_END_RESP_START
213 1 2170365836 RESP_END
214 1 2172223512 STIM_START
214 1 2172496532 LICK
214 1 2173407544 LICK
214 1 2173574744 LICK
214 1 2173859352 LICK
214 1 2174093864 LICK
214 1 2175164016 LICK
214 1 2175593852 LICK
214 1 2176248920 STIM_END_RESP_START
214 1 2177448972 RESP_END
215 0 2179462548 STIM_START
215 0 2179738332 LICK
215 0 2182987912 STIM_END_RESP_START
215 0 2183464192 LICK
215 0 2183464724 TIMEOUT_START
215 0 2183650564 LICK
215 0 2183651096 TIMEOUT_START
215 0 2183926296 LICK
215 0 2183926836 TIMEOUT_START
215 0 2184154052 LICK
215 0 2184154588 TIMEOUT_START
215 0 2184187968 RESP_END
215 0 2191155144 TIMEOUT_END
216 1 2193293576 STIM_START
216 1 2193432180 LICK
216 1 2193657244 LICK
216 1 2197069000 STIM_END_RESP_START
216 1 2198269016 RESP_END
217 0 2202396968 STIM_START
217 0 2202877664 LICK
217 0 2203102560 LICK
217 0 2203290888 LICK
217 0 2206172364 STIM_END_RESP_START
217 0 2207372380 RESP_END
218 1 2211920428 STIM_START
218 1 2214518880 LICK
218 1 2215695832 STIM_END_RESP_START
218 1 2216039620 LICK
218 1 2216040152 REWARD_START
218 1 2216202336 LICK
218 1 2216273656 LICK
218 1 2216628500 LICK
218 1 2216746660 LICK
218 1 2216852204 LICK
218 1 2216895856 RESP_END
218 1 2216053228 REWARD_END
219 1 2223747204 STIM_START
219 1 2227022564 STIM_END_RESP_START
219 1 2228222580 RESP_END
220 1 2230297096 STIM_START
220 1 2232405996 LICK
220 1 2232775464 LICK
220 1 2232983588 LICK
220 1 2233332780 LICK
220 1 2233572464 STIM_END_RESP_START
220 1 2234772516 RESP_END
221 0 2236958152 STIM_START
221 0 2237702164 LICK
221 0 2238117284 LICK
221 0 2239283856 LICK
221 0 2239594040 LICK
221 0 2240136212 LICK
221 0 2240233508 STIM_END_RESP_START
221 0 2240378940 LICK
221 0 2240379472 TIMEOUT_START
221 0 2240673548 LICK
221 0 2240674088 TIMEOUT_START
221 0 2241433548 RESP_END
221 0 2247674640 TIMEOUT_END
222 0 2249653032 STIM_START
222 0 2251920004 LICK
222 0 2252126308 LICK
222 0 2252928372 STIM_END_RESP_START
222 0 2253209544 LICK
222 0 2253210084 TIMEOUT_START
222 0 2253645624 LICK
222 0 2253646160 TIMEOUT_START
222 0 2254128404 RESP_END
222 0 2260646712 TIMEOUT_END
223 0 2262601028 STIM_START
223 0 2263707432 LICK
223 0 2264367956 LICK
223 0 2265278056 LICK
223 0 2265582264 LICK
223 0 2266291452 LICK
223 0 2266626464 STIM_END_RESP_START
223 0 2267738896 LICK
223 0 2267739432 TIMEOUT_START
223 0 2267826504 RESP_END
223 0 2274739992 TIMEOUT_END
224 1 2276503060 STIM_START
224 1 2277586472 LICK
224 1 2277854880 LICK
224 1 2278151508 LICK
224 1 2280278456 STIM_END_RESP_START
224 1 2280605620 LICK
224 1 2280606160 REWARD_START
224 1 2280780388 LICK
224 1 2280889612 LICK
224 1 2281478492 RESP_END
224 1 2280619224 REWARD_END
225 1 2287105688 STIM_START
225 1 2287257464 LICK
225 1 2288318708 LICK
225 1 2288598580 LICK
225 1 2288847572 LICK
225 1 2289064488 LICK
225 1 2290283192 LICK
225 1 2290631056 STIM_END_RESP_START
225 1 2291831072 RESP_END
226 1 2294506744 STIM_START
226 1 2298193768 LICK
226 1 2298532176 STIM_END_RESP_START
226 1 2299732192 RESP_END
227 0 2302142932 STIM_START
227 0 2302726800 LICK
227 0 2302979360 LICK
227 0 2305964904 LICK
227 0 2306156040 LICK
227 0 2306168380 STIM_END_RESP_START
227 0 2306415680 LICK
227 0 2306416212 TIMEOUT_START
227 0 2307368412 RESP_END
227 0 2313416784 TIMEOUT_END
228 0 2317196148 STIM_START
228 0 2317380180 LICK
228 0 2318840300 LICK
228 0 2319866276 LICK
228 0 2321221568 STIM_END_RESP_START
228 0 2321382048 LICK
228 0 2321382588 TIMEOUT_START
228 0 2322421584 RESP_END
228 0 2328383152 TIMEOUT_END
229 1 2331608272 STIM_START
229 1 2333861556 LICK
229 1 2334883632 STIM_END_RESP_START
229 1 2336083648 RESP_END
230 0 2337849320 STIM_START
230 0 2341336740 LICK
230 0 2341620748 LICK
230 0 2341624716 STIM_END_RESP_START
230 0 2342824752 RESP_END
231 0 2344787324 STIM_START
231 0 2348812744 STIM_END_RESP_START
231 0 2349459800 LICK
231 0 2349460336 TIMEOUT_START
231 0 2350012780 RESP_END
231 0 2356460892 TIMEOUT_END
232 1 2358406368 STIM_START
232 1 2361182824 LICK
232 1 2361931748 STIM_END_RESP_START
232 1 2363131764 RESP_END
233 0 2365319376 STIM_START
233 0 2369094788 STIM_END_RESP_START
233 0 2370294844 RESP_END
234 0 2372095412 STIM_START
234 0 2372517540 LICK
234 0 2375620800 STIM_END_RESP_START
234 0 2376820816 RESP_END
235 0 2378853412 STIM_START
235 0 2379410568 LICK
235 0 2379615116 LICK
235 0 2380067724 LICK
235 0 2382128768 STIM_END_RESP_START
235 0 2383328784 RESP_END
236 1 2385260324 STIM_START
236 1 2388785692 STIM_END_RESP_START
236 1 2389985708 RESP_END
237 1 2391811300 STIM_START
237 1 2395336664 STIM_END_RESP_START
237 1 2396536680 RESP_END
238 0 2400290624 STIM_START
238 0 2403297800 LICK
238 0 2403448168 LICK
238 0 2403628256 LICK
238 0 2403881328 LICK
238 0 2404199336 LICK
238 0 2404316068 STIM_END_RESP_START
238 0 2405035652 LICK
238 0 2405036192 TIMEOUT_START
238 0 2405241704 LICK
238 0 2405242240 TIMEOUT_START
238 0 2405516112 RESP_END
238 0 2412242800 TIMEOUT_END
239 0 2414069692 STIM_START
239 0 2416538828 LICK
239 0 2417155432 LICK
239 0 2417364608 LICK
239 0 2417596972 LICK
239 0 2417845104 STIM_END_RESP_START
239 0 2419045120 RESP_END
240 1 2421018768 STIM_START
240 1 2424794180 STIM_END_RESP_START
240 1 2425994196 RESP_END
241 1 2429761040 STIM_START
241 1 2433536448 STIM_END_RESP_START
241 1 2433885564 LICK
241 1 2433886096 REWARD_START
241 1 2434161992 LICK
241 1 2434736492 RESP_END
241 1 2433899176 REWARD_END
242 0 2436889076 STIM_START
242 0 2439482888 LICK
242 0 2439625736 LICK
242 0 2439896888 LICK
242 0 2440011368 LICK
242 0 2440164408 STIM_END_RESP_START
242 0 2440172360 LICK
242 0 2440172908 TIMEOUT_START
242 0 2440280844 LICK
242 0 2440281380 TIMEOUT_START
242 0 2441364456 RESP_END
242 0 2447281936 TIMEOUT_END
243 1 2449295968 STIM_START
243 1 2449528756 LICK
243 1 2453321388 STIM_END_RESP_START
243 1 2454521408 RESP_END
244 1 2459340424 STIM_START
244 1 2459720548 LICK
244 1 2461217700 LICK
244 1 2463115828 STIM_END_RESP_START
244 1 2463167696 LICK
244 1 2463168232 REWARD_START
244 1 2464315872 RESP_END
244 1 2463181312 REWARD_END
245 0 2466120424 STIM_START
245 0 2468485656 LICK
245 0 2468561692 LICK
245 0 2468825904 LICK
245 0 2468935652 LICK
245 0 2469395760 STIM_END_RESP_START
245 0 2470154940 LICK
245 0 2470155480 TIMEOUT_START
245 0 2470467216 LICK
245 0 2470467752 TIMEOUT_START
245 0 2470595800 RESP_END
245 0 2477468304 TIMEOUT_END
246 1 2480152584 STIM_START
246 1 2480919772 LICK
246 1 2483330972 LICK
246 1 2483427924 STIM_END_RESP_START
246 1 2484627940 RESP_END
247 1 2491118192 STIM_START
247 1 2491310640 LICK
247 1 2494393532 STIM_END_RESP_START
247 1 2495593552 RESP_END
248 0 2500204532 STIM_START
248 0 2500286192 LICK
248 0 2503979928 STIM_END_RESP_START
248 0 2505179948 RESP_END
249 0 2511618248 STIM_START
249 0 2511738788 LICK
249 0 2514893608 STIM_END_RESP_START
249 0 2515134048 LICK
249 0 2515134588 TIMEOUT_START
249 0 2516093648 RESP_END
249 0 2522135148 TIMEOUT_END
250 1 2524742176 STIM_START
250 1 2528517592 STIM_END_RESP_START
250 1 2529717604 RESP_END
251 0 2531782276 STIM_START
251 0 2535057636 STIM_END_RESP_START
251 0 2536257652 RESP_END
252 0 2538152236 STIM_START
252 0 2541953092 LICK
252 0 2542177684 STIM_END_RESP_START
252 0 2543377700 RESP_END
253 1 2545200284 STIM_START
253 1 2545518060 LICK
253 1 2548725648 STIM_END_RESP_START
253 1 2549925664 RESP_END
254 0 2551960256 STIM_START
254 0 2552683984 LICK
254 0 2555343320 LICK
254 0 2555468720 LICK
254 0 2555708448 LICK
254 0 2555735640 STIM_END_RESP_START
254 0 2556935660 RESP_END
255 0 2559406424 STIM_START
255 0 2559517616 LICK
255 0 2563181812 STIM_END_RESP_START
255 0 2564381828 RESP_END
256 0 2566222388 STIM_START
256 0 2567285148 LICK
256 0 2570247816 STIM_END_RESP_START
256 0 2570945864 LICK
256 0 2570946396 TIMEOUT_START
256 0 2571176996 LICK
256 0 2571177528 TIMEOUT_START
256 0 2571447848 RESP_END
256 0 2578178096 TIMEOUT_END
257 1 2580300552 STIM_START
257 1 2584325976 STIM_END_RESP_START
257 1 2585525992 RESP_END
258 0 2587486608 STIM_START
258 0 2591512028 STIM_END_RESP_START
258 0 2592712044 RESP_END
259 1 2596910016 STIM_START
259 1 2598636800 LICK
259 1 2599091980 LICK
259 1 2599280680 LICK
259 1 2600685400 STIM_END_RESP_START
259 1 2601656528 LICK
259 1 2601657060 REWARD_START
259 1 2601819340 LICK
259 1 2601885416 RESP_END
259 1 2601670136 REWARD_END
260 0 2608502688 STIM_START
260 0 2608864344 LICK
260 0 2611939808 LICK
260 0 2612278084 STIM_END_RESP_START
260 0 2613478100 RESP_END
261 1 2615581772 STIM_START
261 1 2617299388 LICK
261 1 2617507112 LICK
261 1 2618857136 STIM_END_RESP_START
261 1 2620057156 RESP_END
262 0 2623015948 STIM_START
262 0 2623042124 LICK
262 0 2623658656 LICK
262 0 2626541308 STIM_END_RESP_START
262 0 2627741324 RESP_END
263 1 2629824888 STIM_START
263 1 2633350252 STIM_END_RESP_START
263 1 2634550304 RESP_END
264 1 2636335916 STIM_START
264 1 2639861284 STIM_END_RESP_START
264 1 2641061300 RESP_END
265 1 2643238940 STIM_START
265 1 2646764300 STIM_END_RESP_START
265 1 2647964316 RESP_END
266 0 2649883912 STIM_START
266 0 2650942376 LICK
266 0 2651288336 LICK
266 0 2651552260 LICK
266 0 2651827636 LICK
266 0 2652519032 LICK
266 0 2652754424 LICK
266 0 2653070300 LICK
266 0 2653159236 STIM_END_RESP_START
266 0 2653434860 LICK
266 0 2653435400 TIMEOUT_START
266 0 2654359268 RESP_END
266 0 2660435976 TIMEOUT_END
267 0 2662411812 STIM_START
267 0 2664065104 LICK
267 0 2664310712 LICK
267 0 2664564960 LICK
267 0 2665252524 LICK
267 0 2665524012 LICK
267 0 2665687136 STIM_END_RESP_START
267 0 2666769940 LICK
267 0 2666770480 TIMEOUT_START
267 0 2666887160 RESP_END
267 0 2673771036 TIMEOUT_END
268 1 2675595816 STIM_START
268 1 2679121180 STIM_END_RESP_START
268 1 2680321196 RESP_END
269 1 2683222932 STIM_START
269 1 2686498292 STIM_END_RESP_START
269 1 2687487376 LICK
269 1 2687487908 REWARD_START
269 1 2687646628 LICK
269 1 2687698328 RESP_END
269 1 2687500988 REWARD_END
270 1 2696785944 STIM_START
270 1 2696909252 LICK
270 1 2698251632 LICK
270 1 2700311340 STIM_END_RESP_START
270 1 2701511352 RESP_END
271 0 2703612936 STIM_START
271 0 2707388340 STIM_END_RESP_START
271 0 2708588356 RESP_END
272 1 2710657012 STIM_START
272 1 2713932368 STIM_END_RESP_START
272 1 2715132384 RESP_END
273 1 2716876944 STIM_START
273 1 2720652352 STIM_END_RESP_START
273 1 2721852400 RESP_END
274 1 2723889956 STIM_START
274 1 2727415320 STIM_END_RESP_START
274 1 2727813576 LICK
274 1 2727814108 REWARD_START
274 1 2727999484 LICK
274 1 2728417220 LICK
274 1 2728531372 LICK
274 1 2728615372 RESP_END
274 1 2727827184 REWARD_END
275 0 2739059236 STIM_START
275 0 2743084656 STIM_END_RESP_START
275 0 2744284672 RESP_END
276 1 2746138244 STIM_START
276 1 2746191308 LICK
276 1 2747332756 LICK
276 1 2747570960 LICK
276 1 2747782592 LICK
276 1 2748029220 LICK
276 1 2748272044 LICK
276 1 2750163668 STIM_END_RESP_START
276 1 2751363684 RESP_END
277 0 2753491352 STIM_START
277 0 2757266768 STIM_END_RESP_START
277 0 2758466780 RESP_END
278 0 2762374672 STIM_START
278 0 2762827556 LICK
278 0 2763377688 LICK
278 0 2763770960 LICK
278 0 2765650004 STIM_END_RESP_START
278 0 2766850056 RESP_END
279 0 2768803680 STIM_START
279 0 2769311216 LICK
279 0 2769492208 LICK
279 0 2769847772 LICK
279 0 2770210792 LICK
279 0 2771537992 LICK
279 0 2772302748 LICK
279 0 2772329044 STIM_END_RESP_START
279 0 2773529088 RESP_END
280 1 2775709704 STIM_START
280 1 2778217160 LICK
280 1 2778986008 LICK
280 1 2779197120 LICK
280 1 2779235080 STIM_END_RESP_START
280 1 2780435104 RESP_END
281 0 2783975916 STIM_START
281 0 2788001336 STIM_END_RESP_START
281 0 2789201352 RESP_END
282 0 2791244036 STIM_START
282 0 2794769396 STIM_END_RESP_START
282 0 2795969412 RESP_END
283 1 2797948044 STIM_START
283 1 2801973464 STIM_END_RESP_START
283 1 2803173476 RESP_END
284 1 2804949104 STIM_START
284 1 2805874568 LICK
284 1 2806062472 LICK
284 1 2806455852 LICK
284 1 2808724496 STIM_END_RESP_START
284 1 2809924504 RESP_END
285 1 2812112164 STIM_START
285 1 2812366660 LICK
285 1 2812865192 LICK
285 1 2813759048 LICK
285 1 2814094864 LICK
285 1 2814373244 LICK
285 1 2815387528 STIM_END_RESP_START
285 1 2816073788 LICK
285 1 2816074320 REWARD_START
285 1 2816275944 LICK
285 1 2816375100 LICK
285 1 2816587576 RESP_END
285 1 2816087396 REWARD_END
286 0 2822615744 STIM_START
286 0 2826391124 STIM_END_RESP_START
286 0 2827591140 RESP_END
287 1 2829548752 STIM_START
287 1 2829761008 LICK
287 1 2829907144 LICK
287 1 2830119316 LICK
287 1 2830556452 LICK
287 1 2830751892 LICK
287 1 2833074140 STIM_END_RESP_START
287 1 2834274156 RESP_END
288 0 2836381732 STIM_START
288 0 2836692664 LICK
288 0 2836901236 LICK
288 0 2837787400 LICK
288 0 2838734812 LICK
288 0 2839657068 STIM_END_RESP_START
288 0 2840857084 RESP_END
289 0 2842587712 STIM_START
289 0 2846613132 STIM_END_RESP_START
289 0 2847813148 RESP_END
290 1 2849900804 STIM_START
290 1 2850325664 LICK
290 1 2850512448 LICK
290 1 2851935748 LICK
290 1 2852164296 LICK
290 1 2852558208 LICK
290 1 2853426200 STIM_END_RESP_START
290 1 2854626248 RESP_END
291 0 2856641820 STIM_START
291 0 2856712112 LICK
291 0 2857962416 LICK
291 0 2858360516 LICK
291 0 2858672580 LICK
291 0 2858995948 LICK
291 0 2860167184 STIM_END_RESP_START
291 0 2860769128 LICK
291 0 2860769668 TIMEOUT_START
291 0 2861367204 RESP_END
291 0 2867770228 TIMEOUT_END
292 1 2877324888 STIM_START
292 1 2877347964 LICK
292 1 2878049004 LICK
292 1 2881100288 STIM_END_RESP_START
292 1 2882129008 LICK
292 1 2882129544 REWARD_START
292 1 2882300324 RESP_END
292 1 2882142624 REWARD_END
293 0 2884313916 STIM_START
293 0 2884993512 LICK
293 0 2885510204 LICK
293 0 2885661536 LICK
293 0 2885779252 LICK
293 0 2885899244 LICK
293 0 2886040536 LICK
293 0 2886200140 LICK
293 0 2886341860 LICK
293 0 2888089292 STIM_END_RESP_START
293 0 2888195144 LICK
293 0 2888195676 TIMEOUT_START
293 0 2888428572 LICK
293 0 2888429104 TIMEOUT_START
293 0 2888647708 LICK
293 0 2888648240 TIMEOUT_START
293 0 2888890148 LICK
293 0 2888890684 TIMEOUT_START
293 0 2889058200 LICK
293 0 2889058736 TIMEOUT_START
293 0 2889247372 LICK
293 0 2889247912 TIMEOUT_START
293 0 2889289320 RESP_END
293 0 2896248464 TIMEOUT_END
294 0 2899537176 STIM_START
294 0 2903312592 STIM_END_RESP_START
294 0 2904512608 RESP_END
295 0 2906264132 STIM_START
295 0 2908722092 LICK
295 0 2908951508 LICK
295 0 2909539488 STIM_END_RESP_START
295 0 2909992024 LICK
295 0 2909992556 TIMEOUT_START
295 0 2910739504 RESP_END
295 0 2916993120 TIMEOUT_END
296 1 2918932092 STIM_START
296 1 2919255912 LICK
296 1 2920773240 LICK
296 1 2921092440 LICK
296 1 2921369860 LICK
296 1 2922207428 STIM_END_RESP_START
296 1 2923407444 RESP_END
297 1 2925777040 STIM_START
297 1 2929552448 STIM_END_RESP_START
297 1 2930752496 RESP_END
298 1 2932694112 STIM_START
298 1 2932701700 LICK
298 1 2933271852 LICK
298 1 2933504260 LICK
298 1 2934393360 LICK
298 1 2936219476 STIM_END_RESP_START
298 1 2937419492 RESP_END
299 0 2939219128 STIM_START
299 0 2941762612 LICK
299 0 2941898520 LICK
299 0 2942104108 LICK
299 0 2942744512 STIM_END_RESP_START
299 0 2943944528 RESP_END
300 1 2946171100 STIM_START
300 1 2946204652 LICK
300 1 2947836420 LICK
300 1 2948048720 LICK
300 1 2948321928 LICK
300 1 2948536412 LICK
300 1 2949696480 STIM_END_RESP_START
300 1 2949818184 LICK
300 1 2949818720 REWARD_START
300 1 2949993560 LICK
300 1 2950146516 LICK
300 1 2950577872 LICK
300 1 2950699680 LICK
300 1 2950864616 LICK
300 1 2950896520 RESP_END
300 1 2949831800 REWARD_END
301 0 2959014056 STIM_START
301 0 2960851524 LICK
301 0 2962208380 LICK
301 0 2963039480 STIM_END_RESP_START
301 0 2964239496 RESP_END
302 0 2966317172 STIM_START
302 0 2966621872 LICK
302 0 2968654796 LICK
302 0 2969842560 STIM_END_RESP_START
302 0 2971031812 LICK
302 0 2971032348 TIMEOUT_START
302 0 2971042608 RESP_END
302 0 2978032916 TIMEOUT_END
303 0 2980202252 STIM_START
303 0 2980509696 LICK
303 0 2981331180 LICK
303 0 2981707288 LICK
303 0 2982021920 LICK
303 0 2983704112 LICK
303 0 2983977644 STIM_END_RESP_START
303 0 2985177660 RESP_END
304 1 2990201712 STIM_START
304 1 2993727076 STIM_END_RESP_START
304 1 2994927108 RESP_END
305 0 2997811848 STIM_START
305 0 3001087208 STIM_END_RESP_START
305 0 3002287224 RESP_END
306 0 3004430836 STIM_START
306 0 3004543296 LICK
306 0 3005681332 LICK
306 0 3007320956 LICK
306 0 3008206260 STIM_END_RESP_START
306 0 3009406272 RESP_END
307 1 3011234856 STIM_START
307 1 3014510212 STIM_END_RESP_START
307 1 3015710228 RESP_END
308 1 3017547788 STIM_START
308 1 3021073152 STIM_END_RESP_START
308 1 3022273168 RESP_END
309 1 3024616872 STIM_START
309 1 3028142240 STIM_END_RESP_START
309 1 3029342256 RESP_END
310 0 3031185836 STIM_START
310 0 3031859296 LICK
310 0 3032053204 LICK
310 0 3034711204 STIM_END_RESP_START
310 0 3034872228 LICK
310 0 3034872764 TIMEOUT_START
310 0 3035243604 LICK
310 0 3035244136 TIMEOUT_START
310 0 3035911248 RESP_END
310 0 3042244696 TIMEOUT_END
311 0 3044080732 STIM_START
311 0 3045296680 LICK
311 0 3045957940 LICK
311 0 3046200704 LICK
311 0 3046560480 LICK
311 0 3047064644 LICK
311 0 3047356064 STIM_END_RESP_START
311 0 3048556080 RESP_END
312 1 3050305720 STIM_START
312 1 3050582388 LICK
312 1 3051212588 LICK
312 1 3052148792 LICK
312 1 3053581064 STIM_END_RESP_START
312 1 3053734108 LICK
312 1 3053734644 REWARD_START
312 1 3054005544 LICK
312 1 3054203484 LICK
312 1 3054308268 LICK
312 1 3054443612 LICK
312 1 3054546928 LICK
312 1 3054701044 LICK
312 1 3054781104 RESP_END
312 1 3053747724 REWARD_END
313 1 3057837820 STIM_START
313 1 3057925400 LICK
313 1 3061113168 STIM_END_RESP_START
313 1 3062313188 RESP_END
314 0 3064281792 STIM_START
314 0 3067557152 STIM_END_RESP_START
314 0 3068757168 RESP_END
315 0 3073156108 STIM_START
315 0 3073233080 LICK
315 0 3074325288 LICK
315 0 3074722448 LICK
315 0 3074911636 LICK
315 0 3077181540 STIM_END_RESP_START
315 0 3078381592 RESP_END
316 1 3080331180 STIM_START
316 1 3081292472 LICK
316 1 3081540112 LICK
316 1 3081914112 LICK
316 1 3082519688 LICK
316 1 3082919488 LICK
316 1 3083166892 LICK
316 1 3083434748 LICK
316 1 3084106568 STIM_END_RESP_START
316 1 3084891972 LICK
316 1 3084892512 REWARD_START
316 1 3085137672 LICK
316 1 3085306584 RESP_END
316 1 3084905572 REWARD_END
317 0 3088149336 STIM_START
317 0 3089488400 LICK
317 0 3091924724 STIM_END_RESP_START
317 0 3093124744 RESP_END
318 1 3094850360 STIM_START
318 1 3095803564 LICK
318 1 3098125700 STIM_END_RESP_START
318 1 3099325716 RESP_END
319 0 3101148256 STIM_START
319 0 3105173676 STIM_END_RESP_START
319 0 3105970348 LICK
319 0 3105970880 TIMEOUT_START
319 0 3106373720 RESP_END
319 0 3112971440 TIMEOUT_END
320 0 3114705304 STIM_START
320 0 3117849756 LICK
320 0 3117980644 STIM_END_RESP_START
320 0 3118603640 LICK
320 0 3118604172 TIMEOUT_START
320 0 3119140232 LICK
320 0 3119140768 TIMEOUT_START
320 0 3119180676 RESP_END
320 0 3126141328 TIMEOUT_END
321 0 3128114320 STIM_START
321 0 3131639684 STIM_END_RESP_START
321 0 3132839704 RESP_END
322 1 3134686288 STIM_START
322 1 3134924360 LICK
322 1 3135140244 LICK
322 1 3138211664 STIM_END_RESP_START
322 1 3139411680 RESP_END
323 0 3141215272 STIM_START
323 0 3144990680 STIM_END_RESP_START
323 0 3146190700 RESP_END
324 0 3148108308 STIM_START
324 0 3152133728 STIM_END_RESP_START
324 0 3153333744 RESP_END
325 1 3155275372 STIM_START
325 1 3158800740 STIM_END_RESP_START
325 1 3159571196 LICK
325 1 3159571740 REWARD_START
325 1 3160000760 RESP_END
325 1 3159584820 REWARD_END
326 1 3162818448 STIM_START
326 1 3166093812 STIM_END_RESP_START
326 1 3167293828 RESP_END
327 0 3169381560 STIM_START
327 0 3169703432 LICK
327 0 3169996056 LICK
327 0 3171511832 LICK
327 0 3171708576 LICK
327 0 3173156976 STIM_END_RESP_START
327 0 3174357032 RESP_END
328 1 3176415488 STIM_START
328 1 3178590892 LICK
328 1 3179076140 LICK
328 1 3179940868 STIM_END_RESP_START
328 1 3181140880 RESP_END
329 0 3183075472 STIM_START
329 0 3183537984 LICK
329 0 3187100908 STIM_END_RESP_START
329 0 3188300924 RESP_END
330 0 3190493632 STIM_START
330 0 3190833324 LICK
330 0 3191079524 LICK
330 0 3191486040 LICK
330 0 3191788176 LICK
330 0 3192602196 LICK
330 0 3192867892 LICK
330 0 3193768980 STIM_END_RESP_START
330 0 3194968988 RESP_END
331 1 3196759580 STIM_START
331 1 3200376120 LICK
331 1 3200785016 STIM_END_RESP_START
331 1 3201985064 RESP_END
332 0 3203999596 STIM_START
332 0 3204367744 LICK
332 0 3207524964 STIM_END_RESP_START
332 0 3208724980 RESP_END
333 1 3210550644 STIM_START
333 1 3210797704 LICK
333 1 3210931908 LICK
333 1 3211151180 LICK
333 1 3211400944 LICK
333 1 3214076004 STIM_END_RESP_START
333 1 3215276056 RESP_END
334 1 3217203640 STIM_START
334 1 3217425944 LICK
334 1 3217597048 LICK
334 1 3217959344 LICK
334 1 3218153368 LICK
334 1 3218523000 LICK
334 1 3218746488 LICK
334 1 3220979044 STIM_END_RESP_START
334 1 3221249988 LICK
334 1 3221250524 REWARD_START
334 1 3221443072 LICK
334 1 3221524464 LICK
334 1 3222116776 LICK
334 1 3222179056 RESP_END
334 1 3221263588 REWARD_END
335 0 3224729736 STIM_START
335 0 3224737316 LICK
335 0 3224874500 LICK
335 0 3225032908 LICK
335 0 3225248284 LICK
335 0 3228005068 STIM_END_RESP_START
335 0 3229205084 RESP_END
336 1 3231046672 STIM_START
336 1 3231823072 LICK
336 1 3234321996 STIM_END_RESP_START
336 1 3235522016 RESP_END
337 0 3237695664 STIM_START
337 0 3239969616 LICK
337 0 3240190084 LICK
337 0 3240333056 LICK
337 0 3240552948 LICK
337 0 3240783840 LICK
337 0 3241721088 STIM_END_RESP_START
337 0 3242921104 RESP_END
338 0 3244645724 STIM_START
338 0 3244842408 LICK
338 0 3247921064 STIM_END_RESP_START
338 0 3249121080 RESP_END
339 0 3251194708 STIM_START
339 0 3251457400 LICK
339 0 3251603408 LICK
339 0 3251785592 LICK
339 0 3254720084 STIM_END_RESP_START
339 0 3255417440 LICK
339 0 3255417984 TIMEOUT_START
339 0 3255678188 LICK
339 0 3255678720 TIMEOUT_START
339 0 3255846064 LICK
339 0 3255846596 TIMEOUT_START
339 0 3255920120 RESP_END
339 0 3262847160 TIMEOUT_END
340 1 3265021744 STIM_START
340 1 3268797160 STIM_END_RESP_START
340 1 3269638776 LICK
340 1 3269639316 REWARD_START
340 1 3269819660 LICK
340 1 3269997180 RESP_END
340 1 3269652392 REWARD_END
341 0 3278971808 STIM_START
341 0 3279465944 LICK
341 0 3279689376 LICK
341 0 3281331176 LICK
341 0 3281546212 LICK
341 0 3281743288 LICK
341 0 3282497168 STIM_END_RESP_START
341 0 3282585660 LICK
341 0 3282586188 TIMEOUT_START
341 0 3282772164 LICK
341 0 3282772696 TIMEOUT_START
341 0 3283180640 LICK
341 0 3283181172 TIMEOUT_START
341 0 3283697200 RESP_END
341 0 3290181740 TIMEOUT_END
342 0 3295233204 STIM_START
342 0 3296506804 LICK
342 0 3297238156 LICK
342 0 3297669580 LICK
342 0 3298478492 LICK
342 0 3298508540 STIM_END_RESP_START
342 0 3299383568 LICK
342 0 3299384100 TIMEOUT_START
342 0 3299708560 RESP_END
342 0 3306384656 TIMEOUT_END
343 1 3308436184 STIM_START
343 1 3308465504 LICK
343 1 3308644120 LICK
343 1 3308780576 LICK
343 1 3309156844 LICK
343 1 3309456368 LICK
343 1 3309899616 LICK
343 1 3310094704 LICK
343 1 3310303308 LICK
343 1 3310978636 LICK
343 1 3311961548 STIM_END_RESP_START
343 1 3312521672 LICK
343 1 3312522204 REWARD_START
343 1 3313161596 RESP_END
343 1 3312535284 REWARD_END
344 1 3334626072 STIM_START
344 1 3338651500 STIM_END_RESP_START
344 1 3338709740 LICK
344 1 3338710280 REWARD_START
344 1 3338858664 LICK
344 1 3339396136 LICK
344 1 3339547164 LICK
344 1 3339621316 LICK
344 1 3339770392 LICK
344 1 3339851516 RESP_END
344 1 3338723360 REWARD_END
345 0 3344044432 STIM_START
345 0 3344210820 LICK
345 0 3344389684 LICK
345 0 3344635332 LICK
345 0 3344863308 LICK
345 0 3345048412 LICK
345 0 3345520112 LICK
345 0 3346383132 LICK
345 0 3346579376 LICK
345 0 3347319776 STIM_END_RESP_START
345 0 3348519792 RESP_END
346 0 3351401512 STIM_START
346 0 3351461996 LICK
346 0 3354926888 STIM_END_RESP_START
346 0 3356121844 LICK
346 0 3356122380 TIMEOUT_START
346 0 3356126908 RESP_END
346 0 3363122944 TIMEOUT_END
347 1 3365005548 STIM_START
347 1 3369030972 STIM_END_RESP_START
347 1 3369560768 LICK
347 1 3369561304 REWARD_START
347 1 3369739592 LICK
347 1 3369844560 LICK
347 1 3369945032 LICK
347 1 3370070860 LICK
347 1 3370152428 LICK
347 1 3370230992 RESP_END
347 1 3369574376 REWARD_END
348 0 3382113148 STIM_START
348 0 3385582516 LICK
348 0 3385888552 STIM_END_RESP_START
348 0 3387088564 RESP_END
349 0 3388872164 STIM_START
349 0 3392397528 STIM_END_RESP_START
349 0 3392717596 LICK
349 0 3392718132 TIMEOUT_START
349 0 3392982008 LICK
349 0 3392982544 TIMEOUT_START
349 0 3393597552 RESP_END
349 0 3399983112 TIMEOUT_END
350 0 3401885068 STIM_START
350 0 3402889480 LICK
350 0 3403570072 LICK
350 0 3404151900 LICK
350 0 3404324884 LICK
350 0 3405910496 STIM_END_RESP_START
350 0 3406963452 LICK
350 0 3406963992 TIMEOUT_START
350 0 3407110540 RESP_END
350 0 3413964556 TIMEOUT_END
351 1 3415924140 STIM_START
351 1 3419157796 LICK
351 1 3419199504 STIM_END_RESP_START
351 1 3419613920 LICK
351 1 3419614460 REWARD_START
351 1 3419809024 LICK
351 1 3419920972 LICK
351 1 3420227008 LICK
351 1 3420342496 LICK
351 1 3420399512 RESP_END
351 1 3419627540 REWARD_END
352 0 3425659580 STIM_START
352 0 3426869040 LICK
352 0 3429685004 STIM_END_RESP_START
352 0 3430091276 LICK
352 0 3430091816 TIMEOUT_START
352 0 3430885040 RESP_END
352 0 3437092376 TIMEOUT_END
353 1 3441789012 STIM_START
353 1 3444620760 LICK
353 1 3445564432 STIM_END_RESP_START
353 1 3446260176 LICK
353 1 3446260708 REWARD_START
353 1 3446494592 LICK
353 1 3446764448 RESP_END
353 1 3446273788 REWARD_END
354 1 3449309152 STIM_START
354 1 3449365372 LICK
354 1 3452029848 LICK
354 1 3452834528 STIM_END_RESP_START
354 1 3454034544 RESP_END
355 0 3456560216 STIM_START
355 0 3458270116 LICK
355 0 3458426348 LICK
355 0 3460335608 STIM_END_RESP_START
355 0 3461180576 LICK
355 0 3461181104 TIMEOUT_START
355 0 3461535652 RESP_END
355 0 3468181664 TIMEOUT_END
356 0 3471162416 STIM_START
356 0 3471419684 LICK
356 0 3475187836 STIM_END_RESP_START
356 0 3476387856 RESP_END
357 1 3478608508 STIM_START
357 1 3482633928 STIM_END_RESP_START
357 1 3483833944 RESP_END
358 0 3485976616 STIM_START
358 0 3489501976 STIM_END_RESP_START
358 0 3490701996 RESP_END
359 0 3492656616 STIM_START
359 0 3496682036 STIM_END_RESP_START
359 0 3497882052 RESP_END
360 0 3499702672 STIM_START
360 0 3503478084 STIM_END_RESP_START
360 0 3504678100 RESP_END
361 1 3506651656 STIM_START
361 1 3510677076 STIM_END_RESP_START
361 1 3511877092 RESP_END
362 1 3514023800 STIM_START
362 1 3517549168 STIM_END_RESP_START
362 1 3518749188 RESP_END
363 1 3520755760 STIM_START
363 1 3524031112 STIM_END_RESP_START
363 1 3525231128 RESP_END
364 0 3527000728 STIM_START
364 0 3527506424 LICK
364 0 3527623676 LICK
364 0 3527954880 LICK
364 0 3528176020 LICK
364 0 3530276064 STIM_END_RESP_START
364 0 3531476080 RESP_END
365 1 3534557876 STIM_START
365 1 3538083244 STIM_END_RESP_START
365 1 3539283260 RESP_END
366 1 3541124860 STIM_START
366 1 3545150280 STIM_END_RESP_START
366 1 3545660012 LICK
366 1 3545660548 REWARD_START
366 1 3545824972 LICK
366 1 3546255900 LICK
366 1 3546350292 RESP_END
366 1 3545673620 REWARD_END
367 1 3549604116 STIM_START
367 1 3551099384 LICK
367 1 3551299448 LICK
367 1 3553379516 STIM_END_RESP_START
367 1 3554579536 RESP_END
368 0 3556517188 STIM_START
368 0 3556751220 LICK
368 0 3556962768 LICK
368 0 3557234796 LICK
368 0 3557475972 LICK
368 0 3557723388 LICK
368 0 3558632168 LICK
368 0 3558801584 LICK
368 0 3560542628 STIM_END_RESP_START
368 0 3561742644 RESP_END
369 1 3563893240 STIM_START
369 1 3564062632 LICK
369 1 3565797136 LICK
369 1 3566038824 LICK
369 1 3566326616 LICK
369 1 3567918656 STIM_END_RESP_START
369 1 3569118672 RESP_END
370 0 3572782600 STIM_START
370 0 3573876092 LICK
370 0 3576557992 STIM_END_RESP_START
370 0 3577758012 RESP_END
371 0 3579883592 STIM_START
371 0 3581365656 LICK
371 0 3583408948 STIM_END_RESP_START
371 0 3584608968 RESP_END
372 0 3590702272 STIM_START
372 0 3594477684 STIM_END_RESP_START
372 0 3595677740 RESP_END
373 1 3597710308 STIM_START
373 1 3600985668 STIM_END_RESP_START
373 1 3602185688 RESP_END
374 1 3604365308 STIM_START
374 1 3607890676 STIM_END_RESP_START
374 1 3609090692 RESP_END
375 1 3610913232 STIM_START
375 1 3611277084 LICK
375 1 3611650028 LICK
375 1 3611956008 LICK
375 1 3612251764 LICK
375 1 3612843368 LICK
375 1 3613250524 LICK
375 1 3613582988 LICK
375 1 3613751116 LICK
375 1 3614105356 LICK
375 1 3614688612 STIM_END_RESP_START
375 1 3615888628 RESP_END
376 0 3617923340 STIM_START
376 0 3621198692 STIM_END_RESP_START
376 0 3622398708 RESP_END
377 0 3624346280 STIM_START
377 0 3624838356 LICK
377 0 3625023820 LICK
377 0 3627621644 STIM_END_RESP_START
377 0 3628821660 RESP_END
378 1 3630799224 STIM_START
378 1 3631195452 LICK
378 1 3631442868 LICK
378 1 3631743036 LICK
378 1 3634824660 STIM_END_RESP_START
378 1 3636024680 RESP_END
379 1 3638219340 STIM_START
379 1 3641494700 STIM_END_RESP_START
379 1 3642694716 RESP_END
380 1 3644581328 STIM_START
380 1 3648356740 STIM_END_RESP_START
380 1 3649556756 RESP_END
381 0 3651331304 STIM_START
381 0 3655356724 STIM_END_RESP_START
381 0 3656556740 RESP_END
382 1 3658685432 STIM_START
382 1 3661960792 STIM_END_RESP_START
382 1 3663160808 RESP_END
383 1 3665236400 STIM_START
383 1 3669261820 STIM_END_RESP_START
383 1 3670461840 RESP_END
384 0 3672363476 STIM_START
384 0 3676138888 STIM_END_RESP_START
384 0 3677338908 RESP_END
385 0 3679163484 STIM_START
385 0 3682938896 STIM_END_RESP_START
385 0 3684138908 RESP_END
386 1 3686361564 STIM_START
386 1 3690386988 STIM_END_RESP_START
386 1 3691587004 RESP_END
USER_EXIT