001 0 0005670856 STIM_START
001 0 0005678304 LICK
001 0 0005816592 LICK
001 0 0006670972 STIM_END_RESP_START
001 0 0007871012 RESP_END
002 0 0013506992 STIM_START
002 0 0013514476 LICK
002 0 0013658856 LICK
002 0 0013841512 LICK
002 0 0014507116 STIM_END_RESP_START
002 0 0015349300 LICK
002 0 0015349736 TIMEOUT_START
002 0 0015428056 LICK
002 0 0015428492 TIMEOUT_START
002 0 0015707132 RESP_END
002 0 0022428948 TIMEOUT_END
003 0 0024426632 STIM_START
003 0 0024872988 LICK
003 0 0025426776 STIM_END_RESP_START
003 0 0026626796 RESP_END
004 1 0028813344 STIM_START
004 1 0029701192 LICK
004 1 0029813476 STIM_END_RESP_START
004 1 0030133892 LICK
004 1 0030134336 REWARD_START
004 1 0030312192 LICK
004 1 0030480408 LICK
004 1 0030687016 LICK
004 1 0031013500 RESP_END
004 1 0030154812 REWARD_END
005 0 0032980976 STIM_START
005 0 0033105980 LICK
005 0 0033744796 LICK
005 0 0033981112 STIM_END_RESP_START
005 0 0035181132 RESP_END
006 1 0037070576 STIM_START
006 1 0037392180 LICK
006 1 0037545668 LICK
006 1 0038070704 STIM_END_RESP_START
006 1 0038246904 LICK
006 1 0038247340 REWARD_START
006 1 0038395680 LICK
006 1 0038575132 LICK
006 1 0039270728 RESP_END
006 1 0038267812 REWARD_END
007 1 0041343228 STIM_START
007 1 0042343344 STIM_END_RESP_START
007 1 0043543364 RESP_END
008 0 0045434856 STIM_START
008 0 0046014816 LICK
008 0 0046434964 STIM_END_RESP_START
008 0 0047634984 RESP_END
009 0 0049767496 STIM_START
009 0 0050767612 STIM_END_RESP_START
009 0 0051967636 RESP_END
010 1 0054146200 STIM_START
010 1 0055146316 STIM_END_RESP_START
010 1 0056346336 RESP_END
011 0 0058421848 STIM_START
011 0 0059421972 STIM_END_RESP_START
011 0 0060621992 RESP_END
012 0 0062491456 STIM_START
012 0 0063491580 STIM_END_RESP_START
012 0 0064691600 RESP_END
013 1 0067551256 STIM_START
013 1 0068551372 STIM_END_RESP_START
013 1 0069751396 RESP_END
014 0 0071693848 STIM_START
014 0 0072151076 LICK
014 0 0072372976 LICK
014 0 0072544096 LICK
014 0 0072693964 STIM_END_RESP_START
014 0 0072719172 LICK
014 0 0072719616 TIMEOUT_START
014 0 0073893992 RESP_END
014 0 0079720068 TIMEOUT_END
015 0 0081839392 STIM_START
015 0 0082692472 LICK
015 0 0082839512 STIM_END_RESP_START
015 0 0082911136 LICK
015 0 0082911580 TIMEOUT_START
015 0 0083093200 LICK
015 0 0083093644 TIMEOUT_START
015 0 0083283656 LICK
015 0 0083284096 TIMEOUT_START
015 0 0084039540 RESP_END
015 0 0090284556 TIMEOUT_END
016 1 0092518028 STIM_START
016 1 0093064452 LICK
016 1 0093224332 LICK
016 1 0093518164 STIM_END_RESP_START
016 1 0094718188 RESP_END
017 1 0096589640 STIM_START
017 1 0097253200 LICK
017 1 0097589772 STIM_END_RESP_START
017 1 0098789792 RESP_END
018 1 0100831268 STIM_START
018 1 0101380592 LICK
018 1 0101625052 LICK
018 1 0101831396 STIM_END_RESP_START
018 1 0102203964 LICK
018 1 0102204456 REWARD_START
018 1 0102364916 LICK
018 1 0103031436 RESP_END
018 1 0102224976 REWARD_END
019 0 0105200964 STIM_START
019 0 0105626776 LICK
019 0 0106013768 LICK
019 0 0106157128 LICK
019 0 0106201068 STIM_END_RESP_START
019 0 0106336212 LICK
019 0 0106336700 TIMEOUT_START
019 0 0106501172 LICK
019 0 0106501652 TIMEOUT_START
019 0 0106657476 LICK
019 0 0106657964 TIMEOUT_START
019 0 0107401088 RESP_END
019 0 0113658464 TIMEOUT_END
020 0 0115420524 STIM_START
020 0 0115623324 LICK
020 0 0115843924 LICK
020 0 0116420656 STIM_END_RESP_START
020 0 0117620688 RESP_END
021 1 0120276212 STIM_START
021 1 0120283744 LICK
021 1 0120350464 LICK
021 1 0120522172 LICK
021 1 0121142428 LICK
021 1 0121276340 STIM_END_RESP_START
021 1 0121360824 LICK
021 1 0121361308 REWARD_START
021 1 0121731148 LICK
021 1 0121909484 LICK
021 1 0122476372 RESP_END
021 1 0121381828 REWARD_END
022 1 0124336832 STIM_START
022 1 0124769980 LICK
022 1 0125007232 LICK
022 1 0125189180 LICK
022 1 0125336968 STIM_END_RESP_START
022 1 0125380924 LICK
022 1 0125381408 REWARD_START
022 1 0125552180 LICK
022 1 0126537000 RESP_END
022 1 0125401928 REWARD_END
023 0 0128570472 STIM_START
023 0 0129570608 STIM_END_RESP_START
023 0 0130367268 LICK
023 0 0130367756 TIMEOUT_START
023 0 0130596112 LICK
023 0 0130596592 TIMEOUT_START
023 0 0130739172 LICK
023 0 0130739664 TIMEOUT_START
023 0 0130770656 RESP_END
023 0 0137740172 TIMEOUT_END
024 1 0140886340 STIM_START
024 1 0141101556 LICK
024 1 0141257632 LICK
024 1 0141472740 LICK
024 1 0141821824 LICK
024 1 0141886452 STIM_END_RESP_START
024 1 0142221524 LICK
024 1 0142222008 REWARD_START
024 1 0142382300 LICK
024 1 0142550656 LICK
024 1 0142746984 LICK
024 1 0142893980 LICK
024 1 0143086500 RESP_END
024 1 0142242528 REWARD_END
025 1 0148470480 STIM_START
025 1 0148700844 LICK
025 1 0148865892 LICK
025 1 0149318340 LICK
025 1 0149470620 STIM_END_RESP_START
025 1 0149517620 LICK
025 1 0149518104 REWARD_START
025 1 0149727052 LICK
025 1 0149908868 LICK
025 1 0150089904 LICK
025 1 0150266932 LICK
025 1 0150494368 LICK
025 1 0150670652 RESP_END
025 1 0149538620 REWARD_END
026 0 0152813144 STIM_START
026 0 0153249896 LICK
026 0 0153813272 STIM_END_RESP_START
026 0 0154302780 LICK
026 0 0154303268 TIMEOUT_START
026 0 0154518496 LICK
026 0 0154518984 TIMEOUT_START
026 0 0155013320 RESP_END
026 0 0161519480 TIMEOUT_END
027 1 0164613932 STIM_START
027 1 0165064340 LICK
027 1 0165276580 LICK
027 1 0165448788 LICK
027 1 0165614072 STIM_END_RESP_START
027 1 0165881888 LICK
027 1 0165882372 REWARD_START
027 1 0166085772 LICK
027 1 0166270704 LICK
027 1 0166478488 LICK
027 1 0166814100 RESP_END
027 1 0165902892 REWARD_END
028 0 0168996596 STIM_START
028 0 0169260456 LICK
028 0 0169430400 LICK
028 0 0169840484 LICK
028 0 0169996736 STIM_END_RESP_START
028 0 0170024216 LICK
028 0 0170024700 TIMEOUT_START
028 0 0171196760 RESP_END
028 0 0177025204 TIMEOUT_END
029 0 0180310308 STIM_START
029 0 0180478216 LICK
029 0 0180635808 LICK
029 0 0180814012 LICK
029 0 0181310428 STIM_END_RESP_START
029 0 0181721128 LICK
029 0 0181721612 TIMEOUT_START
029 0 0182510444 RESP_END
029 0 0188722104 TIMEOUT_END
030 0 0190515852 STIM_START
030 0 0190552044 LICK
030 0 0190619732 LICK
030 0 0190758804 LICK
030 0 0191515980 STIM_END_RESP_START
030 0 0192716020 RESP_END
031 1 0196990856 STIM_START
031 1 0197722760 LICK
031 1 0197941992 LICK
031 1 0197990992 STIM_END_RESP_START
031 1 0198121628 LICK
031 1 0198122112 REWARD_START
031 1 0198310136 LICK
031 1 0198486716 LICK
031 1 0198679428 LICK
031 1 0198895580 LICK
031 1 0199191028 RESP_END
031 1 0198142632 REWARD_END
032 0 0201516532 STIM_START
032 0 0201733976 LICK
032 0 0201894456 LICK
032 0 0202283688 LICK
032 0 0202486068 LICK
032 0 0202516636 STIM_END_RESP_START
032 0 0202627148 LICK
032 0 0202627632 TIMEOUT_START
032 0 0202793644 LICK
032 0 0202794132 TIMEOUT_START
032 0 0202978168 LICK
032 0 0202978660 TIMEOUT_START
032 0 0203716660 RESP_END
032 0 0209979160 TIMEOUT_END
033 1 0217420916 STIM_START
033 1 0217720032 LICK
033 1 0217851308 LICK
033 1 0218043464 LICK
033 1 0218421036 STIM_END_RESP_START
033 1 0218518688 LICK
033 1 0218519172 REWARD_START
033 1 0218694156 LICK
033 1 0218854712 LICK
033 1 0219045728 LICK
033 1 0219240444 LICK
033 1 0219407136 LICK
033 1 0219603140 LICK
033 1 0219621088 RESP_END
033 1 0218539692 REWARD_END
034 0 0223248800 STIM_START
034 0 0223701320 LICK
034 0 0223905828 LICK
034 0 0224077024 LICK
034 0 0224248920 STIM_END_RESP_START
034 0 0224278436 LICK
034 0 0224278928 TIMEOUT_START
034 0 0225448956 RESP_END
034 0 0231279420 TIMEOUT_END
035 0 0233116296 STIM_START
035 0 0233573296 LICK
035 0 0233800328 LICK
035 0 0234116412 STIM_END_RESP_START
035 0 0234233472 LICK
035 0 0234233964 TIMEOUT_START
035 0 0234433528 LICK
035 0 0234434016 TIMEOUT_START
035 0 0234612492 LICK
035 0 0234612980 TIMEOUT_START
035 0 0234815368 LICK
035 0 0234815860 TIMEOUT_START
035 0 0235000116 LICK
035 0 0235000604 TIMEOUT_START
035 0 0235316456 RESP_END
035 0 0242001108 TIMEOUT_END
036 1 0243845920 STIM_START
036 1 0244327592 LICK
036 1 0244496972 LICK
036 1 0244846044 STIM_END_RESP_START
036 1 0244904776 LICK
036 1 0244905268 REWARD_START
036 1 0245100592 LICK
036 1 0245260224 LICK
036 1 0245471872 LICK
036 1 0245669928 LICK
036 1 0246046064 RESP_END
036 1 0244925788 REWARD_END
037 0 0254942592 STIM_START
037 0 0255251544 LICK
037 0 0255942704 STIM_END_RESP_START
037 0 0256270744 LICK
037 0 0256271228 TIMEOUT_START
037 0 0257142740 RESP_END
037 0 0263271732 TIMEOUT_END
038 1 0266020260 STIM_START
038 1 0266194804 LICK
038 1 0267020396 STIM_END_RESP_START
038 1 0268220436 RESP_END
039 0 0272502256 STIM_START
039 0 0273282932 LICK
039 0 0273502388 STIM_END_RESP_START
039 0 0274702428 RESP_END
040 1 0276930900 STIM_START
040 1 0277623712 LICK
040 1 0277931040 STIM_END_RESP_START
040 1 0279131072 RESP_END
041 0 0281337560 STIM_START
041 0 0281345104 LICK
041 0 0281518832 LICK
041 0 0282337668 STIM_END_RESP_START
041 0 0283332244 LICK
041 0 0283332732 TIMEOUT_START
041 0 0283501520 LICK
041 0 0283502012 TIMEOUT_START
041 0 0283537700 RESP_END
041 0 0290502516 TIMEOUT_END
042 0 0292494236 STIM_START
042 0 0292974832 LICK
042 0 0293494352 STIM_END_RESP_START
042 0 0294694392 RESP_END
043 0 0297643048 STIM_START
043 0 0297764544 LICK
043 0 0298643176 STIM_END_RESP_START
043 0 0299843212 RESP_END
044 1 0302143720 STIM_START
044 1 0303143816 STIM_END_RESP_START
044 1 0304343856 RESP_END
045 1 0306220320 STIM_START
045 1 0306509564 LICK
045 1 0307220424 STIM_END_RESP_START
045 1 0308420464 RESP_END
046 1 0310451968 STIM_START
046 1 0310564792 LICK
046 1 0311452080 STIM_END_RESP_START
046 1 0311517400 LICK
046 1 0311517888 REWARD_START
046 1 0311715972 LICK
046 1 0311865172 LICK
046 1 0312652096 RESP_END
046 1 0311538408 REWARD_END
047 0 0314574588 STIM_START
047 0 0315172596 LICK
047 0 0315574716 STIM_END_RESP_START
047 0 0316774756 RESP_END
048 0 0318886236 STIM_START
048 0 0319169628 LICK
048 0 0319372816 LICK
048 0 0319886360 STIM_END_RESP_START
048 0 0321086396 RESP_END
049 1 0322868840 STIM_START
049 1 0323525596 LICK
049 1 0323868976 STIM_END_RESP_START
049 1 0324412020 LICK
049 1 0324412512 REWARD_START
049 1 0325069020 RESP_END
049 1 0324433032 REWARD_END
050 0 0326950468 STIM_START
050 0 0327950572 STIM_END_RESP_START
050 0 0327984000 LICK
050 0 0327984488 TIMEOUT_START
050 0 0328115676 LICK
050 0 0328116160 TIMEOUT_START
050 0 0328267604 LICK
050 0 0328268092 TIMEOUT_START
050 0 0329146188 LICK
050 0 0329146676 TIMEOUT_START
050 0 0329150584 RESP_END
050 0 0336147172 TIMEOUT_END
051 0 0346353348 STIM_START
051 0 0346599392 LICK
051 0 0346810712 LICK
051 0 0347353468 STIM_END_RESP_START
051 0 0348553504 RESP_END
052 0 0350353956 STIM_START
052 0 0350402960 LICK
052 0 0351354068 STIM_END_RESP_START
052 0 0352554108 RESP_END
053 1 0357158984 STIM_START
053 1 0357585460 LICK
053 1 0357734004 LICK
053 1 0358159112 STIM_END_RESP_START
053 1 0358440472 LICK
053 1 0358440956 REWARD_START
053 1 0358656032 LICK
053 1 0359359156 RESP_END
053 1 0358461480 REWARD_END
054 0 0363664960 STIM_START
054 0 0364665104 STIM_END_RESP_START
054 0 0365865140 RESP_END
055 1 0369487860 STIM_START
055 1 0369820956 LICK
055 1 0370004384 LICK
055 1 0370487980 STIM_END_RESP_START
055 1 0370688964 LICK
055 1 0370689452 REWARD_START
055 1 0370905480 LICK
055 1 0371688024 RESP_END
055 1 0370709972 REWARD_END
056 1 0373729476 STIM_START
056 1 0373844316 LICK
056 1 0374535800 LICK
056 1 0374729596 STIM_END_RESP_START
056 1 0375929636 RESP_END
057 1 0377945132 STIM_START
057 1 0378273700 LICK
057 1 0378945252 STIM_END_RESP_START
057 1 0380145288 RESP_END
058 0 0382381804 STIM_START
058 0 0382760140 LICK
058 0 0383003564 LICK
058 0 0383381912 STIM_END_RESP_START
058 0 0383836676 LICK
058 0 0383837160 TIMEOUT_START
058 0 0384008244 LICK
058 0 0384008724 TIMEOUT_START
058 0 0384237604 LICK
058 0 0384238084 TIMEOUT_START
058 0 0384581956 RESP_END
058 0 0391238596 TIMEOUT_END
059 0 0393303432 STIM_START
059 0 0394303536 STIM_END_RESP_START
059 0 0395503568 RESP_END
060 1 0397578072 STIM_START
060 1 0398013300 LICK
060 1 0398148208 LICK
060 1 0398481796 LICK
060 1 0398578204 STIM_END_RESP_START
060 1 0398626948 LICK
060 1 0398627432 REWARD_START
060 1 0398842720 LICK
060 1 0399421188 LICK
060 1 0399596080 LICK
060 1 0399778228 RESP_END
060 1 0398647952 REWARD_END
061 0 0402571836 STIM_START
061 0 0403420852 LICK
061 0 0403571964 STIM_END_RESP_START
061 0 0404743520 LICK
061 0 0404744008 TIMEOUT_START
061 0 0404771988 RESP_END
061 0 0411744504 TIMEOUT_END
062 0 0413653496 STIM_START
062 0 0413937508 LICK
062 0 0414653620 STIM_END_RESP_START
062 0 0415853656 RESP_END
063 0 0417932156 STIM_START
063 0 0418279312 LICK
063 0 0418475824 LICK
063 0 0418932288 STIM_END_RESP_START
063 0 0420132328 RESP_END
064 1 0422748860 STIM_START
064 1 0423209112 LICK
064 1 0423364244 LICK
064 1 0423748980 STIM_END_RESP_START
064 1 0424015132 LICK
064 1 0424015616 REWARD_START
064 1 0424191440 LICK
064 1 0424408384 LICK
064 1 0424642148 LICK
064 1 0424830236 LICK
064 1 0424949028 RESP_END
064 1 0424036136 REWARD_END
065 0 0427232540 STIM_START
065 0 0428095148 LICK
065 0 0428232648 STIM_END_RESP_START
065 0 0429432688 RESP_END
066 0 0431497200 STIM_START
066 0 0432497300 STIM_END_RESP_START
066 0 0433697340 RESP_END
067 1 0435657804 STIM_START
067 1 0436177296 LICK
067 1 0436354820 LICK
067 1 0436657924 STIM_END_RESP_START
067 1 0437857960 RESP_END
068 0 0440050488 STIM_START
068 0 0441050592 STIM_END_RESP_START
068 0 0442250628 RESP_END
069 0 0444346140 STIM_START
069 0 0445346284 STIM_END_RESP_START
069 0 0446546324 RESP_END
070 0 0448648776 STIM_START
070 0 0449648880 STIM_END_RESP_START
070 0 0450848916 RESP_END
071 1 0452779400 STIM_START
071 1 0453462196 LICK
071 1 0453540188 LICK
071 1 0453779520 STIM_END_RESP_START
071 1 0454979552 RESP_END
072 0 0456794000 STIM_START
072 0 0457794104 STIM_END_RESP_START
072 0 0458994140 RESP_END
073 1 0461071644 STIM_START
073 1 0462071780 STIM_END_RESP_START
073 1 0463271816 RESP_END
074 1 0465140252 STIM_START
074 1 0466140360 STIM_END_RESP_START
074 1 0467340396 RESP_END
075 1 0469255880 STIM_START
075 1 0470255984 STIM_END_RESP_START
075 1 0471456024 RESP_END
076 0 0473600568 STIM_START
076 0 0474600668 STIM_END_RESP_START
076 0 0475800708 RESP_END
077 1 0477620136 STIM_START
077 1 0478620240 STIM_END_RESP_START
077 1 0479820276 RESP_END
078 0 0481786760 STIM_START
078 0 0482786864 STIM_END_RESP_START
078 0 0482871088 LICK
078 0 0482871580 TIMEOUT_START
078 0 0483986908 RESP_END
078 0 0489872084 TIMEOUT_END
079 0 0491757272 STIM_START
079 0 0492757376 STIM_END_RESP_START
079 0 0493957416 RESP_END
080 1 0495936888 STIM_START
080 1 0496936992 STIM_END_RESP_START
080 1 0498137024 RESP_END
081 1 0500192552 STIM_START
081 1 0501192688 STIM_END_RESP_START
081 1 0502392728 RESP_END
082 0 0504246140 STIM_START
082 0 0505246244 STIM_END_RESP_START
082 0 0506446284 RESP_END
083 0 0508634804 STIM_START
083 0 0509634908 STIM_END_RESP_START
083 0 0510834948 RESP_END
084 0 0512652420 STIM_START
084 0 0513652556 STIM_END_RESP_START
084 0 0514852592 RESP_END
085 1 0516973056 STIM_START
085 1 0517973156 STIM_END_RESP_START
085 1 0519173196 RESP_END
086 0 0521175692 STIM_START
086 0 0522175796 STIM_END_RESP_START
086 0 0523375836 RESP_END
087 1 0525537368 STIM_START
087 1 0526279332 LICK
087 1 0526537488 STIM_END_RESP_START
087 1 0527737524 RESP_END
088 0 0529721972 STIM_START
088 0 0530722112 STIM_END_RESP_START
088 0 0531922152 RESP_END
089 0 0533833596 STIM_START
089 0 0534833736 STIM_END_RESP_START
089 0 0536033776 RESP_END
090 1 0538033224 STIM_START
090 1 0539033360 STIM_END_RESP_START
090 1 0540233396 RESP_END
091 1 0542171856 STIM_START
091 1 0543172000 STIM_END_RESP_START
091 1 0544372036 RESP_END
092 1 0546423484 STIM_START
092 1 0547423624 STIM_END_RESP_START
092 1 0548623664 RESP_END
093 0 0550789144 STIM_START
093 0 0551789280 STIM_END_RESP_START
093 0 0552989320 RESP_END
094 1 0555100808 STIM_START
094 1 0556100908 STIM_END_RESP_START
094 1 0557300948 RESP_END
095 0 0559564468 STIM_START
095 0 0560564572 STIM_END_RESP_START
095 0 0561764616 RESP_END
096 0 0563946128 STIM_START
096 0 0564946228 STIM_END_RESP_START
096 0 0566146268 RESP_END
097 1 0568248776 STIM_START
097 1 0569248884 STIM_END_RESP_START
097 1 0570448924 RESP_END
098 0 0572515420 STIM_START
098 0 0573515556 STIM_END_RESP_START
098 0 0574715596 RESP_END
099 1 0576864076 STIM_START
099 1 0577752876 LICK
099 1 0577864180 STIM_END_RESP_START
099 1 0577934376 LICK
099 1 0577934864 REWARD_START
099 1 0578009184 LICK
099 1 0578147164 LICK
099 1 0579064204 RESP_END
099 1 0577955380 REWARD_END
100 1 0580866676 STIM_START
100 1 0581866780 STIM_END_RESP_START
100 1 0583066820 RESP_END
101 0 0585311348 STIM_START
101 0 0586311484 STIM_END_RESP_START
101 0 0587511528 RESP_END
102 1 0589664992 STIM_START
102 1 0590665096 STIM_END_RESP_START
102 1 0591865136 RESP_END
103 1 0593860620 STIM_START
103 1 0594860756 STIM_END_RESP_START
103 1 0596060796 RESP_END
104 1 0598280284 STIM_START
104 1 0599280420 STIM_END_RESP_START
104 1 0600480460 RESP_END
105 0 0602296892 STIM_START
105 0 0603296996 STIM_END_RESP_START
105 0 0604497036 RESP_END
106 0 0606400512 STIM_START
106 0 0607400612 STIM_END_RESP_START
106 0 0608600656 RESP_END
107 1 0610547140 STIM_START
107 1 0611547248 STIM_END_RESP_START
107 1 0611716004 LICK
107 1 0611716496 REWARD_START
107 1 0611928868 LICK
107 1 0612124040 LICK
107 1 0612747292 RESP_END
107 1 0611737016 REWARD_END
108 0 0614720748 STIM_START
108 0 0615319440 LICK
108 0 0615402096 LICK
108 0 0615720884 STIM_END_RESP_START
108 0 0616920924 RESP_END
109 1 0618828372 STIM_START
109 1 0619341076 LICK
109 1 0619569476 LICK
109 1 0619828472 STIM_END_RESP_START
109 1 0620428952 LICK
109 1 0620429444 REWARD_START
109 1 0620651076 LICK
109 1 0621028516 RESP_END
109 1 0620449964 REWARD_END
110 1 0623203048 STIM_START
110 1 0623707008 LICK
110 1 0624203176 STIM_END_RESP_START
110 1 0625403216 RESP_END
111 1 0627193620 STIM_START
111 1 0628193764 STIM_END_RESP_START
111 1 0629393804 RESP_END
112 0 0631525288 STIM_START
112 0 0632053644 LICK
112 0 0632267636 LICK
112 0 0632525412 STIM_END_RESP_START
112 0 0632598352 LICK
112 0 0632598844 TIMEOUT_START
112 0 0632817048 LICK
112 0 0632817532 TIMEOUT_START
112 0 0633254216 LICK
112 0 0633254704 TIMEOUT_START
112 0 0633725448 RESP_END
112 0 0640255208 TIMEOUT_END
113 0 0642502932 STIM_START
113 0 0643503068 STIM_END_RESP_START
113 0 0644703108 RESP_END
114 0 0646827568 STIM_START
114 0 0647827708 STIM_END_RESP_START
114 0 0649027748 RESP_END
115 1 0651191260 STIM_START
115 1 0652191364 STIM_END_RESP_START
115 1 0653391404 RESP_END
116 0 0655459864 STIM_START
116 0 0656460004 STIM_END_RESP_START
116 0 0657660044 RESP_END
117 0 0659825536 STIM_START
117 0 0660825640 STIM_END_RESP_START
117 0 0662025680 RESP_END
118 0 0664238188 STIM_START
118 0 0665238324 STIM_END_RESP_START
118 0 0666438368 RESP_END
119 1 0668411808 STIM_START
119 1 0669411912 STIM_END_RESP_START
119 1 0670611956 RESP_END
120 0 0672517436 STIM_START
120 0 0673517576 STIM_END_RESP_START
120 0 0674717608 RESP_END
121 1 0676574036 STIM_START
121 1 0677574140 STIM_END_RESP_START
121 1 0678774180 RESP_END
122 1 0680921712 STIM_START
122 1 0681921852 STIM_END_RESP_START
122 1 0683121888 RESP_END
123 0 0684977304 STIM_START
123 0 0685977440 STIM_END_RESP_START
123 0 0687177480 RESP_END
124 1 0689038952 STIM_START
124 1 0690039052 STIM_END_RESP_START
124 1 0691239092 RESP_END
125 1 0693449600 STIM_START
125 1 0694449704 STIM_END_RESP_START
125 1 0695649744 RESP_END
126 1 0697778220 STIM_START
126 1 0698778356 STIM_END_RESP_START
126 1 0699978392 RESP_END
127 0 0702170904 STIM_START
127 0 0703171048 STIM_END_RESP_START
127 0 0704371088 RESP_END
128 0 0706226516 STIM_START
128 0 0707226616 STIM_END_RESP_START
128 0 0708426656 RESP_END
129 1 0710247096 STIM_START
129 1 0711247200 STIM_END_RESP_START
129 1 0712447240 RESP_END
130 1 0714571736 STIM_START
130 1 0715571840 STIM_END_RESP_START
130 1 0716771880 RESP_END
131 0 0718835380 STIM_START
131 0 0719835484 STIM_END_RESP_START
131 0 0721035528 RESP_END
132 0 0723012012 STIM_START
132 0 0724012116 STIM_END_RESP_START
132 0 0725212148 RESP_END
133 1 0727136628 STIM_START
133 1 0728136772 STIM_END_RESP_START
133 1 0729336804 RESP_END
134 0 0731196236 STIM_START
134 0 0732196344 STIM_END_RESP_START
134 0 0733396384 RESP_END
135 1 0735531932 STIM_START
135 1 0736532040 STIM_END_RESP_START
135 1 0737732080 RESP_END
136 1 0739708512 STIM_START
136 1 0740708652 STIM_END_RESP_START
136 1 0741908692 RESP_END
137 0 0743905140 STIM_START
137 0 0744905284 STIM_END_RESP_START
137 0 0746105324 RESP_END
138 0 0748053780 STIM_START
138 0 0749053916 STIM_END_RESP_START
138 0 0750253956 RESP_END
139 0 0752324420 STIM_START
139 0 0752374276 LICK
139 0 0752561204 LICK
139 0 0752882788 LICK
139 0 0753107216 LICK
139 0 0753324536 STIM_END_RESP_START
139 0 0753371648 LICK
139 0 0753372136 TIMEOUT_START
139 0 0754524568 RESP_END
139 0 0760372648 TIMEOUT_END
140 1 0762528940 STIM_START
140 1 0763097236 LICK
140 1 0763192300 LICK
140 1 0763320872 LICK
140 1 0763529060 STIM_END_RESP_START
140 1 0763923636 LICK
140 1 0763924124 REWARD_START
140 1 0764729096 RESP_END
140 1 0763944644 REWARD_END
141 0 0766540536 STIM_START
141 0 0767136280 LICK
141 0 0767363732 LICK
141 0 0767540660 STIM_END_RESP_START
141 0 0767899240 LICK
141 0 0767899732 TIMEOUT_START
141 0 0768103420 LICK
141 0 0768103908 TIMEOUT_START
141 0 0768740676 RESP_END
141 0 0775104412 TIMEOUT_END
142 0 0777303148 STIM_START
142 0 0778016936 LICK
142 0 0778205652 LICK
142 0 0778303280 STIM_END_RESP_START
142 0 0778842028 LICK
142 0 0778842520 TIMEOUT_START
142 0 0779017420 LICK
142 0 0779017908 TIMEOUT_START
142 0 0779503316 RESP_END
142 0 0786018416 TIMEOUT_END
143 0 0788164776 STIM_START
143 0 0789164876 STIM_END_RESP_START
143 0 0790364916 RESP_END
144 1 0792481444 STIM_START
144 1 0793481552 STIM_END_RESP_START
144 1 0794681592 RESP_END
145 1 0796682056 STIM_START
145 1 0797682160 STIM_END_RESP_START
145 1 0798882200 RESP_END
146 1 0801068716 STIM_START
146 1 0802068820 STIM_END_RESP_START
146 1 0803268860 RESP_END
147 0 0805278340 STIM_START
147 0 0806278448 STIM_END_RESP_START
147 0 0807478484 RESP_END
148 1 0809339948 STIM_START
148 1 0810340084 STIM_END_RESP_START
148 1 0811540128 RESP_END
149 1 0813351556 STIM_START
149 1 0814351700 STIM_END_RESP_START
149 1 0815551740 RESP_END
150 1 0817400164 STIM_START
150 1 0818400308 STIM_END_RESP_START
150 1 0819600340 RESP_END
151 0 0821616808 STIM_START
151 0 0822616944 STIM_END_RESP_START
151 0 0823816984 RESP_END
152 1 0825753416 STIM_START
152 1 0826753524 STIM_END_RESP_START
152 1 0827953560 RESP_END
153 0 0829823024 STIM_START
153 0 0830823164 STIM_END_RESP_START
153 0 0832023204 RESP_END
154 1 0834212684 STIM_START
154 1 0835212828 STIM_END_RESP_START
154 1 0836412864 RESP_END
155 1 0838243300 STIM_START
155 1 0839243408 STIM_END_RESP_START
155 1 0840443444 RESP_END
156 0 0842292916 STIM_START
156 0 0843293060 STIM_END_RESP_START
156 0 0844493096 RESP_END
157 1 0846621552 STIM_START
157 1 0847621692 STIM_END_RESP_START
157 1 0848821732 RESP_END
158 0 0850633172 STIM_START
158 0 0851633276 STIM_END_RESP_START
158 0 0852833320 RESP_END
159 1 0854692776 STIM_START
159 1 0855692880 STIM_END_RESP_START
159 1 0856892916 RESP_END
160 1 0858977416 STIM_START
160 1 0859977552 STIM_END_RESP_START
160 1 0861177592 RESP_END
161 0 0863266044 STIM_START
161 0 0864266180 STIM_END_RESP_START
161 0 0865466220 RESP_END
162 0 0867284652 STIM_START
162 0 0868284792 STIM_END_RESP_START
162 0 0869484836 RESP_END
163 0 0871695316 STIM_START
163 0 0872695456 STIM_END_RESP_START
163 0 0873895496 RESP_END
164 1 0875678908 STIM_START
164 1 0876679044 STIM_END_RESP_START
164 1 0877879084 RESP_END
165 0 0879870540 STIM_START
165 0 0880870644 STIM_END_RESP_START
165 0 0882070684 RESP_END
166 0 0884205192 STIM_START
166 0 0885205336 STIM_END_RESP_START
166 0 0886405372 RESP_END
167 1 0888362808 STIM_START
167 1 0889362912 STIM_END_RESP_START
167 1 0890562952 RESP_END
168 1 0892411428 STIM_START
168 1 0893411532 STIM_END_RESP_START
168 1 0894611572 RESP_END
169 0 0896753080 STIM_START
169 0 0897753184 STIM_END_RESP_START
169 0 0898953224 RESP_END
170 1 0900767676 STIM_START
170 1 0901767784 STIM_END_RESP_START
170 1 0902967820 RESP_END
171 0 0904910292 STIM_START
171 0 0905910432 STIM_END_RESP_START
171 0 0907110472 RESP_END
172 1 0909253944 STIM_START
172 1 0910254044 STIM_END_RESP_START
172 1 0911454084 RESP_END
173 0 0913288544 STIM_START
173 0 0914288688 STIM_END_RESP_START
173 0 0915488720 RESP_END
174 1 0917675208 STIM_START
174 1 0918675344 STIM_END_RESP_START
174 1 0919875384 RESP_END
175 1 0921866848 STIM_START
175 1 0922866948 STIM_END_RESP_START
175 1 0924066988 RESP_END
176 1 0926112464 STIM_START
176 1 0927112604 STIM_END_RESP_START
176 1 0928312644 RESP_END
177 0 0930314108 STIM_START
177 0 0931314212 STIM_END_RESP_START
177 0 0932514256 RESP_END
178 1 0934390772 STIM_START
178 1 0935390916 STIM_END_RESP_START
178 1 0936590956 RESP_END
179 0 0938752392 STIM_START
179 0 0939752496 STIM_END_RESP_START
179 0 0940952528 RESP_END
180 1 0942969016 STIM_START
180 1 0943969152 STIM_END_RESP_START
180 1 0945169192 RESP_END
181 1 0947294652 STIM_START
181 1 0948294756 STIM_END_RESP_START
181 1 0949494796 RESP_END
182 0 0951434276 STIM_START
182 0 0952434412 STIM_END_RESP_START
182 0 0953634452 RESP_END
183 0 0955521888 STIM_START
183 0 0956522032 STIM_END_RESP_START
183 0 0957722072 RESP_END
184 0 0959574508 STIM_START
184 0 0960574612 STIM_END_RESP_START
184 0 0961774652 RESP_END
185 1 0963907152 STIM_START
185 1 0964907256 STIM_END_RESP_START
185 1 0966107296 RESP_END
186 0 0967972764 STIM_START
186 0 0968972868 STIM_END_RESP_START
186 0 0970172908 RESP_END
187 0 0972201444 STIM_START
187 0 0973201552 STIM_END_RESP_START
187 0 0974401592 RESP_END
188 1 0976499024 STIM_START
188 1 0977499164 STIM_END_RESP_START
188 1 0978699200 RESP_END
189 0 0980484640 STIM_START
189 0 0981484744 STIM_END_RESP_START
189 0 0982684788 RESP_END
190 0 0984762288 STIM_START
190 0 0985762428 STIM_END_RESP_START
190 0 0986962468 RESP_END
191 1 0989076928 STIM_START
191 1 0990077072 STIM_END_RESP_START
191 1 0991277116 RESP_END
192 1 0993156536 STIM_START
192 1 0994156640 STIM_END_RESP_START
192 1 0995356680 RESP_END
193 1 0997185136 STIM_START
193 1 0998185240 STIM_END_RESP_START
193 1 0999385284 RESP_END
194 0 1001187744 STIM_START
194 0 1002187864 STIM_END_RESP_START
194 0 1003387876 RESP_END
195 1 1005459396 STIM_START
195 1 1006459516 STIM_END_RESP_START
195 1 1007659536 RESP_END
196 0 1009533980 STIM_START
196 0 1010534096 STIM_END_RESP_START
196 0 1011734116 RESP_END
197 0 1013706608 STIM_START
197 0 1014706728 STIM_END_RESP_START
197 0 1015906748 RESP_END
198 1 1018004272 STIM_START
198 1 1019004392 STIM_END_RESP_START
198 1 1020204412 RESP_END
199 0 1022189884 STIM_START
199 0 1023190000 STIM_END_RESP_START
199 0 1024390020 RESP_END
200 1 1026238512 STIM_START
200 1 1027238628 STIM_END_RESP_START
200 1 1028438644 RESP_END
201 0 1030408112 STIM_START
201 0 1031408228 STIM_END_RESP_START
201 0 1032608248 RESP_END
202 0 1034884800 STIM_START
202 0 1035884920 STIM_END_RESP_START
202 0 1037084936 RESP_END
203 0 1039206448 STIM_START
203 0 1040206560 STIM_END_RESP_START
203 0 1041406580 RESP_END
204 1 1043680136 STIM_START
204 1 1044680256 STIM_END_RESP_START
204 1 1045880276 RESP_END
205 1 1047892740 STIM_START
205 1 1048892864 STIM_END_RESP_START
205 1 1050092880 RESP_END
206 1 1052310396 STIM_START
206 1 1053310516 STIM_END_RESP_START
206 1 1054510536 RESP_END
207 0 1056605044 STIM_START
207 0 1057605160 STIM_END_RESP_START
207 0 1058805176 RESP_END
208 1 1060717664 STIM_START
208 1 1061717776 STIM_END_RESP_START
208 1 1062917792 RESP_END
209 0 1065065320 STIM_START
209 0 1066065436 STIM_END_RESP_START
209 0 1067265456 RESP_END
210 1 1069132944 STIM_START
210 1 1070133056 STIM_END_RESP_START
210 1 1071333076 RESP_END
211 0 1073191532 STIM_START
211 0 1074191652 STIM_END_RESP_START
211 0 1075391672 RESP_END
212 1 1077515180 STIM_START
212 1 1078515300 STIM_END_RESP_START
212 1 1079715320 RESP_END
213 1 1081692820 STIM_START
213 1 1082692936 STIM_END_RESP_START
213 1 1083626068 LICK
213 1 1083626608 REWARD_START
213 1 1083841456 LICK
213 1 1083892956 RESP_END
213 1 1083647172 REWARD_END
214 1 1086502532 STIM_START
214 1 1087502660 STIM_END_RESP_START
214 1 1087876816 LICK
214 1 1087877356 REWARD_START
214 1 1088702704 RESP_END
214 1 1087897924 REWARD_END
215 0 1090764188 STIM_START
215 0 1091764304 STIM_END_RESP_START
215 0 1092580896 LICK
215 0 1092581432 TIMEOUT_START
215 0 1092964348 RESP_END
215 0 1099581988 TIMEOUT_END
USER_EXIT