001 0 0020808480 STIM_START
001 0 0021038104 LICK
001 0 0021243728 LICK
001 0 0021479956 LICK
001 0 0021686676 LICK
001 0 0021889644 LICK
001 0 0021908604 STIM_END_RESP_START
001 0 0022108316 LICK
001 0 0022108752 TIMEOUT_START
001 0 0022291956 LICK
001 0 0022292392 TIMEOUT_START
001 0 0022499928 LICK
001 0 0022500372 TIMEOUT_START
001 0 0022726828 LICK
001 0 0022727264 TIMEOUT_START
001 0 0023108636 RESP_END
001 0 0029727720 TIMEOUT_END
002 0 0031750152 STIM_START
002 0 0032240724 LICK
002 0 0032446444 LICK
002 0 0032850272 STIM_END_RESP_START
002 0 0033868432 LICK
002 0 0033868876 TIMEOUT_START
002 0 0034050304 RESP_END
002 0 0040869332 TIMEOUT_END
003 1 0045010116 STIM_START
003 1 0045245664 LICK
003 1 0045465184 LICK
003 1 0045720088 LICK
003 1 0045963852 LICK
003 1 0046110244 STIM_END_RESP_START
003 1 0046184472 LICK
003 1 0046184908 REWARD_START
003 1 0046404548 LICK
003 1 0046575596 LICK
003 1 0046739968 LICK
003 1 0046913476 LICK
003 1 0047074664 LICK
003 1 0047243048 LICK
003 1 0047310292 RESP_END
003 1 0046195368 REWARD_END
004 0 0051853236 STIM_START
004 0 0052176720 LICK
004 0 0052409604 LICK
004 0 0052589176 LICK
004 0 0052777580 LICK
004 0 0052950232 LICK
004 0 0052953376 STIM_END_RESP_START
004 0 0053118016 LICK
004 0 0053118452 TIMEOUT_START
004 0 0053298312 LICK
004 0 0053298748 TIMEOUT_START
004 0 0053487836 LICK
004 0 0053488272 TIMEOUT_START
004 0 0053675920 LICK
004 0 0053676360 TIMEOUT_START
004 0 0054153392 RESP_END
004 0 0060676812 TIMEOUT_END
005 1 0064320108 STIM_START
005 1 0064562112 LICK
005 1 0064761572 LICK
005 1 0064971880 LICK
005 1 0065176216 LICK
005 1 0065382840 LICK
005 1 0065420232 STIM_END_RESP_START
005 1 0065587728 LICK
005 1 0065588164 REWARD_START
005 1 0065787732 LICK
005 1 0066003620 LICK
005 1 0066158308 LICK
005 1 0066335916 LICK
005 1 0066502408 LICK
005 1 0066620264 RESP_END
005 1 0065598628 REWARD_END
006 1 0073527532 STIM_START
006 1 0073627228 LICK
006 1 0073831072 LICK
006 1 0074049108 LICK
006 1 0074242112 LICK
006 1 0074430040 LICK
006 1 0074614576 LICK
006 1 0074627664 STIM_END_RESP_START
006 1 0074794436 LICK
006 1 0074794872 REWARD_START
006 1 0074966944 LICK
006 1 0075124984 LICK
006 1 0075277140 LICK
006 1 0075432916 LICK
006 1 0075584760 LICK
006 1 0075741124 LICK
006 1 0075827704 RESP_END
006 1 0074805340 REWARD_END
007 0 0087360704 STIM_START
007 0 0087954256 LICK
007 0 0088147444 LICK
007 0 0088333216 LICK
007 0 0088460848 STIM_END_RESP_START
007 0 0088523136 LICK
007 0 0088523572 TIMEOUT_START
007 0 0088692632 LICK
007 0 0088693076 TIMEOUT_START
007 0 0088883140 LICK
007 0 0088883584 TIMEOUT_START
007 0 0089090040 LICK
007 0 0089090484 TIMEOUT_START
007 0 0089276796 LICK
007 0 0089277236 TIMEOUT_START
007 0 0089459732 LICK
007 0 0089460168 TIMEOUT_START
007 0 0089660884 RESP_END
007 0 0096460616 TIMEOUT_END
008 1 0098394368 STIM_START
008 1 0098591388 LICK
008 1 0098810144 LICK
008 1 0099040396 LICK
008 1 0099251532 LICK
008 1 0099448132 LICK
008 1 0099494508 STIM_END_RESP_START
008 1 0099666756 LICK
008 1 0099667200 REWARD_START
008 1 0099844904 LICK
008 1 0100060140 LICK
008 1 0100223036 LICK
008 1 0100392148 LICK
008 1 0100548248 LICK
008 1 0100694536 RESP_END
008 1 0099677656 REWARD_END
009 0 0104225252 STIM_START
009 0 0104437416 LICK
009 0 0104642848 LICK
009 0 0104842976 LICK
009 0 0105032732 LICK
009 0 0105205020 LICK
009 0 0105325368 STIM_END_RESP_START
009 0 0105361280 LICK
009 0 0105361768 TIMEOUT_START
009 0 0105527048 LICK
009 0 0105527532 TIMEOUT_START
009 0 0105821440 LICK
009 0 0105821924 TIMEOUT_START
009 0 0106000824 LICK
009 0 0106001308 TIMEOUT_START
009 0 0106172644 LICK
009 0 0106173128 TIMEOUT_START
009 0 0106361028 LICK
009 0 0106361512 TIMEOUT_START
009 0 0106525388 RESP_END
009 0 0113362020 TIMEOUT_END
010 0 0115707000 STIM_START
010 0 0116664968 LICK
010 0 0116807148 STIM_END_RESP_START
010 0 0116866300 LICK
010 0 0116866784 TIMEOUT_START
010 0 0117060396 LICK
010 0 0117060884 TIMEOUT_START
010 0 0117424684 LICK
010 0 0117425172 TIMEOUT_START
010 0 0117605912 LICK
010 0 0117606396 TIMEOUT_START
010 0 0117794448 LICK
010 0 0117794936 TIMEOUT_START
010 0 0117980064 LICK
010 0 0117980552 TIMEOUT_START
010 0 0118007188 RESP_END
010 0 0124981052 TIMEOUT_END
011 0 0127608860 STIM_START
011 0 0128435908 LICK
011 0 0128691244 LICK
011 0 0128708988 STIM_END_RESP_START
011 0 0128931112 LICK
011 0 0128931596 TIMEOUT_START
011 0 0129159976 LICK
011 0 0129160468 TIMEOUT_START
011 0 0129328552 LICK
011 0 0129329036 TIMEOUT_START
011 0 0129497124 LICK
011 0 0129497604 TIMEOUT_START
011 0 0129666144 LICK
011 0 0129666628 TIMEOUT_START
011 0 0129846964 LICK
011 0 0129847452 TIMEOUT_START
011 0 0129909004 RESP_END
011 0 0136847960 TIMEOUT_END
012 1 0138472504 STIM_START
012 1 0139061028 LICK
012 1 0139253340 LICK
012 1 0139438172 LICK
012 1 0139572640 STIM_END_RESP_START
012 1 0139825200 LICK
012 1 0139825684 REWARD_START
012 1 0140036344 LICK
012 1 0140195556 LICK
012 1 0140345908 LICK
012 1 0140506484 LICK
012 1 0140662996 LICK
012 1 0140772656 RESP_END
012 1 0139836188 REWARD_END
013 0 0143355232 STIM_START
013 0 0143480384 LICK
013 0 0143661908 LICK
013 0 0143837836 LICK
013 0 0144001936 LICK
013 0 0144168952 LICK
013 0 0144325196 LICK
013 0 0144455360 STIM_END_RESP_START
013 0 0144492436 LICK
013 0 0144492928 TIMEOUT_START
013 0 0144642288 LICK
013 0 0144642768 TIMEOUT_START
013 0 0144804364 LICK
013 0 0144804844 TIMEOUT_START
013 0 0144993324 LICK
013 0 0144993804 TIMEOUT_START
013 0 0145655392 RESP_END
013 0 0151994304 TIMEOUT_END
014 0 0154839012 STIM_START
014 0 0154993380 LICK
014 0 0155202784 LICK
014 0 0155433176 LICK
014 0 0155633464 LICK
014 0 0155820992 LICK
014 0 0155939148 STIM_END_RESP_START
014 0 0155996312 LICK
014 0 0155996800 TIMEOUT_START
014 0 0156154452 LICK
014 0 0156154944 TIMEOUT_START
014 0 0156351532 LICK
014 0 0156352016 TIMEOUT_START
014 0 0156563220 LICK
014 0 0156563712 TIMEOUT_START
014 0 0156758636 LICK
014 0 0156759124 TIMEOUT_START
014 0 0156964236 LICK
014 0 0156964716 TIMEOUT_START
014 0 0157139192 RESP_END
014 0 0163965232 TIMEOUT_END
015 1 0165703688 STIM_START
015 1 0166342132 LICK
015 1 0166576560 LICK
015 1 0166754312 LICK
015 1 0166803824 STIM_END_RESP_START
015 1 0166929424 LICK
015 1 0166929908 REWARD_START
015 1 0167132364 LICK
015 1 0167272048 LICK
015 1 0167413284 LICK
015 1 0167574316 LICK
015 1 0167725152 LICK
015 1 0167875224 LICK
015 1 0168003852 RESP_END
015 1 0166940416 REWARD_END
016 1 0172035604 STIM_START
016 1 0172077012 LICK
016 1 0172277652 LICK
016 1 0172502048 LICK
016 1 0172701128 LICK
016 1 0172885656 LICK
016 1 0173047552 LICK
016 1 0173135736 STIM_END_RESP_START
016 1 0173199204 LICK
016 1 0173199696 REWARD_START
016 1 0173368108 LICK
016 1 0173503888 LICK
016 1 0173660180 LICK
016 1 0173814764 LICK
016 1 0173964648 LICK
016 1 0174112152 LICK
016 1 0174273372 LICK
016 1 0174335764 RESP_END
016 1 0173210200 REWARD_END
017 1 0180833988 STIM_START
017 1 0181132928 LICK
017 1 0181324328 LICK
017 1 0181505876 LICK
017 1 0181813116 LICK
017 1 0181934128 STIM_END_RESP_START
017 1 0181974320 LICK
017 1 0181974808 REWARD_START
017 1 0182135904 LICK
017 1 0182265888 LICK
017 1 0182405896 LICK
017 1 0182556172 LICK
017 1 0182706840 LICK
017 1 0182850048 LICK
017 1 0182991144 LICK
017 1 0183134148 RESP_END
017 1 0181985316 REWARD_END
018 0 0188254120 STIM_START
018 0 0188479724 LICK
018 0 0188681400 LICK
018 0 0188857672 LICK
018 0 0189056484 LICK
018 0 0189270324 LICK
018 0 0189354248 STIM_END_RESP_START
018 0 0189456908 LICK
018 0 0189457388 TIMEOUT_START
018 0 0189622584 LICK
018 0 0189623068 TIMEOUT_START
018 0 0189820692 LICK
018 0 0189821180 TIMEOUT_START
018 0 0190002448 LICK
018 0 0190002932 TIMEOUT_START
018 0 0190191996 LICK
018 0 0190192480 TIMEOUT_START
018 0 0190554272 RESP_END
018 0 0197192992 TIMEOUT_END
019 0 0199080732 STIM_START
019 0 0199454408 LICK
019 0 0199676428 LICK
019 0 0199928080 LICK
019 0 0200176296 LICK
019 0 0200180880 STIM_END_RESP_START
019 0 0200414364 LICK
019 0 0200414848 TIMEOUT_START
019 0 0200602228 LICK
019 0 0200602720 TIMEOUT_START
019 0 0200793312 LICK
019 0 0200793796 TIMEOUT_START
019 0 0201168316 LICK
019 0 0201168800 TIMEOUT_START
019 0 0201349152 LICK
019 0 0201349636 TIMEOUT_START
019 0 0201380900 RESP_END
019 0 0208350132 TIMEOUT_END
020 1 0209979444 STIM_START
020 1 0210504972 LICK
020 1 0210731876 LICK
020 1 0210916528 LICK
020 1 0211079580 STIM_END_RESP_START
020 1 0211119960 LICK
020 1 0211120448 REWARD_START
020 1 0211475704 LICK
020 1 0211631044 LICK
020 1 0211785140 LICK
020 1 0211933440 LICK
020 1 0212087716 LICK
020 1 0212240972 LICK
020 1 0212279616 RESP_END
020 1 0211130956 REWARD_END
021 0 0215840352 STIM_START
021 0 0216043816 LICK
021 0 0216228768 LICK
021 0 0216442580 LICK
021 0 0216940480 STIM_END_RESP_START
021 0 0218140520 RESP_END
022 0 0221633232 STIM_START
022 0 0222164040 LICK
022 0 0222374972 LICK
022 0 0222544692 LICK
022 0 0222716196 LICK
022 0 0222733372 STIM_END_RESP_START
022 0 0222890672 LICK
022 0 0222891160 TIMEOUT_START
022 0 0223060944 LICK
022 0 0223061432 TIMEOUT_START
022 0 0223232288 LICK
022 0 0223232772 TIMEOUT_START
022 0 0223407692 LICK
022 0 0223408184 TIMEOUT_START
022 0 0223557420 LICK
022 0 0223557912 TIMEOUT_START
022 0 0223732068 LICK
022 0 0223732552 TIMEOUT_START
022 0 0223933388 RESP_END
022 0 0230733056 TIMEOUT_END
023 1 0233522044 STIM_START
023 1 0233919856 LICK
023 1 0234147740 LICK
023 1 0234323152 LICK
023 1 0234499532 LICK
023 1 0234622196 STIM_END_RESP_START
023 1 0234673576 LICK
023 1 0234674064 REWARD_START
023 1 0234864356 LICK
023 1 0235006204 LICK
023 1 0235145848 LICK
023 1 0235293756 LICK
023 1 0235439044 LICK
023 1 0235583672 LICK
023 1 0235722316 LICK
023 1 0235822228 RESP_END
023 1 0234684576 REWARD_END
024 1 0239690984 STIM_START
024 1 0239922616 LICK
024 1 0240107652 LICK
024 1 0240351712 LICK
024 1 0240562548 LICK
024 1 0240738784 LICK
024 1 0240791104 STIM_END_RESP_START
024 1 0240917264 LICK
024 1 0240917756 REWARD_START
024 1 0241075064 LICK
024 1 0241211844 LICK
024 1 0241351772 LICK
024 1 0241495636 LICK
024 1 0241637288 LICK
024 1 0241793536 LICK
024 1 0241939716 LICK
024 1 0241991124 RESP_END
024 1 0240928260 REWARD_END
025 1 0246713064 STIM_START
025 1 0246840800 LICK
025 1 0247080912 LICK
025 1 0247257300 LICK
025 1 0247418604 LICK
025 1 0247566664 LICK
025 1 0247709652 LICK
025 1 0247813184 STIM_END_RESP_START
025 1 0247877216 LICK
025 1 0247877704 REWARD_START
025 1 0248014944 LICK
025 1 0248150240 LICK
025 1 0248285576 LICK
025 1 0248432504 LICK
025 1 0248579244 LICK
025 1 0248728788 LICK
025 1 0248886708 LICK
025 1 0249013216 RESP_END
025 1 0247888212 REWARD_END
026 0 0258603892 STIM_START
026 0 0259191352 LICK
026 0 0259430984 LICK
026 0 0259624832 LICK
026 0 0259704040 STIM_END_RESP_START
026 0 0260252896 LICK
026 0 0260253380 TIMEOUT_START
026 0 0260449488 LICK
026 0 0260449972 TIMEOUT_START
026 0 0260631296 LICK
026 0 0260631788 TIMEOUT_START
026 0 0260805244 LICK
026 0 0260805736 TIMEOUT_START
026 0 0260904064 RESP_END
026 0 0267806232 TIMEOUT_END
027 0 0269702572 STIM_START
027 0 0270396044 LICK
027 0 0270630004 LICK
027 0 0270802700 STIM_END_RESP_START
027 0 0270836588 LICK
027 0 0270837080 TIMEOUT_START
027 0 0271036620 LICK
027 0 0271037108 TIMEOUT_START
027 0 0271220924 LICK
027 0 0271221408 TIMEOUT_START
027 0 0271396512 LICK
027 0 0271397000 TIMEOUT_START
027 0 0271582728 LICK
027 0 0271583212 TIMEOUT_START
027 0 0271739460 LICK
027 0 0271739952 TIMEOUT_START
027 0 0271931440 LICK
027 0 0271931924 TIMEOUT_START
027 0 0272002744 RESP_END
027 0 0278932420 TIMEOUT_END
028 0 0280967308 STIM_START
028 0 0281803088 LICK
028 0 0281987468 LICK
028 0 0282067444 STIM_END_RESP_START
028 0 0282178436 LICK
028 0 0282178928 TIMEOUT_START
028 0 0282430888 LICK
028 0 0282431372 TIMEOUT_START
028 0 0283267476 RESP_END
028 0 0289431884 TIMEOUT_END
029 1 0291166872 STIM_START
029 1 0291529860 LICK
029 1 0291743352 LICK
029 1 0291961400 LICK
029 1 0292174612 LICK
029 1 0292267024 STIM_END_RESP_START
029 1 0292398664 LICK
029 1 0292399156 REWARD_START
029 1 0292592392 LICK
029 1 0292742884 LICK
029 1 0292882644 LICK
029 1 0293021484 LICK
029 1 0293159236 LICK
029 1 0293303920 LICK
029 1 0293441288 LICK
029 1 0293467040 RESP_END
029 1 0292409664 REWARD_END
030 0 0298506968 STIM_START
030 0 0299202908 LICK
030 0 0299357976 LICK
030 0 0299554716 LICK
030 0 0299607108 STIM_END_RESP_START
030 0 0299749564 LICK
030 0 0299750048 TIMEOUT_START
030 0 0299935436 LICK
030 0 0299935928 TIMEOUT_START
030 0 0300141624 LICK
030 0 0300142108 TIMEOUT_START
030 0 0300358640 LICK
030 0 0300359128 TIMEOUT_START
030 0 0300528952 LICK
030 0 0300529436 TIMEOUT_START
030 0 0300807152 RESP_END
030 0 0307529948 TIMEOUT_END
031 1 0311526976 STIM_START
031 1 0311815104 LICK
031 1 0312226292 LICK
031 1 0312415836 LICK
031 1 0312627120 STIM_END_RESP_START
031 1 0312632200 LICK
031 1 0312632700 REWARD_START
031 1 0312823296 LICK
031 1 0312965632 LICK
031 1 0313105884 LICK
031 1 0313262628 LICK
031 1 0313415884 LICK
031 1 0313557624 LICK
031 1 0313741252 LICK
031 1 0313827140 RESP_END
031 1 0312643208 REWARD_END
032 1 0318281060 STIM_START
032 1 0318504496 LICK
032 1 0318664668 LICK
032 1 0318865092 LICK
032 1 0319040780 LICK
032 1 0319189432 LICK
032 1 0319337472 LICK
032 1 0319381196 STIM_END_RESP_START
032 1 0319489788 LICK
032 1 0319490280 REWARD_START
032 1 0319649852 LICK
032 1 0319794536 LICK
032 1 0319955876 LICK
032 1 0320108264 LICK
032 1 0320255232 LICK
032 1 0320400184 LICK
032 1 0320547284 LICK
032 1 0320581236 RESP_END
032 1 0319500784 REWARD_END
033 1 0328742592 STIM_START
033 1 0328870520 LICK
033 1 0329076224 LICK
033 1 0329274256 LICK
033 1 0329506864 LICK
033 1 0329715756 LICK
033 1 0329842744 STIM_END_RESP_START
033 1 0329878544 LICK
033 1 0329879028 REWARD_START
033 1 0330027292 LICK
033 1 0330161096 LICK
033 1 0330302040 LICK
033 1 0330440568 LICK
033 1 0330587948 LICK
033 1 0330739688 LICK
033 1 0330890300 LICK
033 1 0331039916 LICK
033 1 0331042776 RESP_END
033 1 0329889536 REWARD_END
034 0 0340095332 STIM_START
034 0 0340386620 LICK
034 0 0340577220 LICK
034 0 0340797840 LICK
034 0 0340981088 LICK
034 0 0341159296 LICK
034 0 0341195460 STIM_END_RESP_START
034 0 0341333672 LICK
034 0 0341334164 TIMEOUT_START
034 0 0341497128 LICK
034 0 0341497612 TIMEOUT_START
034 0 0341663132 LICK
034 0 0341663616 TIMEOUT_START
034 0 0341831948 LICK
034 0 0341832428 TIMEOUT_START
034 0 0342395480 RESP_END
034 0 0348832932 TIMEOUT_END
035 1 0350716964 STIM_START
035 1 0351138940 LICK
035 1 0351315292 LICK
035 1 0351498604 LICK
035 1 0351684280 LICK
035 1 0351817108 STIM_END_RESP_START
035 1 0351841012 LICK
035 1 0351841504 REWARD_START
035 1 0352001944 LICK
035 1 0352147208 LICK
035 1 0352284200 LICK
035 1 0352416460 LICK
035 1 0352557644 LICK
035 1 0352699296 LICK
035 1 0352840184 LICK
035 1 0352984812 LICK
035 1 0353017128 RESP_END
035 1 0351852012 REWARD_END
036 0 0361298596 STIM_START
036 0 0361570136 LICK
036 0 0361773268 LICK
036 0 0361956044 LICK
036 0 0362122672 LICK
036 0 0362274516 LICK
036 0 0362398716 STIM_END_RESP_START
036 0 0362427352 LICK
036 0 0362427840 TIMEOUT_START
036 0 0362601976 LICK
036 0 0362602460 TIMEOUT_START
036 0 0362758020 LICK
036 0 0362758508 TIMEOUT_START
036 0 0362931452 LICK
036 0 0362931936 TIMEOUT_START
036 0 0363097328 LICK
036 0 0363097812 TIMEOUT_START
036 0 0363269848 LICK
036 0 0363270336 TIMEOUT_START
036 0 0363487820 LICK
036 0 0363488312 TIMEOUT_START
036 0 0363598764 RESP_END
036 0 0370488812 TIMEOUT_END
037 0 0374113560 STIM_START
037 0 0374371320 LICK
037 0 0374578640 LICK
037 0 0374828188 LICK
037 0 0375035416 LICK
037 0 0375213684 STIM_END_RESP_START
037 0 0375240180 LICK
037 0 0375240664 TIMEOUT_START
037 0 0375442864 LICK
037 0 0375443352 TIMEOUT_START
037 0 0375641280 LICK
037 0 0375641764 TIMEOUT_START
037 0 0375802384 LICK
037 0 0375802868 TIMEOUT_START
037 0 0375954848 LICK
037 0 0375955332 TIMEOUT_START
037 0 0376149032 LICK
037 0 0376149516 TIMEOUT_START
037 0 0376327552 LICK
037 0 0376328036 TIMEOUT_START
037 0 0376413720 RESP_END
037 0 0383328544 TIMEOUT_END
038 1 0385295292 STIM_START
038 1 0385810744 LICK
038 1 0386005528 LICK
038 1 0386193096 LICK
038 1 0386390796 LICK
038 1 0386395420 STIM_END_RESP_START
038 1 0387595444 RESP_END
039 0 0389288808 STIM_START
039 0 0390069644 LICK
039 0 0390367172 LICK
039 0 0390388956 STIM_END_RESP_START
039 0 0390624660 LICK
039 0 0390625144 TIMEOUT_START
039 0 0390842960 LICK
039 0 0390843448 TIMEOUT_START
039 0 0391588976 RESP_END
039 0 0397843948 TIMEOUT_END
040 0 0399452412 STIM_START
040 0 0399979020 LICK
040 0 0400245144 LICK
040 0 0400409104 LICK
040 0 0400552552 STIM_END_RESP_START
040 0 0400608024 LICK
040 0 0400608512 TIMEOUT_START
040 0 0400793544 LICK
040 0 0400794036 TIMEOUT_START
040 0 0401003912 LICK
040 0 0401004396 TIMEOUT_START
040 0 0401185608 LICK
040 0 0401186096 TIMEOUT_START
040 0 0401392124 LICK
040 0 0401392608 TIMEOUT_START
040 0 0401577156 LICK
040 0 0401577640 TIMEOUT_START
040 0 0401752568 RESP_END
040 0 0408578148 TIMEOUT_END
041 0 0410595116 STIM_START
041 0 0411644404 LICK
041 0 0411695232 STIM_END_RESP_START
041 0 0411821468 LICK
041 0 0411821952 TIMEOUT_START
041 0 0412019084 LICK
041 0 0412019568 TIMEOUT_START
041 0 0412207244 LICK
041 0 0412207728 TIMEOUT_START
041 0 0412390064 LICK
041 0 0412390556 TIMEOUT_START
041 0 0412627632 LICK
041 0 0412628124 TIMEOUT_START
041 0 0412819560 LICK
041 0 0412820040 TIMEOUT_START
041 0 0412895280 RESP_END
041 0 0419820560 TIMEOUT_END
042 1 0421633792 STIM_START
042 1 0422125264 LICK
042 1 0422733920 STIM_END_RESP_START
042 1 0423227176 LICK
042 1 0423227664 REWARD_START
042 1 0423640916 LICK
042 1 0423781092 LICK
042 1 0423933944 RESP_END
042 1 0423238172 REWARD_END
043 0 0432139400 STIM_START
043 0 0432430724 LICK
043 0 0432615932 LICK
043 0 0432785732 LICK
043 0 0433096856 LICK
043 0 0433239524 STIM_END_RESP_START
043 0 0433262116 LICK
043 0 0433262604 TIMEOUT_START
043 0 0433423580 LICK
043 0 0433424064 TIMEOUT_START
043 0 0433580216 LICK
043 0 0433580700 TIMEOUT_START
043 0 0433741576 LICK
043 0 0433742068 TIMEOUT_START
043 0 0433907796 LICK
043 0 0433908284 TIMEOUT_START
043 0 0434439544 RESP_END
043 0 0440908784 TIMEOUT_END
044 1 0442801024 STIM_START
044 1 0442968512 LICK
044 1 0443373332 LICK
044 1 0443601012 LICK
044 1 0443778044 LICK
044 1 0443901140 STIM_END_RESP_START
044 1 0443975124 LICK
044 1 0443975608 REWARD_START
044 1 0444147812 LICK
044 1 0444297552 LICK
044 1 0444438400 LICK
044 1 0444584788 LICK
044 1 0444735436 LICK
044 1 0444895292 LICK
044 1 0445062240 LICK
044 1 0445101184 RESP_END
044 1 0443986124 REWARD_END
045 0 0451340348 STIM_START
045 0 0451394120 LICK
045 0 0451931824 LICK
045 0 0452181296 LICK
045 0 0452392428 LICK
045 0 0452440472 STIM_END_RESP_START
045 0 0452577256 LICK
045 0 0452577748 TIMEOUT_START
045 0 0452740088 LICK
045 0 0452740576 TIMEOUT_START
045 0 0452915900 LICK
045 0 0452916388 TIMEOUT_START
045 0 0453086972 LICK
045 0 0453087464 TIMEOUT_START
045 0 0453262812 LICK
045 0 0453263296 TIMEOUT_START
045 0 0453473644 LICK
045 0 0453474128 TIMEOUT_START
045 0 0453640500 RESP_END
045 0 0460474644 TIMEOUT_END
046 1 0464803400 STIM_START
046 1 0465014760 LICK
046 1 0465211944 LICK
046 1 0465444560 LICK
046 1 0465640396 LICK
046 1 0465837720 LICK
046 1 0465903524 STIM_END_RESP_START
046 1 0466004500 LICK
046 1 0466004984 REWARD_START
046 1 0466186176 LICK
046 1 0466338348 LICK
046 1 0466484428 LICK
046 1 0466632468 LICK
046 1 0466785424 LICK
046 1 0466938596 LICK
046 1 0467092916 LICK
046 1 0467103552 RESP_END
046 1 0466015496 REWARD_END
047 0 0476046084 STIM_START
047 0 0476359816 LICK
047 0 0476508884 LICK
047 0 0476676416 LICK
047 0 0476844352 LICK
047 0 0476990868 LICK
047 0 0477146212 STIM_END_RESP_START
047 0 0477150660 LICK
047 0 0477151144 TIMEOUT_START
047 0 0477312148 LICK
047 0 0477312628 TIMEOUT_START
047 0 0477474696 LICK
047 0 0477475188 TIMEOUT_START
047 0 0477653788 LICK
047 0 0477654280 TIMEOUT_START
047 0 0478346268 RESP_END
047 0 0484654780 TIMEOUT_END
048 1 0488123952 STIM_START
048 1 0488411964 LICK
048 1 0488613768 LICK
048 1 0488813704 LICK
048 1 0489023100 LICK
048 1 0489217068 LICK
048 1 0489224080 STIM_END_RESP_START
048 1 0489386128 LICK
048 1 0489386616 REWARD_START
048 1 0489571652 LICK
048 1 0489712672 LICK
048 1 0489856172 LICK
048 1 0490023764 LICK
048 1 0490179148 LICK
048 1 0490337640 LICK
048 1 0490424128 RESP_END
048 1 0489397124 REWARD_END
049 0 0502857172 STIM_START
049 0 0503126792 LICK
049 0 0503368848 LICK
049 0 0503548888 LICK
049 0 0503715776 LICK
049 0 0503877980 LICK
049 0 0503957288 STIM_END_RESP_START
049 0 0504051848 LICK
049 0 0504052332 TIMEOUT_START
049 0 0504225244 LICK
049 0 0504225728 TIMEOUT_START
049 0 0504395420 LICK
049 0 0504395912 TIMEOUT_START
049 0 0504575108 LICK
049 0 0504575596 TIMEOUT_START
049 0 0504782380 LICK
049 0 0504782872 TIMEOUT_START
049 0 0505144072 LICK
049 0 0505144564 TIMEOUT_START
049 0 0505157316 RESP_END
049 0 0512145064 TIMEOUT_END
050 0 0514009924 STIM_START
050 0 0514454572 LICK
050 0 0514705944 LICK
050 0 0514888324 LICK
050 0 0515066204 LICK
050 0 0515110064 STIM_END_RESP_START
050 0 0515229464 LICK
050 0 0515229952 TIMEOUT_START
050 0 0515402848 LICK
050 0 0515403332 TIMEOUT_START
050 0 0515589008 LICK
050 0 0515589496 TIMEOUT_START
050 0 0515770628 LICK
050 0 0515771116 TIMEOUT_START
050 0 0515971372 LICK
050 0 0515971856 TIMEOUT_START
050 0 0516310088 RESP_END
050 0 0522972364 TIMEOUT_END
051 0 0524653496 STIM_START
051 0 0524906108 LICK
051 0 0525246060 LICK
051 0 0525518020 LICK
051 0 0525701608 LICK
051 0 0525753612 STIM_END_RESP_START
051 0 0525940060 LICK
051 0 0525940540 TIMEOUT_START
051 0 0526109360 LICK
051 0 0526109848 TIMEOUT_START
051 0 0526296864 LICK
051 0 0526297356 TIMEOUT_START
051 0 0526478952 LICK
051 0 0526479444 TIMEOUT_START
051 0 0526687596 LICK
051 0 0526688080 TIMEOUT_START
051 0 0526953644 RESP_END
051 0 0533688592 TIMEOUT_END
052 1 0535713176 STIM_START
052 1 0536394068 LICK
052 1 0536611940 LICK
052 1 0536792188 LICK
052 1 0536813304 STIM_END_RESP_START
052 1 0537417184 LICK
052 1 0537417668 REWARD_START
052 1 0537573128 LICK
052 1 0537709848 LICK
052 1 0537841572 LICK
052 1 0537996512 LICK
052 1 0538013344 RESP_END
052 1 0537428180 REWARD_END
053 0 0545934744 STIM_START
053 0 0546398012 LICK
053 0 0546510144 LICK
053 0 0546628984 LICK
053 0 0546809272 LICK
053 0 0547034868 STIM_END_RESP_START
053 0 0547151988 LICK
053 0 0547152472 TIMEOUT_START
053 0 0547336424 LICK
053 0 0547336908 TIMEOUT_START
053 0 0547502372 LICK
053 0 0547502860 TIMEOUT_START
053 0 0547694740 LICK
053 0 0547695224 TIMEOUT_START
053 0 0547877028 LICK
053 0 0547877512 TIMEOUT_START
053 0 0548041160 LICK
053 0 0548041644 TIMEOUT_START
053 0 0548225708 LICK
053 0 0548226196 TIMEOUT_START
053 0 0548234912 RESP_END
053 0 0555226696 TIMEOUT_END
054 1 0557013452 STIM_START
054 1 0557441704 LICK
054 1 0557633676 LICK
054 1 0557802764 LICK
054 1 0557987972 LICK
054 1 0558113576 STIM_END_RESP_START
054 1 0558157908 LICK
054 1 0558158392 REWARD_START
054 1 0558329720 LICK
054 1 0558479644 LICK
054 1 0558631764 LICK
054 1 0558782180 LICK
054 1 0558949896 LICK
054 1 0559093820 LICK
054 1 0559233836 LICK
054 1 0559313588 RESP_END
054 1 0558168900 REWARD_END
055 1 0569523352 STIM_START
055 1 0569953600 LICK
055 1 0570203036 LICK
055 1 0570376556 LICK
055 1 0570552456 LICK
055 1 0570623480 STIM_END_RESP_START
055 1 0570716984 LICK
055 1 0570717476 REWARD_START
055 1 0570894240 LICK
055 1 0571034528 LICK
055 1 0571171900 LICK
055 1 0571315140 LICK
055 1 0571461992 LICK
055 1 0571610556 LICK
055 1 0571760432 LICK
055 1 0571823500 RESP_END
055 1 0570727984 REWARD_END
056 0 0577544600 STIM_START
056 0 0577636580 LICK
056 0 0578225396 LICK
056 0 0578471092 LICK
056 0 0578644720 STIM_END_RESP_START
056 0 0578661212 LICK
056 0 0578661704 TIMEOUT_START
056 0 0578843924 LICK
056 0 0578844408 TIMEOUT_START
056 0 0579041104 LICK
056 0 0579041592 TIMEOUT_START
056 0 0579240124 LICK
056 0 0579240608 TIMEOUT_START
056 0 0579441852 LICK
056 0 0579442336 TIMEOUT_START
056 0 0579599688 LICK
056 0 0579600172 TIMEOUT_START
056 0 0579806788 LICK
056 0 0579807280 TIMEOUT_START
056 0 0579844752 RESP_END
056 0 0586807780 TIMEOUT_END
057 0 0588423232 STIM_START
057 0 0588796908 LICK
057 0 0589014448 LICK
057 0 0589172932 LICK
057 0 0589332508 LICK
057 0 0589495504 LICK
057 0 0589523376 STIM_END_RESP_START
057 0 0589657000 LICK
057 0 0589657492 TIMEOUT_START
057 0 0589828700 LICK
057 0 0589829188 TIMEOUT_START
057 0 0590032104 LICK
057 0 0590032588 TIMEOUT_START
057 0 0590495032 LICK
057 0 0590495520 TIMEOUT_START
057 0 0590723392 RESP_END
057 0 0597496020 TIMEOUT_END
058 0 0599260900 STIM_START
058 0 0599712128 LICK
058 0 0599898740 LICK
058 0 0600361024 STIM_END_RESP_START
058 0 0601281752 LICK
058 0 0601282236 TIMEOUT_START
058 0 0601561048 RESP_END
058 0 0608282740 TIMEOUT_END
059 1 0613065976 STIM_START
059 1 0613531900 LICK
059 1 0613755260 LICK
059 1 0613964740 LICK
059 1 0614155136 LICK
059 1 0614166100 STIM_END_RESP_START
059 1 0614339216 LICK
059 1 0614339712 REWARD_START
059 1 0614517016 LICK
059 1 0614653264 LICK
059 1 0614797680 LICK
059 1 0614966936 LICK
059 1 0615112608 LICK
059 1 0615265716 LICK
059 1 0615366120 RESP_END
059 1 0614350220 REWARD_END
060 0 0618208764 STIM_START
060 0 0618348044 LICK
060 0 0618511348 LICK
060 0 0618702164 LICK
060 0 0619308920 STIM_END_RESP_START
060 0 0620508968 RESP_END
061 0 0623059540 STIM_START
061 0 0623368100 LICK
061 0 0623562340 LICK
061 0 0623737604 LICK
061 0 0623909208 LICK
061 0 0624061252 LICK
061 0 0624159688 STIM_END_RESP_START
061 0 0624217236 LICK
061 0 0624217720 TIMEOUT_START
061 0 0624373668 LICK
061 0 0624374164 TIMEOUT_START
061 0 0624519772 LICK
061 0 0624520260 TIMEOUT_START
061 0 0624684664 LICK
061 0 0624685156 TIMEOUT_START
061 0 0624871116 LICK
061 0 0624871608 TIMEOUT_START
061 0 0625359708 RESP_END
061 0 0631872116 TIMEOUT_END
062 1 0633538108 STIM_START
062 1 0633864416 LICK
062 1 0634245412 LICK
062 1 0634434736 LICK
062 1 0634632824 LICK
062 1 0634638220 STIM_END_RESP_START
062 1 0634802752 LICK
062 1 0634803244 REWARD_START
062 1 0634978856 LICK
062 1 0635127560 LICK
062 1 0635283144 LICK
062 1 0635431092 LICK
062 1 0635603344 LICK
062 1 0635738932 LICK
062 1 0635838236 RESP_END
062 1 0634813752 REWARD_END
063 0 0641264324 STIM_START
063 0 0641899920 LICK
063 0 0642088052 LICK
063 0 0642364476 STIM_END_RESP_START
063 0 0643564512 RESP_END
064 0 0645182900 STIM_START
064 0 0645541492 LICK
064 0 0645763384 LICK
064 0 0645946996 LICK
064 0 0646283040 STIM_END_RESP_START
064 0 0647483084 RESP_END
065 1 0649261504 STIM_START
065 1 0649591544 LICK
065 1 0649812976 LICK
065 1 0650007024 LICK
065 1 0650209420 LICK
065 1 0650361656 STIM_END_RESP_START
065 1 0650390556 LICK
065 1 0650391044 REWARD_START
065 1 0650566828 LICK
065 1 0650701304 LICK
065 1 0650829308 LICK
065 1 0650962924 LICK
065 1 0651115844 LICK
065 1 0651269776 LICK
065 1 0651414016 LICK
065 1 0651560296 LICK
065 1 0651561680 RESP_END
065 1 0650401548 REWARD_END
066 0 0654172260 STIM_START
066 0 0654346776 LICK
066 0 0655272400 STIM_END_RESP_START
066 0 0656080064 LICK
066 0 0656080544 TIMEOUT_START
066 0 0656266224 LICK
066 0 0656266712 TIMEOUT_START
066 0 0656472436 RESP_END
066 0 0663267216 TIMEOUT_END
067 0 0665054936 STIM_START
067 0 0665312552 LICK
067 0 0665512700 LICK
067 0 0665672080 LICK
067 0 0665841080 LICK
067 0 0666003252 LICK
067 0 0666155068 STIM_END_RESP_START
067 0 0666160964 LICK
067 0 0666161464 TIMEOUT_START
067 0 0666320288 LICK
067 0 0666320772 TIMEOUT_START
067 0 0666476536 LICK
067 0 0666477024 TIMEOUT_START
067 0 0666643420 LICK
067 0 0666643908 TIMEOUT_START
067 0 0667355092 RESP_END
067 0 0673644416 TIMEOUT_END
068 0 0675574536 STIM_START
068 0 0675849280 LICK
068 0 0676042168 LICK
068 0 0676235324 LICK
068 0 0676451220 LICK
068 0 0676605444 LICK
068 0 0676674684 STIM_END_RESP_START
068 0 0676774900 LICK
068 0 0676775388 TIMEOUT_START
068 0 0676952808 LICK
068 0 0676953300 TIMEOUT_START
068 0 0677124628 LICK
068 0 0677125112 TIMEOUT_START
068 0 0677346592 LICK
068 0 0677347076 TIMEOUT_START
068 0 0677874708 RESP_END
068 0 0684347576 TIMEOUT_END
069 1 0686587264 STIM_START
069 1 0687122608 LICK
069 1 0687334360 LICK
069 1 0687526208 LICK
069 1 0687687408 STIM_END_RESP_START
069 1 0687714356 LICK
069 1 0687714844 REWARD_START
069 1 0687894508 LICK
069 1 0688036960 LICK
069 1 0688182752 LICK
069 1 0688346736 LICK
069 1 0688498488 LICK
069 1 0688654728 LICK
069 1 0688791460 LICK
069 1 0688887424 RESP_END
069 1 0687725352 REWARD_END
070 0 0691347972 STIM_START
070 0 0691568180 LICK
070 0 0691757396 LICK
070 0 0692015784 LICK
070 0 0692448096 STIM_END_RESP_START
070 0 0693648140 RESP_END
071 0 0696013696 STIM_START
071 0 0696354860 LICK
071 0 0696561692 LICK
071 0 0696779652 LICK
071 0 0696977840 LICK
071 0 0697113820 STIM_END_RESP_START
071 0 0697177180 LICK
071 0 0697177664 TIMEOUT_START
071 0 0697358568 LICK
071 0 0697359052 TIMEOUT_START
071 0 0697528124 LICK
071 0 0697528616 TIMEOUT_START
071 0 0697687716 LICK
071 0 0697688204 TIMEOUT_START
071 0 0697871452 LICK
071 0 0697871940 TIMEOUT_START
071 0 0698313856 RESP_END
071 0 0704872460 TIMEOUT_END
072 1 0706934372 STIM_START
072 1 0707315940 LICK
072 1 0708034504 STIM_END_RESP_START
072 1 0709234548 RESP_END
073 1 0711142996 STIM_START
073 1 0712243144 STIM_END_RESP_START
073 1 0713443188 RESP_END
074 1 0715055624 STIM_START
074 1 0715514808 LICK
074 1 0715742632 LICK
074 1 0715954692 LICK
074 1 0716155744 STIM_END_RESP_START
074 1 0716166732 LICK
074 1 0716167232 REWARD_START
074 1 0716364364 LICK
074 1 0716512196 LICK
074 1 0716652716 LICK
074 1 0716797176 LICK
074 1 0716968108 LICK
074 1 0717122012 LICK
074 1 0717270496 LICK
074 1 0717355764 RESP_END
074 1 0716177740 REWARD_END
075 0 0719839348 STIM_START
075 0 0720076028 LICK
075 0 0720283396 LICK
075 0 0720939492 STIM_END_RESP_START
075 0 0721413684 LICK
075 0 0721414172 TIMEOUT_START
075 0 0722139540 RESP_END
075 0 0728414676 TIMEOUT_END
076 0 0730246928 STIM_START
076 0 0730513436 LICK
076 0 0731347052 STIM_END_RESP_START
076 0 0731376396 LICK
076 0 0731376888 TIMEOUT_START
076 0 0731572860 LICK
076 0 0731573348 TIMEOUT_START
076 0 0731768000 LICK
076 0 0731768488 TIMEOUT_START
076 0 0731966308 LICK
076 0 0731966800 TIMEOUT_START
076 0 0732166696 LICK
076 0 0732167184 TIMEOUT_START
076 0 0732383860 LICK
076 0 0732384352 TIMEOUT_START
076 0 0732547092 RESP_END
076 0 0739384860 TIMEOUT_END
077 0 0741262604 STIM_START
077 0 0742362752 STIM_END_RESP_START
077 0 0742822948 LICK
077 0 0742823436 TIMEOUT_START
077 0 0743562776 RESP_END
077 0 0749823940 TIMEOUT_END
078 1 0751655244 STIM_START
078 1 0752060444 LICK
078 1 0752533876 LICK
078 1 0752755380 STIM_END_RESP_START
078 1 0752831620 LICK
078 1 0752832108 REWARD_START
078 1 0753192220 LICK
078 1 0753344372 LICK
078 1 0753510432 LICK
078 1 0753653476 LICK
078 1 0753804072 LICK
078 1 0753955396 RESP_END
078 1 0752842616 REWARD_END
079 0 0756303936 STIM_START
079 0 0757404088 STIM_END_RESP_START
079 0 0758604132 RESP_END
080 0 0760420552 STIM_START
080 0 0761520700 STIM_END_RESP_START
080 0 0761811364 LICK
080 0 0761811848 TIMEOUT_START
080 0 0762720716 RESP_END
080 0 0768812360 TIMEOUT_END
081 0 0770423116 STIM_START
081 0 0771523264 STIM_END_RESP_START
081 0 0772723312 RESP_END
082 1 0774593764 STIM_START
082 1 0775693912 STIM_END_RESP_START
082 1 0776893956 RESP_END
083 0 0778471348 STIM_START
083 0 0779058028 LICK
083 0 0779571500 STIM_END_RESP_START
083 0 0780771544 RESP_END
084 0 0782353920 STIM_START
084 0 0783454068 STIM_END_RESP_START
084 0 0784654116 RESP_END
085 1 0786648604 STIM_START
085 1 0787748740 STIM_END_RESP_START
085 1 0788948784 RESP_END
086 1 0790707228 STIM_START
086 1 0791807376 STIM_END_RESP_START
086 1 0793007420 RESP_END
087 1 0795025884 STIM_START
087 1 0796126036 STIM_END_RESP_START
087 1 0797326080 RESP_END
088 0 0798944528 STIM_START
088 0 0800044672 STIM_END_RESP_START
088 0 0801244716 RESP_END
089 0 0803301160 STIM_START
089 0 0804401312 STIM_END_RESP_START
089 0 0805601360 RESP_END
090 1 0808980020 STIM_START
090 1 0810080168 STIM_END_RESP_START
090 1 0811280212 RESP_END
091 1 0813313724 STIM_START
091 1 0814413880 STIM_END_RESP_START
091 1 0815613916 RESP_END
092 0 0817304292 STIM_START
092 0 0818404412 STIM_END_RESP_START
092 0 0819604448 RESP_END
093 0 0821394932 STIM_START
093 0 0822495076 STIM_END_RESP_START
093 0 0823695120 RESP_END
094 1 0825386572 STIM_START
094 1 0826486716 STIM_END_RESP_START
094 1 0827686760 RESP_END
095 1 0829667244 STIM_START
095 1 0830767360 STIM_END_RESP_START
095 1 0831967404 RESP_END
096 0 0833707844 STIM_START
096 0 0834807960 STIM_END_RESP_START
096 0 0836008004 RESP_END
097 0 0837862456 STIM_START
097 0 0838962604 STIM_END_RESP_START
097 0 0840162648 RESP_END
098 1 0842162132 STIM_START
098 1 0843262284 STIM_END_RESP_START
098 1 0844462328 RESP_END
099 0 0846294776 STIM_START
099 0 0847394892 STIM_END_RESP_START
099 0 0848594928 RESP_END
100 0 0850268388 STIM_START
100 0 0851368536 STIM_END_RESP_START
100 0 0852568580 RESP_END
101 0 0854467972 STIM_START
101 0 0855568120 STIM_END_RESP_START
101 0 0856768160 RESP_END
102 1 0858566628 STIM_START
102 1 0859666780 STIM_END_RESP_START
102 1 0860866824 RESP_END
103 1 0862943356 STIM_START
103 1 0864043464 STIM_END_RESP_START
103 1 0865243508 RESP_END
104 0 0867236964 STIM_START
104 0 0868337112 STIM_END_RESP_START
104 0 0869537160 RESP_END
105 0 0871293624 STIM_START
105 0 0872393776 STIM_END_RESP_START
105 0 0873593816 RESP_END
106 1 0875414236 STIM_START
106 1 0876514392 STIM_END_RESP_START
106 1 0876677532 LICK
106 1 0876678016 REWARD_START
106 1 0876925476 LICK
106 1 0877714424 RESP_END
106 1 0876688528 REWARD_END
107 0 0879641888 STIM_START
107 0 0880742036 STIM_END_RESP_START
107 0 0881942080 RESP_END
108 0 0883661500 STIM_START
108 0 0884761656 STIM_END_RESP_START
108 0 0885961692 RESP_END
109 0 0887899128 STIM_START
109 0 0888800112 LICK
109 0 0888999248 STIM_END_RESP_START
109 0 0890199292 RESP_END
110 1 0892175768 STIM_START
110 1 0892600400 LICK
110 1 0893275900 STIM_END_RESP_START
110 1 0894475944 RESP_END
111 1 0896236416 STIM_START
111 1 0897336532 STIM_END_RESP_START
111 1 0898536576 RESP_END
112 1 0900409084 STIM_START
112 1 0901509200 STIM_END_RESP_START
112 1 0902709236 RESP_END
113 0 0904748740 STIM_START
113 0 0905848896 STIM_END_RESP_START
113 0 0907048932 RESP_END
114 1 0908842376 STIM_START
114 1 0909942524 STIM_END_RESP_START
114 1 0911142568 RESP_END
115 0 0912992980 STIM_START
115 0 0914093096 STIM_END_RESP_START
115 0 0915293136 RESP_END
116 1 0916948584 STIM_START
116 1 0918048732 STIM_END_RESP_START
116 1 0919248780 RESP_END
117 0 0921341276 STIM_START
117 0 0922441428 STIM_END_RESP_START
117 0 0923641472 RESP_END
118 0 0925543916 STIM_START
118 0 0926644068 STIM_END_RESP_START
118 0 0927844112 RESP_END
119 0 0929458500 STIM_START
119 0 0930558648 STIM_END_RESP_START
119 0 0931758660 RESP_END
120 1 0933542152 STIM_START
120 1 0934642300 STIM_END_RESP_START
120 1 0934751424 LICK
120 1 0934751908 REWARD_START
120 1 0934952856 LICK
120 1 0935378320 LICK
120 1 0935500896 LICK
120 1 0935842324 RESP_END
120 1 0934762416 REWARD_END
121 1 0937924820 STIM_START
121 1 0939024972 STIM_END_RESP_START
121 1 0940225016 RESP_END
122 1 0941875432 STIM_START
122 1 0942975584 STIM_END_RESP_START
122 1 0944175628 RESP_END
123 0 0945791036 STIM_START
123 0 0946227980 LICK
123 0 0946533400 LICK
123 0 0946891184 STIM_END_RESP_START
123 0 0948091232 RESP_END
124 0 0951111840 STIM_START
124 0 0951446260 LICK
124 0 0952211996 STIM_END_RESP_START
124 0 0953412040 RESP_END
125 1 0955158404 STIM_START
125 1 0956258520 STIM_END_RESP_START
125 1 0957458568 RESP_END
126 0 0959251100 STIM_START
126 0 0960351212 STIM_END_RESP_START
126 0 0961551256 RESP_END
127 1 0963190700 STIM_START
127 1 0963776076 LICK
127 1 0963976524 LICK
127 1 0964290828 STIM_END_RESP_START
127 1 0965490872 RESP_END
128 1 0967373352 STIM_START
128 1 0968473500 STIM_END_RESP_START
128 1 0969673548 RESP_END
129 1 0971285968 STIM_START
129 1 0972386120 STIM_END_RESP_START
129 1 0973586164 RESP_END
130 0 0975466584 STIM_START
130 0 0976566732 STIM_END_RESP_START
130 0 0977766776 RESP_END
131 1 0979445168 STIM_START
131 1 0980545296 STIM_END_RESP_START
131 1 0981745340 RESP_END
132 1 0983324816 STIM_START
132 1 0984424964 STIM_END_RESP_START
132 1 0985625004 RESP_END
133 1 0987700452 STIM_START
133 1 0988602272 LICK
133 1 0988800604 STIM_END_RESP_START
133 1 0990000648 RESP_END
134 0 0991852084 STIM_START
134 0 0992952232 STIM_END_RESP_START
134 0 0994152280 RESP_END
135 0 0996143748 STIM_START
135 0 0997243896 STIM_END_RESP_START
135 0 0998443944 RESP_END
136 0 1000355404 STIM_START
136 0 1001455532 STIM_END_RESP_START
136 0 1002655556 RESP_END
137 1 1004656040 STIM_START
137 1 1005756164 STIM_END_RESP_START
137 1 1006956188 RESP_END
138 1 1009032756 STIM_START
138 1 1010132880 STIM_END_RESP_START
138 1 1011332904 RESP_END
139 0 1013195380 STIM_START
139 0 1014295508 STIM_END_RESP_START
139 0 1015495532 RESP_END
140 1 1017309024 STIM_START
140 1 1018333244 LICK
140 1 1018409160 STIM_END_RESP_START
140 1 1018858232 LICK
140 1 1018858772 REWARD_START
140 1 1019064104 LICK
140 1 1019283516 LICK
140 1 1019521604 LICK
140 1 1019609188 RESP_END
140 1 1018869328 REWARD_END
141 1 1021494628 STIM_START
141 1 1022594756 STIM_END_RESP_START
141 1 1023794780 RESP_END
142 1 1025533288 STIM_START
142 1 1026633412 STIM_END_RESP_START
142 1 1027833436 RESP_END
143 0 1029586900 STIM_START
143 0 1030687032 STIM_END_RESP_START
143 0 1031887056 RESP_END
144 0 1033968560 STIM_START
144 0 1035068692 STIM_END_RESP_START
144 0 1036268720 RESP_END
145 1 1038231208 STIM_START
145 1 1039331340 STIM_END_RESP_START
145 1 1040531360 RESP_END
146 1 1042349824 STIM_START
146 1 1043449956 STIM_END_RESP_START
146 1 1044649972 RESP_END
147 1 1046530488 STIM_START
147 1 1047630612 STIM_END_RESP_START
147 1 1048830640 RESP_END
148 0 1050625116 STIM_START
148 0 1051725236 STIM_END_RESP_START
148 0 1052925260 RESP_END
149 0 1054963760 STIM_START
149 0 1056063884 STIM_END_RESP_START
149 0 1057263908 RESP_END
150 0 1059002392 STIM_START
150 0 1060102520 STIM_END_RESP_START
150 0 1061302540 RESP_END
151 1 1063123056 STIM_START
151 1 1064223180 STIM_END_RESP_START
151 1 1065423204 RESP_END
152 1 1067140648 STIM_START
152 1 1068240772 STIM_END_RESP_START
152 1 1069440796 RESP_END
153 0 1071278268 STIM_START
153 0 1072378396 STIM_END_RESP_START
153 0 1073578420 RESP_END
154 0 1075557924 STIM_START
154 0 1076658052 STIM_END_RESP_START
154 0 1077858076 RESP_END
155 0 1079575544 STIM_START
155 0 1080675676 STIM_END_RESP_START
155 0 1081875700 RESP_END
156 1 1083854196 STIM_START
156 1 1084954324 STIM_END_RESP_START
156 1 1086154348 RESP_END
157 0 1088192884 STIM_START
157 0 1089293008 STIM_END_RESP_START
157 0 1090493028 RESP_END
158 1 1092173400 STIM_START
158 1 1093273524 STIM_END_RESP_START
158 1 1094473548 RESP_END
159 0 1096092064 STIM_START
159 0 1097192188 STIM_END_RESP_START
159 0 1098392212 RESP_END
160 0 1100374696 STIM_START
160 0 1101474828 STIM_END_RESP_START
160 0 1102674848 RESP_END
161 0 1104293332 STIM_START
161 0 1105393456 STIM_END_RESP_START
161 0 1106593480 RESP_END
162 1 1108375960 STIM_START
162 1 1109476088 STIM_END_RESP_START
162 1 1110676112 RESP_END
163 1 1112733608 STIM_START
163 1 1113833740 STIM_END_RESP_START
163 1 1115033768 RESP_END
164 0 1117108272 STIM_START
164 0 1118208400 STIM_END_RESP_START
164 0 1119408420 RESP_END
165 0 1121126908 STIM_START
165 0 1122227032 STIM_END_RESP_START
165 0 1123427056 RESP_END
166 0 1125226496 STIM_START
166 0 1126326628 STIM_END_RESP_START
166 0 1127526652 RESP_END
167 1 1129200084 STIM_START
167 1 1130300212 STIM_END_RESP_START
167 1 1131500236 RESP_END
168 1 1133134728 STIM_START
168 1 1134234860 STIM_END_RESP_START
168 1 1135434884 RESP_END
169 0 1137115320 STIM_START
169 0 1138215444 STIM_END_RESP_START
169 0 1139415468 RESP_END
170 0 1141176888 STIM_START
170 0 1142277012 STIM_END_RESP_START
170 0 1143477036 RESP_END
171 1 1145448612 STIM_START
171 1 1146548740 STIM_END_RESP_START
171 1 1147748764 RESP_END
172 1 1149649252 STIM_START
172 1 1150749380 STIM_END_RESP_START
172 1 1151949404 RESP_END
173 1 1154804036 STIM_START
173 1 1155904160 STIM_END_RESP_START
173 1 1157104184 RESP_END
174 0 1160263860 STIM_START
174 0 1161363984 STIM_END_RESP_START
174 0 1162564008 RESP_END
175 0 1164463512 STIM_START
175 0 1165563640 STIM_END_RESP_START
175 0 1166763664 RESP_END
176 0 1169344248 STIM_START
176 0 1169674692 LICK
176 0 1170444376 STIM_END_RESP_START
176 0 1171644396 RESP_END
177 1 1173370840 STIM_START
177 1 1174279832 LICK
177 1 1174470980 STIM_END_RESP_START
177 1 1174561132 LICK
177 1 1174561664 REWARD_START
177 1 1174791296 LICK
177 1 1174950772 LICK
177 1 1175117956 LICK
177 1 1175671012 RESP_END
177 1 1174572224 REWARD_END
178 1 1178657672 STIM_START
178 1 1179757804 STIM_END_RESP_START
178 1 1180957828 RESP_END
179 1 1183852472 STIM_START
179 1 1184952608 STIM_END_RESP_START
179 1 1186152632 RESP_END
180 0 1187731092 STIM_START
180 0 1188522216 LICK
180 0 1188769840 LICK
180 0 1188831236 STIM_END_RESP_START
180 0 1190031256 RESP_END
181 1 1194974180 STIM_START
181 1 1195199408 LICK
181 1 1195413868 LICK
181 1 1196074304 STIM_END_RESP_START
181 1 1197274328 RESP_END
182 1 1201348144 STIM_START
182 1 1202421816 LICK
182 1 1202448284 STIM_END_RESP_START
182 1 1203648308 RESP_END
183 1 1205932872 STIM_START
183 1 1206977216 LICK
183 1 1207032988 STIM_END_RESP_START
183 1 1208233000 RESP_END
184 0 1210170500 STIM_START
184 0 1211270628 STIM_END_RESP_START
184 0 1211718484 LICK
184 0 1211719020 TIMEOUT_START
184 0 1212470672 RESP_END
184 0 1218719584 TIMEOUT_END
185 1 1220576096 STIM_START
185 1 1221676228 STIM_END_RESP_START
185 1 1222712708 LICK
185 1 1222713240 REWARD_START
185 1 1222876276 RESP_END
185 1 1222723800 REWARD_END
186 0 1228421316 STIM_START
186 0 1228680096 LICK
186 0 1228830656 LICK
186 0 1229521432 STIM_END_RESP_START
186 0 1230721456 RESP_END
187 0 1232506928 STIM_START
187 0 1232812316 LICK
187 0 1233008940 LICK
187 0 1233607064 STIM_END_RESP_START
187 0 1234807088 RESP_END
188 1 1239418968 STIM_START
188 1 1239653852 LICK
188 1 1240451608 LICK
188 1 1240519092 STIM_END_RESP_START
188 1 1240669144 LICK
188 1 1240669684 REWARD_START
188 1 1240869188 LICK
188 1 1241073948 LICK
188 1 1241267600 LICK
188 1 1241719120 RESP_END
188 1 1240680256 REWARD_END
189 0 1243465568 STIM_START
189 0 1244565700 STIM_END_RESP_START
189 0 1245765728 RESP_END
190 1 1248470356 STIM_START
190 1 1248822768 LICK
190 1 1249570500 STIM_END_RESP_START
190 1 1250770524 RESP_END
191 0 1252754008 STIM_START
191 0 1253854136 STIM_END_RESP_START
191 0 1254057468 LICK
191 0 1254058004 TIMEOUT_START
191 0 1255054168 RESP_END
191 0 1261058568 TIMEOUT_END
192 0 1263211596 STIM_START
192 0 1264311720 STIM_END_RESP_START
192 0 1265511748 RESP_END
193 1 1267493248 STIM_START
193 1 1267955492 LICK
193 1 1268109816 LICK
193 1 1268593396 STIM_END_RESP_START
193 1 1269117464 LICK
193 1 1269118004 REWARD_START
193 1 1269336424 LICK
193 1 1269483312 LICK
193 1 1269715832 LICK
193 1 1269793420 RESP_END
193 1 1269128560 REWARD_END
194 0 1276657680 STIM_START
194 0 1276993196 LICK
194 0 1277757808 STIM_END_RESP_START
194 0 1278957832 RESP_END
195 0 1280966328 STIM_START
195 0 1281041012 LICK
195 0 1281306524 LICK
195 0 1281530096 LICK
195 0 1281730332 LICK
195 0 1281900268 LICK
195 0 1282066472 STIM_END_RESP_START
195 0 1282135772 LICK
195 0 1282136308 TIMEOUT_START
195 0 1282311984 LICK
195 0 1282312524 TIMEOUT_START
195 0 1282501328 LICK
195 0 1282501868 TIMEOUT_START
195 0 1283266516 RESP_END
195 0 1289502420 TIMEOUT_END
196 1 1291361912 STIM_START
196 1 1291763816 LICK
196 1 1291981724 LICK
196 1 1292239556 LICK
196 1 1292452516 LICK
196 1 1292462056 STIM_END_RESP_START
196 1 1292966580 LICK
196 1 1292967116 REWARD_START
196 1 1293181592 LICK
196 1 1293510256 LICK
196 1 1293657600 LICK
196 1 1293662076 RESP_END
196 1 1292977668 REWARD_END
197 0 1299855212 STIM_START
197 0 1300005868 LICK
197 0 1300211228 LICK
197 0 1300955340 STIM_END_RESP_START
197 0 1302155364 RESP_END
198 0 1304654928 STIM_START
198 0 1304754584 LICK
198 0 1304951292 LICK
198 0 1305561188 LICK
198 0 1305732232 LICK
198 0 1305755060 STIM_END_RESP_START
198 0 1306955100 RESP_END
199 0 1310344836 STIM_START
199 0 1310835724 LICK
199 0 1311275748 LICK
199 0 1311444968 STIM_END_RESP_START
199 0 1311473736 LICK
199 0 1311474268 TIMEOUT_START
199 0 1311670040 LICK
199 0 1311670576 TIMEOUT_START
199 0 1311866016 LICK
199 0 1311866548 TIMEOUT_START
199 0 1312069956 LICK
199 0 1312070484 TIMEOUT_START
199 0 1312284748 LICK
199 0 1312285276 TIMEOUT_START
199 0 1312468504 LICK
199 0 1312469040 TIMEOUT_START
199 0 1312644988 RESP_END
199 0 1319469584 TIMEOUT_END
200 1 1321182444 STIM_START
200 1 1321422640 LICK
200 1 1321605072 LICK
200 1 1321992412 LICK
200 1 1322238484 LICK
200 1 1322282600 STIM_END_RESP_START
200 1 1322927424 LICK
200 1 1322927956 REWARD_START
200 1 1323135716 LICK
200 1 1323482644 RESP_END
200 1 1322938516 REWARD_END
201 0 1325337072 STIM_START
201 0 1326437200 STIM_END_RESP_START
201 0 1327637224 RESP_END
202 1 1329717780 STIM_START
202 1 1330241140 LICK
202 1 1330817928 STIM_END_RESP_START
202 1 1332017952 RESP_END
203 1 1333870396 STIM_START
203 1 1334392444 LICK
203 1 1334606732 LICK
203 1 1334970532 STIM_END_RESP_START
203 1 1335200428 LICK
203 1 1335200968 REWARD_START
203 1 1335401908 LICK
203 1 1335519600 LICK
203 1 1335638112 LICK
203 1 1335773784 LICK
203 1 1336059092 LICK
203 1 1336170540 RESP_END
203 1 1335211520 REWARD_END
204 0 1340222424 STIM_START
204 0 1340451808 LICK
204 0 1340638468 LICK
204 0 1341322552 STIM_END_RESP_START
204 0 1341478612 LICK
204 0 1341479148 TIMEOUT_START
204 0 1342522568 RESP_END
204 0 1348479712 TIMEOUT_END
205 1 1350415952 STIM_START
205 1 1351516076 STIM_END_RESP_START
205 1 1352716100 RESP_END
206 0 1356549888 STIM_START
206 0 1357650020 STIM_END_RESP_START
206 0 1357935248 LICK
206 0 1357935788 TIMEOUT_START
206 0 1358165744 LICK
206 0 1358166280 TIMEOUT_START
206 0 1358850072 RESP_END
206 0 1365166824 TIMEOUT_END
207 1 1367710588 STIM_START
207 1 1368119032 LICK
207 1 1368315728 LICK
207 1 1368553476 LICK
207 1 1368781148 LICK
207 1 1368810724 STIM_END_RESP_START
207 1 1368964180 LICK
207 1 1368964712 REWARD_START
207 1 1369123812 LICK
207 1 1369295176 LICK
207 1 1369408724 LICK
207 1 1369539944 LICK
207 1 1369669988 LICK
207 1 1369800804 LICK
207 1 1369940264 LICK
207 1 1370010764 RESP_END
207 1 1368975280 REWARD_END
208 1 1374138580 STIM_START
208 1 1374355688 LICK
208 1 1374546260 LICK
208 1 1374786212 LICK
208 1 1374942032 LICK
208 1 1375124736 LICK
208 1 1375238696 STIM_END_RESP_START
208 1 1375351208 LICK
208 1 1375351744 REWARD_START
208 1 1375650344 LICK
208 1 1375837652 LICK
208 1 1375969868 LICK
208 1 1376108532 LICK
208 1 1376304264 LICK
208 1 1376438720 RESP_END
208 1 1375362304 REWARD_END
209 0 1382910924 STIM_START
209 0 1384011060 STIM_END_RESP_START
209 0 1385211084 RESP_END
210 0 1387002552 STIM_START
210 0 1388102688 STIM_END_RESP_START
210 0 1388222932 LICK
210 0 1388223464 TIMEOUT_START
210 0 1388448616 LICK
210 0 1388449156 TIMEOUT_START
210 0 1388641352 LICK
210 0 1388641884 TIMEOUT_START
210 0 1388856372 LICK
210 0 1388856900 TIMEOUT_START
210 0 1389064332 LICK
210 0 1389064864 TIMEOUT_START
210 0 1389282744 LICK
210 0 1389283276 TIMEOUT_START
210 0 1389302716 RESP_END
210 0 1396283832 TIMEOUT_END
211 0 1400311576 STIM_START
211 0 1400647520 LICK
211 0 1400884420 LICK
211 0 1401088136 LICK
211 0 1401411688 STIM_END_RESP_START
211 0 1401740652 LICK
211 0 1401741184 TIMEOUT_START
211 0 1401912440 LICK
211 0 1401912972 TIMEOUT_START
211 0 1402083248 LICK
211 0 1402083784 TIMEOUT_START
211 0 1402260784 LICK
211 0 1402261316 TIMEOUT_START
211 0 1402611724 RESP_END
211 0 1409261880 TIMEOUT_END
212 1 1411148216 STIM_START
212 1 1411517564 LICK
212 1 1411725688 LICK
212 1 1412237004 LICK
212 1 1412248356 STIM_END_RESP_START
212 1 1412415656 LICK
212 1 1412416188 REWARD_START
212 1 1412602404 LICK
212 1 1412920380 LICK
212 1 1413052964 LICK
212 1 1413183400 LICK
212 1 1413328196 LICK
212 1 1413448400 RESP_END
212 1 1412426740 REWARD_END
213 1 1417949308 STIM_START
213 1 1418206552 LICK
213 1 1418416956 LICK
213 1 1418632020 LICK
213 1 1418818620 LICK
213 1 1418979444 LICK
213 1 1419049424 STIM_END_RESP_START
213 1 1419156876 LICK
213 1 1419157408 REWARD_START
213 1 1419338964 LICK
213 1 1419562236 LICK
213 1 1419672936 LICK
213 1 1419811980 LICK
213 1 1419965992 LICK
213 1 1420124484 LICK
213 1 1420249436 RESP_END
213 1 1419167968 REWARD_END
214 0 1423731180 STIM_START
214 0 1423998852 LICK
214 0 1424229480 LICK
214 0 1424831320 STIM_END_RESP_START
214 0 1426031348 RESP_END
215 1 1429463024 STIM_START
215 1 1429708572 LICK
215 1 1430196756 LICK
215 1 1430416308 LICK
215 1 1430563176 STIM_END_RESP_START
215 1 1430579248 LICK
215 1 1430579776 REWARD_START
215 1 1430760960 LICK
215 1 1431077376 LICK
215 1 1431208940 LICK
215 1 1431341128 LICK
215 1 1431484676 LICK
215 1 1431636896 LICK
215 1 1431763204 RESP_END
215 1 1430590348 REWARD_END
216 1 1436887188 STIM_START
216 1 1437189380 LICK
216 1 1437385880 LICK
216 1 1437605728 LICK
216 1 1437771728 LICK
216 1 1437928960 LICK
216 1 1437987336 STIM_END_RESP_START
216 1 1438076764 LICK
216 1 1438077304 REWARD_START
216 1 1438237440 LICK
216 1 1438402892 LICK
216 1 1438542036 LICK
216 1 1438680004 LICK
216 1 1438820332 LICK
216 1 1438966308 LICK
216 1 1439114640 LICK
216 1 1439187372 RESP_END
216 1 1438087860 REWARD_END
217 1 1442198976 STIM_START
217 1 1442700552 LICK
217 1 1442924008 LICK
217 1 1443127632 LICK
217 1 1443299120 STIM_END_RESP_START
217 1 1443389076 LICK
217 1 1443389616 REWARD_START
217 1 1443572376 LICK
217 1 1443710096 LICK
217 1 1443859516 LICK
217 1 1444024292 LICK
217 1 1444179956 LICK
217 1 1444293452 LICK
217 1 1444435872 LICK
217 1 1444499156 RESP_END
217 1 1443400168 REWARD_END
218 0 1446669652 STIM_START
218 0 1447769776 STIM_END_RESP_START
218 0 1448969800 RESP_END
219 0 1450681272 STIM_START
219 0 1451781404 STIM_END_RESP_START
219 0 1452981428 RESP_END
220 0 1454941916 STIM_START
220 0 1456042068 STIM_END_RESP_START
220 0 1456076276 LICK
220 0 1456076812 TIMEOUT_START
220 0 1456283852 LICK
220 0 1456284384 TIMEOUT_START
220 0 1456491600 LICK
220 0 1456492132 TIMEOUT_START
220 0 1456664960 LICK
220 0 1456665492 TIMEOUT_START
220 0 1456839552 LICK
220 0 1456840092 TIMEOUT_START
220 0 1457022768 LICK
220 0 1457023308 TIMEOUT_START
220 0 1457242084 RESP_END
220 0 1464023860 TIMEOUT_END
221 1 1465834632 STIM_START
221 1 1466367644 LICK
221 1 1466700260 LICK
221 1 1466871940 LICK
221 1 1466934752 STIM_END_RESP_START
221 1 1467041448 LICK
221 1 1467041984 REWARD_START
221 1 1467201440 LICK
221 1 1467361752 LICK
221 1 1467527988 LICK
221 1 1467681348 LICK
221 1 1467894836 LICK
221 1 1468134780 RESP_END
221 1 1467052540 REWARD_END
222 0 1469712200 STIM_START
222 0 1470812332 STIM_END_RESP_START
222 0 1471568724 LICK
222 0 1471569264 TIMEOUT_START
222 0 1472012360 RESP_END
222 0 1478569828 TIMEOUT_END
223 1 1480356816 STIM_START
223 1 1481196124 LICK
223 1 1481390832 LICK
223 1 1481456944 STIM_END_RESP_START
223 1 1481592460 LICK
223 1 1481593000 REWARD_START
223 1 1481782556 LICK
223 1 1481958188 LICK
223 1 1482123060 LICK
223 1 1482318260 LICK
223 1 1482540544 LICK
223 1 1482656960 RESP_END
223 1 1481603556 REWARD_END
224 0 1484286428 STIM_START
224 0 1485386552 STIM_END_RESP_START
224 0 1486586576 RESP_END
225 1 1488589084 STIM_START
225 1 1489689208 STIM_END_RESP_START
225 1 1490889232 RESP_END
226 1 1492641740 STIM_START
226 1 1493506412 LICK
226 1 1493697308 LICK
226 1 1493741884 STIM_END_RESP_START
226 1 1493877560 LICK
226 1 1493878100 REWARD_START
226 1 1494063724 LICK
226 1 1494224768 LICK
226 1 1494395428 LICK
226 1 1494561360 LICK
226 1 1494941924 RESP_END
226 1 1493888656 REWARD_END
227 1 1497027336 STIM_START
227 1 1497547812 LICK
227 1 1497793644 LICK
227 1 1497968288 LICK
227 1 1498127472 STIM_END_RESP_START
227 1 1498133124 LICK
227 1 1498133660 REWARD_START
227 1 1498303508 LICK
227 1 1498496628 LICK
227 1 1498679960 LICK
227 1 1498898108 LICK
227 1 1499327484 RESP_END
227 1 1498144224 REWARD_END
228 0 1501012996 STIM_START
228 0 1501579180 LICK
228 0 1501805612 LICK
228 0 1502015964 LICK
228 0 1502113136 STIM_END_RESP_START
228 0 1502224564 LICK
228 0 1502225096 TIMEOUT_START
228 0 1502424408 LICK
228 0 1502424940 TIMEOUT_START
228 0 1502600776 LICK
228 0 1502601316 TIMEOUT_START
228 0 1502794940 LICK
228 0 1502795472 TIMEOUT_START
228 0 1503313184 RESP_END
228 0 1509796044 TIMEOUT_END
229 0 1511483572 STIM_START
229 0 1512233632 LICK
229 0 1512484688 LICK
229 0 1512583692 STIM_END_RESP_START
229 0 1512664856 LICK
229 0 1512665396 TIMEOUT_START
229 0 1512858968 LICK
229 0 1512859500 TIMEOUT_START
229 0 1513024104 LICK
229 0 1513024640 TIMEOUT_START
229 0 1513221960 LICK
229 0 1513222500 TIMEOUT_START
229 0 1513466680 LICK
229 0 1513467220 TIMEOUT_START
229 0 1513783720 RESP_END
229 0 1520467784 TIMEOUT_END
230 1 1522508252 STIM_START
230 1 1523608376 STIM_END_RESP_START
230 1 1524808400 RESP_END
231 0 1526566868 STIM_START
231 0 1527667004 STIM_END_RESP_START
231 0 1528867028 RESP_END
232 1 1530607460 STIM_START
232 1 1531707592 STIM_END_RESP_START
232 1 1532907616 RESP_END
233 0 1534828132 STIM_START
233 0 1535495228 LICK
233 0 1535699360 LICK
233 0 1535886676 LICK
233 0 1535928260 STIM_END_RESP_START
233 0 1536069048 LICK
233 0 1536069580 TIMEOUT_START
233 0 1536252884 LICK
233 0 1536253420 TIMEOUT_START
233 0 1536435312 LICK
233 0 1536435840 TIMEOUT_START
233 0 1536631108 LICK
233 0 1536631640 TIMEOUT_START
233 0 1537128284 RESP_END
233 0 1543632200 TIMEOUT_END
234 0 1545550768 STIM_START
234 0 1546650900 STIM_END_RESP_START
234 0 1547850924 RESP_END
235 0 1549632408 STIM_START
235 0 1550732540 STIM_END_RESP_START
235 0 1550767572 LICK
235 0 1550768104 TIMEOUT_START
235 0 1550996248 LICK
235 0 1550996784 TIMEOUT_START
235 0 1551456384 LICK
235 0 1551456916 TIMEOUT_START
235 0 1551665940 LICK
235 0 1551666476 TIMEOUT_START
235 0 1551910748 LICK
235 0 1551911288 TIMEOUT_START
235 0 1551932568 RESP_END
235 0 1558911836 TIMEOUT_END
236 1 1560679052 STIM_START
236 1 1561138952 LICK
236 1 1561380428 LICK
236 1 1561578132 LICK
236 1 1561776152 LICK
236 1 1561779188 STIM_END_RESP_START
236 1 1561996756 LICK
236 1 1561997288 REWARD_START
236 1 1562209300 LICK
236 1 1562417892 LICK
236 1 1562979212 RESP_END
236 1 1562007848 REWARD_END
237 0 1564725656 STIM_START
237 0 1565825784 STIM_END_RESP_START
237 0 1567025808 RESP_END
238 1 1568899316 STIM_START
238 1 1569419244 LICK
238 1 1569631532 LICK
238 1 1569831708 LICK
238 1 1569999440 STIM_END_RESP_START
238 1 1570024676 LICK
238 1 1570025212 REWARD_START
238 1 1570264908 LICK
238 1 1570461516 LICK
238 1 1571199464 RESP_END
238 1 1570035772 REWARD_END
239 1 1572991948 STIM_START
239 1 1573429532 LICK
239 1 1574092080 STIM_END_RESP_START
239 1 1574456860 LICK
239 1 1574457396 REWARD_START
239 1 1574685252 LICK
239 1 1574899732 LICK
239 1 1575292096 RESP_END
239 1 1574467952 REWARD_END
240 1 1577297592 STIM_START
240 1 1578397724 STIM_END_RESP_START
240 1 1579597744 RESP_END
241 0 1581268240 STIM_START
241 0 1582368368 STIM_END_RESP_START
241 0 1583568392 RESP_END
242 0 1585539852 STIM_START
242 0 1586639984 STIM_END_RESP_START
242 0 1587840012 RESP_END
243 1 1589756496 STIM_START
243 1 1590856624 STIM_END_RESP_START
243 1 1592056648 RESP_END
244 1 1593979124 STIM_START
244 1 1595079252 STIM_END_RESP_START
244 1 1596279276 RESP_END
245 1 1597977724 STIM_START
245 1 1599077852 STIM_END_RESP_START
245 1 1599118252 LICK
245 1 1599118792 REWARD_START
245 1 1599295276 LICK
245 1 1600277884 RESP_END
245 1 1599129348 REWARD_END
246 0 1602131352 STIM_START
246 0 1603231476 STIM_END_RESP_START
246 0 1604431500 RESP_END
247 0 1606410016 STIM_START
247 0 1607510148 STIM_END_RESP_START
247 0 1608710172 RESP_END
248 0 1610750688 STIM_START
248 0 1611850820 STIM_END_RESP_START
248 0 1613050840 RESP_END
249 1 1615010316 STIM_START
249 1 1616110444 STIM_END_RESP_START
249 1 1616345420 LICK
249 1 1616345952 REWARD_START
249 1 1616773820 LICK
249 1 1617310492 RESP_END
249 1 1616356512 REWARD_END
250 0 1619074920 STIM_START
250 0 1620175052 STIM_END_RESP_START
250 0 1621375076 RESP_END
251 0 1623147600 STIM_START
251 0 1624247724 STIM_END_RESP_START
251 0 1625447748 RESP_END
252 1 1627370212 STIM_START
252 1 1628470348 STIM_END_RESP_START
252 1 1629670368 RESP_END
253 1 1631674868 STIM_START
253 1 1632775000 STIM_END_RESP_START
253 1 1633975024 RESP_END
254 0 1635707492 STIM_START
254 0 1636807624 STIM_END_RESP_START
254 0 1638007648 RESP_END
255 1 1640008144 STIM_START
255 1 1640417588 LICK
255 1 1641108280 STIM_END_RESP_START
255 1 1642308300 RESP_END
256 0 1644175748 STIM_START
256 0 1645275872 STIM_END_RESP_START
256 0 1646475896 RESP_END
257 1 1648406376 STIM_START
257 1 1649471424 LICK
257 1 1649506492 STIM_END_RESP_START
257 1 1649715656 LICK
257 1 1649716188 REWARD_START
257 1 1650706512 RESP_END
257 1 1649726744 REWARD_END
258 1 1652542056 STIM_START
258 1 1653642180 STIM_END_RESP_START
258 1 1654842208 RESP_END
259 0 1656484656 STIM_START
259 0 1657584784 STIM_END_RESP_START
259 0 1658784808 RESP_END
260 0 1660458260 STIM_START
260 0 1661558388 STIM_END_RESP_START
260 0 1662758412 RESP_END
261 1 1664451848 STIM_START
261 1 1664881644 LICK
261 1 1665551960 STIM_END_RESP_START
261 1 1666751984 RESP_END
262 1 1668760536 STIM_START
262 1 1669860668 STIM_END_RESP_START
262 1 1671060692 RESP_END
263 0 1672661144 STIM_START
263 0 1673761268 STIM_END_RESP_START
263 0 1674961296 RESP_END
264 1 1676693720 STIM_START
264 1 1677793848 STIM_END_RESP_START
264 1 1678993872 RESP_END
265 0 1680656332 STIM_START
265 0 1681756464 STIM_END_RESP_START
265 0 1682956488 RESP_END
266 1 1684754964 STIM_START
266 1 1685855088 STIM_END_RESP_START
266 1 1686018656 LICK
266 1 1686019196 REWARD_START
266 1 1686212088 LICK
266 1 1686399336 LICK
266 1 1686600684 LICK
266 1 1686842264 LICK
266 1 1687055124 RESP_END
266 1 1686029748 REWARD_END
267 0 1689139628 STIM_START
267 0 1690239752 STIM_END_RESP_START
267 0 1691439776 RESP_END
268 1 1693392240 STIM_START
268 1 1694492368 STIM_END_RESP_START
268 1 1695692388 RESP_END
269 0 1697654928 STIM_START
269 0 1698755052 STIM_END_RESP_START
269 0 1699955076 RESP_END
270 0 1701709528 STIM_START
270 0 1702809660 STIM_END_RESP_START
270 0 1704009676 RESP_END
271 1 1705771180 STIM_START
271 1 1706871308 STIM_END_RESP_START
271 1 1708071332 RESP_END
272 1 1710064820 STIM_START
272 1 1711164948 STIM_END_RESP_START
272 1 1712364972 RESP_END
273 0 1714082424 STIM_START
273 0 1715182552 STIM_END_RESP_START
273 0 1716382576 RESP_END
274 1 1718195044 STIM_START
274 1 1719295176 STIM_END_RESP_START
274 1 1720495204 RESP_END
275 0 1722087652 STIM_START
275 0 1723187780 STIM_END_RESP_START
275 0 1724387804 RESP_END
276 1 1725986252 STIM_START
276 1 1727086376 STIM_END_RESP_START
276 1 1728286404 RESP_END
277 0 1730247884 STIM_START
277 0 1731348008 STIM_END_RESP_START
277 0 1732548032 RESP_END
278 1 1734562552 STIM_START
278 1 1735662688 STIM_END_RESP_START
278 1 1736862704 RESP_END
279 0 1738888220 STIM_START
279 0 1739988340 STIM_END_RESP_START
279 0 1741188364 RESP_END
280 0 1743042824 STIM_START
280 0 1744142948 STIM_END_RESP_START
280 0 1745342972 RESP_END
281 1 1747065504 STIM_START
281 1 1748165640 STIM_END_RESP_START
281 1 1749365656 RESP_END
282 1 1751190140 STIM_START
282 1 1752290268 STIM_END_RESP_START
282 1 1753490292 RESP_END
283 1 1755131716 STIM_START
283 1 1756231852 STIM_END_RESP_START
283 1 1757431876 RESP_END
284 0 1759070260 STIM_START
284 0 1760170388 STIM_END_RESP_START
284 0 1761370412 RESP_END
285 1 1763262948 STIM_START
285 1 1764363076 STIM_END_RESP_START
285 1 1765563100 RESP_END
286 0 1767582620 STIM_START
286 0 1768682752 STIM_END_RESP_START
286 0 1769882776 RESP_END
287 0 1771824268 STIM_START
287 0 1772924392 STIM_END_RESP_START
287 0 1774124416 RESP_END
288 1 1776161892 STIM_START
288 1 1777262016 STIM_END_RESP_START
288 1 1778462044 RESP_END
289 0 1780062484 STIM_START
289 0 1781162612 STIM_END_RESP_START
289 0 1782362636 RESP_END
290 0 1784383200 STIM_START
290 0 1785483332 STIM_END_RESP_START
290 0 1786683352 RESP_END
291 0 1788743840 STIM_START
291 0 1789843964 STIM_END_RESP_START
291 0 1791043992 RESP_END
292 1 1792656444 STIM_START
292 1 1793756568 STIM_END_RESP_START
292 1 1794956592 RESP_END
293 0 1796606048 STIM_START
293 0 1797706176 STIM_END_RESP_START
293 0 1798906200 RESP_END
294 1 1800905684 STIM_START
294 1 1802005816 STIM_END_RESP_START
294 1 1803205840 RESP_END
295 0 1804800272 STIM_START
295 0 1805900396 STIM_END_RESP_START
295 0 1807100424 RESP_END
296 0 1808714884 STIM_START
296 0 1809815008 STIM_END_RESP_START
296 0 1811015036 RESP_END
297 0 1812716536 STIM_START
297 0 1813816668 STIM_END_RESP_START
297 0 1815016692 RESP_END
298 1 1816997140 STIM_START
298 1 1818097268 STIM_END_RESP_START
298 1 1819297292 RESP_END
299 0 1820994776 STIM_START
299 0 1822094904 STIM_END_RESP_START
299 0 1823294928 RESP_END
300 1 1825176444 STIM_START
300 1 1826276576 STIM_END_RESP_START
300 1 1827476604 RESP_END
301 0 1829495072 STIM_START
301 0 1830595200 STIM_END_RESP_START
301 0 1831795224 RESP_END
302 1 1833572728 STIM_START
302 1 1834672856 STIM_END_RESP_START
302 1 1835872884 RESP_END
303 1 1837786324 STIM_START
303 1 1838886452 STIM_END_RESP_START
303 1 1839743716 LICK
303 1 1839744260 REWARD_START
303 1 1840086472 RESP_END
303 1 1839754812 REWARD_END
304 0 1845390516 STIM_START
304 0 1846181212 LICK
304 0 1846490648 STIM_END_RESP_START
304 0 1847690672 RESP_END
305 1 1853753764 STIM_START
305 1 1853944972 LICK
305 1 1854177456 LICK
305 1 1854853888 STIM_END_RESP_START
305 1 1855286284 LICK
305 1 1855286820 REWARD_START
305 1 1856053924 RESP_END
305 1 1855297388 REWARD_END
306 1 1859362620 STIM_START
306 1 1860001544 LICK
306 1 1860205144 LICK
306 1 1860387124 LICK
306 1 1860462768 STIM_END_RESP_START
306 1 1861662792 RESP_END
307 1 1863384240 STIM_START
307 1 1863621356 LICK
307 1 1863794440 LICK
307 1 1864484372 STIM_END_RESP_START
307 1 1864490436 LICK
307 1 1864490976 REWARD_START
307 1 1864693512 LICK
307 1 1864886024 LICK
307 1 1865098220 LICK
307 1 1865276204 LICK
307 1 1865684388 RESP_END
307 1 1864501536 REWARD_END
308 0 1867612940 STIM_START
308 0 1867911864 LICK
308 0 1868090440 LICK
308 0 1868713056 STIM_END_RESP_START
308 0 1869913072 RESP_END
309 0 1871571528 STIM_START
309 0 1871808492 LICK
309 0 1872527948 LICK
309 0 1872671668 STIM_END_RESP_START
309 0 1873059312 LICK
309 0 1873059852 TIMEOUT_START
309 0 1873282592 LICK
309 0 1873283128 TIMEOUT_START
309 0 1873871680 RESP_END
309 0 1880283684 TIMEOUT_END
310 0 1883409352 STIM_START
310 0 1884465780 LICK
310 0 1884509480 STIM_END_RESP_START
310 0 1885077532 LICK
310 0 1885078064 TIMEOUT_START
310 0 1885301376 LICK
310 0 1885301916 TIMEOUT_START
310 0 1885524268 LICK
310 0 1885524800 TIMEOUT_START
310 0 1885709496 RESP_END
310 0 1892525360 TIMEOUT_END
311 1 1894582020 STIM_START
311 1 1894913652 LICK
311 1 1895682148 STIM_END_RESP_START
311 1 1896417448 LICK
311 1 1896417980 REWARD_START
311 1 1896673564 LICK
311 1 1896882168 RESP_END
311 1 1896428556 REWARD_END
312 0 1898553652 STIM_START
312 0 1899653776 STIM_END_RESP_START
312 0 1900853800 RESP_END
313 1 1902838300 STIM_START
313 1 1903751532 LICK
313 1 1903938436 STIM_END_RESP_START
313 1 1904008872 LICK
313 1 1904009408 REWARD_START
313 1 1904306080 LICK
313 1 1905138452 RESP_END
313 1 1904019964 REWARD_END
314 0 1907109948 STIM_START
314 0 1908210076 STIM_END_RESP_START
314 0 1909410104 RESP_END
315 1 1911330584 STIM_START
315 1 1912430716 STIM_END_RESP_START
315 1 1913630740 RESP_END
316 1 1915444208 STIM_START
316 1 1916544344 STIM_END_RESP_START
316 1 1917744368 RESP_END
317 0 1921386148 STIM_START
317 0 1922486280 STIM_END_RESP_START
317 0 1923686300 RESP_END
318 1 1925444744 STIM_START
318 1 1925848840 LICK
318 1 1926048592 LICK
318 1 1926544868 STIM_END_RESP_START
318 1 1926579788 LICK
318 1 1926580324 REWARD_START
318 1 1926828620 LICK
318 1 1927037924 LICK
318 1 1927744888 RESP_END
318 1 1926590880 REWARD_END
319 1 1929637412 STIM_START
319 1 1930737540 STIM_END_RESP_START
319 1 1931937564 RESP_END
320 0 1933558996 STIM_START
320 0 1934659124 STIM_END_RESP_START
320 0 1935859148 RESP_END
321 1 1937658624 STIM_START
321 1 1938758756 STIM_END_RESP_START
321 1 1939958776 RESP_END
322 1 1941581208 STIM_START
322 1 1942681336 STIM_END_RESP_START
322 1 1943881360 RESP_END
323 1 1945540836 STIM_START
323 1 1946640964 STIM_END_RESP_START
323 1 1946756596 LICK
323 1 1946757132 REWARD_START
323 1 1946956588 LICK
323 1 1947180284 LICK
323 1 1947841004 RESP_END
323 1 1946767684 REWARD_END
324 0 1949486452 STIM_START
324 0 1950586580 STIM_END_RESP_START
324 0 1951786608 RESP_END
325 1 1953487068 STIM_START
325 1 1954587196 STIM_END_RESP_START
325 1 1955787220 RESP_END
326 0 1957446612 STIM_START
326 0 1958546748 STIM_END_RESP_START
326 0 1959746772 RESP_END
327 1 1961626312 STIM_START
327 1 1962726444 STIM_END_RESP_START
327 1 1963926464 RESP_END
328 0 1965805900 STIM_START
328 0 1966906032 STIM_END_RESP_START
328 0 1968106056 RESP_END
329 0 1970158584 STIM_START
329 0 1971258720 STIM_END_RESP_START
329 0 1972458744 RESP_END
330 1 1974280232 STIM_START
330 1 1975380356 STIM_END_RESP_START
330 1 1976580384 RESP_END
331 1 1978311784 STIM_START
331 1 1979411912 STIM_END_RESP_START
331 1 1980611936 RESP_END
332 1 1982686512 STIM_START
332 1 1983786640 STIM_END_RESP_START
332 1 1984986664 RESP_END
333 0 1986685148 STIM_START
333 0 1987785276 STIM_END_RESP_START
333 0 1988310540 LICK
333 0 1988311080 TIMEOUT_START
333 0 1988985316 RESP_END
333 0 1995311632 TIMEOUT_END
334 1 1997031680 STIM_START
334 1 1997591904 LICK
334 1 1998131832 STIM_END_RESP_START
334 1 1998373980 LICK
334 1 1998374512 REWARD_START
334 1 1998581020 LICK
334 1 1998802236 LICK
334 1 1999161208 LICK
334 1 1999331860 RESP_END
334 1 1998385084 REWARD_END
335 1 2001366376 STIM_START
335 1 2002466504 STIM_END_RESP_START
335 1 2003666528 RESP_END
336 1 2005491004 STIM_START
336 1 2006591132 STIM_END_RESP_START
336 1 2007791160 RESP_END
337 0 2009655608 STIM_START
337 0 2010755736 STIM_END_RESP_START
337 0 2011955760 RESP_END
338 0 2013770280 STIM_START
338 0 2014870404 STIM_END_RESP_START
338 0 2016070432 RESP_END
339 1 2018069896 STIM_START
339 1 2019170024 STIM_END_RESP_START
339 1 2020370048 RESP_END
340 1 2022281568 STIM_START
340 1 2023381696 STIM_END_RESP_START
340 1 2024581720 RESP_END
341 0 2026561200 STIM_START
341 0 2027661332 STIM_END_RESP_START
341 0 2028861352 RESP_END
342 0 2030894884 STIM_START
342 0 2031995020 STIM_END_RESP_START
342 0 2033195044 RESP_END
343 1 2034968484 STIM_START
343 1 2036068616 STIM_END_RESP_START
343 1 2037268640 RESP_END
344 0 2039308112 STIM_START
344 0 2040408244 STIM_END_RESP_START
344 0 2041608272 RESP_END
345 1 2043442800 STIM_START
345 1 2044542928 STIM_END_RESP_START
345 1 2045742956 RESP_END
346 1 2047704420 STIM_START
346 1 2048804548 STIM_END_RESP_START
346 1 2050004572 RESP_END
347 1 2051814080 STIM_START
347 1 2052914212 STIM_END_RESP_START
347 1 2054114232 RESP_END
348 0 2055796656 STIM_START
348 0 2056896788 STIM_END_RESP_START
348 0 2058096812 RESP_END
349 1 2059899316 STIM_START
349 1 2060545812 LICK
349 1 2060999448 STIM_END_RESP_START
349 1 2062199476 RESP_END
350 1 2063793904 STIM_START
350 1 2064894036 STIM_END_RESP_START
350 1 2064994836 LICK
350 1 2064995376 REWARD_START
350 1 2065535864 LICK
350 1 2065768848 LICK
350 1 2066071724 LICK
350 1 2066094052 RESP_END
350 1 2065005928 REWARD_END
351 1 2068418620 STIM_START
351 1 2069518752 STIM_END_RESP_START
351 1 2070718776 RESP_END
352 0 2072679264 STIM_START
352 0 2073779396 STIM_END_RESP_START
352 0 2074979416 RESP_END
353 0 2076892928 STIM_START
353 0 2077993056 STIM_END_RESP_START
353 0 2079193076 RESP_END
354 1 2080991508 STIM_START
354 1 2082091636 STIM_END_RESP_START
354 1 2083291660 RESP_END
355 1 2085184148 STIM_START
355 1 2086284276 STIM_END_RESP_START
355 1 2087484300 RESP_END
356 0 2089378812 STIM_START
356 0 2090478944 STIM_END_RESP_START
356 0 2091678968 RESP_END
357 0 2093360444 STIM_START
357 0 2094460572 STIM_END_RESP_START
357 0 2095660600 RESP_END
358 1 2097718092 STIM_START
358 1 2098818224 STIM_END_RESP_START
358 1 2100018244 RESP_END
359 0 2101760688 STIM_START
359 0 2102860812 STIM_END_RESP_START
359 0 2104060828 RESP_END
360 0 2105919352 STIM_START
360 0 2107019484 STIM_END_RESP_START
360 0 2108219508 RESP_END
361 1 2109938924 STIM_START
361 1 2111039048 STIM_END_RESP_START
361 1 2112239072 RESP_END
362 1 2114072584 STIM_START
362 1 2115172712 STIM_END_RESP_START
362 1 2116372736 RESP_END
363 1 2118350260 STIM_START
363 1 2119450384 STIM_END_RESP_START
363 1 2120650408 RESP_END
364 0 2122692904 STIM_START
364 0 2123793032 STIM_END_RESP_START
364 0 2124993056 RESP_END
365 0 2127073540 STIM_START
365 0 2127441652 LICK
365 0 2128173684 STIM_END_RESP_START
365 0 2129373708 RESP_END
366 0 2132438380 STIM_START
366 0 2133538504 STIM_END_RESP_START
366 0 2134738528 RESP_END
367 1 2138380300 STIM_START
367 1 2139480424 STIM_END_RESP_START
367 1 2140680448 RESP_END
368 1 2142718916 STIM_START
368 1 2143129052 LICK
368 1 2143325220 LICK
368 1 2143819056 STIM_END_RESP_START
368 1 2145019080 RESP_END
369 0 2147101596 STIM_START
369 0 2148201728 STIM_END_RESP_START
369 0 2149401752 RESP_END
370 0 2151323288 STIM_START
370 0 2151364872 LICK
370 0 2152423416 STIM_END_RESP_START
370 0 2153082812 LICK
370 0 2153083348 TIMEOUT_START
370 0 2153623436 RESP_END
370 0 2160083904 TIMEOUT_END
371 0 2163307108 STIM_START
371 0 2164118280 LICK
371 0 2164407232 STIM_END_RESP_START
371 0 2165607260 RESP_END
372 1 2167272672 STIM_START
372 1 2168372796 STIM_END_RESP_START
372 1 2168766484 LICK
372 1 2168767020 REWARD_START
372 1 2169067272 LICK
372 1 2169349512 LICK
372 1 2169572844 RESP_END
372 1 2168777592 REWARD_END
373 0 2171974412 STIM_START
373 0 2172585168 LICK
373 0 2173074564 STIM_END_RESP_START
373 0 2174274588 RESP_END
374 0 2176101032 STIM_START
374 0 2177201164 STIM_END_RESP_START
374 0 2178206264 LICK
374 0 2178206804 TIMEOUT_START
374 0 2178401180 RESP_END
374 0 2185207360 TIMEOUT_END
375 0 2188946008 STIM_START
375 0 2189442272 LICK
375 0 2190046140 STIM_END_RESP_START
375 0 2191246168 RESP_END
376 1 2193191668 STIM_START
376 1 2194291800 STIM_END_RESP_START
376 1 2195491820 RESP_END
377 0 2197470296 STIM_START
377 0 2198570424 STIM_END_RESP_START
377 0 2199770448 RESP_END
378 0 2201643912 STIM_START
378 0 2202744048 STIM_END_RESP_START
378 0 2203944072 RESP_END
379 1 2205766556 STIM_START
379 1 2206191240 LICK
379 1 2206356284 LICK
379 1 2206866688 STIM_END_RESP_START
379 1 2208066712 RESP_END
380 1 2209708152 STIM_START
380 1 2210808280 STIM_END_RESP_START
380 1 2212008304 RESP_END
381 0 2214087852 STIM_START
381 0 2215187980 STIM_END_RESP_START
381 0 2216388004 RESP_END
382 1 2218285488 STIM_START
382 1 2219385612 STIM_END_RESP_START
382 1 2220585636 RESP_END
383 0 2222267088 STIM_START
383 0 2223367224 STIM_END_RESP_START
383 0 2224567240 RESP_END
384 1 2226585748 STIM_START
384 1 2227685876 STIM_END_RESP_START
384 1 2228885900 RESP_END
385 0 2230863404 STIM_START
385 0 2231963532 STIM_END_RESP_START
385 0 2233163556 RESP_END
386 0 2235137084 STIM_START
386 0 2236237212 STIM_END_RESP_START
386 0 2237437236 RESP_END
387 1 2239136692 STIM_START
387 1 2240236824 STIM_END_RESP_START
387 1 2241436848 RESP_END
388 1 2243384332 STIM_START
388 1 2244484460 STIM_END_RESP_START
388 1 2245684484 RESP_END
389 1 2247328932 STIM_START
389 1 2248429056 STIM_END_RESP_START
389 1 2249629084 RESP_END
390 0 2251609556 STIM_START
390 0 2252709684 STIM_END_RESP_START
390 0 2253909712 RESP_END
391 1 2255570168 STIM_START
391 1 2256670292 STIM_END_RESP_START
391 1 2257870316 RESP_END
392 1 2259832848 STIM_START
392 1 2260932976 STIM_END_RESP_START
392 1 2262133000 RESP_END
393 0 2263815452 STIM_START
393 0 2264915580 STIM_END_RESP_START
USER_EXIT