001 1 0007011860 STIM_START
001 1 0008021372 STIM_END_RESP_START
001 1 0009221420 RESP_END
002 1 0011188500 STIM_START
002 1 0012197988 STIM_END_RESP_START
002 1 0013398012 RESP_END
003 1 0015470900 STIM_START
003 1 0016480392 STIM_END_RESP_START
003 1 0017680420 RESP_END
004 0 0019470560 STIM_START
004 0 0020480052 STIM_END_RESP_START
004 0 0021680072 RESP_END
005 0 0023572628 STIM_START
005 0 0024582116 STIM_END_RESP_START
005 0 0025782144 RESP_END
006 1 0027584764 STIM_START
006 1 0028594256 STIM_END_RESP_START
006 1 0029794280 RESP_END
007 1 0031874728 STIM_START
007 1 0032884220 STIM_END_RESP_START
007 1 0034084248 RESP_END
008 0 0036148712 STIM_START
008 0 0037158204 STIM_END_RESP_START
008 0 0038358236 RESP_END
009 0 0040283768 STIM_START
009 0 0041293260 STIM_END_RESP_START
009 0 0042493288 RESP_END
010 0 0044275860 STIM_START
010 0 0045285344 STIM_END_RESP_START
010 0 0046485372 RESP_END
USER_EXIT