001 1 0004610236 STIM_START
001 1 0004866288 LICK
001 1 0005508740 LICK
001 1 0005609544 STIM_END_RESP_START
001 1 0006809588 RESP_END
002 1 0011057004 STIM_START
002 1 0012056332 STIM_END_RESP_START
002 1 0013256360 RESP_END
003 1 0015478040 STIM_START
003 1 0016477372 STIM_END_RESP_START
003 1 0017677400 RESP_END
004 0 0019988068 STIM_START
004 0 0020987400 STIM_END_RESP_START
004 0 0022187428 RESP_END
005 1 0024574036 STIM_START
005 1 0025573364 STIM_END_RESP_START
005 1 0026773392 RESP_END
006 0 0029232972 STIM_START
006 0 0030232304 STIM_END_RESP_START
006 0 0030799072 LICK
006 0 0030799476 TIMEOUT_START
006 0 0031432348 RESP_END
006 0 0037799908 TIMEOUT_END
007 0 0040362580 STIM_START
007 0 0041361884 STIM_END_RESP_START
007 0 0042561916 RESP_END
008 1 0044735700 STIM_START
008 1 0045734996 STIM_END_RESP_START
008 1 0045832296 LICK
008 1 0045832704 REWARD_START
008 1 0046935036 RESP_END
008 1 0045853152 REWARD_END
009 0 0049874256 STIM_START
009 0 0050873588 STIM_END_RESP_START
009 0 0052073620 RESP_END
010 0 0054297336 STIM_START
010 0 0055296668 STIM_END_RESP_START
010 0 0056496696 RESP_END
011 1 0058724384 STIM_START
011 1 0059723708 STIM_END_RESP_START
011 1 0060923740 RESP_END
012 0 0063527204 STIM_START
012 0 0064526500 STIM_END_RESP_START
012 0 0065726532 RESP_END
013 0 0069835052 STIM_START
013 0 0070834348 STIM_END_RESP_START
013 0 0072034380 RESP_END
014 0 0074204176 STIM_START
014 0 0075203500 STIM_END_RESP_START
014 0 0076403532 RESP_END
015 1 0078682200 STIM_START
015 1 0079681524 STIM_END_RESP_START
015 1 0080881560 RESP_END
016 1 0083242168 STIM_START
016 1 0084241464 STIM_END_RESP_START
016 1 0085441484 RESP_END
017 0 0087868084 STIM_START
017 0 0088867416 STIM_END_RESP_START
017 0 0090067448 RESP_END
018 1 0092608960 STIM_START
018 1 0093608288 STIM_END_RESP_START
018 1 0094808320 RESP_END
019 1 0097197920 STIM_START
019 1 0098197216 STIM_END_RESP_START
019 1 0099397248 RESP_END
020 1 0101932792 STIM_START
020 1 0102932108 STIM_END_RESP_START
020 1 0103394508 LICK
020 1 0103394960 REWARD_START
020 1 0104132120 RESP_END
020 1 0103415452 REWARD_END
021 0 0117752232 STIM_START
021 0 0118751560 STIM_END_RESP_START
021 0 0119951576 RESP_END
022 1 0132150672 STIM_START
022 1 0133149980 STIM_END_RESP_START
022 1 0133164560 LICK
022 1 0133165012 REWARD_START
022 1 0133358468 LICK
022 1 0133534264 LICK
022 1 0133834424 LICK
022 1 0134161600 LICK
022 1 0134318428 LICK
022 1 0134350016 RESP_END
022 1 0133185500 REWARD_END
023 0 0145793544 STIM_START
023 0 0146260376 LICK
023 0 0146416044 LICK
023 0 0146792856 STIM_END_RESP_START
023 0 0147992872 RESP_END
024 1 0156059676 STIM_START
024 1 0157000904 LICK
024 1 0157059000 STIM_END_RESP_START
024 1 0157247204 LICK
024 1 0157247664 REWARD_START
024 1 0157455008 LICK
024 1 0157597432 LICK
024 1 0157774712 LICK
024 1 0158077108 LICK
024 1 0158259012 RESP_END
024 1 0157268156 REWARD_END
025 0 0167671944 STIM_START
025 0 0168671256 STIM_END_RESP_START
025 0 0169720432 LICK
025 0 0169720892 TIMEOUT_START
025 0 0169871292 RESP_END
025 0 0176721356 TIMEOUT_END
026 0 0179204308 STIM_START
026 0 0180203620 STIM_END_RESP_START
026 0 0181403668 RESP_END
027 1 0186849188 STIM_START
027 1 0187403088 LICK
027 1 0187595852 LICK
027 1 0187777304 LICK
027 1 0187848504 STIM_END_RESP_START
027 1 0188880996 LICK
027 1 0188881444 REWARD_START
027 1 0189048552 RESP_END
027 1 0188901936 REWARD_END
028 0 0192722288 STIM_START
028 0 0193001700 LICK
028 0 0193721612 STIM_END_RESP_START
028 0 0194249400 LICK
028 0 0194249860 TIMEOUT_START
028 0 0194388420 LICK
028 0 0194388872 TIMEOUT_START
028 0 0194921644 RESP_END
028 0 0201389356 TIMEOUT_END
029 1 0203803916 STIM_START
029 1 0204447312 LICK
029 1 0204621068 LICK
029 1 0204803248 STIM_END_RESP_START
029 1 0205195796 LICK
029 1 0205196248 REWARD_START
029 1 0205387140 LICK
029 1 0205674928 LICK
029 1 0205793764 LICK
029 1 0206003268 RESP_END
029 1 0205216740 REWARD_END
030 0 0210276560 STIM_START
030 0 0210601556 LICK
030 0 0210806176 LICK
030 0 0211275876 STIM_END_RESP_START
030 0 0211966728 LICK
030 0 0211967188 TIMEOUT_START
030 0 0212475892 RESP_END
030 0 0218967668 TIMEOUT_END
031 0 0221191300 STIM_START
031 0 0222190612 STIM_END_RESP_START
031 0 0222244848 LICK
031 0 0222245308 TIMEOUT_START
031 0 0222522832 LICK
031 0 0222523284 TIMEOUT_START
031 0 0222723000 LICK
031 0 0222723456 TIMEOUT_START
031 0 0222902036 LICK
031 0 0222902492 TIMEOUT_START
031 0 0223102308 LICK
031 0 0223102760 TIMEOUT_START
031 0 0223313552 LICK
031 0 0223314012 TIMEOUT_START
031 0 0223390652 RESP_END
031 0 0230314484 TIMEOUT_END
032 0 0233438136 STIM_START
032 0 0234067732 LICK
032 0 0234437436 STIM_END_RESP_START
032 0 0234757212 LICK
032 0 0234757664 TIMEOUT_START
032 0 0234833528 LICK
032 0 0234833988 TIMEOUT_START
032 0 0234978456 LICK
032 0 0234978912 TIMEOUT_START
032 0 0235220648 LICK
032 0 0235221104 TIMEOUT_START
032 0 0235637484 RESP_END
032 0 0242221572 TIMEOUT_END
033 1 0244595704 STIM_START
033 1 0245391588 LICK
033 1 0245595000 STIM_END_RESP_START
033 1 0246795020 RESP_END
034 0 0251200300 STIM_START
034 0 0252199612 STIM_END_RESP_START
034 0 0253399660 RESP_END
035 1 0255622360 STIM_START
035 1 0255900496 LICK
035 1 0256084288 LICK
035 1 0256288972 LICK
035 1 0256489784 LICK
035 1 0256621652 STIM_END_RESP_START
035 1 0256677680 LICK
035 1 0256678140 REWARD_START
035 1 0257821708 RESP_END
035 1 0256698628 REWARD_END
036 1 0261596360 STIM_START
036 1 0262595672 STIM_END_RESP_START
036 1 0262834964 LICK
036 1 0262835424 REWARD_START
036 1 0263041468 LICK
036 1 0263357148 LICK
036 1 0263499004 LICK
036 1 0263610624 LICK
036 1 0263795712 RESP_END
036 1 0262855912 REWARD_END
037 1 0268116008 STIM_START
037 1 0268226892 LICK
037 1 0269095312 LICK
037 1 0269115320 STIM_END_RESP_START
037 1 0270055312 LICK
037 1 0270055772 REWARD_START
037 1 0270315344 RESP_END
037 1 0270076260 REWARD_END
038 0 0272611008 STIM_START
038 0 0272983104 LICK
038 0 0273258492 LICK
038 0 0273392012 LICK
038 0 0273559260 LICK
038 0 0273610312 STIM_END_RESP_START
038 0 0273670208 LICK
038 0 0273670660 TIMEOUT_START
038 0 0273987428 LICK
038 0 0273987884 TIMEOUT_START
038 0 0274197268 LICK
038 0 0274197724 TIMEOUT_START
038 0 0274636576 LICK
038 0 0274637036 TIMEOUT_START
038 0 0274810344 RESP_END
038 0 0281637500 TIMEOUT_END
039 0 0284454092 STIM_START
039 0 0285129812 LICK
039 0 0285453396 STIM_END_RESP_START
039 0 0286304368 LICK
039 0 0286304820 TIMEOUT_START
039 0 0286475532 LICK
039 0 0286475984 TIMEOUT_START
039 0 0286653416 RESP_END
039 0 0293476460 TIMEOUT_END
040 1 0295917440 STIM_START
040 1 0296084960 LICK
040 1 0296264420 LICK
040 1 0296479912 LICK
040 1 0296667336 LICK
040 1 0296855660 LICK
040 1 0296916732 STIM_END_RESP_START
040 1 0297589200 LICK
040 1 0297589652 REWARD_START
040 1 0297788448 LICK
040 1 0297992284 LICK
040 1 0298116744 RESP_END
040 1 0297610144 REWARD_END
041 0 0303359460 STIM_START
041 0 0303433508 LICK
041 0 0304350928 LICK
041 0 0304358756 STIM_END_RESP_START
041 0 0304500712 LICK
041 0 0304501172 TIMEOUT_START
041 0 0304915400 LICK
041 0 0304915860 TIMEOUT_START
041 0 0305558780 RESP_END
041 0 0311916328 TIMEOUT_END
042 0 0314070320 STIM_START
042 0 0314587592 LICK
042 0 0315069644 STIM_END_RESP_START
042 0 0315911772 LICK
042 0 0315912232 TIMEOUT_START
042 0 0316269688 RESP_END
042 0 0322912704 TIMEOUT_END
043 0 0325343764 STIM_START
043 0 0325904632 LICK
043 0 0326122232 LICK
043 0 0326343072 STIM_END_RESP_START
043 0 0326959540 LICK
043 0 0326959992 TIMEOUT_START
043 0 0327164780 LICK
043 0 0327165240 TIMEOUT_START
043 0 0327388916 LICK
043 0 0327389376 TIMEOUT_START
043 0 0327543088 RESP_END
043 0 0334389844 TIMEOUT_END
044 1 0336710160 STIM_START
044 1 0337404116 LICK
044 1 0337627484 LICK
044 1 0337709484 STIM_END_RESP_START
044 1 0338220736 LICK
044 1 0338221196 REWARD_START
044 1 0338909500 RESP_END
044 1 0338241684 REWARD_END
045 1 0344610880 STIM_START
045 1 0345295344 LICK
045 1 0345433616 LICK
045 1 0345610180 STIM_END_RESP_START
045 1 0346810192 RESP_END
046 0 0349338716 STIM_START
046 0 0350338012 STIM_END_RESP_START
046 0 0351461116 LICK
046 0 0351461576 TIMEOUT_START
046 0 0351538044 RESP_END
046 0 0358462048 TIMEOUT_END
047 1 0360829012 STIM_START
047 1 0361274020 LICK
047 1 0361508392 LICK
047 1 0361828316 STIM_END_RESP_START
047 1 0361970072 LICK
047 1 0361970528 REWARD_START
047 1 0362357024 LICK
047 1 0362510772 LICK
047 1 0362915644 LICK
047 1 0363028340 RESP_END
047 1 0361991016 REWARD_END
048 0 0366010600 STIM_START
048 0 0366415584 LICK
048 0 0367009896 STIM_END_RESP_START
048 0 0368209940 RESP_END
049 1 0370667420 STIM_START
049 1 0371010856 LICK
049 1 0371182532 LICK
049 1 0371381160 LICK
049 1 0371666732 STIM_END_RESP_START
049 1 0371795144 LICK
049 1 0371795600 REWARD_START
049 1 0372429764 LICK
049 1 0372805532 LICK
049 1 0372866756 RESP_END
049 1 0371816092 REWARD_END
050 0 0377182056 STIM_START
050 0 0377319780 LICK
050 0 0378181364 STIM_END_RESP_START
050 0 0379381412 RESP_END
051 1 0381839900 STIM_START
051 1 0382747152 LICK
051 1 0382839204 STIM_END_RESP_START
051 1 0383522796 LICK
051 1 0383523256 REWARD_START
051 1 0383693656 LICK
051 1 0383939932 LICK
051 1 0384039248 RESP_END
051 1 0383543748 REWARD_END
052 1 0387765988 STIM_START
052 1 0388519284 LICK
052 1 0388748684 LICK
052 1 0388765292 STIM_END_RESP_START
052 1 0389189432 LICK
052 1 0389189892 REWARD_START
052 1 0389376108 LICK
052 1 0389595744 LICK
052 1 0389737952 LICK
052 1 0389898800 LICK
052 1 0389965336 RESP_END
052 1 0389210368 REWARD_END
053 1 0393441156 STIM_START
053 1 0394019660 LICK
053 1 0394440472 STIM_END_RESP_START
053 1 0395547820 LICK
053 1 0395548272 REWARD_START
053 1 0395640492 RESP_END
053 1 0395568764 REWARD_END
054 0 0402932812 STIM_START
054 0 0403339564 LICK
054 0 0403932120 STIM_END_RESP_START
054 0 0404772676 LICK
054 0 0404773136 TIMEOUT_START
054 0 0404940084 LICK
054 0 0404940540 TIMEOUT_START
054 0 0405118680 LICK
054 0 0405119140 TIMEOUT_START
054 0 0405132168 RESP_END
054 0 0412119608 TIMEOUT_END
055 1 0418351472 STIM_START
055 1 0418807996 LICK
055 1 0419350776 STIM_END_RESP_START
055 1 0419472544 LICK
055 1 0419472996 REWARD_START
055 1 0419920536 LICK
055 1 0420050080 LICK
055 1 0420494892 LICK
055 1 0420550804 RESP_END
055 1 0419493484 REWARD_END
056 0 0424602212 STIM_START
056 0 0424877520 LICK
056 0 0425110824 LICK
056 0 0425345164 LICK
056 0 0425551852 LICK
056 0 0425601532 STIM_END_RESP_START
056 0 0425741972 LICK
056 0 0425742428 TIMEOUT_START
056 0 0425983848 LICK
056 0 0425984312 TIMEOUT_START
056 0 0426138884 LICK
056 0 0426139332 TIMEOUT_START
056 0 0426338792 LICK
056 0 0426339244 TIMEOUT_START
056 0 0426801576 RESP_END
056 0 0433339724 TIMEOUT_END
057 0 0440802368 STIM_START
057 0 0441801684 STIM_END_RESP_START
057 0 0441813028 LICK
057 0 0441813488 TIMEOUT_START
057 0 0442002672 LICK
057 0 0442003124 TIMEOUT_START
057 0 0442845464 LICK
057 0 0442845916 TIMEOUT_START
057 0 0443001712 RESP_END
057 0 0449846392 TIMEOUT_END
058 0 0451956900 STIM_START
058 0 0452956224 STIM_END_RESP_START
058 0 0453767544 LICK
058 0 0453767996 TIMEOUT_START
058 0 0454025644 LICK
058 0 0454026096 TIMEOUT_START
058 0 0454156268 RESP_END
058 0 0461026580 TIMEOUT_END
059 1 0463269324 STIM_START
059 1 0464268644 STIM_END_RESP_START
059 1 0464779188 LICK
059 1 0464779648 REWARD_START
059 1 0465009388 LICK
059 1 0465305220 LICK
059 1 0465468676 RESP_END
059 1 0464800136 REWARD_END
060 0 0472680016 STIM_START
060 0 0473091292 LICK
060 0 0473679316 STIM_END_RESP_START
060 0 0474285404 LICK
060 0 0474285856 TIMEOUT_START
060 0 0474538648 LICK
060 0 0474539104 TIMEOUT_START
060 0 0474879336 RESP_END
060 0 0481539580 TIMEOUT_END
061 1 0483814524 STIM_START
061 1 0484134180 LICK
061 1 0484239384 LICK
061 1 0484413248 LICK
061 1 0484813852 STIM_END_RESP_START
061 1 0485549112 LICK
061 1 0485549564 REWARD_START
061 1 0486013892 RESP_END
061 1 0485570060 REWARD_END
062 0 0489895424 STIM_START
062 0 0490176144 LICK
062 0 0490361812 LICK
062 0 0490755732 LICK
062 0 0490894728 STIM_END_RESP_START
062 0 0490920164 LICK
062 0 0490920616 TIMEOUT_START
062 0 0491079916 LICK
062 0 0491080372 TIMEOUT_START
062 0 0491791872 LICK
062 0 0491792324 TIMEOUT_START
062 0 0492094764 RESP_END
062 0 0498792804 TIMEOUT_END
063 0 0500988016 STIM_START
063 0 0501987324 STIM_END_RESP_START
063 0 0502365536 LICK
063 0 0502365992 TIMEOUT_START
063 0 0503187360 RESP_END
063 0 0509366464 TIMEOUT_END
064 0 0511756780 STIM_START
064 0 0512756096 STIM_END_RESP_START
064 0 0512843356 LICK
064 0 0512843812 TIMEOUT_START
064 0 0513417656 LICK
064 0 0513418108 TIMEOUT_START
064 0 0513595028 LICK
064 0 0513595488 TIMEOUT_START
064 0 0513956136 RESP_END
064 0 0520595964 TIMEOUT_END
065 1 0524139468 STIM_START
065 1 0524456352 LICK
065 1 0524877996 LICK
065 1 0525138768 STIM_END_RESP_START
065 1 0525643648 LICK
065 1 0525644104 REWARD_START
065 1 0526003764 LICK
065 1 0526338816 RESP_END
065 1 0525664592 REWARD_END
066 1 0530291364 STIM_START
066 1 0531290676 STIM_END_RESP_START
066 1 0531393504 LICK
066 1 0531393964 REWARD_START
066 1 0531707852 LICK
066 1 0532141320 LICK
066 1 0532282768 LICK
066 1 0532440320 LICK
066 1 0532490688 RESP_END
066 1 0531414456 REWARD_END
067 0 0546755264 STIM_START
067 0 0547022740 LICK
067 0 0547254916 LICK
067 0 0547754584 STIM_END_RESP_START
067 0 0547958480 LICK
067 0 0547958936 TIMEOUT_START
067 0 0548373000 LICK
067 0 0548373452 TIMEOUT_START
067 0 0548558880 LICK
067 0 0548559332 TIMEOUT_START
067 0 0548764608 LICK
067 0 0548765068 TIMEOUT_START
067 0 0548954616 RESP_END
067 0 0555765532 TIMEOUT_END
068 0 0559219904 STIM_START
068 0 0560219228 STIM_END_RESP_START
068 0 0561307060 LICK
068 0 0561307512 TIMEOUT_START
068 0 0561419260 RESP_END
068 0 0568307992 TIMEOUT_END
069 0 0570630236 STIM_START
069 0 0571629528 STIM_END_RESP_START
069 0 0572829544 RESP_END
070 1 0580676476 STIM_START
070 1 0581675792 STIM_END_RESP_START
070 1 0582002888 LICK
070 1 0582003340 REWARD_START
070 1 0582506548 LICK
070 1 0582834396 LICK
070 1 0582875832 RESP_END
070 1 0582023828 REWARD_END
071 0 0591759000 STIM_START
071 0 0592317992 LICK
071 0 0592566880 LICK
071 0 0592758296 STIM_END_RESP_START
071 0 0593958308 RESP_END
072 0 0598670356 STIM_START
072 0 0599306120 LICK
072 0 0599573068 LICK
072 0 0599669664 STIM_END_RESP_START
072 0 0600468716 LICK
072 0 0600469168 TIMEOUT_START
072 0 0600689400 LICK
072 0 0600689860 TIMEOUT_START
072 0 0600869700 RESP_END
072 0 0607690336 TIMEOUT_END
073 1 0610414488 STIM_START
073 1 0610414964 LICK
073 1 0610654744 LICK
073 1 0610832696 LICK
073 1 0611115512 LICK
073 1 0611413792 STIM_END_RESP_START
073 1 0611682048 LICK
073 1 0611682508 REWARD_START
073 1 0612156076 LICK
073 1 0612471672 LICK
073 1 0612598040 LICK
073 1 0612613832 RESP_END
073 1 0611703000 REWARD_END
074 0 0619462388 STIM_START
074 0 0619948296 LICK
074 0 0620390796 LICK
074 0 0620461684 STIM_END_RESP_START
074 0 0620545880 LICK
074 0 0620546340 TIMEOUT_START
074 0 0620934080 LICK
074 0 0620934540 TIMEOUT_START
074 0 0621275280 LICK
074 0 0621275732 TIMEOUT_START
074 0 0621661708 RESP_END
074 0 0628276212 TIMEOUT_END
075 1 0630675844 STIM_START
075 1 0631259332 LICK
075 1 0631461712 LICK
075 1 0631675156 STIM_END_RESP_START
075 1 0632462536 LICK
075 1 0632462992 REWARD_START
075 1 0632665536 LICK
075 1 0632875184 RESP_END
075 1 0632483484 REWARD_END
076 0 0637843028 STIM_START
076 0 0638045988 LICK
076 0 0638315388 LICK
076 0 0638842320 STIM_END_RESP_START
076 0 0639448132 LICK
076 0 0639448584 TIMEOUT_START
076 0 0639617140 LICK
076 0 0639617592 TIMEOUT_START
076 0 0639791084 LICK
076 0 0639791544 TIMEOUT_START
076 0 0640042364 RESP_END
076 0 0646792016 TIMEOUT_END
077 0 0649059472 STIM_START
077 0 0650058788 STIM_END_RESP_START
077 0 0650104112 LICK
077 0 0650104568 TIMEOUT_START
077 0 0650205332 LICK
077 0 0650205788 TIMEOUT_START
077 0 0650540816 LICK
077 0 0650541272 TIMEOUT_START
077 0 0650919404 LICK
077 0 0650919856 TIMEOUT_START
077 0 0651122324 LICK
077 0 0651122784 TIMEOUT_START
077 0 0651258820 RESP_END
077 0 0658123252 TIMEOUT_END
078 1 0660515720 STIM_START
078 1 0661136128 LICK
078 1 0661515028 STIM_END_RESP_START
078 1 0662161024 LICK
078 1 0662161480 REWARD_START
078 1 0662410844 LICK
078 1 0662715072 RESP_END
078 1 0662181972 REWARD_END
079 0 0667166288 STIM_START
079 0 0667572520 LICK
079 0 0668165588 STIM_END_RESP_START
079 0 0669365600 RESP_END
080 0 0671806192 STIM_START
080 0 0672805508 STIM_END_RESP_START
080 0 0673544284 LICK
080 0 0673544736 TIMEOUT_START
080 0 0673949552 LICK
080 0 0673950008 TIMEOUT_START
080 0 0674005548 RESP_END
080 0 0680950472 TIMEOUT_END
081 0 0683396340 STIM_START
081 0 0684395640 STIM_END_RESP_START
081 0 0684519592 LICK
081 0 0684520044 TIMEOUT_START
081 0 0684734172 LICK
081 0 0684734632 TIMEOUT_START
081 0 0685113952 LICK
081 0 0685114412 TIMEOUT_START
081 0 0685451712 LICK
081 0 0685452168 TIMEOUT_START
081 0 0685595680 RESP_END
081 0 0692452640 TIMEOUT_END
082 1 0694557828 STIM_START
082 1 0695391296 LICK
082 1 0695551660 LICK
082 1 0695557136 STIM_END_RESP_START
082 1 0696757168 RESP_END
083 0 0700805624 STIM_START
083 0 0701192588 LICK
083 0 0701400716 LICK
083 0 0701742740 LICK
083 0 0701804920 STIM_END_RESP_START
083 0 0702196924 LICK
083 0 0702197376 TIMEOUT_START
083 0 0702589800 LICK
083 0 0702590260 TIMEOUT_START
083 0 0703004960 RESP_END
083 0 0709590736 TIMEOUT_END
084 0 0711790248 STIM_START
084 0 0712789564 STIM_END_RESP_START
084 0 0713989596 RESP_END
085 0 0718260872 STIM_START
085 0 0718851096 LICK
085 0 0719260160 STIM_END_RESP_START
085 0 0720358696 LICK
085 0 0720359148 TIMEOUT_START
085 0 0720460196 RESP_END
085 0 0727359628 TIMEOUT_END
086 1 0729555264 STIM_START
086 1 0730288912 LICK
086 1 0730554572 STIM_END_RESP_START
086 1 0731067652 LICK
086 1 0731068108 REWARD_START
086 1 0731273984 LICK
086 1 0731754600 RESP_END
086 1 0731088600 REWARD_END
087 0 0735604188 STIM_START
087 0 0736072288 LICK
087 0 0736336816 LICK
087 0 0736603488 STIM_END_RESP_START
087 0 0737198988 LICK
087 0 0737199448 TIMEOUT_START
087 0 0737803532 RESP_END
087 0 0744199928 TIMEOUT_END
088 0 0746427900 STIM_START
088 0 0747427196 STIM_END_RESP_START
088 0 0748622036 LICK
088 0 0748622492 TIMEOUT_START
088 0 0748627228 RESP_END
088 0 0755622976 TIMEOUT_END
089 0 0757937104 STIM_START
089 0 0758936396 STIM_END_RESP_START
089 0 0759750792 LICK
089 0 0759751248 TIMEOUT_START
089 0 0760136424 RESP_END
089 0 0766751728 TIMEOUT_END
090 1 0768853760 STIM_START
090 1 0769388920 LICK
090 1 0769608740 LICK
090 1 0769853080 STIM_END_RESP_START
090 1 0769897172 LICK
090 1 0769897632 REWARD_START
090 1 0770072036 LICK
090 1 0771053116 RESP_END
090 1 0769918124 REWARD_END
091 0 0775913032 STIM_START
091 0 0776173992 LICK
091 0 0776802488 LICK
091 0 0776912344 STIM_END_RESP_START
091 0 0777011980 LICK
091 0 0777012440 TIMEOUT_START
091 0 0777568660 LICK
091 0 0777569116 TIMEOUT_START
091 0 0777914968 LICK
091 0 0777915428 TIMEOUT_START
091 0 0778112372 RESP_END
091 0 0784915896 TIMEOUT_END
092 1 0787128444 STIM_START
092 1 0788127768 STIM_END_RESP_START
092 1 0789327808 RESP_END
093 0 0794897236 STIM_START
093 0 0795442480 LICK
093 0 0795623672 LICK
093 0 0795896532 STIM_END_RESP_START
093 0 0796048092 LICK
093 0 0796048552 TIMEOUT_START
093 0 0796253848 LICK
093 0 0796254312 TIMEOUT_START
093 0 0796618248 LICK
093 0 0796618700 TIMEOUT_START
093 0 0796955520 LICK
093 0 0796955976 TIMEOUT_START
093 0 0797096572 RESP_END
093 0 0803956452 TIMEOUT_END
094 0 0806494356 STIM_START
094 0 0807493672 STIM_END_RESP_START
094 0 0808066112 LICK
094 0 0808066564 TIMEOUT_START
094 0 0808693712 RESP_END
094 0 0815067040 TIMEOUT_END
095 0 0817220140 STIM_START
095 0 0818219456 STIM_END_RESP_START
095 0 0818465156 LICK
095 0 0818465612 TIMEOUT_START
095 0 0818679092 LICK
095 0 0818679548 TIMEOUT_START
095 0 0819131208 LICK
095 0 0819131668 TIMEOUT_START
095 0 0819328284 LICK
095 0 0819328736 TIMEOUT_START
095 0 0819419472 RESP_END
095 0 0826329212 TIMEOUT_END
096 1 0828688452 STIM_START
096 1 0829397452 LICK
096 1 0829687740 STIM_END_RESP_START
096 1 0830589924 LICK
096 1 0830590384 REWARD_START
096 1 0830821116 LICK
096 1 0830887768 RESP_END
096 1 0830610876 REWARD_END
097 1 0834715328 STIM_START
097 1 0834960352 LICK
097 1 0835585976 LICK
097 1 0835714632 STIM_END_RESP_START
097 1 0836008072 LICK
097 1 0836008524 REWARD_START
097 1 0836204332 LICK
097 1 0836803940 LICK
097 1 0836914668 RESP_END
097 1 0836029016 REWARD_END
098 1 0841049056 STIM_START
098 1 0841049528 LICK
098 1 0842048352 STIM_END_RESP_START
098 1 0842119268 LICK
098 1 0842119724 REWARD_START
098 1 0842607536 LICK
098 1 0842885988 LICK
098 1 0843031480 LICK
098 1 0843205560 LICK
098 1 0843248376 RESP_END
098 1 0842140200 REWARD_END
099 0 0852182584 STIM_START
099 0 0852589136 LICK
099 0 0852978648 LICK
099 0 0853166268 LICK
099 0 0853181884 STIM_END_RESP_START
099 0 0853853644 LICK
099 0 0853854096 TIMEOUT_START
099 0 0854211696 LICK
099 0 0854212148 TIMEOUT_START
099 0 0854381904 RESP_END
099 0 0861212624 TIMEOUT_END
100 1 0863366000 STIM_START
100 1 0864365288 STIM_END_RESP_START
100 1 0865565332 RESP_END
101 0 0869086180 STIM_START
101 0 0869792716 LICK
101 0 0870006940 LICK
101 0 0870085472 STIM_END_RESP_START
101 0 0870990928 LICK
101 0 0870991380 TIMEOUT_START
101 0 0871232016 LICK
101 0 0871232468 TIMEOUT_START
101 0 0871285484 RESP_END
101 0 0878232952 TIMEOUT_END
102 0 0880381560 STIM_START
102 0 0881380876 STIM_END_RESP_START
102 0 0881715512 LICK
102 0 0881715964 TIMEOUT_START
102 0 0882136868 LICK
102 0 0882137324 TIMEOUT_START
102 0 0882580908 RESP_END
102 0 0889137800 TIMEOUT_END
103 1 0891813844 STIM_START
103 1 0892525368 LICK
103 1 0892813164 STIM_END_RESP_START
103 1 0893258848 LICK
103 1 0893259300 REWARD_START
103 1 0893652440 LICK
103 1 0893785084 LICK
103 1 0893958664 LICK
103 1 0894013184 RESP_END
103 1 0893279792 REWARD_END
104 1 0897884724 STIM_START
104 1 0898219284 LICK
104 1 0898444096 LICK
104 1 0898884028 STIM_END_RESP_START
104 1 0899096704 LICK
104 1 0899097156 REWARD_START
104 1 0899283328 LICK
104 1 0899429912 LICK
104 1 0899735288 LICK
104 1 0899997268 LICK
104 1 0900084048 RESP_END
104 1 0899117652 REWARD_END
105 1 0906486904 STIM_START
105 1 0907397416 LICK
105 1 0907486196 STIM_END_RESP_START
105 1 0908040292 LICK
105 1 0908040744 REWARD_START
105 1 0908525176 LICK
105 1 0908650608 LICK
105 1 0908686220 RESP_END
105 1 0908061236 REWARD_END
106 0 0918525760 STIM_START
106 0 0919214712 LICK
106 0 0919525056 STIM_END_RESP_START
106 0 0919586660 LICK
106 0 0919587120 TIMEOUT_START
106 0 0920117380 LICK
106 0 0920117832 TIMEOUT_START
106 0 0920302920 LICK
106 0 0920303372 TIMEOUT_START
106 0 0920725076 RESP_END
106 0 0927303852 TIMEOUT_END
107 0 0929541332 STIM_START
107 0 0930540644 STIM_END_RESP_START
107 0 0931260652 LICK
107 0 0931261108 TIMEOUT_START
107 0 0931445972 LICK
107 0 0931446424 TIMEOUT_START
107 0 0931645280 LICK
107 0 0931645740 TIMEOUT_START
107 0 0931740684 RESP_END
107 0 0938646212 TIMEOUT_END
108 1 0940812708 STIM_START
108 1 0941812028 STIM_END_RESP_START
108 1 0943012044 RESP_END
109 1 0946514892 STIM_START
109 1 0947193080 LICK
109 1 0947514184 STIM_END_RESP_START
109 1 0948365848 LICK
109 1 0948366300 REWARD_START
109 1 0948714208 RESP_END
109 1 0948386792 REWARD_END
110 0 0953025544 STIM_START
110 0 0953332636 LICK
110 0 0953579304 LICK
110 0 0953769680 LICK
110 0 0954024836 STIM_END_RESP_START
110 0 0954168236 LICK
110 0 0954168696 TIMEOUT_START
110 0 0954333164 LICK
110 0 0954333624 TIMEOUT_START
110 0 0955224880 RESP_END
110 0 0961334092 TIMEOUT_END
111 0 0963726252 STIM_START
111 0 0964725564 STIM_END_RESP_START
111 0 0965925580 RESP_END
112 0 0968488044 STIM_START
112 0 0969487348 STIM_END_RESP_START
112 0 0969783220 LICK
112 0 0969783680 TIMEOUT_START
112 0 0970687368 RESP_END
112 0 0976784144 TIMEOUT_END
113 1 0979277740 STIM_START
113 1 0980277052 STIM_END_RESP_START
113 1 0981477068 RESP_END
114 0 0984050560 STIM_START
114 0 0985008116 LICK
114 0 0985049868 STIM_END_RESP_START
114 0 0985155764 LICK
114 0 0985156220 TIMEOUT_START
114 0 0985328100 LICK
114 0 0985328552 TIMEOUT_START
114 0 0985565960 LICK
114 0 0985566424 TIMEOUT_START
114 0 0985693452 LICK
114 0 0985693900 TIMEOUT_START
114 0 0985879480 LICK
114 0 0985879940 TIMEOUT_START
114 0 0986058508 LICK
114 0 0986058968 TIMEOUT_START
114 0 0986249912 RESP_END
114 0 0993059436 TIMEOUT_END
115 0 0995456852 STIM_START
115 0 0996088700 LICK
115 0 0996456164 STIM_END_RESP_START
115 0 0996561692 LICK
115 0 0996562152 TIMEOUT_START
115 0 0997006476 LICK
115 0 0997006928 TIMEOUT_START
115 0 0997204140 LICK
115 0 0997204596 TIMEOUT_START
115 0 0997381476 LICK
115 0 0997381928 TIMEOUT_START
115 0 0997599768 LICK
115 0 0997600224 TIMEOUT_START
115 0 0997656204 RESP_END
115 0 1004600708 TIMEOUT_END
116 0 1007147912 STIM_START
116 0 1007901244 LICK
116 0 1008147200 STIM_END_RESP_START
116 0 1008148260 LICK
116 0 1008148764 TIMEOUT_START
116 0 1009347236 RESP_END
116 0 1015149272 TIMEOUT_END
117 1 1017632856 STIM_START
117 1 1018502720 LICK
117 1 1018632164 STIM_END_RESP_START
117 1 1018665248 LICK
117 1 1018665744 REWARD_START
117 1 1018866788 LICK
117 1 1019020716 LICK
117 1 1019333708 LICK
117 1 1019764104 LICK
117 1 1019832184 RESP_END
117 1 1018686280 REWARD_END
118 1 1025569468 STIM_START
118 1 1025877060 LICK
118 1 1026526828 LICK
118 1 1026568780 STIM_END_RESP_START
118 1 1026893504 LICK
118 1 1026894008 REWARD_START
118 1 1027081664 LICK
118 1 1027376484 LICK
118 1 1027507236 LICK
118 1 1027669820 LICK
118 1 1027768816 RESP_END
118 1 1026914544 REWARD_END
119 1 1031982136 STIM_START
119 1 1032170212 LICK
119 1 1032873592 LICK
119 1 1032981444 STIM_END_RESP_START
119 1 1033056972 LICK
119 1 1033057476 REWARD_START
119 1 1033897072 LICK
119 1 1034052016 LICK
119 1 1034181476 RESP_END
119 1 1033078008 REWARD_END
120 0 1037921180 STIM_START
120 0 1038067568 LICK
120 0 1038264020 LICK
120 0 1038511028 LICK
120 0 1038920484 STIM_END_RESP_START
120 0 1039039364 LICK
120 0 1039039868 TIMEOUT_START
120 0 1039243720 LICK
120 0 1039244216 TIMEOUT_START
120 0 1040120524 RESP_END
120 0 1046244736 TIMEOUT_END
121 1 1048404048 STIM_START
121 1 1049403364 STIM_END_RESP_START
121 1 1050086592 LICK
121 1 1050087088 REWARD_START
121 1 1050483192 LICK
121 1 1050603404 RESP_END
121 1 1050107620 REWARD_END
122 1 1058239440 STIM_START
122 1 1059238736 STIM_END_RESP_START
122 1 1059864068 LICK
122 1 1059864564 REWARD_START
122 1 1060438780 RESP_END
122 1 1059885104 REWARD_END
123 0 1064571172 STIM_START
123 0 1064985164 LICK
123 0 1065570488 STIM_END_RESP_START
123 0 1065608468 LICK
123 0 1065608964 TIMEOUT_START
123 0 1065846220 LICK
123 0 1065846716 TIMEOUT_START
123 0 1065986880 LICK
123 0 1065987380 TIMEOUT_START
123 0 1066403736 LICK
123 0 1066404240 TIMEOUT_START
123 0 1066570960 LICK
123 0 1066571460 TIMEOUT_START
123 0 1066770532 RESP_END
123 0 1073571976 TIMEOUT_END
124 1 1075969424 STIM_START
124 1 1076968716 STIM_END_RESP_START
124 1 1078127548 LICK
124 1 1078128052 REWARD_START
124 1 1078168744 RESP_END
124 1 1078148584 REWARD_END
125 0 1084140876 STIM_START
125 0 1085140180 STIM_END_RESP_START
125 0 1085280740 LICK
125 0 1085281240 TIMEOUT_START
125 0 1085676124 LICK
125 0 1085676628 TIMEOUT_START
125 0 1086340220 RESP_END
125 0 1092677148 TIMEOUT_END
126 1 1095243408 STIM_START
126 1 1096242692 STIM_END_RESP_START
126 1 1097258680 LICK
126 1 1097259184 REWARD_START
126 1 1097442720 RESP_END
126 1 1097279720 REWARD_END
127 1 1102337596 STIM_START
127 1 1103336900 STIM_END_RESP_START
127 1 1103628584 LICK
127 1 1103629080 REWARD_START
127 1 1103818480 LICK
127 1 1104038540 LICK
127 1 1104218852 LICK
127 1 1104366920 LICK
127 1 1104527776 LICK
127 1 1104536944 RESP_END
127 1 1103649616 REWARD_END
128 0 1109439772 STIM_START
128 0 1110012496 LICK
128 0 1110439056 STIM_END_RESP_START
128 0 1111639084 RESP_END
129 1 1114159592 STIM_START
129 1 1115158888 STIM_END_RESP_START
129 1 1115964984 LICK
129 1 1115965488 REWARD_START
129 1 1116358908 RESP_END
129 1 1115986024 REWARD_END
130 1 1120848048 STIM_START
130 1 1121450972 LICK
130 1 1121847340 STIM_END_RESP_START
130 1 1122945300 LICK
130 1 1122945796 REWARD_START
130 1 1123047364 RESP_END
130 1 1122966332 REWARD_END
131 0 1127998276 STIM_START
131 0 1128997568 STIM_END_RESP_START
131 0 1130034612 LICK
131 0 1130035108 TIMEOUT_START
131 0 1130197612 RESP_END
131 0 1137035632 TIMEOUT_END
132 0 1139599452 STIM_START
132 0 1140598740 STIM_END_RESP_START
132 0 1141798772 RESP_END
133 1 1144160296 STIM_START
133 1 1145159588 STIM_END_RESP_START
133 1 1146189272 LICK
133 1 1146189772 REWARD_START
133 1 1146359628 RESP_END
133 1 1146210316 REWARD_END
134 0 1153321116 STIM_START
134 0 1153427144 LICK
134 0 1153676112 LICK
134 0 1154138388 LICK
134 0 1154320420 STIM_END_RESP_START
134 0 1154323536 LICK
134 0 1154324040 TIMEOUT_START
134 0 1155108312 LICK
134 0 1155108812 TIMEOUT_START
134 0 1155520452 RESP_END
134 0 1162109332 TIMEOUT_END
135 0 1164884284 STIM_START
135 0 1165883580 STIM_END_RESP_START
135 0 1166641788 LICK
135 0 1166642292 TIMEOUT_START
135 0 1167083608 RESP_END
135 0 1173642816 TIMEOUT_END
136 0 1176119692 STIM_START
136 0 1177118984 STIM_END_RESP_START
136 0 1178319016 RESP_END
137 1 1181035376 STIM_START
137 1 1182034672 STIM_END_RESP_START
137 1 1183234708 RESP_END
138 1 1187326136 STIM_START
138 1 1188325432 STIM_END_RESP_START
138 1 1189330968 LICK
138 1 1189331468 REWARD_START
138 1 1189525448 RESP_END
138 1 1189352004 REWARD_END
139 0 1194539308 STIM_START
139 0 1195538612 STIM_END_RESP_START
139 0 1196738644 RESP_END
140 0 1199908604 STIM_START
140 0 1200907900 STIM_END_RESP_START
140 0 1201249372 LICK
140 0 1201249868 TIMEOUT_START
140 0 1201610992 LICK
140 0 1201611488 TIMEOUT_START
140 0 1202107924 RESP_END
140 0 1208612012 TIMEOUT_END
141 0 1211070052 STIM_START
141 0 1212069348 STIM_END_RESP_START
141 0 1213269380 RESP_END
142 1 1216091664 STIM_START
142 1 1217090960 STIM_END_RESP_START
142 1 1217978480 LICK
142 1 1217978980 REWARD_START
142 1 1218291000 RESP_END
142 1 1217999516 REWARD_END
143 1 1220972364 STIM_START
143 1 1221971656 STIM_END_RESP_START
143 1 1223171680 RESP_END
144 1 1228122532 STIM_START
144 1 1228452972 LICK
144 1 1228636596 LICK
144 1 1229121848 STIM_END_RESP_START
144 1 1229910640 LICK
144 1 1229911144 REWARD_START
144 1 1230284520 LICK
144 1 1230321872 RESP_END
144 1 1229931680 REWARD_END
145 0 1234507212 STIM_START
145 0 1235506520 STIM_END_RESP_START
145 0 1235604036 LICK
145 0 1235604540 TIMEOUT_START
145 0 1235790912 LICK
145 0 1235791412 TIMEOUT_START
145 0 1235992364 LICK
145 0 1235992868 TIMEOUT_START
145 0 1236691936 LICK
145 0 1236692440 TIMEOUT_START
145 0 1236706560 RESP_END
145 0 1243692956 TIMEOUT_END
146 0 1246338172 STIM_START
146 0 1247337480 STIM_END_RESP_START
146 0 1248537508 RESP_END
147 0 1251241848 STIM_START
147 0 1252241140 STIM_END_RESP_START
147 0 1253441172 RESP_END
148 1 1255968652 STIM_START
148 1 1256967948 STIM_END_RESP_START
148 1 1258167976 RESP_END
149 0 1262330352 STIM_START
149 0 1263329648 STIM_END_RESP_START
149 0 1264529680 RESP_END
150 1 1267399928 STIM_START
150 1 1268399224 STIM_END_RESP_START
150 1 1268841348 LICK
150 1 1268841856 REWARD_START
150 1 1269039744 LICK
150 1 1269599272 RESP_END
150 1 1268862388 REWARD_END
151 1 1274165356 STIM_START
151 1 1275164652 STIM_END_RESP_START
151 1 1275519480 LICK
151 1 1275519980 REWARD_START
151 1 1276290676 LICK
151 1 1276364684 RESP_END
151 1 1275540524 REWARD_END
152 0 1281225612 STIM_START
152 0 1282224904 STIM_END_RESP_START
152 0 1282743956 LICK
152 0 1282744460 TIMEOUT_START
152 0 1282943060 LICK
152 0 1282943560 TIMEOUT_START
152 0 1283424952 RESP_END
152 0 1289944088 TIMEOUT_END
153 0 1292462020 STIM_START
153 0 1293461312 STIM_END_RESP_START
153 0 1294661344 RESP_END
154 0 1297260756 STIM_START
154 0 1298260052 STIM_END_RESP_START
154 0 1299460076 RESP_END
155 1 1306472524 STIM_START
155 1 1307471812 STIM_END_RESP_START
155 1 1308671844 RESP_END
156 1 1312636356 STIM_START
156 1 1313635648 STIM_END_RESP_START
156 1 1314195444 LICK
156 1 1314195948 REWARD_START
156 1 1314807016 LICK
156 1 1314835684 RESP_END
156 1 1314216480 REWARD_END
157 0 1319759516 STIM_START
157 0 1320758824 STIM_END_RESP_START
157 0 1321828724 LICK
157 0 1321829224 TIMEOUT_START
157 0 1321958852 RESP_END
157 0 1328829740 TIMEOUT_END
158 0 1331282708 STIM_START
158 0 1332282000 STIM_END_RESP_START
158 0 1333482032 RESP_END
159 0 1335677768 STIM_START
159 0 1336677060 STIM_END_RESP_START
159 0 1337877092 RESP_END
160 1 1340262640 STIM_START
160 1 1340975812 LICK
160 1 1341261948 STIM_END_RESP_START
160 1 1341649536 LICK
160 1 1341650040 REWARD_START
160 1 1341896424 LICK
160 1 1342461972 RESP_END
160 1 1341670576 REWARD_END
161 0 1346484432 STIM_START
161 0 1346862212 LICK
161 0 1347114512 LICK
161 0 1347483732 STIM_END_RESP_START
161 0 1347734424 LICK
161 0 1347734928 TIMEOUT_START
161 0 1347943308 LICK
161 0 1347943812 TIMEOUT_START
161 0 1348683764 RESP_END
161 0 1354944332 TIMEOUT_END
162 1 1357183208 STIM_START
162 1 1358182500 STIM_END_RESP_START
162 1 1359382524 RESP_END
163 1 1364131500 STIM_START
163 1 1365130792 STIM_END_RESP_START
163 1 1366330816 RESP_END
164 0 1369166124 STIM_START
164 0 1370165416 STIM_END_RESP_START
164 0 1371365448 RESP_END
165 1 1373777988 STIM_START
165 1 1374777276 STIM_END_RESP_START
165 1 1375977308 RESP_END
166 1 1379903836 STIM_START
166 1 1380903132 STIM_END_RESP_START
166 1 1381838536 LICK
166 1 1381839044 REWARD_START
166 1 1382067840 LICK
166 1 1382103160 RESP_END
166 1 1381859576 REWARD_END
167 1 1386256536 STIM_START
167 1 1387255828 STIM_END_RESP_START
167 1 1387541392 LICK
167 1 1387541896 REWARD_START
167 1 1388168128 LICK
167 1 1388455848 RESP_END
167 1 1387562432 REWARD_END
168 0 1392859068 STIM_START
168 0 1393209256 LICK
168 0 1393858388 STIM_END_RESP_START
168 0 1394052404 LICK
168 0 1394052900 TIMEOUT_START
168 0 1394393560 LICK
168 0 1394394060 TIMEOUT_START
168 0 1394944308 LICK
168 0 1394944804 TIMEOUT_START
168 0 1395058420 RESP_END
168 0 1401945332 TIMEOUT_END
169 1 1404199416 STIM_START
169 1 1405198712 STIM_END_RESP_START
169 1 1405445268 LICK
169 1 1405445764 REWARD_START
169 1 1406398736 RESP_END
169 1 1405466296 REWARD_END
170 1 1411391552 STIM_START
170 1 1412390840 STIM_END_RESP_START
170 1 1413590868 RESP_END
171 0 1416227284 STIM_START
171 0 1417226576 STIM_END_RESP_START
171 0 1418269452 LICK
171 0 1418269956 TIMEOUT_START
171 0 1418426592 RESP_END
171 0 1425270468 TIMEOUT_END
172 1 1427546624 STIM_START
172 1 1428545928 STIM_END_RESP_START
172 1 1429467168 LICK
172 1 1429467668 REWARD_START
172 1 1429677892 LICK
172 1 1429745948 RESP_END
172 1 1429488204 REWARD_END
173 0 1435785068 STIM_START
173 0 1436784360 STIM_END_RESP_START
173 0 1437174868 LICK
173 0 1437175364 TIMEOUT_START
173 0 1437984392 RESP_END
173 0 1444175900 TIMEOUT_END
174 1 1446670684 STIM_START
174 1 1447669980 STIM_END_RESP_START
174 1 1448870012 RESP_END
175 1 1451634304 STIM_START
175 1 1452633596 STIM_END_RESP_START
175 1 1453365936 LICK
175 1 1453366440 REWARD_START
175 1 1453597504 LICK
175 1 1453833624 RESP_END
175 1 1453386976 REWARD_END
176 1 1458557644 STIM_START
176 1 1459556936 STIM_END_RESP_START
176 1 1460756972 RESP_END
177 0 1463853036 STIM_START
177 0 1464852332 STIM_END_RESP_START
177 0 1466052360 RESP_END
178 1 1468631820 STIM_START
178 1 1469631112 STIM_END_RESP_START
178 1 1470831144 RESP_END
179 0 1473299664 STIM_START
179 0 1474298960 STIM_END_RESP_START
179 0 1475498984 RESP_END
180 1 1478085476 STIM_START
180 1 1479084768 STIM_END_RESP_START
180 1 1480284800 RESP_END
181 0 1482768232 STIM_START
181 0 1483767524 STIM_END_RESP_START
181 0 1484967556 RESP_END
182 0 1487431160 STIM_START
182 0 1488430456 STIM_END_RESP_START
182 0 1489630488 RESP_END
183 0 1492139916 STIM_START
183 0 1493139208 STIM_END_RESP_START
183 0 1493460440 LICK
183 0 1493460936 TIMEOUT_START
183 0 1494109416 LICK
183 0 1494109916 TIMEOUT_START
183 0 1494306008 LICK
183 0 1494306504 TIMEOUT_START
183 0 1494339232 RESP_END
183 0 1501307032 TIMEOUT_END
184 1 1503704040 STIM_START
184 1 1504703340 STIM_END_RESP_START
184 1 1505657308 LICK
184 1 1505657808 REWARD_START
184 1 1505903368 RESP_END
184 1 1505678352 REWARD_END
185 0 1510950116 STIM_START
185 0 1511949412 STIM_END_RESP_START
185 0 1513149436 RESP_END
186 1 1515806832 STIM_START
186 1 1516806120 STIM_END_RESP_START
186 1 1517156628 LICK
186 1 1517157128 REWARD_START
186 1 1518006152 RESP_END
186 1 1517177664 REWARD_END
187 0 1522805120 STIM_START
187 0 1523804416 STIM_END_RESP_START
187 0 1525004448 RESP_END
188 0 1527244132 STIM_START
188 0 1528243428 STIM_END_RESP_START
188 0 1529115744 LICK
188 0 1529116244 TIMEOUT_START
188 0 1529443272 LICK
188 0 1529443800 RESP_END
188 0 1536116780 TIMEOUT_END
189 1 1538619400 STIM_START
189 1 1539618704 STIM_END_RESP_START
189 1 1539862404 LICK
189 1 1539862912 REWARD_START
189 1 1540099140 LICK
189 1 1540818724 RESP_END
189 1 1539883448 REWARD_END
190 1 1545267888 STIM_START
190 1 1546267184 STIM_END_RESP_START
190 1 1546664540 LICK
190 1 1546665044 REWARD_START
190 1 1546862536 LICK
190 1 1547124836 LICK
190 1 1547288996 LICK
190 1 1547425404 LICK
190 1 1547467204 RESP_END
190 1 1546685564 REWARD_END
191 1 1551590592 STIM_START
191 1 1552589900 STIM_END_RESP_START
191 1 1553506656 LICK
191 1 1553507156 REWARD_START
191 1 1553722748 LICK
191 1 1553789944 RESP_END
191 1 1553527696 REWARD_END
192 0 1557552592 STIM_START
192 0 1558551888 STIM_END_RESP_START
192 0 1559751920 RESP_END
193 1 1562321364 STIM_START
193 1 1563320660 STIM_END_RESP_START
193 1 1564237880 LICK
193 1 1564238380 REWARD_START
193 1 1564520672 RESP_END
193 1 1564258916 REWARD_END
194 0 1568805944 STIM_START
194 0 1569805232 STIM_END_RESP_START
194 0 1569882840 LICK
194 0 1569883344 TIMEOUT_START
194 0 1570052404 LICK
194 0 1570052900 TIMEOUT_START
194 0 1570231160 LICK
194 0 1570231668 TIMEOUT_START
194 0 1570741444 LICK
194 0 1570741944 TIMEOUT_START
194 0 1571005276 RESP_END
194 0 1577742468 TIMEOUT_END
195 1 1580259184 STIM_START
195 1 1581258480 STIM_END_RESP_START
195 1 1582436548 LICK
195 1 1582437048 REWARD_START
195 1 1582458504 RESP_END
195 1 1582457584 REWARD_END
196 0 1587246436 STIM_START
196 0 1588245732 STIM_END_RESP_START
196 0 1588493124 LICK
196 0 1588493628 TIMEOUT_START
196 0 1589050000 LICK
196 0 1589050504 TIMEOUT_START
196 0 1589445752 RESP_END
196 0 1596051020 TIMEOUT_END
197 1 1598327948 STIM_START
197 1 1599327244 STIM_END_RESP_START
197 1 1599943488 LICK
197 1 1599943992 REWARD_START
197 1 1600527280 RESP_END
197 1 1599964532 REWARD_END
198 1 1605270264 STIM_START
198 1 1606269560 STIM_END_RESP_START
198 1 1606514420 LICK
198 1 1606514924 REWARD_START
198 1 1607137648 LICK
198 1 1607319116 LICK
198 1 1607433396 LICK
198 1 1607469584 RESP_END
198 1 1606535456 REWARD_END
199 1 1611484044 STIM_START
199 1 1612424976 LICK
199 1 1612483348 STIM_END_RESP_START
199 1 1613379024 LICK
199 1 1613379524 REWARD_START
199 1 1613683392 RESP_END
199 1 1613400060 REWARD_END
200 0 1618223444 STIM_START
200 0 1618964260 LICK
200 0 1619197616 LICK
200 0 1619222740 STIM_END_RESP_START
200 0 1619586652 LICK
200 0 1619587156 TIMEOUT_START
200 0 1620074760 LICK
200 0 1620075260 TIMEOUT_START
200 0 1620278076 LICK
200 0 1620278580 TIMEOUT_START
200 0 1620422752 RESP_END
200 0 1627279100 TIMEOUT_END
201 0 1629379904 STIM_START
201 0 1630379200 STIM_END_RESP_START
201 0 1631579232 RESP_END
202 0 1634468468 STIM_START
202 0 1635467764 STIM_END_RESP_START
202 0 1636667796 RESP_END
203 1 1638735572 STIM_START
203 1 1639734864 STIM_END_RESP_START
203 1 1639965852 LICK
203 1 1639966348 REWARD_START
203 1 1640235844 LICK
203 1 1640530264 LICK
203 1 1640712772 LICK
203 1 1640834100 LICK
203 1 1640934892 RESP_END
203 1 1639986884 REWARD_END
204 1 1644344772 STIM_START
204 1 1645344064 STIM_END_RESP_START
204 1 1646544080 RESP_END
205 1 1649893040 STIM_START
205 1 1650892332 STIM_END_RESP_START
205 1 1651579896 LICK
205 1 1651580400 REWARD_START
205 1 1652092356 RESP_END
205 1 1651600932 REWARD_END
206 0 1655948944 STIM_START
206 0 1656948248 STIM_END_RESP_START
206 0 1657223432 LICK
206 0 1657223928 TIMEOUT_START
206 0 1657425648 LICK
206 0 1657426152 TIMEOUT_START
206 0 1658148276 RESP_END
206 0 1664426668 TIMEOUT_END
207 1 1666809616 STIM_START
207 1 1667808908 STIM_END_RESP_START
207 1 1669008940 RESP_END
208 1 1673211248 STIM_START
208 1 1674210544 STIM_END_RESP_START
208 1 1674482704 LICK
208 1 1674483204 REWARD_START
208 1 1675054820 LICK
208 1 1675410576 RESP_END
208 1 1674503736 REWARD_END
209 1 1679433064 STIM_START
209 1 1680432356 STIM_END_RESP_START
209 1 1680687440 LICK
209 1 1680687936 REWARD_START
209 1 1681077628 LICK
209 1 1681632372 RESP_END
209 1 1680708472 REWARD_END
210 0 1685124172 STIM_START
210 0 1685928548 LICK
210 0 1686109176 LICK
210 0 1686123464 STIM_END_RESP_START
210 0 1687323488 RESP_END
211 0 1689511188 STIM_START
211 0 1690510484 STIM_END_RESP_START
211 0 1691214288 LICK
211 0 1691214784 TIMEOUT_START
211 0 1691391752 LICK
211 0 1691392256 TIMEOUT_START
211 0 1691570632 LICK
211 0 1691571128 TIMEOUT_START
211 0 1691710524 RESP_END
211 0 1698571644 TIMEOUT_END
212 1 1701213296 STIM_START
212 1 1701969256 LICK
212 1 1702187868 LICK
212 1 1702212604 STIM_END_RESP_START
212 1 1702355184 LICK
212 1 1702355684 REWARD_START
212 1 1702693296 LICK
212 1 1703011528 LICK
212 1 1703359184 LICK
212 1 1703412648 RESP_END
212 1 1702376216 REWARD_END
213 1 1706224860 STIM_START
213 1 1706837708 LICK
213 1 1707168068 LICK
213 1 1707224144 STIM_END_RESP_START
213 1 1707361084 LICK
213 1 1707361588 REWARD_START
213 1 1707566532 LICK
213 1 1707830032 LICK
213 1 1708006396 LICK
213 1 1708138804 LICK
213 1 1708268104 LICK
213 1 1708424180 RESP_END
213 1 1707382124 REWARD_END
214 0 1710929792 STIM_START
214 0 1711407984 LICK
214 0 1711929076 STIM_END_RESP_START
214 0 1713129108 RESP_END
215 1 1715413664 STIM_START
215 1 1716412956 STIM_END_RESP_START
215 1 1717612988 RESP_END
216 1 1719776700 STIM_START
216 1 1720775996 STIM_END_RESP_START
216 1 1721012572 LICK
216 1 1721013068 REWARD_START
216 1 1721754208 LICK
216 1 1721898024 LICK
216 1 1721976024 RESP_END
216 1 1721033604 REWARD_END
217 1 1725459888 STIM_START
217 1 1726393592 LICK
217 1 1726459176 STIM_END_RESP_START
217 1 1726803676 LICK
217 1 1726804180 REWARD_START
217 1 1727659220 RESP_END
217 1 1726824716 REWARD_END
218 0 1731311920 STIM_START
218 0 1732311224 STIM_END_RESP_START
218 0 1732545696 LICK
218 0 1732546192 TIMEOUT_START
218 0 1732913472 LICK
218 0 1732913968 TIMEOUT_START
218 0 1733104348 LICK
218 0 1733104852 TIMEOUT_START
218 0 1733323660 LICK
218 0 1733324164 TIMEOUT_START
218 0 1733511260 RESP_END
218 0 1740324684 TIMEOUT_END
219 0 1742845064 STIM_START
219 0 1743403820 LICK
219 0 1743596712 LICK
219 0 1743844360 STIM_END_RESP_START
219 0 1744258528 LICK
219 0 1744259028 TIMEOUT_START
219 0 1744827800 LICK
219 0 1744828296 TIMEOUT_START
219 0 1745039088 LICK
219 0 1745039592 TIMEOUT_START
219 0 1745044376 RESP_END
219 0 1752040116 TIMEOUT_END
220 1 1754472192 STIM_START
220 1 1755471492 STIM_END_RESP_START
220 1 1756194276 LICK
220 1 1756194776 REWARD_START
220 1 1756671528 RESP_END
220 1 1756215320 REWARD_END
221 0 1760572056 STIM_START
221 0 1761571352 STIM_END_RESP_START
221 0 1762771384 RESP_END
222 1 1765336864 STIM_START
222 1 1766336160 STIM_END_RESP_START
222 1 1766996948 LICK
222 1 1766997456 REWARD_START
222 1 1767221180 LICK
222 1 1767536184 RESP_END
222 1 1767017988 REWARD_END
223 1 1771192836 STIM_START
223 1 1772192128 STIM_END_RESP_START
223 1 1773392160 RESP_END
224 0 1775909692 STIM_START
224 0 1776908984 STIM_END_RESP_START
224 0 1778109016 RESP_END
225 1 1780676424 STIM_START
225 1 1781675720 STIM_END_RESP_START
225 1 1782150472 LICK
225 1 1782150972 REWARD_START
225 1 1782696844 LICK
225 1 1782875764 RESP_END
225 1 1782171508 REWARD_END
226 0 1786419560 STIM_START
226 0 1787273360 LICK
226 0 1787418868 STIM_END_RESP_START
226 0 1787463900 LICK
226 0 1787464400 TIMEOUT_START
226 0 1787661340 LICK
226 0 1787661840 TIMEOUT_START
226 0 1787883384 LICK
226 0 1787883888 TIMEOUT_START
226 0 1788618896 RESP_END
226 0 1794884404 TIMEOUT_END
227 1 1797109328 STIM_START
227 1 1797798332 LICK
227 1 1798108612 STIM_END_RESP_START
227 1 1798200004 LICK
227 1 1798200508 REWARD_START
227 1 1798406968 LICK
227 1 1798849788 LICK
227 1 1799305136 LICK
227 1 1799308652 RESP_END
227 1 1798221044 REWARD_END
228 1 1802315796 STIM_START
228 1 1803315100 STIM_END_RESP_START
228 1 1803924300 LICK
228 1 1803924808 REWARD_START
228 1 1804389904 LICK
228 1 1804515136 RESP_END
228 1 1803945324 REWARD_END
229 1 1808159848 STIM_START
229 1 1809159144 STIM_END_RESP_START
229 1 1809356036 LICK
229 1 1809356536 REWARD_START
229 1 1809518952 LICK
229 1 1809675232 LICK
229 1 1809820128 LICK
229 1 1809973776 LICK
229 1 1810170496 LICK
229 1 1810359188 RESP_END
229 1 1809377076 REWARD_END
230 0 1813286328 STIM_START
230 0 1814285620 STIM_END_RESP_START
230 0 1815485652 RESP_END
231 1 1817664376 STIM_START
231 1 1818663668 STIM_END_RESP_START
231 1 1819863708 RESP_END
232 1 1823363544 STIM_START
232 1 1824362848 STIM_END_RESP_START
232 1 1825526444 LICK
232 1 1825526948 REWARD_START
232 1 1825562876 RESP_END
232 1 1825547468 REWARD_END
233 1 1829932108 STIM_START
233 1 1830931404 STIM_END_RESP_START
233 1 1831549860 LICK
233 1 1831550368 REWARD_START
233 1 1831754880 LICK
233 1 1831902864 LICK
233 1 1832131424 RESP_END
233 1 1831570908 REWARD_END
234 0 1835645192 STIM_START
234 0 1836644484 STIM_END_RESP_START
234 0 1837844520 RESP_END
235 0 1840034204 STIM_START
235 0 1840691996 LICK
235 0 1841033520 STIM_END_RESP_START
235 0 1842233548 RESP_END
236 1 1844463220 STIM_START
236 1 1845462512 STIM_END_RESP_START
236 1 1846029652 LICK
236 1 1846030148 REWARD_START
236 1 1846250260 LICK
236 1 1846627376 LICK
236 1 1846662548 RESP_END
236 1 1846050684 REWARD_END
237 0 1850813956 STIM_START
237 0 1851813252 STIM_END_RESP_START
237 0 1853013280 RESP_END
238 0 1855178980 STIM_START
238 0 1856178276 STIM_END_RESP_START
238 0 1856637444 LICK
238 0 1856637940 TIMEOUT_START
238 0 1857378316 RESP_END
238 0 1863638456 TIMEOUT_END
239 1 1866020616 STIM_START
239 1 1867019912 STIM_END_RESP_START
239 1 1868219944 RESP_END
240 0 1871703804 STIM_START
240 0 1872703100 STIM_END_RESP_START
240 0 1873903132 RESP_END
241 0 1876489548 STIM_START
241 0 1877488840 STIM_END_RESP_START
241 0 1878688872 RESP_END
242 0 1881081432 STIM_START
242 0 1882080728 STIM_END_RESP_START
242 0 1883280760 RESP_END
243 1 1885657320 STIM_START
243 1 1886656616 STIM_END_RESP_START
243 1 1887296908 LICK
243 1 1887297408 REWARD_START
243 1 1887856660 RESP_END
243 1 1887317944 REWARD_END
244 0 1891451440 STIM_START
244 0 1892450732 STIM_END_RESP_START
244 0 1892844704 LICK
244 0 1892845200 TIMEOUT_START
244 0 1893650748 RESP_END
244 0 1899845716 TIMEOUT_END
245 0 1902086180 STIM_START
245 0 1903085464 STIM_END_RESP_START
245 0 1904285496 RESP_END
246 1 1906560160 STIM_START
246 1 1907559452 STIM_END_RESP_START
246 1 1908565008 LICK
246 1 1908565508 REWARD_START
246 1 1908755404 LICK
246 1 1908759480 RESP_END
246 1 1908586044 REWARD_END
247 1 1913145704 STIM_START
247 1 1914145016 STIM_END_RESP_START
247 1 1915345048 RESP_END
248 0 1917958416 STIM_START
248 0 1918957712 STIM_END_RESP_START
248 0 1920157744 RESP_END
249 1 1922345480 STIM_START
249 1 1923344776 STIM_END_RESP_START
249 1 1924544808 RESP_END
250 1 1928277424 STIM_START
250 1 1929262892 LICK
250 1 1929276720 STIM_END_RESP_START
250 1 1930121976 LICK
250 1 1930122480 REWARD_START
250 1 1930299284 LICK
250 1 1930476756 RESP_END
250 1 1930143016 REWARD_END
251 0 1935382648 STIM_START
251 0 1936381936 STIM_END_RESP_START
251 0 1937581968 RESP_END
252 1 1939968504 STIM_START
252 1 1940967796 STIM_END_RESP_START
252 1 1942034544 LICK
252 1 1942035044 REWARD_START
252 1 1942167840 RESP_END
252 1 1942055580 REWARD_END
253 1 1946589016 STIM_START
253 1 1947588312 STIM_END_RESP_START
253 1 1947863760 LICK
253 1 1947864268 REWARD_START
253 1 1948103284 LICK
253 1 1948331408 LICK
253 1 1948634940 LICK
253 1 1948788332 RESP_END
253 1 1947884804 REWARD_END
254 1 1952977724 STIM_START
254 1 1953786664 LICK
254 1 1953977024 STIM_END_RESP_START
254 1 1954418696 LICK
254 1 1954419196 REWARD_START
254 1 1954616500 LICK
254 1 1955040308 LICK
254 1 1955177044 RESP_END
254 1 1954439736 REWARD_END
255 0 1959305428 STIM_START
255 0 1960100756 LICK
255 0 1960304744 STIM_END_RESP_START
255 0 1960471572 LICK
255 0 1960472072 TIMEOUT_START
255 0 1960923192 LICK
255 0 1960923692 TIMEOUT_START
255 0 1961096860 LICK
255 0 1961097364 TIMEOUT_START
255 0 1961504796 RESP_END
255 0 1968097880 TIMEOUT_END
256 0 1970450844 STIM_START
256 0 1971343628 LICK
256 0 1971450164 STIM_END_RESP_START
256 0 1972368452 LICK
256 0 1972368948 TIMEOUT_START
256 0 1972650176 RESP_END
256 0 1979369484 TIMEOUT_END
257 1 1981802176 STIM_START
257 1 1982801472 STIM_END_RESP_START
257 1 1983112456 LICK
257 1 1983112960 REWARD_START
257 1 1983740504 LICK
257 1 1984001484 RESP_END
257 1 1983133496 REWARD_END
258 0 1988294800 STIM_START
258 0 1989057456 LICK
258 0 1989294112 STIM_END_RESP_START
258 0 1989458580 LICK
258 0 1989459084 TIMEOUT_START
258 0 1989679792 LICK
258 0 1989680300 TIMEOUT_START
258 0 1989854032 LICK
258 0 1989854536 TIMEOUT_START
258 0 1990027580 LICK
258 0 1990028080 TIMEOUT_START
258 0 1990409940 LICK
258 0 1990410444 TIMEOUT_START
258 0 1990494132 RESP_END
258 0 1997410964 TIMEOUT_END
259 1 1999868924 STIM_START
259 1 2000868220 STIM_END_RESP_START
259 1 2001175196 LICK
259 1 2001175704 REWARD_START
259 1 2001366860 LICK
259 1 2001647624 LICK
259 1 2001780920 LICK
259 1 2002068256 RESP_END
259 1 2001196240 REWARD_END
260 0 2005775920 STIM_START
260 0 2005887324 LICK
260 0 2006085424 LICK
260 0 2006469612 LICK
260 0 2006637564 LICK
260 0 2006775220 STIM_END_RESP_START
260 0 2007516528 LICK
260 0 2007517024 TIMEOUT_START
260 0 2007711024 LICK
260 0 2007711520 TIMEOUT_START
260 0 2007975256 RESP_END
260 0 2014712052 TIMEOUT_END
261 1 2018909012 STIM_START
261 1 2019908304 STIM_END_RESP_START
261 1 2021108324 RESP_END
262 1 2024300440 STIM_START
262 1 2025299752 STIM_END_RESP_START
262 1 2025302112 LICK
262 1 2025302612 REWARD_START
262 1 2025564796 LICK
262 1 2025969716 LICK
262 1 2026127628 LICK
262 1 2026289508 LICK
262 1 2026434848 LICK
262 1 2026499776 RESP_END
262 1 2025323148 REWARD_END
263 1 2029915580 STIM_START
263 1 2030914880 STIM_END_RESP_START
263 1 2030948720 LICK
263 1 2030949220 REWARD_START
263 1 2031323460 LICK
263 1 2031913228 LICK
263 1 2032043344 LICK
263 1 2032114924 RESP_END
263 1 2030969756 REWARD_END
264 0 2035819600 STIM_START
264 0 2035851604 LICK
264 0 2036034408 LICK
264 0 2036452960 LICK
264 0 2036789008 LICK
264 0 2036818888 STIM_END_RESP_START
264 0 2036988812 LICK
264 0 2036989316 TIMEOUT_START
264 0 2037336184 LICK
264 0 2037336684 TIMEOUT_START
264 0 2037510580 LICK
264 0 2037511076 TIMEOUT_START
264 0 2037673380 LICK
264 0 2037673880 TIMEOUT_START
264 0 2038018928 RESP_END
264 0 2044674404 TIMEOUT_END
265 0 2047175892 STIM_START
265 0 2048175192 STIM_END_RESP_START
265 0 2048379712 LICK
265 0 2048380212 TIMEOUT_START
265 0 2048592384 LICK
265 0 2048592880 TIMEOUT_START
265 0 2049182860 LICK
265 0 2049183356 TIMEOUT_START
265 0 2049375212 RESP_END
265 0 2056183872 TIMEOUT_END
266 1 2058370292 STIM_START
266 1 2059139204 LICK
266 1 2059369576 STIM_END_RESP_START
266 1 2059948496 LICK
266 1 2059948992 REWARD_START
266 1 2060160864 LICK
266 1 2060563508 LICK
266 1 2060569620 RESP_END
266 1 2059969528 REWARD_END
267 0 2063564748 STIM_START
267 0 2064564060 STIM_END_RESP_START
267 0 2065764088 RESP_END
268 1 2069628640 STIM_START
268 1 2070447452 LICK
268 1 2070627956 STIM_END_RESP_START
268 1 2071592088 LICK
268 1 2071592588 REWARD_START
268 1 2071827996 RESP_END
268 1 2071613124 REWARD_END
269 0 2076817780 STIM_START
269 0 2077817084 STIM_END_RESP_START
269 0 2079017116 RESP_END
270 0 2081479624 STIM_START
270 0 2082478916 STIM_END_RESP_START
270 0 2083001668 LICK
270 0 2083002168 TIMEOUT_START
270 0 2083678940 RESP_END
270 0 2090002684 TIMEOUT_END
271 0 2092485204 STIM_START
271 0 2093484500 STIM_END_RESP_START
271 0 2093872304 LICK
271 0 2093872804 TIMEOUT_START
271 0 2094078616 LICK
271 0 2094079120 TIMEOUT_START
271 0 2094456344 LICK
271 0 2094456848 TIMEOUT_START
271 0 2094684520 RESP_END
271 0 2101457372 TIMEOUT_END
272 1 2103821516 STIM_START
272 1 2104820820 STIM_END_RESP_START
272 1 2106020868 RESP_END
273 0 2108763164 STIM_START
273 0 2109762456 STIM_END_RESP_START
273 0 2110962484 RESP_END
274 0 2113231092 STIM_START
274 0 2114230384 STIM_END_RESP_START
274 0 2115430416 RESP_END
275 1 2119487868 STIM_START
275 1 2120487164 STIM_END_RESP_START
275 1 2120661256 LICK
275 1 2120661752 REWARD_START
275 1 2121025996 LICK
275 1 2121687200 RESP_END
275 1 2120682292 REWARD_END
276 1 2125548768 STIM_START
276 1 2126548060 STIM_END_RESP_START
276 1 2127192972 LICK
276 1 2127193476 REWARD_START
276 1 2127397816 LICK
276 1 2127748080 RESP_END
276 1 2127214016 REWARD_END
277 1 2131234348 STIM_START
277 1 2132144608 LICK
277 1 2132233660 STIM_END_RESP_START
277 1 2132345096 LICK
277 1 2132345596 REWARD_START
277 1 2132711120 LICK
277 1 2132958116 LICK
277 1 2133107796 LICK
277 1 2133245152 LICK
277 1 2133411496 LICK
277 1 2133433692 RESP_END
277 1 2132366132 REWARD_END
278 0 2137234884 STIM_START
278 0 2138234180 STIM_END_RESP_START
278 0 2138737776 LICK
278 0 2138738272 TIMEOUT_START
278 0 2139133076 LICK
278 0 2139133572 TIMEOUT_START
278 0 2139434208 RESP_END
278 0 2146134092 TIMEOUT_END
279 0 2148664244 STIM_START
279 0 2149663540 STIM_END_RESP_START
279 0 2150407896 LICK
279 0 2150408400 TIMEOUT_START
279 0 2150619960 LICK
279 0 2150620464 TIMEOUT_START
279 0 2150815044 LICK
279 0 2150815540 TIMEOUT_START
279 0 2150863568 RESP_END
279 0 2157816064 TIMEOUT_END
280 0 2160034404 STIM_START
280 0 2161033700 STIM_END_RESP_START
280 0 2162046528 LICK
280 0 2162047032 TIMEOUT_START
280 0 2162233724 RESP_END
280 0 2169047540 TIMEOUT_END
281 1 2171691512 STIM_START
281 1 2172690820 STIM_END_RESP_START
281 1 2172999864 LICK
281 1 2173000364 REWARD_START
281 1 2173688860 LICK
281 1 2173890864 RESP_END
281 1 2173020896 REWARD_END
282 0 2177305720 STIM_START
282 0 2177504936 LICK
282 0 2178056056 LICK
282 0 2178305008 STIM_END_RESP_START
282 0 2178616216 LICK
282 0 2178616720 TIMEOUT_START
282 0 2178792692 LICK
282 0 2178793188 TIMEOUT_START
282 0 2178970268 LICK
282 0 2178970772 TIMEOUT_START
282 0 2179505044 RESP_END
282 0 2185971296 TIMEOUT_END
283 0 2188217312 STIM_START
283 0 2189216608 STIM_END_RESP_START
283 0 2190416640 RESP_END
284 0 2193917420 STIM_START
284 0 2194916716 STIM_END_RESP_START
284 0 2196116748 RESP_END
285 1 2198248508 STIM_START
285 1 2199247800 STIM_END_RESP_START
285 1 2199604092 LICK
285 1 2199604596 REWARD_START
285 1 2200447832 RESP_END
285 1 2199625132 REWARD_END
286 0 2203399976 STIM_START
286 0 2204399264 STIM_END_RESP_START
286 0 2204958344 LICK
286 0 2204958852 TIMEOUT_START
286 0 2205147824 LICK
286 0 2205148332 TIMEOUT_START
286 0 2205599296 RESP_END
286 0 2212148844 TIMEOUT_END
287 1 2214656408 STIM_START
287 1 2215338964 LICK
287 1 2215655708 STIM_END_RESP_START
287 1 2215954892 LICK
287 1 2215955392 REWARD_START
287 1 2216361676 LICK
287 1 2216648792 LICK
287 1 2216855724 RESP_END
287 1 2215975928 REWARD_END
288 0 2219547028 STIM_START
288 0 2220546324 STIM_END_RESP_START
288 0 2221746356 RESP_END
289 0 2223945088 STIM_START
289 0 2224944408 STIM_END_RESP_START
289 0 2225019336 LICK
289 0 2225019836 TIMEOUT_START
289 0 2225238956 LICK
289 0 2225239460 TIMEOUT_START
289 0 2225398520 LICK
289 0 2225399024 TIMEOUT_START
289 0 2225570140 LICK
289 0 2225570640 TIMEOUT_START
289 0 2226144432 RESP_END
289 0 2232571168 TIMEOUT_END
290 1 2234975616 STIM_START
290 1 2235974928 STIM_END_RESP_START
290 1 2236230736 LICK
290 1 2236231236 REWARD_START
290 1 2236622872 LICK
290 1 2236935116 LICK
290 1 2237080612 LICK
290 1 2237174964 RESP_END
290 1 2236251772 REWARD_END
291 1 2240088152 STIM_START
291 1 2240228900 LICK
291 1 2240794676 LICK
291 1 2240992076 LICK
291 1 2241087440 STIM_END_RESP_START
291 1 2241846004 LICK
291 1 2241846508 REWARD_START
291 1 2242287476 RESP_END
291 1 2241867044 REWARD_END
292 0 2245724324 STIM_START
292 0 2246723632 STIM_END_RESP_START
292 0 2246895784 LICK
292 0 2246896284 TIMEOUT_START
292 0 2247450784 LICK
292 0 2247451280 TIMEOUT_START
292 0 2247923644 RESP_END
292 0 2254451812 TIMEOUT_END
293 0 2256730848 STIM_START
293 0 2257730144 STIM_END_RESP_START
293 0 2258930176 RESP_END
294 1 2261425672 STIM_START
294 1 2262424964 STIM_END_RESP_START
294 1 2263329012 LICK
294 1 2263329512 REWARD_START
294 1 2263539500 LICK
294 1 2263624992 RESP_END
294 1 2263350048 REWARD_END
295 0 2267939280 STIM_START
295 0 2268936208 LICK
295 0 2268938580 STIM_END_RESP_START
295 0 2269144512 LICK
295 0 2269145008 TIMEOUT_START
295 0 2269327120 LICK
295 0 2269327624 TIMEOUT_START
295 0 2269500640 LICK
295 0 2269501140 TIMEOUT_START
295 0 2269726400 LICK
295 0 2269726904 TIMEOUT_START
295 0 2269900468 LICK
295 0 2269900972 TIMEOUT_START
295 0 2270138620 RESP_END
295 0 2276901484 TIMEOUT_END
296 0 2279278560 STIM_START
296 0 2280277856 STIM_END_RESP_START
296 0 2281152632 LICK
296 0 2281153128 TIMEOUT_START
296 0 2281477888 RESP_END
296 0 2288153660 TIMEOUT_END
297 0 2290540940 STIM_START
297 0 2291540236 STIM_END_RESP_START
297 0 2292372656 LICK
297 0 2292373156 TIMEOUT_START
297 0 2292740268 RESP_END
297 0 2299373676 TIMEOUT_END
298 1 2302058144 STIM_START
298 1 2303057440 STIM_END_RESP_START
298 1 2304020720 LICK
298 1 2304021216 REWARD_START
298 1 2304257456 RESP_END
298 1 2304041752 REWARD_END
299 1 2307966100 STIM_START
299 1 2308550376 LICK
299 1 2308965416 STIM_END_RESP_START
299 1 2309303272 LICK
299 1 2309303776 REWARD_START
299 1 2310165444 RESP_END
299 1 2309324316 REWARD_END
300 0 2314694604 STIM_START
300 0 2315693896 STIM_END_RESP_START
300 0 2316893940 RESP_END
301 0 2319337424 STIM_START
301 0 2320336720 STIM_END_RESP_START
301 0 2321441172 LICK
301 0 2321441672 TIMEOUT_START
301 0 2321536732 RESP_END
301 0 2328442196 TIMEOUT_END
302 0 2330830628 STIM_START
302 0 2331829920 STIM_END_RESP_START
302 0 2332647268 LICK
302 0 2332647772 TIMEOUT_START
302 0 2333029948 RESP_END
302 0 2339648292 TIMEOUT_END
303 1 2341911128 STIM_START
303 1 2342910424 STIM_END_RESP_START
303 1 2344110448 RESP_END
304 0 2346823804 STIM_START
304 0 2347823092 STIM_END_RESP_START
304 0 2347932872 LICK
304 0 2347933372 TIMEOUT_START
304 0 2348112964 LICK
304 0 2348113464 TIMEOUT_START
304 0 2348535444 LICK
304 0 2348535948 TIMEOUT_START
304 0 2349023124 RESP_END
304 0 2355536460 TIMEOUT_END
305 1 2357786340 STIM_START
305 1 2358785636 STIM_END_RESP_START
305 1 2359985660 RESP_END
306 0 2362871892 STIM_START
306 0 2363871180 STIM_END_RESP_START
306 0 2364241932 LICK
306 0 2364242428 TIMEOUT_START
306 0 2364435708 LICK
306 0 2364436204 TIMEOUT_START
306 0 2365071200 RESP_END
306 0 2371436728 TIMEOUT_END
307 0 2373710596 STIM_START
307 0 2374709892 STIM_END_RESP_START
307 0 2375909924 RESP_END
308 1 2378426380 STIM_START
308 1 2379425668 STIM_END_RESP_START
308 1 2380096480 LICK
308 1 2380096988 REWARD_START
308 1 2380288060 LICK
308 1 2380625712 RESP_END
308 1 2380117508 REWARD_END
309 0 2385239784 STIM_START
309 0 2386239080 STIM_END_RESP_START
309 0 2386709728 LICK
309 0 2386710228 TIMEOUT_START
309 0 2387439128 RESP_END
309 0 2393710744 TIMEOUT_END
310 0 2395919524 STIM_START
310 0 2396918820 STIM_END_RESP_START
310 0 2397439116 LICK
310 0 2397439616 TIMEOUT_START
310 0 2397661156 LICK
310 0 2397661664 TIMEOUT_START
310 0 2398118852 RESP_END
310 0 2404662184 TIMEOUT_END
311 1 2407172856 STIM_START
311 1 2408172152 STIM_END_RESP_START
311 1 2409025080 LICK
311 1 2409025588 REWARD_START
311 1 2409372196 RESP_END
311 1 2409046124 REWARD_END
312 1 2414317024 STIM_START
312 1 2415132112 LICK
312 1 2415316340 STIM_END_RESP_START
312 1 2415961100 LICK
312 1 2415961604 REWARD_START
312 1 2416157500 LICK
312 1 2416471052 LICK
312 1 2416516376 RESP_END
312 1 2415982140 REWARD_END
313 0 2420540812 STIM_START
313 0 2421495292 LICK
313 0 2421540120 STIM_END_RESP_START
313 0 2421749704 LICK
313 0 2421750212 TIMEOUT_START
313 0 2422115848 LICK
313 0 2422116348 TIMEOUT_START
313 0 2422305636 LICK
313 0 2422306144 TIMEOUT_START
313 0 2422507428 LICK
313 0 2422507932 TIMEOUT_START
313 0 2422740168 RESP_END
313 0 2429508452 TIMEOUT_END
314 1 2431684296 STIM_START
314 1 2432683592 STIM_END_RESP_START
314 1 2433883632 RESP_END
315 0 2437286520 STIM_START
315 0 2438285820 STIM_END_RESP_START
315 0 2439485852 RESP_END
316 1 2441913352 STIM_START
316 1 2442912640 STIM_END_RESP_START
316 1 2443604888 LICK
316 1 2443605392 REWARD_START
316 1 2444112656 RESP_END
316 1 2443625928 REWARD_END
317 1 2447886308 STIM_START
317 1 2448757340 LICK
317 1 2448885604 STIM_END_RESP_START
317 1 2449007256 LICK
317 1 2449007764 REWARD_START
317 1 2449792656 LICK
317 1 2450071092 LICK
317 1 2450085632 RESP_END
317 1 2449028300 REWARD_END
318 0 2453196700 STIM_START
318 0 2454196012 STIM_END_RESP_START
318 0 2454359888 LICK
318 0 2454360396 TIMEOUT_START
318 0 2454585248 LICK
318 0 2454585752 TIMEOUT_START
318 0 2454962116 LICK
318 0 2454962620 TIMEOUT_START
318 0 2455396048 RESP_END
318 0 2461963148 TIMEOUT_END
319 1 2464218228 STIM_START
319 1 2465217516 STIM_END_RESP_START
319 1 2466332036 LICK
319 1 2466332536 REWARD_START
319 1 2466417544 RESP_END
319 1 2466353072 REWARD_END
320 1 2469857368 STIM_START
320 1 2470856656 STIM_END_RESP_START
320 1 2471068668 LICK
320 1 2471069176 REWARD_START
320 1 2471897248 LICK
320 1 2472043644 LICK
320 1 2472056684 RESP_END
320 1 2471089712 REWARD_END
321 1 2475478604 STIM_START
321 1 2476477912 STIM_END_RESP_START
321 1 2476553116 LICK
321 1 2476553620 REWARD_START
321 1 2477286768 LICK
321 1 2477471888 LICK
321 1 2477593796 LICK
321 1 2477677944 RESP_END
321 1 2476574156 REWARD_END
322 0 2481687368 STIM_START
322 0 2482686660 STIM_END_RESP_START
322 0 2483886696 RESP_END
323 1 2487057760 STIM_START
323 1 2487960888 LICK
323 1 2488057052 STIM_END_RESP_START
323 1 2488336736 LICK
323 1 2488337232 REWARD_START
323 1 2488879712 LICK
323 1 2489166480 LICK
323 1 2489257080 RESP_END
323 1 2488357772 REWARD_END
324 0 2493298512 STIM_START
324 0 2493456448 LICK
324 0 2494144776 LICK
324 0 2494297796 STIM_END_RESP_START
324 0 2494718008 LICK
324 0 2494718512 TIMEOUT_START
324 0 2494893744 LICK
324 0 2494894252 TIMEOUT_START
324 0 2495049636 LICK
324 0 2495050144 TIMEOUT_START
324 0 2495497828 RESP_END
324 0 2502050664 TIMEOUT_END
325 0 2504520912 STIM_START
325 0 2505520208 STIM_END_RESP_START
325 0 2506720236 RESP_END
326 0 2508866964 STIM_START
326 0 2509866256 STIM_END_RESP_START
326 0 2511066288 RESP_END
327 1 2513343932 STIM_START
327 1 2514343228 STIM_END_RESP_START
327 1 2514948164 LICK
327 1 2514948660 REWARD_START
327 1 2515543240 RESP_END
327 1 2514969196 REWARD_END
328 1 2519658644 STIM_START
328 1 2520308124 LICK
328 1 2520657952 STIM_END_RESP_START
328 1 2521063432 LICK
328 1 2521063932 REWARD_START
328 1 2521295784 LICK
328 1 2521545476 LICK
328 1 2521691096 LICK
328 1 2521857964 RESP_END
328 1 2521084468 REWARD_END
329 0 2525494696 STIM_START
329 0 2526493992 STIM_END_RESP_START
329 0 2526796408 LICK
329 0 2526796916 TIMEOUT_START
329 0 2527181244 LICK
329 0 2527181744 TIMEOUT_START
329 0 2527360080 LICK
329 0 2527360576 TIMEOUT_START
329 0 2527694028 RESP_END
329 0 2534361108 TIMEOUT_END
330 1 2536787044 STIM_START
330 1 2537786332 STIM_END_RESP_START
330 1 2538347468 LICK
330 1 2538347976 REWARD_START
330 1 2538939816 LICK
330 1 2538986372 RESP_END
330 1 2538368516 REWARD_END
331 0 2543276664 STIM_START
331 0 2544275960 STIM_END_RESP_START
331 0 2545475992 RESP_END
332 1 2547982436 STIM_START
332 1 2548952696 LICK
332 1 2548981748 STIM_END_RESP_START
332 1 2549490076 LICK
332 1 2549490576 REWARD_START
332 1 2549703828 LICK
332 1 2550126700 LICK
332 1 2550181768 RESP_END
332 1 2549511116 REWARD_END
333 1 2554367124 STIM_START
333 1 2555294000 LICK
333 1 2555366432 STIM_END_RESP_START
333 1 2556249724 LICK
333 1 2556250232 REWARD_START
333 1 2556442188 LICK
333 1 2556566448 RESP_END
333 1 2556270768 REWARD_END
334 0 2560838744 STIM_START
334 0 2561065204 LICK
334 0 2561248444 LICK
334 0 2561727176 LICK
334 0 2561838060 STIM_END_RESP_START
334 0 2562097960 LICK
334 0 2562098460 TIMEOUT_START
334 0 2563038088 RESP_END
334 0 2569098972 TIMEOUT_END
335 1 2571363616 STIM_START
335 1 2572362912 STIM_END_RESP_START
335 1 2572912008 LICK
335 1 2572912504 REWARD_START
335 1 2573128972 LICK
335 1 2573562956 RESP_END
335 1 2572933040 REWARD_END
336 1 2577311560 STIM_START
336 1 2578310864 STIM_END_RESP_START
336 1 2578457080 LICK
336 1 2578457580 REWARD_START
336 1 2578901744 LICK
336 1 2579058840 LICK
336 1 2579209700 LICK
336 1 2579343584 LICK
336 1 2579510904 RESP_END
336 1 2578478120 REWARD_END
337 1 2583290560 STIM_START
337 1 2584289868 STIM_END_RESP_START
337 1 2584361916 LICK
337 1 2584362420 REWARD_START
337 1 2584873052 LICK
337 1 2585036280 LICK
337 1 2585141448 LICK
337 1 2585315484 LICK
337 1 2585489900 RESP_END
337 1 2584382956 REWARD_END
338 0 2591289148 STIM_START
338 0 2592288452 STIM_END_RESP_START
338 0 2593131928 LICK
338 0 2593132428 TIMEOUT_START
338 0 2593296324 LICK
338 0 2593296828 TIMEOUT_START
338 0 2593488468 RESP_END
338 0 2600297344 TIMEOUT_END
339 1 2602866236 STIM_START
339 1 2603865540 STIM_END_RESP_START
339 1 2605025060 LICK
339 1 2605025564 REWARD_START
339 1 2605065568 RESP_END
339 1 2605046088 REWARD_END
340 0 2609189980 STIM_START
340 0 2610189272 STIM_END_RESP_START
340 0 2610334880 LICK
340 0 2610335380 TIMEOUT_START
340 0 2610488880 LICK
340 0 2610489388 TIMEOUT_START
340 0 2610743200 LICK
340 0 2610743704 TIMEOUT_START
340 0 2611389308 RESP_END
340 0 2617744232 TIMEOUT_END
341 0 2620255452 STIM_START
341 0 2621254748 STIM_END_RESP_START
341 0 2622081152 LICK
341 0 2622081648 TIMEOUT_START
341 0 2622315384 LICK
341 0 2622315884 TIMEOUT_START
341 0 2622454768 RESP_END
341 0 2629316404 TIMEOUT_END
342 0 2631640744 STIM_START
342 0 2632640048 STIM_END_RESP_START
342 0 2633706972 LICK
342 0 2633707472 TIMEOUT_START
342 0 2633840076 RESP_END
342 0 2640707996 TIMEOUT_END
343 1 2642851148 STIM_START
343 1 2643850440 STIM_END_RESP_START
343 1 2644561972 LICK
343 1 2644562468 REWARD_START
343 1 2644768676 LICK
343 1 2645050476 RESP_END
343 1 2644583004 REWARD_END
344 1 2649259824 STIM_START
344 1 2650259116 STIM_END_RESP_START
344 1 2651459148 RESP_END
345 0 2654803040 STIM_START
345 0 2655802328 STIM_END_RESP_START
345 0 2657002360 RESP_END
346 1 2659218052 STIM_START
346 1 2660217348 STIM_END_RESP_START
346 1 2661417372 RESP_END
347 1 2664232636 STIM_START
347 1 2665231932 STIM_END_RESP_START
347 1 2665765540 LICK
347 1 2665766044 REWARD_START
347 1 2666431964 RESP_END
347 1 2665786580 REWARD_END
348 1 2669836928 STIM_START
348 1 2670836228 STIM_END_RESP_START
348 1 2672036260 RESP_END
349 0 2674498708 STIM_START
349 0 2675498004 STIM_END_RESP_START
349 0 2676698028 RESP_END
350 0 2678963676 STIM_START
350 0 2679962972 STIM_END_RESP_START
350 0 2680338164 LICK
350 0 2680338668 TIMEOUT_START
350 0 2680530156 LICK
350 0 2680530656 TIMEOUT_START
350 0 2680727136 LICK
350 0 2680727640 TIMEOUT_START
350 0 2680917640 LICK
350 0 2680918144 TIMEOUT_START
350 0 2681106748 LICK
350 0 2681107244 TIMEOUT_START
350 0 2681162988 RESP_END
350 0 2688107764 TIMEOUT_END
351 0 2690343968 STIM_START
351 0 2691343252 STIM_END_RESP_START
351 0 2692002404 LICK
351 0 2692002908 TIMEOUT_START
351 0 2692192756 LICK
351 0 2692193252 TIMEOUT_START
351 0 2692543276 RESP_END
351 0 2699193780 TIMEOUT_END
352 1 2701382464 STIM_START
352 1 2702381760 STIM_END_RESP_START
352 1 2703099840 LICK
352 1 2703100344 REWARD_START
352 1 2703581780 RESP_END
352 1 2703120884 REWARD_END
353 1 2707110624 STIM_START
353 1 2708109916 STIM_END_RESP_START
353 1 2708469708 LICK
353 1 2708470216 REWARD_START
353 1 2708670856 LICK
353 1 2709099908 LICK
353 1 2709257764 LICK
353 1 2709309964 RESP_END
353 1 2708490752 REWARD_END
354 1 2712298088 STIM_START
354 1 2713297384 STIM_END_RESP_START
354 1 2713428788 LICK
354 1 2713429292 REWARD_START
354 1 2713652852 LICK
354 1 2714089208 LICK
354 1 2714414520 LICK
354 1 2714497396 RESP_END
354 1 2713449828 REWARD_END
355 0 2718066180 STIM_START
355 0 2719065468 STIM_END_RESP_START
355 0 2719181792 LICK
355 0 2719182296 TIMEOUT_START
355 0 2719370036 LICK
355 0 2719370540 TIMEOUT_START
355 0 2719758800 LICK
355 0 2719759296 TIMEOUT_START
355 0 2719966196 LICK
355 0 2719966700 TIMEOUT_START
355 0 2720265504 RESP_END
355 0 2726967220 TIMEOUT_END
356 1 2729115712 STIM_START
356 1 2730115000 STIM_END_RESP_START
356 1 2731081344 LICK
356 1 2731081848 REWARD_START
356 1 2731278276 LICK
356 1 2731315040 RESP_END
356 1 2731102384 REWARD_END
357 0 2735231512 STIM_START
357 0 2736230812 STIM_END_RESP_START
357 0 2736477888 LICK
357 0 2736478392 TIMEOUT_START
357 0 2736989052 LICK
357 0 2736989556 TIMEOUT_START
357 0 2737196520 LICK
357 0 2737197016 TIMEOUT_START
357 0 2737430828 RESP_END
357 0 2744197544 TIMEOUT_END
358 0 2746846704 STIM_START
358 0 2747846000 STIM_END_RESP_START
358 0 2748306112 LICK
358 0 2748306616 TIMEOUT_START
358 0 2748514420 LICK
358 0 2748514916 TIMEOUT_START
358 0 2749046048 RESP_END
358 0 2755515440 TIMEOUT_END
359 1 2757912124 STIM_START
359 1 2758911420 STIM_END_RESP_START
359 1 2760111464 RESP_END
360 1 2763168596 STIM_START
360 1 2764118660 LICK
360 1 2764167896 STIM_END_RESP_START
360 1 2764351680 LICK
360 1 2764352180 REWARD_START
360 1 2764843188 LICK
360 1 2764970912 LICK
360 1 2765117548 LICK
360 1 2765281876 LICK
360 1 2765367912 RESP_END
360 1 2764372716 REWARD_END
361 1 2767970320 STIM_START
361 1 2768969608 STIM_END_RESP_START
361 1 2769956828 LICK
361 1 2769957332 REWARD_START
361 1 2770169636 RESP_END
361 1 2769977868 REWARD_END
362 0 2774464924 STIM_START
362 0 2775464228 STIM_END_RESP_START
362 0 2776664260 RESP_END
363 0 2779143772 STIM_START
363 0 2779373516 LICK
363 0 2780143088 STIM_END_RESP_START
363 0 2780466840 LICK
363 0 2780467344 TIMEOUT_START
363 0 2780631004 LICK
363 0 2780631508 TIMEOUT_START
363 0 2781343116 RESP_END
363 0 2787632024 TIMEOUT_END
364 1 2789930452 STIM_START
364 1 2790929748 STIM_END_RESP_START
364 1 2791661760 LICK
364 1 2791662260 REWARD_START
364 1 2792129788 RESP_END
364 1 2791682796 REWARD_END
365 0 2796574948 STIM_START
365 0 2797377804 LICK
365 0 2797574260 STIM_END_RESP_START
365 0 2797578984 LICK
365 0 2797579496 TIMEOUT_START
365 0 2797980332 LICK
365 0 2797980836 TIMEOUT_START
365 0 2798774308 RESP_END
365 0 2804981352 TIMEOUT_END
366 1 2807382656 STIM_START
366 1 2808381952 STIM_END_RESP_START
366 1 2808745264 LICK
366 1 2808745764 REWARD_START
366 1 2809101624 LICK
366 1 2809581996 RESP_END
366 1 2808766304 REWARD_END
367 1 2813118688 STIM_START
367 1 2814117988 STIM_END_RESP_START
367 1 2814903748 LICK
367 1 2814904248 REWARD_START
367 1 2815074716 LICK
367 1 2815318040 RESP_END
367 1 2814924784 REWARD_END
368 0 2819113648 STIM_START
368 0 2819875764 LICK
368 0 2820112936 STIM_END_RESP_START
368 0 2820336156 LICK
368 0 2820336664 TIMEOUT_START
368 0 2821312952 RESP_END
368 0 2827337184 TIMEOUT_END
369 0 2829567584 STIM_START
369 0 2830566880 STIM_END_RESP_START
369 0 2830629804 LICK
369 0 2830630308 TIMEOUT_START
369 0 2830857492 LICK
369 0 2830857992 TIMEOUT_START
369 0 2831057464 LICK
369 0 2831057968 TIMEOUT_START
369 0 2831271692 LICK
369 0 2831272196 TIMEOUT_START
369 0 2831766900 RESP_END
369 0 2838272704 TIMEOUT_END
370 0 2843074472 STIM_START
370 0 2844018884 LICK
370 0 2844073780 STIM_END_RESP_START
370 0 2844249168 LICK
370 0 2844249668 TIMEOUT_START
370 0 2844447920 LICK
370 0 2844448420 TIMEOUT_START
370 0 2844585960 LICK
370 0 2844586464 TIMEOUT_START
370 0 2845273800 RESP_END
370 0 2851586976 TIMEOUT_END
371 1 2854020984 STIM_START
371 1 2854799836 LICK
371 1 2855020304 STIM_END_RESP_START
371 1 2855399716 LICK
371 1 2855400216 REWARD_START
371 1 2855891464 LICK
371 1 2856046476 LICK
371 1 2856220348 RESP_END
371 1 2855420752 REWARD_END
372 1 2860362692 STIM_START
372 1 2861361992 STIM_END_RESP_START
372 1 2862562028 RESP_END
373 1 2864928608 STIM_START
373 1 2865927904 STIM_END_RESP_START
373 1 2866504364 LICK
373 1 2866504872 REWARD_START
373 1 2866998172 LICK
373 1 2867127920 RESP_END
373 1 2866525408 REWARD_END
374 0 2871263284 STIM_START
374 0 2872262584 STIM_END_RESP_START
374 0 2873462616 RESP_END
375 0 2875995080 STIM_START
375 0 2876994376 STIM_END_RESP_START
375 0 2877266204 LICK
375 0 2877266704 TIMEOUT_START
375 0 2877726300 LICK
375 0 2877726804 TIMEOUT_START
375 0 2877932876 LICK
375 0 2877933376 TIMEOUT_START
375 0 2878194416 RESP_END
375 0 2884933892 TIMEOUT_END
376 0 2887379352 STIM_START
376 0 2888378648 STIM_END_RESP_START
376 0 2889355048 LICK
376 0 2889355552 TIMEOUT_START
376 0 2889578684 RESP_END
376 0 2896356068 TIMEOUT_END
377 1 2898858636 STIM_START
377 1 2899857932 STIM_END_RESP_START
377 1 2901057964 RESP_END
378 0 2903740272 STIM_START
378 0 2904739568 STIM_END_RESP_START
378 0 2905939600 RESP_END
379 1 2908406112 STIM_START
379 1 2909405404 STIM_END_RESP_START
379 1 2910605424 RESP_END
380 1 2913662536 STIM_START
380 1 2914661832 STIM_END_RESP_START
380 1 2915494224 LICK
380 1 2915494728 REWARD_START
380 1 2915861860 RESP_END
380 1 2915515264 REWARD_END
381 0 2921932928 STIM_START
381 0 2922932216 STIM_END_RESP_START
381 0 2924132248 RESP_END
382 0 2926423912 STIM_START
382 0 2927423208 STIM_END_RESP_START
382 0 2928107456 LICK
382 0 2928107964 TIMEOUT_START
382 0 2928289296 LICK
382 0 2928289800 TIMEOUT_START
382 0 2928623224 RESP_END
382 0 2935290324 TIMEOUT_END
383 0 2937637324 STIM_START
383 0 2938636620 STIM_END_RESP_START
383 0 2939836652 RESP_END
384 1 2942044324 STIM_START
384 1 2943043640 STIM_END_RESP_START
384 1 2944121272 LICK
384 1 2944121772 REWARD_START
384 1 2944243676 RESP_END
384 1 2944142308 REWARD_END
385 1 2948165216 STIM_START
385 1 2949164512 STIM_END_RESP_START
385 1 2949347996 LICK
385 1 2949348500 REWARD_START
385 1 2950031736 LICK
385 1 2950327756 LICK
385 1 2950364552 RESP_END
385 1 2949369036 REWARD_END
386 1 2954043172 STIM_START
386 1 2955042472 STIM_END_RESP_START
386 1 2955159428 LICK
386 1 2955159932 REWARD_START
386 1 2955831644 LICK
386 1 2956075248 LICK
386 1 2956231500 LICK
386 1 2956242492 RESP_END
386 1 2955180472 REWARD_END
387 0 2959486504 STIM_START
387 0 2960485812 STIM_END_RESP_START
387 0 2961685844 RESP_END
388 1 2963971464 STIM_START
388 1 2964970756 STIM_END_RESP_START
388 1 2966073944 LICK
388 1 2966074452 REWARD_START
388 1 2966170780 RESP_END
388 1 2966094972 REWARD_END
389 0 2970854816 STIM_START
389 0 2971854108 STIM_END_RESP_START
389 0 2973054140 RESP_END
390 1 2975189892 STIM_START
390 1 2976189188 STIM_END_RESP_START
390 1 2976916948 LICK
390 1 2976917448 REWARD_START
390 1 2977132992 LICK
390 1 2977389224 RESP_END
390 1 2976937992 REWARD_END
391 0 2981247756 STIM_START
391 0 2982247052 STIM_END_RESP_START
391 0 2983447084 RESP_END
392 0 2985548836 STIM_START
392 0 2986548124 STIM_END_RESP_START
392 0 2987748156 RESP_END
393 1 2990123740 STIM_START
393 1 2991123032 STIM_END_RESP_START
393 1 2991361808 LICK
393 1 2991362312 REWARD_START
393 1 2992066420 LICK
393 1 2992179920 LICK
393 1 2992323068 RESP_END
393 1 2991382848 REWARD_END
394 1 2995700956 STIM_START
394 1 2996691108 LICK
394 1 2996700260 STIM_END_RESP_START
394 1 2997288012 LICK
394 1 2997288512 REWARD_START
394 1 2997900284 RESP_END
394 1 2997309052 REWARD_END
395 0 3002042664 STIM_START
395 0 3003041968 STIM_END_RESP_START
395 0 3004242000 RESP_END
396 0 3006404688 STIM_START
396 0 3007403980 STIM_END_RESP_START
396 0 3007614552 LICK
396 0 3007615060 TIMEOUT_START
396 0 3007667692 LICK
396 0 3007668192 TIMEOUT_START
396 0 3008604004 RESP_END
396 0 3014668724 TIMEOUT_END
397 1 3016736728 STIM_START
397 1 3017736024 STIM_END_RESP_START
397 1 3018751872 LICK
397 1 3018752384 REWARD_START
397 1 3018936040 RESP_END
397 1 3018772916 REWARD_END
398 1 3022998456 STIM_START
398 1 3023997760 STIM_END_RESP_START
398 1 3025197792 RESP_END
399 1 3027917136 STIM_START
399 1 3028916432 STIM_END_RESP_START
399 1 3030116464 RESP_END
400 0 3032620924 STIM_START
400 0 3033620220 STIM_END_RESP_START
400 0 3034820248 RESP_END
401 0 3037497596 STIM_START
401 0 3038496892 STIM_END_RESP_START
401 0 3038569856 LICK
401 0 3038570356 TIMEOUT_START
401 0 3038830620 LICK
401 0 3038831120 TIMEOUT_START
401 0 3039051228 LICK
401 0 3039051732 TIMEOUT_START
401 0 3039696932 RESP_END
401 0 3046052264 TIMEOUT_END
402 0 3048617092 STIM_START
402 0 3049616380 STIM_END_RESP_START
402 0 3050816412 RESP_END
403 1 3053124008 STIM_START
403 1 3054123304 STIM_END_RESP_START
403 1 3055323316 RESP_END
404 0 3059138944 STIM_START
404 0 3060138240 STIM_END_RESP_START
404 0 3061338276 RESP_END
405 0 3064007672 STIM_START
405 0 3065006968 STIM_END_RESP_START
405 0 3066207004 RESP_END
406 0 3068506572 STIM_START
406 0 3069505868 STIM_END_RESP_START
406 0 3070705900 RESP_END
407 1 3073044612 STIM_START
407 1 3074043900 STIM_END_RESP_START
407 1 3075243936 RESP_END
408 0 3078784616 STIM_START
408 0 3079783908 STIM_END_RESP_START
408 0 3080983940 RESP_END
409 1 3083400488 STIM_START
409 1 3084399784 STIM_END_RESP_START
409 1 3085390388 LICK
409 1 3085390892 REWARD_START
409 1 3085564872 LICK
409 1 3085599804 RESP_END
409 1 3085411416 REWARD_END
410 1 3088802848 STIM_START
410 1 3089802156 STIM_END_RESP_START
410 1 3089825368 LICK
410 1 3089825872 REWARD_START
410 1 3090254028 LICK
410 1 3090762572 LICK
410 1 3090921248 LICK
410 1 3091002176 RESP_END
410 1 3089846408 REWARD_END
411 0 3095061576 STIM_START
411 0 3096060864 STIM_END_RESP_START
411 0 3096229672 LICK
411 0 3096230180 TIMEOUT_START
411 0 3096580472 LICK
411 0 3096580968 TIMEOUT_START
411 0 3097260876 RESP_END
411 0 3103581484 TIMEOUT_END
412 1 3105916232 STIM_START
412 1 3106915528 STIM_END_RESP_START
412 1 3108115564 RESP_END
413 1 3111324576 STIM_START
413 1 3112323868 STIM_END_RESP_START
413 1 3113016952 LICK
413 1 3113017456 REWARD_START
413 1 3113523884 RESP_END
413 1 3113037992 REWARD_END
414 1 3117197596 STIM_START
414 1 3118196896 STIM_END_RESP_START
414 1 3118319580 LICK
414 1 3118320088 REWARD_START
414 1 3118545480 LICK
414 1 3118805364 LICK
414 1 3119396936 RESP_END
414 1 3118340624 REWARD_END
415 0 3122558924 STIM_START
415 0 3123558232 STIM_END_RESP_START
415 0 3124758268 RESP_END
416 1 3127285720 STIM_START
416 1 3128285004 STIM_END_RESP_START
416 1 3128895844 LICK
416 1 3128896344 REWARD_START
416 1 3129287532 LICK
416 1 3129485032 RESP_END
416 1 3128916880 REWARD_END
417 1 3133245688 STIM_START
417 1 3134068032 LICK
417 1 3134244988 STIM_END_RESP_START
417 1 3134415844 LICK
417 1 3134416348 REWARD_START
417 1 3134594236 LICK
417 1 3134916588 LICK
417 1 3135224180 LICK
417 1 3135445028 RESP_END
417 1 3134436888 REWARD_END
418 1 3138721960 STIM_START
418 1 3139721256 STIM_END_RESP_START
418 1 3140284744 LICK
418 1 3140285244 REWARD_START
418 1 3140567700 LICK
418 1 3140921296 RESP_END
418 1 3140305784 REWARD_END
419 0 3144201288 STIM_START
419 0 3144247052 LICK
419 0 3144411160 LICK
419 0 3145053292 LICK
419 0 3145200576 STIM_END_RESP_START
419 0 3145615052 LICK
419 0 3145615560 TIMEOUT_START
419 0 3145761280 LICK
419 0 3145761776 TIMEOUT_START
419 0 3146400592 RESP_END
419 0 3152762300 TIMEOUT_END
420 1 3155349688 STIM_START
420 1 3156348980 STIM_END_RESP_START
420 1 3157549008 RESP_END
421 1 3159894628 STIM_START
421 1 3160893924 STIM_END_RESP_START
421 1 3161268036 LICK
421 1 3161268540 REWARD_START
421 1 3162030468 LICK
421 1 3162093964 RESP_END
421 1 3161289080 REWARD_END
422 1 3166212380 STIM_START
422 1 3166704552 LICK
422 1 3167211684 STIM_END_RESP_START
422 1 3167661248 LICK
422 1 3167661748 REWARD_START
422 1 3167880328 LICK
422 1 3168041640 LICK
422 1 3168364228 LICK
422 1 3168411700 RESP_END
422 1 3167682288 REWARD_END
423 0 3172150368 STIM_START
423 0 3172666596 LICK
423 0 3173149668 STIM_END_RESP_START
423 0 3173282904 LICK
423 0 3173283400 TIMEOUT_START
423 0 3173680628 LICK
423 0 3173681128 TIMEOUT_START
423 0 3174349700 RESP_END
423 0 3180681660 TIMEOUT_END
424 0 3183220804 STIM_START
424 0 3184220096 STIM_END_RESP_START
424 0 3184655728 LICK
424 0 3184656224 TIMEOUT_START
424 0 3184845352 LICK
424 0 3184845856 TIMEOUT_START
424 0 3185096496 LICK
424 0 3185097004 TIMEOUT_START
424 0 3185420116 RESP_END
424 0 3192097524 TIMEOUT_END
425 0 3194818936 STIM_START
425 0 3195571500 LICK
425 0 3195818228 STIM_END_RESP_START
425 0 3196190808 LICK
425 0 3196191308 TIMEOUT_START
425 0 3196622216 LICK
425 0 3196622712 TIMEOUT_START
425 0 3196780792 LICK
425 0 3196781296 TIMEOUT_START
425 0 3197018260 RESP_END
425 0 3203781824 TIMEOUT_END
426 1 3205987392 STIM_START
426 1 3206986680 STIM_END_RESP_START
426 1 3208186712 RESP_END
427 0 3210427412 STIM_START
427 0 3211426700 STIM_END_RESP_START
427 0 3212206032 LICK
427 0 3212206536 TIMEOUT_START
427 0 3212404508 LICK
427 0 3212405012 TIMEOUT_START
427 0 3212588088 LICK
427 0 3212588588 TIMEOUT_START
427 0 3212626712 RESP_END
427 0 3219589112 TIMEOUT_END
428 1 3222143428 STIM_START
428 1 3223142740 STIM_END_RESP_START
428 1 3224232776 LICK
428 1 3224233284 REWARD_START
428 1 3224342768 RESP_END
428 1 3224253820 REWARD_END
429 0 3228401152 STIM_START
429 0 3229400448 STIM_END_RESP_START
429 0 3230440532 LICK
429 0 3230441028 TIMEOUT_START
429 0 3230600480 RESP_END
429 0 3237441564 TIMEOUT_END
430 1 3239565616 STIM_START
430 1 3240564908 STIM_END_RESP_START
430 1 3241764940 RESP_END
431 0 3243994592 STIM_START
431 0 3244993888 STIM_END_RESP_START
431 0 3246193924 RESP_END
432 1 3248334708 STIM_START
432 1 3249334000 STIM_END_RESP_START
432 1 3250200100 LICK
432 1 3250200604 REWARD_START
432 1 3250534036 RESP_END
432 1 3250221144 REWARD_END
433 0 3255332932 STIM_START
433 0 3255839084 LICK
433 0 3256273584 LICK
433 0 3256332236 STIM_END_RESP_START
433 0 3256895824 LICK
433 0 3256896324 TIMEOUT_START
433 0 3257532256 RESP_END
433 0 3263896848 TIMEOUT_END
434 1 3266075660 STIM_START
434 1 3267074952 STIM_END_RESP_START
434 1 3268274984 RESP_END
435 0 3271601908 STIM_START
435 0 3272601204 STIM_END_RESP_START
435 0 3273801240 RESP_END
436 0 3276290688 STIM_START
436 0 3277289984 STIM_END_RESP_START
436 0 3278490012 RESP_END
437 1 3280969564 STIM_START
437 1 3281968856 STIM_END_RESP_START
437 1 3283116484 LICK
437 1 3283116980 REWARD_START
437 1 3283168904 RESP_END
437 1 3283137516 REWARD_END
438 0 3287154380 STIM_START
438 0 3287225296 LICK
438 0 3288153672 STIM_END_RESP_START
438 0 3288206248 LICK
438 0 3288206752 TIMEOUT_START
438 0 3288473112 LICK
438 0 3288473616 TIMEOUT_START
438 0 3288671472 LICK
438 0 3288671972 TIMEOUT_START
438 0 3288831344 LICK
438 0 3288831840 TIMEOUT_START
438 0 3289172196 LICK
438 0 3289172692 TIMEOUT_START
438 0 3289353712 RESP_END
438 0 3296173208 TIMEOUT_END
439 1 3298795432 STIM_START
439 1 3299794728 STIM_END_RESP_START
439 1 3300180460 LICK
439 1 3300180960 REWARD_START
439 1 3300425120 LICK
439 1 3300914612 LICK
439 1 3300994756 RESP_END
439 1 3300201500 REWARD_END
440 0 3303944996 STIM_START
440 0 3304944288 STIM_END_RESP_START
440 0 3306144324 RESP_END
441 0 3308531844 STIM_START
441 0 3309531132 STIM_END_RESP_START
441 0 3310731168 RESP_END
442 1 3312966824 STIM_START
442 1 3313966120 STIM_END_RESP_START
442 1 3314207176 LICK
442 1 3314207676 REWARD_START
442 1 3314840944 LICK
442 1 3315130348 LICK
442 1 3315166148 RESP_END
442 1 3314228212 REWARD_END
443 0 3317765620 STIM_START
443 0 3318764916 STIM_END_RESP_START
443 0 3319964948 RESP_END
444 0 3322519344 STIM_START
444 0 3323518640 STIM_END_RESP_START
444 0 3324091428 LICK
444 0 3324091928 TIMEOUT_START
444 0 3324718660 RESP_END
444 0 3331092448 TIMEOUT_END
445 0 3333334152 STIM_START
445 0 3334333460 STIM_END_RESP_START
445 0 3335533484 RESP_END
446 1 3338038892 STIM_START
446 1 3339038184 STIM_END_RESP_START
446 1 3339685608 LICK
446 1 3339686112 REWARD_START
446 1 3340238232 RESP_END
446 1 3339706652 REWARD_END
447 1 3342653704 STIM_START
447 1 3343653000 STIM_END_RESP_START
447 1 3344853044 RESP_END
448 1 3347360596 STIM_START
448 1 3348359892 STIM_END_RESP_START
448 1 3349559916 RESP_END
449 0 3352872832 STIM_START
449 0 3353872128 STIM_END_RESP_START
449 0 3355072160 RESP_END
450 0 3357645580 STIM_START
450 0 3358644876 STIM_END_RESP_START
450 0 3359844908 RESP_END
451 1 3362515248 STIM_START
451 1 3363514540 STIM_END_RESP_START
451 1 3364714572 RESP_END
452 0 3367102152 STIM_START
452 0 3368101444 STIM_END_RESP_START
452 0 3369301472 RESP_END
453 0 3371586096 STIM_START
453 0 3372585388 STIM_END_RESP_START
453 0 3373785420 RESP_END
454 0 3376389848 STIM_START
454 0 3377389140 STIM_END_RESP_START
454 0 3378589172 RESP_END
455 1 3380913808 STIM_START
455 1 3381913104 STIM_END_RESP_START
455 1 3383113136 RESP_END
456 0 3385262868 STIM_START
456 0 3386262160 STIM_END_RESP_START
456 0 3387462192 RESP_END
457 0 3389835748 STIM_START
457 0 3390835040 STIM_END_RESP_START
457 0 3392035072 RESP_END
458 1 3394211804 STIM_START
458 1 3395211096 STIM_END_RESP_START
458 1 3396411128 RESP_END
459 1 3398957604 STIM_START
459 1 3399956900 STIM_END_RESP_START
459 1 3401156928 RESP_END
460 1 3403467532 STIM_START
460 1 3404466828 STIM_END_RESP_START
460 1 3405666860 RESP_END
461 0 3407980476 STIM_START
461 0 3408979768 STIM_END_RESP_START
461 0 3410179796 RESP_END
USER_EXIT