001 1 0003091784 STIM_START
001 1 0003376060 LICK
001 1 0003519876 LICK
001 1 0003662556 LICK
001 1 0004191908 STIM_END_RESP_START
001 1 0004515028 LICK
001 1 0004515416 REWARD_START
001 1 0004623728 LICK
001 1 0004775320 LICK
001 1 0004930436 LICK
001 1 0005099376 LICK
001 1 0005220800 LICK
001 1 0005352160 LICK
001 1 0005391948 RESP_END
001 1 0004530832 REWARD_END
002 1 0013864648 STIM_START
002 1 0014101232 LICK
002 1 0014289580 LICK
002 1 0014702276 LICK
002 1 0014869604 LICK
002 1 0014964808 STIM_END_RESP_START
002 1 0015052896 LICK
002 1 0015053328 REWARD_START
002 1 0015246476 LICK
002 1 0015396616 LICK
002 1 0015560968 LICK
002 1 0015693752 LICK
002 1 0015813964 LICK
002 1 0015973924 LICK
002 1 0016164856 RESP_END
002 1 0015068772 REWARD_END
003 1 0022440044 STIM_START
003 1 0022836628 LICK
003 1 0023000924 LICK
003 1 0023187044 LICK
003 1 0023540180 STIM_END_RESP_START
003 1 0023610132 LICK
003 1 0023610572 REWARD_START
003 1 0023768452 LICK
003 1 0023936744 LICK
003 1 0024043976 LICK
003 1 0024217196 LICK
003 1 0024361712 LICK
003 1 0024492604 LICK
003 1 0024740220 RESP_END
003 1 0023626020 REWARD_END
004 0 0029040112 STIM_START
004 0 0029273000 LICK
004 0 0029465964 LICK
004 0 0029656820 LICK
004 0 0030008300 LICK
004 0 0030140260 STIM_END_RESP_START
004 0 0030167052 LICK
004 0 0030167488 TIMEOUT_START
004 0 0030344072 LICK
004 0 0030344516 TIMEOUT_START
004 0 0030870484 LICK
004 0 0030870924 TIMEOUT_START
004 0 0031042476 LICK
004 0 0031042920 TIMEOUT_START
004 0 0031220796 LICK
004 0 0031221236 TIMEOUT_START
004 0 0031340304 RESP_END
004 0 0038221692 TIMEOUT_END
005 1 0042156304 STIM_START
005 1 0042542460 LICK
005 1 0043171256 LICK
005 1 0043256440 STIM_END_RESP_START
005 1 0043340660 LICK
005 1 0043341100 REWARD_START
005 1 0043524620 LICK
005 1 0043872200 LICK
005 1 0044062680 LICK
005 1 0044248980 LICK
005 1 0044409912 LICK
005 1 0044456468 RESP_END
005 1 0043356544 REWARD_END
006 1 0047387176 STIM_START
006 1 0048314904 LICK
006 1 0048479180 LICK
006 1 0048487304 STIM_END_RESP_START
006 1 0048643244 LICK
006 1 0048643680 REWARD_START
006 1 0048903824 LICK
006 1 0049165808 LICK
006 1 0049319960 LICK
006 1 0049687324 RESP_END
006 1 0048659140 REWARD_END
007 1 0051394832 STIM_START
007 1 0051903992 LICK
007 1 0052494992 STIM_END_RESP_START
007 1 0052560448 LICK
007 1 0052560880 REWARD_START
007 1 0052777344 LICK
007 1 0052904308 LICK
007 1 0053050628 LICK
007 1 0053195836 LICK
007 1 0053349584 LICK
007 1 0053504560 LICK
007 1 0053695032 RESP_END
007 1 0052576332 REWARD_END
008 0 0055924560 STIM_START
008 0 0056351764 LICK
008 0 0056533356 LICK
008 0 0056686472 LICK
008 0 0057024720 STIM_END_RESP_START
008 0 0058138616 LICK
008 0 0058139056 TIMEOUT_START
008 0 0058224756 RESP_END
008 0 0065139516 TIMEOUT_END
009 0 0071904228 STIM_START
009 0 0073004368 STIM_END_RESP_START
009 0 0074204392 RESP_END
010 1 0076360008 STIM_START
010 1 0076741108 LICK
010 1 0076903700 LICK
010 1 0077460176 STIM_END_RESP_START
010 1 0078269784 LICK
010 1 0078270220 REWARD_START
010 1 0078660192 RESP_END
010 1 0078285688 REWARD_END
011 1 0093417776 STIM_START
011 1 0093699788 LICK
011 1 0094517936 STIM_END_RESP_START
011 1 0095717964 RESP_END
012 0 0097361456 STIM_START
012 0 0098131572 LICK
012 0 0098461600 STIM_END_RESP_START
012 0 0099661624 RESP_END
013 1 0101440144 STIM_START
013 1 0101543672 LICK
013 1 0101808788 LICK
013 1 0102540316 STIM_END_RESP_START
013 1 0103740352 RESP_END
014 0 0105438880 STIM_START
014 0 0106539032 STIM_END_RESP_START
014 0 0106782364 LICK
014 0 0106782852 TIMEOUT_START
014 0 0106939144 LICK
014 0 0106939636 TIMEOUT_START
014 0 0107739064 RESP_END
014 0 0113940132 TIMEOUT_END
015 0 0119430152 STIM_START
015 0 0119680260 LICK
015 0 0120424068 LICK
015 0 0120530312 STIM_END_RESP_START
015 0 0120577464 LICK
015 0 0120577948 TIMEOUT_START
015 0 0120800556 LICK
015 0 0120801040 TIMEOUT_START
015 0 0121590988 LICK
015 0 0121591476 TIMEOUT_START
015 0 0121730344 RESP_END
015 0 0128591984 TIMEOUT_END
016 1 0130469944 STIM_START
016 1 0130662864 LICK
016 1 0130854176 LICK
016 1 0131492720 LICK
016 1 0131570104 STIM_END_RESP_START
016 1 0131698084 LICK
016 1 0131698564 REWARD_START
016 1 0132074888 LICK
016 1 0132258916 LICK
016 1 0132404548 LICK
016 1 0132567876 LICK
016 1 0132705572 LICK
016 1 0132770120 RESP_END
016 1 0131714080 REWARD_END
017 0 0136881016 STIM_START
017 0 0137618292 LICK
017 0 0137776388 LICK
017 0 0137936156 LICK
017 0 0137981176 STIM_END_RESP_START
017 0 0138148116 LICK
017 0 0138148600 TIMEOUT_START
017 0 0138332684 LICK
017 0 0138333168 TIMEOUT_START
017 0 0138518440 LICK
017 0 0138518928 TIMEOUT_START
017 0 0138678552 LICK
017 0 0138679036 TIMEOUT_START
017 0 0138870260 LICK
017 0 0138870744 TIMEOUT_START
017 0 0139181196 RESP_END
017 0 0145871252 TIMEOUT_END
018 0 0147535816 STIM_START
018 0 0147845384 LICK
018 0 0148635960 STIM_END_RESP_START
018 0 0148677068 LICK
018 0 0148677552 TIMEOUT_START
018 0 0148855928 LICK
018 0 0148856412 TIMEOUT_START
018 0 0149428652 LICK
018 0 0149429136 TIMEOUT_START
018 0 0149600936 LICK
018 0 0149601428 TIMEOUT_START
018 0 0149836004 RESP_END
018 0 0156601924 TIMEOUT_END
019 1 0158447628 STIM_START
019 1 0158837656 LICK
019 1 0159061704 LICK
019 1 0159547756 STIM_END_RESP_START
019 1 0159892144 LICK
019 1 0159892636 REWARD_START
019 1 0160238240 LICK
019 1 0160386336 LICK
019 1 0160511120 LICK
019 1 0160665164 LICK
019 1 0160747764 RESP_END
019 1 0159908132 REWARD_END
020 0 0164891672 STIM_START
020 0 0165883412 LICK
020 0 0165991792 STIM_END_RESP_START
020 0 0166006004 LICK
020 0 0166006488 TIMEOUT_START
020 0 0166138396 LICK
020 0 0166138880 TIMEOUT_START
020 0 0166508928 LICK
020 0 0166509408 TIMEOUT_START
020 0 0166677780 LICK
020 0 0166678264 TIMEOUT_START
020 0 0166873960 LICK
020 0 0166874448 TIMEOUT_START
020 0 0167071284 LICK
020 0 0167071772 TIMEOUT_START
020 0 0167191808 RESP_END
020 0 0174072280 TIMEOUT_END
021 0 0175663468 STIM_START
021 0 0176763616 STIM_END_RESP_START
021 0 0177963656 RESP_END
022 1 0179598088 STIM_START
022 1 0180016248 LICK
022 1 0180535304 LICK
022 1 0180698244 STIM_END_RESP_START
022 1 0180723468 LICK
022 1 0180723956 REWARD_START
022 1 0180890260 LICK
022 1 0181152380 LICK
022 1 0181307000 LICK
022 1 0181438364 LICK
022 1 0181582796 LICK
022 1 0181746484 LICK
022 1 0181891016 LICK
022 1 0181898272 RESP_END
022 1 0180739448 REWARD_END
023 0 0183542756 STIM_START
023 0 0184477912 LICK
023 0 0184604888 LICK
023 0 0184642896 STIM_END_RESP_START
023 0 0185842936 RESP_END
024 1 0190750992 STIM_START
024 1 0191116580 LICK
024 1 0191543088 LICK
024 1 0191719236 LICK
024 1 0191851132 STIM_END_RESP_START
024 1 0192285048 LICK
024 1 0192285532 REWARD_START
024 1 0192457556 LICK
024 1 0192748076 LICK
024 1 0192895356 LICK
024 1 0193027808 LICK
024 1 0193051148 RESP_END
024 1 0192301044 REWARD_END
025 0 0195689796 STIM_START
025 0 0196473628 LICK
025 0 0196662004 LICK
025 0 0196789940 STIM_END_RESP_START
025 0 0197177168 LICK
025 0 0197177656 TIMEOUT_START
025 0 0197313756 LICK
025 0 0197314240 TIMEOUT_START
025 0 0197489344 LICK
025 0 0197489832 TIMEOUT_START
025 0 0197989960 RESP_END
025 0 0204490324 TIMEOUT_END
026 0 0206399596 STIM_START
026 0 0207106268 LICK
026 0 0207339960 LICK
026 0 0207499744 STIM_END_RESP_START
026 0 0207510328 LICK
026 0 0207510816 TIMEOUT_START
026 0 0207736968 LICK
026 0 0207737452 TIMEOUT_START
026 0 0207906016 LICK
026 0 0207906500 TIMEOUT_START
026 0 0208083360 LICK
026 0 0208083844 TIMEOUT_START
026 0 0208271660 LICK
026 0 0208272140 TIMEOUT_START
026 0 0208699764 RESP_END
026 0 0215272652 TIMEOUT_END
027 0 0217134364 STIM_START
027 0 0217758672 LICK
027 0 0217933124 LICK
027 0 0218234524 STIM_END_RESP_START
027 0 0218693284 LICK
027 0 0218693772 TIMEOUT_START
027 0 0218905768 LICK
027 0 0218906248 TIMEOUT_START
027 0 0219434548 RESP_END
027 0 0225906760 TIMEOUT_END
028 1 0227570080 STIM_START
028 1 0227982228 LICK
028 1 0228220396 LICK
028 1 0228670216 STIM_END_RESP_START
028 1 0229819192 LICK
028 1 0229819684 REWARD_START
028 1 0229870244 RESP_END
028 1 0229835192 REWARD_END
029 1 0232867996 STIM_START
029 1 0233204644 LICK
029 1 0233390132 LICK
029 1 0233806688 LICK
029 1 0233968152 STIM_END_RESP_START
029 1 0233972596 LICK
029 1 0233973088 REWARD_START
029 1 0234117484 LICK
029 1 0234394920 LICK
029 1 0234534884 LICK
029 1 0234693508 LICK
029 1 0234842772 LICK
029 1 0235002788 LICK
029 1 0235168164 RESP_END
029 1 0233988596 REWARD_END
030 1 0237900820 STIM_START
030 1 0238237300 LICK
030 1 0238605188 LICK
030 1 0238797140 LICK
030 1 0239000952 STIM_END_RESP_START
030 1 0239138872 LICK
030 1 0239139360 REWARD_START
030 1 0239294560 LICK
030 1 0239449752 LICK
030 1 0239612352 LICK
030 1 0239758124 LICK
030 1 0239913288 LICK
030 1 0240085100 LICK
030 1 0240200964 RESP_END
030 1 0239154852 REWARD_END
031 0 0242527556 STIM_START
031 0 0243397672 LICK
031 0 0243578908 LICK
031 0 0243627704 STIM_END_RESP_START
031 0 0244827744 RESP_END
032 1 0247692428 STIM_START
032 1 0248037280 LICK
032 1 0248316412 LICK
032 1 0248538736 LICK
032 1 0248738124 LICK
032 1 0248792556 STIM_END_RESP_START
032 1 0249149036 LICK
032 1 0249149528 REWARD_START
032 1 0249308272 LICK
032 1 0249463612 LICK
032 1 0249613524 LICK
032 1 0249769136 LICK
032 1 0249934276 LICK
032 1 0249992572 RESP_END
032 1 0249165036 REWARD_END
033 0 0253898452 STIM_START
033 0 0254340328 LICK
033 0 0254998588 STIM_END_RESP_START
033 0 0256198628 RESP_END
034 0 0258030104 STIM_START
034 0 0258562024 LICK
034 0 0258779568 LICK
034 0 0259013784 LICK
034 0 0259130268 STIM_END_RESP_START
034 0 0259464028 LICK
034 0 0259464516 TIMEOUT_START
034 0 0259635376 LICK
034 0 0259635856 TIMEOUT_START
034 0 0259798616 LICK
034 0 0259799108 TIMEOUT_START
034 0 0260153508 LICK
034 0 0260153992 TIMEOUT_START
034 0 0260330304 RESP_END
034 0 0267154504 TIMEOUT_END
035 0 0269165992 STIM_START
035 0 0269702640 LICK
035 0 0269883832 LICK
035 0 0270266156 STIM_END_RESP_START
035 0 0271466200 RESP_END
036 1 0273442676 STIM_START
036 1 0273945536 LICK
036 1 0274107356 LICK
036 1 0274542824 STIM_END_RESP_START
036 1 0275715108 LICK
036 1 0275715592 REWARD_START
036 1 0275742872 RESP_END
036 1 0275731100 REWARD_END
037 0 0278562548 STIM_START
037 0 0278937540 LICK
037 0 0279106284 LICK
037 0 0279285028 LICK
037 0 0279584976 LICK
037 0 0279662704 STIM_END_RESP_START
037 0 0279766100 LICK
037 0 0279766584 TIMEOUT_START
037 0 0280075032 LICK
037 0 0280075524 TIMEOUT_START
037 0 0280238804 LICK
037 0 0280239292 TIMEOUT_START
037 0 0280418008 LICK
037 0 0280418496 TIMEOUT_START
037 0 0280593792 LICK
037 0 0280594276 TIMEOUT_START
037 0 0280752996 LICK
037 0 0280753488 TIMEOUT_START
037 0 0280862740 RESP_END
037 0 0287753980 TIMEOUT_END
038 1 0289743380 STIM_START
038 1 0290843528 STIM_END_RESP_START
038 1 0292043572 RESP_END
039 0 0296860588 STIM_START
039 0 0297187780 LICK
039 0 0297791432 LICK
039 0 0297960740 STIM_END_RESP_START
039 0 0297996128 LICK
039 0 0297996616 TIMEOUT_START
039 0 0298204316 LICK
039 0 0298204800 TIMEOUT_START
039 0 0298354080 LICK
039 0 0298354564 TIMEOUT_START
039 0 0298529448 LICK
039 0 0298529940 TIMEOUT_START
039 0 0298754456 LICK
039 0 0298754940 TIMEOUT_START
039 0 0298914224 LICK
039 0 0298914708 TIMEOUT_START
039 0 0299139068 LICK
039 0 0299139556 TIMEOUT_START
039 0 0299160772 RESP_END
039 0 0306140056 TIMEOUT_END
040 0 0309710724 STIM_START
040 0 0310095408 LICK
040 0 0310282076 LICK
040 0 0310810880 STIM_END_RESP_START
040 0 0310831260 LICK
040 0 0310831744 TIMEOUT_START
040 0 0310986108 LICK
040 0 0310986596 TIMEOUT_START
040 0 0311169716 LICK
040 0 0311170208 TIMEOUT_START
040 0 0311527188 LICK
040 0 0311527680 TIMEOUT_START
040 0 0311748724 LICK
040 0 0311749208 TIMEOUT_START
040 0 0312010900 RESP_END
040 0 0318749720 TIMEOUT_END
041 1 0320715532 STIM_START
041 1 0321002940 LICK
041 1 0321616620 LICK
041 1 0321803132 LICK
041 1 0321815672 STIM_END_RESP_START
041 1 0322521728 LICK
041 1 0322522220 REWARD_START
041 1 0322718880 LICK
041 1 0322984308 LICK
041 1 0323015712 RESP_END
041 1 0322537712 REWARD_END
042 1 0326173464 STIM_START
042 1 0326310744 LICK
042 1 0326533820 LICK
042 1 0326716160 LICK
042 1 0326879028 LICK
042 1 0327047096 LICK
042 1 0327212824 LICK
042 1 0327273592 STIM_END_RESP_START
042 1 0327357524 LICK
042 1 0327358008 REWARD_START
042 1 0327700232 LICK
042 1 0327866332 LICK
042 1 0328023212 LICK
042 1 0328400992 LICK
042 1 0328473628 RESP_END
042 1 0327373520 REWARD_END
043 1 0334922880 STIM_START
043 1 0335085360 LICK
043 1 0336023036 STIM_END_RESP_START
043 1 0336132488 LICK
043 1 0336132972 REWARD_START
043 1 0336306884 LICK
043 1 0337223076 RESP_END
043 1 0336148488 REWARD_END
044 0 0350755448 STIM_START
044 0 0351053700 LICK
044 0 0351227092 LICK
044 0 0351855588 STIM_END_RESP_START
044 0 0353055632 RESP_END
045 1 0355074180 STIM_START
045 1 0355519776 LICK
045 1 0356174316 STIM_END_RESP_START
045 1 0356399980 LICK
045 1 0356400472 REWARD_START
045 1 0356465108 LICK
045 1 0356615012 LICK
045 1 0356889736 LICK
045 1 0357218812 LICK
045 1 0357341724 LICK
045 1 0357374352 RESP_END
045 1 0356415968 REWARD_END
046 1 0360834140 STIM_START
046 1 0361165492 LICK
046 1 0361327520 LICK
046 1 0361818000 LICK
046 1 0361934304 STIM_END_RESP_START
046 1 0362005908 LICK
046 1 0362006392 REWARD_START
046 1 0362185340 LICK
046 1 0362358340 LICK
046 1 0362506392 LICK
046 1 0362655692 LICK
046 1 0362847004 LICK
046 1 0363134332 RESP_END
046 1 0362021908 REWARD_END
047 0 0365324860 STIM_START
047 0 0365392432 LICK
047 0 0365799016 LICK
047 0 0366007896 LICK
047 0 0366425000 STIM_END_RESP_START
047 0 0366584604 LICK
047 0 0366585096 TIMEOUT_START
047 0 0366783836 LICK
047 0 0366784324 TIMEOUT_START
047 0 0366953048 LICK
047 0 0366953540 TIMEOUT_START
047 0 0367126276 LICK
047 0 0367126764 TIMEOUT_START
047 0 0367324040 LICK
047 0 0367324532 TIMEOUT_START
047 0 0367625032 RESP_END
047 0 0374325024 TIMEOUT_END
048 1 0380151288 STIM_START
048 1 0381251436 STIM_END_RESP_START
048 1 0382451476 RESP_END
049 1 0385231200 STIM_START
049 1 0386331348 STIM_END_RESP_START
049 1 0386517080 LICK
049 1 0386517564 REWARD_START
049 1 0386739764 LICK
049 1 0386905788 LICK
049 1 0387073988 LICK
049 1 0387255896 LICK
049 1 0387531396 RESP_END
049 1 0386533076 REWARD_END
050 1 0389136864 STIM_START
050 1 0389976108 LICK
050 1 0390139760 LICK
050 1 0390237020 STIM_END_RESP_START
050 1 0390331124 LICK
050 1 0390331616 REWARD_START
050 1 0391437040 RESP_END
050 1 0390347132 REWARD_END
051 0 0396126996 STIM_START
051 0 0397227152 STIM_END_RESP_START
051 0 0398427200 RESP_END
052 0 0400726704 STIM_START
052 0 0401053052 LICK
052 0 0401249684 LICK
052 0 0401826844 STIM_END_RESP_START
052 0 0403026880 RESP_END
053 1 0404655408 STIM_START
053 1 0405755556 STIM_END_RESP_START
053 1 0406002832 LICK
053 1 0406003320 REWARD_START
053 1 0406200340 LICK
053 1 0406510956 LICK
053 1 0406700332 LICK
053 1 0406857224 LICK
053 1 0406955576 RESP_END
053 1 0406018832 REWARD_END
054 0 0409451200 STIM_START
054 0 0410551352 STIM_END_RESP_START
054 0 0411751392 RESP_END
055 0 0413683860 STIM_START
055 0 0414784008 STIM_END_RESP_START
055 0 0415984048 RESP_END
056 1 0418056644 STIM_START
056 1 0419156792 STIM_END_RESP_START
056 1 0419305292 LICK
056 1 0419305784 REWARD_START
056 1 0419479304 LICK
056 1 0419655664 LICK
056 1 0419822888 LICK
056 1 0419986328 LICK
056 1 0420356808 RESP_END
056 1 0419321296 REWARD_END
057 0 0422475376 STIM_START
057 0 0423575520 STIM_END_RESP_START
057 0 0424775564 RESP_END
058 1 0426491024 STIM_START
058 1 0427391392 LICK
058 1 0427454420 LICK
058 1 0427591176 STIM_END_RESP_START
058 1 0427648344 LICK
058 1 0427648828 REWARD_START
058 1 0427790024 LICK
058 1 0427961932 LICK
058 1 0428148972 LICK
058 1 0428323112 LICK
058 1 0428484284 LICK
058 1 0428690072 LICK
058 1 0428791204 RESP_END
058 1 0427664332 REWARD_END
059 1 0430508652 STIM_START
059 1 0431608796 STIM_END_RESP_START
059 1 0432808844 RESP_END
060 0 0437120752 STIM_START
060 0 0438220904 STIM_END_RESP_START
060 0 0439004624 LICK
060 0 0439005112 TIMEOUT_START
060 0 0439260564 LICK
060 0 0439261048 TIMEOUT_START
060 0 0439420960 RESP_END
060 0 0446261560 TIMEOUT_END
061 0 0448008588 STIM_START
061 0 0449108736 STIM_END_RESP_START
061 0 0450308780 RESP_END
062 1 0452138264 STIM_START
062 1 0453238412 STIM_END_RESP_START
062 1 0453316380 LICK
062 1 0453316872 REWARD_START
062 1 0453382452 LICK
062 1 0453677868 LICK
062 1 0453859984 LICK
062 1 0454033036 LICK
062 1 0454372328 LICK
062 1 0454438432 RESP_END
062 1 0453332364 REWARD_END
063 1 0456747036 STIM_START
063 1 0457847184 STIM_END_RESP_START
063 1 0459047228 RESP_END
064 1 0460777688 STIM_START
064 1 0461877836 STIM_END_RESP_START
064 1 0462263772 LICK
064 1 0462264260 REWARD_START
064 1 0462477896 LICK
064 1 0462661728 LICK
064 1 0462995804 LICK
064 1 0463077880 RESP_END
064 1 0462279756 REWARD_END
065 0 0464959368 STIM_START
065 0 0466059520 STIM_END_RESP_START
065 0 0467259564 RESP_END
066 1 0469275128 STIM_START
066 1 0470375276 STIM_END_RESP_START
066 1 0470691672 LICK
066 1 0470692164 REWARD_START
066 1 0470865224 LICK
066 1 0471040248 LICK
066 1 0471213768 LICK
066 1 0471389740 LICK
066 1 0471575324 RESP_END
066 1 0470707656 REWARD_END
067 0 0473284744 STIM_START
067 0 0474384892 STIM_END_RESP_START
067 0 0475584936 RESP_END
068 1 0477556464 STIM_START
068 1 0478656628 STIM_END_RESP_START
068 1 0478666388 LICK
068 1 0478666880 REWARD_START
068 1 0478822996 LICK
068 1 0479013244 LICK
068 1 0479156556 LICK
068 1 0479350580 LICK
068 1 0479537480 LICK
068 1 0479856676 RESP_END
068 1 0478682392 REWARD_END
069 1 0481475132 STIM_START
069 1 0482575280 STIM_END_RESP_START
069 1 0483332448 LICK
069 1 0483332932 REWARD_START
069 1 0483495084 LICK
069 1 0483680856 LICK
069 1 0483775304 RESP_END
069 1 0483348444 REWARD_END
070 1 0485960880 STIM_START
070 1 0487061028 STIM_END_RESP_START
070 1 0488261072 RESP_END
071 0 0490169600 STIM_START
071 0 0491269748 STIM_END_RESP_START
071 0 0492469792 RESP_END
072 0 0494543296 STIM_START
072 0 0495643444 STIM_END_RESP_START
072 0 0496843488 RESP_END
073 1 0499581116 STIM_START
073 1 0500222408 LICK
073 1 0500681276 STIM_END_RESP_START
073 1 0501881320 RESP_END
074 0 0503788800 STIM_START
074 0 0504888948 STIM_END_RESP_START
074 0 0506088992 RESP_END
075 1 0508129544 STIM_START
075 1 0509229692 STIM_END_RESP_START
075 1 0510053260 LICK
075 1 0510053756 REWARD_START
075 1 0510203592 LICK
075 1 0510379156 LICK
075 1 0510429728 RESP_END
075 1 0510069248 REWARD_END
076 0 0512816348 STIM_START
076 0 0513916496 STIM_END_RESP_START
076 0 0514125304 LICK
076 0 0514125788 TIMEOUT_START
076 0 0514299396 LICK
076 0 0514299880 TIMEOUT_START
076 0 0515116532 RESP_END
076 0 0521300384 TIMEOUT_END
077 0 0522944992 STIM_START
077 0 0524045140 STIM_END_RESP_START
077 0 0525245184 RESP_END
078 0 0527081664 STIM_START
078 0 0528181812 STIM_END_RESP_START
078 0 0528473112 LICK
078 0 0528473596 TIMEOUT_START
078 0 0528636448 LICK
078 0 0528636940 TIMEOUT_START
078 0 0528838320 LICK
078 0 0528838812 TIMEOUT_START
078 0 0529381840 RESP_END
078 0 0535839320 TIMEOUT_END
079 1 0537538408 STIM_START
079 1 0538638556 STIM_END_RESP_START
079 1 0538648536 LICK
079 1 0538649036 REWARD_START
079 1 0538810884 LICK
079 1 0539007508 LICK
079 1 0539190036 LICK
079 1 0539338824 LICK
079 1 0539838580 RESP_END
079 1 0538664536 REWARD_END
080 0 0541768136 STIM_START
080 0 0542868284 STIM_END_RESP_START
080 0 0544068328 RESP_END
081 1 0545817796 STIM_START
081 1 0546917944 STIM_END_RESP_START
081 1 0548117988 RESP_END
082 1 0549995440 STIM_START
082 1 0551095592 STIM_END_RESP_START
082 1 0552295636 RESP_END
083 1 0554073136 STIM_START
083 1 0555173284 STIM_END_RESP_START
083 1 0555273224 LICK
083 1 0555273708 REWARD_START
083 1 0555445596 LICK
083 1 0555747268 LICK
083 1 0556082200 LICK
083 1 0556257720 LICK
083 1 0556373300 RESP_END
083 1 0555289220 REWARD_END
084 0 0558174844 STIM_START
084 0 0559274992 STIM_END_RESP_START
084 0 0559729980 LICK
084 0 0559730464 TIMEOUT_START
084 0 0559893220 LICK
084 0 0559893712 TIMEOUT_START
084 0 0560475028 RESP_END
084 0 0566894224 TIMEOUT_END
085 1 0568915588 STIM_START
085 1 0569848544 LICK
085 1 0570015764 STIM_END_RESP_START
085 1 0570062328 LICK
085 1 0570062816 REWARD_START
085 1 0570218524 LICK
085 1 0570389448 LICK
085 1 0570587424 LICK
085 1 0570733872 LICK
085 1 0570899208 LICK
085 1 0571065668 LICK
085 1 0571215796 RESP_END
085 1 0570078316 REWARD_END
086 0 0572971264 STIM_START
086 0 0574071412 STIM_END_RESP_START
086 0 0575271456 RESP_END
087 1 0577172980 STIM_START
087 1 0578273128 STIM_END_RESP_START
087 1 0578460152 LICK
087 1 0578460636 REWARD_START
087 1 0578784992 LICK
087 1 0579084876 LICK
087 1 0579246264 LICK
087 1 0579413580 LICK
087 1 0579473160 RESP_END
087 1 0578476152 REWARD_END
088 0 0581647728 STIM_START
088 0 0582747876 STIM_END_RESP_START
088 0 0583947920 RESP_END
089 0 0586025472 STIM_START
089 0 0587125620 STIM_END_RESP_START
089 0 0588325664 RESP_END
090 0 0590244144 STIM_START
090 0 0591344292 STIM_END_RESP_START
090 0 0591443620 LICK
090 0 0591444108 TIMEOUT_START
090 0 0592541180 LICK
090 0 0592541668 TIMEOUT_START
090 0 0592544324 RESP_END
090 0 0599542180 TIMEOUT_END
091 1 0601165952 STIM_START
091 1 0602266100 STIM_END_RESP_START
091 1 0603466148 RESP_END
092 1 0605081620 STIM_START
092 1 0606181768 STIM_END_RESP_START
092 1 0607381816 RESP_END
093 0 0609423316 STIM_START
093 0 0610523472 STIM_END_RESP_START
093 0 0611723520 RESP_END
094 1 0613702024 STIM_START
094 1 0614802176 STIM_END_RESP_START
094 1 0615639432 LICK
094 1 0615639916 REWARD_START
094 1 0615943912 LICK
094 1 0616002208 RESP_END
094 1 0615655436 REWARD_END
095 1 0618649852 STIM_START
095 1 0619750004 STIM_END_RESP_START
095 1 0620950048 RESP_END
096 1 0622889524 STIM_START
096 1 0623989672 STIM_END_RESP_START
096 1 0625189720 RESP_END
097 0 0627021168 STIM_START
097 0 0627140052 LICK
097 0 0627326628 LICK
097 0 0627513904 LICK
097 0 0628121308 STIM_END_RESP_START
097 0 0629321356 RESP_END
098 0 0631106904 STIM_START
098 0 0632207052 STIM_END_RESP_START
098 0 0633407100 RESP_END
099 0 0640779500 STIM_START
099 0 0641551324 LICK
099 0 0641722128 LICK
099 0 0641879652 STIM_END_RESP_START
099 0 0641882124 LICK
099 0 0641882608 TIMEOUT_START
099 0 0643079680 RESP_END
099 0 0648883124 TIMEOUT_END
100 1 0650589112 STIM_START
100 1 0650950428 LICK
100 1 0651176152 LICK
100 1 0651689256 STIM_END_RESP_START
100 1 0652039828 LICK
100 1 0652040320 REWARD_START
100 1 0652255112 LICK
100 1 0652437940 LICK
100 1 0652618548 LICK
100 1 0652775784 LICK
100 1 0652889276 RESP_END
100 1 0652055832 REWARD_END
101 1 0654812836 STIM_START
101 1 0655307832 LICK
101 1 0655477220 LICK
101 1 0655912984 STIM_END_RESP_START
101 1 0656509224 LICK
101 1 0656509708 REWARD_START
101 1 0656745636 LICK
101 1 0656924352 LICK
101 1 0657074424 LICK
101 1 0657113032 RESP_END
101 1 0656525220 REWARD_END
102 0 0659453604 STIM_START
102 0 0660553764 STIM_END_RESP_START
102 0 0660701208 LICK
102 0 0660701692 TIMEOUT_START
102 0 0660882728 LICK
102 0 0660883212 TIMEOUT_START
102 0 0661047128 LICK
102 0 0661047616 TIMEOUT_START
102 0 0661753804 RESP_END
102 0 0668048120 TIMEOUT_END
103 0 0669724276 STIM_START
103 0 0670348180 LICK
103 0 0670504960 LICK
103 0 0670824408 STIM_END_RESP_START
103 0 0671111180 LICK
103 0 0671111664 TIMEOUT_START
103 0 0671305204 LICK
103 0 0671305688 TIMEOUT_START
103 0 0671483764 LICK
103 0 0671484256 TIMEOUT_START
103 0 0672024428 RESP_END
103 0 0678484756 TIMEOUT_END
104 0 0680096996 STIM_START
104 0 0680883100 LICK
104 0 0681085532 LICK
104 0 0681197144 STIM_END_RESP_START
104 0 0681231712 LICK
104 0 0681232196 TIMEOUT_START
104 0 0681857128 LICK
104 0 0681857612 TIMEOUT_START
104 0 0682041560 LICK
104 0 0682042040 TIMEOUT_START
104 0 0682397176 RESP_END
104 0 0689042552 TIMEOUT_END
105 1 0690823776 STIM_START
105 1 0691616152 LICK
105 1 0691923928 STIM_END_RESP_START
105 1 0691956580 LICK
105 1 0691957072 REWARD_START
105 1 0692309916 LICK
105 1 0692593684 LICK
105 1 0692751076 LICK
105 1 0692889828 LICK
105 1 0693063404 LICK
105 1 0693123976 RESP_END
105 1 0691972568 REWARD_END
106 1 0695082468 STIM_START
106 1 0696182616 STIM_END_RESP_START
106 1 0696298112 LICK
106 1 0696298604 REWARD_START
106 1 0696513960 LICK
106 1 0696663104 LICK
106 1 0696845512 LICK
106 1 0697001592 LICK
106 1 0697172224 LICK
106 1 0697354156 LICK
106 1 0697382640 RESP_END
106 1 0696314120 REWARD_END
107 1 0699484200 STIM_START
107 1 0700162072 LICK
107 1 0700360832 LICK
107 1 0700584352 STIM_END_RESP_START
107 1 0700750204 LICK
107 1 0700750692 REWARD_START
107 1 0700933060 LICK
107 1 0701127812 LICK
107 1 0701269440 LICK
107 1 0701476568 LICK
107 1 0701630516 LICK
107 1 0701784368 RESP_END
107 1 0700766204 REWARD_END
108 0 0703850928 STIM_START
108 0 0704951080 STIM_END_RESP_START
108 0 0706151120 RESP_END
109 0 0708185628 STIM_START
109 0 0708657212 LICK
109 0 0708809260 LICK
109 0 0708984556 LICK
109 0 0709285784 STIM_END_RESP_START
109 0 0709347296 LICK
109 0 0709347784 TIMEOUT_START
109 0 0709513332 LICK
109 0 0709513816 TIMEOUT_START
109 0 0710036400 LICK
109 0 0710036892 TIMEOUT_START
109 0 0710238736 LICK
109 0 0710239224 TIMEOUT_START
109 0 0710443648 LICK
109 0 0710444140 TIMEOUT_START
109 0 0710485812 RESP_END
109 0 0717444640 TIMEOUT_END
110 1 0719287480 STIM_START
110 1 0720209612 LICK
110 1 0720387640 STIM_END_RESP_START
110 1 0720389060 LICK
110 1 0720389552 REWARD_START
110 1 0720569384 LICK
110 1 0720727100 LICK
110 1 0720877900 LICK
110 1 0721043564 LICK
110 1 0721244100 LICK
110 1 0721587656 RESP_END
110 1 0720405064 REWARD_END
111 1 0723557176 STIM_START
111 1 0724187188 LICK
111 1 0724359828 LICK
111 1 0724534580 LICK
111 1 0724657324 STIM_END_RESP_START
111 1 0724914248 LICK
111 1 0724914736 REWARD_START
111 1 0725101596 LICK
111 1 0725272108 LICK
111 1 0725458472 LICK
111 1 0725642764 LICK
111 1 0725816080 LICK
111 1 0725857360 RESP_END
111 1 0724930248 REWARD_END
112 0 0728211952 STIM_START
112 0 0728809124 LICK
112 0 0728969500 LICK
112 0 0729312088 STIM_END_RESP_START
112 0 0729516156 LICK
112 0 0729516640 TIMEOUT_START
112 0 0729738708 LICK
112 0 0729739196 TIMEOUT_START
112 0 0730512108 RESP_END
112 0 0736739700 TIMEOUT_END
113 0 0738705676 STIM_START
113 0 0739805824 STIM_END_RESP_START
113 0 0740721560 LICK
113 0 0740722052 TIMEOUT_START
113 0 0740961524 LICK
113 0 0740962008 TIMEOUT_START
113 0 0741005864 RESP_END
113 0 0747962516 TIMEOUT_END
114 1 0749985540 STIM_START
114 1 0750707180 LICK
114 1 0751085712 STIM_END_RESP_START
114 1 0752192972 LICK
114 1 0752193460 REWARD_START
114 1 0752285752 RESP_END
114 1 0752208976 REWARD_END
115 0 0755430440 STIM_START
115 0 0756530588 STIM_END_RESP_START
115 0 0757730636 RESP_END
116 0 0759431120 STIM_START
116 0 0760531276 STIM_END_RESP_START
116 0 0761731320 RESP_END
117 1 0763711824 STIM_START
117 1 0764649872 LICK
117 1 0764811980 STIM_END_RESP_START
117 1 0764825832 LICK
117 1 0764826320 REWARD_START
117 1 0765012756 LICK
117 1 0765131648 LICK
117 1 0765322116 LICK
117 1 0765455832 LICK
117 1 0765976328 LICK
117 1 0766011992 RESP_END
117 1 0764841832 REWARD_END
118 1 0768204572 STIM_START
118 1 0768845092 LICK
118 1 0769017052 LICK
118 1 0769304724 STIM_END_RESP_START
118 1 0769563824 LICK
118 1 0769564312 REWARD_START
118 1 0769753064 LICK
118 1 0769912188 LICK
118 1 0770074684 LICK
118 1 0770233868 LICK
118 1 0770399744 LICK
118 1 0770504752 RESP_END
118 1 0769579824 REWARD_END
119 0 0772959332 STIM_START
119 0 0773771292 LICK
119 0 0773975728 LICK
119 0 0774059468 STIM_END_RESP_START
119 0 0774524504 LICK
119 0 0774524996 TIMEOUT_START
119 0 0774737196 LICK
119 0 0774737680 TIMEOUT_START
119 0 0774924836 LICK
119 0 0774925324 TIMEOUT_START
119 0 0775259488 RESP_END
119 0 0781925824 TIMEOUT_END
120 1 0783539072 STIM_START
120 1 0784001832 LICK
120 1 0784587172 LICK
120 1 0784639200 STIM_END_RESP_START
120 1 0784980732 LICK
120 1 0784981224 REWARD_START
120 1 0785362700 LICK
120 1 0785541448 LICK
120 1 0785669680 LICK
120 1 0785827564 LICK
120 1 0785839244 RESP_END
120 1 0784996736 REWARD_END
121 1 0788105836 STIM_START
121 1 0788590800 LICK
121 1 0788831580 LICK
121 1 0789205996 STIM_END_RESP_START
121 1 0789389860 LICK
121 1 0789390352 REWARD_START
121 1 0789595672 LICK
121 1 0789748896 LICK
121 1 0789922792 LICK
121 1 0790103632 LICK
121 1 0790276204 LICK
121 1 0790406028 RESP_END
121 1 0789405864 REWARD_END
122 0 0792551540 STIM_START
122 0 0793651692 STIM_END_RESP_START
122 0 0793806156 LICK
122 0 0793806640 TIMEOUT_START
122 0 0793937500 LICK
122 0 0793937992 TIMEOUT_START
122 0 0794134756 LICK
122 0 0794135240 TIMEOUT_START
122 0 0794851728 RESP_END
122 0 0801135748 TIMEOUT_END
123 1 0802721196 STIM_START
123 1 0803821344 STIM_END_RESP_START
123 1 0803920948 LICK
123 1 0803921436 REWARD_START
123 1 0804092828 LICK
123 1 0804384792 LICK
123 1 0804543424 LICK
123 1 0804696084 LICK
123 1 0804876188 LICK
123 1 0805021392 RESP_END
123 1 0803936948 REWARD_END
124 1 0807074928 STIM_START
124 1 0807570060 LICK
124 1 0807754644 LICK
124 1 0807932788 LICK
124 1 0808132344 LICK
124 1 0808175076 STIM_END_RESP_START
124 1 0808321980 LICK
124 1 0808322472 REWARD_START
124 1 0808509584 LICK
124 1 0808683508 LICK
124 1 0808844880 LICK
124 1 0809004816 LICK
124 1 0809196836 LICK
124 1 0809375100 RESP_END
124 1 0808337980 REWARD_END
125 0 0811840752 STIM_START
125 0 0812630844 LICK
125 0 0812784448 LICK
125 0 0812940896 STIM_END_RESP_START
125 0 0814140940 RESP_END
126 1 0815958432 STIM_START
126 1 0816994464 LICK
126 1 0817058584 STIM_END_RESP_START
126 1 0817139704 LICK
126 1 0817140200 REWARD_START
126 1 0817345104 LICK
126 1 0817491732 LICK
126 1 0817675364 LICK
126 1 0817855172 LICK
126 1 0818041552 LICK
126 1 0818200224 LICK
126 1 0818258616 RESP_END
126 1 0817155692 REWARD_END
127 0 0820261172 STIM_START
127 0 0820809772 LICK
127 0 0821361324 STIM_END_RESP_START
127 0 0822561364 RESP_END
128 0 0824300820 STIM_START
128 0 0825262592 LICK
128 0 0825400964 STIM_END_RESP_START
128 0 0825402828 LICK
128 0 0825403320 TIMEOUT_START
128 0 0825578860 LICK
128 0 0825579348 TIMEOUT_START
128 0 0825779540 LICK
128 0 0825780020 TIMEOUT_START
128 0 0826199580 LICK
128 0 0826200072 TIMEOUT_START
128 0 0826600996 RESP_END
128 0 0833200572 TIMEOUT_END
129 0 0836607844 STIM_START
129 0 0837708000 STIM_END_RESP_START
129 0 0837860480 LICK
129 0 0837860964 TIMEOUT_START
129 0 0838042208 LICK
129 0 0838042696 TIMEOUT_START
129 0 0838908036 RESP_END
129 0 0845043200 TIMEOUT_END
130 1 0846667504 STIM_START
130 1 0847452716 LICK
130 1 0847767648 STIM_END_RESP_START
130 1 0848967692 RESP_END
131 0 0852390468 STIM_START
131 0 0853490616 STIM_END_RESP_START
131 0 0854285708 LICK
131 0 0854286192 TIMEOUT_START
131 0 0854518852 LICK
131 0 0854519336 TIMEOUT_START
131 0 0854690664 RESP_END
131 0 0861519832 TIMEOUT_END
132 0 0863248256 STIM_START
132 0 0863762700 LICK
132 0 0864348412 STIM_END_RESP_START
132 0 0865101484 LICK
132 0 0865101972 TIMEOUT_START
132 0 0865251828 LICK
132 0 0865252312 TIMEOUT_START
132 0 0865548424 RESP_END
132 0 0872252828 TIMEOUT_END
133 0 0873923004 STIM_START
133 0 0875023148 STIM_END_RESP_START
133 0 0875197144 LICK
133 0 0875197636 TIMEOUT_START
133 0 0875434352 LICK
133 0 0875434836 TIMEOUT_START
133 0 0876223188 RESP_END
133 0 0882435348 TIMEOUT_END
134 1 0884522768 STIM_START
134 1 0885622924 STIM_END_RESP_START
134 1 0886822968 RESP_END
135 0 0888879468 STIM_START
135 0 0889060256 LICK
135 0 0889237872 LICK
135 0 0889456200 LICK
135 0 0889858260 LICK
135 0 0889979620 STIM_END_RESP_START
135 0 0890082500 LICK
135 0 0890082988 TIMEOUT_START
135 0 0891179648 RESP_END
135 0 0897083500 TIMEOUT_END
136 1 0898758080 STIM_START
136 1 0899297112 LICK
136 1 0899858236 STIM_END_RESP_START
136 1 0900039972 LICK
136 1 0900040460 REWARD_START
136 1 0900231504 LICK
136 1 0900532784 LICK
136 1 0900705632 LICK
136 1 0900865516 LICK
136 1 0901025036 LICK
136 1 0901058280 RESP_END
136 1 0900055972 REWARD_END
137 1 0902818776 STIM_START
137 1 0903229472 LICK
137 1 0903441660 LICK
137 1 0903918904 STIM_END_RESP_START
137 1 0905118952 RESP_END
138 0 0907137480 STIM_START
138 0 0908203164 LICK
138 0 0908237628 STIM_END_RESP_START
138 0 0908437392 LICK
138 0 0908437884 TIMEOUT_START
138 0 0909437668 RESP_END
138 0 0915438384 TIMEOUT_END
139 0 0917149148 STIM_START
139 0 0918249296 STIM_END_RESP_START
139 0 0919449340 RESP_END
140 0 0921119792 STIM_START
140 0 0922219944 STIM_END_RESP_START
140 0 0922864208 LICK
140 0 0922864696 TIMEOUT_START
140 0 0923028192 LICK
140 0 0923028680 TIMEOUT_START
140 0 0923216400 LICK
140 0 0923216884 TIMEOUT_START
140 0 0923419964 RESP_END
140 0 0930217384 TIMEOUT_END
141 1 0931928576 STIM_START
141 1 0932407496 LICK
141 1 0932601500 LICK
141 1 0933028716 STIM_END_RESP_START
141 1 0933232412 LICK
141 1 0933232904 REWARD_START
141 1 0933405764 LICK
141 1 0933709876 LICK
141 1 0933886032 LICK
141 1 0934042704 LICK
141 1 0934221224 LICK
141 1 0934228756 RESP_END
141 1 0933248400 REWARD_END
142 0 0936154276 STIM_START
142 0 0937002296 LICK
142 0 0937254436 STIM_END_RESP_START
142 0 0937380476 LICK
142 0 0937380964 TIMEOUT_START
142 0 0937774436 LICK
142 0 0937774924 TIMEOUT_START
142 0 0938454456 RESP_END
142 0 0944775428 TIMEOUT_END
143 1 0946438952 STIM_START
143 1 0947539108 STIM_END_RESP_START
143 1 0948739152 RESP_END
144 0 0950718680 STIM_START
144 0 0951027464 LICK
144 0 0951818832 STIM_END_RESP_START
144 0 0953018880 RESP_END
145 0 0954800328 STIM_START
145 0 0955840140 LICK
145 0 0955900464 STIM_END_RESP_START
145 0 0956024600 LICK
145 0 0956025092 TIMEOUT_START
145 0 0957100500 RESP_END
145 0 0963025600 TIMEOUT_END
146 0 0964780000 STIM_START
146 0 0965880156 STIM_END_RESP_START
146 0 0967080200 RESP_END
147 1 0968971740 STIM_START
147 1 0969382124 LICK
147 1 0969602992 LICK
147 1 0970071884 STIM_END_RESP_START
147 1 0970471952 LICK
147 1 0970472440 REWARD_START
147 1 0970678360 LICK
147 1 0970824152 LICK
147 1 0970983496 LICK
147 1 0971141872 LICK
147 1 0971271920 RESP_END
147 1 0970487940 REWARD_END
148 1 0973220368 STIM_START
148 1 0974188292 LICK
148 1 0974320496 STIM_END_RESP_START
148 1 0974377480 LICK
148 1 0974377968 REWARD_START
148 1 0974783428 LICK
148 1 0974970912 LICK
148 1 0975127544 LICK
148 1 0975282468 LICK
148 1 0975461052 LICK
148 1 0975520528 RESP_END
148 1 0974393468 REWARD_END
149 1 0977701112 STIM_START
149 1 0978801264 STIM_END_RESP_START
149 1 0978811648 LICK
149 1 0978812148 REWARD_START
149 1 0979019528 LICK
149 1 0979192804 LICK
149 1 0979375820 LICK
149 1 0979534380 LICK
149 1 0979699612 LICK
149 1 0979901544 LICK
149 1 0980001292 RESP_END
149 1 0978827660 REWARD_END
150 0 0982003820 STIM_START
150 0 0983103972 STIM_END_RESP_START
150 0 0984304016 RESP_END
151 0 0986164496 STIM_START
151 0 0986957280 LICK
151 0 0987101720 LICK
151 0 0987264276 LICK
151 0 0987264796 STIM_END_RESP_START
151 0 0987835560 LICK
151 0 0987836048 TIMEOUT_START
151 0 0988203176 LICK
151 0 0988203660 TIMEOUT_START
151 0 0988415560 LICK
151 0 0988416056 TIMEOUT_START
151 0 0988464832 RESP_END
151 0 0995416560 TIMEOUT_END
152 0 0997192308 STIM_START
152 0 0998178864 LICK
152 0 0998292452 STIM_END_RESP_START
152 0 0998351396 LICK
152 0 0998351888 TIMEOUT_START
152 0 0999492492 RESP_END
152 0 1005352400 TIMEOUT_END
153 1 1007059936 STIM_START
153 1 1007596188 LICK
153 1 1008160084 STIM_END_RESP_START
153 1 1008603732 LICK
153 1 1008604272 REWARD_START
153 1 1008786356 LICK
153 1 1009091040 LICK
153 1 1009251056 LICK
153 1 1009360100 RESP_END
153 1 1008619832 REWARD_END
154 1 1011767756 STIM_START
154 1 1012661740 LICK
154 1 1012858164 LICK
154 1 1012867920 STIM_END_RESP_START
154 1 1013459524 LICK
154 1 1013460064 REWARD_START
154 1 1014067956 RESP_END
154 1 1013475620 REWARD_END
155 0 1016099492 STIM_START
155 0 1017071168 LICK
155 0 1017199640 STIM_END_RESP_START
155 0 1017435880 LICK
155 0 1017436420 TIMEOUT_START
155 0 1017588948 LICK
155 0 1017589480 TIMEOUT_START
155 0 1017770020 LICK
155 0 1017770552 TIMEOUT_START
155 0 1017943184 LICK
155 0 1017943716 TIMEOUT_START
155 0 1018399684 RESP_END
155 0 1024944280 TIMEOUT_END
156 0 1027996444 STIM_START
156 0 1029096576 STIM_END_RESP_START
156 0 1030296596 RESP_END
157 1 1031875080 STIM_START
157 1 1032444504 LICK
157 1 1032647444 LICK
157 1 1032975240 STIM_END_RESP_START
157 1 1033242084 LICK
157 1 1033242612 REWARD_START
157 1 1033395868 LICK
157 1 1033592492 LICK
157 1 1033739096 LICK
157 1 1033905136 LICK
157 1 1034073448 LICK
157 1 1034175252 RESP_END
157 1 1033258176 REWARD_END
158 0 1036078724 STIM_START
158 0 1037178896 STIM_END_RESP_START
158 0 1038378912 RESP_END
159 1 1040138400 STIM_START
159 1 1040645940 LICK
159 1 1040828960 LICK
159 1 1041216012 LICK
159 1 1041238548 STIM_END_RESP_START
159 1 1041389056 LICK
159 1 1041389596 REWARD_START
159 1 1041733608 LICK
159 1 1041920068 LICK
159 1 1042117856 LICK
159 1 1042274636 LICK
159 1 1042438564 RESP_END
159 1 1041405152 REWARD_END
160 0 1044388112 STIM_START
160 0 1045488280 STIM_END_RESP_START
160 0 1046688300 RESP_END
161 1 1048468788 STIM_START
161 1 1049061180 LICK
161 1 1049229820 LICK
161 1 1049568924 STIM_END_RESP_START
161 1 1049797520 LICK
161 1 1049798056 REWARD_START
161 1 1049957432 LICK
161 1 1050112856 LICK
161 1 1050338040 LICK
161 1 1050492064 LICK
161 1 1050677020 LICK
161 1 1050768952 RESP_END
161 1 1049813612 REWARD_END
162 0 1052897536 STIM_START
162 0 1053997700 STIM_END_RESP_START
162 0 1055197724 RESP_END
163 1 1057240268 STIM_START
163 1 1057706472 LICK
163 1 1058340400 STIM_END_RESP_START
163 1 1058536828 LICK
163 1 1058537356 REWARD_START
163 1 1058713660 LICK
163 1 1058918356 LICK
163 1 1059085104 LICK
163 1 1059258520 LICK
163 1 1059445928 LICK
163 1 1059540424 RESP_END
163 1 1058552920 REWARD_END
164 1 1061908028 STIM_START
164 1 1063008192 STIM_END_RESP_START
164 1 1064208216 RESP_END
165 0 1065865672 STIM_START
165 0 1066758508 LICK
165 0 1066965800 STIM_END_RESP_START
165 0 1067493944 LICK
165 0 1067494480 TIMEOUT_START
165 0 1067672244 LICK
165 0 1067672780 TIMEOUT_START
165 0 1067824268 LICK
165 0 1067824796 TIMEOUT_START
165 0 1068032208 LICK
165 0 1068032736 TIMEOUT_START
165 0 1068165812 RESP_END
165 0 1075033292 TIMEOUT_END
166 1 1076925548 STIM_START
166 1 1078025712 STIM_END_RESP_START
166 1 1078448532 LICK
166 1 1078449064 REWARD_START
166 1 1078636980 LICK
166 1 1078950052 LICK
166 1 1079109928 LICK
166 1 1079225728 RESP_END
166 1 1078464628 REWARD_END
167 1 1081757332 STIM_START
167 1 1082472656 LICK
167 1 1082857464 STIM_END_RESP_START
167 1 1083150444 LICK
167 1 1083150976 REWARD_START
167 1 1083318368 LICK
167 1 1083507968 LICK
167 1 1083678976 LICK
167 1 1083849076 LICK
167 1 1084033612 LICK
167 1 1084057488 RESP_END
167 1 1083166532 REWARD_END
168 0 1086458084 STIM_START
168 0 1087558248 STIM_END_RESP_START
168 0 1088758276 RESP_END
169 0 1090492744 STIM_START
169 0 1091053672 LICK
169 0 1091592872 STIM_END_RESP_START
169 0 1092100672 LICK
169 0 1092101208 TIMEOUT_START
169 0 1092283016 LICK
169 0 1092283556 TIMEOUT_START
169 0 1092792884 RESP_END
169 0 1099284112 TIMEOUT_END
170 1 1100887484 STIM_START
170 1 1101580192 LICK
170 1 1101799280 LICK
170 1 1101987640 STIM_END_RESP_START
170 1 1102531456 LICK
170 1 1102531992 REWARD_START
170 1 1102723144 LICK
170 1 1102898688 LICK
170 1 1103079464 LICK
170 1 1103187664 RESP_END
170 1 1102547552 REWARD_END
171 1 1105657272 STIM_START
171 1 1106225272 LICK
171 1 1106428692 LICK
171 1 1106757408 STIM_END_RESP_START
171 1 1106841696 LICK
171 1 1106842228 REWARD_START
171 1 1107072136 LICK
171 1 1107221812 LICK
171 1 1107387184 LICK
171 1 1107575372 LICK
171 1 1107789684 LICK
171 1 1107939548 LICK
171 1 1107957444 RESP_END
171 1 1106857784 REWARD_END
172 1 1111004100 STIM_START
172 1 1111953540 LICK
172 1 1112104232 STIM_END_RESP_START
172 1 1112133120 LICK
172 1 1112133660 REWARD_START
172 1 1112344792 LICK
172 1 1112558856 LICK
172 1 1112701552 LICK
172 1 1112869596 LICK
172 1 1113080172 LICK
172 1 1113272316 LICK
172 1 1113304268 RESP_END
172 1 1112149216 REWARD_END
173 0 1114906772 STIM_START
173 0 1116006900 STIM_END_RESP_START
173 0 1117206924 RESP_END
174 1 1118880412 STIM_START
174 1 1119356048 LICK
174 1 1119553520 LICK
174 1 1119980000 LICK
174 1 1119980576 STIM_END_RESP_START
174 1 1120144824 LICK
174 1 1120145356 REWARD_START
174 1 1120333012 LICK
174 1 1120534960 LICK
174 1 1120706960 LICK
174 1 1120850204 LICK
174 1 1121053012 LICK
174 1 1121180596 RESP_END
174 1 1120160920 REWARD_END
175 0 1123173116 STIM_START
175 0 1124273252 STIM_END_RESP_START
175 0 1125473268 RESP_END
176 0 1127493824 STIM_START
176 0 1128462296 LICK
176 0 1128593976 STIM_END_RESP_START
176 0 1128643424 LICK
176 0 1128643960 TIMEOUT_START
176 0 1129794016 RESP_END
176 0 1135644500 TIMEOUT_END
177 1 1137355444 STIM_START
177 1 1138103036 LICK
177 1 1138315060 LICK
177 1 1138455600 STIM_END_RESP_START
177 1 1138510376 LICK
177 1 1138510916 REWARD_START
177 1 1138685864 LICK
177 1 1138859484 LICK
177 1 1139078068 LICK
177 1 1139223048 LICK
177 1 1139400488 LICK
177 1 1139655632 RESP_END
177 1 1138526472 REWARD_END
178 1 1141303120 STIM_START
178 1 1141780764 LICK
178 1 1141926796 LICK
178 1 1142403256 STIM_END_RESP_START
178 1 1142559092 LICK
178 1 1142559624 REWARD_START
178 1 1142748036 LICK
178 1 1142924492 LICK
178 1 1143133608 LICK
178 1 1143270164 LICK
178 1 1143455952 LICK
178 1 1143603280 RESP_END
178 1 1142575192 REWARD_END
179 0 1145516804 STIM_START
179 0 1146616940 STIM_END_RESP_START
179 0 1147816968 RESP_END
180 0 1149852544 STIM_START
180 0 1150952676 STIM_END_RESP_START
180 0 1152152704 RESP_END
181 1 1154113260 STIM_START
181 1 1154744872 LICK
181 1 1154913412 LICK
181 1 1155087324 LICK
181 1 1155213416 STIM_END_RESP_START
181 1 1156413468 RESP_END
182 0 1158755016 STIM_START
182 0 1159855148 STIM_END_RESP_START
182 0 1160097180 LICK
182 0 1160097708 TIMEOUT_START
182 0 1160297084 LICK
182 0 1160297624 TIMEOUT_START
182 0 1161055164 RESP_END
182 0 1167298168 TIMEOUT_END
183 1 1169078752 STIM_START
183 1 1169737880 LICK
183 1 1169964544 LICK
183 1 1170178900 STIM_END_RESP_START
183 1 1170613468 LICK
183 1 1170614004 REWARD_START
183 1 1170827860 LICK
183 1 1171157544 LICK
183 1 1171309104 LICK
183 1 1171378928 RESP_END
183 1 1170629564 REWARD_END
184 0 1173751508 STIM_START
184 0 1174851644 STIM_END_RESP_START
184 0 1176051660 RESP_END
185 0 1178093220 STIM_START
185 0 1179193388 STIM_END_RESP_START
185 0 1179758972 LICK
185 0 1179759504 TIMEOUT_START
185 0 1179948732 LICK
185 0 1179949272 TIMEOUT_START
185 0 1180129400 LICK
185 0 1180129928 TIMEOUT_START
185 0 1180393408 RESP_END
185 0 1187130492 TIMEOUT_END
186 1 1188776984 STIM_START
186 1 1189877112 STIM_END_RESP_START
186 1 1190754048 LICK
186 1 1190754584 REWARD_START
186 1 1191077132 RESP_END
186 1 1190770144 REWARD_END
187 1 1192676600 STIM_START
187 1 1193069952 LICK
187 1 1193718212 LICK
187 1 1193776732 STIM_END_RESP_START
187 1 1194052936 LICK
187 1 1194053468 REWARD_START
187 1 1194179796 LICK
187 1 1194356180 LICK
187 1 1194658920 LICK
187 1 1194833380 LICK
187 1 1194976740 RESP_END
187 1 1194069032 REWARD_END
188 0 1198062516 STIM_START
188 0 1198517424 LICK
188 0 1199162652 STIM_END_RESP_START
188 0 1199323028 LICK
188 0 1199323568 TIMEOUT_START
188 0 1200362688 RESP_END
188 0 1206324116 TIMEOUT_END
189 0 1208368208 STIM_START
189 0 1208517648 LICK
189 0 1209468356 STIM_END_RESP_START
189 0 1210668384 RESP_END
190 0 1212488916 STIM_START
190 0 1213023576 LICK
190 0 1213252072 LICK
190 0 1213589076 STIM_END_RESP_START
190 0 1213867856 LICK
190 0 1213868392 TIMEOUT_START
190 0 1214257732 LICK
190 0 1214258272 TIMEOUT_START
190 0 1214789096 RESP_END
190 0 1221258824 TIMEOUT_END
191 1 1223069600 STIM_START
191 1 1223517504 LICK
191 1 1223670804 LICK
191 1 1224169736 STIM_END_RESP_START
191 1 1225047472 LICK
191 1 1225048004 REWARD_START
191 1 1225232684 LICK
191 1 1225369764 RESP_END
191 1 1225063568 REWARD_END
192 0 1227857452 STIM_START
192 0 1228957580 STIM_END_RESP_START
192 0 1230157604 RESP_END
193 0 1231757036 STIM_START
193 0 1232655612 LICK
193 0 1232830388 LICK
193 0 1232857176 STIM_END_RESP_START
193 0 1233481528 LICK
193 0 1233482068 TIMEOUT_START
193 0 1233659900 LICK
193 0 1233660436 TIMEOUT_START
193 0 1234057200 RESP_END
193 0 1240661008 TIMEOUT_END
194 0 1242400808 STIM_START
194 0 1243500972 STIM_END_RESP_START
194 0 1244701000 RESP_END
195 1 1246786528 STIM_START
195 1 1247445084 LICK
195 1 1247647292 LICK
195 1 1247886684 STIM_END_RESP_START
195 1 1248300136 LICK
195 1 1248300668 REWARD_START
195 1 1248483808 LICK
195 1 1248684880 LICK
195 1 1248853348 LICK
195 1 1248996536 LICK
195 1 1249086732 RESP_END
195 1 1248316228 REWARD_END
196 1 1251614348 STIM_START
196 1 1252399244 LICK
196 1 1252593368 LICK
196 1 1252714480 STIM_END_RESP_START
196 1 1252997220 LICK
196 1 1252997752 REWARD_START
196 1 1253184200 LICK
196 1 1253392500 LICK
196 1 1253546468 LICK
196 1 1253740980 LICK
196 1 1253914508 RESP_END
196 1 1253013312 REWARD_END
197 0 1256100080 STIM_START
197 0 1257200244 STIM_END_RESP_START
197 0 1258400268 RESP_END
198 0 1260397828 STIM_START
198 0 1261497956 STIM_END_RESP_START
198 0 1261860936 LICK
198 0 1261861468 TIMEOUT_START
198 0 1262040888 LICK
198 0 1262041428 TIMEOUT_START
198 0 1262248204 LICK
198 0 1262248736 TIMEOUT_START
198 0 1262697968 RESP_END
198 0 1269249300 TIMEOUT_END
199 1 1271139584 STIM_START
199 1 1272239712 STIM_END_RESP_START
199 1 1272330540 LICK
199 1 1272331072 REWARD_START
199 1 1272545396 LICK
199 1 1272845840 LICK
199 1 1272998292 LICK
199 1 1273166116 LICK
199 1 1273324764 LICK
199 1 1273439724 RESP_END
199 1 1272346640 REWARD_END
200 1 1275602316 STIM_START
200 1 1276212908 LICK
200 1 1276413984 LICK
200 1 1276702480 STIM_END_RESP_START
200 1 1276809368 LICK
200 1 1276809900 REWARD_START
200 1 1276985088 LICK
200 1 1277158004 LICK
200 1 1277348928 LICK
200 1 1277513856 LICK
200 1 1277712148 LICK
200 1 1277893884 LICK
200 1 1277902528 RESP_END
200 1 1276825460 REWARD_END
201 0 1279751008 STIM_START
201 0 1280740032 LICK
201 0 1280851164 STIM_END_RESP_START
201 0 1280906508 LICK
201 0 1280907036 TIMEOUT_START
201 0 1281108624 LICK
201 0 1281109160 TIMEOUT_START
201 0 1282051184 RESP_END
201 0 1288109708 TIMEOUT_END
202 1 1290070688 STIM_START
202 1 1290892484 LICK
202 1 1291075752 LICK
202 1 1291170828 STIM_END_RESP_START
202 1 1291658260 LICK
202 1 1291658792 REWARD_START
202 1 1292037608 LICK
202 1 1292224920 LICK
202 1 1292370844 RESP_END
202 1 1291674352 REWARD_END
203 1 1294662460 STIM_START
203 1 1295557496 LICK
203 1 1295762604 STIM_END_RESP_START
203 1 1295903760 LICK
203 1 1295904296 REWARD_START
203 1 1296080508 LICK
203 1 1296233828 LICK
203 1 1296448548 LICK
203 1 1296597676 LICK
203 1 1296796580 LICK
203 1 1296953820 LICK
203 1 1296962636 RESP_END
203 1 1295919852 REWARD_END
204 1 1298810132 STIM_START
204 1 1299801172 LICK
204 1 1299910288 STIM_END_RESP_START
204 1 1299984664 LICK
204 1 1299985196 REWARD_START
204 1 1300197052 LICK
204 1 1300375660 LICK
204 1 1300559140 LICK
204 1 1300740036 LICK
204 1 1300977156 LICK
204 1 1301110332 RESP_END
204 1 1300000756 REWARD_END
205 0 1303374908 STIM_START
205 0 1304475072 STIM_END_RESP_START
205 0 1305675096 RESP_END
206 0 1307736624 STIM_START
206 0 1308836752 STIM_END_RESP_START
206 0 1310036776 RESP_END
207 1 1311651244 STIM_START
207 1 1312618548 LICK
207 1 1312751380 STIM_END_RESP_START
207 1 1312783084 LICK
207 1 1312783620 REWARD_START
207 1 1312956968 LICK
207 1 1313123080 LICK
207 1 1313304032 LICK
207 1 1313463536 LICK
207 1 1313636460 LICK
207 1 1313798844 LICK
207 1 1313951408 RESP_END
207 1 1312799176 REWARD_END
208 1 1315698940 STIM_START
208 1 1316219524 LICK
208 1 1316413120 LICK
208 1 1316587520 LICK
208 1 1316799096 STIM_END_RESP_START
208 1 1316814704 LICK
208 1 1316815244 REWARD_START
208 1 1316967492 LICK
208 1 1317159996 LICK
208 1 1317313444 LICK
208 1 1317488716 LICK
208 1 1317647224 LICK
208 1 1317820856 LICK
208 1 1317999132 RESP_END
208 1 1316830800 REWARD_END
209 0 1319732600 STIM_START
209 0 1320316948 LICK
209 0 1320472804 LICK
209 0 1320832752 STIM_END_RESP_START
209 0 1322032776 RESP_END
210 1 1323965288 STIM_START
210 1 1324604204 LICK
210 1 1324763096 LICK
210 1 1324960148 LICK
210 1 1325065440 STIM_END_RESP_START
210 1 1325367632 LICK
210 1 1325368164 REWARD_START
210 1 1325574688 LICK
210 1 1325739972 LICK
210 1 1325922492 LICK
210 1 1326083808 LICK
210 1 1326260888 LICK
210 1 1326265472 RESP_END
210 1 1325383728 REWARD_END
211 1 1328334036 STIM_START
211 1 1329206856 LICK
211 1 1329386332 LICK
211 1 1329434196 STIM_END_RESP_START
211 1 1329791020 LICK
211 1 1329791552 REWARD_START
211 1 1329966856 LICK
211 1 1330130508 LICK
211 1 1330331320 LICK
211 1 1330510572 LICK
211 1 1330634228 RESP_END
211 1 1329807112 REWARD_END
212 0 1332603736 STIM_START
212 0 1333703892 STIM_END_RESP_START
212 0 1333709692 LICK
212 0 1333710236 TIMEOUT_START
212 0 1333901644 LICK
212 0 1333902172 TIMEOUT_START
212 0 1334903936 RESP_END
212 0 1340902732 TIMEOUT_END
213 1 1342485340 STIM_START
213 1 1343102356 LICK
213 1 1343297180 LICK
213 1 1343492704 LICK
213 1 1343585496 STIM_END_RESP_START
213 1 1343842700 LICK
213 1 1343843232 REWARD_START
213 1 1344760256 LICK
213 1 1344785532 RESP_END
213 1 1343858792 REWARD_END
214 0 1347670224 STIM_START
214 0 1348770388 STIM_END_RESP_START
214 0 1349970412 RESP_END
215 0 1351794848 STIM_START
215 0 1352895012 STIM_END_RESP_START
215 0 1354095036 RESP_END
216 0 1355709544 STIM_START
216 0 1356809708 STIM_END_RESP_START
216 0 1356972784 LICK
216 0 1356973320 TIMEOUT_START
216 0 1357163564 LICK
216 0 1357164092 TIMEOUT_START
216 0 1357335308 LICK
216 0 1357335844 TIMEOUT_START
216 0 1358009728 RESP_END
216 0 1364336400 TIMEOUT_END
217 1 1366195252 STIM_START
217 1 1367295416 STIM_END_RESP_START
217 1 1367625804 LICK
217 1 1367626336 REWARD_START
217 1 1368495440 RESP_END
217 1 1367641892 REWARD_END
218 0 1370190904 STIM_START
218 0 1370782012 LICK
218 0 1371234084 LICK
218 0 1371291056 STIM_END_RESP_START
218 0 1371415564 LICK
218 0 1371416096 TIMEOUT_START
218 0 1371548984 LICK
218 0 1371549512 TIMEOUT_START
218 0 1371726972 LICK
218 0 1371727504 TIMEOUT_START
218 0 1371911248 LICK
218 0 1371911780 TIMEOUT_START
218 0 1372491092 RESP_END
218 0 1378912336 TIMEOUT_END
219 0 1380611672 STIM_START
219 0 1381467744 LICK
219 0 1381680176 LICK
219 0 1381711832 STIM_END_RESP_START
219 0 1382241356 LICK
219 0 1382241888 TIMEOUT_START
219 0 1382445452 LICK
219 0 1382445984 TIMEOUT_START
219 0 1382625828 LICK
219 0 1382626364 TIMEOUT_START
219 0 1382911880 RESP_END
219 0 1389626920 TIMEOUT_END
220 0 1391573448 STIM_START
220 0 1392673612 STIM_END_RESP_START
220 0 1392904160 LICK
220 0 1392904692 TIMEOUT_START
220 0 1393079940 LICK
220 0 1393080476 TIMEOUT_START
220 0 1393873644 RESP_END
220 0 1400081028 TIMEOUT_END
221 1 1402157216 STIM_START
221 1 1402850316 LICK
221 1 1403101580 LICK
221 1 1403257368 STIM_END_RESP_START
221 1 1403707052 LICK
221 1 1403707592 REWARD_START
221 1 1403877328 LICK
221 1 1404058684 LICK
221 1 1404235224 LICK
221 1 1404403172 LICK
221 1 1404457392 RESP_END
221 1 1403723152 REWARD_END
222 0 1406403944 STIM_START
222 0 1407504108 STIM_END_RESP_START
222 0 1408704132 RESP_END
223 0 1410342548 STIM_START
223 0 1410977468 LICK
223 0 1411127764 LICK
223 0 1411304288 LICK
223 0 1411442708 STIM_END_RESP_START
223 0 1411512768 LICK
223 0 1411513300 TIMEOUT_START
223 0 1411685044 LICK
223 0 1411685584 TIMEOUT_START
223 0 1411883264 LICK
223 0 1411883796 TIMEOUT_START
223 0 1412642724 RESP_END
223 0 1418884360 TIMEOUT_END
224 1 1420536292 STIM_START
224 1 1421249948 LICK
224 1 1421460832 LICK
224 1 1421636436 STIM_END_RESP_START
224 1 1421639472 LICK
224 1 1421640020 REWARD_START
224 1 1422213064 LICK
224 1 1422557428 LICK
224 1 1422736932 LICK
224 1 1422836480 RESP_END
224 1 1421655576 REWARD_END
225 1 1424759936 STIM_START
225 1 1425534768 LICK
225 1 1425699956 LICK
225 1 1425860096 STIM_END_RESP_START
225 1 1425906804 LICK
225 1 1425907336 REWARD_START
225 1 1426301516 LICK
225 1 1426511060 LICK
225 1 1426682820 LICK
225 1 1426875224 LICK
225 1 1427060144 RESP_END
225 1 1425922896 REWARD_END
226 1 1429310704 STIM_START
226 1 1429841944 LICK
226 1 1430067944 LICK
226 1 1430410860 STIM_END_RESP_START
226 1 1431008632 LICK
226 1 1431009168 REWARD_START
226 1 1431197640 LICK
226 1 1431387088 LICK
226 1 1431566696 LICK
226 1 1431610884 RESP_END
226 1 1431024736 REWARD_END
227 0 1433793452 STIM_START
227 0 1434893584 STIM_END_RESP_START
227 0 1436093608 RESP_END
228 1 1438073160 STIM_START
228 1 1438625800 LICK
228 1 1439061052 LICK
228 1 1439173328 STIM_END_RESP_START
228 1 1439208736 LICK
228 1 1439209272 REWARD_START
228 1 1439436960 LICK
228 1 1439587992 LICK
228 1 1439784324 LICK
228 1 1439937596 LICK
228 1 1440118844 LICK
228 1 1440307772 LICK
228 1 1440373356 RESP_END
228 1 1439224832 REWARD_END
229 1 1442140836 STIM_START
229 1 1442635444 LICK
229 1 1442837472 LICK
229 1 1443039820 LICK
229 1 1443240996 STIM_END_RESP_START
229 1 1443422060 LICK
229 1 1443422600 REWARD_START
229 1 1443628100 LICK
229 1 1443867760 LICK
229 1 1444018088 LICK
229 1 1444220912 LICK
229 1 1444398380 LICK
229 1 1444441016 RESP_END
229 1 1443438160 REWARD_END
230 1 1446414604 STIM_START
230 1 1447418152 LICK
230 1 1447514764 STIM_END_RESP_START
230 1 1447609112 LICK
230 1 1447609648 REWARD_START
230 1 1447812804 LICK
230 1 1447982520 LICK
230 1 1448166728 LICK
230 1 1448359916 LICK
230 1 1448545876 LICK
230 1 1448714808 RESP_END
230 1 1447625204 REWARD_END
231 0 1450409192 STIM_START
231 0 1451509352 STIM_END_RESP_START
231 0 1452709380 RESP_END
232 1 1454790928 STIM_START
232 1 1455891056 STIM_END_RESP_START
232 1 1457091080 RESP_END
233 1 1458683560 STIM_START
233 1 1459164892 LICK
233 1 1459324480 LICK
233 1 1459524716 LICK
233 1 1459783704 STIM_END_RESP_START
233 1 1460372104 LICK
233 1 1460372644 REWARD_START
233 1 1460562060 LICK
233 1 1460730940 LICK
233 1 1460907744 LICK
233 1 1460983728 RESP_END
233 1 1460388204 REWARD_END
234 0 1463227312 STIM_START
234 0 1463786268 LICK
234 0 1464327468 STIM_END_RESP_START
234 0 1464479396 LICK
234 0 1464479936 TIMEOUT_START
234 0 1464662220 LICK
234 0 1464662752 TIMEOUT_START
234 0 1464835312 LICK
234 0 1464835840 TIMEOUT_START
234 0 1465195268 LICK
234 0 1465195808 TIMEOUT_START
234 0 1465409236 LICK
234 0 1465409776 TIMEOUT_START
234 0 1465527488 RESP_END
234 0 1472410336 TIMEOUT_END
235 1 1474294136 STIM_START
235 1 1474914076 LICK
235 1 1475394260 STIM_END_RESP_START
235 1 1475396816 LICK
235 1 1475397344 REWARD_START
235 1 1475582472 LICK
235 1 1475744876 LICK
235 1 1475918272 LICK
235 1 1476102824 LICK
235 1 1476281588 LICK
235 1 1476460180 LICK
235 1 1476594308 RESP_END
235 1 1475412900 REWARD_END
236 0 1478280788 STIM_START
236 0 1479007340 LICK
236 0 1479153028 LICK
236 0 1479360844 LICK
236 0 1479380944 STIM_END_RESP_START
236 0 1479665012 LICK
236 0 1479665548 TIMEOUT_START
236 0 1479804808 LICK
236 0 1479805344 TIMEOUT_START
236 0 1480580988 RESP_END
236 0 1486805900 TIMEOUT_END
237 0 1488761520 STIM_START
237 0 1489420484 LICK
237 0 1489629736 LICK
237 0 1489861676 STIM_END_RESP_START
237 0 1490097360 LICK
237 0 1490097892 TIMEOUT_START
237 0 1491061696 RESP_END
237 0 1497098456 TIMEOUT_END
238 0 1498985240 STIM_START
238 0 1500085372 STIM_END_RESP_START
238 0 1501285396 RESP_END
239 1 1502903832 STIM_START
239 1 1503511148 LICK
239 1 1504003988 STIM_END_RESP_START
239 1 1504123492 LICK
239 1 1504124028 REWARD_START
239 1 1504317300 LICK
239 1 1504616556 LICK
239 1 1504761952 LICK
239 1 1504924856 LICK
239 1 1505109696 LICK
239 1 1505204028 RESP_END
239 1 1504139588 REWARD_END
240 0 1506816492 STIM_START
240 0 1507916616 STIM_END_RESP_START
240 0 1509116644 RESP_END
241 1 1511076200 STIM_START
241 1 1511706960 LICK
241 1 1511872176 LICK
241 1 1512034264 LICK
241 1 1512176352 STIM_END_RESP_START
241 1 1512221672 LICK
241 1 1512222212 REWARD_START
241 1 1512752640 LICK
241 1 1512991188 LICK
241 1 1513148732 LICK
241 1 1513284020 LICK
241 1 1513376388 RESP_END
241 1 1512237772 REWARD_END
242 1 1515701016 STIM_START
242 1 1516283292 LICK
242 1 1516473324 LICK
242 1 1516801152 STIM_END_RESP_START
242 1 1517009580 LICK
242 1 1517010120 REWARD_START
242 1 1517392464 LICK
242 1 1517557936 LICK
242 1 1517714260 LICK
242 1 1517884440 LICK
242 1 1518001192 RESP_END
242 1 1517025680 REWARD_END
243 1 1519744644 STIM_START
243 1 1520408532 LICK
243 1 1520590608 LICK
243 1 1520754672 LICK
243 1 1520844788 STIM_END_RESP_START
243 1 1521101172 LICK
243 1 1521101704 REWARD_START
243 1 1521818428 LICK
243 1 1521987452 LICK
243 1 1522044816 RESP_END
243 1 1521117268 REWARD_END
244 0 1524707508 STIM_START
244 0 1525793916 LICK
244 0 1525807668 STIM_END_RESP_START
244 0 1525932808 LICK
244 0 1525933348 TIMEOUT_START
244 0 1526175300 LICK
244 0 1526175840 TIMEOUT_START
244 0 1527007692 RESP_END
244 0 1533176392 TIMEOUT_END
245 1 1534985184 STIM_START
245 1 1535711548 LICK
245 1 1536085328 STIM_END_RESP_START
245 1 1536334376 LICK
245 1 1536334912 REWARD_START
245 1 1536531292 LICK
245 1 1536703132 LICK
245 1 1536868952 LICK
245 1 1537058664 LICK
245 1 1537245756 LICK
245 1 1537285376 RESP_END
245 1 1536350468 REWARD_END
246 1 1539254856 STIM_START
246 1 1540319912 LICK
246 1 1540355020 STIM_END_RESP_START
246 1 1540516964 LICK
246 1 1540517496 REWARD_START
246 1 1540929264 LICK
246 1 1541088212 LICK
246 1 1541232436 LICK
246 1 1541435916 LICK
246 1 1541555048 RESP_END
246 1 1540533056 REWARD_END
247 0 1543473564 STIM_START
247 0 1544573732 STIM_END_RESP_START
247 0 1545773756 RESP_END
248 0 1547628296 STIM_START
248 0 1548170588 LICK
248 0 1548340164 LICK
248 0 1548728444 STIM_END_RESP_START
248 0 1549928468 RESP_END
249 1 1551650948 STIM_START
249 1 1552751116 STIM_END_RESP_START
249 1 1553141316 LICK
249 1 1553141856 REWARD_START
249 1 1553301720 LICK
249 1 1553476032 LICK
249 1 1553659040 LICK
249 1 1553848552 LICK
249 1 1553951140 RESP_END
249 1 1553157416 REWARD_END
250 0 1556000620 STIM_START
250 0 1557100756 STIM_END_RESP_START
250 0 1558300780 RESP_END
251 0 1560077300 STIM_START
251 0 1560585760 LICK
251 0 1560761896 LICK
251 0 1561177448 STIM_END_RESP_START
251 0 1562377472 RESP_END
252 1 1564274036 STIM_START
252 1 1564830452 LICK
252 1 1565374184 STIM_END_RESP_START
252 1 1565702312 LICK
252 1 1565702848 REWARD_START
252 1 1565870812 LICK
252 1 1566044452 LICK
252 1 1566202220 LICK
252 1 1566400812 LICK
252 1 1566537068 LICK
252 1 1566574212 RESP_END
252 1 1565718404 REWARD_END
253 0 1568882792 STIM_START
253 0 1569982920 STIM_END_RESP_START
253 0 1571182948 RESP_END
254 1 1572982484 STIM_START
254 1 1573621820 LICK
254 1 1574082652 STIM_END_RESP_START
254 1 1574248096 LICK
254 1 1574248636 REWARD_START
254 1 1574429128 LICK
254 1 1574727120 LICK
254 1 1574866124 LICK
254 1 1575033996 LICK
254 1 1575203980 LICK
254 1 1575282684 RESP_END
254 1 1574264192 REWARD_END
255 0 1577305148 STIM_START
255 0 1578405316 STIM_END_RESP_START
255 0 1579605340 RESP_END
256 1 1581524892 STIM_START
256 1 1582218052 LICK
256 1 1582394888 LICK
256 1 1582573388 LICK
256 1 1582625024 STIM_END_RESP_START
256 1 1582966844 LICK
256 1 1582967376 REWARD_START
256 1 1583825052 RESP_END
256 1 1582982936 REWARD_END
257 1 1587556880 STIM_START
257 1 1588264712 LICK
257 1 1588471344 LICK
257 1 1588657012 STIM_END_RESP_START
257 1 1588839268 LICK
257 1 1588839808 REWARD_START
257 1 1589018868 LICK
257 1 1589217688 LICK
257 1 1589352272 LICK
257 1 1589528328 LICK
257 1 1589709080 LICK
257 1 1589857044 RESP_END
257 1 1588855364 REWARD_END
258 1 1591826564 STIM_START
258 1 1592583080 LICK
258 1 1592741912 LICK
258 1 1592926712 STIM_END_RESP_START
258 1 1593191048 LICK
258 1 1593191588 REWARD_START
258 1 1593379648 LICK
258 1 1593547116 LICK
258 1 1593745356 LICK
258 1 1593933196 LICK
258 1 1594126740 RESP_END
258 1 1593207148 REWARD_END
259 0 1596320328 STIM_START
259 0 1597420456 STIM_END_RESP_START
259 0 1597510940 LICK
259 0 1597511472 TIMEOUT_START
259 0 1597671472 LICK
259 0 1597672008 TIMEOUT_START
259 0 1597872284 LICK
259 0 1597872816 TIMEOUT_START
259 0 1598620480 RESP_END
259 0 1604873388 TIMEOUT_END
260 0 1606957068 STIM_START
260 0 1608057192 STIM_END_RESP_START
260 0 1609257216 RESP_END
261 1 1611113756 STIM_START
261 1 1611748652 LICK
261 1 1612213900 STIM_END_RESP_START
261 1 1612573324 LICK
261 1 1612573864 REWARD_START
261 1 1612742672 LICK
261 1 1612909056 LICK
261 1 1613073244 LICK
261 1 1613258088 LICK
261 1 1613413948 RESP_END
261 1 1612589424 REWARD_END
262 0 1615370492 STIM_START
262 0 1616470620 STIM_END_RESP_START
262 0 1617670644 RESP_END
263 1 1619650192 STIM_START
263 1 1620291056 LICK
263 1 1620452612 LICK
263 1 1620750364 STIM_END_RESP_START
263 1 1621950384 RESP_END
264 1 1625035088 STIM_START
264 1 1626135256 STIM_END_RESP_START
264 1 1627335280 RESP_END
265 0 1629287760 STIM_START
265 0 1630387924 STIM_END_RESP_START
265 0 1631587952 RESP_END
266 1 1633419484 STIM_START
266 1 1633835960 LICK
266 1 1634519640 STIM_END_RESP_START
266 1 1634534544 LICK
266 1 1634535076 REWARD_START
266 1 1634714796 LICK
266 1 1634894872 LICK
266 1 1635062880 LICK
266 1 1635234796 LICK
266 1 1635421692 LICK
266 1 1635719660 RESP_END
266 1 1634550636 REWARD_END
267 0 1637527124 STIM_START
267 0 1638627292 STIM_END_RESP_START
267 0 1639827312 RESP_END
268 1 1641604796 STIM_START
268 1 1642290868 LICK
268 1 1642429872 LICK
268 1 1642704932 STIM_END_RESP_START
268 1 1643076660 LICK
268 1 1643077192 REWARD_START
268 1 1643273360 LICK
268 1 1643466428 LICK
268 1 1643636120 LICK
268 1 1643802236 LICK
268 1 1643904948 RESP_END
268 1 1643092748 REWARD_END
269 0 1645874520 STIM_START
269 0 1646974684 STIM_END_RESP_START
269 0 1648174708 RESP_END
270 1 1649894200 STIM_START
270 1 1650994368 STIM_END_RESP_START
270 1 1651240300 LICK
270 1 1651240832 REWARD_START
270 1 1651422756 LICK
270 1 1651635448 LICK
270 1 1651820712 LICK
270 1 1652010244 LICK
270 1 1652175740 LICK
270 1 1652194408 RESP_END
270 1 1651256396 REWARD_END
271 1 1654180908 STIM_START
271 1 1655281036 STIM_END_RESP_START
271 1 1655349924 LICK
271 1 1655350460 REWARD_START
271 1 1655540196 LICK
271 1 1655728184 LICK
271 1 1655907080 LICK
271 1 1656086812 LICK
271 1 1656281188 LICK
271 1 1656481068 RESP_END
271 1 1655366020 REWARD_END
272 0 1658181528 STIM_START
272 0 1659281660 STIM_END_RESP_START
272 0 1660481684 RESP_END
273 0 1662115236 STIM_START
273 0 1663215364 STIM_END_RESP_START
273 0 1664415388 RESP_END
274 1 1666497920 STIM_START
274 1 1667397112 LICK
274 1 1667535360 LICK
274 1 1667598064 STIM_END_RESP_START
274 1 1667751496 LICK
274 1 1667752036 REWARD_START
274 1 1668333096 LICK
274 1 1668692180 LICK
274 1 1668798084 RESP_END
274 1 1667767596 REWARD_END
275 0 1671425772 STIM_START
275 0 1672525904 STIM_END_RESP_START
275 0 1673725924 RESP_END
276 1 1675519444 STIM_START
276 1 1676147164 LICK
276 1 1676360300 LICK
276 1 1676538504 LICK
276 1 1676619588 STIM_END_RESP_START
276 1 1676738264 LICK
276 1 1676738804 REWARD_START
276 1 1677127292 LICK
276 1 1677316920 LICK
276 1 1677494596 LICK
276 1 1677649608 LICK
276 1 1677819624 RESP_END
276 1 1676754364 REWARD_END
277 0 1679709108 STIM_START
277 0 1680809240 STIM_END_RESP_START
277 0 1682009260 RESP_END
278 1 1683647812 STIM_START
278 1 1684226916 LICK
278 1 1684417720 LICK
278 1 1684614840 LICK
278 1 1684747960 STIM_END_RESP_START
278 1 1684795984 LICK
278 1 1684796524 REWARD_START
278 1 1684986480 LICK
278 1 1685156388 LICK
278 1 1685337416 LICK
278 1 1685503820 LICK
278 1 1685678108 LICK
278 1 1685948000 RESP_END
278 1 1684812080 REWARD_END
279 1 1687575448 STIM_START
279 1 1688654996 LICK
279 1 1688675588 STIM_END_RESP_START
279 1 1688822228 LICK
279 1 1688822760 REWARD_START
279 1 1688990756 LICK
279 1 1689181480 LICK
279 1 1689350468 LICK
279 1 1689677044 LICK
279 1 1689833536 LICK
279 1 1689875608 RESP_END
279 1 1688838324 REWARD_END
280 1 1691758124 STIM_START
280 1 1692858248 STIM_END_RESP_START
280 1 1692948124 LICK
280 1 1692948664 REWARD_START
280 1 1693116776 LICK
280 1 1693293668 LICK
280 1 1693466272 LICK
280 1 1693672396 LICK
280 1 1693855000 LICK
280 1 1694044456 LICK
280 1 1694058272 RESP_END
280 1 1692964220 REWARD_END
281 0 1695703808 STIM_START
281 0 1696803940 STIM_END_RESP_START
281 0 1698003956 RESP_END
282 1 1700037516 STIM_START
282 1 1701045640 LICK
282 1 1701137656 STIM_END_RESP_START
282 1 1701247928 LICK
282 1 1701248468 REWARD_START
282 1 1701429496 LICK
282 1 1701612232 LICK
282 1 1701796048 LICK
282 1 1701964140 LICK
282 1 1702126872 LICK
282 1 1702337692 RESP_END
282 1 1701264024 REWARD_END
283 1 1703940124 STIM_START
283 1 1704457500 LICK
283 1 1704642860 LICK
283 1 1705040256 STIM_END_RESP_START
283 1 1705204396 LICK
283 1 1705204932 REWARD_START
283 1 1705593356 LICK
283 1 1705797508 LICK
283 1 1705961152 LICK
283 1 1706140208 LICK
283 1 1706240304 RESP_END
283 1 1705220492 REWARD_END
284 1 1708176840 STIM_START
284 1 1709277008 STIM_END_RESP_START
284 1 1709279896 LICK
284 1 1709280440 REWARD_START
284 1 1709480600 LICK
284 1 1709672580 LICK
284 1 1709818340 LICK
284 1 1710006868 LICK
284 1 1710477044 RESP_END
284 1 1709295996 REWARD_END
285 0 1712684568 STIM_START
285 0 1713784692 STIM_END_RESP_START
285 0 1714984716 RESP_END
286 1 1716748268 STIM_START
286 1 1717848412 STIM_END_RESP_START
286 1 1717904720 LICK
286 1 1717905252 REWARD_START
286 1 1718099224 LICK
286 1 1718248848 LICK
286 1 1718422028 LICK
286 1 1718605316 LICK
286 1 1718799540 LICK
286 1 1718969632 LICK
286 1 1719048428 RESP_END
286 1 1717920816 REWARD_END
287 1 1720829924 STIM_START
287 1 1721356040 LICK
287 1 1721562352 LICK
287 1 1721768628 LICK
287 1 1721930064 STIM_END_RESP_START
287 1 1721959124 LICK
287 1 1721959664 REWARD_START
287 1 1722136136 LICK
287 1 1722314276 LICK
287 1 1722484008 LICK
287 1 1722659028 LICK
287 1 1722865744 LICK
287 1 1723049208 LICK
287 1 1723130084 RESP_END
287 1 1721975220 REWARD_END
288 1 1724776612 STIM_START
288 1 1725868136 LICK
288 1 1725876748 STIM_END_RESP_START
288 1 1726020724 LICK
288 1 1726021256 REWARD_START
288 1 1726201416 LICK
288 1 1726372352 LICK
288 1 1726550752 LICK
288 1 1726776256 LICK
288 1 1726920604 LICK
288 1 1727076772 RESP_END
288 1 1726036812 REWARD_END
289 0 1728708208 STIM_START
289 0 1729808336 STIM_END_RESP_START
289 0 1731008360 RESP_END
290 1 1732682876 STIM_START
290 1 1733301160 LICK
290 1 1733488156 LICK
290 1 1733667456 LICK
290 1 1733783044 STIM_END_RESP_START
290 1 1734429752 LICK
290 1 1734430284 REWARD_START
290 1 1734983084 RESP_END
290 1 1734445844 REWARD_END
291 0 1737312660 STIM_START
291 0 1738412824 STIM_END_RESP_START
291 0 1738651600 LICK
291 0 1738652140 TIMEOUT_START
291 0 1738838228 LICK
291 0 1738838760 TIMEOUT_START
291 0 1739004692 LICK
291 0 1739005228 TIMEOUT_START
291 0 1739612848 RESP_END
291 0 1746005788 TIMEOUT_END
292 0 1747672380 STIM_START
292 0 1748772548 STIM_END_RESP_START
292 0 1749972572 RESP_END
293 0 1751971092 STIM_START
293 0 1753071260 STIM_END_RESP_START
293 0 1754271288 RESP_END
294 1 1756188840 STIM_START
294 1 1757288968 STIM_END_RESP_START
294 1 1757421336 LICK
294 1 1757421876 REWARD_START
294 1 1757584684 LICK
294 1 1757803704 LICK
294 1 1757989236 LICK
294 1 1758142220 LICK
294 1 1758328980 LICK
294 1 1758488996 RESP_END
294 1 1757437436 REWARD_END
295 1 1760477512 STIM_START
295 1 1761055284 LICK
295 1 1761577668 STIM_END_RESP_START
295 1 1762777692 RESP_END
296 0 1764787292 STIM_START
296 0 1765265108 LICK
296 0 1765422448 LICK
296 0 1765887444 STIM_END_RESP_START
296 0 1767087472 RESP_END
297 1 1768951932 STIM_START
297 1 1770052096 STIM_END_RESP_START
297 1 1770742424 LICK
297 1 1770742964 REWARD_START
297 1 1771252124 RESP_END
297 1 1770758524 REWARD_END
298 0 1773217712 STIM_START
298 0 1773819404 LICK
298 0 1774167696 LICK
298 0 1774317844 STIM_END_RESP_START
298 0 1774323720 LICK
298 0 1774324260 TIMEOUT_START
298 0 1774492820 LICK
298 0 1774493348 TIMEOUT_START
298 0 1774653744 LICK
298 0 1774654276 TIMEOUT_START
298 0 1775517860 RESP_END
298 0 1781654848 TIMEOUT_END
299 1 1783449340 STIM_START
299 1 1783973960 LICK
299 1 1784122412 LICK
299 1 1784497088 LICK
299 1 1784549496 STIM_END_RESP_START
299 1 1784651996 LICK
299 1 1784652528 REWARD_START
299 1 1784828420 LICK
299 1 1785025600 LICK
299 1 1785204452 LICK
299 1 1785367800 LICK
299 1 1785749544 RESP_END
299 1 1784668084 REWARD_END
300 1 1787547988 STIM_START
300 1 1788648152 STIM_END_RESP_START
300 1 1789848176 RESP_END
301 1 1791506668 STIM_START
301 1 1792606796 STIM_END_RESP_START
301 1 1793806820 RESP_END
302 0 1795549300 STIM_START
302 0 1796649464 STIM_END_RESP_START
302 0 1797849492 RESP_END
303 0 1799908044 STIM_START
303 0 1801008176 STIM_END_RESP_START
303 0 1802208196 RESP_END
304 0 1804282800 STIM_START
304 0 1805382972 STIM_END_RESP_START
304 0 1806582996 RESP_END
305 1 1808456480 STIM_START
305 1 1809556612 STIM_END_RESP_START
305 1 1810756636 RESP_END
306 1 1812797232 STIM_START
306 1 1813897400 STIM_END_RESP_START
306 1 1815097428 RESP_END
307 1 1816798860 STIM_START
307 1 1817899032 STIM_END_RESP_START
307 1 1819099052 RESP_END
308 0 1820709492 STIM_START
308 0 1821809620 STIM_END_RESP_START
308 0 1823009644 RESP_END
309 1 1824703184 STIM_START
309 1 1825803320 STIM_END_RESP_START
309 1 1827003336 RESP_END
310 1 1829059944 STIM_START
310 1 1830160108 STIM_END_RESP_START
310 1 1831360136 RESP_END
USER_EXIT