001 1 0002637780 STIM_START
001 1 0003626140 LICK
001 1 0003637112 STIM_END_RESP_START
001 1 0003807496 LICK
001 1 0003807860 REWARD_START
001 1 0004018536 LICK
001 1 0004632364 LICK
001 1 0004793736 LICK
001 1 0004837136 RESP_END
001 1 0003828244 REWARD_END
002 1 0007669540 STIM_START
002 1 0007810728 LICK
002 1 0008037820 LICK
002 1 0008668892 STIM_END_RESP_START
002 1 0009868936 RESP_END
003 0 0014799996 STIM_START
003 0 0015799320 STIM_END_RESP_START
003 0 0016788084 LICK
003 0 0016788496 TIMEOUT_START
003 0 0016999332 RESP_END
003 0 0023788912 TIMEOUT_END
004 1 0026322636 STIM_START
004 1 0027112964 LICK
004 1 0027321984 STIM_END_RESP_START
004 1 0027330036 LICK
004 1 0027330452 REWARD_START
004 1 0027837348 LICK
004 1 0027986452 LICK
004 1 0028159512 LICK
004 1 0028327440 LICK
004 1 0028522004 RESP_END
004 1 0027350888 REWARD_END
005 0 0031085624 STIM_START
005 0 0031506148 LICK
005 0 0031746376 LICK
005 0 0031938624 LICK
005 0 0032084960 STIM_END_RESP_START
005 0 0032744420 LICK
005 0 0032744832 TIMEOUT_START
005 0 0033284984 RESP_END
005 0 0039745248 TIMEOUT_END
006 0 0042238524 STIM_START
006 0 0043237856 STIM_END_RESP_START
006 0 0044437880 RESP_END
007 1 0047732024 STIM_START
007 1 0048731352 STIM_END_RESP_START
007 1 0048895712 LICK
007 1 0048896128 REWARD_START
007 1 0049050216 LICK
007 1 0049466128 LICK
007 1 0049646140 LICK
007 1 0049766044 LICK
007 1 0049916776 LICK
007 1 0049931372 RESP_END
007 1 0048916572 REWARD_END
008 1 0052761796 STIM_START
008 1 0053761140 STIM_END_RESP_START
008 1 0054961168 RESP_END
009 0 0058156344 STIM_START
009 0 0059155676 STIM_END_RESP_START
009 0 0060355704 RESP_END
010 1 0064797120 STIM_START
010 1 0065796460 STIM_END_RESP_START
010 1 0066466632 LICK
010 1 0066467044 REWARD_START
010 1 0066652332 LICK
010 1 0066913236 LICK
010 1 0066996492 RESP_END
010 1 0066487488 REWARD_END
011 0 0071796644 STIM_START
011 0 0072795976 STIM_END_RESP_START
011 0 0073996008 RESP_END
012 0 0077558944 STIM_START
012 0 0078558276 STIM_END_RESP_START
012 0 0079758304 RESP_END
013 1 0082123012 STIM_START
013 1 0083122344 STIM_END_RESP_START
013 1 0083661336 LICK
013 1 0083661744 REWARD_START
013 1 0083839304 LICK
013 1 0084131852 LICK
013 1 0084322380 RESP_END
013 1 0083682188 REWARD_END
014 1 0087680488 STIM_START
014 1 0088679828 STIM_END_RESP_START
014 1 0089143860 LICK
014 1 0089144268 REWARD_START
014 1 0089380240 LICK
014 1 0089811612 LICK
014 1 0089879872 RESP_END
014 1 0089164716 REWARD_END
015 1 0092577328 STIM_START
015 1 0092732152 LICK
015 1 0093576672 STIM_END_RESP_START
015 1 0094776700 RESP_END
016 0 0098658416 STIM_START
016 0 0099657752 STIM_END_RESP_START
016 0 0100778292 LICK
016 0 0100778744 TIMEOUT_START
016 0 0100857792 RESP_END
016 0 0107779224 TIMEOUT_END
017 0 0110115124 STIM_START
017 0 0111114472 STIM_END_RESP_START
017 0 0112314520 RESP_END
018 1 0114512264 STIM_START
018 1 0115511612 STIM_END_RESP_START
018 1 0115808076 LICK
018 1 0115808536 REWARD_START
018 1 0116000360 LICK
018 1 0116601516 LICK
018 1 0116711648 RESP_END
018 1 0115829024 REWARD_END
019 1 0120976116 STIM_START
019 1 0121376820 LICK
019 1 0121975456 STIM_END_RESP_START
019 1 0123175472 RESP_END
020 1 0125393264 STIM_START
020 1 0126392612 STIM_END_RESP_START
020 1 0127592628 RESP_END
021 0 0130167228 STIM_START
021 0 0130810744 LICK
021 0 0131006152 LICK
021 0 0131166572 STIM_END_RESP_START
021 0 0131187060 LICK
021 0 0131187512 TIMEOUT_START
021 0 0131790348 LICK
021 0 0131790800 TIMEOUT_START
021 0 0132043156 LICK
021 0 0132043608 TIMEOUT_START
021 0 0132366592 RESP_END
021 0 0139044080 TIMEOUT_END
022 0 0141381992 STIM_START
022 0 0142153296 LICK
022 0 0142328656 LICK
022 0 0142381324 STIM_END_RESP_START
022 0 0142731988 LICK
022 0 0142732448 TIMEOUT_START
022 0 0143187096 LICK
022 0 0143187548 TIMEOUT_START
022 0 0143384808 LICK
022 0 0143385256 TIMEOUT_START
022 0 0143581356 RESP_END
022 0 0150385732 TIMEOUT_END
023 0 0152677724 STIM_START
023 0 0152983144 LICK
023 0 0153677044 STIM_END_RESP_START
023 0 0154877056 RESP_END
024 1 0157270788 STIM_START
024 1 0158040968 LICK
024 1 0158202584 LICK
024 1 0158270116 STIM_END_RESP_START
024 1 0158866148 LICK
024 1 0158866608 REWARD_START
024 1 0159029976 LICK
024 1 0159373340 LICK
024 1 0159470132 RESP_END
024 1 0158887096 REWARD_END
025 1 0162437452 STIM_START
025 1 0162965924 LICK
025 1 0163162764 LICK
025 1 0163436776 STIM_END_RESP_START
025 1 0164636792 RESP_END
026 0 0167013536 STIM_START
026 0 0167366136 LICK
026 0 0168012860 STIM_END_RESP_START
026 0 0169212900 RESP_END
027 0 0171743512 STIM_START
027 0 0172663372 LICK
027 0 0172742856 STIM_END_RESP_START
027 0 0173942888 RESP_END
028 0 0176419452 STIM_START
028 0 0177418800 STIM_END_RESP_START
028 0 0178618812 RESP_END
029 1 0180838568 STIM_START
029 1 0181837920 STIM_END_RESP_START
029 1 0182892404 LICK
029 1 0182892860 REWARD_START
029 1 0183037960 RESP_END
029 1 0182913352 REWARD_END
030 0 0187132524 STIM_START
030 0 0188131872 STIM_END_RESP_START
030 0 0189331920 RESP_END
031 0 0191811508 STIM_START
031 0 0192810856 STIM_END_RESP_START
031 0 0193267324 LICK
031 0 0193267780 TIMEOUT_START
031 0 0193479140 LICK
031 0 0193479592 TIMEOUT_START
031 0 0193687508 LICK
031 0 0193687968 TIMEOUT_START
031 0 0193881356 LICK
031 0 0193881808 TIMEOUT_START
031 0 0194010884 RESP_END
031 0 0200882284 TIMEOUT_END
032 0 0202969328 STIM_START
032 0 0203968680 STIM_END_RESP_START
032 0 0204595304 LICK
032 0 0204595756 TIMEOUT_START
032 0 0204862800 LICK
032 0 0204863248 TIMEOUT_START
032 0 0205083468 LICK
032 0 0205083924 TIMEOUT_START
032 0 0205168720 RESP_END
032 0 0212084400 TIMEOUT_END
033 1 0214518888 STIM_START
033 1 0215337660 LICK
033 1 0215518216 STIM_END_RESP_START
033 1 0215816948 LICK
033 1 0215817408 REWARD_START
033 1 0215984464 LICK
033 1 0216718244 RESP_END
033 1 0215837900 REWARD_END
034 1 0220415068 STIM_START
034 1 0221414416 STIM_END_RESP_START
034 1 0222614456 RESP_END
035 0 0225987452 STIM_START
035 0 0226986800 STIM_END_RESP_START
035 0 0228186848 RESP_END
036 1 0230675432 STIM_START
036 1 0231416032 LICK
036 1 0231649968 LICK
036 1 0231674776 STIM_END_RESP_START
036 1 0231831756 LICK
036 1 0231832212 REWARD_START
036 1 0232090692 LICK
036 1 0232335652 LICK
036 1 0232491948 LICK
036 1 0232611428 LICK
036 1 0232785372 LICK
036 1 0232874820 RESP_END
036 1 0231852704 REWARD_END
037 0 0235492304 STIM_START
037 0 0236491620 STIM_END_RESP_START
037 0 0237691632 RESP_END
038 1 0239932452 STIM_START
038 1 0240931796 STIM_END_RESP_START
038 1 0242131808 RESP_END
039 0 0244500488 STIM_START
039 0 0245499796 STIM_END_RESP_START
039 0 0246219544 LICK
039 0 0246220004 TIMEOUT_START
039 0 0246415868 LICK
039 0 0246416316 TIMEOUT_START
039 0 0246699812 RESP_END
039 0 0253416788 TIMEOUT_END
040 1 0255670256 STIM_START
040 1 0256320796 LICK
040 1 0256669600 STIM_END_RESP_START
040 1 0257869644 RESP_END
041 1 0260096444 STIM_START
041 1 0261095788 STIM_END_RESP_START
041 1 0262295804 RESP_END
042 1 0264861288 STIM_START
042 1 0265860608 STIM_END_RESP_START
042 1 0265934288 LICK
042 1 0265934740 REWARD_START
042 1 0266539820 LICK
042 1 0267000692 LICK
042 1 0267060636 RESP_END
042 1 0265955228 REWARD_END
043 0 0270345756 STIM_START
043 0 0271345104 STIM_END_RESP_START
043 0 0272545116 RESP_END
044 1 0274991740 STIM_START
044 1 0275438528 LICK
044 1 0275991056 STIM_END_RESP_START
044 1 0276191212 LICK
044 1 0276191672 REWARD_START
044 1 0276387008 LICK
044 1 0276674396 LICK
044 1 0276786252 LICK
044 1 0276938892 LICK
044 1 0277191092 RESP_END
044 1 0276212164 REWARD_END
045 1 0280644116 STIM_START
045 1 0281643428 STIM_END_RESP_START
045 1 0281952548 LICK
045 1 0281953000 REWARD_START
045 1 0282214820 LICK
045 1 0282450164 LICK
045 1 0282597020 LICK
045 1 0282843452 RESP_END
045 1 0281973492 REWARD_END
046 1 0286232444 STIM_START
046 1 0287231796 STIM_END_RESP_START
046 1 0288431808 RESP_END
047 0 0290963408 STIM_START
047 0 0291962724 STIM_END_RESP_START
047 0 0293162736 RESP_END
048 0 0295408524 STIM_START
048 0 0296127124 LICK
048 0 0296325480 LICK
048 0 0296407860 STIM_END_RESP_START
048 0 0297175772 LICK
048 0 0297176232 TIMEOUT_START
048 0 0297341260 LICK
048 0 0297341712 TIMEOUT_START
048 0 0297550488 LICK
048 0 0297550944 TIMEOUT_START
048 0 0297607892 RESP_END
048 0 0304551420 TIMEOUT_END
049 1 0306765160 STIM_START
049 1 0307665468 LICK
049 1 0307764484 STIM_END_RESP_START
049 1 0308964528 RESP_END
050 0 0311376168 STIM_START
050 0 0311640764 LICK
050 0 0312241244 LICK
050 0 0312375516 STIM_END_RESP_START
050 0 0312714884 LICK
050 0 0312715344 TIMEOUT_START
050 0 0312864068 LICK
050 0 0312864520 TIMEOUT_START
050 0 0313016440 LICK
050 0 0313016892 TIMEOUT_START
050 0 0313223232 LICK
050 0 0313223688 TIMEOUT_START
050 0 0313575556 RESP_END
050 0 0320224156 TIMEOUT_END
051 1 0322510968 STIM_START
051 1 0323510316 STIM_END_RESP_START
051 1 0324239004 LICK
051 1 0324239468 REWARD_START
051 1 0324710352 RESP_END
051 1 0324259956 REWARD_END
052 0 0329231544 STIM_START
052 0 0330230856 STIM_END_RESP_START
052 0 0330971712 LICK
052 0 0330972172 TIMEOUT_START
052 0 0331247840 LICK
052 0 0331248292 TIMEOUT_START
052 0 0331413776 LICK
052 0 0331414228 TIMEOUT_START
052 0 0331430888 RESP_END
052 0 0338414704 TIMEOUT_END
053 0 0340918952 STIM_START
053 0 0341918280 STIM_END_RESP_START
053 0 0343118296 RESP_END
054 1 0346154560 STIM_START
054 1 0347153904 STIM_END_RESP_START
054 1 0347383112 LICK
054 1 0347383564 REWARD_START
054 1 0347570824 LICK
054 1 0347924240 LICK
054 1 0348058852 LICK
054 1 0348353952 RESP_END
054 1 0347404056 REWARD_END
055 1 0350703588 STIM_START
055 1 0351702904 STIM_END_RESP_START
055 1 0352186132 LICK
055 1 0352186592 REWARD_START
055 1 0352413616 LICK
055 1 0352562772 LICK
055 1 0352709744 LICK
055 1 0352839532 LICK
055 1 0352902924 RESP_END
055 1 0352207080 REWARD_END
056 0 0355700328 STIM_START
056 0 0356699640 STIM_END_RESP_START
056 0 0357899656 RESP_END
057 0 0360269384 STIM_START
057 0 0361268732 STIM_END_RESP_START
057 0 0361998168 LICK
057 0 0361998624 TIMEOUT_START
057 0 0362428780 LICK
057 0 0362429236 TIMEOUT_START
057 0 0362468772 RESP_END
057 0 0369429716 TIMEOUT_END
058 1 0371663960 STIM_START
058 1 0372663272 STIM_END_RESP_START
058 1 0373863288 RESP_END
059 0 0376289916 STIM_START
059 0 0377289232 STIM_END_RESP_START
059 0 0377513372 LICK
059 0 0377513824 TIMEOUT_START
059 0 0378160160 LICK
059 0 0378160612 TIMEOUT_START
059 0 0378489276 RESP_END
059 0 0385161088 TIMEOUT_END
060 0 0387319788 STIM_START
060 0 0388319100 STIM_END_RESP_START
060 0 0389519116 RESP_END
061 0 0392034668 STIM_START
061 0 0393034012 STIM_END_RESP_START
061 0 0393576664 LICK
061 0 0393577116 TIMEOUT_START
061 0 0393778004 LICK
061 0 0393778460 TIMEOUT_START
061 0 0393984740 LICK
061 0 0393985196 TIMEOUT_START
061 0 0394178016 LICK
061 0 0394178468 TIMEOUT_START
061 0 0394234032 RESP_END
061 0 0401178944 TIMEOUT_END
062 1 0403613124 STIM_START
062 1 0404491980 LICK
062 1 0404612436 STIM_END_RESP_START
062 1 0405390040 LICK
062 1 0405390500 REWARD_START
062 1 0405545544 LICK
062 1 0405812456 RESP_END
062 1 0405410992 REWARD_END
063 1 0408865720 STIM_START
063 1 0409050124 LICK
063 1 0409865060 STIM_END_RESP_START
063 1 0409866804 LICK
063 1 0409867272 REWARD_START
063 1 0410077500 LICK
063 1 0410372892 LICK
063 1 0410559936 LICK
063 1 0411065072 RESP_END
063 1 0409887752 REWARD_END
064 1 0413608608 STIM_START
064 1 0413807260 LICK
064 1 0414607936 STIM_END_RESP_START
064 1 0414651048 LICK
064 1 0414651508 REWARD_START
064 1 0414839036 LICK
064 1 0414977248 LICK
064 1 0415136384 LICK
064 1 0415283812 LICK
064 1 0415625320 LICK
064 1 0415791128 LICK
064 1 0415807976 RESP_END
064 1 0414672004 REWARD_END
065 0 0418244672 STIM_START
065 0 0419243984 STIM_END_RESP_START
065 0 0419438092 LICK
065 0 0419438544 TIMEOUT_START
065 0 0419580232 LICK
065 0 0419580684 TIMEOUT_START
065 0 0419772508 LICK
065 0 0419772960 TIMEOUT_START
065 0 0419947400 LICK
065 0 0419947856 TIMEOUT_START
065 0 0420176508 LICK
065 0 0420176964 TIMEOUT_START
065 0 0420444028 RESP_END
065 0 0427177432 TIMEOUT_END
066 1 0429736052 STIM_START
066 1 0430735400 STIM_END_RESP_START
066 1 0431935444 RESP_END
067 0 0434988640 STIM_START
067 0 0435987964 STIM_END_RESP_START
067 0 0436373852 LICK
067 0 0436374304 TIMEOUT_START
067 0 0437011060 LICK
067 0 0437011520 TIMEOUT_START
067 0 0437188004 RESP_END
067 0 0444011988 TIMEOUT_END
068 1 0446508188 STIM_START
068 1 0447507512 STIM_END_RESP_START
068 1 0447615180 LICK
068 1 0447615636 REWARD_START
068 1 0448056184 LICK
068 1 0448281956 LICK
068 1 0448696256 LICK
068 1 0448707548 RESP_END
068 1 0447636128 REWARD_END
069 1 0451612820 STIM_START
069 1 0452440152 LICK
069 1 0452603680 LICK
069 1 0452612148 STIM_END_RESP_START
069 1 0453199740 LICK
069 1 0453200200 REWARD_START
069 1 0453393252 LICK
069 1 0453692676 LICK
069 1 0453812176 RESP_END
069 1 0453220688 REWARD_END
070 0 0456591568 STIM_START
070 0 0456732540 LICK
070 0 0457590900 STIM_END_RESP_START
070 0 0458010068 LICK
070 0 0458010524 TIMEOUT_START
070 0 0458204800 LICK
070 0 0458205256 TIMEOUT_START
070 0 0458406664 LICK
070 0 0458407124 TIMEOUT_START
070 0 0458790932 RESP_END
070 0 0465407600 TIMEOUT_END
071 1 0467765276 STIM_START
071 1 0468764596 STIM_END_RESP_START
071 1 0468792272 LICK
071 1 0468792732 REWARD_START
071 1 0468985108 LICK
071 1 0469162444 LICK
071 1 0469470968 LICK
071 1 0469608948 LICK
071 1 0469752564 LICK
071 1 0469964612 RESP_END
071 1 0468813208 REWARD_END
072 1 0472265344 STIM_START
072 1 0472343088 LICK
072 1 0473264676 STIM_END_RESP_START
072 1 0473583112 LICK
072 1 0473583568 REWARD_START
072 1 0473759648 LICK
072 1 0474061284 LICK
072 1 0474371008 LICK
072 1 0474464692 RESP_END
072 1 0473604060 REWARD_END
073 0 0477152156 STIM_START
073 0 0477222048 LICK
073 0 0477980076 LICK
073 0 0478151492 STIM_END_RESP_START
073 0 0478607248 LICK
073 0 0478607708 TIMEOUT_START
073 0 0478801604 LICK
073 0 0478802064 TIMEOUT_START
073 0 0478970708 LICK
073 0 0478971168 TIMEOUT_START
073 0 0479188664 LICK
073 0 0479189124 TIMEOUT_START
073 0 0479351520 RESP_END
073 0 0486189604 TIMEOUT_END
074 0 0488406796 STIM_START
074 0 0489406112 STIM_END_RESP_START
074 0 0490191776 LICK
074 0 0490192236 TIMEOUT_START
074 0 0490606144 RESP_END
074 0 0497192704 TIMEOUT_END
075 0 0499741368 STIM_START
075 0 0500286580 LICK
075 0 0500459660 LICK
075 0 0500740704 STIM_END_RESP_START
075 0 0501940720 RESP_END
076 1 0504408364 STIM_START
076 1 0504937120 LICK
076 1 0505407680 STIM_END_RESP_START
076 1 0505518452 LICK
076 1 0505518904 REWARD_START
076 1 0506110208 LICK
076 1 0506366744 LICK
076 1 0506487048 LICK
076 1 0506607704 RESP_END
076 1 0505539396 REWARD_END
077 0 0511670632 STIM_START
077 0 0511711648 LICK
077 0 0511917956 LICK
077 0 0512669952 STIM_END_RESP_START
077 0 0513870000 RESP_END
078 0 0516098708 STIM_START
078 0 0517098020 STIM_END_RESP_START
078 0 0517479488 LICK
078 0 0517479940 TIMEOUT_START
078 0 0517679864 LICK
078 0 0517680324 TIMEOUT_START
078 0 0517898256 LICK
078 0 0517898708 TIMEOUT_START
078 0 0518072900 LICK
078 0 0518073356 TIMEOUT_START
078 0 0518298040 RESP_END
078 0 0525073836 TIMEOUT_END
079 1 0527260448 STIM_START
079 1 0528259768 STIM_END_RESP_START
079 1 0529064392 LICK
079 1 0529064844 REWARD_START
079 1 0529278864 LICK
079 1 0529459788 RESP_END
079 1 0529085332 REWARD_END
080 0 0532910740 STIM_START
080 0 0533572592 LICK
080 0 0533774120 LICK
080 0 0533910068 STIM_END_RESP_START
080 0 0533985872 LICK
080 0 0533986328 TIMEOUT_START
080 0 0534178152 LICK
080 0 0534178604 TIMEOUT_START
080 0 0535110088 RESP_END
080 0 0541179084 TIMEOUT_END
081 1 0543314884 STIM_START
081 1 0544314196 STIM_END_RESP_START
081 1 0544913972 LICK
081 1 0544914428 REWARD_START
081 1 0545514244 RESP_END
081 1 0544934924 REWARD_END
082 0 0549601824 STIM_START
082 0 0550601136 STIM_END_RESP_START
082 0 0551801148 RESP_END
083 0 0554277740 STIM_START
083 0 0555277052 STIM_END_RESP_START
083 0 0555877008 LICK
083 0 0555877468 TIMEOUT_START
083 0 0556056944 LICK
083 0 0556057400 TIMEOUT_START
083 0 0556239256 LICK
083 0 0556239708 TIMEOUT_START
083 0 0556434160 LICK
083 0 0556434620 TIMEOUT_START
083 0 0556477076 RESP_END
083 0 0563435092 TIMEOUT_END
084 1 0565968108 STIM_START
084 1 0566568492 LICK
084 1 0566967448 STIM_END_RESP_START
084 1 0568167460 RESP_END
085 1 0570355188 STIM_START
085 1 0570859160 LICK
085 1 0571354520 STIM_END_RESP_START
085 1 0572554536 RESP_END
086 1 0574963196 STIM_START
086 1 0575962512 STIM_END_RESP_START
086 1 0576661456 LICK
086 1 0576661916 REWARD_START
086 1 0577050376 LICK
086 1 0577162532 RESP_END
086 1 0576682408 REWARD_END
087 0 0581117144 STIM_START
087 0 0582116460 STIM_END_RESP_START
087 0 0583316512 RESP_END
088 1 0585674160 STIM_START
088 1 0586673476 STIM_END_RESP_START
088 1 0587178796 LICK
088 1 0587179256 REWARD_START
088 1 0587873492 RESP_END
088 1 0587199752 REWARD_END
089 0 0591481368 STIM_START
089 0 0592480680 STIM_END_RESP_START
089 0 0593680692 RESP_END
090 0 0597118640 STIM_START
090 0 0598117956 STIM_END_RESP_START
090 0 0599317972 RESP_END
091 0 0601886584 STIM_START
091 0 0602885892 STIM_END_RESP_START
091 0 0602901516 LICK
091 0 0602901972 TIMEOUT_START
091 0 0603329856 LICK
091 0 0603330308 TIMEOUT_START
091 0 0603932820 LICK
091 0 0603933276 TIMEOUT_START
091 0 0604085908 RESP_END
091 0 0610933752 TIMEOUT_END
092 1 0613270096 STIM_START
092 1 0614269424 STIM_END_RESP_START
092 1 0614308824 LICK
092 1 0614309284 REWARD_START
092 1 0614525320 LICK
092 1 0614832836 LICK
092 1 0614988768 LICK
092 1 0615116388 LICK
092 1 0615259784 LICK
092 1 0615469468 RESP_END
092 1 0614329780 REWARD_END
093 1 0618102908 STIM_START
093 1 0619102232 STIM_END_RESP_START
093 1 0619461140 LICK
093 1 0619461596 REWARD_START
093 1 0619626816 LICK
093 1 0619787928 LICK
093 1 0619918848 LICK
093 1 0620099416 LICK
093 1 0620302252 RESP_END
093 1 0619482088 REWARD_END
094 0 0623469396 STIM_START
094 0 0624468712 STIM_END_RESP_START
094 0 0625668728 RESP_END
095 1 0627923500 STIM_START
095 1 0628922812 STIM_END_RESP_START
095 1 0629056892 LICK
095 1 0629057348 REWARD_START
095 1 0629237104 LICK
095 1 0629657064 LICK
095 1 0630121656 LICK
095 1 0630122844 RESP_END
095 1 0629077840 REWARD_END
096 0 0633147080 STIM_START
096 0 0634146408 STIM_END_RESP_START
096 0 0635346420 RESP_END
097 0 0637912924 STIM_START
097 0 0638912240 STIM_END_RESP_START
097 0 0639113000 LICK
097 0 0639113460 TIMEOUT_START
097 0 0639704612 LICK
097 0 0639705068 TIMEOUT_START
097 0 0640112284 RESP_END
097 0 0646705556 TIMEOUT_END
098 1 0649272524 STIM_START
098 1 0650271840 STIM_END_RESP_START
098 1 0650345420 LICK
098 1 0650345880 REWARD_START
098 1 0650834048 LICK
098 1 0651300516 LICK
098 1 0651471880 RESP_END
098 1 0650366372 REWARD_END
099 0 0654675928 STIM_START
099 0 0655675244 STIM_END_RESP_START
099 0 0656875256 RESP_END
100 0 0659310908 STIM_START
100 0 0660310224 STIM_END_RESP_START
100 0 0660441664 LICK
100 0 0660442124 TIMEOUT_START
100 0 0661510252 RESP_END
100 0 0667442596 TIMEOUT_END
101 0 0669796016 STIM_START
101 0 0670795328 STIM_END_RESP_START
101 0 0671379284 LICK
101 0 0671379744 TIMEOUT_START
101 0 0671995348 RESP_END
101 0 0678380208 TIMEOUT_END
102 1 0680868744 STIM_START
102 1 0681868060 STIM_END_RESP_START
102 1 0682475136 LICK
102 1 0682475596 REWARD_START
102 1 0683068076 RESP_END
102 1 0682496088 REWARD_END
103 0 0686887800 STIM_START
103 0 0687410400 LICK
103 0 0687612944 LICK
103 0 0687820828 LICK
103 0 0687887124 STIM_END_RESP_START
103 0 0688027872 LICK
103 0 0688028324 TIMEOUT_START
103 0 0688244960 LICK
103 0 0688245412 TIMEOUT_START
103 0 0688426764 LICK
103 0 0688427224 TIMEOUT_START
103 0 0688828936 LICK
103 0 0688829388 TIMEOUT_START
103 0 0689009376 LICK
103 0 0689009836 TIMEOUT_START
103 0 0689087168 RESP_END
103 0 0696010300 TIMEOUT_END
104 0 0698408228 STIM_START
104 0 0699303568 LICK
104 0 0699407568 STIM_END_RESP_START
104 0 0700034600 LICK
104 0 0700035052 TIMEOUT_START
104 0 0700607608 RESP_END
104 0 0707035536 TIMEOUT_END
105 0 0709421032 STIM_START
105 0 0710420344 STIM_END_RESP_START
105 0 0711022420 LICK
105 0 0711022880 TIMEOUT_START
105 0 0711610976 LICK
105 0 0711611436 TIMEOUT_START
105 0 0711620372 RESP_END
105 0 0718611908 TIMEOUT_END
106 1 0720740568 STIM_START
106 1 0721739896 STIM_END_RESP_START
106 1 0722434860 LICK
106 1 0722435320 REWARD_START
106 1 0722651928 LICK
106 1 0722905072 LICK
106 1 0722939940 RESP_END
106 1 0722455808 REWARD_END
107 1 0726189956 STIM_START
107 1 0727189284 STIM_END_RESP_START
107 1 0727725184 LICK
107 1 0727725640 REWARD_START
107 1 0728389308 RESP_END
107 1 0727746132 REWARD_END
108 1 0731773300 STIM_START
108 1 0731869524 LICK
108 1 0732558712 LICK
108 1 0732738788 LICK
108 1 0732772624 STIM_END_RESP_START
108 1 0732965156 LICK
108 1 0732965612 REWARD_START
108 1 0733106368 LICK
108 1 0733264096 LICK
108 1 0733397856 LICK
108 1 0733701352 LICK
108 1 0733896964 LICK
108 1 0733972660 RESP_END
108 1 0732986104 REWARD_END
109 0 0736206376 STIM_START
109 0 0736256336 LICK
109 0 0737205704 STIM_END_RESP_START
109 0 0738405720 RESP_END
110 0 0740677460 STIM_START
110 0 0741525724 LICK
110 0 0741676788 STIM_END_RESP_START
110 0 0741700636 LICK
110 0 0741701092 TIMEOUT_START
110 0 0742876800 RESP_END
110 0 0748701564 TIMEOUT_END
111 1 0751081632 STIM_START
111 1 0752080956 STIM_END_RESP_START
111 1 0752135200 LICK
111 1 0752135656 REWARD_START
111 1 0752643224 LICK
111 1 0752812304 LICK
111 1 0753114016 LICK
111 1 0753281000 RESP_END
111 1 0752156148 REWARD_END
112 0 0755786540 STIM_START
112 0 0756785864 STIM_END_RESP_START
112 0 0757985876 RESP_END
113 1 0760446488 STIM_START
113 1 0761361328 LICK
113 1 0761445804 STIM_END_RESP_START
113 1 0761559080 LICK
113 1 0761559536 REWARD_START
113 1 0761746952 LICK
113 1 0761885196 LICK
113 1 0762040604 LICK
113 1 0762351336 LICK
113 1 0762525212 LICK
113 1 0762645852 RESP_END
113 1 0761580028 REWARD_END
114 0 0765740080 STIM_START
114 0 0766739400 STIM_END_RESP_START
114 0 0767939416 RESP_END
115 1 0770163128 STIM_START
115 1 0771162440 STIM_END_RESP_START
115 1 0771295744 LICK
115 1 0771296200 REWARD_START
115 1 0771511608 LICK
115 1 0772063376 LICK
115 1 0772213360 LICK
115 1 0772362460 RESP_END
115 1 0771316692 REWARD_END
116 1 0774916032 STIM_START
116 1 0775915356 STIM_END_RESP_START
116 1 0776066508 LICK
116 1 0776066960 REWARD_START
116 1 0776245368 LICK
116 1 0776410180 LICK
116 1 0776559848 LICK
116 1 0776688656 LICK
116 1 0776860280 LICK
116 1 0777115384 RESP_END
116 1 0776087452 REWARD_END
117 1 0780063592 STIM_START
117 1 0781062908 STIM_END_RESP_START
117 1 0781445040 LICK
117 1 0781445500 REWARD_START
117 1 0781759300 LICK
117 1 0781922904 LICK
117 1 0782074768 LICK
117 1 0782262940 RESP_END
117 1 0781465992 REWARD_END
118 0 0786074700 STIM_START
118 0 0787074008 STIM_END_RESP_START
118 0 0788168180 LICK
118 0 0788168632 TIMEOUT_START
118 0 0788274032 RESP_END
118 0 0795169104 TIMEOUT_END
119 1 0797713020 STIM_START
119 1 0798418400 LICK
119 1 0798712340 STIM_END_RESP_START
119 1 0799677064 LICK
119 1 0799677524 REWARD_START
119 1 0799912360 RESP_END
119 1 0799698016 REWARD_END
120 1 0803129408 STIM_START
120 1 0804128716 STIM_END_RESP_START
120 1 0804288276 LICK
120 1 0804288736 REWARD_START
120 1 0805290188 LICK
120 1 0805328748 RESP_END
120 1 0804309228 REWARD_END
121 1 0808229048 STIM_START
121 1 0809228360 STIM_END_RESP_START
121 1 0809663828 LICK
121 1 0809664284 REWARD_START
121 1 0809842428 LICK
121 1 0809983308 LICK
121 1 0810121908 LICK
121 1 0810272388 LICK
121 1 0810428396 RESP_END
121 1 0809684776 REWARD_END
122 0 0814381020 STIM_START
122 0 0815380344 STIM_END_RESP_START
122 0 0816580360 RESP_END
123 1 0818936064 STIM_START
123 1 0819935380 STIM_END_RESP_START
123 1 0820084520 LICK
123 1 0820084976 REWARD_START
123 1 0821135408 RESP_END
123 1 0820105464 REWARD_END
124 0 0825328836 STIM_START
124 0 0826328172 STIM_END_RESP_START
124 0 0826647660 LICK
124 0 0826648112 TIMEOUT_START
124 0 0826809632 LICK
124 0 0826810084 TIMEOUT_START
124 0 0827528220 RESP_END
124 0 0833810564 TIMEOUT_END
125 0 0836019780 STIM_START
125 0 0837019096 STIM_END_RESP_START
125 0 0838219108 RESP_END
126 1 0840447896 STIM_START
126 1 0841447208 STIM_END_RESP_START
126 1 0841601292 LICK
126 1 0841601744 REWARD_START
126 1 0842206412 LICK
126 1 0842496300 LICK
126 1 0842640172 LICK
126 1 0842647232 RESP_END
126 1 0841622232 REWARD_END
127 1 0845571612 STIM_START
127 1 0846570940 STIM_END_RESP_START
127 1 0846747448 LICK
127 1 0846747904 REWARD_START
127 1 0846959468 LICK
127 1 0847256292 LICK
127 1 0847515188 LICK
127 1 0847770976 RESP_END
127 1 0846768396 REWARD_END
128 0 0850391336 STIM_START
128 0 0851390648 STIM_END_RESP_START
128 0 0852590664 RESP_END
129 1 0854774444 STIM_START
129 1 0855773756 STIM_END_RESP_START
129 1 0856626600 LICK
129 1 0856627052 REWARD_START
129 1 0856858892 LICK
129 1 0856973772 RESP_END
129 1 0856647544 REWARD_END
130 0 0860077952 STIM_START
130 0 0861008132 LICK
130 0 0861077260 STIM_END_RESP_START
130 0 0861418588 LICK
130 0 0861419044 TIMEOUT_START
130 0 0861608024 LICK
130 0 0861608476 TIMEOUT_START
130 0 0861813504 LICK
130 0 0861813964 TIMEOUT_START
130 0 0861975376 LICK
130 0 0861975836 TIMEOUT_START
130 0 0862193980 LICK
130 0 0862194432 TIMEOUT_START
130 0 0862277276 RESP_END
130 0 0869194908 TIMEOUT_END
131 1 0871332552 STIM_START
131 1 0872331864 STIM_END_RESP_START
131 1 0872891988 LICK
131 1 0872892448 REWARD_START
131 1 0873094876 LICK
131 1 0873369796 LICK
131 1 0873514196 LICK
131 1 0873531900 RESP_END
131 1 0872912940 REWARD_END
132 1 0876696008 STIM_START
132 1 0877695324 STIM_END_RESP_START
132 1 0878214708 LICK
132 1 0878215164 REWARD_START
132 1 0878400040 LICK
132 1 0878535880 LICK
132 1 0878682612 LICK
132 1 0878829136 LICK
132 1 0878895364 RESP_END
132 1 0878235660 REWARD_END
133 0 0882231392 STIM_START
133 0 0883230696 STIM_END_RESP_START
133 0 0884430712 RESP_END
134 0 0886784412 STIM_START
134 0 0886948216 LICK
134 0 0887783724 STIM_END_RESP_START
134 0 0888983736 RESP_END
135 0 0891220484 STIM_START
135 0 0892219800 STIM_END_RESP_START
135 0 0892637212 LICK
135 0 0892637664 TIMEOUT_START
135 0 0893419816 RESP_END
135 0 0899638136 TIMEOUT_END
136 1 0902130320 STIM_START
136 1 0903129632 STIM_END_RESP_START
136 1 0904329644 RESP_END
137 0 0906795200 STIM_START
137 0 0907008568 LICK
137 0 0907794532 STIM_END_RESP_START
137 0 0908994580 RESP_END
138 1 0913027088 STIM_START
138 1 0914026396 STIM_END_RESP_START
138 1 0914336144 LICK
138 1 0914336596 REWARD_START
138 1 0915226436 RESP_END
138 1 0914357088 REWARD_END
139 1 0918714376 STIM_START
139 1 0919509360 LICK
139 1 0919713692 STIM_END_RESP_START
139 1 0919715336 LICK
139 1 0919715800 REWARD_START
139 1 0920318240 LICK
139 1 0920572936 LICK
139 1 0920720832 LICK
139 1 0920852748 LICK
139 1 0920913736 RESP_END
139 1 0919736284 REWARD_END
140 0 0923687080 STIM_START
140 0 0924584904 LICK
140 0 0924686388 STIM_END_RESP_START
140 0 0924746916 LICK
140 0 0924747368 TIMEOUT_START
140 0 0925522088 LICK
140 0 0925522540 TIMEOUT_START
140 0 0925726656 LICK
140 0 0925727116 TIMEOUT_START
140 0 0925886408 RESP_END
140 0 0932727592 TIMEOUT_END
141 0 0935183492 STIM_START
141 0 0936182816 STIM_END_RESP_START
141 0 0937382860 RESP_END
142 0 0939623608 STIM_START
142 0 0940622924 STIM_END_RESP_START
142 0 0941822964 RESP_END
143 1 0944291536 STIM_START
143 1 0945290852 STIM_END_RESP_START
143 1 0946490892 RESP_END
144 0 0949772904 STIM_START
144 0 0950772216 STIM_END_RESP_START
144 0 0951152764 LICK
144 0 0951153216 TIMEOUT_START
144 0 0951360100 LICK
144 0 0951360556 TIMEOUT_START
144 0 0951598984 LICK
144 0 0951599444 TIMEOUT_START
144 0 0951808316 LICK
144 0 0951808772 TIMEOUT_START
144 0 0951972256 RESP_END
144 0 0958809252 TIMEOUT_END
145 0 0961162444 STIM_START
145 0 0962161768 STIM_END_RESP_START
145 0 0963361816 RESP_END
146 0 0965839316 STIM_START
146 0 0966838632 STIM_END_RESP_START
146 0 0968038644 RESP_END
147 1 0970217496 STIM_START
147 1 0971216804 STIM_END_RESP_START
147 1 0972182876 LICK
147 1 0972183332 REWARD_START
147 1 0972336224 LICK
147 1 0972416836 RESP_END
147 1 0972203828 REWARD_END
148 1 0975257112 STIM_START
148 1 0976256432 STIM_END_RESP_START
148 1 0976936292 LICK
148 1 0976936744 REWARD_START
148 1 0977352056 LICK
148 1 0977456460 RESP_END
148 1 0976957236 REWARD_END
149 0 0980049040 STIM_START
149 0 0980159060 LICK
149 0 0980805560 LICK
149 0 0981048360 STIM_END_RESP_START
149 0 0981485120 LICK
149 0 0981485580 TIMEOUT_START
149 0 0981667516 LICK
149 0 0981667976 TIMEOUT_START
149 0 0982248392 RESP_END
149 0 0988668452 TIMEOUT_END
150 1 0993013448 STIM_START
150 1 0994012764 STIM_END_RESP_START
150 1 0995165364 LICK
150 1 0995165820 REWARD_START
150 1 0995212788 RESP_END
150 1 0995186312 REWARD_END
151 1 0998805640 STIM_START
151 1 0999804952 STIM_END_RESP_START
151 1 1000757424 LICK
151 1 1000757920 REWARD_START
151 1 1001004968 RESP_END
151 1 1000778456 REWARD_END
152 0 1004594816 STIM_START
152 0 1005594148 STIM_END_RESP_START
152 0 1005972556 LICK
152 0 1005973056 TIMEOUT_START
152 0 1006794164 RESP_END
152 0 1012973588 TIMEOUT_END
153 1 1015142840 STIM_START
153 1 1016142168 STIM_END_RESP_START
153 1 1016428668 LICK
153 1 1016429168 REWARD_START
153 1 1017127376 LICK
153 1 1017342212 RESP_END
153 1 1016449700 REWARD_END
154 0 1020477376 STIM_START
154 0 1021476708 STIM_END_RESP_START
154 0 1022269176 LICK
154 0 1022269684 TIMEOUT_START
154 0 1022435236 LICK
154 0 1022435740 TIMEOUT_START
154 0 1022672476 LICK
154 0 1022672980 TIMEOUT_START
154 0 1022676740 RESP_END
154 0 1029673496 TIMEOUT_END
155 0 1032092692 STIM_START
155 0 1033092032 STIM_END_RESP_START
155 0 1034292064 RESP_END
156 0 1036818664 STIM_START
156 0 1037817992 STIM_END_RESP_START
156 0 1039018024 RESP_END
157 1 1041199660 STIM_START
157 1 1042198992 STIM_END_RESP_START
157 1 1043399008 RESP_END
158 1 1046513172 STIM_START
158 1 1047512504 STIM_END_RESP_START
158 1 1047648096 LICK
158 1 1047648600 REWARD_START
158 1 1047877100 LICK
158 1 1048277220 LICK
158 1 1048482544 LICK
158 1 1048697776 LICK
158 1 1048712520 RESP_END
158 1 1047669136 REWARD_END
159 1 1051900580 STIM_START
159 1 1052899884 STIM_END_RESP_START
159 1 1053430312 LICK
159 1 1053430816 REWARD_START
159 1 1053955920 LICK
159 1 1054099904 RESP_END
159 1 1053451352 REWARD_END
160 0 1057515900 STIM_START
160 0 1058515228 STIM_END_RESP_START
160 0 1059715260 RESP_END
161 1 1062082864 STIM_START
161 1 1063082192 STIM_END_RESP_START
161 1 1063466220 LICK
161 1 1063466716 REWARD_START
161 1 1063847788 LICK
161 1 1064126444 LICK
161 1 1064261672 LICK
161 1 1064282212 RESP_END
161 1 1063487256 REWARD_END
162 1 1067423368 STIM_START
162 1 1068422672 STIM_END_RESP_START
162 1 1069622704 RESP_END
163 0 1072342116 STIM_START
163 0 1073341436 STIM_END_RESP_START
163 0 1074021484 LICK
163 0 1074021984 TIMEOUT_START
163 0 1074541472 RESP_END
163 0 1081022504 TIMEOUT_END
164 1 1083593692 STIM_START
164 1 1084593024 STIM_END_RESP_START
164 1 1085793044 RESP_END
165 0 1089361900 STIM_START
165 0 1090361228 STIM_END_RESP_START
165 0 1090439916 LICK
165 0 1090440420 TIMEOUT_START
165 0 1090673764 LICK
165 0 1090674260 TIMEOUT_START
165 0 1090874612 LICK
165 0 1090875112 TIMEOUT_START
165 0 1091561256 RESP_END
165 0 1097875628 TIMEOUT_END
166 1 1100733356 STIM_START
166 1 1101732688 STIM_END_RESP_START
166 1 1102932716 RESP_END
167 1 1105272372 STIM_START
167 1 1106271704 STIM_END_RESP_START
167 1 1107471732 RESP_END
168 1 1109977276 STIM_START
168 1 1110976604 STIM_END_RESP_START
168 1 1111144492 LICK
168 1 1111144992 REWARD_START
168 1 1111384096 LICK
168 1 1112110708 LICK
168 1 1112176628 RESP_END
168 1 1111165524 REWARD_END
169 0 1114804128 STIM_START
169 0 1115803452 STIM_END_RESP_START
169 0 1116649152 LICK
169 0 1116649656 TIMEOUT_START
169 0 1116769644 LICK
169 0 1116770140 TIMEOUT_START
169 0 1116933272 LICK
169 0 1116933768 TIMEOUT_START
169 0 1117003476 RESP_END
169 0 1123934284 TIMEOUT_END
170 0 1126301480 STIM_START
170 0 1127300812 STIM_END_RESP_START
170 0 1127924572 LICK
170 0 1127925076 TIMEOUT_START
170 0 1128112028 LICK
170 0 1128112528 TIMEOUT_START
170 0 1128500848 RESP_END
170 0 1135113052 TIMEOUT_END
171 1 1137509108 STIM_START
171 1 1138508412 STIM_END_RESP_START
171 1 1138915720 LICK
171 1 1138916220 REWARD_START
171 1 1139151604 LICK
171 1 1139325772 LICK
171 1 1139708424 RESP_END
171 1 1138936756 REWARD_END
172 1 1144874224 STIM_START
172 1 1145788784 LICK
172 1 1145873560 STIM_END_RESP_START
172 1 1146023576 LICK
172 1 1146024084 REWARD_START
172 1 1146747340 LICK
172 1 1147073604 RESP_END
172 1 1146044620 REWARD_END
173 0 1151252024 STIM_START
173 0 1152251352 STIM_END_RESP_START
173 0 1153451384 RESP_END
174 0 1156146792 STIM_START
174 0 1157146120 STIM_END_RESP_START
174 0 1158346152 RESP_END
175 1 1160536928 STIM_START
175 1 1161536256 STIM_END_RESP_START
175 1 1162736288 RESP_END
176 1 1165305888 STIM_START
176 1 1166305212 STIM_END_RESP_START
176 1 1166692848 LICK
176 1 1166693348 REWARD_START
176 1 1167232628 LICK
176 1 1167366776 LICK
176 1 1167505248 RESP_END
176 1 1166713888 REWARD_END
177 0 1170691244 STIM_START
177 0 1171690548 STIM_END_RESP_START
177 0 1172890576 RESP_END
178 1 1175133300 STIM_START
178 1 1176132632 STIM_END_RESP_START
178 1 1176207096 LICK
178 1 1176207604 REWARD_START
178 1 1177000984 LICK
178 1 1177332652 RESP_END
178 1 1176228124 REWARD_END
179 1 1180264888 STIM_START
179 1 1181122660 LICK
179 1 1181264224 STIM_END_RESP_START
179 1 1181332804 LICK
179 1 1181333300 REWARD_START
179 1 1181813016 LICK
179 1 1181958220 LICK
179 1 1182107068 LICK
179 1 1182252828 LICK
179 1 1182409036 LICK
179 1 1182464268 RESP_END
179 1 1181353836 REWARD_END
180 1 1185001808 STIM_START
180 1 1186001140 STIM_END_RESP_START
180 1 1186045736 LICK
180 1 1186046240 REWARD_START
180 1 1186430572 LICK
180 1 1186540468 LICK
180 1 1186717404 LICK
180 1 1186987524 LICK
180 1 1187201184 RESP_END
180 1 1186066760 REWARD_END
181 0 1190550172 STIM_START
181 0 1191437868 LICK
181 0 1191549484 STIM_END_RESP_START
181 0 1191845504 LICK
181 0 1191846008 TIMEOUT_START
181 0 1192039040 LICK
181 0 1192039540 TIMEOUT_START
181 0 1192423628 LICK
181 0 1192424128 TIMEOUT_START
181 0 1192749516 RESP_END
181 0 1199424644 TIMEOUT_END
182 1 1201851688 STIM_START
182 1 1202851020 STIM_END_RESP_START
182 1 1203818524 LICK
182 1 1203819024 REWARD_START
182 1 1204051036 RESP_END
182 1 1203839544 REWARD_END
183 0 1207877680 STIM_START
183 0 1208876988 STIM_END_RESP_START
183 0 1209072828 LICK
183 0 1209073324 TIMEOUT_START
183 0 1209304252 LICK
183 0 1209304748 TIMEOUT_START
183 0 1209492100 LICK
183 0 1209492604 TIMEOUT_START
183 0 1209857604 LICK
183 0 1209858104 TIMEOUT_START
183 0 1210077028 RESP_END
183 0 1216858624 TIMEOUT_END
184 1 1219080328 STIM_START
184 1 1220079664 STIM_END_RESP_START
184 1 1220947712 LICK
184 1 1220948216 REWARD_START
184 1 1221279696 RESP_END
184 1 1220968752 REWARD_END
185 0 1225346164 STIM_START
185 0 1226345476 STIM_END_RESP_START
185 0 1226499628 LICK
185 0 1226500132 TIMEOUT_START
185 0 1227545512 RESP_END
185 0 1233500648 TIMEOUT_END
186 0 1235746256 STIM_START
186 0 1236745584 STIM_END_RESP_START
186 0 1237356864 LICK
186 0 1237357364 TIMEOUT_START
186 0 1237945604 RESP_END
186 0 1244357884 TIMEOUT_END
187 0 1246689060 STIM_START
187 0 1247688364 STIM_END_RESP_START
187 0 1248260648 LICK
187 0 1248261148 TIMEOUT_START
187 0 1248656916 LICK
187 0 1248657416 TIMEOUT_START
187 0 1248885876 LICK
187 0 1248886376 TIMEOUT_START
187 0 1248888376 RESP_END
187 0 1255886900 TIMEOUT_END
188 1 1258083508 STIM_START
188 1 1259082820 STIM_END_RESP_START
188 1 1260282832 RESP_END
189 0 1263495940 STIM_START
189 0 1264495272 STIM_END_RESP_START
189 0 1264704952 LICK
189 0 1264705452 TIMEOUT_START
189 0 1264912860 LICK
189 0 1264913360 TIMEOUT_START
189 0 1265357480 LICK
189 0 1265357984 TIMEOUT_START
189 0 1265695316 RESP_END
189 0 1272358508 TIMEOUT_END
190 0 1274820448 STIM_START
190 0 1275819780 STIM_END_RESP_START
190 0 1276475108 LICK
190 0 1276475612 TIMEOUT_START
190 0 1276667600 LICK
190 0 1276668104 TIMEOUT_START
190 0 1277019796 RESP_END
190 0 1283668628 TIMEOUT_END
191 1 1285953092 STIM_START
191 1 1286952420 STIM_END_RESP_START
191 1 1287911164 LICK
191 1 1287911668 REWARD_START
191 1 1288152456 RESP_END
191 1 1287932188 REWARD_END
192 1 1290988820 STIM_START
192 1 1291988148 STIM_END_RESP_START
192 1 1292056112 LICK
192 1 1292056620 REWARD_START
192 1 1292681932 LICK
192 1 1292868096 LICK
192 1 1293092956 LICK
192 1 1293188188 RESP_END
192 1 1292077152 REWARD_END
193 0 1295434864 STIM_START
193 0 1296434200 STIM_END_RESP_START
193 0 1296721232 LICK
193 0 1296721728 TIMEOUT_START
193 0 1296881572 LICK
193 0 1296882076 TIMEOUT_START
193 0 1297634228 RESP_END
193 0 1303882596 TIMEOUT_END
194 0 1306208748 STIM_START
194 0 1307208080 STIM_END_RESP_START
194 0 1307599896 LICK
194 0 1307600396 TIMEOUT_START
194 0 1308408112 RESP_END
194 0 1314600904 TIMEOUT_END
195 1 1316944628 STIM_START
195 1 1317943960 STIM_END_RESP_START
195 1 1319143988 RESP_END
196 1 1321519668 STIM_START
196 1 1322519000 STIM_END_RESP_START
196 1 1322739252 LICK
196 1 1322739756 REWARD_START
196 1 1323719016 RESP_END
196 1 1322760292 REWARD_END
197 0 1326288476 STIM_START
197 0 1327287804 STIM_END_RESP_START
197 0 1328487832 RESP_END
198 1 1330819540 STIM_START
198 1 1331818872 STIM_END_RESP_START
198 1 1332590980 LICK
198 1 1332591476 REWARD_START
198 1 1333018892 RESP_END
198 1 1332612016 REWARD_END
199 1 1335819196 STIM_START
199 1 1336818528 STIM_END_RESP_START
199 1 1337479892 LICK
199 1 1337480400 REWARD_START
199 1 1337657036 LICK
199 1 1338018568 RESP_END
199 1 1337500932 REWARD_END
200 0 1340785908 STIM_START
200 0 1341785236 STIM_END_RESP_START
200 0 1342985268 RESP_END
201 0 1345526848 STIM_START
201 0 1346196820 LICK
201 0 1346460928 LICK
201 0 1346526180 STIM_END_RESP_START
201 0 1347726212 RESP_END
202 1 1350017800 STIM_START
202 1 1351017124 STIM_END_RESP_START
202 1 1352217156 RESP_END
203 0 1354786664 STIM_START
203 0 1355785992 STIM_END_RESP_START
203 0 1356986020 RESP_END
204 1 1359503560 STIM_START
204 1 1360502892 STIM_END_RESP_START
204 1 1361702920 RESP_END
205 1 1364117512 STIM_START
205 1 1365116836 STIM_END_RESP_START
205 1 1366316864 RESP_END
206 0 1368698540 STIM_START
206 0 1369697868 STIM_END_RESP_START
206 0 1370897900 RESP_END
207 0 1373402384 STIM_START
207 0 1374401712 STIM_END_RESP_START
207 0 1375601744 RESP_END
208 0 1377863456 STIM_START
208 0 1378862788 STIM_END_RESP_START
208 0 1380062820 RESP_END
209 1 1382524340 STIM_START
209 1 1383523668 STIM_END_RESP_START
209 1 1384723700 RESP_END
210 1 1386873476 STIM_START
210 1 1387872808 STIM_END_RESP_START
210 1 1389072836 RESP_END
211 1 1391348524 STIM_START
211 1 1392347852 STIM_END_RESP_START
211 1 1393547884 RESP_END
212 0 1397212640 STIM_START
212 0 1398211968 STIM_END_RESP_START
212 0 1398807900 LICK
212 0 1398808396 TIMEOUT_START
212 0 1399412012 RESP_END
212 0 1405808924 TIMEOUT_END
213 1 1407909580 STIM_START
213 1 1408908904 STIM_END_RESP_START
213 1 1408936188 LICK
213 1 1408936684 REWARD_START
213 1 1410108944 RESP_END
213 1 1408957220 REWARD_END
214 0 1415572516 STIM_START
214 0 1416571852 STIM_END_RESP_START
214 0 1417051828 LICK
214 0 1417052332 TIMEOUT_START
214 0 1417260912 LICK
214 0 1417261416 TIMEOUT_START
214 0 1417495964 LICK
214 0 1417496464 TIMEOUT_START
214 0 1417676292 LICK
214 0 1417676788 TIMEOUT_START
214 0 1417771876 RESP_END
214 0 1424677308 TIMEOUT_END
215 0 1428671848 STIM_START
215 0 1429671172 STIM_END_RESP_START
215 0 1430356860 LICK
215 0 1430357364 TIMEOUT_START
215 0 1430871188 RESP_END
215 0 1437357888 TIMEOUT_END
216 0 1439707632 STIM_START
216 0 1440277556 LICK
216 0 1440706944 STIM_END_RESP_START
216 0 1441906980 RESP_END
217 1 1444486516 STIM_START
217 1 1445485844 STIM_END_RESP_START
217 1 1446521672 LICK
217 1 1446522176 REWARD_START
217 1 1446685884 RESP_END
217 1 1446542712 REWARD_END
218 1 1450008784 STIM_START
218 1 1451008088 STIM_END_RESP_START
218 1 1451184896 LICK
218 1 1451185400 REWARD_START
218 1 1451371196 LICK
218 1 1451511504 LICK
218 1 1451670292 LICK
218 1 1451822300 LICK
218 1 1451986036 LICK
218 1 1452110516 LICK
218 1 1452208136 RESP_END
218 1 1451205936 REWARD_END
219 1 1454568760 STIM_START
219 1 1455238648 LICK
219 1 1455442052 LICK
219 1 1455568092 STIM_END_RESP_START
219 1 1456231692 LICK
219 1 1456232192 REWARD_START
219 1 1456601796 LICK
219 1 1456760096 LICK
219 1 1456768116 RESP_END
219 1 1456252724 REWARD_END
220 0 1460019160 STIM_START
220 0 1460745208 LICK
220 0 1460930420 LICK
220 0 1461018464 STIM_END_RESP_START
220 0 1461069080 LICK
220 0 1461069576 TIMEOUT_START
220 0 1461597652 LICK
220 0 1461598148 TIMEOUT_START
220 0 1461781644 LICK
220 0 1461782140 TIMEOUT_START
220 0 1462218496 RESP_END
220 0 1468782652 TIMEOUT_END
221 0 1471321672 STIM_START
221 0 1472191752 LICK
221 0 1472320980 STIM_END_RESP_START
221 0 1472879268 LICK
221 0 1472879772 TIMEOUT_START
221 0 1473275716 LICK
221 0 1473276220 TIMEOUT_START
221 0 1473454144 LICK
221 0 1473454644 TIMEOUT_START
221 0 1473521008 RESP_END
221 0 1480455164 TIMEOUT_END
222 1 1482908980 STIM_START
222 1 1483908312 STIM_END_RESP_START
222 1 1484436640 LICK
222 1 1484437140 REWARD_START
222 1 1484692120 LICK
222 1 1485108336 RESP_END
222 1 1484457672 REWARD_END
223 0 1488207468 STIM_START
223 0 1488207988 LICK
223 0 1489117372 LICK
223 0 1489206768 STIM_END_RESP_START
223 0 1489315452 LICK
223 0 1489315952 TIMEOUT_START
223 0 1489484736 LICK
223 0 1489485240 TIMEOUT_START
223 0 1490121636 LICK
223 0 1490122144 TIMEOUT_START
223 0 1490331020 LICK
223 0 1490331520 TIMEOUT_START
223 0 1490406808 RESP_END
223 0 1497332040 TIMEOUT_END
224 1 1499900732 STIM_START
224 1 1500900064 STIM_END_RESP_START
224 1 1502100092 RESP_END
225 0 1504567676 STIM_START
225 0 1504636160 LICK
225 0 1505567000 STIM_END_RESP_START
225 0 1506767032 RESP_END
226 0 1508898828 STIM_START
226 0 1509409432 LICK
226 0 1509648692 LICK
226 0 1509839660 LICK
226 0 1509898128 STIM_END_RESP_START
226 0 1510921452 LICK
226 0 1510921952 TIMEOUT_START
226 0 1511098172 RESP_END
226 0 1517922472 TIMEOUT_END
227 1 1520324252 STIM_START
227 1 1521086252 LICK
227 1 1521323552 STIM_END_RESP_START
227 1 1522097972 LICK
227 1 1522098476 REWARD_START
227 1 1522256204 LICK
227 1 1522414772 LICK
227 1 1522523596 RESP_END
227 1 1522119012 REWARD_END
228 1 1525760676 STIM_START
228 1 1526760000 STIM_END_RESP_START
228 1 1526822760 LICK
228 1 1526823268 REWARD_START
228 1 1527008452 LICK
228 1 1527184776 LICK
228 1 1527425876 LICK
228 1 1527605336 LICK
228 1 1527732144 LICK
228 1 1527918340 LICK
228 1 1527960040 RESP_END
228 1 1526843804 REWARD_END
229 1 1530962196 STIM_START
229 1 1531897380 LICK
229 1 1531961532 STIM_END_RESP_START
229 1 1532139716 LICK
229 1 1532140216 REWARD_START
229 1 1532710152 LICK
229 1 1532850692 LICK
229 1 1533033684 LICK
229 1 1533161568 RESP_END
229 1 1532160756 REWARD_END
230 0 1536076884 STIM_START
230 0 1537010728 LICK
230 0 1537076192 STIM_END_RESP_START
230 0 1537205904 LICK
230 0 1537206408 TIMEOUT_START
230 0 1537592524 LICK
230 0 1537593020 TIMEOUT_START
230 0 1537827388 LICK
230 0 1537827892 TIMEOUT_START
230 0 1538013272 LICK
230 0 1538013772 TIMEOUT_START
230 0 1538276212 RESP_END
230 0 1545014304 TIMEOUT_END
231 0 1547108544 STIM_START
231 0 1547663252 LICK
231 0 1548107860 STIM_END_RESP_START
231 0 1548530564 LICK
231 0 1548531068 TIMEOUT_START
231 0 1548761776 LICK
231 0 1548762280 TIMEOUT_START
231 0 1549307888 RESP_END
231 0 1555762792 TIMEOUT_END
232 0 1558380080 STIM_START
232 0 1559379412 STIM_END_RESP_START
232 0 1560107420 LICK
232 0 1560107916 TIMEOUT_START
232 0 1560462784 LICK
232 0 1560463280 TIMEOUT_START
232 0 1560579436 RESP_END
232 0 1567463804 TIMEOUT_END
233 1 1569691620 STIM_START
233 1 1570690952 STIM_END_RESP_START
233 1 1571052992 LICK
233 1 1571053492 REWARD_START
233 1 1571296584 LICK
233 1 1571837688 LICK
233 1 1571890996 RESP_END
233 1 1571074032 REWARD_END
234 0 1574772336 STIM_START
234 0 1575771668 STIM_END_RESP_START
234 0 1575853732 LICK
234 0 1575854236 TIMEOUT_START
234 0 1576029672 LICK
234 0 1576030172 TIMEOUT_START
234 0 1576380480 LICK
234 0 1576380980 TIMEOUT_START
234 0 1576563720 LICK
234 0 1576564220 TIMEOUT_START
234 0 1576750348 LICK
234 0 1576750848 TIMEOUT_START
234 0 1576956608 LICK
234 0 1576957116 TIMEOUT_START
234 0 1576971688 RESP_END
234 0 1583957640 TIMEOUT_END
235 1 1586194672 STIM_START
235 1 1586324836 LICK
235 1 1586544756 LICK
235 1 1586805832 LICK
235 1 1587035340 LICK
235 1 1587193984 STIM_END_RESP_START
235 1 1587399984 LICK
235 1 1587400484 REWARD_START
235 1 1587701396 LICK
235 1 1587826488 LICK
235 1 1588166264 LICK
235 1 1588331284 LICK
235 1 1588394024 RESP_END
235 1 1587421016 REWARD_END
236 1 1591646080 STIM_START
236 1 1592037384 LICK
236 1 1592275552 LICK
236 1 1592515184 LICK
236 1 1592645380 STIM_END_RESP_START
236 1 1592698184 LICK
236 1 1592698684 REWARD_START
236 1 1593098664 LICK
236 1 1593262776 LICK
236 1 1593386352 LICK
236 1 1593523108 LICK
236 1 1593679204 LICK
236 1 1593845428 RESP_END
236 1 1592719220 REWARD_END
237 0 1596796692 STIM_START
237 0 1597209300 LICK
237 0 1597796016 STIM_END_RESP_START
237 0 1598996048 RESP_END
238 0 1601303704 STIM_START
238 0 1602303032 STIM_END_RESP_START
238 0 1603503060 RESP_END
239 1 1606074552 STIM_START
239 1 1606620800 LICK
239 1 1606843748 LICK
239 1 1607065016 LICK
239 1 1607073880 STIM_END_RESP_START
239 1 1607454380 LICK
239 1 1607454884 REWARD_START
239 1 1607599672 LICK
239 1 1607764184 LICK
239 1 1607908872 LICK
239 1 1608026004 LICK
239 1 1608194020 LICK
239 1 1608273900 RESP_END
239 1 1607475404 REWARD_END
240 1 1611038264 STIM_START
240 1 1612037596 STIM_END_RESP_START
240 1 1612077632 LICK
240 1 1612078140 REWARD_START
240 1 1612406768 LICK
240 1 1612542520 LICK
240 1 1612667444 LICK
240 1 1612841608 LICK
240 1 1613142728 LICK
240 1 1613237632 RESP_END
240 1 1612098676 REWARD_END
241 0 1616166900 STIM_START
241 0 1616256860 LICK
241 0 1617144912 LICK
241 0 1617166220 STIM_END_RESP_START
241 0 1617346904 LICK
241 0 1617347400 TIMEOUT_START
241 0 1617737248 LICK
241 0 1617737752 TIMEOUT_START
241 0 1618366252 RESP_END
241 0 1624738272 TIMEOUT_END
242 0 1628384808 STIM_START
242 0 1629384140 STIM_END_RESP_START
242 0 1629823704 LICK
242 0 1629824208 TIMEOUT_START
242 0 1630458836 LICK
242 0 1630459344 TIMEOUT_START
242 0 1630584152 RESP_END
242 0 1637459860 TIMEOUT_END
243 1 1639898140 STIM_START
243 1 1640654908 LICK
243 1 1640847684 LICK
243 1 1640897464 STIM_END_RESP_START
243 1 1641386504 LICK
243 1 1641387004 REWARD_START
243 1 1641558764 LICK
243 1 1642024780 LICK
243 1 1642097508 RESP_END
243 1 1641407544 REWARD_END
244 1 1645609408 STIM_START
244 1 1646512880 LICK
244 1 1646608724 STIM_END_RESP_START
244 1 1646744416 LICK
244 1 1646744920 REWARD_START
244 1 1646962476 LICK
244 1 1647094128 LICK
244 1 1647248408 LICK
244 1 1647389572 LICK
244 1 1647538808 LICK
244 1 1647667152 LICK
244 1 1647808768 RESP_END
244 1 1646765456 REWARD_END
245 1 1650393240 STIM_START
245 1 1651059936 LICK
245 1 1651276948 LICK
245 1 1651392556 STIM_END_RESP_START
245 1 1651459352 LICK
245 1 1651459852 REWARD_START
245 1 1651604704 LICK
245 1 1651904824 LICK
245 1 1652026236 LICK
245 1 1652469276 LICK
245 1 1652592600 RESP_END
245 1 1651480388 REWARD_END
246 0 1656485212 STIM_START
246 0 1657385712 LICK
246 0 1657484536 STIM_END_RESP_START
246 0 1657594072 LICK
246 0 1657594572 TIMEOUT_START
246 0 1657803308 LICK
246 0 1657803812 TIMEOUT_START
246 0 1657965176 LICK
246 0 1657965680 TIMEOUT_START
246 0 1658184888 LICK
246 0 1658185384 TIMEOUT_START
246 0 1658374960 LICK
246 0 1658375464 TIMEOUT_START
246 0 1658580652 LICK
246 0 1658581156 TIMEOUT_START
246 0 1658684548 RESP_END
246 0 1665581676 TIMEOUT_END
247 0 1667889644 STIM_START
247 0 1668888976 STIM_END_RESP_START
247 0 1669562948 LICK
247 0 1669563452 TIMEOUT_START
247 0 1669977448 LICK
247 0 1669977944 TIMEOUT_START
247 0 1670089020 RESP_END
247 0 1676978464 TIMEOUT_END
248 0 1679363100 STIM_START
248 0 1680362420 STIM_END_RESP_START
248 0 1681183692 LICK
248 0 1681184192 TIMEOUT_START
248 0 1681562460 RESP_END
248 0 1688184704 TIMEOUT_END
249 1 1690677576 STIM_START
249 1 1691554516 LICK
249 1 1691676892 STIM_END_RESP_START
249 1 1691802996 LICK
249 1 1691803492 REWARD_START
249 1 1692018612 LICK
249 1 1692324056 LICK
249 1 1692474452 LICK
249 1 1692755992 LICK
249 1 1692876924 RESP_END
249 1 1691824028 REWARD_END
250 0 1702386832 STIM_START
250 0 1703386160 STIM_END_RESP_START
250 0 1704161720 LICK
250 0 1704162212 TIMEOUT_START
250 0 1704586204 RESP_END
250 0 1711162732 TIMEOUT_END
251 1 1713598408 STIM_START
251 1 1714321728 LICK
251 1 1714557104 LICK
251 1 1714597724 STIM_END_RESP_START
251 1 1714831232 LICK
251 1 1714831736 REWARD_START
251 1 1715017348 LICK
251 1 1715317920 LICK
251 1 1715596972 LICK
251 1 1715736400 LICK
251 1 1715797760 RESP_END
251 1 1714852272 REWARD_END
252 1 1718833928 STIM_START
252 1 1719693156 LICK
252 1 1719833236 STIM_END_RESP_START
252 1 1720357220 LICK
252 1 1720357712 REWARD_START
252 1 1720525644 LICK
252 1 1720799620 LICK
252 1 1720955312 LICK
252 1 1721033280 RESP_END
252 1 1720378248 REWARD_END
253 1 1723727764 STIM_START
253 1 1724573604 LICK
253 1 1724727064 STIM_END_RESP_START
253 1 1724971248 LICK
253 1 1724971744 REWARD_START
253 1 1725139184 LICK
253 1 1725306868 LICK
253 1 1725438424 LICK
253 1 1725741644 LICK
253 1 1725927088 RESP_END
253 1 1724992280 REWARD_END
254 0 1728806040 STIM_START
254 0 1729805372 STIM_END_RESP_START
254 0 1731005396 RESP_END
255 0 1733420312 STIM_START
255 0 1734419644 STIM_END_RESP_START
255 0 1735195876 LICK
255 0 1735196372 TIMEOUT_START
255 0 1735371104 LICK
255 0 1735371604 TIMEOUT_START
255 0 1735575004 LICK
255 0 1735575504 TIMEOUT_START
255 0 1735619688 RESP_END
255 0 1742576016 TIMEOUT_END
256 0 1745178540 STIM_START
256 0 1746064880 LICK
256 0 1746177852 STIM_END_RESP_START
256 0 1746285292 LICK
256 0 1746285796 TIMEOUT_START
256 0 1747377872 RESP_END
256 0 1753286308 TIMEOUT_END
257 1 1755452748 STIM_START
257 1 1756452080 STIM_END_RESP_START
257 1 1756986660 LICK
257 1 1756987156 REWARD_START
257 1 1757193584 LICK
257 1 1757652108 RESP_END
257 1 1757007692 REWARD_END
258 1 1760551380 STIM_START
258 1 1761550684 STIM_END_RESP_START
258 1 1761915316 LICK
258 1 1761915812 REWARD_START
258 1 1762055156 LICK
258 1 1762214068 LICK
258 1 1762346612 LICK
258 1 1762656824 LICK
258 1 1762750728 RESP_END
258 1 1761936348 REWARD_END
259 1 1765493092 STIM_START
259 1 1766454864 LICK
259 1 1766492396 STIM_END_RESP_START
259 1 1766823912 LICK
259 1 1766824420 REWARD_START
259 1 1766982588 LICK
259 1 1767281072 LICK
259 1 1767399220 LICK
259 1 1767561908 LICK
259 1 1767692428 RESP_END
259 1 1766844952 REWARD_END
260 0 1770458852 STIM_START
260 0 1771458152 STIM_END_RESP_START
260 0 1772444692 LICK
260 0 1772445188 TIMEOUT_START
260 0 1772656168 LICK
260 0 1772656672 TIMEOUT_START
260 0 1772658172 RESP_END
260 0 1779657180 TIMEOUT_END
261 0 1781831240 STIM_START
261 0 1782830548 STIM_END_RESP_START
261 0 1784030580 RESP_END
262 1 1786378288 STIM_START
262 1 1787377592 STIM_END_RESP_START
262 1 1788196704 LICK
262 1 1788197208 REWARD_START
262 1 1788577616 RESP_END
262 1 1788217744 REWARD_END
263 1 1791046244 STIM_START
263 1 1792010480 LICK
263 1 1792045552 STIM_END_RESP_START
263 1 1792248644 LICK
263 1 1792249148 REWARD_START
263 1 1792435932 LICK
263 1 1792650656 LICK
263 1 1793066268 LICK
263 1 1793245588 RESP_END
263 1 1792269684 REWARD_END
264 0 1796815348 STIM_START
264 0 1797814680 STIM_END_RESP_START
264 0 1797850296 LICK
264 0 1797850792 TIMEOUT_START
264 0 1798302368 LICK
264 0 1798302872 TIMEOUT_START
264 0 1798486392 LICK
264 0 1798486888 TIMEOUT_START
264 0 1798875352 LICK
264 0 1798875852 TIMEOUT_START
264 0 1799014720 RESP_END
264 0 1805876372 TIMEOUT_END
265 0 1808309716 STIM_START
265 0 1809309044 STIM_END_RESP_START
265 0 1810016860 LICK
265 0 1810017364 TIMEOUT_START
265 0 1810509076 RESP_END
265 0 1817017876 TIMEOUT_END
266 0 1819199572 STIM_START
266 0 1820198896 STIM_END_RESP_START
266 0 1821398928 RESP_END
267 1 1823788500 STIM_START
267 1 1824787800 STIM_END_RESP_START
267 1 1825457520 LICK
267 1 1825458020 REWARD_START
267 1 1825648024 LICK
267 1 1825987812 RESP_END
267 1 1825478556 REWARD_END
268 1 1830044404 STIM_START
268 1 1830976252 LICK
268 1 1831043736 STIM_END_RESP_START
268 1 1831223464 LICK
268 1 1831223964 REWARD_START
268 1 1831721348 LICK
268 1 1831991772 LICK
268 1 1832167080 LICK
268 1 1832243752 RESP_END
268 1 1831244500 REWARD_END
269 0 1834808236 STIM_START
269 0 1835055604 LICK
269 0 1835807556 STIM_END_RESP_START
269 0 1837007592 RESP_END
270 1 1839451184 STIM_START
270 1 1840450512 STIM_END_RESP_START
270 1 1840712980 LICK
270 1 1840713476 REWARD_START
270 1 1840961164 LICK
270 1 1841562964 LICK
270 1 1841650548 RESP_END
270 1 1840734012 REWARD_END
271 1 1845806028 STIM_START
271 1 1846805352 STIM_END_RESP_START
271 1 1847103248 LICK
271 1 1847103752 REWARD_START
271 1 1847309896 LICK
271 1 1847709564 LICK
271 1 1847845912 LICK
271 1 1848005396 RESP_END
271 1 1847124288 REWARD_END
272 1 1850756664 STIM_START
272 1 1851665044 LICK
272 1 1851755996 STIM_END_RESP_START
272 1 1852095860 LICK
272 1 1852096356 REWARD_START
272 1 1852293164 LICK
272 1 1852435636 LICK
272 1 1852704064 LICK
272 1 1852866896 LICK
272 1 1852956040 RESP_END
272 1 1852116892 REWARD_END
273 0 1856074160 STIM_START
273 0 1857073492 STIM_END_RESP_START
273 0 1858273520 RESP_END
274 0 1860748080 STIM_START
274 0 1861747412 STIM_END_RESP_START
274 0 1862250828 LICK
274 0 1862251328 TIMEOUT_START
274 0 1862606600 LICK
274 0 1862607104 TIMEOUT_START
274 0 1862947432 RESP_END
274 0 1869607628 TIMEOUT_END
275 1 1872141496 STIM_START
275 1 1873140824 STIM_END_RESP_START
275 1 1874340872 RESP_END
276 1 1877578920 STIM_START
276 1 1878578252 STIM_END_RESP_START
276 1 1878844056 LICK
276 1 1878844564 REWARD_START
276 1 1879010980 LICK
276 1 1879413324 LICK
276 1 1879618160 LICK
276 1 1879778272 RESP_END
276 1 1878865100 REWARD_END
277 0 1882092920 STIM_START
277 0 1883092252 STIM_END_RESP_START
277 0 1884292284 RESP_END
278 0 1886423120 STIM_START
278 0 1887422444 STIM_END_RESP_START
278 0 1888622476 RESP_END
279 0 1890844188 STIM_START
279 0 1891843516 STIM_END_RESP_START
279 0 1893043548 RESP_END
280 1 1895335188 STIM_START
280 1 1896334520 STIM_END_RESP_START
280 1 1897534556 RESP_END
281 0 1901594032 STIM_START
281 0 1902593360 STIM_END_RESP_START
281 0 1903793392 RESP_END
282 1 1906275936 STIM_START
282 1 1907275268 STIM_END_RESP_START
282 1 1907874056 LICK
282 1 1907874556 REWARD_START
282 1 1908264196 LICK
282 1 1908475296 RESP_END
282 1 1907895092 REWARD_END
283 1 1911680376 STIM_START
283 1 1912667604 LICK
283 1 1912679680 STIM_END_RESP_START
283 1 1913026000 LICK
283 1 1913026500 REWARD_START
283 1 1913161896 LICK
283 1 1913317516 LICK
283 1 1913768608 LICK
283 1 1913879724 RESP_END
283 1 1913047036 REWARD_END
284 1 1917223696 STIM_START
284 1 1918031752 LICK
284 1 1918223020 STIM_END_RESP_START
284 1 1918589480 LICK
284 1 1918589984 REWARD_START
284 1 1919061364 LICK
284 1 1919187240 LICK
284 1 1919423032 RESP_END
284 1 1918610524 REWARD_END
285 0 1922105504 STIM_START
285 0 1923104832 STIM_END_RESP_START
285 0 1924304860 RESP_END
286 1 1926714412 STIM_START
286 1 1927713716 STIM_END_RESP_START
286 1 1927980424 LICK
286 1 1927980924 REWARD_START
286 1 1928642312 LICK
286 1 1928814336 LICK
286 1 1928913744 RESP_END
286 1 1928001464 REWARD_END
287 1 1932125868 STIM_START
287 1 1933125176 STIM_END_RESP_START
287 1 1933446120 LICK
287 1 1933446624 REWARD_START
287 1 1933620692 LICK
287 1 1934057644 LICK
287 1 1934325212 RESP_END
287 1 1933467160 REWARD_END
288 1 1937170520 STIM_START
288 1 1938128856 LICK
288 1 1938169832 STIM_END_RESP_START
288 1 1938311944 LICK
288 1 1938312452 REWARD_START
288 1 1938503952 LICK
288 1 1938629712 LICK
288 1 1938778800 LICK
288 1 1939243680 LICK
288 1 1939369860 RESP_END
288 1 1938332988 REWARD_END
289 0 1942665892 STIM_START
289 0 1943110928 LICK
289 0 1943589272 LICK
289 0 1943665200 STIM_END_RESP_START
289 0 1943967140 LICK
289 0 1943967640 TIMEOUT_START
289 0 1944146568 LICK
289 0 1944147072 TIMEOUT_START
289 0 1944351044 LICK
289 0 1944351540 TIMEOUT_START
289 0 1944501360 LICK
289 0 1944501860 TIMEOUT_START
289 0 1944693948 LICK
289 0 1944694448 TIMEOUT_START
289 0 1944865236 RESP_END
289 0 1951694972 TIMEOUT_END
290 1 1953849484 STIM_START
290 1 1954848812 STIM_END_RESP_START
290 1 1955835300 LICK
290 1 1955835800 REWARD_START
290 1 1956024900 LICK
290 1 1956048852 RESP_END
290 1 1955856340 REWARD_END
291 1 1960489068 STIM_START
291 1 1960676524 LICK
291 1 1961422260 LICK
291 1 1961488392 STIM_END_RESP_START
291 1 1961805568 LICK
291 1 1961806072 REWARD_START
291 1 1962130016 LICK
291 1 1962426352 LICK
291 1 1962688420 RESP_END
291 1 1961826612 REWARD_END
292 1 1967354516 STIM_START
292 1 1968353844 STIM_END_RESP_START
292 1 1968567556 LICK
292 1 1968568052 REWARD_START
292 1 1968787596 LICK
292 1 1969320112 LICK
292 1 1969503376 LICK
292 1 1969553880 RESP_END
292 1 1968588588 REWARD_END
293 0 1972370236 STIM_START
293 0 1973369568 STIM_END_RESP_START
293 0 1974569584 RESP_END
294 1 1977243972 STIM_START
294 1 1978064208 LICK
294 1 1978243292 STIM_END_RESP_START
294 1 1978459476 LICK
294 1 1978459976 REWARD_START
294 1 1979047176 LICK
294 1 1979212304 LICK
294 1 1979345512 LICK
294 1 1979443304 RESP_END
294 1 1978480512 REWARD_END
295 1 1982609444 STIM_START
295 1 1983608776 STIM_END_RESP_START
295 1 1983743980 LICK
295 1 1983744492 REWARD_START
295 1 1983956720 LICK
295 1 1984349856 LICK
295 1 1984469076 LICK
295 1 1984645420 LICK
295 1 1984808796 RESP_END
295 1 1983765028 REWARD_END
296 1 1987868944 STIM_START
296 1 1988249312 LICK
296 1 1988457428 LICK
296 1 1988662404 LICK
296 1 1988865664 LICK
296 1 1988868256 STIM_END_RESP_START
296 1 1989037696 LICK
296 1 1989038200 REWARD_START
296 1 1989199388 LICK
296 1 1989510424 LICK
296 1 1989787980 LICK
296 1 1989944596 LICK
296 1 1990068288 RESP_END
296 1 1989058736 REWARD_END
297 0 1994758416 STIM_START
297 0 1995757748 STIM_END_RESP_START
297 0 1996957780 RESP_END
298 0 1999229420 STIM_START
298 0 2000228752 STIM_END_RESP_START
298 0 2001428784 RESP_END
299 1 2003960268 STIM_START
299 1 2004959600 STIM_END_RESP_START
299 1 2006159632 RESP_END
300 1 2009257784 STIM_START
300 1 2010257112 STIM_END_RESP_START
300 1 2010662660 LICK
300 1 2010663164 REWARD_START
300 1 2011420312 LICK
300 1 2011457136 RESP_END
300 1 2010683700 REWARD_END
301 0 2014863212 STIM_START
301 0 2015862548 STIM_END_RESP_START
301 0 2016603792 LICK
301 0 2016604296 TIMEOUT_START
301 0 2016794888 LICK
301 0 2016795388 TIMEOUT_START
301 0 2017037884 LICK
301 0 2017038388 TIMEOUT_START
301 0 2017062580 RESP_END
301 0 2024038908 TIMEOUT_END
302 0 2026563288 STIM_START
302 0 2027425692 LICK
302 0 2027562620 STIM_END_RESP_START
302 0 2028101768 LICK
302 0 2028102264 TIMEOUT_START
302 0 2028762668 RESP_END
302 0 2035102788 TIMEOUT_END
303 0 2037315184 STIM_START
303 0 2038314516 STIM_END_RESP_START
303 0 2038913044 LICK
303 0 2038913540 TIMEOUT_START
303 0 2039514552 RESP_END
303 0 2045914052 TIMEOUT_END
304 1 2048245936 STIM_START
304 1 2049200580 LICK
304 1 2049245240 STIM_END_RESP_START
304 1 2050343060 LICK
304 1 2050343560 REWARD_START
304 1 2050445264 RESP_END
304 1 2050364096 REWARD_END
305 1 2053879208 STIM_START
305 1 2054757244 LICK
305 1 2054878520 STIM_END_RESP_START
305 1 2055216632 LICK
305 1 2055217128 REWARD_START
305 1 2055398824 LICK
305 1 2055662880 LICK
305 1 2056078548 RESP_END
305 1 2055237668 REWARD_END
306 1 2058766984 STIM_START
306 1 2059766316 STIM_END_RESP_START
306 1 2060319584 LICK
306 1 2060320092 REWARD_START
306 1 2060494996 LICK
306 1 2060966332 RESP_END
306 1 2060340624 REWARD_END
307 0 2063957536 STIM_START
307 0 2064559800 LICK
307 0 2064787492 LICK
307 0 2064956852 STIM_END_RESP_START
307 0 2064986924 LICK
307 0 2064987428 TIMEOUT_START
307 0 2065171180 LICK
307 0 2065171684 TIMEOUT_START
307 0 2065564176 LICK
307 0 2065564680 TIMEOUT_START
307 0 2065775132 LICK
307 0 2065775636 TIMEOUT_START
307 0 2066156892 RESP_END
307 0 2072776152 TIMEOUT_END
308 1 2077070840 STIM_START
308 1 2077864368 LICK
308 1 2078070172 STIM_END_RESP_START
308 1 2078071056 LICK
308 1 2078071564 REWARD_START
308 1 2078716140 LICK
308 1 2079172264 LICK
308 1 2079270196 RESP_END
308 1 2078092104 REWARD_END
309 1 2082071536 STIM_START
309 1 2083070868 STIM_END_RESP_START
309 1 2083590600 LICK
309 1 2083591100 REWARD_START
309 1 2084030880 LICK
309 1 2084270908 RESP_END
309 1 2083611640 REWARD_END
310 1 2086891340 STIM_START
310 1 2087833700 LICK
310 1 2087890660 STIM_END_RESP_START
310 1 2089090680 RESP_END
311 0 2092094920 STIM_START
311 0 2093094252 STIM_END_RESP_START
311 0 2094294284 RESP_END
312 1 2096619908 STIM_START
312 1 2097619240 STIM_END_RESP_START
312 1 2098424368 LICK
312 1 2098424872 REWARD_START
312 1 2098511756 LICK
312 1 2098676708 LICK
312 1 2098819276 RESP_END
312 1 2098445408 REWARD_END
313 1 2101926396 STIM_START
313 1 2102462808 LICK
313 1 2102660156 LICK
313 1 2102925724 STIM_END_RESP_START
313 1 2103433092 LICK
313 1 2103433596 REWARD_START
313 1 2103568132 LICK
313 1 2103750180 LICK
313 1 2104003884 LICK
313 1 2104125740 RESP_END
313 1 2103454132 REWARD_END
314 1 2107070004 STIM_START
314 1 2107918256 LICK
314 1 2108069336 STIM_END_RESP_START
314 1 2108455524 LICK
314 1 2108456028 REWARD_START
314 1 2108795772 LICK
314 1 2108929308 LICK
314 1 2109076904 LICK
314 1 2109269384 RESP_END
314 1 2108476548 REWARD_END
315 0 2112090700 STIM_START
315 0 2112944684 LICK
315 0 2113090028 STIM_END_RESP_START
315 0 2113550888 LICK
315 0 2113551392 TIMEOUT_START
315 0 2113895364 LICK
315 0 2113895868 TIMEOUT_START
315 0 2114069792 LICK
315 0 2114070288 TIMEOUT_START
315 0 2114290048 RESP_END
315 0 2121070808 TIMEOUT_END
316 0 2123319248 STIM_START
316 0 2124318552 STIM_END_RESP_START
316 0 2124479124 LICK
316 0 2124479632 TIMEOUT_START
316 0 2125518592 RESP_END
316 0 2131480144 TIMEOUT_END
317 1 2133848300 STIM_START
317 1 2134847632 STIM_END_RESP_START
317 1 2135256292 LICK
317 1 2135256792 REWARD_START
317 1 2135433980 LICK
317 1 2135837216 LICK
317 1 2136047680 RESP_END
317 1 2135277328 REWARD_END
318 0 2139076844 STIM_START
318 0 2140076172 STIM_END_RESP_START
318 0 2141276204 RESP_END
319 0 2143674796 STIM_START
319 0 2144674128 STIM_END_RESP_START
319 0 2145874156 RESP_END
320 0 2148029908 STIM_START
320 0 2149029236 STIM_END_RESP_START
320 0 2150229268 RESP_END
321 1 2152763740 STIM_START
321 1 2153763072 STIM_END_RESP_START
321 1 2154879684 LICK
321 1 2154880188 REWARD_START
321 1 2154963116 RESP_END
321 1 2154900724 REWARD_END
322 1 2158768764 STIM_START
322 1 2159768084 STIM_END_RESP_START
322 1 2160458800 LICK
322 1 2160459300 REWARD_START
322 1 2160624292 LICK
322 1 2160788604 LICK
322 1 2160891424 LICK
322 1 2160968104 RESP_END
322 1 2160479836 REWARD_END
323 1 2164292132 STIM_START
323 1 2165154076 LICK
323 1 2165291436 STIM_END_RESP_START
323 1 2165335624 LICK
323 1 2165336128 REWARD_START
323 1 2165732296 LICK
323 1 2166148080 LICK
323 1 2166293616 LICK
323 1 2166472228 LICK
323 1 2166491468 RESP_END
323 1 2165356648 REWARD_END
324 0 2169267816 STIM_START
324 0 2170267116 STIM_END_RESP_START
324 0 2170798856 LICK
324 0 2170799364 TIMEOUT_START
324 0 2170966928 LICK
324 0 2170967432 TIMEOUT_START
324 0 2171152868 LICK
324 0 2171153364 TIMEOUT_START
324 0 2171327920 LICK
324 0 2171328420 TIMEOUT_START
324 0 2171467152 RESP_END
324 0 2178328940 TIMEOUT_END
325 0 2180971064 STIM_START
325 0 2181970380 STIM_END_RESP_START
325 0 2182007192 LICK
325 0 2182007692 TIMEOUT_START
325 0 2182095096 LICK
325 0 2182095592 TIMEOUT_START
325 0 2182255916 LICK
325 0 2182256416 TIMEOUT_START
325 0 2183170392 RESP_END
325 0 2189256940 TIMEOUT_END
326 0 2191699948 STIM_START
326 0 2192699276 STIM_END_RESP_START
326 0 2192839800 LICK
326 0 2192840296 TIMEOUT_START
326 0 2193288496 LICK
326 0 2193288992 TIMEOUT_START
326 0 2193505856 LICK
326 0 2193506360 TIMEOUT_START
326 0 2193899304 RESP_END
326 0 2200506880 TIMEOUT_END
327 1 2202895532 STIM_START
327 1 2203592364 LICK
327 1 2203806916 LICK
327 1 2203894844 STIM_END_RESP_START
327 1 2204331856 LICK
327 1 2204332360 REWARD_START
327 1 2204555192 LICK
327 1 2204833760 LICK
327 1 2204976384 LICK
327 1 2205094860 RESP_END
327 1 2204352896 REWARD_END
328 0 2207709340 STIM_START
328 0 2208708668 STIM_END_RESP_START
328 0 2209091360 LICK
328 0 2209091864 TIMEOUT_START
328 0 2209640524 LICK
328 0 2209641020 TIMEOUT_START
328 0 2209835556 LICK
328 0 2209836060 TIMEOUT_START
328 0 2209908700 RESP_END
328 0 2216836576 TIMEOUT_END
329 0 2219157792 STIM_START
329 0 2220157124 STIM_END_RESP_START
329 0 2221005692 LICK
329 0 2221006196 TIMEOUT_START
329 0 2221236900 LICK
329 0 2221237404 TIMEOUT_START
329 0 2221357148 RESP_END
329 0 2228237920 TIMEOUT_END
330 1 2230408336 STIM_START
330 1 2231407664 STIM_END_RESP_START
330 1 2232607692 RESP_END
331 1 2235171176 STIM_START
331 1 2236170508 STIM_END_RESP_START
331 1 2237370528 RESP_END
332 1 2240272764 STIM_START
332 1 2241272092 STIM_END_RESP_START
332 1 2242068268 LICK
332 1 2242068772 REWARD_START
332 1 2242472116 RESP_END
332 1 2242089308 REWARD_END
333 0 2245542292 STIM_START
333 0 2246541620 STIM_END_RESP_START
333 0 2246827776 LICK
333 0 2246828280 TIMEOUT_START
333 0 2247375228 LICK
333 0 2247375728 TIMEOUT_START
333 0 2247547416 LICK
333 0 2247547920 TIMEOUT_START
333 0 2247719628 LICK
333 0 2247720136 TIMEOUT_START
333 0 2247741668 RESP_END
333 0 2254720648 TIMEOUT_END
334 0 2256895760 STIM_START
334 0 2257895072 STIM_END_RESP_START
334 0 2259095104 RESP_END
335 0 2261252900 STIM_START
335 0 2262252232 STIM_END_RESP_START
335 0 2262752668 LICK
335 0 2262753168 TIMEOUT_START
335 0 2262988564 LICK
335 0 2262989072 TIMEOUT_START
335 0 2263452272 RESP_END
335 0 2269989584 TIMEOUT_END
336 1 2272101688 STIM_START
336 1 2273101020 STIM_END_RESP_START
336 1 2273196456 LICK
336 1 2273196956 REWARD_START
336 1 2273441580 LICK
336 1 2274033940 LICK
336 1 2274199396 LICK
336 1 2274301044 RESP_END
336 1 2273217496 REWARD_END
337 1 2276778628 STIM_START
337 1 2277777956 STIM_END_RESP_START
337 1 2278920892 LICK
337 1 2278921396 REWARD_START
337 1 2278978000 RESP_END
337 1 2278941936 REWARD_END
338 1 2282362932 STIM_START
338 1 2283226816 LICK
338 1 2283362256 STIM_END_RESP_START
338 1 2283605464 LICK
338 1 2283605964 REWARD_START
338 1 2283968836 LICK
338 1 2284291452 LICK
338 1 2284409896 LICK
338 1 2284562276 RESP_END
338 1 2283626508 REWARD_END
339 0 2287655396 STIM_START
339 0 2288654704 STIM_END_RESP_START
339 0 2289854736 RESP_END
340 0 2291987504 STIM_START
340 0 2292986832 STIM_END_RESP_START
340 0 2293858008 LICK
340 0 2293858508 TIMEOUT_START
340 0 2294186864 RESP_END
340 0 2300859020 TIMEOUT_END
341 0 2303036184 STIM_START
341 0 2304035492 STIM_END_RESP_START
341 0 2304660788 LICK
341 0 2304661288 TIMEOUT_START
341 0 2305235512 RESP_END
341 0 2311661804 TIMEOUT_END
342 1 2314117872 STIM_START
342 1 2315117204 STIM_END_RESP_START
342 1 2315914268 LICK
342 1 2315914768 REWARD_START
342 1 2316317232 RESP_END
342 1 2315935304 REWARD_END
343 0 2319775140 STIM_START
343 0 2320774448 STIM_END_RESP_START
343 0 2321974476 RESP_END
344 1 2324130244 STIM_START
344 1 2325129572 STIM_END_RESP_START
344 1 2325363112 LICK
344 1 2325363612 REWARD_START
344 1 2326009384 LICK
344 1 2326128260 LICK
344 1 2326329596 RESP_END
344 1 2325384148 REWARD_END
345 1 2329172904 STIM_START
345 1 2330172232 STIM_END_RESP_START
345 1 2331033044 LICK
345 1 2331033544 REWARD_START
345 1 2331200644 LICK
345 1 2331333752 LICK
345 1 2331372252 RESP_END
345 1 2331054092 REWARD_END
346 0 2335517692 STIM_START
346 0 2336516992 STIM_END_RESP_START
346 0 2336718120 LICK
346 0 2336718620 TIMEOUT_START
346 0 2336906368 LICK
346 0 2336906864 TIMEOUT_START
346 0 2337096312 LICK
346 0 2337096816 TIMEOUT_START
346 0 2337287904 LICK
346 0 2337288408 TIMEOUT_START
346 0 2337717036 RESP_END
346 0 2344288928 TIMEOUT_END
347 0 2346862204 STIM_START
347 0 2347861536 STIM_END_RESP_START
347 0 2349061568 RESP_END
348 0 2351238280 STIM_START
348 0 2352237612 STIM_END_RESP_START
348 0 2353437640 RESP_END
349 1 2355706304 STIM_START
349 1 2356705636 STIM_END_RESP_START
349 1 2356807284 LICK
349 1 2356807788 REWARD_START
349 1 2356960868 LICK
349 1 2357274644 LICK
349 1 2357410768 LICK
349 1 2357581296 LICK
349 1 2357730772 LICK
349 1 2357889656 LICK
349 1 2357905672 RESP_END
349 1 2356828324 REWARD_END
350 1 2360089428 STIM_START
350 1 2361060072 LICK
350 1 2361088740 STIM_END_RESP_START
350 1 2361245692 LICK
350 1 2361246196 REWARD_START
350 1 2361676468 LICK
350 1 2362288780 RESP_END
350 1 2361266736 REWARD_END
351 0 2364506472 STIM_START
351 0 2365505804 STIM_END_RESP_START
351 0 2366007564 LICK
351 0 2366008064 TIMEOUT_START
351 0 2366227728 LICK
351 0 2366228228 TIMEOUT_START
351 0 2366432268 LICK
351 0 2366432768 TIMEOUT_START
351 0 2366600092 LICK
351 0 2366600596 TIMEOUT_START
351 0 2366705820 RESP_END
351 0 2373601108 TIMEOUT_END
352 0 2376080844 STIM_START
352 0 2377080172 STIM_END_RESP_START
352 0 2377329136 LICK
352 0 2377329632 TIMEOUT_START
352 0 2377755980 LICK
352 0 2377756476 TIMEOUT_START
352 0 2378170712 LICK
352 0 2378171208 TIMEOUT_START
352 0 2378280220 RESP_END
352 0 2385171728 TIMEOUT_END
353 0 2387429316 STIM_START
353 0 2388167904 LICK
353 0 2388428652 STIM_END_RESP_START
353 0 2389032176 LICK
353 0 2389032676 TIMEOUT_START
353 0 2389259652 LICK
353 0 2389260152 TIMEOUT_START
353 0 2389628688 RESP_END
353 0 2396260684 TIMEOUT_END
354 1 2398736788 STIM_START
354 1 2399736104 STIM_END_RESP_START
354 1 2400477776 LICK
354 1 2400478280 REWARD_START
354 1 2400936128 RESP_END
354 1 2400498816 REWARD_END
355 0 2403570604 STIM_START
355 0 2404569936 STIM_END_RESP_START
355 0 2405769980 RESP_END
356 0 2408653224 STIM_START
356 0 2409652528 STIM_END_RESP_START
356 0 2410852560 RESP_END
357 1 2413250204 STIM_START
357 1 2414249536 STIM_END_RESP_START
357 1 2415447988 LICK
357 1 2415448492 REWARD_START
357 1 2415469064 RESP_END
357 1 2415469032 REWARD_END
358 0 2418848476 STIM_START
358 0 2419847808 STIM_END_RESP_START
358 0 2421047840 RESP_END
359 0 2423514400 STIM_START
359 0 2424513732 STIM_END_RESP_START
359 0 2424935992 LICK
359 0 2424936496 TIMEOUT_START
359 0 2425334900 LICK
359 0 2425335396 TIMEOUT_START
359 0 2425713768 RESP_END
359 0 2432335928 TIMEOUT_END
360 0 2434869872 STIM_START
360 0 2435485852 LICK
360 0 2435693968 LICK
360 0 2435869180 STIM_END_RESP_START
360 0 2437069212 RESP_END
361 1 2440729012 STIM_START
361 1 2441253228 LICK
361 1 2441430424 LICK
361 1 2441728332 STIM_END_RESP_START
361 1 2442928364 RESP_END
362 1 2445015160 STIM_START
362 1 2446014492 STIM_END_RESP_START
362 1 2447214516 RESP_END
363 1 2449495188 STIM_START
363 1 2450494520 STIM_END_RESP_START
363 1 2450729380 LICK
363 1 2450729880 REWARD_START
363 1 2450945568 LICK
363 1 2451694552 RESP_END
363 1 2450750420 REWARD_END
364 0 2455029528 STIM_START
364 0 2456028860 STIM_END_RESP_START
364 0 2457228892 RESP_END
365 0 2459432568 STIM_START
365 0 2460325672 LICK
365 0 2460431884 STIM_END_RESP_START
365 0 2460551672 LICK
365 0 2460552168 TIMEOUT_START
365 0 2461010068 LICK
365 0 2461010564 TIMEOUT_START
365 0 2461189720 LICK
365 0 2461190228 TIMEOUT_START
365 0 2461402804 LICK
365 0 2461403312 TIMEOUT_START
365 0 2461553840 LICK
365 0 2461554340 TIMEOUT_START
365 0 2461631900 RESP_END
365 0 2468554868 TIMEOUT_END
366 1 2470809068 STIM_START
366 1 2471808396 STIM_END_RESP_START
366 1 2472246836 LICK
366 1 2472247340 REWARD_START
366 1 2472391284 LICK
366 1 2473008428 RESP_END
366 1 2472267864 REWARD_END
367 0 2476479296 STIM_START
367 0 2477478628 STIM_END_RESP_START
367 0 2478678660 RESP_END
368 1 2481231164 STIM_START
368 1 2482230496 STIM_END_RESP_START
368 1 2483430516 RESP_END
369 1 2486817472 STIM_START
369 1 2487816788 STIM_END_RESP_START
369 1 2487864452 LICK
369 1 2487864952 REWARD_START
369 1 2488384148 LICK
369 1 2488527200 LICK
369 1 2488697776 LICK
369 1 2488843368 LICK
369 1 2489016828 RESP_END
369 1 2487885492 REWARD_END
370 0 2491172556 STIM_START
370 0 2492171860 STIM_END_RESP_START
370 0 2493371892 RESP_END
371 1 2495896412 STIM_START
371 1 2496895744 STIM_END_RESP_START
371 1 2496985196 LICK
371 1 2496985692 REWARD_START
371 1 2497248108 LICK
371 1 2497564128 LICK
371 1 2497994220 LICK
371 1 2498095792 RESP_END
371 1 2497006228 REWARD_END
372 0 2500633348 STIM_START
372 0 2501597532 LICK
372 0 2501632656 STIM_END_RESP_START
372 0 2501829076 LICK
372 0 2501829576 TIMEOUT_START
372 0 2502437068 LICK
372 0 2502437564 TIMEOUT_START
372 0 2502795488 LICK
372 0 2502795988 TIMEOUT_START
372 0 2502832700 RESP_END
372 0 2509796512 TIMEOUT_END
373 0 2512133668 STIM_START
373 0 2513133004 STIM_END_RESP_START
373 0 2514333036 RESP_END
374 0 2516734644 STIM_START
374 0 2517733976 STIM_END_RESP_START
374 0 2518934008 RESP_END
375 1 2521379532 STIM_START
375 1 2522378864 STIM_END_RESP_START
375 1 2522535800 LICK
375 1 2522536308 REWARD_START
375 1 2522715660 LICK
375 1 2523166792 LICK
375 1 2523304556 LICK
375 1 2523578884 RESP_END
375 1 2522556844 REWARD_END
376 1 2525835600 STIM_START
376 1 2526834920 STIM_END_RESP_START
376 1 2527240940 LICK
376 1 2527241444 REWARD_START
376 1 2527898352 LICK
376 1 2528034948 RESP_END
376 1 2527261980 REWARD_END
377 1 2530838272 STIM_START
377 1 2531837584 STIM_END_RESP_START
377 1 2532090352 LICK
377 1 2532090852 REWARD_START
377 1 2532437672 LICK
377 1 2532555900 LICK
377 1 2532714540 LICK
377 1 2532874560 LICK
377 1 2533037624 RESP_END
377 1 2532111396 REWARD_END
378 0 2535788008 STIM_START
378 0 2536787312 STIM_END_RESP_START
378 0 2537217700 LICK
378 0 2537218204 TIMEOUT_START
378 0 2537397856 LICK
378 0 2537398360 TIMEOUT_START
378 0 2537588588 LICK
378 0 2537589092 TIMEOUT_START
378 0 2537775056 LICK
378 0 2537775564 TIMEOUT_START
378 0 2537922472 LICK
378 0 2537922976 TIMEOUT_START
378 0 2537987344 RESP_END
378 0 2544923496 TIMEOUT_END
379 1 2547472240 STIM_START
379 1 2548376696 LICK
379 1 2548471556 STIM_END_RESP_START
379 1 2549477164 LICK
379 1 2549477672 REWARD_START
379 1 2549671572 RESP_END
379 1 2549498208 REWARD_END
380 0 2554003004 STIM_START
380 0 2555002336 STIM_END_RESP_START
380 0 2556202372 RESP_END
381 0 2558701764 STIM_START
381 0 2559701096 STIM_END_RESP_START
381 0 2560901128 RESP_END
382 1 2563447752 STIM_START
382 1 2564447080 STIM_END_RESP_START
382 1 2565056872 LICK
382 1 2565057372 REWARD_START
382 1 2565447980 LICK
382 1 2565647116 RESP_END
382 1 2565077908 REWARD_END
383 1 2568838108 STIM_START
383 1 2569837412 STIM_END_RESP_START
383 1 2570055956 LICK
383 1 2570056452 REWARD_START
383 1 2570434992 LICK
383 1 2571010136 LICK
383 1 2571037448 RESP_END
383 1 2570076988 REWARD_END
384 0 2573765800 STIM_START
384 0 2574597872 LICK
384 0 2574765116 STIM_END_RESP_START
384 0 2574965884 LICK
384 0 2574966384 TIMEOUT_START
384 0 2575195988 LICK
384 0 2575196492 TIMEOUT_START
384 0 2575369284 LICK
384 0 2575369780 TIMEOUT_START
384 0 2575548464 LICK
384 0 2575548960 TIMEOUT_START
384 0 2575965136 RESP_END
384 0 2582549480 TIMEOUT_END
385 1 2584811492 STIM_START
385 1 2585810824 STIM_END_RESP_START
385 1 2587010840 RESP_END
386 0 2589774204 STIM_START
386 0 2590773532 STIM_END_RESP_START
386 0 2590800328 LICK
386 0 2590800824 TIMEOUT_START
386 0 2591064360 LICK
386 0 2591064856 TIMEOUT_START
386 0 2591263492 LICK
386 0 2591263996 TIMEOUT_START
386 0 2591436296 LICK
386 0 2591436796 TIMEOUT_START
386 0 2591973548 RESP_END
386 0 2598437328 TIMEOUT_END
387 0 2600704948 STIM_START
387 0 2601633436 LICK
387 0 2601704280 STIM_END_RESP_START
387 0 2601819228 LICK
387 0 2601819724 TIMEOUT_START
387 0 2602266716 LICK
387 0 2602267212 TIMEOUT_START
387 0 2602716680 LICK
387 0 2602717180 TIMEOUT_START
387 0 2602904304 RESP_END
387 0 2609717700 TIMEOUT_END
388 1 2612075428 STIM_START
388 1 2613074736 STIM_END_RESP_START
388 1 2613193612 LICK
388 1 2613194120 REWARD_START
388 1 2613439316 LICK
388 1 2613712812 LICK
388 1 2613879404 LICK
388 1 2614037692 LICK
388 1 2614249236 LICK
388 1 2614274768 RESP_END
388 1 2613214656 REWARD_END
389 0 2616380604 STIM_START
389 0 2616937908 LICK
389 0 2617132284 LICK
389 0 2617379932 STIM_END_RESP_START
389 0 2618579956 RESP_END
390 1 2620930560 STIM_START
390 1 2621929888 STIM_END_RESP_START
390 1 2622990520 LICK
390 1 2622991016 REWARD_START
390 1 2623129936 RESP_END
390 1 2623011552 REWARD_END
391 1 2626303000 STIM_START
391 1 2627302324 STIM_END_RESP_START
391 1 2627442812 LICK
391 1 2627443312 REWARD_START
391 1 2627610648 LICK
391 1 2627906668 LICK
391 1 2628502348 RESP_END
391 1 2627463844 REWARD_END
392 1 2630689092 STIM_START
392 1 2631688420 STIM_END_RESP_START
392 1 2632370320 LICK
392 1 2632370820 REWARD_START
392 1 2632771328 LICK
392 1 2632888464 RESP_END
392 1 2632391352 REWARD_END
393 0 2636174448 STIM_START
393 0 2637173776 STIM_END_RESP_START
393 0 2637281412 LICK
393 0 2637281908 TIMEOUT_START
393 0 2637635204 LICK
393 0 2637635708 TIMEOUT_START
393 0 2637828304 LICK
393 0 2637828800 TIMEOUT_START
393 0 2638373792 RESP_END
393 0 2644829312 TIMEOUT_END
394 1 2647206144 STIM_START
394 1 2648205472 STIM_END_RESP_START
394 1 2649405504 RESP_END
395 0 2652480624 STIM_START
395 0 2653462512 LICK
395 0 2653479952 STIM_END_RESP_START
395 0 2654247948 LICK
395 0 2654248444 TIMEOUT_START
395 0 2654441028 LICK
395 0 2654441532 TIMEOUT_START
395 0 2654626760 LICK
395 0 2654627264 TIMEOUT_START
395 0 2654679956 RESP_END
395 0 2661627784 TIMEOUT_END
396 0 2664011040 STIM_START
396 0 2664828988 LICK
396 0 2665010348 STIM_END_RESP_START
396 0 2666210380 RESP_END
397 0 2668695912 STIM_START
397 0 2669695240 STIM_END_RESP_START
397 0 2670895272 RESP_END
398 1 2672992068 STIM_START
398 1 2673536240 LICK
398 1 2673734568 LICK
398 1 2673991392 STIM_END_RESP_START
398 1 2674479256 LICK
398 1 2674479756 REWARD_START
398 1 2675129904 LICK
398 1 2675191420 RESP_END
398 1 2674500296 REWARD_END
399 1 2677823860 STIM_START
399 1 2678769236 LICK
399 1 2678823172 STIM_END_RESP_START
399 1 2678977188 LICK
399 1 2678977692 REWARD_START
399 1 2679378168 LICK
399 1 2679822320 LICK
399 1 2680023192 RESP_END
399 1 2678998228 REWARD_END
400 0 2682622672 STIM_START
400 0 2683621972 STIM_END_RESP_START
400 0 2684822004 RESP_END
401 1 2686989760 STIM_START
401 1 2687989088 STIM_END_RESP_START
401 1 2688166132 LICK
401 1 2688166628 REWARD_START
401 1 2688331184 LICK
401 1 2688782880 LICK
401 1 2688918452 LICK
401 1 2689085956 LICK
401 1 2689189124 RESP_END
401 1 2688187160 REWARD_END
402 0 2691777596 STIM_START
402 0 2692776920 STIM_END_RESP_START
402 0 2693976952 RESP_END
403 0 2696373644 STIM_START
403 0 2697372972 STIM_END_RESP_START
403 0 2698573004 RESP_END
404 1 2700920620 STIM_START
404 1 2701919948 STIM_END_RESP_START
404 1 2702663292 LICK
404 1 2702663796 REWARD_START
404 1 2702866116 LICK
404 1 2703119972 RESP_END
404 1 2702684320 REWARD_END
405 0 2706212076 STIM_START
405 0 2707211380 STIM_END_RESP_START
405 0 2708411408 RESP_END
406 1 2710736028 STIM_START
406 1 2711735356 STIM_END_RESP_START
406 1 2712935384 RESP_END
407 0 2716194396 STIM_START
407 0 2717193724 STIM_END_RESP_START
407 0 2718393756 RESP_END
408 1 2720559508 STIM_START
408 1 2721355428 LICK
408 1 2721558824 STIM_END_RESP_START
408 1 2721976028 LICK
408 1 2721976532 REWARD_START
408 1 2722181312 LICK
408 1 2722300916 LICK
408 1 2722468140 LICK
408 1 2722611192 LICK
408 1 2722758872 RESP_END
408 1 2721997068 REWARD_END
409 0 2725375332 STIM_START
409 0 2726374640 STIM_END_RESP_START
409 0 2726521864 LICK
409 0 2726522360 TIMEOUT_START
409 0 2726850552 LICK
409 0 2726851056 TIMEOUT_START
409 0 2727574668 RESP_END
409 0 2733851572 TIMEOUT_END
410 1 2736434996 STIM_START
410 1 2737434324 STIM_END_RESP_START
410 1 2738634356 RESP_END
411 1 2740874088 STIM_START
411 1 2741210164 LICK
411 1 2741431892 LICK
411 1 2741617024 LICK
411 1 2741844892 LICK
411 1 2741873408 STIM_END_RESP_START
411 1 2742290376 LICK
411 1 2742290880 REWARD_START
411 1 2742464264 LICK
411 1 2742633364 LICK
411 1 2742787220 LICK
411 1 2742962216 LICK
411 1 2743073424 RESP_END
411 1 2742311400 REWARD_END
412 0 2745626304 STIM_START
412 0 2746625636 STIM_END_RESP_START
412 0 2747825664 RESP_END
413 0 2750157900 STIM_START
413 0 2751157224 STIM_END_RESP_START
413 0 2752357256 RESP_END
414 1 2754791836 STIM_START
414 1 2755791164 STIM_END_RESP_START
414 1 2756113384 LICK
414 1 2756113888 REWARD_START
414 1 2756301068 LICK
414 1 2756473924 LICK
414 1 2756930132 LICK
414 1 2756991184 RESP_END
414 1 2756134424 REWARD_END
415 1 2759259924 STIM_START
415 1 2760259252 STIM_END_RESP_START
415 1 2760532424 LICK
415 1 2760532924 REWARD_START
415 1 2760715524 LICK
415 1 2760865932 LICK
415 1 2761019912 LICK
415 1 2761162184 LICK
415 1 2761287560 LICK
415 1 2761457556 LICK
415 1 2761459288 RESP_END
415 1 2760553460 REWARD_END
416 0 2764224620 STIM_START
416 0 2765223924 STIM_END_RESP_START
416 0 2766423952 RESP_END
417 0 2768747592 STIM_START
417 0 2769746916 STIM_END_RESP_START
417 0 2770946928 RESP_END
418 1 2773264620 STIM_START
418 1 2774263948 STIM_END_RESP_START
418 1 2774868016 LICK
418 1 2774868512 REWARD_START
418 1 2775058144 LICK
418 1 2775463984 RESP_END
418 1 2774889052 REWARD_END
419 0 2778049440 STIM_START
419 0 2779048744 STIM_END_RESP_START
419 0 2780248776 RESP_END
420 1 2782593432 STIM_START
420 1 2783474464 LICK
420 1 2783592748 STIM_END_RESP_START
420 1 2784073416 LICK
420 1 2784073920 REWARD_START
420 1 2784284356 LICK
420 1 2784554392 LICK
420 1 2784720408 LICK
420 1 2784792788 RESP_END
420 1 2784094456 REWARD_END
421 0 2787690032 STIM_START
421 0 2788689364 STIM_END_RESP_START
421 0 2789889396 RESP_END
422 0 2792316024 STIM_START
422 0 2793315352 STIM_END_RESP_START
422 0 2794515380 RESP_END
423 0 2796807004 STIM_START
423 0 2797806336 STIM_END_RESP_START
423 0 2798413280 LICK
423 0 2798413776 TIMEOUT_START
423 0 2798806348 LICK
423 0 2798806844 TIMEOUT_START
423 0 2799006368 RESP_END
423 0 2805807376 TIMEOUT_END
424 1 2808155492 STIM_START
424 1 2809154800 STIM_END_RESP_START
424 1 2810316264 LICK
424 1 2810316764 REWARD_START
424 1 2810354816 RESP_END
424 1 2810337308 REWARD_END
425 0 2814390336 STIM_START
425 0 2815389664 STIM_END_RESP_START
425 0 2816589700 RESP_END
426 1 2818692568 STIM_START
426 1 2819691896 STIM_END_RESP_START
426 1 2820891928 RESP_END
427 0 2823308568 STIM_START
427 0 2824307896 STIM_END_RESP_START
427 0 2825507928 RESP_END
428 0 2827760480 STIM_START
428 0 2828649056 LICK
428 0 2828730880 LICK
428 0 2828759816 STIM_END_RESP_START
428 0 2828917496 LICK
428 0 2828918000 TIMEOUT_START
428 0 2829103956 LICK
428 0 2829104460 TIMEOUT_START
428 0 2829959848 RESP_END
428 0 2836104984 TIMEOUT_END
429 1 2838486364 STIM_START
429 1 2839485692 STIM_END_RESP_START
429 1 2839551472 LICK
429 1 2839551972 REWARD_START
429 1 2839800740 LICK
429 1 2840256756 LICK
429 1 2840414796 LICK
429 1 2840685724 RESP_END
429 1 2839572516 REWARD_END
430 1 2843136304 STIM_START
430 1 2843788012 LICK
430 1 2843963172 LICK
430 1 2844135608 STIM_END_RESP_START
430 1 2844582628 LICK
430 1 2844583132 REWARD_START
430 1 2844748432 LICK
430 1 2845335644 RESP_END
430 1 2844603668 REWARD_END
431 0 2847577376 STIM_START
431 0 2848576672 STIM_END_RESP_START
431 0 2849776704 RESP_END
432 1 2851895624 STIM_START
432 1 2852894952 STIM_END_RESP_START
432 1 2853231448 LICK
432 1 2853231956 REWARD_START
432 1 2853519792 LICK
432 1 2853677276 LICK
432 1 2853845392 LICK
432 1 2853993932 LICK
432 1 2854094976 RESP_END
432 1 2853252492 REWARD_END
433 0 2856376508 STIM_START
433 0 2857375840 STIM_END_RESP_START
433 0 2858575864 RESP_END
434 0 2860863552 STIM_START
434 0 2860953704 LICK
434 0 2861862864 STIM_END_RESP_START
434 0 2861867768 LICK
434 0 2861868280 TIMEOUT_START
434 0 2862073652 LICK
434 0 2862074156 TIMEOUT_START
434 0 2862420024 LICK
434 0 2862420524 TIMEOUT_START
434 0 2862615056 LICK
434 0 2862615564 TIMEOUT_START
434 0 2862809880 LICK
434 0 2862810384 TIMEOUT_START
434 0 2863010844 LICK
434 0 2863011344 TIMEOUT_START
434 0 2863062908 RESP_END
434 0 2870011860 TIMEOUT_END
435 1 2872331932 STIM_START
435 1 2873331260 STIM_END_RESP_START
435 1 2873479752 LICK
435 1 2873480256 REWARD_START
435 1 2873744848 LICK
435 1 2874009808 LICK
435 1 2874214644 LICK
435 1 2874373184 LICK
435 1 2874515868 LICK
435 1 2874531280 RESP_END
435 1 2873500796 REWARD_END
436 1 2876753972 STIM_START
436 1 2877449860 LICK
436 1 2877661096 LICK
436 1 2877753280 STIM_END_RESP_START
436 1 2878293704 LICK
436 1 2878294212 REWARD_START
436 1 2878505460 LICK
436 1 2878953296 RESP_END
436 1 2878314748 REWARD_END
437 0 2881733728 STIM_START
437 0 2882733028 STIM_END_RESP_START
437 0 2883874620 LICK
437 0 2883875124 TIMEOUT_START
437 0 2883933040 RESP_END
437 0 2890875636 TIMEOUT_END
438 1 2893034196 STIM_START
438 1 2893880972 LICK
438 1 2894033504 STIM_END_RESP_START
438 1 2894554384 LICK
438 1 2894554884 REWARD_START
438 1 2894740720 LICK
438 1 2895231980 LICK
438 1 2895233540 RESP_END
438 1 2894575420 REWARD_END
439 1 2897633168 STIM_START
439 1 2898632476 STIM_END_RESP_START
439 1 2898850848 LICK
439 1 2898851348 REWARD_START
439 1 2899238280 LICK
439 1 2899530232 LICK
439 1 2899832524 RESP_END
439 1 2898871884 REWARD_END
440 0 2902286064 STIM_START
440 0 2903285368 STIM_END_RESP_START
440 0 2904485400 RESP_END
441 0 2906836048 STIM_START
441 0 2907109648 LICK
441 0 2907835356 STIM_END_RESP_START
441 0 2909035392 RESP_END
442 1 2911332168 STIM_START
442 1 2912331476 STIM_END_RESP_START
442 1 2912706436 LICK
442 1 2912706940 REWARD_START
442 1 2913110904 LICK
442 1 2913525436 LICK
442 1 2913531512 RESP_END
442 1 2912727476 REWARD_END
443 1 2916389776 STIM_START
443 1 2917389084 STIM_END_RESP_START
443 1 2918088028 LICK
443 1 2918088528 REWARD_START
443 1 2918269868 LICK
443 1 2918547644 LICK
443 1 2918589096 RESP_END
443 1 2918109064 REWARD_END
444 1 2921151672 STIM_START
444 1 2922150968 STIM_END_RESP_START
444 1 2922280672 LICK
444 1 2922281180 REWARD_START
444 1 2922498616 LICK
444 1 2922629508 LICK
444 1 2922772828 LICK
444 1 2922956972 LICK
444 1 2923324332 LICK
444 1 2923351000 RESP_END
444 1 2922301716 REWARD_END
445 0 2925871440 STIM_START
445 0 2926870740 STIM_END_RESP_START
445 0 2928070776 RESP_END
446 1 2930499404 STIM_START
446 1 2931498732 STIM_END_RESP_START
446 1 2932698768 RESP_END
447 1 2934929396 STIM_START
447 1 2935928728 STIM_END_RESP_START
447 1 2936079656 LICK
447 1 2936080152 REWARD_START
447 1 2936230156 LICK
447 1 2936403832 LICK
447 1 2936912744 LICK
447 1 2937128744 RESP_END
447 1 2936100688 REWARD_END
448 0 2939467448 STIM_START
448 0 2940466780 STIM_END_RESP_START
448 0 2941666796 RESP_END
449 0 2944338244 STIM_START
449 0 2945337576 STIM_END_RESP_START
449 0 2945781844 LICK
449 0 2945782340 TIMEOUT_START
449 0 2945961616 LICK
449 0 2945962120 TIMEOUT_START
449 0 2946366712 LICK
449 0 2946367212 TIMEOUT_START
449 0 2946537600 RESP_END
449 0 2953367744 TIMEOUT_END
450 1 2955892556 STIM_START
450 1 2956891888 STIM_END_RESP_START
450 1 2957112700 LICK
450 1 2957113200 REWARD_START
450 1 2957323252 LICK
450 1 2958091908 RESP_END
450 1 2957133736 REWARD_END
451 0 2960351580 STIM_START
451 0 2961350912 STIM_END_RESP_START
451 0 2962550948 RESP_END
452 0 2965068480 STIM_START
452 0 2966067812 STIM_END_RESP_START
452 0 2966180064 LICK
452 0 2966180560 TIMEOUT_START
452 0 2966624200 LICK
452 0 2966624704 TIMEOUT_START
452 0 2967040104 LICK
452 0 2967040600 TIMEOUT_START
452 0 2967250956 LICK
452 0 2967251456 TIMEOUT_START
452 0 2967267836 RESP_END
452 0 2974251968 TIMEOUT_END
453 0 2976742736 STIM_START
453 0 2977742044 STIM_END_RESP_START
453 0 2978942080 RESP_END
454 1 2981223724 STIM_START
454 1 2982223052 STIM_END_RESP_START
454 1 2982610576 LICK
454 1 2982611080 REWARD_START
454 1 2982790988 LICK
454 1 2982938228 LICK
454 1 2983423096 RESP_END
454 1 2982631616 REWARD_END
455 0 2985848652 STIM_START
455 0 2986847956 STIM_END_RESP_START
455 0 2988047988 RESP_END
456 0 2990325692 STIM_START
456 0 2990790148 LICK
456 0 2991324996 STIM_END_RESP_START
456 0 2991646712 LICK
456 0 2991647216 TIMEOUT_START
456 0 2992025312 LICK
456 0 2992025816 TIMEOUT_START
456 0 2992193144 LICK
456 0 2992193648 TIMEOUT_START
456 0 2992525024 RESP_END
456 0 2999194168 TIMEOUT_END
457 0 3001596216 STIM_START
457 0 3002144340 LICK
457 0 3002543676 LICK
457 0 3002595548 STIM_END_RESP_START
457 0 3003795560 RESP_END
458 1 3006192180 STIM_START
458 1 3007191512 STIM_END_RESP_START
458 1 3007615288 LICK
458 1 3007615788 REWARD_START
458 1 3008075320 LICK
458 1 3008391524 RESP_END
458 1 3007636328 REWARD_END
459 1 3011198848 STIM_START
459 1 3012198184 STIM_END_RESP_START
459 1 3013398216 RESP_END
460 1 3015508984 STIM_START
460 1 3016190000 LICK
460 1 3016508280 STIM_END_RESP_START
460 1 3017507444 LICK
460 1 3017507952 REWARD_START
460 1 3017708304 RESP_END
460 1 3017528488 REWARD_END
461 0 3020933372 STIM_START
461 0 3021932676 STIM_END_RESP_START
461 0 3023132708 RESP_END
462 1 3025404464 STIM_START
462 1 3026393968 LICK
462 1 3026403772 STIM_END_RESP_START
462 1 3026586300 LICK
462 1 3026586804 REWARD_START
462 1 3026959464 LICK
462 1 3027091888 LICK
462 1 3027399248 LICK
462 1 3027579744 LICK
462 1 3027603804 RESP_END
462 1 3026607344 REWARD_END
463 0 3030218248 STIM_START
463 0 3031217548 STIM_END_RESP_START
463 0 3032417580 RESP_END
464 1 3034669292 STIM_START
464 1 3035668624 STIM_END_RESP_START
464 1 3036605924 LICK
464 1 3036606424 REWARD_START
464 1 3036814116 LICK
464 1 3036868672 RESP_END
464 1 3036626968 REWARD_END
465 0 3039946780 STIM_START
465 0 3040946108 STIM_END_RESP_START
465 0 3042146140 RESP_END
466 0 3044280928 STIM_START
466 0 3044410520 LICK
466 0 3045280240 STIM_END_RESP_START
466 0 3046480252 RESP_END
467 1 3049415520 STIM_START
467 1 3050414824 STIM_END_RESP_START
467 1 3050541232 LICK
467 1 3050541732 REWARD_START
467 1 3050737636 LICK
467 1 3051191156 LICK
467 1 3051549668 LICK
467 1 3051614860 RESP_END
467 1 3050562268 REWARD_END
468 0 3053948488 STIM_START
468 0 3054947820 STIM_END_RESP_START
468 0 3056147852 RESP_END
469 0 3058376564 STIM_START
469 0 3059062388 LICK
469 0 3059375888 STIM_END_RESP_START
469 0 3059811664 LICK
469 0 3059812164 TIMEOUT_START
469 0 3060024456 LICK
469 0 3060024952 TIMEOUT_START
469 0 3060575912 RESP_END
469 0 3067025472 TIMEOUT_END
470 0 3069461224 STIM_START
470 0 3070460520 STIM_END_RESP_START
470 0 3070951060 LICK
470 0 3070951568 TIMEOUT_START
470 0 3071581424 LICK
470 0 3071581924 TIMEOUT_START
470 0 3071660552 RESP_END
470 0 3078582448 TIMEOUT_END
471 1 3080794772 STIM_START
471 1 3081794088 STIM_END_RESP_START
471 1 3081972540 LICK
471 1 3081973044 REWARD_START
471 1 3082683432 LICK
471 1 3082976380 LICK
471 1 3082994132 RESP_END
471 1 3081993580 REWARD_END
472 1 3085685496 STIM_START
472 1 3086684804 STIM_END_RESP_START
472 1 3087884836 RESP_END
473 0 3090131528 STIM_START
473 0 3091130860 STIM_END_RESP_START
473 0 3092330892 RESP_END
474 1 3094633528 STIM_START
474 1 3095198408 LICK
474 1 3095393348 LICK
474 1 3095632828 STIM_END_RESP_START
474 1 3096035148 LICK
474 1 3096035656 REWARD_START
474 1 3096383016 LICK
474 1 3096674040 LICK
474 1 3096832848 RESP_END
474 1 3096056192 REWARD_END
475 0 3099401372 STIM_START
475 0 3100400676 STIM_END_RESP_START
475 0 3100539552 LICK
475 0 3100540056 TIMEOUT_START
475 0 3100725660 LICK
475 0 3100726160 TIMEOUT_START
475 0 3100896844 LICK
475 0 3100897348 TIMEOUT_START
475 0 3101090732 LICK
475 0 3101091240 TIMEOUT_START
475 0 3101478588 LICK
475 0 3101479096 TIMEOUT_START
475 0 3101600692 RESP_END
475 0 3108479608 TIMEOUT_END
476 1 3110835792 STIM_START
476 1 3111835124 STIM_END_RESP_START
476 1 3112193736 LICK
476 1 3112194244 REWARD_START
476 1 3112400548 LICK
476 1 3112578756 LICK
476 1 3113035156 RESP_END
476 1 3112214780 REWARD_END
477 0 3115317912 STIM_START
477 0 3116039392 LICK
477 0 3116317212 STIM_END_RESP_START
477 0 3117517244 RESP_END
478 0 3119914732 STIM_START
478 0 3120914064 STIM_END_RESP_START
478 0 3122114100 RESP_END
479 1 3124581692 STIM_START
479 1 3125581024 STIM_END_RESP_START
479 1 3125970812 LICK
479 1 3125971320 REWARD_START
479 1 3126184388 LICK
479 1 3126493648 LICK
479 1 3126663104 LICK
479 1 3126781060 RESP_END
479 1 3125991856 REWARD_END
480 1 3129112680 STIM_START
480 1 3130112016 STIM_END_RESP_START
480 1 3130287176 LICK
480 1 3130287676 REWARD_START
480 1 3130493380 LICK
480 1 3130791664 LICK
480 1 3130998424 LICK
480 1 3131156396 LICK
480 1 3131312044 RESP_END
480 1 3130308216 REWARD_END
481 0 3133759580 STIM_START
481 0 3134758908 STIM_END_RESP_START
481 0 3135958944 RESP_END
482 1 3138531468 STIM_START
482 1 3139530800 STIM_END_RESP_START
482 1 3139617872 LICK
482 1 3139618372 REWARD_START
482 1 3139993120 LICK
482 1 3140112752 LICK
482 1 3140292956 LICK
482 1 3140454468 LICK
482 1 3140730812 RESP_END
482 1 3139638908 REWARD_END
483 0 3142908520 STIM_START
483 0 3143907816 STIM_END_RESP_START
483 0 3143959436 LICK
483 0 3143959944 TIMEOUT_START
483 0 3144154972 LICK
483 0 3144155480 TIMEOUT_START
483 0 3144480532 LICK
483 0 3144481040 TIMEOUT_START
483 0 3144684456 LICK
483 0 3144684960 TIMEOUT_START
483 0 3144847952 LICK
483 0 3144848460 TIMEOUT_START
483 0 3145107840 RESP_END
483 0 3151848980 TIMEOUT_END
484 0 3154106116 STIM_START
484 0 3155105448 STIM_END_RESP_START
484 0 3156305480 RESP_END
485 1 3158619108 STIM_START
485 1 3159618404 STIM_END_RESP_START
485 1 3160519656 LICK
485 1 3160520164 REWARD_START
485 1 3160818432 RESP_END
485 1 3160540684 REWARD_END
486 1 3163727724 STIM_START
486 1 3164541640 LICK
486 1 3164727056 STIM_END_RESP_START
486 1 3164753852 LICK
486 1 3164754360 REWARD_START
486 1 3164936876 LICK
486 1 3165409584 LICK
486 1 3165745272 LICK
486 1 3165927088 RESP_END
486 1 3164774880 REWARD_END
487 1 3168434608 STIM_START
487 1 3169421188 LICK
487 1 3169433940 STIM_END_RESP_START
487 1 3169611144 LICK
487 1 3169611644 REWARD_START
487 1 3169821968 LICK
487 1 3169968760 LICK
487 1 3170124104 LICK
487 1 3170307468 LICK
487 1 3170488648 LICK
487 1 3170633972 RESP_END
487 1 3169632180 REWARD_END
488 0 3173381296 STIM_START
488 0 3174380600 STIM_END_RESP_START
488 0 3175580632 RESP_END
489 1 3177919284 STIM_START
489 1 3178918616 STIM_END_RESP_START
489 1 3179602172 LICK
489 1 3179602672 REWARD_START
489 1 3179974176 LICK
489 1 3180118636 RESP_END
489 1 3179623208 REWARD_END
490 1 3182655184 STIM_START
490 1 3183650564 LICK
490 1 3183654492 STIM_END_RESP_START
490 1 3183830352 LICK
490 1 3183830856 REWARD_START
490 1 3184201040 LICK
490 1 3184374024 LICK
490 1 3184540512 LICK
490 1 3184704988 LICK
490 1 3184854520 RESP_END
490 1 3183851396 REWARD_END
491 0 3187216124 STIM_START
491 0 3188215456 STIM_END_RESP_START
491 0 3189415488 RESP_END
492 1 3191813092 STIM_START
492 1 3192812420 STIM_END_RESP_START
492 1 3193145624 LICK
492 1 3193146124 REWARD_START
492 1 3193333584 LICK
492 1 3193674400 LICK
492 1 3193854000 LICK
492 1 3194012464 RESP_END
492 1 3193166664 REWARD_END
493 1 3196529960 STIM_START
493 1 3197529292 STIM_END_RESP_START
493 1 3198729304 RESP_END
494 1 3201071940 STIM_START
494 1 3202071268 STIM_END_RESP_START
494 1 3202278148 LICK
494 1 3202278652 REWARD_START
494 1 3202448088 LICK
494 1 3202604364 LICK
494 1 3202783620 LICK
494 1 3202924960 LICK
494 1 3203271304 RESP_END
494 1 3202299188 REWARD_END
495 0 3205815792 STIM_START
495 0 3206815124 STIM_END_RESP_START
495 0 3208015156 RESP_END
496 1 3210520716 STIM_START
496 1 3211520048 STIM_END_RESP_START
496 1 3211945268 LICK
496 1 3211945768 REWARD_START
496 1 3212597292 LICK
496 1 3212720092 RESP_END
496 1 3211966304 REWARD_END
497 1 3215275648 STIM_START
497 1 3216274944 STIM_END_RESP_START
497 1 3216814508 LICK
497 1 3216815004 REWARD_START
497 1 3216975512 LICK
497 1 3217134624 LICK
497 1 3217312772 LICK
497 1 3217474964 RESP_END
497 1 3216835540 REWARD_END
498 0 3219984588 STIM_START
498 0 3220983892 STIM_END_RESP_START
498 0 3222183916 RESP_END
499 0 3224334552 STIM_START
499 0 3225333884 STIM_END_RESP_START
499 0 3226533916 RESP_END
500 1 3228726644 STIM_START
500 1 3229725976 STIM_END_RESP_START
500 1 3230926008 RESP_END
501 1 3233184728 STIM_START
501 1 3234184024 STIM_END_RESP_START
501 1 3235384056 RESP_END
502 1 3237780632 STIM_START
502 1 3238779964 STIM_END_RESP_START
502 1 3239979992 RESP_END
503 0 3242332720 STIM_START
503 0 3243332052 STIM_END_RESP_START
503 0 3244532084 RESP_END
504 1 3246932576 STIM_START
504 1 3247931904 STIM_END_RESP_START
504 1 3249131940 RESP_END
505 0 3251644452 STIM_START
505 0 3252643776 STIM_END_RESP_START
505 0 3253843812 RESP_END
506 0 3256420296 STIM_START
506 0 3257419624 STIM_END_RESP_START
506 0 3258619656 RESP_END
507 0 3260937292 STIM_START
507 0 3261936616 STIM_END_RESP_START
507 0 3263136652 RESP_END
508 1 3265589208 STIM_START
508 1 3266588540 STIM_END_RESP_START
USER_EXIT