001 1 0010875620 STIM_START
001 1 0011875744 STIM_END_RESP_START
001 1 0013075760 RESP_END
002 1 0015273284 STIM_START
002 1 0016273400 STIM_END_RESP_START
002 1 0017082388 LICK
002 1 0017082824 REWARD_START
002 1 0017473416 RESP_END
002 1 0017093292 REWARD_END
003 0 0025079696 STIM_START
003 0 0026079824 STIM_END_RESP_START
003 0 0026107328 LICK
003 0 0026107764 TIMEOUT_START
003 0 0026168604 LICK
003 0 0026169040 TIMEOUT_START
003 0 0026375636 LICK
003 0 0026376072 TIMEOUT_START
003 0 0027279852 RESP_END
003 0 0033376528 TIMEOUT_END
004 1 0035513196 STIM_START
004 1 0035939048 LICK
004 1 0036008200 LICK
004 1 0036513316 STIM_END_RESP_START
004 1 0037713336 RESP_END
005 1 0040073880 STIM_START
005 1 0041030504 LICK
005 1 0041073976 STIM_END_RESP_START
005 1 0041291272 LICK
005 1 0041291708 REWARD_START
005 1 0041533204 LICK
005 1 0042273996 RESP_END
005 1 0041302184 REWARD_END
006 0 0047907996 STIM_START
006 0 0048908116 STIM_END_RESP_START
006 0 0049156468 LICK
006 0 0049156904 TIMEOUT_START
006 0 0049286208 LICK
006 0 0049286644 TIMEOUT_START
006 0 0050108140 RESP_END
006 0 0056287088 TIMEOUT_END
007 0 0060330856 STIM_START
007 0 0060875640 LICK
007 0 0060935780 LICK
007 0 0061330992 STIM_END_RESP_START
007 0 0062531012 RESP_END
008 0 0064276400 STIM_START
008 0 0065276524 STIM_END_RESP_START
008 0 0066476544 RESP_END
009 1 0068429004 STIM_START
009 1 0068821624 LICK
009 1 0069062172 LICK
009 1 0069429140 STIM_END_RESP_START
009 1 0070425572 LICK
009 1 0070426016 REWARD_START
009 1 0070624760 LICK
009 1 0070629168 RESP_END
009 1 0070436484 REWARD_END
010 1 0073316748 STIM_START
010 1 0074210516 LICK
010 1 0074316884 STIM_END_RESP_START
010 1 0074447680 LICK
010 1 0074448124 REWARD_START
010 1 0074650780 LICK
010 1 0074838328 LICK
010 1 0075033868 LICK
010 1 0075188572 LICK
010 1 0075354648 LICK
010 1 0075516936 RESP_END
010 1 0074458596 REWARD_END
011 0 0077684388 STIM_START
011 0 0078097328 LICK
011 0 0078325376 LICK
011 0 0078545296 LICK
011 0 0078684484 STIM_END_RESP_START
011 0 0079432764 LICK
011 0 0079433200 TIMEOUT_START
011 0 0079641284 LICK
011 0 0079641728 TIMEOUT_START
011 0 0079884500 RESP_END
011 0 0086642176 TIMEOUT_END
012 0 0088436940 STIM_START
012 0 0089437056 STIM_END_RESP_START
012 0 0090324180 LICK
012 0 0090324616 TIMEOUT_START
012 0 0090544440 LICK
012 0 0090544876 TIMEOUT_START
012 0 0090637084 RESP_END
012 0 0097545344 TIMEOUT_END
013 0 0100741764 STIM_START
013 0 0101741868 STIM_END_RESP_START
013 0 0102941904 RESP_END
014 1 0105108400 STIM_START
014 1 0106108536 STIM_END_RESP_START
014 1 0107308576 RESP_END
015 1 0110730236 STIM_START
015 1 0111329140 LICK
015 1 0111457664 LICK
015 1 0111730348 STIM_END_RESP_START
015 1 0112752472 LICK
015 1 0112752964 REWARD_START
015 1 0112930364 RESP_END
015 1 0112763480 REWARD_END
016 1 0115350976 STIM_START
016 1 0116094856 LICK
016 1 0116291548 LICK
016 1 0116351096 STIM_END_RESP_START
016 1 0116489772 LICK
016 1 0116490264 REWARD_START
016 1 0116908008 LICK
016 1 0117080704 LICK
016 1 0117276160 LICK
016 1 0117465128 LICK
016 1 0117551136 RESP_END
016 1 0116500780 REWARD_END
017 0 0119846556 STIM_START
017 0 0120846660 STIM_END_RESP_START
017 0 0120928700 LICK
017 0 0120929184 TIMEOUT_START
017 0 0121102116 LICK
017 0 0121102608 TIMEOUT_START
017 0 0121301524 LICK
017 0 0121302008 TIMEOUT_START
017 0 0121908488 LICK
017 0 0121908968 TIMEOUT_START
017 0 0122046700 RESP_END
017 0 0128909480 TIMEOUT_END
018 1 0130969192 STIM_START
018 1 0131380840 LICK
018 1 0131538260 LICK
018 1 0131969296 STIM_END_RESP_START
018 1 0132582688 LICK
018 1 0132583168 REWARD_START
018 1 0133169324 RESP_END
018 1 0132593692 REWARD_END
019 1 0135230812 STIM_START
019 1 0136230952 STIM_END_RESP_START
019 1 0136343568 LICK
019 1 0136344048 REWARD_START
019 1 0136828516 LICK
019 1 0137022948 LICK
019 1 0137430996 RESP_END
019 1 0136354564 REWARD_END
020 1 0139713468 STIM_START
020 1 0140713572 STIM_END_RESP_START
020 1 0141147756 LICK
020 1 0141148248 REWARD_START
020 1 0141317388 LICK
020 1 0141660400 LICK
020 1 0141849436 LICK
020 1 0141913616 RESP_END
020 1 0141158764 REWARD_END
021 0 0143824084 STIM_START
021 0 0144570704 LICK
021 0 0144766972 LICK
021 0 0144824184 STIM_END_RESP_START
021 0 0145144080 LICK
021 0 0145144564 TIMEOUT_START
021 0 0145335908 LICK
021 0 0145336400 TIMEOUT_START
021 0 0145523396 LICK
021 0 0145523888 TIMEOUT_START
021 0 0145714320 LICK
021 0 0145714804 TIMEOUT_START
021 0 0146024228 RESP_END
021 0 0152715308 TIMEOUT_END
022 0 0154980728 STIM_START
022 0 0155980868 STIM_END_RESP_START
022 0 0156492948 LICK
022 0 0156493432 TIMEOUT_START
022 0 0156673620 LICK
022 0 0156674108 TIMEOUT_START
022 0 0157105580 LICK
022 0 0157106068 TIMEOUT_START
022 0 0157180904 RESP_END
022 0 0164106572 TIMEOUT_END
023 0 0165965360 STIM_START
023 0 0166965500 STIM_END_RESP_START
023 0 0168165540 RESP_END
024 1 0170088928 STIM_START
024 1 0171089032 STIM_END_RESP_START
024 1 0172289068 RESP_END
025 0 0174214532 STIM_START
025 0 0174653536 LICK
025 0 0175125768 LICK
025 0 0175214660 STIM_END_RESP_START
025 0 0175315104 LICK
025 0 0175315588 TIMEOUT_START
025 0 0175836140 LICK
025 0 0175836632 TIMEOUT_START
025 0 0176113596 LICK
025 0 0176114088 TIMEOUT_START
025 0 0176316912 LICK
025 0 0176317396 TIMEOUT_START
025 0 0176414708 RESP_END
025 0 0183317904 TIMEOUT_END
026 0 0185537212 STIM_START
026 0 0186537324 STIM_END_RESP_START
026 0 0186546688 LICK
026 0 0186547180 TIMEOUT_START
026 0 0186620380 LICK
026 0 0186620864 TIMEOUT_START
026 0 0186790600 LICK
026 0 0186791088 TIMEOUT_START
026 0 0187668044 LICK
026 0 0187668532 TIMEOUT_START
026 0 0187737372 RESP_END
026 0 0194669028 TIMEOUT_END
027 1 0196737860 STIM_START
027 1 0197738000 STIM_END_RESP_START
027 1 0198938036 RESP_END
028 0 0201151560 STIM_START
028 0 0202151660 STIM_END_RESP_START
028 0 0203351700 RESP_END
029 1 0205271104 STIM_START
029 1 0206271236 STIM_END_RESP_START
029 1 0207471280 RESP_END
030 1 0209916796 STIM_START
030 1 0210916900 STIM_END_RESP_START
030 1 0211120048 LICK
030 1 0211120536 REWARD_START
030 1 0211731204 LICK
030 1 0211942728 LICK
030 1 0212093504 LICK
030 1 0212116920 RESP_END
030 1 0211131052 REWARD_END
031 1 0214312456 STIM_START
031 1 0215312564 STIM_END_RESP_START
031 1 0215473172 LICK
031 1 0215473656 REWARD_START
031 1 0215668084 LICK
031 1 0215833416 LICK
031 1 0216003204 LICK
031 1 0216199808 LICK
031 1 0216512600 RESP_END
031 1 0215484172 REWARD_END
032 0 0218518068 STIM_START
032 0 0219104008 LICK
032 0 0219282204 LICK
032 0 0219460072 LICK
032 0 0219518172 STIM_END_RESP_START
032 0 0220718212 RESP_END
033 0 0222806696 STIM_START
033 0 0223804004 LICK
033 0 0223806812 STIM_END_RESP_START
033 0 0224003736 LICK
033 0 0224004224 TIMEOUT_START
033 0 0224208644 LICK
033 0 0224209132 TIMEOUT_START
033 0 0225006832 RESP_END
033 0 0231209644 TIMEOUT_END
034 1 0233341268 STIM_START
034 1 0234341408 STIM_END_RESP_START
034 1 0235108832 LICK
034 1 0235109320 REWARD_START
034 1 0235382708 LICK
034 1 0235541452 RESP_END
034 1 0235119844 REWARD_END
035 1 0238155932 STIM_START
035 1 0239063000 LICK
035 1 0239156072 STIM_END_RESP_START
035 1 0239225036 LICK
035 1 0239225520 REWARD_START
035 1 0239421768 LICK
035 1 0239631816 LICK
035 1 0239776200 LICK
035 1 0239960548 LICK
035 1 0240356116 RESP_END
035 1 0239236040 REWARD_END
036 1 0242590592 STIM_START
036 1 0243590696 STIM_END_RESP_START
036 1 0243712328 LICK
036 1 0243712808 REWARD_START
036 1 0243883052 LICK
036 1 0244059456 LICK
036 1 0244790736 RESP_END
036 1 0243723332 REWARD_END
037 0 0247557316 STIM_START
037 0 0248557448 STIM_END_RESP_START
037 0 0249757488 RESP_END
038 0 0251886948 STIM_START
038 0 0252887080 STIM_END_RESP_START
038 0 0252905632 LICK
038 0 0252906116 TIMEOUT_START
038 0 0253105700 LICK
038 0 0253106192 TIMEOUT_START
038 0 0253293368 LICK
038 0 0253293860 TIMEOUT_START
038 0 0254033652 LICK
038 0 0254034144 TIMEOUT_START
038 0 0254087112 RESP_END
038 0 0261034640 TIMEOUT_END
039 1 0262882580 STIM_START
039 1 0263882712 STIM_END_RESP_START
039 1 0264821032 LICK
039 1 0264821516 REWARD_START
039 1 0265082756 RESP_END
039 1 0264832040 REWARD_END
040 1 0269018488 STIM_START
040 1 0269866852 LICK
040 1 0270018588 STIM_END_RESP_START
040 1 0270028556 LICK
040 1 0270029056 REWARD_START
040 1 0270207408 LICK
040 1 0270421228 LICK
040 1 0270595760 LICK
040 1 0270794060 LICK
040 1 0270966932 LICK
040 1 0271218628 RESP_END
040 1 0270039572 REWARD_END
041 1 0273416156 STIM_START
041 1 0273973972 LICK
041 1 0274416280 STIM_END_RESP_START
041 1 0274556740 LICK
041 1 0274557232 REWARD_START
041 1 0274750752 LICK
041 1 0274929176 LICK
041 1 0275139500 LICK
041 1 0275616304 RESP_END
041 1 0274567752 REWARD_END
042 0 0277654740 STIM_START
042 0 0278458916 LICK
042 0 0278529752 LICK
042 0 0278654852 STIM_END_RESP_START
042 0 0278671896 LICK
042 0 0278672380 TIMEOUT_START
042 0 0278877000 LICK
042 0 0278877488 TIMEOUT_START
042 0 0279854872 RESP_END
042 0 0285877996 TIMEOUT_END
043 0 0287739244 STIM_START
043 0 0288739388 STIM_END_RESP_START
043 0 0289100812 LICK
043 0 0289101292 TIMEOUT_START
043 0 0289342144 LICK
043 0 0289342636 TIMEOUT_START
043 0 0289939408 RESP_END
043 0 0296343132 TIMEOUT_END
044 1 0298413812 STIM_START
044 1 0299413916 STIM_END_RESP_START
044 1 0299893476 LICK
044 1 0299893968 REWARD_START
044 1 0300090988 LICK
044 1 0300284624 LICK
044 1 0300482140 LICK
044 1 0300613944 RESP_END
044 1 0299904488 REWARD_END
045 0 0302629476 STIM_START
045 0 0303317396 LICK
045 0 0303529796 LICK
045 0 0303629616 STIM_END_RESP_START
045 0 0304829656 RESP_END
046 0 0306944068 STIM_START
046 0 0307606608 LICK
046 0 0307944180 STIM_END_RESP_START
046 0 0308553804 LICK
046 0 0308554284 TIMEOUT_START
046 0 0308740956 LICK
046 0 0308741448 TIMEOUT_START
046 0 0308937136 LICK
046 0 0308937620 TIMEOUT_START
046 0 0309144216 RESP_END
046 0 0315938132 TIMEOUT_END
047 1 0317780640 STIM_START
047 1 0318780744 STIM_END_RESP_START
047 1 0319155112 LICK
047 1 0319155608 REWARD_START
047 1 0319884856 LICK
047 1 0319980788 RESP_END
047 1 0319166128 REWARD_END
048 0 0324215592 STIM_START
048 0 0325215696 STIM_END_RESP_START
048 0 0325332056 LICK
048 0 0325332540 TIMEOUT_START
048 0 0325551596 LICK
048 0 0325552080 TIMEOUT_START
048 0 0326415744 RESP_END
048 0 0332552588 TIMEOUT_END
049 0 0334433092 STIM_START
049 0 0335433192 STIM_END_RESP_START
049 0 0335838460 LICK
049 0 0335838944 TIMEOUT_START
049 0 0336503292 LICK
049 0 0336503776 TIMEOUT_START
049 0 0336586568 LICK
049 0 0336587060 TIMEOUT_START
049 0 0336633240 RESP_END
049 0 0343587564 TIMEOUT_END
050 0 0345619800 STIM_START
050 0 0346619940 STIM_END_RESP_START
050 0 0346939680 LICK
050 0 0346940164 TIMEOUT_START
050 0 0347735720 LICK
050 0 0347736212 TIMEOUT_START
050 0 0347819964 RESP_END
050 0 0354736716 TIMEOUT_END
051 1 0356594372 STIM_START
051 1 0357594476 STIM_END_RESP_START
051 1 0357745260 LICK
051 1 0357745752 REWARD_START
051 1 0357926944 LICK
051 1 0358135664 LICK
051 1 0358306016 LICK
051 1 0358465796 LICK
051 1 0358627728 LICK
051 1 0358794496 RESP_END
051 1 0357756272 REWARD_END
052 0 0360989008 STIM_START
052 0 0361989148 STIM_END_RESP_START
052 0 0362194616 LICK
052 0 0362195108 TIMEOUT_START
052 0 0362401616 LICK
052 0 0362402104 TIMEOUT_START
052 0 0362598468 LICK
052 0 0362598952 TIMEOUT_START
052 0 0363189192 RESP_END
052 0 0369599456 TIMEOUT_END
053 0 0371860616 STIM_START
053 0 0372860752 STIM_END_RESP_START
053 0 0373115084 LICK
053 0 0373115572 TIMEOUT_START
053 0 0374060768 RESP_END
053 0 0380116072 TIMEOUT_END
054 0 0382085116 STIM_START
054 0 0383085220 STIM_END_RESP_START
054 0 0384285260 RESP_END
055 1 0386230732 STIM_START
055 1 0387230836 STIM_END_RESP_START
055 1 0388430876 RESP_END
056 0 0390527340 STIM_START
056 0 0390798744 LICK
056 0 0390902076 LICK
056 0 0391527468 STIM_END_RESP_START
056 0 0391616252 LICK
056 0 0391616744 TIMEOUT_START
056 0 0392099968 LICK
056 0 0392100452 TIMEOUT_START
056 0 0392455688 LICK
056 0 0392456172 TIMEOUT_START
056 0 0392727480 RESP_END
056 0 0399456684 TIMEOUT_END
057 1 0402280124 STIM_START
057 1 0402835040 LICK
057 1 0403017716 LICK
057 1 0403280244 STIM_END_RESP_START
057 1 0403962136 LICK
057 1 0403962620 REWARD_START
057 1 0404480288 RESP_END
057 1 0403973148 REWARD_END
058 0 0406520688 STIM_START
058 0 0407520792 STIM_END_RESP_START
058 0 0408720832 RESP_END
059 1 0410790336 STIM_START
059 1 0411790440 STIM_END_RESP_START
059 1 0411942388 LICK
059 1 0411942876 REWARD_START
059 1 0412172632 LICK
059 1 0412463192 LICK
059 1 0412641828 LICK
059 1 0412830560 LICK
059 1 0412984460 LICK
059 1 0412990484 RESP_END
059 1 0411953400 REWARD_END
060 0 0415346988 STIM_START
060 0 0416347092 STIM_END_RESP_START
060 0 0416520788 LICK
060 0 0416521280 TIMEOUT_START
060 0 0417547140 RESP_END
060 0 0423521780 TIMEOUT_END
061 1 0425774524 STIM_START
061 1 0426014512 LICK
061 1 0426186700 LICK
061 1 0426774652 STIM_END_RESP_START
061 1 0427502376 LICK
061 1 0427502868 REWARD_START
061 1 0427726764 LICK
061 1 0427974684 RESP_END
061 1 0427513388 REWARD_END
062 1 0430682244 STIM_START
062 1 0431682380 STIM_END_RESP_START
062 1 0431717164 LICK
062 1 0431717660 REWARD_START
062 1 0431947884 LICK
062 1 0432128712 LICK
062 1 0432341828 LICK
062 1 0432488176 LICK
062 1 0432882428 RESP_END
062 1 0431728180 REWARD_END
063 0 0434916904 STIM_START
063 0 0435917004 STIM_END_RESP_START
063 0 0436066016 LICK
063 0 0436066504 TIMEOUT_START
063 0 0436217688 LICK
063 0 0436218176 TIMEOUT_START
063 0 0436412592 LICK
063 0 0436413076 TIMEOUT_START
063 0 0437117020 RESP_END
063 0 0443413580 TIMEOUT_END
064 0 0445226384 STIM_START
064 0 0446107944 LICK
064 0 0446226496 STIM_END_RESP_START
064 0 0446273364 LICK
064 0 0446273856 TIMEOUT_START
064 0 0446952292 LICK
064 0 0446952784 TIMEOUT_START
064 0 0447136244 LICK
064 0 0447136728 TIMEOUT_START
064 0 0447426544 RESP_END
064 0 0454137232 TIMEOUT_END
065 0 0457709280 STIM_START
065 0 0458624552 LICK
065 0 0458709412 STIM_END_RESP_START
065 0 0458823888 LICK
065 0 0458824372 TIMEOUT_START
065 0 0459017460 LICK
065 0 0459017944 TIMEOUT_START
065 0 0459699780 LICK
065 0 0459700272 TIMEOUT_START
065 0 0459873408 LICK
065 0 0459873892 TIMEOUT_START
065 0 0459909428 RESP_END
065 0 0466874416 TIMEOUT_END
066 1 0468737856 STIM_START
066 1 0469737964 STIM_END_RESP_START
066 1 0470245736 LICK
066 1 0470246224 REWARD_START
066 1 0470461220 LICK
066 1 0470938012 RESP_END
066 1 0470256752 REWARD_END
067 1 0474304680 STIM_START
067 1 0475304776 STIM_END_RESP_START
067 1 0475343564 LICK
067 1 0475344056 REWARD_START
067 1 0475613040 LICK
067 1 0475783392 LICK
067 1 0475953080 LICK
067 1 0476504796 RESP_END
067 1 0475354572 REWARD_END
068 0 0478529300 STIM_START
068 0 0479034404 LICK
068 0 0479192696 LICK
068 0 0479376020 LICK
068 0 0479529408 STIM_END_RESP_START
068 0 0480729448 RESP_END
069 0 0483096012 STIM_START
069 0 0484096116 STIM_END_RESP_START
069 0 0484208928 LICK
069 0 0484209412 TIMEOUT_START
069 0 0484383600 LICK
069 0 0484384088 TIMEOUT_START
069 0 0485291864 LICK
069 0 0485292352 TIMEOUT_START
069 0 0485296148 RESP_END
069 0 0492292852 TIMEOUT_END
070 0 0494259592 STIM_START
070 0 0495259704 STIM_END_RESP_START
070 0 0495411272 LICK
070 0 0495411756 TIMEOUT_START
070 0 0495549280 LICK
070 0 0495549768 TIMEOUT_START
070 0 0496096136 LICK
070 0 0496096624 TIMEOUT_START
070 0 0496329656 LICK
070 0 0496330144 TIMEOUT_START
070 0 0496459716 RESP_END
070 0 0503330648 TIMEOUT_END
071 1 0505597272 STIM_START
071 1 0506597372 STIM_END_RESP_START
071 1 0506907044 LICK
071 1 0506907532 REWARD_START
071 1 0507300284 LICK
071 1 0507480640 LICK
071 1 0507617416 LICK
071 1 0507797416 RESP_END
071 1 0506918056 REWARD_END
072 0 0510152924 STIM_START
072 0 0511153024 STIM_END_RESP_START
072 0 0511355336 LICK
072 0 0511355824 TIMEOUT_START
072 0 0511483800 LICK
072 0 0511484296 TIMEOUT_START
072 0 0512353072 RESP_END
072 0 0518484796 TIMEOUT_END
073 0 0520576472 STIM_START
073 0 0521576576 STIM_END_RESP_START
073 0 0521702956 LICK
073 0 0521703448 TIMEOUT_START
073 0 0522750948 LICK
073 0 0522751440 TIMEOUT_START
073 0 0522776600 RESP_END
073 0 0529751944 TIMEOUT_END
074 0 0531529084 STIM_START
074 0 0532529192 STIM_END_RESP_START
074 0 0532639456 LICK
074 0 0532639944 TIMEOUT_START
074 0 0532819800 LICK
074 0 0532820288 TIMEOUT_START
074 0 0533001324 LICK
074 0 0533001804 TIMEOUT_START
074 0 0533729228 RESP_END
074 0 0540002312 TIMEOUT_END
075 1 0542007616 STIM_START
075 1 0543007760 STIM_END_RESP_START
075 1 0543063968 LICK
075 1 0543064460 REWARD_START
075 1 0543219012 LICK
075 1 0544207776 RESP_END
075 1 0543074980 REWARD_END
076 0 0547547428 STIM_START
076 0 0547587876 LICK
076 0 0547809936 LICK
076 0 0548547544 STIM_END_RESP_START
076 0 0549747584 RESP_END
077 1 0551788072 STIM_START
077 1 0552788176 STIM_END_RESP_START
077 1 0553032928 LICK
077 1 0553033412 REWARD_START
077 1 0553242172 LICK
077 1 0553412716 LICK
077 1 0553594712 LICK
077 1 0553988220 RESP_END
077 1 0553043932 REWARD_END
078 0 0555996676 STIM_START
078 0 0556440004 LICK
078 0 0556595560 LICK
078 0 0556996792 STIM_END_RESP_START
078 0 0558196832 RESP_END
079 0 0560417328 STIM_START
079 0 0561417432 STIM_END_RESP_START
079 0 0561596312 LICK
079 0 0561596804 TIMEOUT_START
079 0 0561786816 LICK
079 0 0561787308 TIMEOUT_START
079 0 0562617476 RESP_END
079 0 0568787816 TIMEOUT_END
080 1 0570765888 STIM_START
080 1 0571765992 STIM_END_RESP_START
080 1 0571800976 LICK
080 1 0571801464 REWARD_START
080 1 0572067336 LICK
080 1 0572379164 LICK
080 1 0572563564 LICK
080 1 0572717648 LICK
080 1 0572907224 LICK
080 1 0572966024 RESP_END
080 1 0571811992 REWARD_END
081 1 0574749476 STIM_START
081 1 0575732828 LICK
081 1 0575749580 STIM_END_RESP_START
081 1 0575902868 LICK
081 1 0575903352 REWARD_START
081 1 0576099260 LICK
081 1 0576299460 LICK
081 1 0576455592 LICK
081 1 0576641696 LICK
081 1 0576949620 RESP_END
081 1 0575913876 REWARD_END
082 1 0578981076 STIM_START
082 1 0579981212 STIM_END_RESP_START
082 1 0580449480 LICK
082 1 0580449964 REWARD_START
082 1 0580640944 LICK
082 1 0580821916 LICK
082 1 0580999644 LICK
082 1 0581181240 RESP_END
082 1 0580460484 REWARD_END
083 0 0582975676 STIM_START
083 0 0583975776 STIM_END_RESP_START
083 0 0584026876 LICK
083 0 0584027368 TIMEOUT_START
083 0 0584199368 LICK
083 0 0584199852 TIMEOUT_START
083 0 0584392436 LICK
083 0 0584392928 TIMEOUT_START
083 0 0584831208 LICK
083 0 0584831696 TIMEOUT_START
083 0 0585092888 LICK
083 0 0585093380 TIMEOUT_START
083 0 0585175816 RESP_END
083 0 0592093888 TIMEOUT_END
084 1 0593848288 STIM_START
084 1 0594848392 STIM_END_RESP_START
084 1 0594980076 LICK
084 1 0594980560 REWARD_START
084 1 0595185852 LICK
084 1 0595328132 LICK
084 1 0595495456 LICK
084 1 0595670352 LICK
084 1 0596048440 RESP_END
084 1 0594991080 REWARD_END
085 1 0598209912 STIM_START
085 1 0598974384 LICK
085 1 0599163692 LICK
085 1 0599210024 STIM_END_RESP_START
085 1 0599694880 LICK
085 1 0599695372 REWARD_START
085 1 0599854428 LICK
085 1 0600070260 LICK
085 1 0600219488 LICK
085 1 0600389280 LICK
085 1 0600410052 RESP_END
085 1 0599705892 REWARD_END
086 1 0603257628 STIM_START
086 1 0604257736 STIM_END_RESP_START
086 1 0604969052 LICK
086 1 0604969536 REWARD_START
086 1 0605160788 LICK
086 1 0605352512 LICK
086 1 0605457764 RESP_END
086 1 0604980056 REWARD_END
087 0 0607940324 STIM_START
087 0 0608940432 STIM_END_RESP_START
087 0 0608997260 LICK
087 0 0608997752 TIMEOUT_START
087 0 0609255912 LICK
087 0 0609256400 TIMEOUT_START
087 0 0609978472 LICK
087 0 0609978956 TIMEOUT_START
087 0 0610140464 RESP_END
087 0 0616979472 TIMEOUT_END
088 1 0618797912 STIM_START
088 1 0619798020 STIM_END_RESP_START
088 1 0619894112 LICK
088 1 0619894596 REWARD_START
088 1 0620011580 LICK
088 1 0620338440 LICK
088 1 0620507496 LICK
088 1 0620664772 LICK
088 1 0620843724 LICK
088 1 0620998040 RESP_END
088 1 0619905124 REWARD_END
089 1 0623269560 STIM_START
089 1 0624122364 LICK
089 1 0624269688 STIM_END_RESP_START
089 1 0624274108 LICK
089 1 0624274600 REWARD_START
089 1 0624492952 LICK
089 1 0624672080 LICK
089 1 0624848608 LICK
089 1 0625052108 LICK
089 1 0625469724 RESP_END
089 1 0624285120 REWARD_END
090 0 0627707228 STIM_START
090 0 0628397488 LICK
090 0 0628622964 LICK
090 0 0628707344 STIM_END_RESP_START
090 0 0628805972 LICK
090 0 0628806460 TIMEOUT_START
090 0 0629216896 LICK
090 0 0629217384 TIMEOUT_START
090 0 0629907356 RESP_END
090 0 0636217884 TIMEOUT_END
091 0 0638444812 STIM_START
091 0 0639261556 LICK
091 0 0639444932 STIM_END_RESP_START
091 0 0639519764 LICK
091 0 0639520252 TIMEOUT_START
091 0 0640644972 RESP_END
091 0 0646520760 TIMEOUT_END
092 1 0648362284 STIM_START
092 1 0649362384 STIM_END_RESP_START
092 1 0649560444 LICK
092 1 0649560928 REWARD_START
092 1 0649768288 LICK
092 1 0650097236 LICK
092 1 0650263900 LICK
092 1 0650453040 LICK
092 1 0650562424 RESP_END
092 1 0649571456 REWARD_END
093 0 0652523888 STIM_START
093 0 0653284452 LICK
093 0 0653524016 STIM_END_RESP_START
093 0 0654724048 RESP_END
094 0 0656579472 STIM_START
094 0 0657579576 STIM_END_RESP_START
094 0 0657609724 LICK
094 0 0657610216 TIMEOUT_START
094 0 0657842028 LICK
094 0 0657842520 TIMEOUT_START
094 0 0658779596 RESP_END
094 0 0664843016 TIMEOUT_END
095 1 0666999016 STIM_START
095 1 0667999152 STIM_END_RESP_START
095 1 0668337216 LICK
095 1 0668337704 REWARD_START
095 1 0668586332 LICK
095 1 0668738380 LICK
095 1 0668904056 LICK
095 1 0669199164 RESP_END
095 1 0668348224 REWARD_END
096 0 0671105636 STIM_START
096 0 0671573432 LICK
096 0 0671732820 LICK
096 0 0671918016 LICK
096 0 0672105740 STIM_END_RESP_START
096 0 0673305776 RESP_END
097 0 0675307260 STIM_START
097 0 0676307364 STIM_END_RESP_START
097 0 0676668168 LICK
097 0 0676668656 TIMEOUT_START
097 0 0677507376 RESP_END
097 0 0683669148 TIMEOUT_END
098 1 0685836792 STIM_START
098 1 0686836896 STIM_END_RESP_START
098 1 0687238832 LICK
098 1 0687239324 REWARD_START
098 1 0687426484 LICK
098 1 0687943116 LICK
098 1 0688036932 RESP_END
098 1 0687249840 REWARD_END
099 0 0690339464 STIM_START
099 0 0691339568 STIM_END_RESP_START
099 0 0691356332 LICK
099 0 0691356824 TIMEOUT_START
099 0 0691553988 LICK
099 0 0691554480 TIMEOUT_START
099 0 0692539592 RESP_END
099 0 0698554988 TIMEOUT_END
100 0 0700413964 STIM_START
100 0 0701297988 LICK
100 0 0701414092 STIM_END_RESP_START
100 0 0702614132 RESP_END
101 1 0704720572 STIM_START
101 1 0705710520 LICK
101 1 0705720688 STIM_END_RESP_START
101 1 0706920720 RESP_END
102 1 0709619324 STIM_START
102 1 0710541040 LICK
102 1 0710619452 STIM_END_RESP_START
102 1 0711544980 LICK
102 1 0711545468 REWARD_START
102 1 0711665744 LICK
102 1 0711819476 RESP_END
102 1 0711555992 REWARD_END
103 1 0714751100 STIM_START
103 1 0715751236 STIM_END_RESP_START
103 1 0715861340 LICK
103 1 0715861828 REWARD_START
103 1 0716085652 LICK
103 1 0716250368 LICK
103 1 0716431116 LICK
103 1 0716951272 RESP_END
103 1 0715872352 REWARD_END
104 0 0719104680 STIM_START
104 0 0720104784 STIM_END_RESP_START
104 0 0720230464 LICK
104 0 0720230948 TIMEOUT_START
104 0 0720342400 LICK
104 0 0720342884 TIMEOUT_START
104 0 0720472708 LICK
104 0 0720473200 TIMEOUT_START
104 0 0721304808 RESP_END
104 0 0727473696 TIMEOUT_END
105 0 0729397228 STIM_START
105 0 0730397332 STIM_END_RESP_START
105 0 0730500336 LICK
105 0 0730500820 TIMEOUT_START
105 0 0731359084 LICK
105 0 0731359576 TIMEOUT_START
105 0 0731452144 LICK
105 0 0731452640 TIMEOUT_START
105 0 0731597364 RESP_END
105 0 0738453140 TIMEOUT_END
106 0 0740426828 STIM_START
106 0 0741426964 STIM_END_RESP_START
106 0 0741924612 LICK
106 0 0741925100 TIMEOUT_START
106 0 0742149708 LICK
106 0 0742150200 TIMEOUT_START
106 0 0742626992 RESP_END
106 0 0749150704 TIMEOUT_END
107 1 0751250444 STIM_START
107 1 0752250544 STIM_END_RESP_START
107 1 0752353184 LICK
107 1 0752353680 REWARD_START
107 1 0753450584 RESP_END
107 1 0752364196 REWARD_END
108 0 0756106140 STIM_START
108 0 0756483856 LICK
108 0 0757106260 STIM_END_RESP_START
108 0 0758306300 RESP_END
109 1 0760417756 STIM_START
109 1 0761417860 STIM_END_RESP_START
109 1 0761960044 LICK
109 1 0761960536 REWARD_START
109 1 0762179452 LICK
109 1 0762357988 LICK
109 1 0762528456 LICK
109 1 0762617892 RESP_END
109 1 0761971056 REWARD_END
110 0 0764862424 STIM_START
110 0 0765338140 LICK
110 0 0765862528 STIM_END_RESP_START
110 0 0767062572 RESP_END
111 1 0768977048 STIM_START
111 1 0769956352 LICK
111 1 0769977168 STIM_END_RESP_START
111 1 0770160268 LICK
111 1 0770160756 REWARD_START
111 1 0771177208 RESP_END
111 1 0770171276 REWARD_END
112 0 0773226676 STIM_START
112 0 0773646276 LICK
112 0 0773981832 LICK
112 0 0774132716 LICK
112 0 0774226792 STIM_END_RESP_START
112 0 0774314460 LICK
112 0 0774314944 TIMEOUT_START
112 0 0774468864 LICK
112 0 0774469348 TIMEOUT_START
112 0 0775426824 RESP_END
112 0 0781469852 TIMEOUT_END
113 1 0783682204 STIM_START
113 1 0784392912 LICK
113 1 0784682312 STIM_END_RESP_START
113 1 0784964796 LICK
113 1 0784965280 REWARD_START
113 1 0785124552 LICK
113 1 0785340000 LICK
113 1 0785540128 LICK
113 1 0785707980 LICK
113 1 0785882332 RESP_END
113 1 0784975800 REWARD_END
114 0 0788369864 STIM_START
114 0 0789369968 STIM_END_RESP_START
114 0 0790570008 RESP_END
115 1 0792590512 STIM_START
115 1 0793590612 STIM_END_RESP_START
115 1 0793596088 LICK
115 1 0793596580 REWARD_START
115 1 0793790816 LICK
115 1 0793961904 LICK
115 1 0794131492 LICK
115 1 0794284108 LICK
115 1 0794790652 RESP_END
115 1 0793607120 REWARD_END
116 1 0796636092 STIM_START
116 1 0797224176 LICK
116 1 0797462600 LICK
116 1 0797636232 STIM_END_RESP_START
116 1 0798121820 LICK
116 1 0798122312 REWARD_START
116 1 0798836268 RESP_END
116 1 0798132832 REWARD_END
117 0 0801080780 STIM_START
117 0 0802080884 STIM_END_RESP_START
117 0 0802246532 LICK
117 0 0802247020 TIMEOUT_START
117 0 0802441324 LICK
117 0 0802441808 TIMEOUT_START
117 0 0802612140 LICK
117 0 0802612628 TIMEOUT_START
117 0 0802763768 LICK
117 0 0802764260 TIMEOUT_START
117 0 0803280912 RESP_END
117 0 0809764764 TIMEOUT_END
118 0 0811827332 STIM_START
118 0 0812827468 STIM_END_RESP_START
118 0 0812906632 LICK
118 0 0812907116 TIMEOUT_START
118 0 0813122564 LICK
118 0 0813123048 TIMEOUT_START
118 0 0814027484 RESP_END
118 0 0820123556 TIMEOUT_END
119 1 0821925804 STIM_START
119 1 0822925904 STIM_END_RESP_START
119 1 0823017832 LICK
119 1 0823018320 REWARD_START
119 1 0823150776 LICK
119 1 0823545520 LICK
119 1 0823687840 LICK
119 1 0823862020 LICK
119 1 0824125936 RESP_END
119 1 0823028844 REWARD_END
120 1 0826110448 STIM_START
120 1 0826941512 LICK
120 1 0827110560 STIM_END_RESP_START
120 1 0827468248 LICK
120 1 0827468732 REWARD_START
120 1 0827628392 LICK
120 1 0827796656 LICK
120 1 0827959164 LICK
120 1 0828135412 LICK
120 1 0828310600 RESP_END
120 1 0827479260 REWARD_END
121 1 0830565072 STIM_START
121 1 0831565180 STIM_END_RESP_START
121 1 0831952272 LICK
121 1 0831952760 REWARD_START
121 1 0832157648 LICK
121 1 0832327060 LICK
121 1 0832518148 LICK
121 1 0832765192 RESP_END
121 1 0831963284 REWARD_END
122 0 0835213816 STIM_START
122 0 0835810316 LICK
122 0 0836039604 LICK
122 0 0836213916 STIM_END_RESP_START
122 0 0836477516 LICK
122 0 0836478008 TIMEOUT_START
122 0 0836685028 LICK
122 0 0836685512 TIMEOUT_START
122 0 0837413936 RESP_END
122 0 0843686028 TIMEOUT_END
123 1 0845494328 STIM_START
123 1 0846494440 STIM_END_RESP_START
123 1 0846500504 LICK
123 1 0846501004 REWARD_START
123 1 0846721184 LICK
123 1 0846929896 LICK
123 1 0847244624 LICK
123 1 0847694456 RESP_END
123 1 0846511520 REWARD_END
124 0 0849721908 STIM_START
124 0 0849814376 LICK
124 0 0850556812 LICK
124 0 0850722024 STIM_END_RESP_START
124 0 0850756160 LICK
124 0 0850756652 TIMEOUT_START
124 0 0851568240 LICK
124 0 0851568732 TIMEOUT_START
124 0 0851798552 LICK
124 0 0851799036 TIMEOUT_START
124 0 0851922032 RESP_END
124 0 0858799556 TIMEOUT_END
125 0 0860690544 STIM_START
125 0 0861690640 STIM_END_RESP_START
125 0 0861785660 LICK
125 0 0861786148 TIMEOUT_START
125 0 0862005648 LICK
125 0 0862006132 TIMEOUT_START
125 0 0862731528 LICK
125 0 0862732008 TIMEOUT_START
125 0 0862890688 RESP_END
125 0 0869732512 TIMEOUT_END
126 1 0871696120 STIM_START
126 1 0872696220 STIM_END_RESP_START
126 1 0873262252 LICK
126 1 0873262736 REWARD_START
126 1 0873896240 RESP_END
126 1 0873273256 REWARD_END
127 0 0875878756 STIM_START
127 0 0876005428 LICK
127 0 0876174228 LICK
127 0 0876878896 STIM_END_RESP_START
127 0 0878078928 RESP_END
128 1 0881620576 STIM_START
128 1 0882549388 LICK
128 1 0882620704 STIM_END_RESP_START
128 1 0882738120 LICK
128 1 0882738612 REWARD_START
128 1 0882932896 LICK
128 1 0883108592 LICK
128 1 0883323080 LICK
128 1 0883474644 LICK
128 1 0883646240 LICK
128 1 0883820724 RESP_END
128 1 0882749132 REWARD_END
129 0 0885587164 STIM_START
129 0 0885594700 LICK
129 0 0885801736 LICK
129 0 0886468648 LICK
129 0 0886587268 STIM_END_RESP_START
129 0 0887308504 LICK
129 0 0887308988 TIMEOUT_START
129 0 0887787308 RESP_END
129 0 0894309492 TIMEOUT_END
130 0 0896354760 STIM_START
130 0 0897354864 STIM_END_RESP_START
130 0 0897720548 LICK
130 0 0897721032 TIMEOUT_START
130 0 0897919288 LICK
130 0 0897919772 TIMEOUT_START
130 0 0898554904 RESP_END
130 0 0904920292 TIMEOUT_END
131 0 0906764280 STIM_START
131 0 0907764384 STIM_END_RESP_START
131 0 0907843988 LICK
131 0 0907844472 TIMEOUT_START
131 0 0908059924 LICK
131 0 0908060408 TIMEOUT_START
131 0 0908829368 LICK
131 0 0908829860 TIMEOUT_START
131 0 0908964428 RESP_END
131 0 0915830368 TIMEOUT_END
132 1 0917572864 STIM_START
132 1 0918573000 STIM_END_RESP_START
132 1 0918630116 LICK
132 1 0918630608 REWARD_START
132 1 0918825616 LICK
132 1 0919192236 LICK
132 1 0919374176 LICK
132 1 0919544316 LICK
132 1 0919773040 RESP_END
132 1 0918641128 REWARD_END
133 1 0922019524 STIM_START
133 1 0922744176 LICK
133 1 0922953864 LICK
133 1 0923019652 STIM_END_RESP_START
133 1 0923754940 LICK
133 1 0923755424 REWARD_START
133 1 0923932184 LICK
133 1 0924117468 LICK
133 1 0924219692 RESP_END
133 1 0923765952 REWARD_END
134 0 0926529196 STIM_START
134 0 0927252604 LICK
134 0 0927441084 LICK
134 0 0927529320 STIM_END_RESP_START
134 0 0928729360 RESP_END
135 1 0930873836 STIM_START
135 1 0931640904 LICK
135 1 0931873936 STIM_END_RESP_START
135 1 0933073976 RESP_END
136 1 0936372648 STIM_START
136 1 0937256504 LICK
136 1 0937372764 STIM_END_RESP_START
136 1 0937463540 LICK
136 1 0937464032 REWARD_START
136 1 0938026560 LICK
136 1 0938344092 LICK
136 1 0938527348 LICK
136 1 0938572808 RESP_END
136 1 0937474552 REWARD_END
137 1 0940940316 STIM_START
137 1 0941504936 LICK
137 1 0941654856 LICK
137 1 0941940424 STIM_END_RESP_START
137 1 0942645576 LICK
137 1 0942646064 REWARD_START
137 1 0943140468 RESP_END
137 1 0942656588 REWARD_END
138 0 0945408976 STIM_START
138 0 0946409076 STIM_END_RESP_START
138 0 0946911596 LICK
138 0 0946912084 TIMEOUT_START
138 0 0947268652 LICK
138 0 0947269136 TIMEOUT_START
138 0 0947434872 LICK
138 0 0947435356 TIMEOUT_START
138 0 0947609116 RESP_END
138 0 0954435868 TIMEOUT_END
139 0 0956493628 STIM_START
139 0 0957493732 STIM_END_RESP_START
139 0 0958232644 LICK
139 0 0958233132 TIMEOUT_START
139 0 0958419136 LICK
139 0 0958419624 TIMEOUT_START
139 0 0958693756 RESP_END
139 0 0965420144 TIMEOUT_END
140 1 0967398212 STIM_START
140 1 0968398316 STIM_END_RESP_START
140 1 0968668804 LICK
140 1 0968669296 REWARD_START
140 1 0968889120 LICK
140 1 0969041464 LICK
140 1 0969230864 LICK
140 1 0969598336 RESP_END
140 1 0968679816 REWARD_END
141 0 0971648860 STIM_START
141 0 0972631680 LICK
141 0 0972648968 STIM_END_RESP_START
141 0 0972794088 LICK
141 0 0972794576 TIMEOUT_START
141 0 0972991692 LICK
141 0 0972992180 TIMEOUT_START
141 0 0973848992 RESP_END
141 0 0979992696 TIMEOUT_END
142 0 0981915356 STIM_START
142 0 0982632856 LICK
142 0 0982915484 STIM_END_RESP_START
142 0 0983166720 LICK
142 0 0983167212 TIMEOUT_START
142 0 0983350352 LICK
142 0 0983350836 TIMEOUT_START
142 0 0984115500 RESP_END
142 0 0990351340 TIMEOUT_END
143 1 0992285872 STIM_START
143 1 0993286008 STIM_END_RESP_START
143 1 0994486048 RESP_END
144 1 0996731536 STIM_START
144 1 0997415192 LICK
144 1 0997731664 STIM_END_RESP_START
144 1 0998931708 RESP_END
145 1 1001038140 STIM_START
145 1 1001505916 LICK
145 1 1001668092 LICK
145 1 1002038268 STIM_END_RESP_START
145 1 1002778476 LICK
145 1 1002779016 REWARD_START
145 1 1003002736 LICK
145 1 1003185060 LICK
145 1 1003238296 RESP_END
145 1 1002789584 REWARD_END
146 0 1005579848 STIM_START
146 0 1006579972 STIM_END_RESP_START
146 0 1006611932 LICK
146 0 1006612464 TIMEOUT_START
146 0 1006788464 LICK
146 0 1006789000 TIMEOUT_START
146 0 1007780004 RESP_END
146 0 1013789568 TIMEOUT_END
147 0 1015874336 STIM_START
147 0 1016612944 LICK
147 0 1016874468 STIM_END_RESP_START
147 0 1017276912 LICK
147 0 1017277452 TIMEOUT_START
147 0 1017670064 LICK
147 0 1017670596 TIMEOUT_START
147 0 1018074512 RESP_END
147 0 1024671164 TIMEOUT_END
148 0 1026637920 STIM_START
148 0 1027591608 LICK
148 0 1027638040 STIM_END_RESP_START
148 0 1027743572 LICK
148 0 1027744108 TIMEOUT_START
148 0 1028474144 LICK
148 0 1028474676 TIMEOUT_START
148 0 1028838084 RESP_END
148 0 1035475232 TIMEOUT_END
149 1 1037707528 STIM_START
149 1 1038577572 LICK
149 1 1038707656 STIM_END_RESP_START
149 1 1039184488 LICK
149 1 1039185028 REWARD_START
149 1 1039405528 LICK
149 1 1039536460 LICK
149 1 1039907696 RESP_END
149 1 1039195596 REWARD_END
150 1 1042258264 STIM_START
150 1 1043229100 LICK
150 1 1043258400 STIM_END_RESP_START
150 1 1043460768 LICK
150 1 1043461308 REWARD_START
150 1 1043677272 LICK
150 1 1043878744 LICK
150 1 1044041584 LICK
150 1 1044458444 RESP_END
150 1 1043471872 REWARD_END
151 0 1046432848 STIM_START
151 0 1047432960 STIM_END_RESP_START
151 0 1047485704 LICK
151 0 1047486236 TIMEOUT_START
151 0 1047702668 LICK
151 0 1047703200 TIMEOUT_START
151 0 1048421560 LICK
151 0 1048422096 TIMEOUT_START
151 0 1048632980 RESP_END
151 0 1055422664 TIMEOUT_END
152 1 1057306420 STIM_START
152 1 1058306536 STIM_END_RESP_START
152 1 1058426852 LICK
152 1 1058427392 REWARD_START
152 1 1058582160 LICK
152 1 1058783244 LICK
152 1 1058927940 LICK
152 1 1059085508 LICK
152 1 1059506552 RESP_END
152 1 1058437972 REWARD_END
153 1 1061514032 STIM_START
153 1 1062514152 STIM_END_RESP_START
153 1 1062731128 LICK
153 1 1062731656 REWARD_START
153 1 1062884308 LICK
153 1 1063066468 LICK
153 1 1063245796 LICK
153 1 1063419256 LICK
153 1 1063580924 LICK
153 1 1063714172 RESP_END
153 1 1062742228 REWARD_END
154 1 1065848660 STIM_START
154 1 1066475908 LICK
154 1 1066848776 STIM_END_RESP_START
154 1 1068048796 RESP_END
155 0 1071092440 STIM_START
155 0 1072058180 LICK
155 0 1072092568 STIM_END_RESP_START
155 0 1072277060 LICK
155 0 1072277596 TIMEOUT_START
155 0 1072491528 LICK
155 0 1072492060 TIMEOUT_START
155 0 1072936000 LICK
155 0 1072936532 TIMEOUT_START
155 0 1073292616 RESP_END
155 0 1079937096 TIMEOUT_END
156 1 1082085068 STIM_START
156 1 1083085184 STIM_END_RESP_START
156 1 1083736272 LICK
156 1 1083736808 REWARD_START
156 1 1083972112 LICK
156 1 1084285208 RESP_END
156 1 1083747380 REWARD_END
157 0 1086942780 STIM_START
157 0 1087515500 LICK
157 0 1087942876 STIM_END_RESP_START
157 0 1088412232 LICK
157 0 1088412768 TIMEOUT_START
157 0 1088586580 LICK
157 0 1088587116 TIMEOUT_START
157 0 1089142908 RESP_END
157 0 1095587672 TIMEOUT_END
158 1 1097422316 STIM_START
158 1 1098422436 STIM_END_RESP_START
158 1 1098932080 LICK
158 1 1098932620 REWARD_START
158 1 1099165368 LICK
158 1 1099350088 LICK
158 1 1099499212 LICK
158 1 1099622460 RESP_END
158 1 1098943184 REWARD_END
159 1 1101488904 STIM_START
159 1 1102489024 STIM_END_RESP_START
159 1 1102624048 LICK
159 1 1102624576 REWARD_START
159 1 1102900124 LICK
159 1 1103107108 LICK
159 1 1103275080 LICK
159 1 1103446076 LICK
159 1 1103621660 LICK
159 1 1103689072 RESP_END
159 1 1102635148 REWARD_END
160 1 1105823536 STIM_START
160 1 1106823660 STIM_END_RESP_START
160 1 1107360808 LICK
160 1 1107361340 REWARD_START
160 1 1107571396 LICK
160 1 1107774268 LICK
160 1 1107930296 LICK
160 1 1108023708 RESP_END
160 1 1107371904 REWARD_END
161 0 1110126168 STIM_START
161 0 1110735920 LICK
161 0 1111004928 LICK
161 0 1111126296 STIM_END_RESP_START
161 0 1111160956 LICK
161 0 1111161488 TIMEOUT_START
161 0 1111765292 LICK
161 0 1111765824 TIMEOUT_START
161 0 1112326312 RESP_END
161 0 1118766384 TIMEOUT_END
162 0 1120716728 STIM_START
162 0 1121716848 STIM_END_RESP_START
162 0 1121810880 LICK
162 0 1121811412 TIMEOUT_START
162 0 1122039216 LICK
162 0 1122039748 TIMEOUT_START
162 0 1122916876 RESP_END
162 0 1129040304 TIMEOUT_END
163 0 1131267308 STIM_START
163 0 1132267420 STIM_END_RESP_START
163 0 1132435192 LICK
163 0 1132435732 TIMEOUT_START
163 0 1132648300 LICK
163 0 1132648836 TIMEOUT_START
163 0 1133467444 RESP_END
163 0 1139649388 TIMEOUT_END
164 1 1141890848 STIM_START
164 1 1142890964 STIM_END_RESP_START
164 1 1143308324 LICK
164 1 1143308856 REWARD_START
164 1 1144033656 LICK
164 1 1144091012 RESP_END
164 1 1143319440 REWARD_END
165 1 1146822572 STIM_START
165 1 1147743936 LICK
165 1 1147822700 STIM_END_RESP_START
165 1 1148404208 LICK
165 1 1148404748 REWARD_START
165 1 1148618516 LICK
165 1 1148787120 LICK
165 1 1149022748 RESP_END
165 1 1148415316 REWARD_END
166 1 1151939316 STIM_START
166 1 1152939436 STIM_END_RESP_START
166 1 1153045616 LICK
166 1 1153046148 REWARD_START
166 1 1153222472 LICK
166 1 1153412188 LICK
166 1 1153570880 LICK
166 1 1153775524 LICK
166 1 1154139480 RESP_END
166 1 1153056716 REWARD_END
167 0 1155979916 STIM_START
167 0 1156351872 LICK
167 0 1156980036 STIM_END_RESP_START
167 0 1157412816 LICK
167 0 1157413352 TIMEOUT_START
167 0 1157622196 LICK
167 0 1157622728 TIMEOUT_START
167 0 1158180072 RESP_END
167 0 1164623292 TIMEOUT_END
168 0 1166427448 STIM_START
168 0 1167427564 STIM_END_RESP_START
168 0 1167915644 LICK
168 0 1167916184 TIMEOUT_START
168 0 1168133392 LICK
168 0 1168133924 TIMEOUT_START
168 0 1168280540 LICK
168 0 1168281076 TIMEOUT_START
168 0 1168627584 RESP_END
168 0 1175281632 TIMEOUT_END
169 1 1177124036 STIM_START
169 1 1178124148 STIM_END_RESP_START
169 1 1178504604 LICK
169 1 1178505136 REWARD_START
169 1 1178728732 LICK
169 1 1178903588 LICK
169 1 1179063556 LICK
169 1 1179324164 RESP_END
169 1 1178515708 REWARD_END
170 0 1181268656 STIM_START
170 0 1181608500 LICK
170 0 1181810088 LICK
170 0 1182268764 STIM_END_RESP_START
170 0 1182469216 LICK
170 0 1182469744 TIMEOUT_START
170 0 1182675212 LICK
170 0 1182675744 TIMEOUT_START
170 0 1183468800 RESP_END
170 0 1189676312 TIMEOUT_END
171 1 1191810176 STIM_START
171 1 1192810288 STIM_END_RESP_START
171 1 1192987160 LICK
171 1 1192987696 REWARD_START
171 1 1193139492 LICK
171 1 1193473280 LICK
171 1 1193646924 LICK
171 1 1193821888 LICK
171 1 1194010328 RESP_END
171 1 1192998264 REWARD_END
172 1 1196073812 STIM_START
172 1 1197073932 STIM_END_RESP_START
172 1 1197205868 LICK
172 1 1197206400 REWARD_START
172 1 1197423856 LICK
172 1 1197541708 LICK
172 1 1197732896 LICK
172 1 1198273968 RESP_END
172 1 1197216972 REWARD_END
173 0 1200047396 STIM_START
173 0 1200989916 LICK
173 0 1201047512 STIM_END_RESP_START
173 0 1201174272 LICK
173 0 1201174812 TIMEOUT_START
173 0 1201731108 LICK
173 0 1201731648 TIMEOUT_START
173 0 1201976408 LICK
173 0 1201976936 TIMEOUT_START
173 0 1202247556 RESP_END
173 0 1208977492 TIMEOUT_END
174 0 1210939048 STIM_START
174 0 1211939168 STIM_END_RESP_START
174 0 1212123516 LICK
174 0 1212124048 TIMEOUT_START
174 0 1213041176 LICK
174 0 1213041712 TIMEOUT_START
174 0 1213139216 RESP_END
174 0 1220042264 TIMEOUT_END
175 1 1222114612 STIM_START
175 1 1223106788 LICK
175 1 1223114720 STIM_END_RESP_START
175 1 1223334216 LICK
175 1 1223334748 REWARD_START
175 1 1224276460 LICK
175 1 1224314760 RESP_END
175 1 1223345320 REWARD_END
176 1 1227061360 STIM_START
176 1 1228061480 STIM_END_RESP_START
176 1 1228170988 LICK
176 1 1228171528 REWARD_START
176 1 1228330916 LICK
176 1 1228519860 LICK
176 1 1228693044 LICK
176 1 1228840116 LICK
176 1 1229261496 RESP_END
176 1 1228182096 REWARD_END
177 1 1231196948 STIM_START
177 1 1231782388 LICK
177 1 1232000164 LICK
177 1 1232197072 STIM_END_RESP_START
177 1 1233201604 LICK
177 1 1233202136 REWARD_START
177 1 1233358304 LICK
177 1 1233397108 RESP_END
177 1 1233212708 REWARD_END
178 0 1235581604 STIM_START
178 0 1235641156 LICK
178 0 1235814192 LICK
178 0 1236581728 STIM_END_RESP_START
178 0 1237781748 RESP_END
179 0 1239724216 STIM_START
179 0 1240581668 LICK
179 0 1240724312 STIM_END_RESP_START
179 0 1240840820 LICK
179 0 1240841356 TIMEOUT_START
179 0 1241474640 LICK
179 0 1241475176 TIMEOUT_START
179 0 1241924352 RESP_END
179 0 1248475728 TIMEOUT_END
180 1 1250230780 STIM_START
180 1 1251230900 STIM_END_RESP_START
180 1 1251370432 LICK
180 1 1251370964 REWARD_START
180 1 1251569088 LICK
180 1 1251749348 LICK
180 1 1251933208 LICK
180 1 1252089104 LICK
180 1 1252430928 RESP_END
180 1 1251381536 REWARD_END
181 1 1256705684 STIM_START
181 1 1257684264 LICK
181 1 1257705824 STIM_END_RESP_START
181 1 1257930360 LICK
181 1 1257930900 REWARD_START
181 1 1258807776 LICK
181 1 1258905872 RESP_END
181 1 1257941468 REWARD_END
182 0 1261772428 STIM_START
182 0 1262772556 STIM_END_RESP_START
182 0 1262871508 LICK
182 0 1262872048 TIMEOUT_START
182 0 1263020300 LICK
182 0 1263020832 TIMEOUT_START
182 0 1263210400 LICK
182 0 1263210936 TIMEOUT_START
182 0 1263972576 RESP_END
182 0 1270211492 TIMEOUT_END
183 0 1272300988 STIM_START
183 0 1273301108 STIM_END_RESP_START
183 0 1273441588 LICK
183 0 1273442120 TIMEOUT_START
183 0 1273598180 LICK
183 0 1273598716 TIMEOUT_START
183 0 1273821824 LICK
183 0 1273822364 TIMEOUT_START
183 0 1274501152 RESP_END
183 0 1280822916 TIMEOUT_END
184 0 1282903536 STIM_START
184 0 1283870516 LICK
184 0 1283903652 STIM_END_RESP_START
184 0 1284910532 LICK
184 0 1284911060 TIMEOUT_START
184 0 1285101528 LICK
184 0 1285102064 TIMEOUT_START
184 0 1285103684 RESP_END
184 0 1292102632 TIMEOUT_END
185 1 1294113212 STIM_START
185 1 1295113340 STIM_END_RESP_START
185 1 1296313360 RESP_END
186 1 1298407832 STIM_START
186 1 1299407952 STIM_END_RESP_START
186 1 1300607968 RESP_END
187 1 1302575428 STIM_START
187 1 1303338844 LICK
187 1 1303575548 STIM_END_RESP_START
187 1 1304775568 RESP_END
188 0 1306735076 STIM_START
188 0 1307735196 STIM_END_RESP_START
188 0 1308935216 RESP_END
189 0 1311171720 STIM_START
189 0 1311607508 LICK
189 0 1312171828 STIM_END_RESP_START
189 0 1313371844 RESP_END
190 1 1316369452 STIM_START
190 1 1317369564 STIM_END_RESP_START
190 1 1318569584 RESP_END
191 0 1320734120 STIM_START
191 0 1321734240 STIM_END_RESP_START
191 0 1322934252 RESP_END
192 0 1324862756 STIM_START
192 0 1325862868 STIM_END_RESP_START
192 0 1327062888 RESP_END
193 0 1329220340 STIM_START
193 0 1330220460 STIM_END_RESP_START
193 0 1331420480 RESP_END
194 1 1333402972 STIM_START
194 1 1334403092 STIM_END_RESP_START
194 1 1335603104 RESP_END
195 1 1337781624 STIM_START
195 1 1338781744 STIM_END_RESP_START
195 1 1339981796 RESP_END
196 1 1342008228 STIM_START
196 1 1343008352 STIM_END_RESP_START
196 1 1344208368 RESP_END
197 0 1346223852 STIM_START
197 0 1347223972 STIM_END_RESP_START
197 0 1347302728 LICK
197 0 1347303256 TIMEOUT_START
197 0 1347531416 LICK
197 0 1347531952 TIMEOUT_START
197 0 1347699244 LICK
197 0 1347699776 TIMEOUT_START
197 0 1348424000 RESP_END
197 0 1354700324 TIMEOUT_END
198 0 1356660392 STIM_START
198 0 1357660512 STIM_END_RESP_START
198 0 1358074812 LICK
198 0 1358075348 TIMEOUT_START
198 0 1358238304 LICK
198 0 1358238840 TIMEOUT_START
198 0 1358860536 RESP_END
198 0 1365239400 TIMEOUT_END
199 1 1367161004 STIM_START
199 1 1368161116 STIM_END_RESP_START
199 1 1368731960 LICK
199 1 1368732492 REWARD_START
199 1 1369361136 RESP_END
199 1 1368743060 REWARD_END
200 0 1371930648 STIM_START
200 0 1372827716 LICK
200 0 1372930764 STIM_END_RESP_START
200 0 1372994404 LICK
200 0 1372994940 TIMEOUT_START
200 0 1373191388 LICK
200 0 1373191920 TIMEOUT_START
200 0 1373385680 LICK
200 0 1373386220 TIMEOUT_START
200 0 1374024456 LICK
200 0 1374024992 TIMEOUT_START
200 0 1374130796 RESP_END
200 0 1381025560 TIMEOUT_END
201 1 1383042240 STIM_START
201 1 1384042344 STIM_END_RESP_START
201 1 1384050264 LICK
201 1 1384050808 REWARD_START
201 1 1384208036 LICK
201 1 1384403032 LICK
201 1 1384571440 LICK
201 1 1384742976 LICK
201 1 1384936124 LICK
201 1 1385242360 RESP_END
201 1 1384061376 REWARD_END
202 0 1387475960 STIM_START
202 0 1388476084 STIM_END_RESP_START
202 0 1388821684 LICK
202 0 1388822216 TIMEOUT_START
202 0 1389004344 LICK
202 0 1389004884 TIMEOUT_START
202 0 1389676096 RESP_END
202 0 1396005440 TIMEOUT_END
203 1 1398013484 STIM_START
203 1 1399013604 STIM_END_RESP_START
203 1 1399144712 LICK
203 1 1399145244 REWARD_START
203 1 1399329964 LICK
203 1 1399637432 LICK
203 1 1399829332 LICK
203 1 1399987828 LICK
203 1 1400213628 RESP_END
203 1 1399155816 REWARD_END
204 0 1402092036 STIM_START
204 0 1403092160 STIM_END_RESP_START
204 0 1403100416 LICK
204 0 1403100952 TIMEOUT_START
204 0 1403685584 LICK
204 0 1403686124 TIMEOUT_START
204 0 1404292188 RESP_END
204 0 1410686692 TIMEOUT_END
205 1 1412892624 STIM_START
205 1 1413892744 STIM_END_RESP_START
205 1 1415003868 LICK
205 1 1415004408 REWARD_START
205 1 1415092792 RESP_END
205 1 1415014972 REWARD_END
206 1 1417516292 STIM_START
206 1 1418516416 STIM_END_RESP_START
206 1 1418556828 LICK
206 1 1418557360 REWARD_START
206 1 1418738764 LICK
206 1 1418923128 LICK
206 1 1419090580 LICK
206 1 1419262908 LICK
206 1 1419716456 RESP_END
206 1 1418567932 REWARD_END
207 1 1422103984 STIM_START
207 1 1422273808 LICK
207 1 1422482544 LICK
207 1 1423104084 STIM_END_RESP_START
207 1 1423306040 LICK
207 1 1423306576 REWARD_START
207 1 1423458316 LICK
207 1 1423659276 LICK
207 1 1423816616 LICK
207 1 1424304120 RESP_END
207 1 1423317148 REWARD_END
208 0 1426506620 STIM_START
208 0 1427486808 LICK
208 0 1427506748 STIM_END_RESP_START
208 0 1427693700 LICK
208 0 1427694232 TIMEOUT_START
208 0 1427918548 LICK
208 0 1427919084 TIMEOUT_START
208 0 1428706764 RESP_END
208 0 1434919648 TIMEOUT_END
209 0 1437156228 STIM_START
209 0 1438156348 STIM_END_RESP_START
209 0 1438560112 LICK
209 0 1438560652 TIMEOUT_START
209 0 1438731568 LICK
209 0 1438732100 TIMEOUT_START
209 0 1438927228 LICK
209 0 1438927756 TIMEOUT_START
209 0 1439356388 RESP_END
209 0 1445928312 TIMEOUT_END
210 1 1447946768 STIM_START
210 1 1447985384 LICK
210 1 1448946884 STIM_END_RESP_START
210 1 1448955328 LICK
210 1 1448955864 REWARD_START
210 1 1449137244 LICK
210 1 1449302748 LICK
210 1 1449463484 LICK
210 1 1449652076 LICK
210 1 1450146928 RESP_END
210 1 1448966436 REWARD_END
211 1 1451989408 STIM_START
211 1 1452403100 LICK
211 1 1452570884 LICK
211 1 1452989516 STIM_END_RESP_START
211 1 1453689392 LICK
211 1 1453689932 REWARD_START
211 1 1453876380 LICK
211 1 1454189548 RESP_END
211 1 1453700496 REWARD_END
212 1 1456631028 STIM_START
212 1 1457631144 STIM_END_RESP_START
212 1 1457824428 LICK
212 1 1457824968 REWARD_START
212 1 1458009520 LICK
212 1 1458174788 LICK
212 1 1458356980 LICK
212 1 1458831176 RESP_END
212 1 1457835532 REWARD_END
213 0 1460756664 STIM_START
213 0 1461232340 LICK
213 0 1461401216 LICK
213 0 1461756768 STIM_END_RESP_START
213 0 1462956792 RESP_END
214 0 1464749248 STIM_START
214 0 1465273616 LICK
214 0 1465378432 LICK
214 0 1465749368 STIM_END_RESP_START
214 0 1466123984 LICK
214 0 1466124524 TIMEOUT_START
214 0 1466342828 LICK
214 0 1466343360 TIMEOUT_START
214 0 1466949404 RESP_END
214 0 1473343928 TIMEOUT_END
215 0 1475142740 STIM_START
215 0 1476142856 STIM_END_RESP_START
215 0 1476468788 LICK
215 0 1476469320 TIMEOUT_START
215 0 1477228980 LICK
215 0 1477229512 TIMEOUT_START
215 0 1477342880 RESP_END
215 0 1484230064 TIMEOUT_END
216 1 1486432424 STIM_START
216 1 1487432536 STIM_END_RESP_START
216 1 1487742812 LICK
216 1 1487743352 REWARD_START
216 1 1487964236 LICK
216 1 1488248236 LICK
216 1 1488433392 LICK
216 1 1488632556 RESP_END
216 1 1487753920 REWARD_END
217 0 1490722040 STIM_START
217 0 1491722156 STIM_END_RESP_START
217 0 1491879324 LICK
217 0 1491879856 TIMEOUT_START
217 0 1492092912 LICK
217 0 1492093448 TIMEOUT_START
217 0 1492922168 RESP_END
217 0 1499094012 TIMEOUT_END
218 0 1500905540 STIM_START
218 0 1501866696 LICK
218 0 1501905676 STIM_END_RESP_START
218 0 1502082692 LICK
218 0 1502083232 TIMEOUT_START
218 0 1502820328 LICK
218 0 1502820868 TIMEOUT_START
218 0 1503019460 LICK
218 0 1503019996 TIMEOUT_START
218 0 1503105724 RESP_END
218 0 1510020572 TIMEOUT_END
219 0 1511909168 STIM_START
219 0 1512909288 STIM_END_RESP_START
219 0 1513108780 LICK
219 0 1513109312 TIMEOUT_START
219 0 1513337636 LICK
219 0 1513338172 TIMEOUT_START
219 0 1514109332 RESP_END
219 0 1520338724 TIMEOUT_END
220 1 1522455704 STIM_START
220 1 1523455816 STIM_END_RESP_START
220 1 1523556776 LICK
220 1 1523557312 REWARD_START
220 1 1523783224 LICK
220 1 1524655852 RESP_END
220 1 1523567888 REWARD_END
221 0 1527583436 STIM_START
221 0 1528299140 LICK
221 0 1528527300 LICK
221 0 1528583548 STIM_END_RESP_START
221 0 1528690580 LICK
221 0 1528691116 TIMEOUT_START
221 0 1529546232 LICK
221 0 1529546772 TIMEOUT_START
221 0 1529783564 RESP_END
221 0 1536547336 TIMEOUT_END
222 1 1538304032 STIM_START
222 1 1539193348 LICK
222 1 1539304132 STIM_END_RESP_START
222 1 1539395712 LICK
222 1 1539396244 REWARD_START
222 1 1540030192 LICK
222 1 1540344876 LICK
222 1 1540504168 RESP_END
222 1 1539406828 REWARD_END
223 0 1542647652 STIM_START
223 0 1543526916 LICK
223 0 1543647764 STIM_END_RESP_START
223 0 1544260268 LICK
223 0 1544260808 TIMEOUT_START
223 0 1544414620 LICK
223 0 1544415152 TIMEOUT_START
223 0 1544624748 LICK
223 0 1544625288 TIMEOUT_START
223 0 1544847796 RESP_END
223 0 1551625852 TIMEOUT_END
224 1 1553414224 STIM_START
224 1 1554212664 LICK
224 1 1554414344 STIM_END_RESP_START
224 1 1555283528 LICK
224 1 1555284068 REWARD_START
224 1 1555461268 LICK
224 1 1555614380 RESP_END
224 1 1555294636 REWARD_END
225 0 1558004908 STIM_START
225 0 1558581352 LICK
225 0 1558805436 LICK
225 0 1559005040 STIM_END_RESP_START
225 0 1560205060 RESP_END
226 1 1562167504 STIM_START
226 1 1562747548 LICK
226 1 1562995188 LICK
226 1 1563167640 STIM_END_RESP_START
226 1 1563590260 LICK
226 1 1563590800 REWARD_START
226 1 1563784536 LICK
226 1 1563962112 LICK
226 1 1564132860 LICK
226 1 1564307636 LICK
226 1 1564367672 RESP_END
226 1 1563601368 REWARD_END
227 1 1566605172 STIM_START
227 1 1567529372 LICK
227 1 1567605296 STIM_END_RESP_START
227 1 1567712804 LICK
227 1 1567713344 REWARD_START
227 1 1567886864 LICK
227 1 1568058712 LICK
227 1 1568251688 LICK
227 1 1568805316 RESP_END
227 1 1567723912 REWARD_END
228 1 1570959800 STIM_START
228 1 1571959924 STIM_END_RESP_START
228 1 1572398740 LICK
228 1 1572399280 REWARD_START
228 1 1572586776 LICK
228 1 1572763668 LICK
228 1 1572931848 LICK
228 1 1573159952 RESP_END
228 1 1572409848 REWARD_END
229 0 1575021408 STIM_START
229 0 1576021528 STIM_END_RESP_START
229 0 1576277140 LICK
229 0 1576277672 TIMEOUT_START
229 0 1576500376 LICK
229 0 1576500908 TIMEOUT_START
229 0 1577221548 RESP_END
229 0 1583501468 TIMEOUT_END
230 1 1585704964 STIM_START
230 1 1586705080 STIM_END_RESP_START
230 1 1586957424 LICK
230 1 1586957956 REWARD_START
230 1 1587162460 LICK
230 1 1587382912 LICK
230 1 1587530112 LICK
230 1 1587711208 LICK
230 1 1587905100 RESP_END
230 1 1586968544 REWARD_END
231 1 1589847560 STIM_START
231 1 1590847680 STIM_END_RESP_START
231 1 1590935540 LICK
231 1 1590936084 REWARD_START
231 1 1591090312 LICK
231 1 1591280108 LICK
231 1 1591444816 LICK
231 1 1591639032 LICK
231 1 1592047696 RESP_END
231 1 1590946668 REWARD_END
232 0 1593962180 STIM_START
232 0 1594823692 LICK
232 0 1594962284 STIM_END_RESP_START
232 0 1595001372 LICK
232 0 1595001912 TIMEOUT_START
232 0 1596162300 RESP_END
232 0 1602002476 TIMEOUT_END
233 0 1604104676 STIM_START
233 0 1605053392 LICK
233 0 1605104788 STIM_END_RESP_START
233 0 1605270568 LICK
233 0 1605271100 TIMEOUT_START
233 0 1605906584 LICK
233 0 1605907116 TIMEOUT_START
233 0 1606155680 LICK
233 0 1606156212 TIMEOUT_START
233 0 1606304824 RESP_END
233 0 1613156784 TIMEOUT_END
234 0 1615241284 STIM_START
234 0 1616241396 STIM_END_RESP_START
234 0 1616381648 LICK
234 0 1616382188 TIMEOUT_START
234 0 1616542772 LICK
234 0 1616543304 TIMEOUT_START
234 0 1617234748 LICK
234 0 1617235284 TIMEOUT_START
234 0 1617441432 RESP_END
234 0 1624235844 TIMEOUT_END
235 1 1626238904 STIM_START
235 1 1627239024 STIM_END_RESP_START
235 1 1627401984 LICK
235 1 1627402524 REWARD_START
235 1 1628229108 LICK
235 1 1628439064 RESP_END
235 1 1627413088 REWARD_END
236 0 1631031624 STIM_START
236 0 1632031740 STIM_END_RESP_START
236 0 1632355792 LICK
236 0 1632356324 TIMEOUT_START
236 0 1632592276 LICK
236 0 1632592808 TIMEOUT_START
236 0 1633231756 RESP_END
236 0 1639593364 TIMEOUT_END
237 1 1641567144 STIM_START
237 1 1642567264 STIM_END_RESP_START
237 1 1642604212 LICK
237 1 1642604748 REWARD_START
237 1 1642776636 LICK
237 1 1643131364 LICK
237 1 1643296824 LICK
237 1 1643444676 LICK
237 1 1643640568 LICK
237 1 1643767308 RESP_END
237 1 1642615312 REWARD_END
238 1 1645817772 STIM_START
238 1 1646817892 STIM_END_RESP_START
238 1 1646879132 LICK
238 1 1646879664 REWARD_START
238 1 1647035368 LICK
238 1 1647205004 LICK
238 1 1647545052 LICK
238 1 1647726180 LICK
238 1 1648017916 RESP_END
238 1 1646890236 REWARD_END
239 1 1649970436 STIM_START
239 1 1650509040 LICK
239 1 1650684068 LICK
239 1 1650874608 LICK
239 1 1650970552 STIM_END_RESP_START
239 1 1651511604 LICK
239 1 1651512136 REWARD_START
239 1 1651749768 LICK
239 1 1651952744 LICK
239 1 1652135400 LICK
239 1 1652170596 RESP_END
239 1 1651522708 REWARD_END
240 0 1654344024 STIM_START
240 0 1655344144 STIM_END_RESP_START
240 0 1656544156 RESP_END
241 1 1659710832 STIM_START
241 1 1660710952 STIM_END_RESP_START
241 1 1660906244 LICK
241 1 1660906784 REWARD_START
241 1 1661110564 LICK
241 1 1661288572 LICK
241 1 1661480408 LICK
241 1 1661674212 LICK
241 1 1661910992 RESP_END
241 1 1660917348 REWARD_END
242 0 1664034452 STIM_START
242 0 1665034568 STIM_END_RESP_START
242 0 1665345452 LICK
242 0 1665345988 TIMEOUT_START
242 0 1665503008 LICK
242 0 1665503548 TIMEOUT_START
242 0 1665702928 LICK
242 0 1665703460 TIMEOUT_START
242 0 1666234616 RESP_END
242 0 1672704016 TIMEOUT_END
243 1 1674778016 STIM_START
243 1 1675778136 STIM_END_RESP_START
243 1 1676046692 LICK
243 1 1676047228 REWARD_START
243 1 1676312256 LICK
243 1 1676486892 LICK
243 1 1676648156 LICK
243 1 1676844816 LICK
243 1 1676978184 RESP_END
243 1 1676057800 REWARD_END
244 1 1679158656 STIM_START
244 1 1680158776 STIM_END_RESP_START
244 1 1680702276 LICK
244 1 1680702812 REWARD_START
244 1 1680894160 LICK
244 1 1681083968 LICK
244 1 1681253088 LICK
244 1 1681358820 RESP_END
244 1 1680713376 REWARD_END
245 1 1683495300 STIM_START
245 1 1684292760 LICK
245 1 1684495412 STIM_END_RESP_START
245 1 1684524072 LICK
245 1 1684524604 REWARD_START
245 1 1685170012 LICK
245 1 1685333344 LICK
245 1 1685520460 LICK
245 1 1685695432 RESP_END
245 1 1684535184 REWARD_END
246 0 1687712928 STIM_START
246 0 1688713040 STIM_END_RESP_START
246 0 1689103424 LICK
246 0 1689103952 TIMEOUT_START
246 0 1689299428 LICK
246 0 1689299956 TIMEOUT_START
246 0 1689913052 RESP_END
246 0 1696300520 TIMEOUT_END
247 1 1698457504 STIM_START
247 1 1699457624 STIM_END_RESP_START
247 1 1699548012 LICK
247 1 1699548552 REWARD_START
247 1 1700439196 LICK
247 1 1700610524 LICK
247 1 1700657660 RESP_END
247 1 1699559116 REWARD_END
248 0 1703402208 STIM_START
248 0 1704369668 LICK
248 0 1704402316 STIM_END_RESP_START
248 0 1704573028 LICK
248 0 1704573560 TIMEOUT_START
248 0 1705602352 RESP_END
248 0 1711574128 TIMEOUT_END
249 1 1713691732 STIM_START
249 1 1714691848 STIM_END_RESP_START
249 1 1714836908 LICK
249 1 1714837440 REWARD_START
249 1 1715064628 LICK
249 1 1715221632 LICK
249 1 1715396836 LICK
249 1 1715565900 LICK
249 1 1715891880 RESP_END
249 1 1714848012 REWARD_END
250 0 1717851336 STIM_START
250 0 1718569128 LICK
250 0 1718753984 LICK
250 0 1718851476 STIM_END_RESP_START
250 0 1718930732 LICK
250 0 1718931264 TIMEOUT_START
250 0 1720051512 RESP_END
250 0 1725931824 TIMEOUT_END
251 1 1727870808 STIM_START
251 1 1728870932 STIM_END_RESP_START
251 1 1728906824 LICK
251 1 1728907364 REWARD_START
251 1 1729623824 LICK
251 1 1729926684 LICK
251 1 1730070968 RESP_END
251 1 1728917928 REWARD_END
252 0 1732472476 STIM_START
252 0 1733472596 STIM_END_RESP_START
252 0 1733613252 LICK
252 0 1733613788 TIMEOUT_START
252 0 1733781952 LICK
252 0 1733782484 TIMEOUT_START
252 0 1734672608 RESP_END
252 0 1740783036 TIMEOUT_END
253 1 1742961068 STIM_START
253 1 1743961188 STIM_END_RESP_START
253 1 1744398920 LICK
253 1 1744399460 REWARD_START
253 1 1745161240 RESP_END
253 1 1744410024 REWARD_END
254 0 1747994840 STIM_START
254 0 1748994952 STIM_END_RESP_START
254 0 1749319864 LICK
254 0 1749320396 TIMEOUT_START
254 0 1750194972 RESP_END
254 0 1756320956 TIMEOUT_END
255 0 1758499316 STIM_START
255 0 1759499436 STIM_END_RESP_START
255 0 1759672652 LICK
255 0 1759673184 TIMEOUT_START
255 0 1760334356 LICK
255 0 1760334892 TIMEOUT_START
255 0 1760699480 RESP_END
255 0 1767335452 TIMEOUT_END
256 1 1769394904 STIM_START
256 1 1770395028 STIM_END_RESP_START
256 1 1770697628 LICK
256 1 1770698168 REWARD_START
256 1 1771073096 LICK
256 1 1771246976 LICK
256 1 1771438692 LICK
256 1 1771595064 RESP_END
256 1 1770708732 REWARD_END
257 0 1773696560 STIM_START
257 0 1774696680 STIM_END_RESP_START
257 0 1774727976 LICK
257 0 1774728512 TIMEOUT_START
257 0 1774903772 LICK
257 0 1774904304 TIMEOUT_START
257 0 1775610512 LICK
257 0 1775611052 TIMEOUT_START
257 0 1775789756 LICK
257 0 1775790296 TIMEOUT_START
257 0 1775896712 RESP_END
257 0 1782790860 TIMEOUT_END
258 1 1784792152 STIM_START
258 1 1785305376 LICK
258 1 1785792284 STIM_END_RESP_START
258 1 1786086352 LICK
258 1 1786086892 REWARD_START
258 1 1786305580 LICK
258 1 1786465052 LICK
258 1 1786656244 LICK
258 1 1786992324 RESP_END
258 1 1786097456 REWARD_END
259 0 1788791740 STIM_START
259 0 1789791860 STIM_END_RESP_START
259 0 1789862168 LICK
259 0 1789862704 TIMEOUT_START
259 0 1790019840 LICK
259 0 1790020372 TIMEOUT_START
259 0 1790991892 RESP_END
259 0 1797020940 TIMEOUT_END
260 0 1798880216 STIM_START
260 0 1799880336 STIM_END_RESP_START
260 0 1801080356 RESP_END
261 1 1802928820 STIM_START
261 1 1803928940 STIM_END_RESP_START
261 1 1805128956 RESP_END
262 1 1811217036 STIM_START
262 1 1811855764 LICK
262 1 1812076020 LICK
262 1 1812217168 STIM_END_RESP_START
262 1 1812678528 LICK
262 1 1812679068 REWARD_START
262 1 1812908684 LICK
262 1 1813075360 LICK
262 1 1813264652 LICK
262 1 1813417204 RESP_END
262 1 1812689636 REWARD_END
263 0 1815163628 STIM_START
263 0 1816163748 STIM_END_RESP_START
263 0 1817363768 RESP_END
264 0 1819260216 STIM_START
264 0 1820233060 LICK
264 0 1820260336 STIM_END_RESP_START
264 0 1820482608 LICK
264 0 1820483140 TIMEOUT_START
264 0 1820670552 LICK
264 0 1820671096 TIMEOUT_START
264 0 1821460360 RESP_END
264 0 1827671652 TIMEOUT_END
265 0 1829501752 STIM_START
265 0 1830501872 STIM_END_RESP_START
265 0 1831266820 LICK
265 0 1831267360 TIMEOUT_START
265 0 1831701904 RESP_END
265 0 1838267928 TIMEOUT_END
266 1 1840235296 STIM_START
266 1 1841235420 STIM_END_RESP_START
266 1 1842435436 RESP_END
267 0 1845089008 STIM_START
267 0 1846089128 STIM_END_RESP_START
267 0 1847289148 RESP_END
268 1 1849409648 STIM_START
268 1 1850409764 STIM_END_RESP_START
268 1 1850950628 LICK
268 1 1850951168 REWARD_START
268 1 1851176184 LICK
268 1 1851512756 LICK
268 1 1851609792 RESP_END
268 1 1850961752 REWARD_END
269 1 1854000324 STIM_START
269 1 1854884352 LICK
269 1 1855000460 STIM_END_RESP_START
269 1 1855076404 LICK
269 1 1855076936 REWARD_START
269 1 1855251364 LICK
269 1 1855419376 LICK
269 1 1855770212 LICK
269 1 1855938236 LICK
269 1 1856200484 RESP_END
269 1 1855087520 REWARD_END
270 1 1858093928 STIM_START
270 1 1859094048 STIM_END_RESP_START
270 1 1859346264 LICK
270 1 1859346804 REWARD_START
270 1 1859527856 LICK
270 1 1859700248 LICK
270 1 1859890088 LICK
270 1 1860098276 LICK
270 1 1860234760 LICK
270 1 1860294080 RESP_END
270 1 1859357368 REWARD_END
271 0 1862365524 STIM_START
271 0 1863365644 STIM_END_RESP_START
271 0 1864565660 RESP_END
272 0 1866705160 STIM_START
272 0 1866793420 LICK
272 0 1867626012 LICK
272 0 1867705268 STIM_END_RESP_START
272 0 1867794268 LICK
272 0 1867794804 TIMEOUT_START
272 0 1867981868 LICK
272 0 1867982396 TIMEOUT_START
272 0 1868686888 LICK
272 0 1868687428 TIMEOUT_START
272 0 1868905308 RESP_END
272 0 1875687988 TIMEOUT_END
273 0 1877579772 STIM_START
273 0 1878579892 STIM_END_RESP_START
273 0 1878863024 LICK
273 0 1878863556 TIMEOUT_START
273 0 1879130324 LICK
273 0 1879130856 TIMEOUT_START
273 0 1879779932 RESP_END
273 0 1886131420 TIMEOUT_END
274 1 1888116316 STIM_START
274 1 1889086964 LICK
274 1 1889116448 STIM_END_RESP_START
274 1 1889318568 LICK
274 1 1889319108 REWARD_START
274 1 1890061820 LICK
274 1 1890316472 RESP_END
274 1 1889329672 REWARD_END
275 1 1892891004 STIM_START
275 1 1893817056 LICK
275 1 1893891124 STIM_END_RESP_START
275 1 1894668864 LICK
275 1 1894669400 REWARD_START
275 1 1895091140 RESP_END
275 1 1894679964 REWARD_END
276 0 1898638880 STIM_START
276 0 1899309068 LICK
276 0 1899529468 LICK
276 0 1899639000 STIM_END_RESP_START
276 0 1900182460 LICK
276 0 1900183000 TIMEOUT_START
276 0 1900399508 LICK
276 0 1900400048 TIMEOUT_START
276 0 1900839024 RESP_END
276 0 1907400608 TIMEOUT_END
277 1 1909513508 STIM_START
277 1 1910513624 STIM_END_RESP_START
277 1 1911304648 LICK
277 1 1911305184 REWARD_START
277 1 1911527268 LICK
277 1 1911680244 LICK
277 1 1911713636 RESP_END
277 1 1911315756 REWARD_END
278 1 1914223136 STIM_START
278 1 1915223268 STIM_END_RESP_START
278 1 1916309984 LICK
278 1 1916310520 REWARD_START
278 1 1916423280 RESP_END
278 1 1916321096 REWARD_END
279 0 1919157908 STIM_START
279 0 1920118964 LICK
279 0 1920158016 STIM_END_RESP_START
279 0 1920304856 LICK
279 0 1920305392 TIMEOUT_START
279 0 1920504644 LICK
279 0 1920505184 TIMEOUT_START
279 0 1921358056 RESP_END
279 0 1927505728 TIMEOUT_END
280 1 1929513408 STIM_START
280 1 1930513528 STIM_END_RESP_START
280 1 1930586392 LICK
280 1 1930586928 REWARD_START
280 1 1930833096 LICK
280 1 1930996228 LICK
280 1 1931178268 LICK
280 1 1931713576 RESP_END
280 1 1930597500 REWARD_END
281 0 1933591972 STIM_START
281 0 1934592092 STIM_END_RESP_START
281 0 1934734924 LICK
281 0 1934735460 TIMEOUT_START
281 0 1934913812 LICK
281 0 1934914344 TIMEOUT_START
281 0 1935792136 RESP_END
281 0 1941914904 TIMEOUT_END
282 0 1943917540 STIM_START
282 0 1944917664 STIM_END_RESP_START
282 0 1945142696 LICK
282 0 1945143232 TIMEOUT_START
282 0 1945322572 LICK
282 0 1945323104 TIMEOUT_START
282 0 1946055388 LICK
282 0 1946055928 TIMEOUT_START
282 0 1946117672 RESP_END
282 0 1953056488 TIMEOUT_END
283 0 1954855084 STIM_START
283 0 1955855200 STIM_END_RESP_START
283 0 1956230396 LICK
283 0 1956230932 TIMEOUT_START
283 0 1956301548 LICK
283 0 1956302088 TIMEOUT_START
283 0 1957006780 LICK
283 0 1957007312 TIMEOUT_START
283 0 1957055240 RESP_END
283 0 1964007884 TIMEOUT_END
284 1 1965797720 STIM_START
284 1 1966797844 STIM_END_RESP_START
284 1 1967025552 LICK
284 1 1967026084 REWARD_START
284 1 1967762088 LICK
284 1 1967997880 RESP_END
284 1 1967036656 REWARD_END
285 0 1970727416 STIM_START
285 0 1971727536 STIM_END_RESP_START
285 0 1972927556 RESP_END
286 1 1975111068 STIM_START
286 1 1975126172 LICK
286 1 1975287444 LICK
286 1 1976111188 STIM_END_RESP_START
286 1 1976200268 LICK
286 1 1976200800 REWARD_START
286 1 1976416232 LICK
286 1 1976601300 LICK
286 1 1976776636 LICK
286 1 1977311216 RESP_END
286 1 1976211384 REWARD_END
287 1 1979414716 STIM_START
287 1 1980275068 LICK
287 1 1980414840 STIM_END_RESP_START
287 1 1980422768 LICK
287 1 1980423316 REWARD_START
287 1 1981076772 LICK
287 1 1981445104 LICK
287 1 1981614888 RESP_END
287 1 1980433880 REWARD_END
288 1 1983829340 STIM_START
288 1 1984816940 LICK
288 1 1984829464 STIM_END_RESP_START
288 1 1985004268 LICK
288 1 1985004808 REWARD_START
288 1 1985182160 LICK
288 1 1985363868 LICK
288 1 1985539396 LICK
288 1 1986029492 RESP_END
288 1 1985015372 REWARD_END
289 0 1987774936 STIM_START
289 0 1988775060 STIM_END_RESP_START
289 0 1988892216 LICK
289 0 1988892756 TIMEOUT_START
289 0 1989117960 LICK
289 0 1989118492 TIMEOUT_START
289 0 1989975096 RESP_END
289 0 1996119068 TIMEOUT_END
290 0 1998301468 STIM_START
290 0 1999301584 STIM_END_RESP_START
290 0 1999701172 LICK
290 0 1999701704 TIMEOUT_START
290 0 2000499340 LICK
290 0 2000499876 TIMEOUT_START
290 0 2000501596 RESP_END
290 0 2007500420 TIMEOUT_END
291 0 2009714156 STIM_START
291 0 2010714284 STIM_END_RESP_START
291 0 2011195216 LICK
291 0 2011195756 TIMEOUT_START
291 0 2011914320 RESP_END
291 0 2018196312 TIMEOUT_END
292 1 2019991712 STIM_START
292 1 2020991828 STIM_END_RESP_START
292 1 2021126120 LICK
292 1 2021126660 REWARD_START
292 1 2021262928 LICK
292 1 2021397720 LICK
292 1 2021745672 LICK
292 1 2021928264 LICK
292 1 2022191864 RESP_END
292 1 2021137244 REWARD_END
293 0 2025148412 STIM_START
293 0 2025959796 LICK
293 0 2026148524 STIM_END_RESP_START
293 0 2026160272 LICK
293 0 2026160804 TIMEOUT_START
293 0 2026319240 LICK
293 0 2026319776 TIMEOUT_START
293 0 2027348552 RESP_END
293 0 2033320332 TIMEOUT_END
294 1 2035468904 STIM_START
294 1 2036469024 STIM_END_RESP_START
294 1 2036662300 LICK
294 1 2036662832 REWARD_START
294 1 2037346984 LICK
294 1 2037669048 RESP_END
294 1 2036673416 REWARD_END
295 1 2039800560 STIM_START
295 1 2040800684 STIM_END_RESP_START
295 1 2041278936 LICK
295 1 2041279472 REWARD_START
295 1 2041523776 LICK
295 1 2041683560 LICK
295 1 2041859872 LICK
295 1 2042000728 RESP_END
295 1 2041290048 REWARD_END
296 0 2044604252 STIM_START
296 0 2045565312 LICK
296 0 2045604356 STIM_END_RESP_START
296 0 2045758856 LICK
296 0 2045759392 TIMEOUT_START
296 0 2046804384 RESP_END
296 0 2052759952 TIMEOUT_END
297 1 2054617712 STIM_START
297 1 2055617832 STIM_END_RESP_START
297 1 2056231412 LICK
297 1 2056231952 REWARD_START
297 1 2056817852 RESP_END
297 1 2056242516 REWARD_END
298 0 2059660448 STIM_START
298 0 2060460876 LICK
298 0 2060660576 STIM_END_RESP_START
298 0 2061189420 LICK
298 0 2061189948 TIMEOUT_START
298 0 2061377248 LICK
298 0 2061377784 TIMEOUT_START
298 0 2061860608 RESP_END
298 0 2068378344 TIMEOUT_END
299 1 2070242024 STIM_START
299 1 2071242144 STIM_END_RESP_START
299 1 2071877244 LICK
299 1 2071877784 REWARD_START
299 1 2072442176 RESP_END
299 1 2071888352 REWARD_END
300 1 2075257740 STIM_START
300 1 2076243624 LICK
300 1 2076257868 STIM_END_RESP_START
300 1 2076377692 LICK
300 1 2076378228 REWARD_START
300 1 2076604180 LICK
300 1 2076774396 LICK
300 1 2076960808 LICK
300 1 2077457900 RESP_END
300 1 2076388796 REWARD_END
301 1 2079622416 STIM_START
301 1 2080513012 LICK
301 1 2080622512 STIM_END_RESP_START
301 1 2080670136 LICK
301 1 2080670668 REWARD_START
301 1 2080857208 LICK
301 1 2081030104 LICK
301 1 2081224260 LICK
301 1 2081429476 LICK
301 1 2081822520 RESP_END
301 1 2080681240 REWARD_END
302 0 2083753996 STIM_START
302 0 2084754112 STIM_END_RESP_START
302 0 2085954128 RESP_END
303 1 2088016648 STIM_START
303 1 2089016768 STIM_END_RESP_START
303 1 2089859112 LICK
303 1 2089859644 REWARD_START
303 1 2090082156 LICK
303 1 2090216788 RESP_END
303 1 2089870228 REWARD_END
304 0 2092764316 STIM_START
304 0 2093764432 STIM_END_RESP_START
304 0 2094964452 RESP_END
305 1 2097154960 STIM_START
305 1 2098155076 STIM_END_RESP_START
305 1 2098368948 LICK
305 1 2098369480 REWARD_START
305 1 2098584588 LICK
305 1 2098727536 LICK
305 1 2098907604 LICK
305 1 2099355120 RESP_END
305 1 2098380048 REWARD_END
306 1 2101526584 STIM_START
306 1 2101534164 LICK
306 1 2101737796 LICK
306 1 2102526692 STIM_END_RESP_START
306 1 2102979112 LICK
306 1 2102979648 REWARD_START
306 1 2103219392 LICK
306 1 2103370900 LICK
306 1 2103553508 LICK
306 1 2103726732 RESP_END
306 1 2102990216 REWARD_END
307 1 2105604188 STIM_START
307 1 2106604300 STIM_END_RESP_START
307 1 2107385160 LICK
307 1 2107385692 REWARD_START
307 1 2107578084 LICK
307 1 2107795992 LICK
307 1 2107804324 RESP_END
307 1 2107396264 REWARD_END
308 0 2110297904 STIM_START
308 0 2111298028 STIM_END_RESP_START
308 0 2111338708 LICK
308 0 2111339240 TIMEOUT_START
308 0 2111573768 LICK
308 0 2111574308 TIMEOUT_START
308 0 2112373840 LICK
308 0 2112374372 TIMEOUT_START
308 0 2112498044 RESP_END
308 0 2119374932 TIMEOUT_END
309 0 2121190460 STIM_START
309 0 2122190572 STIM_END_RESP_START
309 0 2122529536 LICK
309 0 2122530072 TIMEOUT_START
309 0 2123183392 LICK
309 0 2123183924 TIMEOUT_START
309 0 2123390588 RESP_END
309 0 2130184492 TIMEOUT_END
310 0 2132162088 STIM_START
310 0 2133162204 STIM_END_RESP_START
310 0 2134003360 LICK
310 0 2134003900 TIMEOUT_START
310 0 2134239252 LICK
310 0 2134239788 TIMEOUT_START
310 0 2134362216 RESP_END
310 0 2141240356 TIMEOUT_END
311 1 2143472740 STIM_START
311 1 2144472852 STIM_END_RESP_START
311 1 2145672876 RESP_END
312 0 2147524352 STIM_START
312 0 2148524472 STIM_END_RESP_START
312 0 2149724496 RESP_END
313 0 2151857960 STIM_START
313 0 2152858080 STIM_END_RESP_START
313 0 2153979720 LICK
313 0 2153980260 TIMEOUT_START
313 0 2154058124 RESP_END
313 0 2160980808 TIMEOUT_END
314 0 2163116596 STIM_START
314 0 2164116720 STIM_END_RESP_START
314 0 2165316740 RESP_END
315 1 2167412252 STIM_START
315 1 2168412372 STIM_END_RESP_START
315 1 2169612392 RESP_END
316 1 2171584876 STIM_START
316 1 2172584996 STIM_END_RESP_START
316 1 2173785008 RESP_END
317 1 2175778468 STIM_START
317 1 2176778592 STIM_END_RESP_START
317 1 2177978612 RESP_END
318 0 2179898076 STIM_START
318 0 2180898196 STIM_END_RESP_START
318 0 2182098216 RESP_END
319 1 2184132804 STIM_START
319 1 2185132916 STIM_END_RESP_START
319 1 2186332936 RESP_END
320 0 2188121292 STIM_START
320 0 2189121408 STIM_END_RESP_START
320 0 2190321424 RESP_END
USER_EXIT