001 1 0015613972 STIM_START
001 1 0016614092 STIM_END_RESP_START
001 1 0017032100 LICK
001 1 0017032544 REWARD_START
001 1 0017142840 LICK
001 1 0017306248 LICK
001 1 0017450700 LICK
001 1 0017647596 LICK
001 1 0017814112 RESP_END
001 1 0017043012 REWARD_END
002 1 0020086620 STIM_START
002 1 0021086744 STIM_END_RESP_START
002 1 0022286764 RESP_END
003 1 0024515288 STIM_START
003 1 0025515412 STIM_END_RESP_START
003 1 0026715432 RESP_END
004 0 0028918940 STIM_START
004 0 0029919060 STIM_END_RESP_START
004 0 0031119080 RESP_END
005 0 0032922548 STIM_START
005 0 0033922668 STIM_END_RESP_START
005 0 0035122688 RESP_END
006 1 0037303184 STIM_START
006 1 0037394380 LICK
006 1 0038303288 STIM_END_RESP_START
006 1 0039503308 RESP_END
007 1 0043079016 STIM_START
007 1 0044079140 STIM_END_RESP_START
007 1 0045279152 RESP_END
008 1 0047326636 STIM_START
008 1 0048326764 STIM_END_RESP_START
008 1 0048559724 LICK
008 1 0048560168 REWARD_START
008 1 0048736508 LICK
008 1 0048904992 LICK
008 1 0049526792 RESP_END
008 1 0048570640 REWARD_END
009 0 0051373236 STIM_START
009 0 0052373352 STIM_END_RESP_START
009 0 0053573376 RESP_END
010 1 0055560856 STIM_START
010 1 0056560980 STIM_END_RESP_START
010 1 0057761000 RESP_END
011 0 0059826496 STIM_START
011 0 0060432000 LICK
011 0 0060810428 LICK
011 0 0060826620 STIM_END_RESP_START
011 0 0060995236 LICK
011 0 0060995680 TIMEOUT_START
011 0 0061165736 LICK
011 0 0061166176 TIMEOUT_START
011 0 0062026656 RESP_END
011 0 0068166628 TIMEOUT_END
012 1 0070075992 STIM_START
012 1 0071076116 STIM_END_RESP_START
012 1 0071544632 LICK
012 1 0071545076 REWARD_START
012 1 0071686356 LICK
012 1 0072276160 RESP_END
012 1 0071555548 REWARD_END
013 1 0074257648 STIM_START
013 1 0075099124 LICK
013 1 0075257776 STIM_END_RESP_START
013 1 0075371048 LICK
013 1 0075371484 REWARD_START
013 1 0075524028 LICK
013 1 0075696852 LICK
013 1 0075886396 LICK
013 1 0076106696 LICK
013 1 0076457804 RESP_END
013 1 0075381964 REWARD_END
014 1 0080988608 STIM_START
014 1 0081988732 STIM_END_RESP_START
014 1 0083188752 RESP_END
015 0 0084972204 STIM_START
015 0 0085347016 LICK
015 0 0085529816 LICK
015 0 0085674952 LICK
015 0 0085866532 LICK
015 0 0085972300 STIM_END_RESP_START
015 0 0086336248 LICK
015 0 0086336688 TIMEOUT_START
015 0 0087172332 RESP_END
015 0 0093337144 TIMEOUT_END
016 0 0095558752 STIM_START
016 0 0096035672 LICK
016 0 0096262200 LICK
016 0 0096411128 LICK
016 0 0096558884 STIM_END_RESP_START
016 0 0096598796 LICK
016 0 0096599240 TIMEOUT_START
016 0 0097758904 RESP_END
016 0 0103599696 TIMEOUT_END
017 1 0105696236 STIM_START
017 1 0106121088 LICK
017 1 0106364068 LICK
017 1 0106696360 STIM_END_RESP_START
017 1 0107896400 RESP_END
018 1 0109877856 STIM_START
018 1 0110786100 LICK
018 1 0110877980 STIM_END_RESP_START
018 1 0110999132 LICK
018 1 0110999624 REWARD_START
018 1 0111524520 LICK
018 1 0112078012 RESP_END
018 1 0111010144 REWARD_END
019 1 0113881468 STIM_START
019 1 0114881568 STIM_END_RESP_START
019 1 0116081600 RESP_END
020 0 0118312128 STIM_START
020 0 0119312264 STIM_END_RESP_START
020 0 0120512300 RESP_END
021 0 0122737748 STIM_START
021 0 0122746704 LICK
021 0 0122937492 LICK
021 0 0123117436 LICK
021 0 0123524552 LICK
021 0 0123737848 STIM_END_RESP_START
021 0 0124937884 RESP_END
022 1 0128591620 STIM_START
022 1 0129193784 LICK
022 1 0129411692 LICK
022 1 0129591740 STIM_END_RESP_START
022 1 0130791780 RESP_END
023 0 0132963292 STIM_START
023 0 0133397752 LICK
023 0 0133963396 STIM_END_RESP_START
023 0 0135163436 RESP_END
024 1 0137439920 STIM_START
024 1 0138440024 STIM_END_RESP_START
024 1 0139640060 RESP_END
025 1 0141824572 STIM_START
025 1 0142824672 STIM_END_RESP_START
025 1 0144024712 RESP_END
026 0 0147134332 STIM_START
026 0 0148134436 STIM_END_RESP_START
026 0 0149334472 RESP_END
027 0 0151446988 STIM_START
027 0 0152447092 STIM_END_RESP_START
027 0 0153647132 RESP_END
028 0 0155773608 STIM_START
028 0 0156773712 STIM_END_RESP_START
028 0 0156907888 LICK
028 0 0156908372 TIMEOUT_START
028 0 0157118584 LICK
028 0 0157119072 TIMEOUT_START
028 0 0157973740 RESP_END
028 0 0164119584 TIMEOUT_END
029 1 0166325176 STIM_START
029 1 0167325280 STIM_END_RESP_START
029 1 0167802260 LICK
029 1 0167802744 REWARD_START
029 1 0167970132 LICK
029 1 0168124496 LICK
029 1 0168331392 LICK
029 1 0168525304 RESP_END
029 1 0167813268 REWARD_END
030 0 0170970856 STIM_START
030 0 0171970960 STIM_END_RESP_START
030 0 0173171000 RESP_END
031 0 0175025472 STIM_START
031 0 0176025568 STIM_END_RESP_START
031 0 0177225608 RESP_END
032 1 0179080056 STIM_START
032 1 0179567132 LICK
032 1 0179767072 LICK
032 1 0179945392 LICK
032 1 0180080156 STIM_END_RESP_START
032 1 0181280192 RESP_END
033 0 0183149632 STIM_START
033 0 0184149764 STIM_END_RESP_START
033 0 0185349804 RESP_END
034 0 0187091240 STIM_START
034 0 0188091336 STIM_END_RESP_START
034 0 0189291376 RESP_END
035 0 0191373880 STIM_START
035 0 0192373984 STIM_END_RESP_START
035 0 0193574020 RESP_END
036 1 0195522456 STIM_START
036 1 0195975912 LICK
036 1 0196162352 LICK
036 1 0196522584 STIM_END_RESP_START
036 1 0196568444 LICK
036 1 0196568928 REWARD_START
036 1 0196855388 LICK
036 1 0197061200 LICK
036 1 0197214180 LICK
036 1 0197404708 LICK
036 1 0197594532 LICK
036 1 0197722628 RESP_END
036 1 0196579456 REWARD_END
037 1 0201480332 STIM_START
037 1 0201868140 LICK
037 1 0202124064 LICK
037 1 0202480468 STIM_END_RESP_START
037 1 0203680508 RESP_END
038 0 0205537948 STIM_START
038 0 0206067528 LICK
038 0 0206343656 LICK
038 0 0206538076 STIM_END_RESP_START
038 0 0207738116 RESP_END
039 1 0209595556 STIM_START
039 1 0210595656 STIM_END_RESP_START
039 1 0211795692 RESP_END
040 1 0213970172 STIM_START
040 1 0214970304 STIM_END_RESP_START
040 1 0215744768 LICK
040 1 0215745252 REWARD_START
040 1 0215910976 LICK
040 1 0216137860 LICK
040 1 0216170348 RESP_END
040 1 0215755768 REWARD_END
041 0 0218879904 STIM_START
041 0 0219367256 LICK
041 0 0219603812 LICK
041 0 0219776908 LICK
041 0 0219880036 STIM_END_RESP_START
041 0 0219979480 LICK
041 0 0219979972 TIMEOUT_START
041 0 0221080080 RESP_END
041 0 0226980480 TIMEOUT_END
042 0 0228938420 STIM_START
042 0 0228979664 LICK
042 0 0229223608 LICK
042 0 0229938524 STIM_END_RESP_START
042 0 0231138564 RESP_END
043 0 0233999112 STIM_START
043 0 0234999216 STIM_END_RESP_START
043 0 0236199256 RESP_END
044 1 0238109720 STIM_START
044 1 0238661360 LICK
044 1 0239109844 STIM_END_RESP_START
044 1 0239476920 LICK
044 1 0239477408 REWARD_START
044 1 0239618788 LICK
044 1 0239790808 LICK
044 1 0239991572 LICK
044 1 0240170716 LICK
044 1 0240309868 RESP_END
044 1 0239487928 REWARD_END
045 1 0242815400 STIM_START
045 1 0243815508 STIM_END_RESP_START
045 1 0245015540 RESP_END
046 1 0246944028 STIM_START
046 1 0247302544 LICK
046 1 0247464128 LICK
046 1 0247648092 LICK
046 1 0247823684 LICK
046 1 0247944140 STIM_END_RESP_START
046 1 0248060008 LICK
046 1 0248060492 REWARD_START
046 1 0248289208 LICK
046 1 0249144188 RESP_END
046 1 0248071012 REWARD_END
047 0 0253630000 STIM_START
047 0 0253948940 LICK
047 0 0254132672 LICK
047 0 0254329324 LICK
047 0 0254630112 STIM_END_RESP_START
047 0 0255830152 RESP_END
048 1 0257991728 STIM_START
048 1 0258290316 LICK
048 1 0258487788 LICK
048 1 0258991856 STIM_END_RESP_START
048 1 0260191896 RESP_END
049 0 0262342280 STIM_START
049 0 0262870728 LICK
049 0 0263054220 LICK
049 0 0263342416 STIM_END_RESP_START
049 0 0264542452 RESP_END
050 1 0266716940 STIM_START
050 1 0267198664 LICK
050 1 0267430476 LICK
050 1 0267612360 LICK
050 1 0267717048 STIM_END_RESP_START
050 1 0268917084 RESP_END
051 0 0270829536 STIM_START
051 0 0271829636 STIM_END_RESP_START
051 0 0273029676 RESP_END
052 0 0274890140 STIM_START
052 0 0275446416 LICK
052 0 0275890244 STIM_END_RESP_START
052 0 0277090280 RESP_END
053 0 0279095744 STIM_START
053 0 0280095848 STIM_END_RESP_START
053 0 0281295884 RESP_END
054 1 0283519376 STIM_START
054 1 0284519484 STIM_END_RESP_START
054 1 0285057592 LICK
054 1 0285058088 REWARD_START
054 1 0285252296 LICK
054 1 0285437696 LICK
054 1 0285632340 LICK
054 1 0285719504 RESP_END
054 1 0285068604 REWARD_END
055 0 0287717024 STIM_START
055 0 0288269480 LICK
055 0 0288717148 STIM_END_RESP_START
055 0 0289917188 RESP_END
056 0 0291845604 STIM_START
056 0 0292370444 LICK
056 0 0292643164 LICK
056 0 0292800876 LICK
056 0 0292845736 STIM_END_RESP_START
056 0 0293021912 LICK
056 0 0293022400 TIMEOUT_START
056 0 0294045752 RESP_END
056 0 0300022912 TIMEOUT_END
057 0 0302213148 STIM_START
057 0 0302530156 LICK
057 0 0302710144 LICK
057 0 0302890532 LICK
057 0 0303213244 STIM_END_RESP_START
057 0 0303747892 LICK
057 0 0303748380 TIMEOUT_START
057 0 0304413284 RESP_END
057 0 0310748884 TIMEOUT_END
058 1 0312850684 STIM_START
058 1 0313850784 STIM_END_RESP_START
058 1 0315050824 RESP_END
059 1 0317062356 STIM_START
059 1 0318062456 STIM_END_RESP_START
059 1 0319262492 RESP_END
060 1 0321296944 STIM_START
060 1 0321678164 LICK
060 1 0321884312 LICK
060 1 0322297052 STIM_END_RESP_START
060 1 0323497092 RESP_END
061 0 0325743608 STIM_START
061 0 0326743712 STIM_END_RESP_START
061 0 0327943752 RESP_END
062 0 0329868184 STIM_START
062 0 0330868324 STIM_END_RESP_START
062 0 0332068360 RESP_END
063 1 0337588364 STIM_START
063 1 0338588500 STIM_END_RESP_START
063 1 0339788536 RESP_END
064 0 0341846972 STIM_START
064 0 0342847072 STIM_END_RESP_START
064 0 0344047112 RESP_END
065 1 0345855552 STIM_START
065 1 0346855660 STIM_END_RESP_START
065 1 0348055696 RESP_END
066 1 0350294216 STIM_START
066 1 0351294312 STIM_END_RESP_START
066 1 0352494352 RESP_END
067 1 0354362820 STIM_START
067 1 0355362924 STIM_END_RESP_START
067 1 0356562964 RESP_END
068 0 0358356368 STIM_START
068 0 0359356472 STIM_END_RESP_START
068 0 0360556508 RESP_END
069 0 0362796024 STIM_START
069 0 0363796128 STIM_END_RESP_START
069 0 0364996168 RESP_END
070 1 0367207676 STIM_START
070 1 0368048476 LICK
070 1 0368207792 STIM_END_RESP_START
070 1 0368237828 LICK
070 1 0368238312 REWARD_START
070 1 0368386108 LICK
070 1 0368589184 LICK
070 1 0368759600 LICK
070 1 0369407808 RESP_END
070 1 0368248840 REWARD_END
071 0 0371565324 STIM_START
071 0 0372565468 STIM_END_RESP_START
071 0 0373765508 RESP_END
072 0 0375596904 STIM_START
072 0 0376597008 STIM_END_RESP_START
072 0 0377797048 RESP_END
073 1 0379804564 STIM_START
073 1 0380804668 STIM_END_RESP_START
073 1 0382004704 RESP_END
074 0 0386015432 STIM_START
074 0 0387015568 STIM_END_RESP_START
074 0 0388215608 RESP_END
075 0 0390453112 STIM_START
075 0 0391453216 STIM_END_RESP_START
075 0 0392653256 RESP_END
076 0 0394855756 STIM_START
076 0 0395855896 STIM_END_RESP_START
076 0 0397055928 RESP_END
077 1 0399075372 STIM_START
077 1 0399551960 LICK
077 1 0400075496 STIM_END_RESP_START
077 1 0401275536 RESP_END
078 1 0403177956 STIM_START
078 1 0404178064 STIM_END_RESP_START
078 1 0405378100 RESP_END
079 0 0407379564 STIM_START
079 0 0407801996 LICK
079 0 0408050724 LICK
079 0 0408379684 STIM_END_RESP_START
079 0 0409139880 LICK
079 0 0409140372 TIMEOUT_START
079 0 0409571712 LICK
079 0 0409572200 TIMEOUT_START
079 0 0409579728 RESP_END
079 0 0416572712 TIMEOUT_END
080 1 0420346476 STIM_START
080 1 0421346584 STIM_END_RESP_START
080 1 0422546624 RESP_END
081 1 0424358056 STIM_START
081 1 0425358192 STIM_END_RESP_START
081 1 0425732076 LICK
081 1 0425732568 REWARD_START
081 1 0425945476 LICK
081 1 0426119512 LICK
081 1 0426325860 LICK
081 1 0426487708 LICK
081 1 0426558236 RESP_END
081 1 0425743084 REWARD_END
082 1 0429016748 STIM_START
082 1 0430016852 STIM_END_RESP_START
082 1 0431216892 RESP_END
083 0 0433314364 STIM_START
083 0 0433856744 LICK
083 0 0434286904 LICK
083 0 0434314492 STIM_END_RESP_START
083 0 0435514508 RESP_END
084 1 0437365952 STIM_START
084 1 0437664052 LICK
084 1 0437861472 LICK
084 1 0438366068 STIM_END_RESP_START
084 1 0439566108 RESP_END
085 1 0441592648 STIM_START
085 1 0442592752 STIM_END_RESP_START
085 1 0443792792 RESP_END
086 0 0446670336 STIM_START
086 0 0447670440 STIM_END_RESP_START
086 0 0448870480 RESP_END
087 0 0452738204 STIM_START
087 0 0453738340 STIM_END_RESP_START
087 0 0454938380 RESP_END
088 0 0457095848 STIM_START
088 0 0458095952 STIM_END_RESP_START
088 0 0459295996 RESP_END
089 1 0461348496 STIM_START
089 1 0462348600 STIM_END_RESP_START
089 1 0463548640 RESP_END
090 0 0465334084 STIM_START
090 0 0466334184 STIM_END_RESP_START
090 0 0467534224 RESP_END
091 1 0469685724 STIM_START
091 1 0470213336 LICK
091 1 0470386956 LICK
091 1 0470678732 LICK
091 1 0470685848 STIM_END_RESP_START
091 1 0471885880 RESP_END
092 0 0474075352 STIM_START
092 0 0475075488 STIM_END_RESP_START
092 0 0476275528 RESP_END
093 1 0478113968 STIM_START
093 1 0479114068 STIM_END_RESP_START
093 1 0480314108 RESP_END
094 1 0482200524 STIM_START
094 1 0483200628 STIM_END_RESP_START
094 1 0484400668 RESP_END
095 1 0486209128 STIM_START
095 1 0487209232 STIM_END_RESP_START
095 1 0488409272 RESP_END
096 0 0490309748 STIM_START
096 0 0491309884 STIM_END_RESP_START
096 0 0492509928 RESP_END
097 1 0494648348 STIM_START
097 1 0495648484 STIM_END_RESP_START
097 1 0496848520 RESP_END
098 1 0498724940 STIM_START
098 1 0499725076 STIM_END_RESP_START
098 1 0500925116 RESP_END
099 1 0502716552 STIM_START
099 1 0503716652 STIM_END_RESP_START
099 1 0504916692 RESP_END
100 0 0507148180 STIM_START
100 0 0508148284 STIM_END_RESP_START
100 0 0508537056 LICK
100 0 0508537540 TIMEOUT_START
100 0 0508752200 LICK
100 0 0508752684 TIMEOUT_START
100 0 0508988116 LICK
100 0 0508988608 TIMEOUT_START
100 0 0509348332 RESP_END
100 0 0515989112 TIMEOUT_END
101 1 0517831780 STIM_START
101 1 0518831916 STIM_END_RESP_START
101 1 0520031956 RESP_END
102 1 0521807356 STIM_START
102 1 0522807460 STIM_END_RESP_START
102 1 0524007500 RESP_END
103 0 0526164988 STIM_START
103 0 0527165088 STIM_END_RESP_START
103 0 0528365128 RESP_END
104 0 0530610632 STIM_START
104 0 0531610736 STIM_END_RESP_START
104 0 0532810772 RESP_END
105 0 0535011284 STIM_START
105 0 0535034144 LICK
105 0 0535212480 LICK
105 0 0536011400 STIM_END_RESP_START
105 0 0537211440 RESP_END
106 1 0539444920 STIM_START
106 1 0540445024 STIM_END_RESP_START
106 1 0541645064 RESP_END
107 0 0543404488 STIM_START
107 0 0544404592 STIM_END_RESP_START
107 0 0545483600 LICK
107 0 0545484088 TIMEOUT_START
107 0 0545604632 RESP_END
107 0 0552484588 TIMEOUT_END
108 1 0554427124 STIM_START
108 1 0554864820 LICK
108 1 0555427220 STIM_END_RESP_START
108 1 0555974360 LICK
108 1 0555974852 REWARD_START
108 1 0556627260 RESP_END
108 1 0555985372 REWARD_END
109 0 0575410156 STIM_START
109 0 0575736004 LICK
109 0 0576410268 STIM_END_RESP_START
109 0 0577610308 RESP_END
110 1 0580279872 STIM_START
110 1 0580866436 LICK
110 1 0581280004 STIM_END_RESP_START
110 1 0582480040 RESP_END
111 1 0587377912 STIM_START
111 1 0588378008 STIM_END_RESP_START
111 1 0589578052 RESP_END
112 1 0591730540 STIM_START
112 1 0591847496 LICK
112 1 0592730648 STIM_END_RESP_START
112 1 0592865628 LICK
112 1 0592866112 REWARD_START
112 1 0593058532 LICK
112 1 0593241332 LICK
112 1 0593930668 RESP_END
112 1 0592876636 REWARD_END
113 0 0596237204 STIM_START
113 0 0596295956 LICK
113 0 0596493192 LICK
113 0 0597237316 STIM_END_RESP_START
113 0 0598437356 RESP_END
114 1 0607001752 STIM_START
114 1 0608001888 STIM_END_RESP_START
114 1 0609201928 RESP_END
115 1 0611255392 STIM_START
115 1 0611269352 LICK
115 1 0611404936 LICK
115 1 0612255504 STIM_END_RESP_START
115 1 0612440148 LICK
115 1 0612440636 REWARD_START
115 1 0612691068 LICK
115 1 0612872652 LICK
115 1 0613069772 LICK
115 1 0613228920 LICK
115 1 0613455540 RESP_END
115 1 0612451156 REWARD_END
116 0 0617077240 STIM_START
116 0 0617288664 LICK
116 0 0617492072 LICK
116 0 0618077368 STIM_END_RESP_START
116 0 0619093172 LICK
116 0 0619093656 TIMEOUT_START
116 0 0619277400 RESP_END
116 0 0626094164 TIMEOUT_END
117 1 0630002132 STIM_START
117 1 0631002236 STIM_END_RESP_START
117 1 0632028504 LICK
117 1 0632028988 REWARD_START
117 1 0632202284 RESP_END
117 1 0632039516 REWARD_END
118 0 0638281340 STIM_START
118 0 0638554900 LICK
118 0 0639281444 STIM_END_RESP_START
118 0 0640481484 RESP_END
119 1 0642578976 STIM_START
119 1 0642862904 LICK
119 1 0643070828 LICK
119 1 0643579076 STIM_END_RESP_START
119 1 0644779120 RESP_END
120 0 0646541528 STIM_START
120 0 0646612312 LICK
120 0 0647541660 STIM_END_RESP_START
120 0 0648741700 RESP_END
121 0 0650703148 STIM_START
121 0 0651703284 STIM_END_RESP_START
121 0 0652903324 RESP_END
122 0 0656857072 STIM_START
122 0 0657857172 STIM_END_RESP_START
122 0 0658275968 LICK
122 0 0658276456 TIMEOUT_START
122 0 0658507120 LICK
122 0 0658507604 TIMEOUT_START
122 0 0659057192 RESP_END
122 0 0665508116 TIMEOUT_END
123 1 0667411588 STIM_START
123 1 0667759776 LICK
123 1 0668411720 STIM_END_RESP_START
123 1 0668643972 LICK
123 1 0668644464 REWARD_START
123 1 0669152352 LICK
123 1 0669611748 RESP_END
123 1 0668654984 REWARD_END
124 1 0671771236 STIM_START
124 1 0672109128 LICK
124 1 0672309228 LICK
124 1 0672487724 LICK
124 1 0672586400 LICK
124 1 0672699788 LICK
124 1 0672771336 STIM_END_RESP_START
124 1 0672903548 LICK
124 1 0672904032 REWARD_START
124 1 0673856568 LICK
124 1 0673971356 RESP_END
124 1 0672914556 REWARD_END
125 0 0681909716 STIM_START
125 0 0682115260 LICK
125 0 0682909832 STIM_END_RESP_START
125 0 0684109868 RESP_END
126 0 0688132624 STIM_START
126 0 0689132728 STIM_END_RESP_START
126 0 0690332764 RESP_END
127 1 0692350240 STIM_START
127 1 0692599708 LICK
127 1 0692669400 LICK
127 1 0692908820 LICK
127 1 0693350356 STIM_END_RESP_START
127 1 0694136972 LICK
127 1 0694137456 REWARD_START
127 1 0694351908 LICK
127 1 0694543408 LICK
127 1 0694550392 RESP_END
127 1 0694147976 REWARD_END
128 0 0698552120 STIM_START
128 0 0699552232 STIM_END_RESP_START
128 0 0700351480 LICK
128 0 0700351976 TIMEOUT_START
128 0 0700447344 LICK
128 0 0700447836 TIMEOUT_START
128 0 0700586744 LICK
128 0 0700587236 TIMEOUT_START
128 0 0700752244 RESP_END
128 0 0707587740 TIMEOUT_END
129 0 0710144812 STIM_START
129 0 0710599048 LICK
129 0 0710825444 LICK
129 0 0711144940 STIM_END_RESP_START
129 0 0712344980 RESP_END
130 0 0714572476 STIM_START
130 0 0715470756 LICK
130 0 0715572608 STIM_END_RESP_START
130 0 0715639352 LICK
130 0 0715639844 TIMEOUT_START
130 0 0715868208 LICK
130 0 0715868696 TIMEOUT_START
130 0 0716050840 LICK
130 0 0716051324 TIMEOUT_START
130 0 0716245120 LICK
130 0 0716245608 TIMEOUT_START
130 0 0716422132 LICK
130 0 0716422624 TIMEOUT_START
130 0 0716617312 LICK
130 0 0716617808 TIMEOUT_START
130 0 0716772644 RESP_END
130 0 0723618304 TIMEOUT_END
131 1 0725829100 STIM_START
131 1 0726104172 LICK
131 1 0726335072 LICK
131 1 0726573320 LICK
131 1 0726829232 STIM_END_RESP_START
131 1 0726879872 LICK
131 1 0726880364 REWARD_START
131 1 0727075160 LICK
131 1 0727268976 LICK
131 1 0727437528 LICK
131 1 0728029284 RESP_END
131 1 0726890884 REWARD_END
132 1 0731062872 STIM_START
132 1 0732062976 STIM_END_RESP_START
132 1 0732313568 LICK
132 1 0732314064 REWARD_START
132 1 0732520580 LICK
132 1 0732765500 LICK
132 1 0732947072 LICK
132 1 0733142956 LICK
132 1 0733263020 RESP_END
132 1 0732324584 REWARD_END
133 0 0737750864 STIM_START
133 0 0738045100 LICK
133 0 0738750968 STIM_END_RESP_START
133 0 0739706916 LICK
133 0 0739707404 TIMEOUT_START
133 0 0739893316 LICK
133 0 0739893804 TIMEOUT_START
133 0 0739951000 RESP_END
133 0 0746894304 TIMEOUT_END
134 1 0749045488 STIM_START
134 1 0749395724 LICK
134 1 0749579560 LICK
134 1 0749748164 LICK
134 1 0749923964 LICK
134 1 0750045608 STIM_END_RESP_START
134 1 0750123752 LICK
134 1 0750124244 REWARD_START
134 1 0750330468 LICK
134 1 0750532624 LICK
134 1 0750676764 LICK
134 1 0750844624 LICK
134 1 0751026668 LICK
134 1 0751242996 LICK
134 1 0751245644 RESP_END
134 1 0750134764 REWARD_END
135 0 0754842324 STIM_START
135 0 0755415012 LICK
135 0 0755646708 LICK
135 0 0755842452 STIM_END_RESP_START
135 0 0757042492 RESP_END
136 1 0758861920 STIM_START
136 1 0759330096 LICK
136 1 0759541488 LICK
136 1 0759752852 LICK
136 1 0759862020 STIM_END_RESP_START
136 1 0759996708 LICK
136 1 0759997196 REWARD_START
136 1 0760138532 LICK
136 1 0760329016 LICK
136 1 0760507452 LICK
136 1 0760742044 LICK
136 1 0760971652 LICK
136 1 0761062040 RESP_END
136 1 0760007724 REWARD_END
137 0 0763519580 STIM_START
137 0 0763769024 LICK
137 0 0763922092 LICK
137 0 0764519708 STIM_END_RESP_START
137 0 0765719748 RESP_END
138 1 0769746488 STIM_START
138 1 0770061768 LICK
138 1 0770243220 LICK
138 1 0770491388 LICK
138 1 0770654652 LICK
138 1 0770746616 STIM_END_RESP_START
138 1 0770832832 LICK
138 1 0770833316 REWARD_START
138 1 0771022732 LICK
138 1 0771228584 LICK
138 1 0771411348 LICK
138 1 0771598900 LICK
138 1 0771790084 LICK
138 1 0771946660 RESP_END
138 1 0770843840 REWARD_END
139 0 0774626208 STIM_START
139 0 0775285696 LICK
139 0 0775453676 LICK
139 0 0775626324 STIM_END_RESP_START
139 0 0775726040 LICK
139 0 0775726532 TIMEOUT_START
139 0 0775907896 LICK
139 0 0775908392 TIMEOUT_START
139 0 0776114324 LICK
139 0 0776114808 TIMEOUT_START
139 0 0776382016 LICK
139 0 0776382508 TIMEOUT_START
139 0 0776826360 RESP_END
139 0 0783383004 TIMEOUT_END
140 1 0786310948 STIM_START
140 1 0786663468 LICK
140 1 0786813160 LICK
140 1 0787311056 STIM_END_RESP_START
140 1 0788511096 RESP_END
141 1 0790555548 STIM_START
141 1 0791036348 LICK
141 1 0791119332 LICK
141 1 0791264404 LICK
141 1 0791448704 LICK
141 1 0791555676 STIM_END_RESP_START
141 1 0791632572 LICK
141 1 0791633068 REWARD_START
141 1 0792049764 LICK
141 1 0792149008 LICK
141 1 0792288760 LICK
141 1 0792488060 LICK
141 1 0792671032 LICK
141 1 0792755712 RESP_END
141 1 0791643588 REWARD_END
142 0 0795892292 STIM_START
142 0 0796248892 LICK
142 0 0796448216 LICK
142 0 0796892392 STIM_END_RESP_START
142 0 0798092436 RESP_END
143 0 0799867888 STIM_START
143 0 0800468896 LICK
143 0 0800643760 LICK
143 0 0800868004 STIM_END_RESP_START
143 0 0800880692 LICK
143 0 0800881176 TIMEOUT_START
143 0 0801040932 LICK
143 0 0801041420 TIMEOUT_START
143 0 0801219416 LICK
143 0 0801219908 TIMEOUT_START
143 0 0801425980 LICK
143 0 0801426468 TIMEOUT_START
143 0 0801616244 LICK
143 0 0801616728 TIMEOUT_START
143 0 0802068040 RESP_END
143 0 0808617240 TIMEOUT_END
144 1 0810570448 STIM_START
144 1 0811095152 LICK
144 1 0811257280 LICK
144 1 0811570564 STIM_END_RESP_START
144 1 0812318988 LICK
144 1 0812319476 REWARD_START
144 1 0812404568 LICK
144 1 0812543468 LICK
144 1 0812630332 LICK
144 1 0812762500 LICK
144 1 0812770588 RESP_END
144 1 0812330000 REWARD_END
145 1 0815782188 STIM_START
145 1 0816706856 LICK
145 1 0816782288 STIM_END_RESP_START
145 1 0816902180 LICK
145 1 0816902668 REWARD_START
145 1 0817131360 LICK
145 1 0817275288 LICK
145 1 0817467976 LICK
145 1 0817699200 LICK
145 1 0817917828 LICK
145 1 0817982324 RESP_END
145 1 0816913188 REWARD_END
146 1 0824884512 STIM_START
146 1 0825355012 LICK
146 1 0825603840 LICK
146 1 0825884644 STIM_END_RESP_START
146 1 0827084680 RESP_END
147 0 0830024244 STIM_START
147 0 0830507228 LICK
147 0 0830703812 LICK
147 0 0830883332 LICK
147 0 0831024360 STIM_END_RESP_START
147 0 0831105580 LICK
147 0 0831106072 TIMEOUT_START
147 0 0831296544 LICK
147 0 0831297032 TIMEOUT_START
147 0 0831753688 LICK
147 0 0831754172 TIMEOUT_START
147 0 0831949952 LICK
147 0 0831950440 TIMEOUT_START
147 0 0832152464 LICK
147 0 0832152956 TIMEOUT_START
147 0 0832224388 RESP_END
147 0 0839153456 TIMEOUT_END
148 1 0841376916 STIM_START
148 1 0841892892 LICK
148 1 0842117496 LICK
148 1 0842377044 STIM_END_RESP_START
148 1 0843577080 RESP_END
149 1 0845392484 STIM_START
149 1 0846392588 STIM_END_RESP_START
149 1 0847592628 RESP_END
150 1 0849848196 STIM_START
150 1 0850848300 STIM_END_RESP_START
150 1 0852048340 RESP_END
151 0 0853998756 STIM_START
151 0 0854998892 STIM_END_RESP_START
151 0 0856198932 RESP_END
152 1 0858187364 STIM_START
152 1 0858660116 LICK
152 1 0858889968 LICK
152 1 0859078868 LICK
152 1 0859187480 STIM_END_RESP_START
152 1 0859795532 LICK
152 1 0859796016 REWARD_START
152 1 0859997136 LICK
152 1 0860077772 LICK
152 1 0860240192 LICK
152 1 0860387520 RESP_END
152 1 0859806536 REWARD_END
153 1 0864865324 STIM_START
153 1 0865865460 STIM_END_RESP_START
153 1 0867065500 RESP_END
154 1 0871036208 STIM_START
154 1 0871240472 LICK
154 1 0871456992 LICK
154 1 0871703456 LICK
154 1 0871877544 LICK
154 1 0872036328 STIM_END_RESP_START
154 1 0872060504 LICK
154 1 0872060996 REWARD_START
154 1 0872251924 LICK
154 1 0872987396 LICK
154 1 0873214492 LICK
154 1 0873236360 RESP_END
154 1 0872071512 REWARD_END
155 0 0876077968 STIM_START
155 0 0876479172 LICK
155 0 0876598132 LICK
155 0 0876764692 LICK
155 0 0877078092 STIM_END_RESP_START
155 0 0878278128 RESP_END
156 0 0880226548 STIM_START
156 0 0880575128 LICK
156 0 0880764296 LICK
156 0 0881226668 STIM_END_RESP_START
156 0 0882426708 RESP_END
157 1 0884414156 STIM_START
157 1 0884696752 LICK
157 1 0884930396 LICK
157 1 0885414284 STIM_END_RESP_START
157 1 0886614324 RESP_END
158 0 0888828816 STIM_START
158 0 0889828920 STIM_END_RESP_START
158 0 0890795996 LICK
158 0 0890796492 TIMEOUT_START
158 0 0891014680 LICK
158 0 0891015164 TIMEOUT_START
158 0 0891028968 RESP_END
158 0 0898015676 TIMEOUT_END
159 0 0899893416 STIM_START
159 0 0900893520 STIM_END_RESP_START
159 0 0902093560 RESP_END
160 0 0905628264 STIM_START
160 0 0906628364 STIM_END_RESP_START
160 0 0906845164 LICK
160 0 0906845656 TIMEOUT_START
160 0 0907828412 RESP_END
160 0 0913846160 TIMEOUT_END
161 1 0915675708 STIM_START
161 1 0916675812 STIM_END_RESP_START
161 1 0916854048 LICK
161 1 0916854536 REWARD_START
161 1 0917019032 LICK
161 1 0917221136 LICK
161 1 0917408828 LICK
161 1 0917761116 LICK
161 1 0917875856 RESP_END
161 1 0916865064 REWARD_END
162 0 0920050344 STIM_START
162 0 0920153076 LICK
162 0 0920301904 LICK
162 0 0920505876 LICK
162 0 0921050452 STIM_END_RESP_START
162 0 0922250492 RESP_END
163 0 0924403992 STIM_START
163 0 0925404088 STIM_END_RESP_START
163 0 0925461392 LICK
163 0 0925461884 TIMEOUT_START
163 0 0925676720 LICK
163 0 0925677204 TIMEOUT_START
163 0 0925864472 LICK
163 0 0925864956 TIMEOUT_START
163 0 0926604128 RESP_END
163 0 0932865464 TIMEOUT_END
164 1 0934656488 STIM_START
164 1 0935656588 STIM_END_RESP_START
164 1 0936856628 RESP_END
165 1 0938895096 STIM_START
165 1 0939895200 STIM_END_RESP_START
165 1 0941095240 RESP_END
166 0 0942871664 STIM_START
166 0 0943871764 STIM_END_RESP_START
166 0 0945071808 RESP_END
167 0 0947122276 STIM_START
167 0 0947811084 LICK
167 0 0947987292 LICK
167 0 0948122396 STIM_END_RESP_START
167 0 0948181928 LICK
167 0 0948182420 TIMEOUT_START
167 0 0948372328 LICK
167 0 0948372820 TIMEOUT_START
167 0 0949003836 LICK
167 0 0949004328 TIMEOUT_START
167 0 0949108396 LICK
167 0 0949108888 TIMEOUT_START
167 0 0949256012 LICK
167 0 0949256504 TIMEOUT_START
167 0 0949322436 RESP_END
167 0 0956257012 TIMEOUT_END
168 0 0958074864 STIM_START
168 0 0959074968 STIM_END_RESP_START
168 0 0959448560 LICK
168 0 0959449048 TIMEOUT_START
168 0 0959661356 LICK
168 0 0959661844 TIMEOUT_START
168 0 0960274984 RESP_END
168 0 0966662352 TIMEOUT_END
169 1 0968547396 STIM_START
169 1 0969402996 LICK
169 1 0969547496 STIM_END_RESP_START
169 1 0969621736 LICK
169 1 0969622224 REWARD_START
169 1 0969818520 LICK
169 1 0970747536 RESP_END
169 1 0969632744 REWARD_END
170 1 0972924068 STIM_START
170 1 0973924164 STIM_END_RESP_START
170 1 0975124204 RESP_END
171 0 0977320676 STIM_START
171 0 0978320780 STIM_END_RESP_START
171 0 0979406184 LICK
171 0 0979406668 TIMEOUT_START
171 0 0979520812 RESP_END
171 0 0986407184 TIMEOUT_END
172 1 0988631368 STIM_START
172 1 0989058884 LICK
172 1 0989267984 LICK
172 1 0989421788 LICK
172 1 0989548904 LICK
172 1 0989631464 STIM_END_RESP_START
172 1 0990831504 RESP_END
173 0 0992712932 STIM_START
173 0 0993475804 LICK
173 0 0993672912 LICK
173 0 0993713044 STIM_END_RESP_START
173 0 0993903252 LICK
173 0 0993903744 TIMEOUT_START
173 0 0994913060 RESP_END
173 0 1000904240 TIMEOUT_END
174 0 1002700352 STIM_START
174 0 1003700476 STIM_END_RESP_START
174 0 1004900496 RESP_END
175 0 1006751960 STIM_START
175 0 1007752076 STIM_END_RESP_START
175 0 1008952096 RESP_END
176 1 1010938540 STIM_START
176 1 1011938664 STIM_END_RESP_START
176 1 1013138680 RESP_END
177 1 1015162176 STIM_START
177 1 1016162292 STIM_END_RESP_START
177 1 1017362308 RESP_END
178 1 1019573832 STIM_START
178 1 1020573956 STIM_END_RESP_START
178 1 1021773976 RESP_END
179 0 1023597408 STIM_START
179 0 1024597532 STIM_END_RESP_START
179 0 1025797548 RESP_END
180 1 1028043064 STIM_START
180 1 1029043180 STIM_END_RESP_START
180 1 1030243196 RESP_END
181 0 1032253660 STIM_START
181 0 1033253772 STIM_END_RESP_START
181 0 1034453788 RESP_END
182 0 1036533264 STIM_START
182 0 1037533384 STIM_END_RESP_START
182 0 1038733400 RESP_END
183 1 1040877912 STIM_START
183 1 1041878032 STIM_END_RESP_START
183 1 1043078048 RESP_END
184 1 1045115540 STIM_START
184 1 1046115664 STIM_END_RESP_START
184 1 1047315684 RESP_END
185 1 1049535184 STIM_START
185 1 1050535304 STIM_END_RESP_START
185 1 1051475212 LICK
185 1 1051475744 REWARD_START
185 1 1051617964 LICK
185 1 1051735336 RESP_END
185 1 1051486312 REWARD_END
186 0 1054174840 STIM_START
186 0 1054857128 LICK
186 0 1055136208 LICK
186 0 1055174972 STIM_END_RESP_START
186 0 1056375012 RESP_END
187 1 1058450468 STIM_START
187 1 1059450580 STIM_END_RESP_START
187 1 1060650596 RESP_END
USER_EXIT