001 0 0005981204 STIM_START
001 0 0006981344 STIM_END_RESP_START
001 0 0008181384 RESP_END
002 0 0010363956 STIM_START
002 0 0011364076 STIM_END_RESP_START
002 0 0012564092 RESP_END
003 0 0014816632 STIM_START
003 0 0015816756 STIM_END_RESP_START
003 0 0015970368 LICK
003 0 0015970804 TIMEOUT_START
003 0 0017016796 RESP_END
003 0 0022971264 TIMEOUT_END
004 1 0025045292 STIM_START
004 1 0026045408 STIM_END_RESP_START
004 1 0027245432 RESP_END
005 1 0029434000 STIM_START
005 1 0030434120 STIM_END_RESP_START
005 1 0031461668 LICK
005 1 0031462104 REWARD_START
005 1 0031631344 LICK
005 1 0031634164 RESP_END
005 1 0031471576 REWARD_END
006 1 0035439968 STIM_START
006 1 0036440100 STIM_END_RESP_START
006 1 0037640116 RESP_END
007 0 0041873012 STIM_START
007 0 0042873136 STIM_END_RESP_START
007 0 0044073156 RESP_END
008 1 0046196712 STIM_START
008 1 0047196836 STIM_END_RESP_START
008 1 0047527444 LICK
008 1 0047527880 REWARD_START
008 1 0047714132 LICK
008 1 0047929176 LICK
008 1 0048138928 LICK
008 1 0048324936 LICK
008 1 0048396860 RESP_END
008 1 0047537360 REWARD_END
009 1 0050607416 STIM_START
009 1 0051607580 STIM_END_RESP_START
009 1 0052807596 RESP_END
010 1 0055048148 STIM_START
010 1 0055677668 LICK
010 1 0055832404 LICK
010 1 0056048296 STIM_END_RESP_START
010 1 0056075276 LICK
010 1 0056075712 REWARD_START
010 1 0056678348 LICK
010 1 0056864564 LICK
010 1 0057086140 LICK
010 1 0057248344 RESP_END
010 1 0056085188 REWARD_END
011 0 0059506864 STIM_START
011 0 0060506984 STIM_END_RESP_START
011 0 0061707008 RESP_END
012 1 0063948584 STIM_START
012 1 0064680056 LICK
012 1 0064841776 LICK
012 1 0064948700 STIM_END_RESP_START
012 1 0065097912 LICK
012 1 0065098348 REWARD_START
012 1 0065704884 LICK
012 1 0065898252 LICK
012 1 0066081764 LICK
012 1 0066148744 RESP_END
012 1 0065107824 REWARD_END
013 0 0068261280 STIM_START
013 0 0069261404 STIM_END_RESP_START
013 0 0070461416 RESP_END
014 1 0072367948 STIM_START
014 1 0073368072 STIM_END_RESP_START
014 1 0073593492 LICK
014 1 0073593940 REWARD_START
014 1 0073773124 LICK
014 1 0074240556 LICK
014 1 0074417432 LICK
014 1 0074568112 RESP_END
014 1 0073603412 REWARD_END
015 1 0076796660 STIM_START
015 1 0077796788 STIM_END_RESP_START
015 1 0078996808 RESP_END
016 0 0080818312 STIM_START
016 0 0081745256 LICK
016 0 0081818424 STIM_END_RESP_START
016 0 0081927444 LICK
016 0 0081927876 TIMEOUT_START
016 0 0082540104 LICK
016 0 0082540540 TIMEOUT_START
016 0 0082783828 LICK
016 0 0082784272 TIMEOUT_START
016 0 0082958704 LICK
016 0 0082959140 TIMEOUT_START
016 0 0083018464 RESP_END
016 0 0089959596 TIMEOUT_END
017 1 0091898112 STIM_START
017 1 0092898232 STIM_END_RESP_START
017 1 0094098252 RESP_END
018 0 0096176800 STIM_START
018 0 0097176920 STIM_END_RESP_START
018 0 0097290708 LICK
018 0 0097291144 TIMEOUT_START
018 0 0097442636 LICK
018 0 0097443076 TIMEOUT_START
018 0 0098376956 RESP_END
018 0 0104443528 TIMEOUT_END
019 1 0106389448 STIM_START
019 1 0107389588 STIM_END_RESP_START
019 1 0107751816 LICK
019 1 0107752300 REWARD_START
019 1 0107952248 LICK
019 1 0108173848 LICK
019 1 0108589608 RESP_END
019 1 0107761824 REWARD_END
020 0 0110905228 STIM_START
020 0 0111905368 STIM_END_RESP_START
020 0 0113105404 RESP_END
021 0 0114947840 STIM_START
021 0 0115947980 STIM_END_RESP_START
021 0 0117148016 RESP_END
022 0 0119189540 STIM_START
022 0 0120189676 STIM_END_RESP_START
022 0 0120409200 LICK
022 0 0120409684 TIMEOUT_START
022 0 0120670776 LICK
022 0 0120671268 TIMEOUT_START
022 0 0121389696 RESP_END
022 0 0127671768 TIMEOUT_END
023 1 0129964268 STIM_START
023 1 0130824876 LICK
023 1 0130964416 STIM_END_RESP_START
023 1 0130998164 LICK
023 1 0130998656 REWARD_START
023 1 0131254960 LICK
023 1 0131414080 LICK
023 1 0131602944 LICK
023 1 0131799592 LICK
023 1 0132164460 RESP_END
023 1 0131008180 REWARD_END
024 0 0134253972 STIM_START
024 0 0135254112 STIM_END_RESP_START
024 0 0136454152 RESP_END
025 1 0138612660 STIM_START
025 1 0139612800 STIM_END_RESP_START
025 1 0139689688 LICK
025 1 0139690180 REWARD_START
025 1 0139884812 LICK
025 1 0140053132 LICK
025 1 0140253228 LICK
025 1 0140421964 LICK
025 1 0140812840 RESP_END
025 1 0139699700 REWARD_END
026 0 0142699360 STIM_START
026 0 0143699504 STIM_END_RESP_START
026 0 0144899540 RESP_END
027 1 0148580264 STIM_START
027 1 0149326308 LICK
027 1 0149483196 LICK
027 1 0149580404 STIM_END_RESP_START
027 1 0149703072 LICK
027 1 0149703556 REWARD_START
027 1 0150071176 LICK
027 1 0150278364 LICK
027 1 0150473216 LICK
027 1 0150659608 LICK
027 1 0150780428 RESP_END
027 1 0149713084 REWARD_END
028 1 0152799972 STIM_START
028 1 0153800116 STIM_END_RESP_START
028 1 0153829280 LICK
028 1 0153829772 REWARD_START
028 1 0153974336 LICK
028 1 0154256316 LICK
028 1 0154425504 LICK
028 1 0155000152 RESP_END
028 1 0153839292 REWARD_END
029 0 0156780624 STIM_START
029 0 0157519984 LICK
029 0 0157688764 LICK
029 0 0157780752 STIM_END_RESP_START
029 0 0157918908 LICK
029 0 0157919400 TIMEOUT_START
029 0 0158458796 LICK
029 0 0158459288 TIMEOUT_START
029 0 0158980788 RESP_END
029 0 0165459784 TIMEOUT_END
030 1 0169490636 STIM_START
030 1 0170490772 STIM_END_RESP_START
030 1 0171690808 RESP_END
031 0 0173763344 STIM_START
031 0 0174592276 LICK
031 0 0174763468 STIM_END_RESP_START
031 0 0174830368 LICK
031 0 0174830856 TIMEOUT_START
031 0 0174993116 LICK
031 0 0174993608 TIMEOUT_START
031 0 0175191848 LICK
031 0 0175192340 TIMEOUT_START
031 0 0175377348 LICK
031 0 0175377840 TIMEOUT_START
031 0 0175963484 RESP_END
031 0 0182378344 TIMEOUT_END
032 1 0184329056 STIM_START
032 1 0185323268 LICK
032 1 0185329176 STIM_END_RESP_START
032 1 0185540168 LICK
032 1 0185540656 REWARD_START
032 1 0186393532 LICK
032 1 0186529196 RESP_END
032 1 0185550180 REWARD_END
033 0 0189301840 STIM_START
033 0 0190283656 LICK
033 0 0190301988 STIM_END_RESP_START
033 0 0190487952 LICK
033 0 0190488436 TIMEOUT_START
033 0 0190688536 LICK
033 0 0190689020 TIMEOUT_START
033 0 0191333764 LICK
033 0 0191334248 TIMEOUT_START
033 0 0191502008 RESP_END
033 0 0198334752 TIMEOUT_END
034 0 0200383628 STIM_START
034 0 0201383764 STIM_END_RESP_START
034 0 0201543012 LICK
034 0 0201543496 TIMEOUT_START
034 0 0201777072 LICK
034 0 0201777564 TIMEOUT_START
034 0 0201961236 LICK
034 0 0201961724 TIMEOUT_START
034 0 0202583812 RESP_END
034 0 0208962232 TIMEOUT_END
035 1 0210747320 STIM_START
035 1 0211047936 LICK
035 1 0211730204 LICK
035 1 0211747436 STIM_END_RESP_START
035 1 0212518852 LICK
035 1 0212519340 REWARD_START
035 1 0212736304 LICK
035 1 0212920720 LICK
035 1 0212947480 RESP_END
035 1 0212528860 REWARD_END
036 1 0215476092 STIM_START
036 1 0216476240 STIM_END_RESP_START
036 1 0217676276 RESP_END
037 1 0219728772 STIM_START
037 1 0220728912 STIM_END_RESP_START
037 1 0221246176 LICK
037 1 0221246668 REWARD_START
037 1 0221462692 LICK
037 1 0221632468 LICK
037 1 0221842556 LICK
037 1 0221928952 RESP_END
037 1 0221256188 REWARD_END
038 0 0223950452 STIM_START
038 0 0224896640 LICK
038 0 0224950592 STIM_END_RESP_START
038 0 0225154684 LICK
038 0 0225155176 TIMEOUT_START
038 0 0225917600 LICK
038 0 0225918092 TIMEOUT_START
038 0 0226150604 RESP_END
038 0 0232918600 TIMEOUT_END
039 0 0235043280 STIM_START
039 0 0236039020 LICK
039 0 0236043420 STIM_END_RESP_START
039 0 0236261004 LICK
039 0 0236261492 TIMEOUT_START
039 0 0237212800 LICK
039 0 0237213284 TIMEOUT_START
039 0 0237243468 RESP_END
039 0 0244213792 TIMEOUT_END
040 1 0246077032 STIM_START
040 1 0247049984 LICK
040 1 0247077180 STIM_END_RESP_START
040 1 0247285940 LICK
040 1 0247286424 REWARD_START
040 1 0248040100 LICK
040 1 0248202140 LICK
040 1 0248277220 RESP_END
040 1 0247295944 REWARD_END
041 1 0250821804 STIM_START
041 1 0251548944 LICK
041 1 0251784284 LICK
041 1 0251821952 STIM_END_RESP_START
041 1 0252747104 LICK
041 1 0252747592 REWARD_START
041 1 0252919996 LICK
041 1 0253021968 RESP_END
041 1 0252757120 REWARD_END
042 0 0255545568 STIM_START
042 0 0256178232 LICK
042 0 0256428996 LICK
042 0 0256545716 STIM_END_RESP_START
042 0 0257745752 RESP_END
043 0 0259740244 STIM_START
043 0 0260740384 STIM_END_RESP_START
043 0 0261940424 RESP_END
044 0 0263852916 STIM_START
044 0 0264689840 LICK
044 0 0264853060 STIM_END_RESP_START
044 0 0265728172 LICK
044 0 0265728652 TIMEOUT_START
044 0 0265877824 LICK
044 0 0265878308 TIMEOUT_START
044 0 0266053104 RESP_END
044 0 0272878816 TIMEOUT_END
045 1 0274984732 STIM_START
045 1 0275872248 LICK
045 1 0275984852 STIM_END_RESP_START
045 1 0276218360 LICK
045 1 0276218848 REWARD_START
045 1 0276883172 LICK
045 1 0277075088 LICK
045 1 0277184872 RESP_END
045 1 0276228376 REWARD_END
046 0 0279679484 STIM_START
046 0 0280679628 STIM_END_RESP_START
046 0 0281458456 LICK
046 0 0281458948 TIMEOUT_START
046 0 0281708712 LICK
046 0 0281709196 TIMEOUT_START
046 0 0281879644 RESP_END
046 0 0288709700 TIMEOUT_END
047 1 0290480244 STIM_START
047 1 0291480380 STIM_END_RESP_START
047 1 0292287820 LICK
047 1 0292288304 REWARD_START
047 1 0292478304 LICK
047 1 0292680416 RESP_END
047 1 0292297832 REWARD_END
048 1 0294796944 STIM_START
048 1 0295735620 LICK
048 1 0295797088 STIM_END_RESP_START
048 1 0295902892 LICK
048 1 0295903384 REWARD_START
048 1 0296136996 LICK
048 1 0296331324 LICK
048 1 0296512296 LICK
048 1 0296997112 RESP_END
048 1 0295912904 REWARD_END
049 0 0299049616 STIM_START
049 0 0299886012 LICK
049 0 0300049736 STIM_END_RESP_START
049 0 0300124608 LICK
049 0 0300125092 TIMEOUT_START
049 0 0301249752 RESP_END
049 0 0307125592 TIMEOUT_END
050 1 0309355288 STIM_START
050 1 0310234916 LICK
050 1 0310355404 STIM_END_RESP_START
050 1 0310505012 LICK
050 1 0310505504 REWARD_START
050 1 0311129284 LICK
050 1 0311348532 LICK
050 1 0311517516 LICK
050 1 0311555420 RESP_END
050 1 0310515024 REWARD_END
051 0 0313515980 STIM_START
051 0 0314422096 LICK
051 0 0314516104 STIM_END_RESP_START
051 0 0314599712 LICK
051 0 0314600196 TIMEOUT_START
051 0 0314776072 LICK
051 0 0314776556 TIMEOUT_START
051 0 0315716120 RESP_END
051 0 0321777068 TIMEOUT_END
052 1 0323893640 STIM_START
052 1 0324893780 STIM_END_RESP_START
052 1 0325323424 LICK
052 1 0325323916 REWARD_START
052 1 0325503100 LICK
052 1 0325672164 LICK
052 1 0325881408 LICK
052 1 0326093832 RESP_END
052 1 0325333440 REWARD_END
053 0 0327939296 STIM_START
053 0 0328939428 STIM_END_RESP_START
053 0 0329599732 LICK
053 0 0329600224 TIMEOUT_START
053 0 0329844620 LICK
053 0 0329845108 TIMEOUT_START
053 0 0330139448 RESP_END
053 0 0336845612 TIMEOUT_END
054 1 0338654048 STIM_START
054 1 0339654188 STIM_END_RESP_START
054 1 0339748228 LICK
054 1 0339748712 REWARD_START
054 1 0339908568 LICK
054 1 0340102084 LICK
054 1 0340274020 LICK
054 1 0340457524 LICK
054 1 0340854212 RESP_END
054 1 0339758240 REWARD_END
055 1 0342764692 STIM_START
055 1 0343764828 STIM_END_RESP_START
055 1 0344964864 RESP_END
056 0 0347118404 STIM_START
056 0 0348078948 LICK
056 0 0348118544 STIM_END_RESP_START
056 0 0348282412 LICK
056 0 0348282900 TIMEOUT_START
056 0 0348442836 LICK
056 0 0348443320 TIMEOUT_START
056 0 0349287516 LICK
056 0 0349288000 TIMEOUT_START
056 0 0349318564 RESP_END
056 0 0356288508 TIMEOUT_END
057 1 0358355228 STIM_START
057 1 0359355368 STIM_END_RESP_START
057 1 0360555412 RESP_END
058 0 0364866284 STIM_START
058 0 0365866424 STIM_END_RESP_START
058 0 0367066460 RESP_END
059 0 0369147980 STIM_START
059 0 0369322088 LICK
059 0 0370148124 STIM_END_RESP_START
059 0 0371348164 RESP_END
060 1 0373542712 STIM_START
060 1 0374017192 LICK
060 1 0374318952 LICK
060 1 0374542852 STIM_END_RESP_START
060 1 0375350172 LICK
060 1 0375350664 REWARD_START
060 1 0375742896 RESP_END
060 1 0375360184 REWARD_END
061 0 0377716368 STIM_START
061 0 0378716512 STIM_END_RESP_START
061 0 0379916552 RESP_END
062 1 0381734064 STIM_START
062 1 0382734204 STIM_END_RESP_START
062 1 0383909552 LICK
062 1 0383910048 REWARD_START
062 1 0383934216 RESP_END
062 1 0383919572 REWARD_END
063 0 0386594804 STIM_START
063 0 0387594952 STIM_END_RESP_START
063 0 0387825428 LICK
063 0 0387825920 TIMEOUT_START
063 0 0388078336 LICK
063 0 0388078828 TIMEOUT_START
063 0 0388794976 RESP_END
063 0 0395079324 TIMEOUT_END
064 1 0396985508 STIM_START
064 1 0397985644 STIM_END_RESP_START
064 1 0398341732 LICK
064 1 0398342224 REWARD_START
064 1 0398575576 LICK
064 1 0398769288 LICK
064 1 0398931408 LICK
064 1 0399185688 RESP_END
064 1 0398351744 REWARD_END
065 0 0400942128 STIM_START
065 0 0401942264 STIM_END_RESP_START
065 0 0402809908 LICK
065 0 0402810396 TIMEOUT_START
065 0 0403142296 RESP_END
065 0 0409810900 TIMEOUT_END
066 0 0411964920 STIM_START
066 0 0412965060 STIM_END_RESP_START
066 0 0413112584 LICK
066 0 0413113068 TIMEOUT_START
066 0 0413917012 LICK
066 0 0413917500 TIMEOUT_START
066 0 0414165100 RESP_END
066 0 0420918004 TIMEOUT_END
067 0 0422937696 STIM_START
067 0 0423937828 STIM_END_RESP_START
067 0 0424010788 LICK
067 0 0424011272 TIMEOUT_START
067 0 0424234132 LICK
067 0 0424234616 TIMEOUT_START
067 0 0424854672 LICK
067 0 0424855156 TIMEOUT_START
067 0 0425108292 LICK
067 0 0425108784 TIMEOUT_START
067 0 0425137852 RESP_END
067 0 0432109280 TIMEOUT_END
068 1 0433941480 STIM_START
068 1 0434941620 STIM_END_RESP_START
068 1 0435112592 LICK
068 1 0435113084 REWARD_START
068 1 0435330232 LICK
068 1 0435526804 LICK
068 1 0435682312 LICK
068 1 0436141636 RESP_END
068 1 0435122608 REWARD_END
069 1 0438400204 STIM_START
069 1 0439400336 STIM_END_RESP_START
069 1 0440600376 RESP_END
070 0 0442425856 STIM_START
070 0 0443425996 STIM_END_RESP_START
070 0 0443786952 LICK
070 0 0443787440 TIMEOUT_START
070 0 0444042880 LICK
070 0 0444043368 TIMEOUT_START
070 0 0444626036 RESP_END
070 0 0451043876 TIMEOUT_END
071 0 0452977580 STIM_START
071 0 0453977720 STIM_END_RESP_START
071 0 0455177760 RESP_END
072 0 0457363288 STIM_START
072 0 0458363432 STIM_END_RESP_START
072 0 0459387660 LICK
072 0 0459388152 TIMEOUT_START
072 0 0459563472 RESP_END
072 0 0466388656 TIMEOUT_END
073 1 0468533088 STIM_START
073 1 0469533228 STIM_END_RESP_START
073 1 0470003720 LICK
073 1 0470004204 REWARD_START
073 1 0470193144 LICK
073 1 0470545848 LICK
073 1 0470733272 RESP_END
073 1 0470013728 REWARD_END
074 1 0473135832 STIM_START
074 1 0474135976 STIM_END_RESP_START
074 1 0474359024 LICK
074 1 0474359512 REWARD_START
074 1 0474618284 LICK
074 1 0474801596 LICK
074 1 0474987548 LICK
074 1 0475335984 RESP_END
074 1 0474369040 REWARD_END
075 1 0477505552 STIM_START
075 1 0478505688 STIM_END_RESP_START
075 1 0479705728 RESP_END
076 0 0481630228 STIM_START
076 0 0482630368 STIM_END_RESP_START
076 0 0483830404 RESP_END
077 1 0485955936 STIM_START
077 1 0486956080 STIM_END_RESP_START
077 1 0487399828 LICK
077 1 0487400312 REWARD_START
077 1 0487601076 LICK
077 1 0487775840 LICK
077 1 0487966216 LICK
077 1 0488156104 RESP_END
077 1 0487409844 REWARD_END
078 1 0490253608 STIM_START
078 1 0491108292 LICK
078 1 0491253728 STIM_END_RESP_START
078 1 0491885828 LICK
078 1 0491886316 REWARD_START
078 1 0492128108 LICK
078 1 0492352540 LICK
078 1 0492453748 RESP_END
078 1 0491895844 REWARD_END
079 1 0494611316 STIM_START
079 1 0495611460 STIM_END_RESP_START
079 1 0496811500 RESP_END
080 0 0498787004 STIM_START
080 0 0499592992 LICK
080 0 0499787156 STIM_END_RESP_START
080 0 0499811064 LICK
080 0 0499811556 TIMEOUT_START
080 0 0500987200 RESP_END
080 0 0506812064 TIMEOUT_END
081 1 0508824616 STIM_START
081 1 0509720652 LICK
081 1 0509824744 STIM_END_RESP_START
081 1 0509923548 LICK
081 1 0509924036 REWARD_START
081 1 0510475252 LICK
081 1 0510660340 LICK
081 1 0510900864 LICK
081 1 0511024788 RESP_END
081 1 0509933556 REWARD_END
082 0 0512834272 STIM_START
082 0 0513834412 STIM_END_RESP_START
082 0 0514637596 LICK
082 0 0514638088 TIMEOUT_START
082 0 0515034456 RESP_END
082 0 0521638592 TIMEOUT_END
083 0 0523473996 STIM_START
083 0 0524474136 STIM_END_RESP_START
083 0 0524656028 LICK
083 0 0524656508 TIMEOUT_START
083 0 0525083356 LICK
083 0 0525083844 TIMEOUT_START
083 0 0525470456 LICK
083 0 0525470944 TIMEOUT_START
083 0 0525674176 RESP_END
083 0 0532471452 TIMEOUT_END
084 0 0534702812 STIM_START
084 0 0534854360 LICK
084 0 0535423284 LICK
084 0 0535658776 LICK
084 0 0535702936 STIM_END_RESP_START
084 0 0535878788 LICK
084 0 0535879272 TIMEOUT_START
084 0 0536902964 RESP_END
084 0 0542879780 TIMEOUT_END
085 1 0545099500 STIM_START
085 1 0546086428 LICK
085 1 0546099624 STIM_END_RESP_START
085 1 0546305348 LICK
085 1 0546305832 REWARD_START
085 1 0547017888 LICK
085 1 0547185216 LICK
085 1 0547299652 RESP_END
085 1 0546315360 REWARD_END
086 0 0549484212 STIM_START
086 0 0550484352 STIM_END_RESP_START
086 0 0551684396 RESP_END
087 1 0553893924 STIM_START
087 1 0554894060 STIM_END_RESP_START
087 1 0555311556 LICK
087 1 0555312040 REWARD_START
087 1 0555548964 LICK
087 1 0555714400 LICK
087 1 0555918900 LICK
087 1 0556094108 RESP_END
087 1 0555321572 REWARD_END
088 1 0558198620 STIM_START
088 1 0559198764 STIM_END_RESP_START
088 1 0559361220 LICK
088 1 0559361704 REWARD_START
088 1 0559533112 LICK
088 1 0559725624 LICK
088 1 0559898968 LICK
088 1 0560085572 LICK
088 1 0560398788 RESP_END
088 1 0559371224 REWARD_END
089 0 0562450332 STIM_START
089 0 0563396044 LICK
089 0 0563450452 STIM_END_RESP_START
089 0 0563562528 LICK
089 0 0563563016 TIMEOUT_START
089 0 0564282944 LICK
089 0 0564283436 TIMEOUT_START
089 0 0564650480 RESP_END
089 0 0571283932 TIMEOUT_END
090 1 0573199048 STIM_START
090 1 0574199192 STIM_END_RESP_START
090 1 0574423988 LICK
090 1 0574424480 REWARD_START
090 1 0574627688 LICK
090 1 0574810148 LICK
090 1 0575200740 LICK
090 1 0575330572 LICK
090 1 0575399212 RESP_END
090 1 0574434000 REWARD_END
091 1 0577389740 STIM_START
091 1 0578334576 LICK
091 1 0578389892 STIM_END_RESP_START
091 1 0578519512 LICK
091 1 0578519996 REWARD_START
091 1 0578718556 LICK
091 1 0578904632 LICK
091 1 0579082284 LICK
091 1 0579283200 LICK
091 1 0579589912 RESP_END
091 1 0578529528 REWARD_END
092 1 0581771440 STIM_START
092 1 0582377896 LICK
092 1 0582555968 LICK
092 1 0582771556 STIM_END_RESP_START
092 1 0583115144 LICK
092 1 0583115632 REWARD_START
092 1 0583331112 LICK
092 1 0583526904 LICK
092 1 0583734844 LICK
092 1 0583947016 LICK
092 1 0583971588 RESP_END
092 1 0583125164 REWARD_END
093 0 0585748084 STIM_START
093 0 0586748232 STIM_END_RESP_START
093 0 0587320044 LICK
093 0 0587320536 TIMEOUT_START
093 0 0587428404 LICK
093 0 0587428896 TIMEOUT_START
093 0 0587567456 LICK
093 0 0587567940 TIMEOUT_START
093 0 0587767308 LICK
093 0 0587767792 TIMEOUT_START
093 0 0587948248 RESP_END
093 0 0594768308 TIMEOUT_END
094 1 0596885900 STIM_START
094 1 0597886044 STIM_END_RESP_START
094 1 0598434352 LICK
094 1 0598434844 REWARD_START
094 1 0598591012 LICK
094 1 0598755480 LICK
094 1 0598928416 LICK
094 1 0599086072 RESP_END
094 1 0598444364 REWARD_END
095 0 0601230592 STIM_START
095 0 0602013088 LICK
095 0 0602230736 STIM_END_RESP_START
095 0 0602831632 LICK
095 0 0602832124 TIMEOUT_START
095 0 0603430768 RESP_END
095 0 0609832632 TIMEOUT_END
096 0 0611969336 STIM_START
096 0 0612969476 STIM_END_RESP_START
096 0 0613740692 LICK
096 0 0613741180 TIMEOUT_START
096 0 0613938440 LICK
096 0 0613938928 TIMEOUT_START
096 0 0614169492 RESP_END
096 0 0620939444 TIMEOUT_END
097 1 0622976136 STIM_START
097 1 0623976268 STIM_END_RESP_START
097 1 0624439192 LICK
097 1 0624439684 REWARD_START
097 1 0624629436 LICK
097 1 0624824744 LICK
097 1 0624988244 LICK
097 1 0625176304 RESP_END
097 1 0624449204 REWARD_END
098 1 0627056784 STIM_START
098 1 0627861944 LICK
098 1 0628056928 STIM_END_RESP_START
098 1 0628480040 LICK
098 1 0628480524 REWARD_START
098 1 0628734528 LICK
098 1 0628902652 LICK
098 1 0629105728 LICK
098 1 0629256964 RESP_END
098 1 0628490048 REWARD_END
099 0 0631193452 STIM_START
099 0 0632193596 STIM_END_RESP_START
099 0 0632361044 LICK
099 0 0632361528 TIMEOUT_START
099 0 0632619708 LICK
099 0 0632620196 TIMEOUT_START
099 0 0633063000 LICK
099 0 0633063492 TIMEOUT_START
099 0 0633236504 LICK
099 0 0633236988 TIMEOUT_START
099 0 0633393620 RESP_END
099 0 0640237484 TIMEOUT_END
100 0 0642144220 STIM_START
100 0 0643144360 STIM_END_RESP_START
100 0 0643624052 LICK
100 0 0643624536 TIMEOUT_START
100 0 0644344376 RESP_END
100 0 0650625052 TIMEOUT_END
101 1 0652573936 STIM_START
101 1 0653574076 STIM_END_RESP_START
101 1 0654296144 LICK
101 1 0654296632 REWARD_START
101 1 0654485788 LICK
101 1 0654645524 LICK
101 1 0654774120 RESP_END
101 1 0654306156 REWARD_END
102 0 0656880648 STIM_START
102 0 0657880780 STIM_END_RESP_START
102 0 0657992468 LICK
102 0 0657992956 TIMEOUT_START
102 0 0658238044 LICK
102 0 0658238532 TIMEOUT_START
102 0 0658799040 LICK
102 0 0658799528 TIMEOUT_START
102 0 0659080800 RESP_END
102 0 0665800036 TIMEOUT_END
103 1 0667824408 STIM_START
103 1 0668812964 LICK
103 1 0668824528 STIM_END_RESP_START
103 1 0669073312 LICK
103 1 0669073804 REWARD_START
103 1 0669436184 LICK
103 1 0669622488 LICK
103 1 0669793276 LICK
103 1 0669962644 LICK
103 1 0670024568 RESP_END
103 1 0669083328 REWARD_END
104 1 0672131096 STIM_START
104 1 0673131232 STIM_END_RESP_START
104 1 0673931184 LICK
104 1 0673931676 REWARD_START
104 1 0674120696 LICK
104 1 0674309968 LICK
104 1 0674331248 RESP_END
104 1 0673941196 REWARD_END
105 0 0676770844 STIM_START
105 0 0677690888 LICK
105 0 0677770992 STIM_END_RESP_START
105 0 0678264452 LICK
105 0 0678264940 TIMEOUT_START
105 0 0678416208 LICK
105 0 0678416696 TIMEOUT_START
105 0 0678971020 RESP_END
105 0 0685417200 TIMEOUT_END
106 1 0687524580 STIM_START
106 1 0688524724 STIM_END_RESP_START
106 1 0688720972 LICK
106 1 0688721456 REWARD_START
106 1 0688788220 LICK
106 1 0689103904 LICK
106 1 0689275848 LICK
106 1 0689482144 LICK
106 1 0689724764 RESP_END
106 1 0688730976 REWARD_END
107 0 0691506228 STIM_START
107 0 0692506364 STIM_END_RESP_START
107 0 0693706400 RESP_END
108 1 0695575904 STIM_START
108 1 0696576048 STIM_END_RESP_START
108 1 0696923680 LICK
108 1 0696924172 REWARD_START
108 1 0697141308 LICK
108 1 0697328372 LICK
108 1 0697511764 LICK
108 1 0697776076 RESP_END
108 1 0696933692 REWARD_END
109 1 0699643540 STIM_START
109 1 0700263320 LICK
109 1 0700512948 LICK
109 1 0700643676 STIM_END_RESP_START
109 1 0701047576 LICK
109 1 0701048068 REWARD_START
109 1 0701318080 LICK
109 1 0701486156 LICK
109 1 0701692892 LICK
109 1 0701843704 RESP_END
109 1 0701057592 REWARD_END
110 1 0704130268 STIM_START
110 1 0705038632 LICK
110 1 0705130408 STIM_END_RESP_START
110 1 0705265216 LICK
110 1 0705265708 REWARD_START
110 1 0705866616 LICK
110 1 0706071048 LICK
110 1 0706263976 LICK
110 1 0706330436 RESP_END
110 1 0705275232 REWARD_END
111 0 0708557988 STIM_START
111 0 0709558124 STIM_END_RESP_START
111 0 0710758164 RESP_END
112 1 0712764672 STIM_START
112 1 0713764808 STIM_END_RESP_START
112 1 0713814540 LICK
112 1 0713815028 REWARD_START
112 1 0714001544 LICK
112 1 0714218076 LICK
112 1 0714367400 LICK
112 1 0714573080 LICK
112 1 0714964852 RESP_END
112 1 0713824556 REWARD_END
113 1 0717188404 STIM_START
113 1 0718188540 STIM_END_RESP_START
113 1 0718518308 LICK
113 1 0718518796 REWARD_START
113 1 0718734436 LICK
113 1 0718966708 LICK
113 1 0719136908 LICK
113 1 0719388584 RESP_END
113 1 0718528320 REWARD_END
114 1 0721198056 STIM_START
114 1 0722061336 LICK
114 1 0722198192 STIM_END_RESP_START
114 1 0722224208 LICK
114 1 0722224692 REWARD_START
114 1 0722806596 LICK
114 1 0723007860 LICK
114 1 0723199116 LICK
114 1 0723398236 RESP_END
114 1 0722234216 REWARD_END
115 0 0725259724 STIM_START
115 0 0726259868 STIM_END_RESP_START
115 0 0726380784 LICK
115 0 0726381272 TIMEOUT_START
115 0 0726581300 LICK
115 0 0726581784 TIMEOUT_START
115 0 0727459908 RESP_END
115 0 0733582284 TIMEOUT_END
116 0 0735741408 STIM_START
116 0 0736490364 LICK
116 0 0736723036 LICK
116 0 0736741556 STIM_END_RESP_START
116 0 0737545884 LICK
116 0 0737546376 TIMEOUT_START
116 0 0737941576 RESP_END
116 0 0744546884 TIMEOUT_END
117 0 0746402124 STIM_START
117 0 0747402268 STIM_END_RESP_START
117 0 0747499716 LICK
117 0 0747500200 TIMEOUT_START
117 0 0748099496 LICK
117 0 0748099984 TIMEOUT_START
117 0 0748602276 RESP_END
117 0 0755100484 TIMEOUT_END
118 1 0757073860 STIM_START
118 1 0758074004 STIM_END_RESP_START
118 1 0758420096 LICK
118 1 0758420588 REWARD_START
118 1 0758626080 LICK
118 1 0758961496 LICK
118 1 0759122532 LICK
118 1 0759274020 RESP_END
118 1 0758430108 REWARD_END
119 0 0761604592 STIM_START
119 0 0762154288 LICK
119 0 0762345100 LICK
119 0 0762604724 STIM_END_RESP_START
119 0 0762957680 LICK
119 0 0762958168 TIMEOUT_START
119 0 0763198448 LICK
119 0 0763198940 TIMEOUT_START
119 0 0763389360 LICK
119 0 0763389848 TIMEOUT_START
119 0 0763804740 RESP_END
119 0 0770390360 TIMEOUT_END
120 1 0772425364 STIM_START
120 1 0773425504 STIM_END_RESP_START
120 1 0774057176 LICK
120 1 0774057660 REWARD_START
120 1 0774282720 LICK
120 1 0774484584 LICK
120 1 0774625548 RESP_END
120 1 0774067184 REWARD_END
121 1 0777002088 STIM_START
121 1 0778002224 STIM_END_RESP_START
121 1 0778071772 LICK
121 1 0778072268 REWARD_START
121 1 0778294380 LICK
121 1 0778477392 LICK
121 1 0778684212 LICK
121 1 0778878020 LICK
121 1 0779202240 RESP_END
121 1 0778081792 REWARD_END
122 0 0781283780 STIM_START
122 0 0782283908 STIM_END_RESP_START
122 0 0782299188 LICK
122 0 0782299676 TIMEOUT_START
122 0 0782536352 LICK
122 0 0782536844 TIMEOUT_START
122 0 0782951684 LICK
122 0 0782952168 TIMEOUT_START
122 0 0783124056 LICK
122 0 0783124548 TIMEOUT_START
122 0 0783483956 RESP_END
122 0 0790125048 TIMEOUT_END
123 1 0792341572 STIM_START
123 1 0793341708 STIM_END_RESP_START
123 1 0794541752 RESP_END
124 1 0796825308 STIM_START
124 1 0797825452 STIM_END_RESP_START
124 1 0797932284 LICK
124 1 0797932780 REWARD_START
124 1 0798162104 LICK
124 1 0798325416 LICK
124 1 0798521744 LICK
124 1 0799025496 RESP_END
124 1 0797942304 REWARD_END
125 1 0801197024 STIM_START
125 1 0801981400 LICK
125 1 0802197176 STIM_END_RESP_START
125 1 0802613540 LICK
125 1 0802614024 REWARD_START
125 1 0802796664 LICK
125 1 0802996212 LICK
125 1 0803185924 LICK
125 1 0803377460 LICK
125 1 0803397204 RESP_END
125 1 0802623552 REWARD_END
126 0 0805197656 STIM_START
126 0 0806197804 STIM_END_RESP_START
126 0 0807133676 LICK
126 0 0807134164 TIMEOUT_START
126 0 0807397828 RESP_END
126 0 0814134676 TIMEOUT_END
127 1 0816064416 STIM_START
127 1 0817064556 STIM_END_RESP_START
127 1 0817143776 LICK
127 1 0817144272 REWARD_START
127 1 0817388364 LICK
127 1 0817558704 LICK
127 1 0817753588 LICK
127 1 0818264572 RESP_END
127 1 0817153796 REWARD_END
128 1 0820594152 STIM_START
128 1 0821594292 STIM_END_RESP_START
128 1 0821826308 LICK
128 1 0821826800 REWARD_START
128 1 0822032748 LICK
128 1 0822224756 LICK
128 1 0822794324 RESP_END
128 1 0821836320 REWARD_END
129 1 0825030868 STIM_START
129 1 0826031008 STIM_END_RESP_START
129 1 0826441844 LICK
129 1 0826442328 REWARD_START
129 1 0826635188 LICK
129 1 0826843184 LICK
129 1 0827054620 LICK
129 1 0827219092 LICK
129 1 0827231040 RESP_END
129 1 0826451848 REWARD_END
130 0 0829246548 STIM_START
130 0 0830226616 LICK
130 0 0830246696 STIM_END_RESP_START
130 0 0830457308 LICK
130 0 0830457792 TIMEOUT_START
130 0 0831446716 RESP_END
130 0 0837458296 TIMEOUT_END
131 0 0839689252 STIM_START
131 0 0840564772 LICK
131 0 0840689396 STIM_END_RESP_START
131 0 0840811584 LICK
131 0 0840812064 TIMEOUT_START
131 0 0841699412 LICK
131 0 0841699892 TIMEOUT_START
131 0 0841889436 RESP_END
131 0 0848700400 TIMEOUT_END
132 0 0851824216 STIM_START
132 0 0852824360 STIM_END_RESP_START
132 0 0853600744 LICK
132 0 0853601228 TIMEOUT_START
132 0 0854024396 RESP_END
132 0 0860601744 TIMEOUT_END
133 1 0862705968 STIM_START
133 1 0863706104 STIM_END_RESP_START
133 1 0864624456 LICK
133 1 0864624948 REWARD_START
133 1 0864823936 LICK
133 1 0864906128 RESP_END
133 1 0864634468 REWARD_END
134 0 0867606768 STIM_START
134 0 0868564740 LICK
134 0 0868606888 STIM_END_RESP_START
134 0 0868756596 LICK
134 0 0868757080 TIMEOUT_START
134 0 0869235980 LICK
134 0 0869236464 TIMEOUT_START
134 0 0869403360 LICK
134 0 0869403852 TIMEOUT_START
134 0 0869806920 RESP_END
134 0 0876404356 TIMEOUT_END
135 1 0878603556 STIM_START
135 1 0879292324 LICK
135 1 0879487984 LICK
135 1 0879603680 STIM_END_RESP_START
135 1 0879713668 LICK
135 1 0879714152 REWARD_START
135 1 0879955476 LICK
135 1 0880168488 LICK
135 1 0880332136 LICK
135 1 0880517840 LICK
135 1 0880803696 RESP_END
135 1 0879723684 REWARD_END
136 0 0883049276 STIM_START
136 0 0884049420 STIM_END_RESP_START
136 0 0885249456 RESP_END
137 0 0887109928 STIM_START
137 0 0888110064 STIM_END_RESP_START
137 0 0889310104 RESP_END
138 0 0891382648 STIM_START
138 0 0892382788 STIM_END_RESP_START
138 0 0892860016 LICK
138 0 0892860508 TIMEOUT_START
138 0 0893105556 LICK
138 0 0893106040 TIMEOUT_START
138 0 0893582800 RESP_END
138 0 0900106544 TIMEOUT_END
139 1 0902111388 STIM_START
139 1 0903111524 STIM_END_RESP_START
139 1 0904311564 RESP_END
140 1 0906149028 STIM_START
140 1 0906850004 LICK
140 1 0907149164 STIM_END_RESP_START
140 1 0907529608 LICK
140 1 0907530092 REWARD_START
140 1 0908349208 RESP_END
140 1 0907539620 REWARD_END
141 1 0910150676 STIM_START
141 1 0910954276 LICK
141 1 0911139404 LICK
141 1 0911150808 STIM_END_RESP_START
141 1 0911362384 LICK
141 1 0911362872 REWARD_START
141 1 0911499120 LICK
141 1 0911697508 LICK
141 1 0911879748 LICK
141 1 0912350820 RESP_END
141 1 0911372396 REWARD_END
142 0 0914505400 STIM_START
142 0 0915505544 STIM_END_RESP_START
142 0 0915587180 LICK
142 0 0915587664 TIMEOUT_START
142 0 0915856360 LICK
142 0 0915856852 TIMEOUT_START
142 0 0916028580 LICK
142 0 0916029068 TIMEOUT_START
142 0 0916371652 LICK
142 0 0916372136 TIMEOUT_START
142 0 0916565020 LICK
142 0 0916565504 TIMEOUT_START
142 0 0916705588 RESP_END
142 0 0923566008 TIMEOUT_END
143 1 0925347168 STIM_START
143 1 0926347312 STIM_END_RESP_START
143 1 0926379116 LICK
143 1 0926379600 REWARD_START
143 1 0926558828 LICK
143 1 0926733960 LICK
143 1 0926898348 LICK
143 1 0927068824 LICK
143 1 0927547332 RESP_END
143 1 0926389124 REWARD_END
144 1 0929452804 STIM_START
144 1 0930452948 STIM_END_RESP_START
144 1 0930480576 LICK
144 1 0930481060 REWARD_START
144 1 0930696008 LICK
144 1 0930889136 LICK
144 1 0931082712 LICK
144 1 0931652980 RESP_END
144 1 0930490592 REWARD_END
145 0 0933442456 STIM_START
145 0 0934338532 LICK
145 0 0934442600 STIM_END_RESP_START
145 0 0934627796 LICK
145 0 0934628280 TIMEOUT_START
145 0 0935141820 LICK
145 0 0935142304 TIMEOUT_START
145 0 0935642612 RESP_END
145 0 0942142812 TIMEOUT_END
146 1 0945572420 STIM_START
146 1 0946414352 LICK
146 1 0946572552 STIM_END_RESP_START
146 1 0946631848 LICK
146 1 0946632336 REWARD_START
146 1 0947263316 LICK
146 1 0947444792 LICK
146 1 0947623044 LICK
146 1 0947772588 RESP_END
146 1 0946641860 REWARD_END
147 1 0949955152 STIM_START
147 1 0950955296 STIM_END_RESP_START
147 1 0952155336 RESP_END
148 1 0954232828 STIM_START
148 1 0955232972 STIM_END_RESP_START
148 1 0955993800 LICK
148 1 0955994296 REWARD_START
148 1 0956202228 LICK
148 1 0956384632 LICK
148 1 0956433008 RESP_END
148 1 0956003820 REWARD_END
149 0 0958769564 STIM_START
149 0 0959655356 LICK
149 0 0959769708 STIM_END_RESP_START
149 0 0959922524 LICK
149 0 0959923012 TIMEOUT_START
149 0 0960093572 LICK
149 0 0960094056 TIMEOUT_START
149 0 0960278740 LICK
149 0 0960279224 TIMEOUT_START
149 0 0960969752 RESP_END
149 0 0967279732 TIMEOUT_END
150 0 0969275264 STIM_START
150 0 0970146784 LICK
150 0 0970275400 STIM_END_RESP_START
150 0 0970395312 LICK
150 0 0970395804 TIMEOUT_START
150 0 0970676920 LICK
150 0 0970677412 TIMEOUT_START
150 0 0970875052 LICK
150 0 0970875536 TIMEOUT_START
150 0 0971475436 RESP_END
150 0 0977876052 TIMEOUT_END
151 1 0979929004 STIM_START
151 1 0980929148 STIM_END_RESP_START
151 1 0981375288 LICK
151 1 0981375776 REWARD_START
151 1 0981573412 LICK
151 1 0981914920 LICK
151 1 0982101284 LICK
151 1 0982129168 RESP_END
151 1 0981385308 REWARD_END
152 0 0984140676 STIM_START
152 0 0985140824 STIM_END_RESP_START
152 0 0986340864 RESP_END
153 0 0988491384 STIM_START
153 0 0989491524 STIM_END_RESP_START
153 0 0989727104 LICK
153 0 0989727592 TIMEOUT_START
153 0 0990375168 LICK
153 0 0990375652 TIMEOUT_START
153 0 0990691552 RESP_END
153 0 0997376156 TIMEOUT_END
154 1 0999479160 STIM_START
154 1 1000479300 STIM_END_RESP_START
154 1 1000662892 LICK
154 1 1000663432 REWARD_START
154 1 1000896188 LICK
154 1 1001060796 LICK
154 1 1001250520 LICK
154 1 1001409728 LICK
154 1 1001568708 LICK
154 1 1001679332 RESP_END
154 1 1000673000 REWARD_END
155 0 1003652832 STIM_START
155 0 1004652952 STIM_END_RESP_START
155 0 1004856848 LICK
155 0 1004857384 TIMEOUT_START
155 0 1005104260 LICK
155 0 1005104792 TIMEOUT_START
155 0 1005504772 LICK
155 0 1005505304 TIMEOUT_START
155 0 1005852984 RESP_END
155 0 1012505864 TIMEOUT_END
156 0 1014505600 STIM_START
156 0 1015505752 STIM_END_RESP_START
156 0 1015999676 LICK
156 0 1016000212 TIMEOUT_START
156 0 1016211244 LICK
156 0 1016211784 TIMEOUT_START
156 0 1016705768 RESP_END
156 0 1023212336 TIMEOUT_END
157 0 1025047312 STIM_START
157 0 1026047428 STIM_END_RESP_START
157 0 1026820836 LICK
157 0 1026821372 TIMEOUT_START
157 0 1027051632 LICK
157 0 1027052160 TIMEOUT_START
157 0 1027247472 RESP_END
157 0 1034052728 TIMEOUT_END
158 1 1035988096 STIM_START
158 1 1036988248 STIM_END_RESP_START
158 1 1037655688 LICK
158 1 1037656228 REWARD_START
158 1 1037885028 LICK
158 1 1038042624 LICK
158 1 1038188288 RESP_END
158 1 1037665796 REWARD_END
159 0 1040669848 STIM_START
159 0 1041669960 STIM_END_RESP_START
159 0 1041842360 LICK
159 0 1041842896 TIMEOUT_START
159 0 1042005564 LICK
159 0 1042006100 TIMEOUT_START
159 0 1042216604 LICK
159 0 1042217144 TIMEOUT_START
159 0 1042870000 RESP_END
159 0 1049217700 TIMEOUT_END
160 0 1051451592 STIM_START
160 0 1052451744 STIM_END_RESP_START
160 0 1053230184 LICK
160 0 1053230712 TIMEOUT_START
160 0 1053429696 LICK
160 0 1053430236 TIMEOUT_START
160 0 1053651764 RESP_END
160 0 1060430788 TIMEOUT_END
161 0 1062481388 STIM_START
161 0 1063481508 STIM_END_RESP_START
161 0 1063574224 LICK
161 0 1063574764 TIMEOUT_START
161 0 1063797992 LICK
161 0 1063798524 TIMEOUT_START
161 0 1064680048 LICK
161 0 1064680584 TIMEOUT_START
161 0 1064681552 RESP_END
161 0 1071681136 TIMEOUT_END
162 1 1073769212 STIM_START
162 1 1074769336 STIM_END_RESP_START
162 1 1075054212 LICK
162 1 1075054748 REWARD_START
162 1 1075325508 LICK
162 1 1075480612 LICK
162 1 1075630024 LICK
162 1 1075837780 LICK
162 1 1075969352 RESP_END
162 1 1075064316 REWARD_END
163 0 1077719852 STIM_START
163 0 1078719972 STIM_END_RESP_START
163 0 1079879264 LICK
163 0 1079879800 TIMEOUT_START
163 0 1079919996 RESP_END
163 0 1086880360 TIMEOUT_END
164 1 1089083704 STIM_START
164 1 1090083824 STIM_END_RESP_START
164 1 1090407300 LICK
164 1 1090407840 REWARD_START
164 1 1090625008 LICK
164 1 1090841784 LICK
164 1 1090979156 LICK
164 1 1091159112 LICK
164 1 1091283856 RESP_END
164 1 1090417408 REWARD_END
165 0 1093182376 STIM_START
165 0 1094182496 STIM_END_RESP_START
165 0 1094943592 LICK
165 0 1094944132 TIMEOUT_START
165 0 1095146464 LICK
165 0 1095147000 TIMEOUT_START
165 0 1095382524 RESP_END
165 0 1102147560 TIMEOUT_END
166 1 1103961128 STIM_START
166 1 1104961240 STIM_END_RESP_START
166 1 1105353688 LICK
166 1 1105354228 REWARD_START
166 1 1105583920 LICK
166 1 1105766944 LICK
166 1 1105956528 LICK
166 1 1106159808 LICK
166 1 1106161276 RESP_END
166 1 1105363796 REWARD_END
167 1 1108380828 STIM_START
167 1 1109224948 LICK
167 1 1109380972 STIM_END_RESP_START
167 1 1109385264 LICK
167 1 1109385796 REWARD_START
167 1 1109982484 LICK
167 1 1110160756 LICK
167 1 1110336360 LICK
167 1 1110525180 LICK
167 1 1110581016 RESP_END
167 1 1109395364 REWARD_END
168 0 1112361472 STIM_START
168 0 1113353424 LICK
168 0 1113361620 STIM_END_RESP_START
168 0 1113611588 LICK
168 0 1113612120 TIMEOUT_START
168 0 1114561656 RESP_END
168 0 1120612688 TIMEOUT_END
169 1 1122735156 STIM_START
169 1 1123735308 STIM_END_RESP_START
169 1 1123969348 LICK
169 1 1123969876 REWARD_START
169 1 1124172516 LICK
169 1 1124354316 LICK
169 1 1124533212 LICK
169 1 1124716252 LICK
169 1 1124935352 RESP_END
169 1 1123979452 REWARD_END
170 0 1127020872 STIM_START
170 0 1127968924 LICK
170 0 1128021024 STIM_END_RESP_START
170 0 1129221040 RESP_END
171 0 1131110552 STIM_START
171 0 1131950672 LICK
171 0 1132110688 STIM_END_RESP_START
171 0 1132121644 LICK
171 0 1132122188 TIMEOUT_START
171 0 1132735028 LICK
171 0 1132735564 TIMEOUT_START
171 0 1133310724 RESP_END
171 0 1139736120 TIMEOUT_END
172 1 1141742244 STIM_START
172 1 1142637448 LICK
172 1 1142742376 STIM_END_RESP_START
172 1 1142804352 LICK
172 1 1142804892 REWARD_START
172 1 1143022004 LICK
172 1 1143189864 LICK
172 1 1143385204 LICK
172 1 1143942404 RESP_END
172 1 1142814460 REWARD_END
173 0 1146176956 STIM_START
173 0 1147177076 STIM_END_RESP_START
173 0 1147413512 LICK
173 0 1147414044 TIMEOUT_START
173 0 1148212632 LICK
173 0 1148213160 TIMEOUT_START
173 0 1148377096 RESP_END
173 0 1155213716 TIMEOUT_END
174 0 1156981716 STIM_START
174 0 1157981836 STIM_END_RESP_START
174 0 1159181856 RESP_END
175 0 1161350428 STIM_START
175 0 1162350540 STIM_END_RESP_START
175 0 1162570764 LICK
175 0 1162571296 TIMEOUT_START
175 0 1162751212 LICK
175 0 1162751744 TIMEOUT_START
175 0 1162937204 LICK
175 0 1162937740 TIMEOUT_START
175 0 1163550568 RESP_END
175 0 1169938300 TIMEOUT_END
176 1 1172103188 STIM_START
176 1 1173103304 STIM_END_RESP_START
176 1 1173330360 LICK
176 1 1173330892 REWARD_START
176 1 1173550276 LICK
176 1 1173705156 LICK
176 1 1173880032 LICK
176 1 1174060632 LICK
176 1 1174303320 RESP_END
176 1 1173340468 REWARD_END
177 0 1176128824 STIM_START
177 0 1177128936 STIM_END_RESP_START
177 0 1178328960 RESP_END
178 1 1180466540 STIM_START
178 1 1181466660 STIM_END_RESP_START
178 1 1181481260 LICK
178 1 1181481792 REWARD_START
178 1 1181705644 LICK
178 1 1182095664 LICK
178 1 1182666680 RESP_END
178 1 1181491368 REWARD_END
179 0 1184469164 STIM_START
179 0 1185389888 LICK
179 0 1185469308 STIM_END_RESP_START
179 0 1185589652 LICK
179 0 1185590184 TIMEOUT_START
179 0 1186669340 RESP_END
179 0 1192590740 TIMEOUT_END
180 1 1194639816 STIM_START
180 1 1195639936 STIM_END_RESP_START
180 1 1195716912 LICK
180 1 1195717444 REWARD_START
180 1 1195940808 LICK
180 1 1196113752 LICK
180 1 1196286120 LICK
180 1 1196839976 RESP_END
180 1 1195727020 REWARD_END
181 0 1198618468 STIM_START
181 0 1199221164 LICK
181 0 1199403080 LICK
181 0 1199618580 STIM_END_RESP_START
181 0 1200062612 LICK
181 0 1200063148 TIMEOUT_START
181 0 1200818620 RESP_END
181 0 1207063716 TIMEOUT_END
182 1 1209141168 STIM_START
182 1 1210052952 LICK
182 1 1210141324 STIM_END_RESP_START
182 1 1210310756 LICK
182 1 1210311288 REWARD_START
182 1 1210772696 LICK
182 1 1211068408 LICK
182 1 1211237896 LICK
182 1 1211341336 RESP_END
182 1 1210320876 REWARD_END
183 1 1213196828 STIM_START
183 1 1214196948 STIM_END_RESP_START
183 1 1214407480 LICK
183 1 1214408020 REWARD_START
183 1 1214638756 LICK
183 1 1214826212 LICK
183 1 1215000224 LICK
183 1 1215192312 LICK
183 1 1215396972 RESP_END
183 1 1214417588 REWARD_END
184 0 1217300504 STIM_START
184 0 1218270260 LICK
184 0 1218300640 STIM_END_RESP_START
184 0 1218548808 LICK
184 0 1218549340 TIMEOUT_START
184 0 1219500664 RESP_END
184 0 1225549908 TIMEOUT_END
185 0 1227478160 STIM_START
185 0 1228279736 LICK
185 0 1228478304 STIM_END_RESP_START
185 0 1228986248 LICK
185 0 1228986784 TIMEOUT_START
185 0 1229678332 RESP_END
185 0 1235987328 TIMEOUT_END
186 1 1237861920 STIM_START
186 1 1238854492 LICK
186 1 1238862064 STIM_END_RESP_START
186 1 1239715720 LICK
186 1 1239716260 REWARD_START
186 1 1239936776 LICK
186 1 1240062104 RESP_END
186 1 1239725828 REWARD_END
187 1 1242180532 STIM_START
187 1 1243180652 STIM_END_RESP_START
187 1 1243729796 LICK
187 1 1243730336 REWARD_START
187 1 1243885168 LICK
187 1 1244082392 LICK
187 1 1244265532 LICK
187 1 1244380684 RESP_END
187 1 1243739908 REWARD_END
188 0 1246362212 STIM_START
188 0 1247076108 LICK
188 0 1247251468 LICK
188 0 1247362324 STIM_END_RESP_START
188 0 1248562348 RESP_END
189 0 1250652900 STIM_START
189 0 1251594352 LICK
189 0 1251653032 STIM_END_RESP_START
189 0 1252853064 RESP_END
190 1 1254797572 STIM_START
190 1 1255775916 LICK
190 1 1255797720 STIM_END_RESP_START
190 1 1255993336 LICK
190 1 1255993880 REWARD_START
190 1 1256563228 LICK
190 1 1256754264 LICK
190 1 1256984060 LICK
190 1 1256997752 RESP_END
190 1 1256003448 REWARD_END
191 0 1259357324 STIM_START
191 0 1260167476 LICK
191 0 1260357464 STIM_END_RESP_START
191 0 1260428132 LICK
191 0 1260428672 TIMEOUT_START
191 0 1260598624 LICK
191 0 1260599152 TIMEOUT_START
191 0 1261557480 RESP_END
191 0 1267599724 TIMEOUT_END
192 0 1269565976 STIM_START
192 0 1270566096 STIM_END_RESP_START
192 0 1270617564 LICK
192 0 1270618096 TIMEOUT_START
192 0 1271093104 LICK
192 0 1271093644 TIMEOUT_START
192 0 1271525616 LICK
192 0 1271526148 TIMEOUT_START
192 0 1271766128 RESP_END
192 0 1278526716 TIMEOUT_END
193 1 1280514744 STIM_START
193 1 1281514864 STIM_END_RESP_START
193 1 1281747076 LICK
193 1 1281747608 REWARD_START
193 1 1281941144 LICK
193 1 1282126200 LICK
193 1 1282294696 LICK
193 1 1282469128 LICK
193 1 1282652300 LICK
193 1 1282714880 RESP_END
193 1 1281757176 REWARD_END
194 1 1284927468 STIM_START
194 1 1285744960 LICK
194 1 1285927616 STIM_END_RESP_START
194 1 1285976244 LICK
194 1 1285976776 REWARD_START
194 1 1286163752 LICK
194 1 1286345568 LICK
194 1 1286528648 LICK
194 1 1286702028 LICK
194 1 1287127636 RESP_END
194 1 1285986352 REWARD_END
195 1 1289002120 STIM_START
195 1 1290002276 STIM_END_RESP_START
195 1 1290264260 LICK
195 1 1290264800 REWARD_START
195 1 1290481784 LICK
195 1 1290674552 LICK
195 1 1290855900 LICK
195 1 1291202296 RESP_END
195 1 1290274364 REWARD_END
196 0 1293419848 STIM_START
196 0 1294190316 LICK
196 0 1294419984 STIM_END_RESP_START
196 0 1295108212 LICK
196 0 1295108744 TIMEOUT_START
196 0 1295620024 RESP_END
196 0 1302109312 TIMEOUT_END
197 0 1304206592 STIM_START
197 0 1305206744 STIM_END_RESP_START
197 0 1305511140 LICK
197 0 1305511676 TIMEOUT_START
197 0 1305710088 LICK
197 0 1305710624 TIMEOUT_START
197 0 1306406756 RESP_END
197 0 1312711180 TIMEOUT_END
198 0 1314894340 STIM_START
198 0 1315894456 STIM_END_RESP_START
198 0 1317094472 RESP_END
199 1 1319124016 STIM_START
199 1 1320024768 LICK
199 1 1320124156 STIM_END_RESP_START
199 1 1320174948 LICK
199 1 1320175480 REWARD_START
199 1 1320399140 LICK
199 1 1320605440 LICK
199 1 1320732120 LICK
199 1 1320913216 LICK
199 1 1321324188 RESP_END
199 1 1320185056 REWARD_END
200 1 1323234692 STIM_START
200 1 1323900980 LICK
200 1 1324042488 LICK
200 1 1324234808 STIM_END_RESP_START
200 1 1324658208 LICK
200 1 1324658748 REWARD_START
200 1 1325434848 RESP_END
200 1 1324668316 REWARD_END
201 0 1327540376 STIM_START
201 0 1328217248 LICK
201 0 1328451392 LICK
201 0 1328540516 STIM_END_RESP_START
201 0 1328628100 LICK
201 0 1328628636 TIMEOUT_START
201 0 1328797968 LICK
201 0 1328798496 TIMEOUT_START
201 0 1329740552 RESP_END
201 0 1335799056 TIMEOUT_END
202 0 1338015072 STIM_START
202 0 1338764816 LICK
202 0 1338940280 LICK
202 0 1339015208 STIM_END_RESP_START
202 0 1339496100 LICK
202 0 1339496636 TIMEOUT_START
202 0 1339695660 LICK
202 0 1339696200 TIMEOUT_START
202 0 1340215244 RESP_END
202 0 1346696752 TIMEOUT_END
203 1 1348627808 STIM_START
203 1 1349627964 STIM_END_RESP_START
203 1 1349769808 LICK
203 1 1349770344 REWARD_START
203 1 1349988164 LICK
203 1 1350183568 LICK
203 1 1350347336 LICK
203 1 1350516116 LICK
203 1 1350828012 RESP_END
203 1 1349779912 REWARD_END
204 1 1352788468 STIM_START
204 1 1353534936 LICK
204 1 1353788588 STIM_END_RESP_START
204 1 1354400748 LICK
204 1 1354401288 REWARD_START
204 1 1354639736 LICK
204 1 1354858964 LICK
204 1 1354988632 RESP_END
204 1 1354410852 REWARD_END
205 0 1357306200 STIM_START
205 0 1358224720 LICK
205 0 1358306360 STIM_END_RESP_START
205 0 1358465204 LICK
205 0 1358465736 TIMEOUT_START
205 0 1358899152 LICK
205 0 1358899692 TIMEOUT_START
205 0 1359506404 RESP_END
205 0 1365900248 TIMEOUT_END
206 0 1368360988 STIM_START
206 0 1369225772 LICK
206 0 1369361116 STIM_END_RESP_START
206 0 1370561132 RESP_END
207 0 1372371664 STIM_START
207 0 1373290424 LICK
207 0 1373371792 STIM_END_RESP_START
207 0 1373956232 LICK
207 0 1373956764 TIMEOUT_START
207 0 1374119036 LICK
207 0 1374119568 TIMEOUT_START
207 0 1374342360 LICK
207 0 1374342892 TIMEOUT_START
207 0 1374571836 RESP_END
207 0 1381343448 TIMEOUT_END
208 1 1383202412 STIM_START
208 1 1384142796 LICK
208 1 1384202548 STIM_END_RESP_START
208 1 1384386472 LICK
208 1 1384387012 REWARD_START
208 1 1384847176 LICK
208 1 1385177588 LICK
208 1 1385349244 LICK
208 1 1385402580 RESP_END
208 1 1384396580 REWARD_END
209 1 1387415096 STIM_START
209 1 1388415224 STIM_END_RESP_START
209 1 1388917724 LICK
209 1 1388918260 REWARD_START
209 1 1389120948 LICK
209 1 1389310232 LICK
209 1 1389489064 LICK
209 1 1389615248 RESP_END
209 1 1388927832 REWARD_END
210 1 1391766804 STIM_START
210 1 1392766956 STIM_END_RESP_START
210 1 1392860900 LICK
210 1 1392861436 REWARD_START
210 1 1393004796 LICK
210 1 1393183696 LICK
210 1 1393402380 LICK
210 1 1393550700 LICK
210 1 1393966988 RESP_END
210 1 1392871004 REWARD_END
211 0 1395801444 STIM_START
211 0 1396699084 LICK
211 0 1396801580 STIM_END_RESP_START
211 0 1397506396 LICK
211 0 1397506928 TIMEOUT_START
211 0 1398001624 RESP_END
211 0 1404507484 TIMEOUT_END
212 1 1408137460 STIM_START
212 1 1409038872 LICK
212 1 1409137608 STIM_END_RESP_START
212 1 1409662184 LICK
212 1 1409662716 REWARD_START
212 1 1409840568 LICK
212 1 1410055840 LICK
212 1 1410230316 LICK
212 1 1410337628 RESP_END
212 1 1409672292 REWARD_END
213 1 1412377136 STIM_START
213 1 1413377256 STIM_END_RESP_START
213 1 1414525864 LICK
213 1 1414526404 REWARD_START
213 1 1414577292 RESP_END
213 1 1414535972 REWARD_END
214 1 1417237940 STIM_START
214 1 1417936828 LICK
214 1 1418085736 LICK
214 1 1418238060 STIM_END_RESP_START
214 1 1418689956 LICK
214 1 1418690488 REWARD_START
214 1 1418914208 LICK
214 1 1419113016 LICK
214 1 1419291344 LICK
214 1 1419438112 RESP_END
214 1 1418700064 REWARD_END
215 0 1421472604 STIM_START
215 0 1422273100 LICK
215 0 1422472732 STIM_END_RESP_START
215 0 1422482508 LICK
215 0 1422483040 TIMEOUT_START
215 0 1422667160 LICK
215 0 1422667696 TIMEOUT_START
215 0 1423306404 LICK
215 0 1423306944 TIMEOUT_START
215 0 1423672748 RESP_END
215 0 1430307504 TIMEOUT_END
216 0 1432536400 STIM_START
216 0 1433167948 LICK
216 0 1433407772 LICK
216 0 1433536532 STIM_END_RESP_START
216 0 1434137508 LICK
216 0 1434138048 TIMEOUT_START
216 0 1434736544 RESP_END
216 0 1441138612 TIMEOUT_END
217 1 1443275152 STIM_START
217 1 1444275272 STIM_END_RESP_START
217 1 1444593664 LICK
217 1 1444594200 REWARD_START
217 1 1444810420 LICK
217 1 1444974032 LICK
217 1 1445151492 LICK
217 1 1445326164 LICK
217 1 1445475320 RESP_END
217 1 1444603768 REWARD_END
218 0 1447547832 STIM_START
218 0 1448542112 LICK
218 0 1448547988 STIM_END_RESP_START
218 0 1448809360 LICK
218 0 1448809896 TIMEOUT_START
218 0 1449178452 LICK
218 0 1449178984 TIMEOUT_START
218 0 1449748008 RESP_END
218 0 1456179532 TIMEOUT_END
219 0 1458372596 STIM_START
219 0 1459372716 STIM_END_RESP_START
219 0 1460215456 LICK
219 0 1460215996 TIMEOUT_START
219 0 1460389136 LICK
219 0 1460389664 TIMEOUT_START
219 0 1460572732 RESP_END
219 0 1467390228 TIMEOUT_END
220 1 1469507396 STIM_START
220 1 1470491448 LICK
220 1 1470507512 STIM_END_RESP_START
220 1 1471326996 LICK
220 1 1471327536 REWARD_START
220 1 1471707532 RESP_END
220 1 1471337104 REWARD_END
221 1 1473936120 STIM_START
221 1 1474936240 STIM_END_RESP_START
221 1 1474951020 LICK
221 1 1474951556 REWARD_START
221 1 1475714588 LICK
221 1 1476039848 LICK
221 1 1476136268 RESP_END
221 1 1474961124 REWARD_END
222 0 1478740904 STIM_START
222 0 1479741020 STIM_END_RESP_START
222 0 1479764060 LICK
222 0 1479764592 TIMEOUT_START
222 0 1479939060 LICK
222 0 1479939596 TIMEOUT_START
222 0 1480145564 LICK
222 0 1480146100 TIMEOUT_START
222 0 1480941044 RESP_END
222 0 1487146664 TIMEOUT_END
223 1 1489066564 STIM_START
223 1 1490066724 STIM_END_RESP_START
223 1 1490416924 LICK
223 1 1490417456 REWARD_START
223 1 1490604980 LICK
223 1 1490749984 LICK
223 1 1490918320 LICK
223 1 1491090760 LICK
223 1 1491266744 RESP_END
223 1 1490427032 REWARD_END
224 0 1493053228 STIM_START
224 0 1493714280 LICK
224 0 1493944032 LICK
224 0 1494053352 STIM_END_RESP_START
224 0 1495253372 RESP_END
225 0 1497499944 STIM_START
225 0 1498347200 LICK
225 0 1498500064 STIM_END_RESP_START
225 0 1498585752 LICK
225 0 1498586292 TIMEOUT_START
225 0 1498976240 LICK
225 0 1498976780 TIMEOUT_START
225 0 1499464580 LICK
225 0 1499465120 TIMEOUT_START
225 0 1499700088 RESP_END
225 0 1506465668 TIMEOUT_END
226 1 1508426712 STIM_START
226 1 1509210536 LICK
226 1 1509395224 LICK
226 1 1509426844 STIM_END_RESP_START
226 1 1509919664 LICK
226 1 1509920204 REWARD_START
226 1 1510148432 LICK
226 1 1510316884 LICK
226 1 1510505856 LICK
226 1 1510626876 RESP_END
226 1 1509929776 REWARD_END
227 1 1512730404 STIM_START
227 1 1513713744 LICK
227 1 1513730524 STIM_END_RESP_START
227 1 1514930560 RESP_END
228 0 1516948116 STIM_START
228 0 1517508792 LICK
228 0 1517663532 LICK
228 0 1517948240 STIM_END_RESP_START
228 0 1519148260 RESP_END
229 1 1521061760 STIM_START
229 1 1521996744 LICK
229 1 1522061908 STIM_END_RESP_START
229 1 1522214256 LICK
229 1 1522214788 REWARD_START
229 1 1522827720 LICK
229 1 1523164036 LICK
229 1 1523261928 RESP_END
229 1 1522224364 REWARD_END
230 1 1525744524 STIM_START
230 1 1526744644 STIM_END_RESP_START
230 1 1526929828 LICK
230 1 1526930360 REWARD_START
230 1 1527151552 LICK
230 1 1527326948 LICK
230 1 1527944660 RESP_END
230 1 1526939936 REWARD_END
231 0 1529878204 STIM_START
231 0 1530448548 LICK
231 0 1530706168 LICK
231 0 1530878324 STIM_END_RESP_START
231 0 1531705828 LICK
231 0 1531706360 TIMEOUT_START
231 0 1532078364 RESP_END
231 0 1538706928 TIMEOUT_END
232 1 1540953984 STIM_START
232 1 1541954104 STIM_END_RESP_START
232 1 1542104492 LICK
232 1 1542105024 REWARD_START
232 1 1542321208 LICK
232 1 1542514480 LICK
232 1 1542700568 LICK
232 1 1543154124 RESP_END
232 1 1542114600 REWARD_END
233 1 1545405704 STIM_START
233 1 1545572484 LICK
233 1 1546286128 LICK
233 1 1546405844 STIM_END_RESP_START
233 1 1546442748 LICK
233 1 1546443288 REWARD_START
233 1 1547087784 LICK
233 1 1547280744 LICK
233 1 1547475252 LICK
233 1 1547605876 RESP_END
233 1 1546452856 REWARD_END
234 0 1549701400 STIM_START
234 0 1550701552 STIM_END_RESP_START
234 0 1550923652 LICK
234 0 1550924192 TIMEOUT_START
234 0 1551901576 RESP_END
234 0 1557924756 TIMEOUT_END
235 0 1559996084 STIM_START
235 0 1560996204 STIM_END_RESP_START
235 0 1561945324 LICK
235 0 1561945856 TIMEOUT_START
235 0 1562196244 RESP_END
235 0 1568946424 TIMEOUT_END
236 1 1571040860 STIM_START
236 1 1571877940 LICK
236 1 1572040980 STIM_END_RESP_START
236 1 1572086568 LICK
236 1 1572087104 REWARD_START
236 1 1573241004 RESP_END
236 1 1572096676 REWARD_END
237 1 1575017508 STIM_START
237 1 1575833652 LICK
237 1 1576017048 LICK
237 1 1576017652 STIM_END_RESP_START
237 1 1576176376 LICK
237 1 1576176916 REWARD_START
237 1 1576346232 LICK
237 1 1576675264 LICK
237 1 1576853228 LICK
237 1 1577040304 LICK
237 1 1577217696 RESP_END
237 1 1576186484 REWARD_END
238 1 1579103172 STIM_START
238 1 1579674368 LICK
238 1 1579916248 LICK
238 1 1580103304 STIM_END_RESP_START
238 1 1580294832 LICK
238 1 1580295368 REWARD_START
238 1 1580493492 LICK
238 1 1580686564 LICK
238 1 1580877340 LICK
238 1 1581094028 LICK
238 1 1581303348 RESP_END
238 1 1580304936 REWARD_END
239 0 1583290864 STIM_START
239 0 1584207172 LICK
239 0 1584291000 STIM_END_RESP_START
239 0 1585491016 RESP_END
240 1 1587406512 STIM_START
240 1 1588311200 LICK
240 1 1588406652 STIM_END_RESP_START
240 1 1589136648 LICK
240 1 1589137180 REWARD_START
240 1 1589606672 RESP_END
240 1 1589146756 REWARD_END
241 1 1591479176 STIM_START
241 1 1592479296 STIM_END_RESP_START
241 1 1592620896 LICK
241 1 1592621436 REWARD_START
241 1 1593023700 LICK
241 1 1593213200 LICK
241 1 1593679324 RESP_END
241 1 1592631008 REWARD_END
242 0 1596663012 STIM_START
242 0 1597663128 STIM_END_RESP_START
242 0 1598863148 RESP_END
243 0 1600976712 STIM_START
243 0 1601976832 STIM_END_RESP_START
243 0 1602033560 LICK
243 0 1602034096 TIMEOUT_START
243 0 1603176864 RESP_END
243 0 1609034648 TIMEOUT_END
244 1 1610904320 STIM_START
244 1 1611904440 STIM_END_RESP_START
244 1 1612363616 LICK
244 1 1612364152 REWARD_START
244 1 1612599208 LICK
244 1 1612769424 LICK
244 1 1612970560 LICK
244 1 1613104488 RESP_END
244 1 1612373724 REWARD_END
245 0 1615370048 STIM_START
245 0 1616336680 LICK
245 0 1616370184 STIM_END_RESP_START
245 0 1617570208 RESP_END
246 0 1619812780 STIM_START
246 0 1620290152 LICK
246 0 1620489860 LICK
246 0 1620812900 STIM_END_RESP_START
246 0 1622012956 RESP_END
247 1 1623766412 STIM_START
247 1 1624766532 STIM_END_RESP_START
247 1 1625238212 LICK
247 1 1625238756 REWARD_START
247 1 1625427016 LICK
247 1 1625613372 LICK
247 1 1625775216 LICK
247 1 1625966572 RESP_END
247 1 1625248328 REWARD_END
248 0 1628073120 STIM_START
248 0 1628781876 LICK
248 0 1629073244 STIM_END_RESP_START
248 0 1629516484 LICK
248 0 1629517024 TIMEOUT_START
248 0 1630273260 RESP_END
248 0 1636517580 TIMEOUT_END
249 0 1638618824 STIM_START
249 0 1639618944 STIM_END_RESP_START
249 0 1639676308 LICK
249 0 1639676840 TIMEOUT_START
249 0 1639853952 LICK
249 0 1639854488 TIMEOUT_START
249 0 1640818976 RESP_END
249 0 1646855032 TIMEOUT_END
250 0 1648909488 STIM_START
250 0 1649882928 LICK
250 0 1649909640 STIM_END_RESP_START
250 0 1650729072 LICK
250 0 1650729600 TIMEOUT_START
250 0 1651109656 RESP_END
250 0 1657730168 TIMEOUT_END
251 1 1659993312 STIM_START
251 1 1660993424 STIM_END_RESP_START
251 1 1661225244 LICK
251 1 1661225776 REWARD_START
251 1 1661629924 LICK
251 1 1661960800 LICK
251 1 1662151912 LICK
251 1 1662193460 RESP_END
251 1 1661235352 REWARD_END
252 0 1664167964 STIM_START
252 0 1665157728 LICK
252 0 1665168104 STIM_END_RESP_START
252 0 1665433840 LICK
252 0 1665434372 TIMEOUT_START
252 0 1665867088 LICK
252 0 1665867620 TIMEOUT_START
252 0 1666102020 LICK
252 0 1666102556 TIMEOUT_START
252 0 1666368148 RESP_END
252 0 1673103100 TIMEOUT_END
253 1 1675052732 STIM_START
253 1 1675828104 LICK
253 1 1676052876 STIM_END_RESP_START
253 1 1676519764 LICK
253 1 1676520296 REWARD_START
253 1 1676704936 LICK
253 1 1676870352 LICK
253 1 1677056284 LICK
253 1 1677221024 LICK
253 1 1677252908 RESP_END
253 1 1676529872 REWARD_END
254 0 1679275416 STIM_START
254 0 1680179728 LICK
254 0 1680275552 STIM_END_RESP_START
254 0 1680391784 LICK
254 0 1680392316 TIMEOUT_START
254 0 1680799396 LICK
254 0 1680799932 TIMEOUT_START
254 0 1681019432 LICK
254 0 1681019968 TIMEOUT_START
254 0 1681475568 RESP_END
254 0 1688020520 TIMEOUT_END
255 1 1690120188 STIM_START
255 1 1691110324 LICK
255 1 1691120328 STIM_END_RESP_START
255 1 1691726076 LICK
255 1 1691726608 REWARD_START
255 1 1691957280 LICK
255 1 1692142536 LICK
255 1 1692320376 RESP_END
255 1 1691736180 REWARD_END
256 0 1694667916 STIM_START
256 0 1695668032 STIM_END_RESP_START
256 0 1695891952 LICK
256 0 1695892492 TIMEOUT_START
256 0 1696056252 LICK
256 0 1696056788 TIMEOUT_START
256 0 1696490376 LICK
256 0 1696490912 TIMEOUT_START
256 0 1696692448 LICK
256 0 1696692976 TIMEOUT_START
256 0 1696868056 RESP_END
256 0 1703693528 TIMEOUT_END
257 0 1705453672 STIM_START
257 0 1706453784 STIM_END_RESP_START
257 0 1706791540 LICK
257 0 1706792076 TIMEOUT_START
257 0 1707653804 RESP_END
257 0 1713792636 TIMEOUT_END
258 1 1715811348 STIM_START
258 1 1716811464 STIM_END_RESP_START
258 1 1718011480 RESP_END
259 0 1722256400 STIM_START
259 0 1722883744 LICK
259 0 1723082148 LICK
259 0 1723256520 STIM_END_RESP_START
259 0 1723654220 LICK
259 0 1723654752 TIMEOUT_START
259 0 1724456544 RESP_END
259 0 1730655312 TIMEOUT_END
260 1 1732724088 STIM_START
260 1 1733187620 LICK
260 1 1733352204 LICK
260 1 1733724224 STIM_END_RESP_START
260 1 1733750016 LICK
260 1 1733750552 REWARD_START
260 1 1733943512 LICK
260 1 1734137936 LICK
260 1 1734319892 LICK
260 1 1734497104 LICK
260 1 1734924264 RESP_END
260 1 1733760128 REWARD_END
261 1 1736705760 STIM_START
261 1 1737705876 STIM_END_RESP_START
261 1 1738905896 RESP_END
262 0 1740728400 STIM_START
262 0 1741728512 STIM_END_RESP_START
262 0 1742043132 LICK
262 0 1742043672 TIMEOUT_START
262 0 1742243080 LICK
262 0 1742243608 TIMEOUT_START
262 0 1742928552 RESP_END
262 0 1749244176 TIMEOUT_END
263 1 1751059072 STIM_START
263 1 1752023740 LICK
263 1 1752059204 STIM_END_RESP_START
263 1 1752255204 LICK
263 1 1752255744 REWARD_START
263 1 1752648740 LICK
263 1 1752882676 LICK
263 1 1753025356 LICK
263 1 1753259220 RESP_END
263 1 1752265316 REWARD_END
264 1 1755444792 STIM_START
264 1 1756444912 STIM_END_RESP_START
264 1 1757050532 LICK
264 1 1757051072 REWARD_START
264 1 1757282604 LICK
264 1 1757459732 LICK
264 1 1757640940 LICK
264 1 1757644924 RESP_END
264 1 1757060640 REWARD_END
265 1 1759712464 STIM_START
265 1 1760712584 STIM_END_RESP_START
265 1 1760795636 LICK
265 1 1760796176 REWARD_START
265 1 1761037208 LICK
265 1 1761213944 LICK
265 1 1761375672 LICK
265 1 1761912608 RESP_END
265 1 1760805744 REWARD_END
266 0 1763893164 STIM_START
266 0 1764259684 LICK
266 0 1764518240 LICK
266 0 1764893304 STIM_END_RESP_START
266 0 1764943628 LICK
266 0 1764944168 TIMEOUT_START
266 0 1765123312 LICK
266 0 1765123844 TIMEOUT_START
266 0 1766093352 RESP_END
266 0 1772124408 TIMEOUT_END
267 0 1774144816 STIM_START
267 0 1775144928 STIM_END_RESP_START
267 0 1775546920 LICK
267 0 1775547460 TIMEOUT_START
267 0 1776344960 RESP_END
267 0 1782548012 TIMEOUT_END
268 1 1784783528 STIM_START
268 1 1785783652 STIM_END_RESP_START
268 1 1785934760 LICK
268 1 1785935300 REWARD_START
268 1 1786983668 RESP_END
268 1 1785944868 REWARD_END
269 0 1789202272 STIM_START
269 0 1790202392 STIM_END_RESP_START
269 0 1790555684 LICK
269 0 1790556224 TIMEOUT_START
269 0 1790763096 LICK
269 0 1790763628 TIMEOUT_START
269 0 1790932484 LICK
269 0 1790933020 TIMEOUT_START
269 0 1791098020 LICK
269 0 1791098556 TIMEOUT_START
269 0 1791402436 RESP_END
269 0 1798099124 TIMEOUT_END
270 1 1802121344 STIM_START
270 1 1803121460 STIM_END_RESP_START
270 1 1803152640 LICK
270 1 1803153172 REWARD_START
270 1 1803353164 LICK
270 1 1803565324 LICK
270 1 1803771888 LICK
270 1 1803963924 LICK
270 1 1804321492 RESP_END
270 1 1803162748 REWARD_END
271 0 1806521132 STIM_START
271 0 1807521252 STIM_END_RESP_START
271 0 1808721272 RESP_END
272 0 1810719736 STIM_START
272 0 1811475692 LICK
272 0 1811719884 STIM_END_RESP_START
272 0 1812119260 LICK
272 0 1812119796 TIMEOUT_START
272 0 1812919900 RESP_END
272 0 1819120348 TIMEOUT_END
273 1 1821226464 STIM_START
273 1 1822226584 STIM_END_RESP_START
273 1 1822646360 LICK
273 1 1822646896 REWARD_START
273 1 1823426612 RESP_END
273 1 1822656464 REWARD_END
274 1 1825541140 STIM_START
274 1 1826488992 LICK
274 1 1826541272 STIM_END_RESP_START
274 1 1826817808 LICK
274 1 1826818348 REWARD_START
274 1 1826975544 LICK
274 1 1827348892 LICK
274 1 1827700500 LICK
274 1 1827741288 RESP_END
274 1 1826827912 REWARD_END
275 0 1830284940 STIM_START
275 0 1831065288 LICK
275 0 1831231404 LICK
275 0 1831285052 STIM_END_RESP_START
275 0 1832485072 RESP_END
276 0 1834723636 STIM_START
276 0 1835715332 LICK
276 0 1835723792 STIM_END_RESP_START
276 0 1835946012 LICK
276 0 1835946544 TIMEOUT_START
276 0 1836595216 LICK
276 0 1836595744 TIMEOUT_START
276 0 1836923816 RESP_END
276 0 1843596320 TIMEOUT_END
277 0 1845563400 STIM_START
277 0 1846563512 STIM_END_RESP_START
277 0 1846872876 LICK
277 0 1846873412 TIMEOUT_START
277 0 1847763524 RESP_END
277 0 1853873968 TIMEOUT_END
278 1 1855881064 STIM_START
278 1 1856881184 STIM_END_RESP_START
278 1 1856926936 LICK
278 1 1856927468 REWARD_START
278 1 1857781748 LICK
278 1 1857948036 LICK
278 1 1858081212 RESP_END
278 1 1856937040 REWARD_END
279 0 1860283776 STIM_START
279 0 1861283900 STIM_END_RESP_START
279 0 1862483912 RESP_END
280 1 1864410448 STIM_START
280 1 1865410608 STIM_END_RESP_START
280 1 1865710172 LICK
280 1 1865710716 REWARD_START
280 1 1866092804 LICK
280 1 1866425704 LICK
280 1 1866579228 LICK
280 1 1866610636 RESP_END
280 1 1865720284 REWARD_END
281 1 1868753152 STIM_START
281 1 1869630716 LICK
281 1 1869753272 STIM_END_RESP_START
281 1 1870244208 LICK
281 1 1870244740 REWARD_START
281 1 1870496056 LICK
281 1 1870626312 LICK
281 1 1870824404 LICK
281 1 1870953300 RESP_END
281 1 1870254316 REWARD_END
282 0 1872744808 STIM_START
282 0 1873583276 LICK
282 0 1873744920 STIM_END_RESP_START
282 0 1874214520 LICK
282 0 1874215060 TIMEOUT_START
282 0 1874944964 RESP_END
282 0 1881215612 TIMEOUT_END
283 1 1883478548 STIM_START
283 1 1884478672 STIM_END_RESP_START
283 1 1884533940 LICK
283 1 1884534472 REWARD_START
283 1 1884736256 LICK
283 1 1884912396 LICK
283 1 1885079504 LICK
283 1 1885259748 LICK
283 1 1885678716 RESP_END
283 1 1884544048 REWARD_END
284 1 1887464204 STIM_START
284 1 1888105736 LICK
284 1 1888276740 LICK
284 1 1888464332 STIM_END_RESP_START
284 1 1888474632 LICK
284 1 1888475180 REWARD_START
284 1 1889087616 LICK
284 1 1889249908 LICK
284 1 1889444424 LICK
284 1 1889619144 LICK
284 1 1889664372 RESP_END
284 1 1888484748 REWARD_END
285 1 1891927908 STIM_START
285 1 1892750724 LICK
285 1 1892928032 STIM_END_RESP_START
285 1 1893373096 LICK
285 1 1893373628 REWARD_START
285 1 1893551384 LICK
285 1 1893738168 LICK
285 1 1894128060 RESP_END
285 1 1893383204 REWARD_END
286 0 1896641664 STIM_START
286 0 1897641816 STIM_END_RESP_START
286 0 1898841836 RESP_END
287 1 1900994380 STIM_START
287 1 1901994500 STIM_END_RESP_START
287 1 1902002724 LICK
287 1 1902003272 REWARD_START
287 1 1902272760 LICK
287 1 1902426780 LICK
287 1 1902614504 LICK
287 1 1903194524 RESP_END
287 1 1902012840 REWARD_END
288 1 1905404088 STIM_START
288 1 1906309008 LICK
288 1 1906404216 STIM_END_RESP_START
288 1 1906555724 LICK
288 1 1906556264 REWARD_START
288 1 1906975740 LICK
288 1 1907164776 LICK
288 1 1907372184 LICK
288 1 1907530048 LICK
288 1 1907604264 RESP_END
288 1 1906565836 REWARD_END
289 1 1909551756 STIM_START
289 1 1910551880 STIM_END_RESP_START
289 1 1910585512 LICK
289 1 1910586044 REWARD_START
289 1 1910818460 LICK
289 1 1910985448 LICK
289 1 1911153944 LICK
289 1 1911338628 LICK
289 1 1911751900 RESP_END
289 1 1910595620 REWARD_END
290 0 1913802460 STIM_START
290 0 1914485892 LICK
290 0 1914802580 STIM_END_RESP_START
290 0 1915104596 LICK
290 0 1915105128 TIMEOUT_START
290 0 1916002628 RESP_END
290 0 1922105692 TIMEOUT_END
291 0 1924236140 STIM_START
291 0 1925236260 STIM_END_RESP_START
291 0 1925287688 LICK
291 0 1925288224 TIMEOUT_START
291 0 1925554336 LICK
291 0 1925554868 TIMEOUT_START
291 0 1925950028 LICK
291 0 1925950564 TIMEOUT_START
291 0 1926182332 LICK
291 0 1926182864 TIMEOUT_START
291 0 1926375756 LICK
291 0 1926376288 TIMEOUT_START
291 0 1926436276 RESP_END
291 0 1933376852 TIMEOUT_END
292 1 1935390956 STIM_START
292 1 1936391068 STIM_END_RESP_START
292 1 1936522132 LICK
292 1 1936522672 REWARD_START
292 1 1936771000 LICK
292 1 1936918060 LICK
292 1 1937093924 LICK
292 1 1937268104 LICK
292 1 1937591112 RESP_END
292 1 1936532240 REWARD_END
293 0 1939500636 STIM_START
293 0 1940184244 LICK
293 0 1940385024 LICK
293 0 1940500760 STIM_END_RESP_START
293 0 1940955856 LICK
USER_EXIT