001 0 0012067040 STIM_START
001 0 0012908216 LICK
001 0 0013044500 LICK
001 0 0013067188 STIM_END_RESP_START
001 0 0013261040 LICK
001 0 0013261472 TIMEOUT_START
001 0 0013460468 LICK
001 0 0013460908 TIMEOUT_START
001 0 0014267204 RESP_END
001 0 0020461360 TIMEOUT_END
002 0 0022602772 STIM_START
002 0 0023568708 LICK
002 0 0023602896 STIM_END_RESP_START
002 0 0023751072 LICK
002 0 0023751508 TIMEOUT_START
002 0 0023988056 LICK
002 0 0023988500 TIMEOUT_START
002 0 0024802924 RESP_END
002 0 0030988960 TIMEOUT_END
003 0 0033048492 STIM_START
003 0 0034048616 STIM_END_RESP_START
003 0 0035248632 RESP_END
004 1 0037345228 STIM_START
004 1 0038345352 STIM_END_RESP_START
004 1 0038779916 LICK
004 1 0038780356 REWARD_START
004 1 0038927336 LICK
004 1 0039104376 LICK
004 1 0039295012 LICK
004 1 0039545376 RESP_END
004 1 0038793332 REWARD_END
005 1 0041583904 STIM_START
005 1 0042584068 STIM_END_RESP_START
005 1 0043321024 LICK
005 1 0043321468 REWARD_START
005 1 0043516112 LICK
005 1 0043682780 LICK
005 1 0043784084 RESP_END
005 1 0043334436 REWARD_END
006 0 0046029652 STIM_START
006 0 0047029772 STIM_END_RESP_START
006 0 0047103204 LICK
006 0 0047103640 TIMEOUT_START
006 0 0047238496 LICK
006 0 0047238932 TIMEOUT_START
006 0 0047463000 LICK
006 0 0047463444 TIMEOUT_START
006 0 0047619212 LICK
006 0 0047619648 TIMEOUT_START
006 0 0048229820 RESP_END
006 0 0054620108 TIMEOUT_END
007 1 0056732440 STIM_START
007 1 0057732564 STIM_END_RESP_START
007 1 0058084368 LICK
007 1 0058084804 REWARD_START
007 1 0058212468 LICK
007 1 0058404552 LICK
007 1 0058584152 LICK
007 1 0058932588 RESP_END
007 1 0058097760 REWARD_END
008 1 0060680068 STIM_START
008 1 0061680192 STIM_END_RESP_START
008 1 0062375872 LICK
008 1 0062376316 REWARD_START
008 1 0062596512 LICK
008 1 0062811236 LICK
008 1 0062880216 RESP_END
008 1 0062389292 REWARD_END
009 1 0064811760 STIM_START
009 1 0065811884 STIM_END_RESP_START
009 1 0067011904 RESP_END
010 0 0071284828 STIM_START
010 0 0072284944 STIM_END_RESP_START
010 0 0073484964 RESP_END
011 0 0075663568 STIM_START
011 0 0076663688 STIM_END_RESP_START
011 0 0077060976 LICK
011 0 0077061416 TIMEOUT_START
011 0 0077186496 LICK
011 0 0077186932 TIMEOUT_START
011 0 0077395888 LICK
011 0 0077396332 TIMEOUT_START
011 0 0077863732 RESP_END
011 0 0084396792 TIMEOUT_END
012 0 0086177292 STIM_START
012 0 0087177420 STIM_END_RESP_START
012 0 0087706216 LICK
012 0 0087706660 TIMEOUT_START
012 0 0087919632 LICK
012 0 0087920068 TIMEOUT_START
012 0 0088128628 LICK
012 0 0088129064 TIMEOUT_START
012 0 0088377444 RESP_END
012 0 0095129516 TIMEOUT_END
013 1 0097149124 STIM_START
013 1 0098149244 STIM_END_RESP_START
013 1 0099121224 LICK
013 1 0099121664 REWARD_START
013 1 0099265604 LICK
013 1 0099349284 RESP_END
013 1 0099134640 REWARD_END
014 1 0101650860 STIM_START
014 1 0102651000 STIM_END_RESP_START
014 1 0103851040 RESP_END
015 1 0105753556 STIM_START
015 1 0106753696 STIM_END_RESP_START
015 1 0107430736 LICK
015 1 0107431228 REWARD_START
015 1 0107646436 LICK
015 1 0107816508 LICK
015 1 0107953732 RESP_END
015 1 0107444248 REWARD_END
016 0 0109816228 STIM_START
016 0 0110816368 STIM_END_RESP_START
016 0 0112016404 RESP_END
017 1 0114154932 STIM_START
017 1 0114984320 LICK
017 1 0115155080 STIM_END_RESP_START
017 1 0115792164 LICK
017 1 0115792644 REWARD_START
017 1 0116300040 LICK
017 1 0116355116 RESP_END
017 1 0115805668 REWARD_END
018 1 0127180076 STIM_START
018 1 0128180220 STIM_END_RESP_START
018 1 0128443284 LICK
018 1 0128443772 REWARD_START
018 1 0128757668 LICK
018 1 0128920492 LICK
018 1 0129380240 RESP_END
018 1 0128456796 REWARD_END
019 1 0131443784 STIM_START
019 1 0132443916 STIM_END_RESP_START
019 1 0133643956 RESP_END
020 0 0135441456 STIM_START
020 0 0136441592 STIM_END_RESP_START
020 0 0137288664 LICK
020 0 0137289152 TIMEOUT_START
020 0 0137419392 LICK
020 0 0137419884 TIMEOUT_START
020 0 0137568204 LICK
020 0 0137568696 TIMEOUT_START
020 0 0137641612 RESP_END
020 0 0144569196 TIMEOUT_END
021 0 0146355248 STIM_START
021 0 0147355388 STIM_END_RESP_START
021 0 0148017084 LICK
021 0 0148017572 TIMEOUT_START
021 0 0148253916 LICK
021 0 0148254400 TIMEOUT_START
021 0 0148461816 LICK
021 0 0148462300 TIMEOUT_START
021 0 0148555408 RESP_END
021 0 0155462800 TIMEOUT_END
022 0 0157657120 STIM_START
022 0 0158657252 STIM_END_RESP_START
022 0 0158830180 LICK
022 0 0158830668 TIMEOUT_START
022 0 0159037920 LICK
022 0 0159038404 TIMEOUT_START
022 0 0159232056 LICK
022 0 0159232536 TIMEOUT_START
022 0 0159615852 LICK
022 0 0159616344 TIMEOUT_START
022 0 0159790044 LICK
022 0 0159790536 TIMEOUT_START
022 0 0159857276 RESP_END
022 0 0166791044 TIMEOUT_END
023 1 0168626932 STIM_START
023 1 0169627080 STIM_END_RESP_START
023 1 0170827116 RESP_END
024 0 0172740628 STIM_START
024 0 0173740764 STIM_END_RESP_START
024 0 0174940804 RESP_END
025 0 0176841316 STIM_START
025 0 0177841460 STIM_END_RESP_START
025 0 0179041496 RESP_END
026 1 0181241040 STIM_START
026 1 0182241176 STIM_END_RESP_START
026 1 0182839996 LICK
026 1 0182840488 REWARD_START
026 1 0183032228 LICK
026 1 0183218916 LICK
026 1 0183434652 LICK
026 1 0183441200 RESP_END
026 1 0182853504 REWARD_END
027 0 0185496728 STIM_START
027 0 0186496868 STIM_END_RESP_START
027 0 0187696904 RESP_END
028 1 0189886460 STIM_START
028 1 0190886600 STIM_END_RESP_START
028 1 0191626888 LICK
028 1 0191627380 REWARD_START
028 1 0191820788 LICK
028 1 0192013788 LICK
028 1 0192086612 RESP_END
028 1 0191640396 REWARD_END
029 1 0194128176 STIM_START
029 1 0195016320 LICK
029 1 0195128308 STIM_END_RESP_START
029 1 0195183496 LICK
029 1 0195183988 REWARD_START
029 1 0195339500 LICK
029 1 0195482756 LICK
029 1 0195635276 LICK
029 1 0196328356 RESP_END
029 1 0195196996 REWARD_END
030 0 0198381860 STIM_START
030 0 0199382000 STIM_END_RESP_START
030 0 0199560376 LICK
030 0 0199560860 TIMEOUT_START
030 0 0199686340 LICK
030 0 0199686824 TIMEOUT_START
030 0 0199893428 LICK
030 0 0199893912 TIMEOUT_START
030 0 0200105192 LICK
030 0 0200105676 TIMEOUT_START
030 0 0200582008 RESP_END
030 0 0207106184 TIMEOUT_END
031 1 0209260680 STIM_START
031 1 0210094616 LICK
031 1 0210260796 STIM_END_RESP_START
031 1 0210280640 LICK
031 1 0210281120 REWARD_START
031 1 0210501016 LICK
031 1 0210687404 LICK
031 1 0210837724 LICK
031 1 0211460848 RESP_END
031 1 0210294140 REWARD_END
032 1 0213463372 STIM_START
032 1 0214463512 STIM_END_RESP_START
032 1 0215663544 RESP_END
033 1 0217753068 STIM_START
033 1 0218753208 STIM_END_RESP_START
033 1 0219953244 RESP_END
034 0 0222754888 STIM_START
034 0 0223464792 LICK
034 0 0223611200 LICK
034 0 0223755024 STIM_END_RESP_START
034 0 0224050052 LICK
034 0 0224050544 TIMEOUT_START
034 0 0224244384 LICK
034 0 0224244876 TIMEOUT_START
034 0 0224955048 RESP_END
034 0 0231245376 TIMEOUT_END
035 0 0233294656 STIM_START
035 0 0234294796 STIM_END_RESP_START
035 0 0235186144 LICK
035 0 0235186636 TIMEOUT_START
035 0 0235403764 LICK
035 0 0235404248 TIMEOUT_START
035 0 0235494816 RESP_END
035 0 0242404748 TIMEOUT_END
036 0 0244585512 STIM_START
036 0 0245585652 STIM_END_RESP_START
036 0 0245720032 LICK
036 0 0245720524 TIMEOUT_START
036 0 0245939052 LICK
036 0 0245939540 TIMEOUT_START
036 0 0246140864 LICK
036 0 0246141352 TIMEOUT_START
036 0 0246356004 LICK
036 0 0246356488 TIMEOUT_START
036 0 0246535348 LICK
036 0 0246535832 TIMEOUT_START
036 0 0246785696 RESP_END
036 0 0253536348 TIMEOUT_END
037 1 0258350772 STIM_START
037 1 0258717388 LICK
037 1 0258942164 LICK
037 1 0259154000 LICK
037 1 0259350896 STIM_END_RESP_START
037 1 0259460612 LICK
037 1 0259461100 REWARD_START
037 1 0259529464 LICK
037 1 0259702248 LICK
037 1 0259889260 LICK
037 1 0260343192 LICK
037 1 0260511132 LICK
037 1 0260550932 RESP_END
037 1 0259474124 REWARD_END
038 0 0262684504 STIM_START
038 0 0263684652 STIM_END_RESP_START
038 0 0264884688 RESP_END
039 0 0266732176 STIM_START
039 0 0267732312 STIM_END_RESP_START
039 0 0268932352 RESP_END
040 0 0271322948 STIM_START
040 0 0272323092 STIM_END_RESP_START
040 0 0272371936 LICK
040 0 0272372420 TIMEOUT_START
040 0 0272447160 LICK
040 0 0272447648 TIMEOUT_START
040 0 0272588144 LICK
040 0 0272588628 TIMEOUT_START
040 0 0273021172 LICK
040 0 0273021652 TIMEOUT_START
040 0 0273202148 LICK
040 0 0273202640 TIMEOUT_START
040 0 0273523136 RESP_END
040 0 0280203140 TIMEOUT_END
041 1 0282381768 STIM_START
041 1 0283381908 STIM_END_RESP_START
041 1 0284041772 LICK
041 1 0284042264 REWARD_START
041 1 0284243780 LICK
041 1 0284421876 LICK
041 1 0284581928 RESP_END
041 1 0284055280 REWARD_END
042 0 0289163880 STIM_START
042 0 0290164024 STIM_END_RESP_START
042 0 0291108080 LICK
042 0 0291108564 TIMEOUT_START
042 0 0291364056 RESP_END
042 0 0298109068 TIMEOUT_END
043 0 0299955656 STIM_START
043 0 0300955800 STIM_END_RESP_START
043 0 0301371452 LICK
043 0 0301371940 TIMEOUT_START
043 0 0301528520 LICK
043 0 0301529004 TIMEOUT_START
043 0 0301750376 LICK
043 0 0301750860 TIMEOUT_START
043 0 0302155832 RESP_END
043 0 0308751376 TIMEOUT_END
044 1 0310830444 STIM_START
044 1 0311734040 LICK
044 1 0311830600 STIM_END_RESP_START
044 1 0311877780 LICK
044 1 0311878268 REWARD_START
044 1 0311994000 LICK
044 1 0312164388 LICK
044 1 0312331744 LICK
044 1 0313030612 RESP_END
044 1 0311891292 REWARD_END
045 0 0314992184 STIM_START
045 0 0315992328 STIM_END_RESP_START
045 0 0317192364 RESP_END
046 1 0319290884 STIM_START
046 1 0320291028 STIM_END_RESP_START
046 1 0321015536 LICK
046 1 0321016028 REWARD_START
046 1 0321181852 LICK
046 1 0321340072 LICK
046 1 0321491076 RESP_END
046 1 0321029048 REWARD_END
047 0 0323542548 STIM_START
047 0 0324002288 LICK
047 0 0324209996 LICK
047 0 0324403952 LICK
047 0 0324542676 STIM_END_RESP_START
047 0 0324573248 LICK
047 0 0324573732 TIMEOUT_START
047 0 0324784000 LICK
047 0 0324784492 TIMEOUT_START
047 0 0324938900 LICK
047 0 0324939384 TIMEOUT_START
047 0 0325742700 RESP_END
047 0 0331939896 TIMEOUT_END
048 1 0333926268 STIM_START
048 1 0334926408 STIM_END_RESP_START
048 1 0335102320 LICK
048 1 0335102808 REWARD_START
048 1 0335293196 LICK
048 1 0335451172 LICK
048 1 0335637692 LICK
048 1 0336126444 RESP_END
048 1 0335115828 REWARD_END
049 0 0339934308 STIM_START
049 0 0340424364 LICK
049 0 0340547404 LICK
049 0 0340779944 LICK
049 0 0340934460 STIM_END_RESP_START
049 0 0341031028 LICK
049 0 0341031512 TIMEOUT_START
049 0 0341202928 LICK
049 0 0341203416 TIMEOUT_START
049 0 0341420876 LICK
049 0 0341421364 TIMEOUT_START
049 0 0342134496 RESP_END
049 0 0348421872 TIMEOUT_END
050 0 0351399156 STIM_START
050 0 0352399292 STIM_END_RESP_START
050 0 0353599328 RESP_END
051 1 0355445824 STIM_START
051 1 0356445960 STIM_END_RESP_START
051 1 0356897464 LICK
051 1 0356897956 REWARD_START
051 1 0357089696 LICK
051 1 0357276064 LICK
051 1 0357460316 LICK
051 1 0357646008 RESP_END
051 1 0356910972 REWARD_END
052 0 0359828548 STIM_START
052 0 0359990324 LICK
052 0 0360828700 STIM_END_RESP_START
052 0 0360884424 LICK
052 0 0360884908 TIMEOUT_START
052 0 0361097208 LICK
052 0 0361097696 TIMEOUT_START
052 0 0361303764 LICK
052 0 0361304256 TIMEOUT_START
052 0 0361513872 LICK
052 0 0361514364 TIMEOUT_START
052 0 0362028720 RESP_END
052 0 0368514864 TIMEOUT_END
053 0 0370740372 STIM_START
053 0 0371740508 STIM_END_RESP_START
053 0 0372187072 LICK
053 0 0372187560 TIMEOUT_START
053 0 0372381196 LICK
053 0 0372381680 TIMEOUT_START
053 0 0372577952 LICK
053 0 0372578440 TIMEOUT_START
053 0 0372791924 LICK
053 0 0372792412 TIMEOUT_START
053 0 0372940552 RESP_END
053 0 0379792920 TIMEOUT_END
054 0 0381717188 STIM_START
054 0 0382717332 STIM_END_RESP_START
054 0 0383917376 RESP_END
055 1 0385813860 STIM_START
055 1 0386814004 STIM_END_RESP_START
055 1 0388014036 RESP_END
056 0 0390085580 STIM_START
056 0 0391085724 STIM_END_RESP_START
056 0 0391118964 LICK
056 0 0391119448 TIMEOUT_START
056 0 0391307980 LICK
056 0 0391308472 TIMEOUT_START
056 0 0391525668 LICK
056 0 0391526152 TIMEOUT_START
056 0 0392285740 RESP_END
056 0 0398526664 TIMEOUT_END
057 1 0400285280 STIM_START
057 1 0401285420 STIM_END_RESP_START
057 1 0401503836 LICK
057 1 0401504328 REWARD_START
057 1 0402485444 RESP_END
057 1 0401517344 REWARD_END
058 0 0406530264 STIM_START
058 0 0407530404 STIM_END_RESP_START
058 0 0408015708 LICK
058 0 0408016196 TIMEOUT_START
058 0 0408060828 LICK
058 0 0408061320 TIMEOUT_START
058 0 0408230032 LICK
058 0 0408230520 TIMEOUT_START
058 0 0408730420 RESP_END
058 0 0415231024 TIMEOUT_END
059 0 0419324424 STIM_START
059 0 0420324568 STIM_END_RESP_START
059 0 0421524604 RESP_END
060 1 0423644116 STIM_START
060 1 0424644256 STIM_END_RESP_START
060 1 0425844296 RESP_END
061 0 0428080852 STIM_START
061 0 0429080992 STIM_END_RESP_START
061 0 0429811392 LICK
061 0 0429811884 TIMEOUT_START
061 0 0430080592 LICK
061 0 0430081080 TIMEOUT_START
061 0 0430281004 RESP_END
061 0 0437081572 TIMEOUT_END
062 0 0438910620 STIM_START
062 0 0439910764 STIM_END_RESP_START
062 0 0441110800 RESP_END
063 0 0443126344 STIM_START
063 0 0444126484 STIM_END_RESP_START
063 0 0444707976 LICK
063 0 0444708460 TIMEOUT_START
063 0 0444945928 LICK
063 0 0444946412 TIMEOUT_START
063 0 0445326516 RESP_END
063 0 0451946916 TIMEOUT_END
064 1 0453714120 STIM_START
064 1 0454714256 STIM_END_RESP_START
064 1 0455914296 RESP_END
065 0 0457848776 STIM_START
065 0 0458848920 STIM_END_RESP_START
065 0 0460048960 RESP_END
066 0 0461879452 STIM_START
066 0 0462879584 STIM_END_RESP_START
066 0 0464079624 RESP_END
067 1 0466028128 STIM_START
067 1 0467028272 STIM_END_RESP_START
067 1 0468228308 RESP_END
068 1 0470242840 STIM_START
068 1 0471242984 STIM_END_RESP_START
068 1 0472443024 RESP_END
069 1 0474321488 STIM_START
069 1 0475321628 STIM_END_RESP_START
069 1 0476521668 RESP_END
070 0 0478461196 STIM_START
070 0 0479461332 STIM_END_RESP_START
070 0 0480661372 RESP_END
071 0 0482852908 STIM_START
071 0 0483853044 STIM_END_RESP_START
071 0 0485053080 RESP_END
072 0 0487281656 STIM_START
072 0 0488281800 STIM_END_RESP_START
072 0 0489481836 RESP_END
073 1 0491559380 STIM_START
073 1 0492559520 STIM_END_RESP_START
073 1 0493759560 RESP_END
074 0 0495535000 STIM_START
074 0 0496535140 STIM_END_RESP_START
074 0 0497735184 RESP_END
075 0 0499741712 STIM_START
075 0 0500741848 STIM_END_RESP_START
075 0 0501941884 RESP_END
076 1 0503932436 STIM_START
076 1 0504932580 STIM_END_RESP_START
076 1 0506132620 RESP_END
077 1 0508177120 STIM_START
077 1 0509177260 STIM_END_RESP_START
077 1 0509297660 LICK
077 1 0509298152 REWARD_START
077 1 0509407684 LICK
077 1 0509577800 LICK
077 1 0509720116 LICK
077 1 0509882664 LICK
077 1 0510377288 RESP_END
077 1 0509311176 REWARD_END
078 0 0512362792 STIM_START
078 0 0513060136 LICK
078 0 0513191276 LICK
078 0 0513362928 STIM_END_RESP_START
078 0 0513367244 LICK
078 0 0513367724 TIMEOUT_START
078 0 0513565468 LICK
078 0 0513565956 TIMEOUT_START
078 0 0514562972 RESP_END
078 0 0520566456 TIMEOUT_END
079 1 0522763532 STIM_START
079 1 0523763664 STIM_END_RESP_START
079 1 0523786604 LICK
079 1 0523787092 REWARD_START
079 1 0524004488 LICK
079 1 0524164120 LICK
079 1 0524329140 LICK
079 1 0524963716 RESP_END
079 1 0523800116 REWARD_END
080 0 0528489496 STIM_START
080 0 0529489632 STIM_END_RESP_START
080 0 0529612220 LICK
080 0 0529612700 TIMEOUT_START
080 0 0529651560 LICK
080 0 0529652048 TIMEOUT_START
080 0 0529800388 LICK
080 0 0529800872 TIMEOUT_START
080 0 0530000000 LICK
080 0 0530000484 TIMEOUT_START
080 0 0530180416 LICK
080 0 0530180900 TIMEOUT_START
080 0 0530365596 LICK
080 0 0530366080 TIMEOUT_START
080 0 0530689644 RESP_END
080 0 0537366588 TIMEOUT_END
081 1 0539130220 STIM_START
081 1 0540130364 STIM_END_RESP_START
081 1 0540333860 LICK
081 1 0540334352 REWARD_START
081 1 0540443160 LICK
081 1 0540567100 LICK
081 1 0540724576 LICK
081 1 0540889636 LICK
081 1 0541330396 RESP_END
081 1 0540347368 REWARD_END
082 0 0545307252 STIM_START
082 0 0546307392 STIM_END_RESP_START
082 0 0546390556 LICK
082 0 0546391048 TIMEOUT_START
082 0 0546536916 LICK
082 0 0546537404 TIMEOUT_START
082 0 0546762512 LICK
082 0 0546763004 TIMEOUT_START
082 0 0546920508 LICK
082 0 0546920992 TIMEOUT_START
082 0 0547143264 LICK
082 0 0547143756 TIMEOUT_START
082 0 0547507436 RESP_END
082 0 0554144264 TIMEOUT_END
083 1 0555885004 STIM_START
083 1 0556885148 STIM_END_RESP_START
083 1 0557623476 LICK
083 1 0557623964 REWARD_START
083 1 0557730868 LICK
083 1 0557902592 LICK
083 1 0558085184 RESP_END
083 1 0557636988 REWARD_END
084 1 0559857644 STIM_START
084 1 0560857784 STIM_END_RESP_START
084 1 0561353652 LICK
084 1 0561354144 REWARD_START
084 1 0561600492 LICK
084 1 0561752100 LICK
084 1 0561939712 LICK
084 1 0562057800 RESP_END
084 1 0561367168 REWARD_END
085 0 0564196384 STIM_START
085 0 0564930720 LICK
085 0 0565140628 LICK
085 0 0565196508 STIM_END_RESP_START
085 0 0565315428 LICK
085 0 0565315920 TIMEOUT_START
085 0 0565715752 LICK
085 0 0565716244 TIMEOUT_START
085 0 0566396556 RESP_END
085 0 0572716740 TIMEOUT_END
086 0 0574633096 STIM_START
086 0 0575633232 STIM_END_RESP_START
086 0 0576833276 RESP_END
087 0 0578991816 STIM_START
087 0 0579991960 STIM_END_RESP_START
087 0 0581192000 RESP_END
088 1 0582997496 STIM_START
088 1 0583997640 STIM_END_RESP_START
088 1 0585197680 RESP_END
089 1 0587899304 STIM_START
089 1 0588899448 STIM_END_RESP_START
089 1 0589662904 LICK
089 1 0589663396 REWARD_START
089 1 0589854052 LICK
089 1 0590035960 LICK
089 1 0590099484 RESP_END
089 1 0589676412 REWARD_END
090 1 0596064640 STIM_START
090 1 0597064788 STIM_END_RESP_START
090 1 0597250412 LICK
090 1 0597250896 REWARD_START
090 1 0597398056 LICK
090 1 0597600728 LICK
090 1 0598264824 RESP_END
090 1 0597263920 REWARD_END
091 0 0600479368 STIM_START
091 0 0601264476 LICK
091 0 0601464828 LICK
091 0 0601479496 STIM_END_RESP_START
091 0 0601661424 LICK
091 0 0601661916 TIMEOUT_START
091 0 0601843980 LICK
091 0 0601844464 TIMEOUT_START
091 0 0602679528 RESP_END
091 0 0608844976 TIMEOUT_END
092 0 0610691052 STIM_START
092 0 0611691196 STIM_END_RESP_START
092 0 0612891240 RESP_END
093 1 0615136792 STIM_START
093 1 0616136936 STIM_END_RESP_START
093 1 0617336972 RESP_END
094 0 0619591572 STIM_START
094 0 0620591716 STIM_END_RESP_START
094 0 0621791756 RESP_END
095 1 0623928300 STIM_START
095 1 0624928444 STIM_END_RESP_START
095 1 0625021732 LICK
095 1 0625022228 REWARD_START
095 1 0625102564 LICK
095 1 0625235340 LICK
095 1 0625399748 LICK
095 1 0626128460 RESP_END
095 1 0625035244 REWARD_END
096 1 0628018928 STIM_START
096 1 0629019072 STIM_END_RESP_START
096 1 0629080284 LICK
096 1 0629080772 REWARD_START
096 1 0629295588 LICK
096 1 0629451344 LICK
096 1 0629655076 LICK
096 1 0630219104 RESP_END
096 1 0629093800 REWARD_END
097 0 0632222636 STIM_START
097 0 0633222780 STIM_END_RESP_START
097 0 0634422820 RESP_END
098 0 0637971600 STIM_START
098 0 0638971740 STIM_END_RESP_START
098 0 0640171784 RESP_END
099 1 0644047616 STIM_START
099 1 0645047760 STIM_END_RESP_START
099 1 0646010668 LICK
099 1 0646011160 REWARD_START
099 1 0646211052 LICK
099 1 0646247780 RESP_END
099 1 0646024180 REWARD_END
100 1 0648281276 STIM_START
100 1 0649281416 STIM_END_RESP_START
100 1 0649936572 LICK
100 1 0649937068 REWARD_START
100 1 0650084408 LICK
100 1 0650232036 LICK
100 1 0650425668 LICK
100 1 0650481440 RESP_END
100 1 0649950084 REWARD_END
101 1 0652560024 STIM_START
101 1 0653560164 STIM_END_RESP_START
101 1 0653639540 LICK
101 1 0653640032 REWARD_START
101 1 0653774012 LICK
101 1 0653972068 LICK
101 1 0654155084 LICK
101 1 0654760200 RESP_END
101 1 0653653064 REWARD_END
102 0 0656731692 STIM_START
102 0 0657731832 STIM_END_RESP_START
102 0 0658817092 LICK
102 0 0658817576 TIMEOUT_START
102 0 0658931856 RESP_END
102 0 0665818072 TIMEOUT_END
103 1 0668070568 STIM_START
103 1 0669070708 STIM_END_RESP_START
103 1 0670270748 RESP_END
104 0 0672420288 STIM_START
104 0 0673420428 STIM_END_RESP_START
104 0 0674620464 RESP_END
105 1 0676549956 STIM_START
105 1 0677550100 STIM_END_RESP_START
105 1 0678750132 RESP_END
106 0 0681261768 STIM_START
106 0 0682261908 STIM_END_RESP_START
106 0 0682874348 LICK
106 0 0682874832 TIMEOUT_START
106 0 0683068796 LICK
106 0 0683069280 TIMEOUT_START
106 0 0683461956 RESP_END
106 0 0690069788 TIMEOUT_END
107 1 0692174564 STIM_START
107 1 0693174708 STIM_END_RESP_START
107 1 0694374748 RESP_END
108 1 0696255244 STIM_START
108 1 0697255384 STIM_END_RESP_START
108 1 0698455424 RESP_END
109 0 0700560952 STIM_START
109 0 0701561092 STIM_END_RESP_START
109 0 0702328116 LICK
109 0 0702328604 TIMEOUT_START
109 0 0702761112 RESP_END
109 0 0709329120 TIMEOUT_END
110 1 0711460756 STIM_START
110 1 0712460900 STIM_END_RESP_START
110 1 0713260760 LICK
110 1 0713261252 REWARD_START
110 1 0713461804 LICK
110 1 0713646272 LICK
110 1 0713660944 RESP_END
110 1 0713274272 REWARD_END
111 0 0715779472 STIM_START
111 0 0716779620 STIM_END_RESP_START
111 0 0716987108 LICK
111 0 0716987596 TIMEOUT_START
111 0 0717127036 LICK
111 0 0717127520 TIMEOUT_START
111 0 0717320768 LICK
111 0 0717321260 TIMEOUT_START
111 0 0717979636 RESP_END
111 0 0724321764 TIMEOUT_END
112 1 0726341212 STIM_START
112 1 0727341356 STIM_END_RESP_START
112 1 0728541396 RESP_END
113 1 0730736932 STIM_START
113 1 0731737068 STIM_END_RESP_START
113 1 0732548996 LICK
113 1 0732549488 REWARD_START
113 1 0732743112 LICK
113 1 0732924280 LICK
113 1 0732937100 RESP_END
113 1 0732562512 REWARD_END
114 0 0735132692 STIM_START
114 0 0736132836 STIM_END_RESP_START
114 0 0736268632 LICK
114 0 0736269116 TIMEOUT_START
114 0 0736455616 LICK
114 0 0736456108 TIMEOUT_START
114 0 0736934056 LICK
114 0 0736934544 TIMEOUT_START
114 0 0737332864 RESP_END
114 0 0743935044 TIMEOUT_END
115 0 0745953460 STIM_START
115 0 0746953596 STIM_END_RESP_START
115 0 0748153636 RESP_END
116 0 0749965112 STIM_START
116 0 0750965256 STIM_END_RESP_START
116 0 0752165296 RESP_END
117 1 0754428864 STIM_START
117 1 0755429008 STIM_END_RESP_START
117 1 0756229244 LICK
117 1 0756229728 REWARD_START
117 1 0756455272 LICK
117 1 0756629052 RESP_END
117 1 0756242752 REWARD_END
118 1 0758892604 STIM_START
118 1 0759892744 STIM_END_RESP_START
118 1 0759912460 LICK
118 1 0759912948 REWARD_START
118 1 0759992808 LICK
118 1 0760109688 LICK
118 1 0760287620 LICK
118 1 0760497564 LICK
118 1 0761092776 RESP_END
118 1 0759925956 REWARD_END
119 1 0762862248 STIM_START
119 1 0763862392 STIM_END_RESP_START
119 1 0765062436 RESP_END
120 0 0767004952 STIM_START
120 0 0768005088 STIM_END_RESP_START
120 0 0769205124 RESP_END
121 1 0771444692 STIM_START
121 1 0772444836 STIM_END_RESP_START
121 1 0773644872 RESP_END
122 1 0775461352 STIM_START
122 1 0776461496 STIM_END_RESP_START
122 1 0777661536 RESP_END
123 1 0779434000 STIM_START
123 1 0780434136 STIM_END_RESP_START
123 1 0781634176 RESP_END
124 0 0784360820 STIM_START
124 0 0785360964 STIM_END_RESP_START
124 0 0786561000 RESP_END
125 1 0788457496 STIM_START
125 1 0789457632 STIM_END_RESP_START
125 1 0790657672 RESP_END
126 0 0792585172 STIM_START
126 0 0793585316 STIM_END_RESP_START
126 0 0794785360 RESP_END
127 0 0796576852 STIM_START
127 0 0797576992 STIM_END_RESP_START
127 0 0798777032 RESP_END
128 1 0800802548 STIM_START
128 1 0801802692 STIM_END_RESP_START
128 1 0802854076 LICK
128 1 0802854564 REWARD_START
128 1 0803002736 RESP_END
128 1 0802867584 REWARD_END
129 0 0805250268 STIM_START
129 0 0806250404 STIM_END_RESP_START
129 0 0806686424 LICK
129 0 0806686916 TIMEOUT_START
129 0 0806889532 LICK
129 0 0806890020 TIMEOUT_START
129 0 0807450448 RESP_END
129 0 0813890516 TIMEOUT_END
130 1 0815911056 STIM_START
130 1 0816911192 STIM_END_RESP_START
130 1 0818111236 RESP_END
131 0 0819955728 STIM_START
131 0 0820955864 STIM_END_RESP_START
131 0 0822155904 RESP_END
132 1 0823903356 STIM_START
132 1 0824903496 STIM_END_RESP_START
132 1 0825617656 LICK
132 1 0825618140 REWARD_START
132 1 0825829988 LICK
132 1 0826023276 LICK
132 1 0826103544 RESP_END
132 1 0825631164 REWARD_END
133 0 0828458164 STIM_START
133 0 0828592184 LICK
133 0 0828804424 LICK
133 0 0829458316 STIM_END_RESP_START
133 0 0829482232 LICK
133 0 0829482716 TIMEOUT_START
133 0 0829698956 LICK
133 0 0829699448 TIMEOUT_START
133 0 0829907896 LICK
133 0 0829908388 TIMEOUT_START
133 0 0830114972 LICK
133 0 0830115456 TIMEOUT_START
133 0 0830658340 RESP_END
133 0 0837115960 TIMEOUT_END
134 1 0839147900 STIM_START
134 1 0840148040 STIM_END_RESP_START
134 1 0840758000 LICK
134 1 0840758488 REWARD_START
134 1 0840903060 LICK
134 1 0841076724 LICK
134 1 0841348064 RESP_END
134 1 0840771504 REWARD_END
135 0 0843502604 STIM_START
135 0 0843636984 LICK
135 0 0843937184 LICK
135 0 0844131720 LICK
135 0 0844502728 STIM_END_RESP_START
135 0 0845702768 RESP_END
136 0 0847802312 STIM_START
136 0 0848802456 STIM_END_RESP_START
136 0 0849621532 LICK
136 0 0849622024 TIMEOUT_START
136 0 0849776940 LICK
136 0 0849777424 TIMEOUT_START
136 0 0849962048 LICK
136 0 0849962528 TIMEOUT_START
136 0 0850002472 RESP_END
136 0 0856963024 TIMEOUT_END
137 0 0859150204 STIM_START
137 0 0860150348 STIM_END_RESP_START
137 0 0861350388 RESP_END
138 1 0863596928 STIM_START
138 1 0864597072 STIM_END_RESP_START
138 1 0865175816 LICK
138 1 0865176304 REWARD_START
138 1 0865358100 LICK
138 1 0865528120 LICK
138 1 0865734324 LICK
138 1 0865797104 RESP_END
138 1 0865189328 REWARD_END
139 0 0867803664 STIM_START
139 0 0867900728 LICK
139 0 0868716240 LICK
139 0 0868803800 STIM_END_RESP_START
139 0 0868935720 LICK
139 0 0868936204 TIMEOUT_START
139 0 0869105352 LICK
139 0 0869105844 TIMEOUT_START
139 0 0869473028 LICK
139 0 0869473520 TIMEOUT_START
139 0 0870002736 LICK
139 0 0870003224 TIMEOUT_START
139 0 0870003848 RESP_END
139 0 0877003720 TIMEOUT_END
140 0 0878961468 STIM_START
140 0 0879961616 STIM_END_RESP_START
140 0 0880302444 LICK
140 0 0880302932 TIMEOUT_START
140 0 0880472872 LICK
140 0 0880473368 TIMEOUT_START
140 0 0880694248 LICK
140 0 0880694736 TIMEOUT_START
140 0 0881161644 RESP_END
140 0 0887695232 TIMEOUT_END
141 0 0891448576 STIM_START
141 0 0892448712 STIM_END_RESP_START
141 0 0893648752 RESP_END
142 1 0895543240 STIM_START
142 1 0896543384 STIM_END_RESP_START
142 1 0897743420 RESP_END
143 0 0899644916 STIM_START
143 0 0900645056 STIM_END_RESP_START
143 0 0901845100 RESP_END
144 0 0904921812 STIM_START
144 0 0905921952 STIM_END_RESP_START
144 0 0906169724 LICK
144 0 0906170208 TIMEOUT_START
144 0 0906383272 LICK
144 0 0906383764 TIMEOUT_START
144 0 0906627152 LICK
144 0 0906627640 TIMEOUT_START
144 0 0906853944 LICK
144 0 0906854436 TIMEOUT_START
144 0 0907053092 LICK
144 0 0907053576 TIMEOUT_START
144 0 0907121980 RESP_END
144 0 0914054080 TIMEOUT_END
145 0 0916183656 STIM_START
145 0 0917183800 STIM_END_RESP_START
145 0 0918383848 RESP_END
146 1 0920504348 STIM_START
146 1 0921504484 STIM_END_RESP_START
146 1 0922305120 LICK
146 1 0922305612 REWARD_START
146 1 0922520656 LICK
146 1 0922672308 LICK
146 1 0922704516 RESP_END
146 1 0922318632 REWARD_END
147 0 0925290144 STIM_START
147 0 0926290292 STIM_END_RESP_START
147 0 0926816548 LICK
147 0 0926817032 TIMEOUT_START
147 0 0926861832 LICK
147 0 0926862316 TIMEOUT_START
147 0 0926997204 LICK
147 0 0926997692 TIMEOUT_START
147 0 0927417828 LICK
147 0 0927418312 TIMEOUT_START
147 0 0927490308 RESP_END
147 0 0934418820 TIMEOUT_END
148 0 0936364040 STIM_START
148 0 0937364176 STIM_END_RESP_START
148 0 0938564220 RESP_END
149 1 0940768716 STIM_START
149 1 0941768860 STIM_END_RESP_START
149 1 0942968900 RESP_END
150 0 0945234448 STIM_START
150 0 0946155296 LICK
150 0 0946234572 STIM_END_RESP_START
150 0 0946837764 LICK
150 0 0946838252 TIMEOUT_START
150 0 0946978092 LICK
150 0 0946978576 TIMEOUT_START
150 0 0947434588 RESP_END
150 0 0953979088 TIMEOUT_END
151 0 0955943212 STIM_START
151 0 0956943348 STIM_END_RESP_START
151 0 0958143388 RESP_END
152 1 0959995896 STIM_START
152 1 0960996044 STIM_END_RESP_START
152 1 0962196080 RESP_END
153 0 0964202588 STIM_START
153 0 0965202724 STIM_END_RESP_START
153 0 0966402760 RESP_END
154 1 0968537312 STIM_START
154 1 0969537448 STIM_END_RESP_START
154 1 0970737488 RESP_END
155 1 0972627996 STIM_START
155 1 0973628136 STIM_END_RESP_START
155 1 0974828176 RESP_END
156 1 0976991704 STIM_START
156 1 0977991848 STIM_END_RESP_START
156 1 0979191888 RESP_END
157 0 0981382428 STIM_START
157 0 0982382568 STIM_END_RESP_START
157 0 0983582608 RESP_END
158 1 0985412100 STIM_START
158 1 0986412240 STIM_END_RESP_START
158 1 0987079012 LICK
158 1 0987079500 REWARD_START
158 1 0987235284 LICK
158 1 0987417056 LICK
158 1 0987556260 LICK
158 1 0987612276 RESP_END
158 1 0987092524 REWARD_END
159 1 0989375752 STIM_START
159 1 0990375892 STIM_END_RESP_START
159 1 0991575932 RESP_END
160 0 0994177548 STIM_START
160 0 0995177692 STIM_END_RESP_START
160 0 0996377732 RESP_END
161 1 0998160264 STIM_START
161 1 0999160408 STIM_END_RESP_START
161 1 0999793908 LICK
161 1 0999794396 REWARD_START
161 1 0999991468 LICK
161 1 1000165736 LICK
161 1 1000360432 RESP_END
161 1 0999807420 REWARD_END
162 0 1002306896 STIM_START
162 0 1003307056 STIM_END_RESP_START
162 0 1004091716 LICK
162 0 1004092248 TIMEOUT_START
162 0 1004211404 LICK
162 0 1004211936 TIMEOUT_START
162 0 1004418116 LICK
162 0 1004418648 TIMEOUT_START
162 0 1004507088 RESP_END
162 0 1011419204 TIMEOUT_END
163 0 1013628776 STIM_START
163 0 1014628900 STIM_END_RESP_START
163 0 1015828920 RESP_END
164 1 1018066508 STIM_START
164 1 1019066628 STIM_END_RESP_START
164 1 1019636784 LICK
164 1 1019637316 REWARD_START
164 1 1019801992 LICK
164 1 1019982000 LICK
164 1 1020154456 LICK
164 1 1020266664 RESP_END
164 1 1019650396 REWARD_END
165 1 1022179196 STIM_START
165 1 1023179316 STIM_END_RESP_START
165 1 1023566568 LICK
165 1 1023567108 REWARD_START
165 1 1023736992 LICK
165 1 1023948480 LICK
165 1 1024117980 LICK
165 1 1024379328 RESP_END
165 1 1023580192 REWARD_END
166 1 1026336884 STIM_START
166 1 1027337032 STIM_END_RESP_START
166 1 1028063996 LICK
166 1 1028064536 REWARD_START
166 1 1028263968 LICK
166 1 1028435888 LICK
166 1 1028537076 RESP_END
166 1 1028077612 REWARD_END
167 0 1030459564 STIM_START
167 0 1031459716 STIM_END_RESP_START
167 0 1032526672 LICK
167 0 1032527208 TIMEOUT_START
167 0 1032590684 LICK
167 0 1032591216 TIMEOUT_START
167 0 1032659752 RESP_END
167 0 1039591780 TIMEOUT_END
168 0 1041379352 STIM_START
168 0 1042379504 STIM_END_RESP_START
168 0 1043579528 RESP_END
169 1 1045419044 STIM_START
169 1 1046419196 STIM_END_RESP_START
169 1 1047584800 LICK
169 1 1047585332 REWARD_START
169 1 1047619216 RESP_END
169 1 1047598412 REWARD_END
170 0 1050077812 STIM_START
170 0 1051077936 STIM_END_RESP_START
170 0 1051758556 LICK
170 0 1051759092 TIMEOUT_START
170 0 1051900104 LICK
170 0 1051900636 TIMEOUT_START
170 0 1052277980 RESP_END
170 0 1058901188 TIMEOUT_END
171 0 1061023608 STIM_START
171 0 1062023728 STIM_END_RESP_START
171 0 1063223748 RESP_END
172 0 1065287328 STIM_START
172 0 1066287448 STIM_END_RESP_START
172 0 1067487464 RESP_END
173 1 1069735052 STIM_START
173 1 1070735200 STIM_END_RESP_START
173 1 1071935220 RESP_END
174 0 1073865752 STIM_START
174 0 1074865904 STIM_END_RESP_START
174 0 1076065924 RESP_END
175 0 1078120444 STIM_START
175 0 1079120560 STIM_END_RESP_START
175 0 1080320580 RESP_END
176 1 1082394148 STIM_START
176 1 1083394264 STIM_END_RESP_START
176 1 1084594280 RESP_END
177 1 1086472828 STIM_START
177 1 1087472948 STIM_END_RESP_START
177 1 1088612412 LICK
177 1 1088612944 REWARD_START
177 1 1088672968 RESP_END
177 1 1088626020 REWARD_END
178 0 1091195604 STIM_START
178 0 1092195724 STIM_END_RESP_START
178 0 1093395740 RESP_END
179 1 1095351292 STIM_START
179 1 1095393144 LICK
179 1 1095574116 LICK
179 1 1096351444 STIM_END_RESP_START
179 1 1097083632 LICK
179 1 1097084168 REWARD_START
179 1 1097224024 LICK
179 1 1097410624 LICK
179 1 1097551472 RESP_END
179 1 1097097248 REWARD_END
180 1 1099374952 STIM_START
180 1 1100375112 STIM_END_RESP_START
180 1 1101311444 LICK
180 1 1101311976 REWARD_START
180 1 1101440832 LICK
180 1 1101539344 LICK
180 1 1101575136 RESP_END
180 1 1101325056 REWARD_END
181 1 1103923716 STIM_START
181 1 1104923844 STIM_END_RESP_START
181 1 1105362040 LICK
181 1 1105362572 REWARD_START
181 1 1105525944 LICK
181 1 1105723592 LICK
181 1 1105875116 LICK
181 1 1106123884 RESP_END
181 1 1105375652 REWARD_END
182 0 1108345440 STIM_START
182 0 1109345560 STIM_END_RESP_START
182 0 1109737152 LICK
182 0 1109737688 TIMEOUT_START
182 0 1109877992 LICK
182 0 1109878524 TIMEOUT_START
182 0 1110094116 LICK
182 0 1110094648 TIMEOUT_START
182 0 1110545584 RESP_END
182 0 1117095216 TIMEOUT_END
183 0 1119159260 STIM_START
183 0 1120159384 STIM_END_RESP_START
183 0 1120907464 LICK
183 0 1120907996 TIMEOUT_START
183 0 1121048388 LICK
183 0 1121048924 TIMEOUT_START
183 0 1121273708 LICK
183 0 1121274248 TIMEOUT_START
183 0 1121359400 RESP_END
183 0 1128274800 TIMEOUT_END
184 1 1130371128 STIM_START
184 1 1131371240 STIM_END_RESP_START
184 1 1132038332 LICK
184 1 1132038864 REWARD_START
184 1 1132213732 LICK
184 1 1132413784 LICK
184 1 1132571264 RESP_END
184 1 1132051944 REWARD_END
185 0 1134622808 STIM_START
185 0 1135622960 STIM_END_RESP_START
185 0 1135823960 LICK
185 0 1135824492 TIMEOUT_START
185 0 1136064844 LICK
185 0 1136065376 TIMEOUT_START
185 0 1136675516 LICK
185 0 1136676056 TIMEOUT_START
185 0 1136754288 LICK
185 0 1136754824 TIMEOUT_START
185 0 1136823004 RESP_END
185 0 1143755376 TIMEOUT_END
186 1 1145836672 STIM_START
186 1 1146836788 STIM_END_RESP_START
186 1 1147204808 LICK
186 1 1147205336 REWARD_START
186 1 1147386320 LICK
186 1 1147591484 LICK
186 1 1147724516 LICK
186 1 1148036832 RESP_END
186 1 1147218416 REWARD_END
187 1 1149962344 STIM_START
187 1 1150962496 STIM_END_RESP_START
187 1 1151276276 LICK
187 1 1151276812 REWARD_START
187 1 1151485072 LICK
187 1 1151661028 LICK
187 1 1151869744 LICK
187 1 1152162520 RESP_END
187 1 1151289892 REWARD_END
188 0 1154114016 STIM_START
188 0 1155114136 STIM_END_RESP_START
188 0 1156314152 RESP_END
189 0 1158655768 STIM_START
189 0 1159655888 STIM_END_RESP_START
189 0 1160250456 LICK
189 0 1160250984 TIMEOUT_START
189 0 1160430216 LICK
189 0 1160430752 TIMEOUT_START
189 0 1160855932 RESP_END
189 0 1167431296 TIMEOUT_END
190 1 1169682612 STIM_START
190 1 1170682724 STIM_END_RESP_START
190 1 1171882748 RESP_END
191 1 1174066316 STIM_START
191 1 1175066472 STIM_END_RESP_START
191 1 1176085120 LICK
191 1 1176085660 REWARD_START
191 1 1176266488 RESP_END
191 1 1176098732 REWARD_END
192 0 1178447040 STIM_START
192 0 1179447192 STIM_END_RESP_START
192 0 1179966368 LICK
192 0 1179966904 TIMEOUT_START
192 0 1180111604 LICK
192 0 1180112140 TIMEOUT_START
192 0 1180647220 RESP_END
192 0 1187112696 TIMEOUT_END
193 0 1189280840 STIM_START
193 0 1190280992 STIM_END_RESP_START
193 0 1191260380 LICK
193 0 1191260912 TIMEOUT_START
193 0 1191393924 LICK
193 0 1191394460 TIMEOUT_START
193 0 1191481028 RESP_END
193 0 1198395016 TIMEOUT_END
194 0 1200381684 STIM_START
194 0 1201381804 STIM_END_RESP_START
194 0 1202336292 LICK
194 0 1202336828 TIMEOUT_START
194 0 1202542500 LICK
194 0 1202543040 TIMEOUT_START
194 0 1202581848 RESP_END
194 0 1209543592 TIMEOUT_END
195 1 1211742548 STIM_START
195 1 1212742676 STIM_END_RESP_START
195 1 1213942688 RESP_END
196 0 1215956284 STIM_START
196 0 1216956444 STIM_END_RESP_START
196 0 1218156460 RESP_END
197 0 1220165960 STIM_START
197 0 1221166120 STIM_END_RESP_START
197 0 1222366132 RESP_END
198 1 1224299632 STIM_START
198 1 1225299784 STIM_END_RESP_START
198 1 1226499804 RESP_END
199 1 1228419320 STIM_START
199 1 1229419432 STIM_END_RESP_START
199 1 1229718440 LICK
199 1 1229718980 REWARD_START
199 1 1229893988 LICK
199 1 1230073020 LICK
199 1 1230247396 LICK
199 1 1230619452 RESP_END
199 1 1229732040 REWARD_END
200 0 1232489984 STIM_START
200 0 1233490140 STIM_END_RESP_START
200 0 1233589536 LICK
200 0 1233590072 TIMEOUT_START
200 0 1233657892 LICK
200 0 1233658424 TIMEOUT_START
200 0 1233770824 LICK
200 0 1233771356 TIMEOUT_START
200 0 1234690184 RESP_END
200 0 1240771912 TIMEOUT_END
201 1 1242778688 STIM_START
201 1 1243778840 STIM_END_RESP_START
201 1 1244978860 RESP_END
202 0 1247213428 STIM_START
202 0 1248213588 STIM_END_RESP_START
202 0 1248981272 LICK
202 0 1248981804 TIMEOUT_START
202 0 1249175572 LICK
202 0 1249176108 TIMEOUT_START
202 0 1249413604 RESP_END
202 0 1256176684 TIMEOUT_END
203 1 1258186284 STIM_START
203 1 1259186404 STIM_END_RESP_START
203 1 1260386424 RESP_END
204 0 1262244924 STIM_START
204 0 1263245076 STIM_END_RESP_START
204 0 1264445096 RESP_END
205 1 1266537620 STIM_START
205 1 1267537772 STIM_END_RESP_START
205 1 1268737792 RESP_END
206 1 1270716336 STIM_START
206 1 1271716460 STIM_END_RESP_START
206 1 1272916480 RESP_END
207 1 1275120056 STIM_START
207 1 1276120176 STIM_END_RESP_START
207 1 1276734552 LICK
207 1 1276735084 REWARD_START
207 1 1276938424 LICK
207 1 1277116176 LICK
207 1 1277273016 LICK
207 1 1277320220 RESP_END
207 1 1276748164 REWARD_END
208 0 1279436760 STIM_START
208 0 1280436880 STIM_END_RESP_START
208 0 1281059948 LICK
208 0 1281060480 TIMEOUT_START
208 0 1281226640 LICK
208 0 1281227180 TIMEOUT_START
208 0 1281636904 RESP_END
208 0 1288227736 TIMEOUT_END
209 1 1290454592 STIM_START
209 1 1291454752 STIM_END_RESP_START
209 1 1292654772 RESP_END
210 0 1294600268 STIM_START
210 0 1295600420 STIM_END_RESP_START
210 0 1296800440 RESP_END
211 0 1298609952 STIM_START
211 0 1299610072 STIM_END_RESP_START
211 0 1300810092 RESP_END
212 1 1302851636 STIM_START
212 1 1303851752 STIM_END_RESP_START
212 1 1304761428 LICK
212 1 1304761964 REWARD_START
212 1 1304968604 LICK
212 1 1305051796 RESP_END
212 1 1304775040 REWARD_END
213 1 1307086372 STIM_START
213 1 1307806048 LICK
213 1 1307860424 LICK
213 1 1308008008 LICK
213 1 1308086520 STIM_END_RESP_START
213 1 1308311252 LICK
213 1 1308311792 REWARD_START
213 1 1308691176 LICK
213 1 1308839592 LICK
213 1 1309020008 LICK
213 1 1309286540 RESP_END
213 1 1308324872 REWARD_END
214 0 1311051040 STIM_START
214 0 1312051188 STIM_END_RESP_START
214 0 1313251208 RESP_END
215 0 1315027648 STIM_START
215 0 1316027768 STIM_END_RESP_START
215 0 1317227784 RESP_END
216 0 1319398392 STIM_START
216 0 1320398512 STIM_END_RESP_START
216 0 1321598532 RESP_END
217 1 1323675108 STIM_START
217 1 1324461776 LICK
217 1 1324670380 LICK
217 1 1324675224 STIM_END_RESP_START
217 1 1324851784 LICK
217 1 1324852320 REWARD_START
217 1 1325029156 LICK
217 1 1325203368 LICK
217 1 1325371920 LICK
217 1 1325875252 RESP_END
217 1 1324865392 REWARD_END
218 1 1327649752 STIM_START
218 1 1328649872 STIM_END_RESP_START
218 1 1329043808 LICK
218 1 1329044340 REWARD_START
218 1 1329252096 LICK
218 1 1329394896 LICK
218 1 1329575760 LICK
218 1 1329849912 RESP_END
218 1 1329057420 REWARD_END
219 1 1331712404 STIM_START
219 1 1332712560 STIM_END_RESP_START
219 1 1333508928 LICK
219 1 1333509468 REWARD_START
219 1 1333719208 LICK
219 1 1333905440 LICK
219 1 1333912600 RESP_END
219 1 1333522528 REWARD_END
220 0 1336250160 STIM_START
220 0 1337250288 STIM_END_RESP_START
220 0 1337982004 LICK
220 0 1337982536 TIMEOUT_START
220 0 1338077848 LICK
220 0 1338078388 TIMEOUT_START
220 0 1338250952 LICK
220 0 1338251488 TIMEOUT_START
220 0 1338450308 RESP_END
220 0 1345252036 TIMEOUT_END
221 1 1348354156 STIM_START
221 1 1349047220 LICK
221 1 1349129948 LICK
221 1 1349253156 LICK
221 1 1349354312 STIM_END_RESP_START
221 1 1349459580 LICK
221 1 1349460120 REWARD_START
221 1 1349643332 LICK
221 1 1349796228 LICK
221 1 1349962292 LICK
221 1 1350143812 LICK
221 1 1350554324 RESP_END
221 1 1349473192 REWARD_END
222 1 1352293852 STIM_START
222 1 1353059092 LICK
222 1 1353229636 LICK
222 1 1353294004 STIM_END_RESP_START
222 1 1353423440 LICK
222 1 1353423976 REWARD_START
222 1 1353691104 LICK
222 1 1353860124 LICK
222 1 1354028900 LICK
222 1 1354494020 RESP_END
222 1 1353437048 REWARD_END
223 0 1356428508 STIM_START
223 0 1357428660 STIM_END_RESP_START
223 0 1358247380 LICK
223 0 1358247908 TIMEOUT_START
223 0 1358374188 LICK
223 0 1358374720 TIMEOUT_START
223 0 1358576360 LICK
223 0 1358576896 TIMEOUT_START
223 0 1358628676 RESP_END
223 0 1365577456 TIMEOUT_END
224 0 1367377300 STIM_START
224 0 1368377420 STIM_END_RESP_START
224 0 1369577432 RESP_END
225 1 1372315160 STIM_START
225 1 1373315280 STIM_END_RESP_START
225 1 1373926352 LICK
225 1 1373926888 REWARD_START
225 1 1374119140 LICK
225 1 1374295400 LICK
225 1 1374485300 LICK
225 1 1374515312 RESP_END
225 1 1373939968 REWARD_END
226 0 1376445804 STIM_START
226 0 1377445928 STIM_END_RESP_START
226 0 1377854040 LICK
226 0 1377854580 TIMEOUT_START
226 0 1378053516 LICK
226 0 1378054048 TIMEOUT_START
226 0 1378645964 RESP_END
226 0 1385054604 TIMEOUT_END
227 0 1387288600 STIM_START
227 0 1388288712 STIM_END_RESP_START
227 0 1389432280 LICK
227 0 1389432812 TIMEOUT_START
227 0 1389488760 RESP_END
227 0 1396433372 TIMEOUT_END
228 0 1398279408 STIM_START
228 0 1399279560 STIM_END_RESP_START
228 0 1400479580 RESP_END
229 1 1402355112 STIM_START
229 1 1403355236 STIM_END_RESP_START
229 1 1403944556 LICK
229 1 1403945096 REWARD_START
229 1 1404140888 LICK
229 1 1404320404 LICK
229 1 1404555272 RESP_END
229 1 1403958168 REWARD_END
230 0 1406756836 STIM_START
230 0 1407756956 STIM_END_RESP_START
230 0 1408091840 LICK
230 0 1408092376 TIMEOUT_START
230 0 1408304876 LICK
230 0 1408305416 TIMEOUT_START
230 0 1408714932 LICK
230 0 1408715464 TIMEOUT_START
230 0 1408956996 RESP_END
230 0 1415716024 TIMEOUT_END
231 1 1417625620 STIM_START
231 1 1418625768 STIM_END_RESP_START
231 1 1419309868 LICK
231 1 1419310408 REWARD_START
231 1 1419468460 LICK
231 1 1419648636 LICK
231 1 1419815016 LICK
231 1 1419825800 RESP_END
231 1 1419323468 REWARD_END
232 1 1421747324 STIM_START
232 1 1422747444 STIM_END_RESP_START
232 1 1423059784 LICK
232 1 1423060324 REWARD_START
232 1 1423241836 LICK
232 1 1423409976 LICK
232 1 1423596204 LICK
232 1 1423782836 LICK
232 1 1423947484 RESP_END
232 1 1423073404 REWARD_END
233 1 1426030020 STIM_START
233 1 1427030140 STIM_END_RESP_START
233 1 1427974232 LICK
233 1 1427974764 REWARD_START
233 1 1428166496 LICK
233 1 1428230172 RESP_END
233 1 1427987844 REWARD_END
234 0 1430599760 STIM_START
234 0 1431599880 STIM_END_RESP_START
234 0 1432369408 LICK
234 0 1432369940 TIMEOUT_START
234 0 1432498464 LICK
234 0 1432498996 TIMEOUT_START
234 0 1432708732 LICK
234 0 1432709272 TIMEOUT_START
234 0 1432799916 RESP_END
234 0 1439709836 TIMEOUT_END
235 0 1441645632 STIM_START
235 0 1442645784 STIM_END_RESP_START
235 0 1443704176 LICK
235 0 1443704708 TIMEOUT_START
235 0 1443845808 RESP_END
235 0 1450705280 TIMEOUT_END
236 0 1452628420 STIM_START
236 0 1453628540 STIM_END_RESP_START
236 0 1454828560 RESP_END
237 1 1456753108 STIM_START
237 1 1457753228 STIM_END_RESP_START
237 1 1458244604 LICK
237 1 1458245144 REWARD_START
237 1 1458420592 LICK
237 1 1458609920 LICK
237 1 1458790504 LICK
237 1 1458953252 RESP_END
237 1 1458258220 REWARD_END
238 1 1460973804 STIM_START
238 1 1461973956 STIM_END_RESP_START
238 1 1462539328 LICK
238 1 1462539860 REWARD_START
238 1 1462696996 LICK
238 1 1462889736 LICK
238 1 1463060216 LICK
238 1 1463173980 RESP_END
238 1 1462552940 REWARD_END
239 1 1465125464 STIM_START
239 1 1466125624 STIM_END_RESP_START
239 1 1466525516 LICK
239 1 1466526056 REWARD_START
239 1 1466688936 LICK
239 1 1466861960 LICK
239 1 1467047196 LICK
239 1 1467325672 RESP_END
239 1 1466539120 REWARD_END
240 0 1469492204 STIM_START
240 0 1470221820 LICK
240 0 1470444300 LICK
240 0 1470492344 STIM_END_RESP_START
240 0 1471692364 RESP_END
241 0 1473536860 STIM_START
241 0 1474536980 STIM_END_RESP_START
241 0 1475087956 LICK
241 0 1475088492 TIMEOUT_START
241 0 1475285584 LICK
241 0 1475286120 TIMEOUT_START
241 0 1475449424 LICK
241 0 1475449960 TIMEOUT_START
241 0 1475737004 RESP_END
241 0 1482450524 TIMEOUT_END
242 0 1484569692 STIM_START
242 0 1485569844 STIM_END_RESP_START
242 0 1486769864 RESP_END
243 1 1488841396 STIM_START
243 1 1489841556 STIM_END_RESP_START
243 1 1490198728 LICK
243 1 1490199264 REWARD_START
243 1 1490388372 LICK
243 1 1490514956 LICK
243 1 1490699760 LICK
243 1 1491041580 RESP_END
243 1 1490212340 REWARD_END
244 1 1493126104 STIM_START
244 1 1494126224 STIM_END_RESP_START
244 1 1494616276 LICK
244 1 1494616812 REWARD_START
244 1 1494803960 LICK
244 1 1494960068 LICK
244 1 1495127120 LICK
244 1 1495313700 LICK
244 1 1495326264 RESP_END
244 1 1494629888 REWARD_END
245 0 1497196792 STIM_START
245 0 1498196916 STIM_END_RESP_START
245 0 1498669676 LICK
245 0 1498670216 TIMEOUT_START
245 0 1499396956 RESP_END
245 0 1505670768 TIMEOUT_END
246 0 1507667548 STIM_START
246 0 1508667668 STIM_END_RESP_START
246 0 1509557360 LICK
246 0 1509557892 TIMEOUT_START
246 0 1509730836 LICK
246 0 1509731376 TIMEOUT_START
246 0 1509867704 RESP_END
246 0 1516731936 TIMEOUT_END
247 0 1518888360 STIM_START
247 0 1519888480 STIM_END_RESP_START
247 0 1521088496 RESP_END
248 1 1523323112 STIM_START
248 1 1524323264 STIM_END_RESP_START
248 1 1524819388 LICK
248 1 1524819920 REWARD_START
248 1 1524987588 LICK
248 1 1525169460 LICK
248 1 1525344624 LICK
248 1 1525523300 RESP_END
248 1 1524833000 REWARD_END
249 0 1527622824 STIM_START
249 0 1528622976 STIM_END_RESP_START
249 0 1529823000 RESP_END
250 0 1531743504 STIM_START
250 0 1532561656 LICK
250 0 1532725484 LICK
250 0 1532743640 STIM_END_RESP_START
250 0 1532901948 LICK
250 0 1532902488 TIMEOUT_START
250 0 1533301940 LICK
250 0 1533302472 TIMEOUT_START
250 0 1533943672 RESP_END
250 0 1540303044 TIMEOUT_END
251 0 1542257224 STIM_START
251 0 1543257384 STIM_END_RESP_START
251 0 1544457404 RESP_END
252 1 1546540944 STIM_START
252 1 1547541064 STIM_END_RESP_START
252 1 1548184244 LICK
252 1 1548184784 REWARD_START
252 1 1548345888 LICK
252 1 1548510504 LICK
252 1 1548694436 LICK
252 1 1548741104 RESP_END
252 1 1548197856 REWARD_END
253 0 1550890672 STIM_START
253 0 1551890796 STIM_END_RESP_START
253 0 1552428164 LICK
253 0 1552428696 TIMEOUT_START
253 0 1552655484 LICK
253 0 1552656012 TIMEOUT_START
253 0 1553090824 RESP_END
253 0 1559656568 TIMEOUT_END
254 0 1561554428 STIM_START
254 0 1562213080 LICK
254 0 1562403696 LICK
254 0 1562554560 STIM_END_RESP_START
254 0 1562595484 LICK
254 0 1562596016 TIMEOUT_START
254 0 1563034372 LICK
254 0 1563034912 TIMEOUT_START
254 0 1563248676 LICK
254 0 1563249208 TIMEOUT_START
254 0 1563754596 RESP_END
254 0 1570249764 TIMEOUT_END
255 1 1572393224 STIM_START
255 1 1573393380 STIM_END_RESP_START
255 1 1574029492 LICK
255 1 1574030028 REWARD_START
255 1 1574213680 LICK
255 1 1574386640 LICK
255 1 1574551968 LICK
255 1 1574593420 RESP_END
255 1 1574043104 REWARD_END
256 0 1576624928 STIM_START
256 0 1577625056 STIM_END_RESP_START
256 0 1578265752 LICK
256 0 1578266284 TIMEOUT_START
256 0 1578825076 RESP_END
256 0 1585266848 TIMEOUT_END
257 1 1587367716 STIM_START
257 1 1588367836 STIM_END_RESP_START
257 1 1588746016 LICK
257 1 1588746556 REWARD_START
257 1 1588872876 LICK
257 1 1589063776 LICK
257 1 1589215928 LICK
257 1 1589567880 RESP_END
257 1 1588759616 REWARD_END
258 0 1591555376 STIM_START
258 0 1592555536 STIM_END_RESP_START
258 0 1593755548 RESP_END
259 1 1595539044 STIM_START
259 1 1596539168 STIM_END_RESP_START
259 1 1596671776 LICK
259 1 1596672320 REWARD_START
259 1 1596825984 LICK
259 1 1597010032 LICK
259 1 1597186748 LICK
259 1 1597739176 RESP_END
259 1 1596685380 REWARD_END
260 0 1599594704 STIM_START
260 0 1600594856 STIM_END_RESP_START
260 0 1601794876 RESP_END
261 1 1603652376 STIM_START
261 1 1604652536 STIM_END_RESP_START
261 1 1605852556 RESP_END
262 1 1608672228 STIM_START
262 1 1609672348 STIM_END_RESP_START
262 1 1610678056 LICK
262 1 1610678596 REWARD_START
262 1 1610756952 LICK
262 1 1610872384 RESP_END
262 1 1610691676 REWARD_END
263 1 1613007924 STIM_START
263 1 1614008076 STIM_END_RESP_START
263 1 1614471584 LICK
263 1 1614472116 REWARD_START
263 1 1614618524 LICK
263 1 1614765444 LICK
263 1 1614926040 LICK
263 1 1615208116 RESP_END
263 1 1614485196 REWARD_END
264 0 1617103604 STIM_START
264 0 1618073324 LICK
264 0 1618103744 STIM_END_RESP_START
264 0 1618255572 LICK
264 0 1618256112 TIMEOUT_START
264 0 1618642356 LICK
264 0 1618642888 TIMEOUT_START
264 0 1618821392 LICK
264 0 1618821924 TIMEOUT_START
264 0 1619303764 RESP_END
264 0 1625822472 TIMEOUT_END
265 1 1627630344 STIM_START
265 1 1628630464 STIM_END_RESP_START
265 1 1629193288 LICK
265 1 1629193820 REWARD_START
265 1 1629375172 LICK
265 1 1629548236 LICK
265 1 1629760192 LICK
265 1 1629830500 RESP_END
265 1 1629206900 REWARD_END
266 0 1631791080 STIM_START
266 0 1632320420 LICK
266 0 1632533696 LICK
266 0 1632722396 LICK
266 0 1632791224 STIM_END_RESP_START
266 0 1632915552 LICK
266 0 1632916088 TIMEOUT_START
266 0 1633387772 LICK
266 0 1633388304 TIMEOUT_START
266 0 1633543952 LICK
266 0 1633544492 TIMEOUT_START
266 0 1633991252 RESP_END
266 0 1640545052 TIMEOUT_END
267 1 1642790856 STIM_START
267 1 1643641696 LICK
267 1 1643790984 STIM_END_RESP_START
267 1 1643858156 LICK
267 1 1643858688 REWARD_START
267 1 1644076320 LICK
267 1 1644254996 LICK
267 1 1644445488 LICK
267 1 1644991012 RESP_END
267 1 1643871764 REWARD_END
268 1 1647103584 STIM_START
268 1 1648103704 STIM_END_RESP_START
268 1 1649303724 RESP_END
269 0 1651425300 STIM_START
269 0 1652425416 STIM_END_RESP_START
269 0 1653070836 LICK
269 0 1653071376 TIMEOUT_START
269 0 1653264244 LICK
269 0 1653264780 TIMEOUT_START
269 0 1653625432 RESP_END
269 0 1660265344 TIMEOUT_END
270 1 1662161076 STIM_START
270 1 1663106208 LICK
270 1 1663161196 STIM_END_RESP_START
270 1 1663298492 LICK
270 1 1663299032 REWARD_START
270 1 1663461160 LICK
270 1 1663620624 LICK
270 1 1663774640 LICK
270 1 1664361244 RESP_END
270 1 1663312112 REWARD_END
271 0 1668222072 STIM_START
271 0 1668990816 LICK
271 0 1669136668 LICK
271 0 1669222216 STIM_END_RESP_START
271 0 1669338612 LICK
271 0 1669339148 TIMEOUT_START
271 0 1669544508 LICK
271 0 1669545044 TIMEOUT_START
271 0 1670422252 RESP_END
271 0 1676545600 TIMEOUT_END
272 0 1678674804 STIM_START
272 0 1679674920 STIM_END_RESP_START
272 0 1680874940 RESP_END
273 1 1682757456 STIM_START
273 1 1683150612 LICK
273 1 1683385308 LICK
273 1 1683757600 STIM_END_RESP_START
273 1 1684023992 LICK
273 1 1684024528 REWARD_START
273 1 1684175376 LICK
273 1 1684338168 LICK
273 1 1684957632 RESP_END
273 1 1684037600 REWARD_END
274 0 1686934152 STIM_START
274 0 1687934272 STIM_END_RESP_START
274 0 1689134292 RESP_END
275 1 1690888804 STIM_START
275 1 1691888956 STIM_END_RESP_START
275 1 1693088976 RESP_END
276 0 1694888476 STIM_START
276 0 1695888632 STIM_END_RESP_START
276 0 1697088652 RESP_END
277 1 1699787280 STIM_START
277 1 1700787400 STIM_END_RESP_START
277 1 1700855912 LICK
277 1 1700856444 REWARD_START
277 1 1701627400 LICK
277 1 1701799836 LICK
277 1 1701987448 RESP_END
277 1 1700869524 REWARD_END
278 1 1704363028 STIM_START
278 1 1705363180 STIM_END_RESP_START
278 1 1705974960 LICK
278 1 1705975492 REWARD_START
278 1 1706084576 LICK
278 1 1706219800 LICK
278 1 1706377032 LICK
278 1 1706547040 LICK
278 1 1706563212 RESP_END
278 1 1705988572 REWARD_END
279 1 1708779760 STIM_START
279 1 1709779884 STIM_END_RESP_START
279 1 1710973636 LICK
279 1 1710974172 REWARD_START
279 1 1710987288 RESP_END
279 1 1710987248 REWARD_END
280 0 1713525584 STIM_START
280 0 1714525712 STIM_END_RESP_START
280 0 1715349160 LICK
280 0 1715349696 TIMEOUT_START
280 0 1715484556 LICK
280 0 1715485096 TIMEOUT_START
280 0 1715690684 LICK
280 0 1715691216 TIMEOUT_START
280 0 1715725740 RESP_END
280 0 1722691776 TIMEOUT_END
281 1 1726040612 STIM_START
281 1 1727040732 STIM_END_RESP_START
281 1 1727469936 LICK
281 1 1727470472 REWARD_START
281 1 1727649848 LICK
281 1 1727807840 LICK
281 1 1728240780 RESP_END
281 1 1727483548 REWARD_END
282 1 1730235308 STIM_START
282 1 1731235428 STIM_END_RESP_START
282 1 1732080300 LICK
282 1 1732080836 REWARD_START
282 1 1732274384 LICK
282 1 1732435444 RESP_END
282 1 1732093908 REWARD_END
283 0 1734466004 STIM_START
283 0 1735466160 STIM_END_RESP_START
283 0 1735959676 LICK
283 0 1735960208 TIMEOUT_START
283 0 1736139528 LICK
283 0 1736140064 TIMEOUT_START
283 0 1736666188 RESP_END
283 0 1743140624 TIMEOUT_END
284 0 1744915772 STIM_START
284 0 1745915932 STIM_END_RESP_START
284 0 1746644876 LICK
284 0 1746645412 TIMEOUT_START
284 0 1747115972 RESP_END
284 0 1753645968 TIMEOUT_END
285 0 1755697528 STIM_START
285 0 1756697652 STIM_END_RESP_START
285 0 1757897664 RESP_END
286 1 1760076240 STIM_START
286 1 1761076360 STIM_END_RESP_START
286 1 1761564684 LICK
286 1 1761565216 REWARD_START
286 1 1761692792 LICK
286 1 1761867024 LICK
286 1 1762075500 LICK
286 1 1762276392 RESP_END
286 1 1761578296 REWARD_END
287 1 1764366944 STIM_START
287 1 1765367064 STIM_END_RESP_START
287 1 1765486536 LICK
287 1 1765487076 REWARD_START
287 1 1765663740 LICK
287 1 1765836656 LICK
287 1 1766015396 LICK
287 1 1766567096 RESP_END
287 1 1765500136 REWARD_END
288 0 1768766676 STIM_START
288 0 1769766792 STIM_END_RESP_START
288 0 1770562604 LICK
288 0 1770563132 TIMEOUT_START
288 0 1770966828 RESP_END
288 0 1777563696 TIMEOUT_END
289 1 1779311456 STIM_START
289 1 1780311576 STIM_END_RESP_START
289 1 1781002252 LICK
289 1 1781002784 REWARD_START
289 1 1781179052 LICK
289 1 1781353036 LICK
289 1 1781511620 RESP_END
289 1 1781015864 REWARD_END
290 0 1783734152 STIM_START
290 0 1784553388 LICK
290 0 1784734280 STIM_END_RESP_START
290 0 1784765228 LICK
290 0 1784765768 TIMEOUT_START
290 0 1785934296 RESP_END
290 0 1791766332 TIMEOUT_END
291 1 1793976860 STIM_START
291 1 1794976980 STIM_END_RESP_START
291 1 1795611628 LICK
291 1 1795612168 REWARD_START
291 1 1795807336 LICK
291 1 1795992364 LICK
291 1 1796161384 LICK
291 1 1796177000 RESP_END
291 1 1795625248 REWARD_END
292 0 1797987504 STIM_START
292 0 1798987624 STIM_END_RESP_START
292 0 1800187644 RESP_END
293 0 1803049344 STIM_START
293 0 1804049464 STIM_END_RESP_START
293 0 1805249476 RESP_END
294 0 1807408068 STIM_START
294 0 1808408188 STIM_END_RESP_START
294 0 1809608208 RESP_END
295 1 1811352760 STIM_START
295 1 1812352912 STIM_END_RESP_START
295 1 1813552932 RESP_END
296 1 1815355376 STIM_START
296 1 1816355496 STIM_END_RESP_START
296 1 1817016040 LICK
296 1 1817016580 REWARD_START
296 1 1817222712 LICK
296 1 1817397068 LICK
296 1 1817555508 RESP_END
296 1 1817029660 REWARD_END
297 1 1819419048 STIM_START
297 1 1820419168 STIM_END_RESP_START
297 1 1820910924 LICK
297 1 1820911456 REWARD_START
297 1 1821094148 LICK
297 1 1821249120 LICK
297 1 1821424416 LICK
297 1 1821584928 LICK
297 1 1821619220 RESP_END
297 1 1820924536 REWARD_END
298 0 1823753824 STIM_START
298 0 1824753948 STIM_END_RESP_START
298 0 1825953968 RESP_END
299 0 1827828444 STIM_START
299 0 1828828564 STIM_END_RESP_START
299 0 1829208708 LICK
299 0 1829209244 TIMEOUT_START
299 0 1829365128 LICK
299 0 1829365660 TIMEOUT_START
299 0 1829549828 LICK
299 0 1829550368 TIMEOUT_START
299 0 1829750632 LICK
299 0 1829751176 TIMEOUT_START
299 0 1830028612 RESP_END
299 0 1836751736 TIMEOUT_END
300 1 1838798264 STIM_START
300 1 1839798384 STIM_END_RESP_START
300 1 1840544400 LICK
300 1 1840544940 REWARD_START
300 1 1840730612 LICK
300 1 1840916692 LICK
300 1 1840998420 RESP_END
300 1 1840558012 REWARD_END
301 1 1843469032 STIM_START
301 1 1844469148 STIM_END_RESP_START
301 1 1844793712 LICK
301 1 1844794244 REWARD_START
301 1 1844935504 LICK
301 1 1845138040 LICK
301 1 1845312272 LICK
301 1 1845669188 RESP_END
301 1 1844807324 REWARD_END
302 0 1847597772 STIM_START
302 0 1848597892 STIM_END_RESP_START
302 0 1849797912 RESP_END
303 0 1851857404 STIM_START
303 0 1852857524 STIM_END_RESP_START
303 0 1853701012 LICK
303 0 1853701548 TIMEOUT_START
303 0 1853938792 LICK
303 0 1853939324 TIMEOUT_START
303 0 1854057560 RESP_END
303 0 1860939884 TIMEOUT_END
304 1 1863042256 STIM_START
304 1 1864042408 STIM_END_RESP_START
304 1 1864894216 LICK
304 1 1864894756 REWARD_START
304 1 1865045516 LICK
304 1 1865226524 LICK
304 1 1865242440 RESP_END
304 1 1864907836 REWARD_END
305 0 1867759076 STIM_START
305 0 1868759208 STIM_END_RESP_START
305 0 1869440516 LICK
305 0 1869441052 TIMEOUT_START
305 0 1869635316 LICK
305 0 1869635856 TIMEOUT_START
305 0 1869812144 LICK
305 0 1869812676 TIMEOUT_START
305 0 1869959236 RESP_END
305 0 1876813236 TIMEOUT_END
306 0 1878990884 STIM_START
306 0 1879991000 STIM_END_RESP_START
306 0 1881191024 RESP_END
307 1 1883073572 STIM_START
307 1 1884073728 STIM_END_RESP_START
307 1 1884873860 LICK
307 1 1884874396 REWARD_START
307 1 1885042220 LICK
307 1 1885218744 LICK
307 1 1885273744 RESP_END
307 1 1884887472 REWARD_END
308 0 1887517308 STIM_START
308 0 1888517436 STIM_END_RESP_START
308 0 1889717452 RESP_END
309 1 1891516972 STIM_START
309 1 1892517096 STIM_END_RESP_START
309 1 1893717116 RESP_END
310 1 1895696652 STIM_START
310 1 1896696804 STIM_END_RESP_START
310 1 1897526720 LICK
310 1 1897527252 REWARD_START
310 1 1897700964 LICK
310 1 1897869516 LICK
310 1 1897896844 RESP_END
310 1 1897540332 REWARD_END
311 1 1900309428 STIM_START
311 1 1901168604 LICK
311 1 1901309548 STIM_END_RESP_START
311 1 1901390776 LICK
311 1 1901391316 REWARD_START
311 1 1901542436 LICK
311 1 1901725868 LICK
311 1 1901926808 LICK
311 1 1902509584 RESP_END
311 1 1901404396 REWARD_END
312 0 1904373124 STIM_START
312 0 1905373244 STIM_END_RESP_START
312 0 1905719356 LICK
312 0 1905719892 TIMEOUT_START
312 0 1905855140 LICK
312 0 1905855680 TIMEOUT_START
312 0 1906042612 LICK
312 0 1906043152 TIMEOUT_START
312 0 1906573272 RESP_END
312 0 1913043708 TIMEOUT_END
313 0 1915175876 STIM_START
313 0 1916175996 STIM_END_RESP_START
313 0 1917238452 LICK
313 0 1917238984 TIMEOUT_START
313 0 1917376024 RESP_END
313 0 1924239552 TIMEOUT_END
314 1 1926359708 STIM_START
314 1 1927359828 STIM_END_RESP_START
314 1 1928176948 LICK
314 1 1928177480 REWARD_START
314 1 1928336944 LICK
314 1 1928504252 LICK
314 1 1928559848 RESP_END
314 1 1928190560 REWARD_END
315 1 1930779440 STIM_START
315 1 1931779564 STIM_END_RESP_START
315 1 1932330352 LICK
315 1 1932330888 REWARD_START
315 1 1932529192 LICK
315 1 1932713984 LICK
315 1 1932887724 LICK
315 1 1932979604 RESP_END
315 1 1932343964 REWARD_END
316 0 1934954172 STIM_START
316 0 1935954292 STIM_END_RESP_START
316 0 1936616464 LICK
316 0 1936616996 TIMEOUT_START
316 0 1936794804 LICK
316 0 1936795336 TIMEOUT_START
316 0 1937154308 RESP_END
316 0 1943795904 TIMEOUT_END
317 1 1945796920 STIM_START
317 1 1946797076 STIM_END_RESP_START
317 1 1947190236 LICK
317 1 1947190780 REWARD_START
317 1 1947402436 LICK
317 1 1947556796 LICK
317 1 1947739912 LICK
317 1 1947997092 RESP_END
317 1 1947203856 REWARD_END
318 0 1949932624 STIM_START
318 0 1950932776 STIM_END_RESP_START
318 0 1951048468 LICK
318 0 1951049008 TIMEOUT_START
318 0 1951187292 LICK
318 0 1951187824 TIMEOUT_START
318 0 1951384772 LICK
318 0 1951385308 TIMEOUT_START
318 0 1952132820 RESP_END
318 0 1958385876 TIMEOUT_END
319 0 1960419336 STIM_START
319 0 1961419452 STIM_END_RESP_START
319 0 1962619472 RESP_END
320 1 1964505004 STIM_START
320 1 1965505128 STIM_END_RESP_START
320 1 1965905500 LICK
320 1 1965906044 REWARD_START
320 1 1966056388 LICK
320 1 1966220376 LICK
320 1 1966705160 RESP_END
320 1 1965919116 REWARD_END
321 1 1968664708 STIM_START
321 1 1969664860 STIM_END_RESP_START
321 1 1970015912 LICK
321 1 1970016452 REWARD_START
321 1 1970149276 LICK
321 1 1970337832 LICK
321 1 1970512560 LICK
321 1 1970680408 LICK
321 1 1970864896 RESP_END
321 1 1970029524 REWARD_END
322 0 1972650356 STIM_START
322 0 1973650476 STIM_END_RESP_START
322 0 1974201920 LICK
322 0 1974202460 TIMEOUT_START
322 0 1974332380 LICK
322 0 1974332920 TIMEOUT_START
322 0 1974850508 RESP_END
322 0 1981333484 TIMEOUT_END
323 0 1983171132 STIM_START
323 0 1984171256 STIM_END_RESP_START
323 0 1984822592 LICK
323 0 1984823124 TIMEOUT_START
323 0 1984984848 LICK
323 0 1984985384 TIMEOUT_START
323 0 1985160320 LICK
323 0 1985160852 TIMEOUT_START
323 0 1985371284 RESP_END
323 0 1992161412 TIMEOUT_END
324 1 1993964892 STIM_START
324 1 1994965052 STIM_END_RESP_START
324 1 1995429044 LICK
324 1 1995429580 REWARD_START
324 1 1995594668 LICK
324 1 1995761236 LICK
324 1 1995947324 LICK
324 1 1996165072 RESP_END
324 1 1995442660 REWARD_END
325 1 1998030544 STIM_START
325 1 1999030664 STIM_END_RESP_START
325 1 1999408252 LICK
325 1 1999408788 REWARD_START
325 1 1999614920 LICK
325 1 1999775204 LICK
325 1 1999926504 LICK
325 1 2000230696 RESP_END
325 1 1999421864 REWARD_END
326 1 2002038228 STIM_START
326 1 2002981660 LICK
326 1 2003038364 STIM_END_RESP_START
326 1 2003089152 LICK
326 1 2003089692 REWARD_START
326 1 2003305628 LICK
326 1 2003476932 LICK
326 1 2003674936 LICK
326 1 2004238404 RESP_END
326 1 2003102768 REWARD_END
327 0 2006305908 STIM_START
327 0 2007306064 STIM_END_RESP_START
327 0 2007602920 LICK
327 0 2007603460 TIMEOUT_START
327 0 2007723588 LICK
327 0 2007724128 TIMEOUT_START
327 0 2007915760 LICK
327 0 2007916296 TIMEOUT_START
327 0 2008506108 RESP_END
327 0 2014916860 TIMEOUT_END
328 1 2016933684 STIM_START
328 1 2017933804 STIM_END_RESP_START
328 1 2018810736 LICK
328 1 2018811276 REWARD_START
328 1 2018960592 LICK
328 1 2019133828 RESP_END
328 1 2018824356 REWARD_END
329 1 2021562472 STIM_START
329 1 2022562624 STIM_END_RESP_START
329 1 2023019284 LICK
329 1 2023019824 REWARD_START
329 1 2023186036 LICK
329 1 2023368440 LICK
329 1 2023555928 LICK
329 1 2023762640 RESP_END
329 1 2023032888 REWARD_END
330 1 2025738120 STIM_START
330 1 2026738240 STIM_END_RESP_START
330 1 2027195620 LICK
330 1 2027196156 REWARD_START
330 1 2027370484 LICK
330 1 2027577664 LICK
330 1 2027744312 LICK
330 1 2027938284 RESP_END
330 1 2027209236 REWARD_END
331 0 2029825792 STIM_START
331 0 2030825912 STIM_END_RESP_START
331 0 2032025932 RESP_END
332 1 2036236864 STIM_START
332 1 2037236984 STIM_END_RESP_START
332 1 2037761544 LICK
332 1 2037762084 REWARD_START
332 1 2037890492 LICK
332 1 2038087720 LICK
332 1 2038266292 LICK
332 1 2038437028 RESP_END
332 1 2037775156 REWARD_END
333 1 2040320528 STIM_START
333 1 2041246340 LICK
333 1 2041320668 STIM_END_RESP_START
333 1 2041427852 LICK
333 1 2041428396 REWARD_START
333 1 2041610712 LICK
333 1 2041797700 LICK
333 1 2041923784 LICK
333 1 2042113440 LICK
333 1 2042520700 RESP_END
333 1 2041441476 REWARD_END
334 0 2044403228 STIM_START
334 0 2044869000 LICK
334 0 2044977668 LICK
334 0 2045108896 LICK
334 0 2045290592 LICK
334 0 2045403372 STIM_END_RESP_START
334 0 2045742192 LICK
334 0 2045742728 TIMEOUT_START
334 0 2045919912 LICK
334 0 2045920456 TIMEOUT_START
334 0 2046603412 RESP_END
334 0 2052921012 TIMEOUT_END
335 0 2054989952 STIM_START
335 0 2055990064 STIM_END_RESP_START
335 0 2056679348 LICK
335 0 2056679888 TIMEOUT_START
335 0 2056908076 LICK
335 0 2056908608 TIMEOUT_START
335 0 2057190092 RESP_END
335 0 2063909168 TIMEOUT_END
336 0 2065893760 STIM_START
336 0 2066893920 STIM_END_RESP_START
336 0 2067434600 LICK
336 0 2067435132 TIMEOUT_START
336 0 2067610680 LICK
336 0 2067611212 TIMEOUT_START
336 0 2067801260 LICK
336 0 2067801792 TIMEOUT_START
336 0 2068093948 RESP_END
336 0 2074802352 TIMEOUT_END
337 1 2076833564 STIM_START
337 1 2077833724 STIM_END_RESP_START
337 1 2078471932 LICK
337 1 2078472472 REWARD_START
337 1 2078661768 LICK
337 1 2078871568 LICK
337 1 2079033748 RESP_END
337 1 2078485552 REWARD_END
338 1 2081034264 STIM_START
338 1 2082034416 STIM_END_RESP_START
338 1 2082271216 LICK
338 1 2082271756 REWARD_START
338 1 2082445488 LICK
338 1 2082641736 LICK
338 1 2082832320 LICK
338 1 2083234456 RESP_END
338 1 2082284836 REWARD_END
339 1 2085406972 STIM_START
339 1 2086006688 LICK
339 1 2086123056 LICK
339 1 2086407120 STIM_END_RESP_START
339 1 2086411372 LICK
339 1 2086411904 REWARD_START
339 1 2086633852 LICK
339 1 2086771776 LICK
339 1 2086971988 LICK
339 1 2087607156 RESP_END
339 1 2086424984 REWARD_END
340 0 2089695676 STIM_START
340 0 2090695796 STIM_END_RESP_START
340 0 2091895816 RESP_END
341 0 2095452628 STIM_START
341 0 2096452748 STIM_END_RESP_START
341 0 2097396972 LICK
341 0 2097397500 TIMEOUT_START
341 0 2097652776 RESP_END
341 0 2104398056 TIMEOUT_END
342 1 2106904532 STIM_START
342 1 2107904652 STIM_END_RESP_START
342 1 2108172816 LICK
342 1 2108173352 REWARD_START
342 1 2108345092 LICK
342 1 2108513496 LICK
342 1 2108685028 LICK
342 1 2109104692 RESP_END
342 1 2108186424 REWARD_END
343 0 2111057204 STIM_START
343 0 2112057364 STIM_END_RESP_START
343 0 2112143748 LICK
343 0 2112144276 TIMEOUT_START
343 0 2112355344 LICK
343 0 2112355872 TIMEOUT_START
343 0 2112788856 LICK
343 0 2112789388 TIMEOUT_START
343 0 2113257372 RESP_END
343 0 2119789956 TIMEOUT_END
344 0 2121970060 STIM_START
344 0 2122970180 STIM_END_RESP_START
344 0 2123315432 LICK
344 0 2123315964 TIMEOUT_START
344 0 2123525040 LICK
344 0 2123525580 TIMEOUT_START
344 0 2123693372 LICK
344 0 2123693904 TIMEOUT_START
344 0 2123908496 LICK
344 0 2123909028 TIMEOUT_START
344 0 2124170200 RESP_END
344 0 2130909592 TIMEOUT_END
345 0 2132905804 STIM_START
345 0 2133905960 STIM_END_RESP_START
345 0 2135105980 RESP_END
346 1 2137232544 STIM_START
346 1 2138232656 STIM_END_RESP_START
346 1 2139432676 RESP_END
347 0 2141393216 STIM_START
347 0 2142393376 STIM_END_RESP_START
347 0 2143593388 RESP_END
348 0 2145431884 STIM_START
348 0 2146432004 STIM_END_RESP_START
348 0 2146951224 LICK
348 0 2146951756 TIMEOUT_START
348 0 2147126416 LICK
348 0 2147126948 TIMEOUT_START
348 0 2147313716 LICK
348 0 2147314248 TIMEOUT_START
348 0 2147556320 LICK
348 0 2147556856 TIMEOUT_START
348 0 2147632044 RESP_END
348 0 2154557412 TIMEOUT_END
349 0 2156520708 STIM_START
349 0 2156995368 LICK
349 0 2157520860 STIM_END_RESP_START
349 0 2158720880 RESP_END
350 1 2160488372 STIM_START
350 1 2161488492 STIM_END_RESP_START
350 1 2162396392 LICK
350 1 2162396924 REWARD_START
350 1 2162652772 LICK
350 1 2162688528 RESP_END
350 1 2162410004 REWARD_END
351 1 2165095124 STIM_START
351 1 2166095252 STIM_END_RESP_START
351 1 2167295268 RESP_END
352 1 2169414840 STIM_START
352 1 2170414992 STIM_END_RESP_START
352 1 2171615012 RESP_END
353 0 2173688560 STIM_START
353 0 2174688680 STIM_END_RESP_START
353 0 2175888700 RESP_END
354 1 2177850252 STIM_START
354 1 2178850372 STIM_END_RESP_START
354 1 2180050392 RESP_END
355 1 2182091928 STIM_START
355 1 2183092084 STIM_END_RESP_START
355 1 2183872440 LICK
355 1 2183872980 REWARD_START
355 1 2184050752 LICK
355 1 2184242832 LICK
355 1 2184292104 RESP_END
355 1 2183886040 REWARD_END
356 1 2186473652 STIM_START
356 1 2187473808 STIM_END_RESP_START
356 1 2187681200 LICK
356 1 2187681732 REWARD_START
356 1 2187832908 LICK
356 1 2188015676 LICK
356 1 2188207244 LICK
356 1 2188673824 RESP_END
356 1 2187694808 REWARD_END
357 0 2190494316 STIM_START
357 0 2191494476 STIM_END_RESP_START
357 0 2192308748 LICK
357 0 2192309284 TIMEOUT_START
357 0 2192523208 LICK
357 0 2192523744 TIMEOUT_START
357 0 2192694520 RESP_END
357 0 2199524300 TIMEOUT_END
358 0 2201729220 STIM_START
358 0 2202729336 STIM_END_RESP_START
358 0 2203077104 LICK
358 0 2203077640 TIMEOUT_START
358 0 2203247388 LICK
358 0 2203247924 TIMEOUT_START
358 0 2203453036 LICK
358 0 2203453576 TIMEOUT_START
358 0 2203929380 RESP_END
358 0 2210454136 TIMEOUT_END
359 1 2212375948 STIM_START
359 1 2213376068 STIM_END_RESP_START
359 1 2214237112 LICK
359 1 2214237656 REWARD_START
359 1 2214385940 LICK
359 1 2214569240 LICK
359 1 2214576084 RESP_END
359 1 2214250716 REWARD_END
360 0 2216816668 STIM_START
360 0 2217816788 STIM_END_RESP_START
360 0 2217963904 LICK
360 0 2217964436 TIMEOUT_START
360 0 2218115908 LICK
360 0 2218116448 TIMEOUT_START
360 0 2218344380 LICK
360 0 2218344916 TIMEOUT_START
360 0 2218529628 LICK
360 0 2218530164 TIMEOUT_START
360 0 2218742808 LICK
360 0 2218743340 TIMEOUT_START
360 0 2219016804 RESP_END
360 0 2225743904 TIMEOUT_END
361 1 2227622448 STIM_START
361 1 2228622568 STIM_END_RESP_START
361 1 2229822588 RESP_END
362 0 2231842148 STIM_START
362 0 2232842268 STIM_END_RESP_START
362 0 2234042280 RESP_END
363 0 2236183888 STIM_START
363 0 2237184048 STIM_END_RESP_START
363 0 2237826108 LICK
363 0 2237826640 TIMEOUT_START
363 0 2237979548 LICK
363 0 2237980088 TIMEOUT_START
363 0 2238229356 LICK
363 0 2238229896 TIMEOUT_START
363 0 2238384084 RESP_END
363 0 2245230460 TIMEOUT_END
364 1 2247441760 STIM_START
364 1 2248441920 STIM_END_RESP_START
364 1 2248882424 LICK
364 1 2248882956 REWARD_START
364 1 2249110132 LICK
364 1 2249226276 LICK
364 1 2249433136 LICK
364 1 2249641932 RESP_END
364 1 2248896036 REWARD_END
365 1 2251863448 STIM_START
365 1 2252712748 LICK
365 1 2252863600 STIM_END_RESP_START
365 1 2252890880 LICK
365 1 2252891420 REWARD_START
365 1 2253055616 LICK
365 1 2253265968 LICK
365 1 2253397396 LICK
365 1 2254063644 RESP_END
365 1 2252904496 REWARD_END
366 0 2256142156 STIM_START
366 0 2257142276 STIM_END_RESP_START
366 0 2257408328 LICK
366 0 2257408856 TIMEOUT_START
366 0 2257540996 LICK
366 0 2257541536 TIMEOUT_START
366 0 2257711700 LICK
366 0 2257712240 TIMEOUT_START
366 0 2257926068 LICK
366 0 2257926604 TIMEOUT_START
366 0 2258342300 RESP_END
366 0 2264927152 TIMEOUT_END
367 1 2267148972 STIM_START
367 1 2268149092 STIM_END_RESP_START
367 1 2269349112 RESP_END
368 1 2271549696 STIM_START
368 1 2272549852 STIM_END_RESP_START
368 1 2273370220 LICK
368 1 2273370752 REWARD_START
368 1 2273514408 LICK
368 1 2273670388 LICK
368 1 2273749864 RESP_END
368 1 2273383828 REWARD_END
369 0 2276122452 STIM_START
369 0 2277122572 STIM_END_RESP_START
369 0 2277327040 LICK
369 0 2277327572 TIMEOUT_START
369 0 2277456512 LICK
369 0 2277457052 TIMEOUT_START
369 0 2277671912 LICK
369 0 2277672452 TIMEOUT_START
369 0 2278322584 RESP_END
369 0 2284673016 TIMEOUT_END
370 1 2286636196 STIM_START
370 1 2287636352 STIM_END_RESP_START
370 1 2287953928 LICK
370 1 2287954460 REWARD_START
370 1 2288114896 LICK
370 1 2288274124 LICK
370 1 2288477848 LICK
370 1 2288836380 RESP_END
370 1 2287967540 REWARD_END
371 1 2290718876 STIM_START
371 1 2291719028 STIM_END_RESP_START
371 1 2292221056 LICK
371 1 2292221592 REWARD_START
371 1 2292358416 LICK
371 1 2292525508 LICK
371 1 2292696344 LICK
371 1 2292919056 RESP_END
371 1 2292234672 REWARD_END
372 1 2294732536 STIM_START
372 1 2295732656 STIM_END_RESP_START
372 1 2296692500 LICK
372 1 2296693036 REWARD_START
372 1 2296916912 LICK
372 1 2296932680 RESP_END
372 1 2296706100 REWARD_END
373 0 2299687404 STIM_START
373 0 2300687532 STIM_END_RESP_START
373 0 2301887552 RESP_END
USER_EXIT