001 0 0003021484 STIM_START
001 0 0003851716 LICK
001 0 0004020808 STIM_END_RESP_START
001 0 0005220852 RESP_END
002 0 0007783380 STIM_START
002 0 0008782732 STIM_END_RESP_START
002 0 0009982768 RESP_END
003 0 0012620248 STIM_START
003 0 0013619580 STIM_END_RESP_START
003 0 0014819604 RESP_END
004 1 0017086364 STIM_START
004 1 0018085692 STIM_END_RESP_START
004 1 0018216596 LICK
004 1 0018217008 REWARD_START
004 1 0018450040 LICK
004 1 0018904636 LICK
004 1 0019066380 LICK
004 1 0019213764 LICK
004 1 0019285724 RESP_END
004 1 0018237456 REWARD_END
005 1 0026885956 STIM_START
005 1 0027885288 STIM_END_RESP_START
005 1 0028029096 LICK
005 1 0028029504 REWARD_START
005 1 0028240504 LICK
005 1 0028561536 LICK
005 1 0029034652 LICK
005 1 0029085324 RESP_END
005 1 0028049932 REWARD_END
006 0 0036193936 STIM_START
006 0 0036347236 LICK
006 0 0037193260 STIM_END_RESP_START
006 0 0037222244 LICK
006 0 0037222660 TIMEOUT_START
006 0 0037466968 LICK
006 0 0037467380 TIMEOUT_START
006 0 0038393276 RESP_END
006 0 0044467808 TIMEOUT_END
007 0 0046730108 STIM_START
007 0 0047549168 LICK
007 0 0047729452 STIM_END_RESP_START
007 0 0048235736 LICK
007 0 0048236140 TIMEOUT_START
007 0 0048929480 RESP_END
007 0 0055236564 TIMEOUT_END
008 0 0057640036 STIM_START
008 0 0058639368 STIM_END_RESP_START
008 0 0059519440 LICK
008 0 0059519848 TIMEOUT_START
008 0 0059839380 RESP_END
008 0 0066520280 TIMEOUT_END
009 1 0068846748 STIM_START
009 1 0069731508 LICK
009 1 0069846084 STIM_END_RESP_START
009 1 0069896820 LICK
009 1 0069897232 REWARD_START
009 1 0070300976 LICK
009 1 0070489328 LICK
009 1 0071045216 LICK
009 1 0071046100 RESP_END
009 1 0069917672 REWARD_END
010 0 0075252568 STIM_START
010 0 0076216724 LICK
010 0 0076251884 STIM_END_RESP_START
010 0 0077451912 RESP_END
011 0 0079735660 STIM_START
011 0 0080734992 STIM_END_RESP_START
011 0 0081935036 RESP_END
012 1 0085390992 STIM_START
012 1 0086390324 STIM_END_RESP_START
012 1 0087590348 RESP_END
013 1 0091131244 STIM_START
013 1 0092130576 STIM_END_RESP_START
013 1 0092880620 LICK
013 1 0092881032 REWARD_START
013 1 0093037912 LICK
013 1 0093330616 RESP_END
013 1 0092901464 REWARD_END
014 0 0098688372 STIM_START
014 0 0099687704 STIM_END_RESP_START
014 0 0100887736 RESP_END
015 0 0103200388 STIM_START
015 0 0104199732 STIM_END_RESP_START
015 0 0104960208 LICK
015 0 0104960652 TIMEOUT_START
015 0 0105399760 RESP_END
015 0 0111961132 TIMEOUT_END
016 1 0115135632 STIM_START
016 1 0116134948 STIM_END_RESP_START
016 1 0116189400 LICK
016 1 0116189852 REWARD_START
016 1 0117334980 RESP_END
016 1 0116210340 REWARD_END
017 0 0119759624 STIM_START
017 0 0120758940 STIM_END_RESP_START
017 0 0121958952 RESP_END
018 0 0124054860 STIM_START
018 0 0125054172 STIM_END_RESP_START
018 0 0126254184 RESP_END
019 1 0128401036 STIM_START
019 1 0129400348 STIM_END_RESP_START
019 1 0130600396 RESP_END
020 0 0134635944 STIM_START
020 0 0135635288 STIM_END_RESP_START
020 0 0136542952 LICK
020 0 0136543408 TIMEOUT_START
020 0 0136835312 RESP_END
020 0 0143543880 TIMEOUT_END
021 0 0145978596 STIM_START
021 0 0146977908 STIM_END_RESP_START
021 0 0148177956 RESP_END
022 1 0150495608 STIM_START
022 1 0151494920 STIM_END_RESP_START
022 1 0152694952 RESP_END
023 1 0155464452 STIM_START
023 1 0156463764 STIM_END_RESP_START
023 1 0156697024 LICK
023 1 0156697480 REWARD_START
023 1 0157663784 RESP_END
023 1 0156717968 REWARD_END
024 1 0160695956 STIM_START
024 1 0161408116 LICK
024 1 0161695272 STIM_END_RESP_START
024 1 0162863504 LICK
024 1 0162863960 REWARD_START
024 1 0162895292 RESP_END
024 1 0162884448 REWARD_END
025 0 0167122744 STIM_START
025 0 0168122060 STIM_END_RESP_START
025 0 0168382172 LICK
025 0 0168382632 TIMEOUT_START
025 0 0168880912 LICK
025 0 0168881368 TIMEOUT_START
025 0 0169090568 LICK
025 0 0169091016 TIMEOUT_START
025 0 0169243268 LICK
025 0 0169243724 TIMEOUT_START
025 0 0169322080 RESP_END
025 0 0176244188 TIMEOUT_END
026 0 0178397416 STIM_START
026 0 0179396732 STIM_END_RESP_START
026 0 0180596776 RESP_END
027 1 0183594040 STIM_START
027 1 0184593380 STIM_END_RESP_START
027 1 0185732876 LICK
027 1 0185733336 REWARD_START
027 1 0185793396 RESP_END
027 1 0185753824 REWARD_END
028 1 0191713720 STIM_START
028 1 0192713032 STIM_END_RESP_START
028 1 0193750952 LICK
028 1 0193751412 REWARD_START
028 1 0193913052 RESP_END
028 1 0193771904 REWARD_END
029 0 0197253104 STIM_START
029 0 0198155928 LICK
029 0 0198252436 STIM_END_RESP_START
029 0 0198345160 LICK
029 0 0198345612 TIMEOUT_START
029 0 0198881492 LICK
029 0 0198881944 TIMEOUT_START
029 0 0199040940 LICK
029 0 0199041396 TIMEOUT_START
029 0 0199205772 LICK
029 0 0199206228 TIMEOUT_START
029 0 0199452448 RESP_END
029 0 0206206704 TIMEOUT_END
030 1 0208784576 STIM_START
030 1 0209783888 STIM_END_RESP_START
030 1 0210916688 LICK
030 1 0210917140 REWARD_START
030 1 0210983932 RESP_END
030 1 0210937632 REWARD_END
031 1 0214782632 STIM_START
031 1 0215561852 LICK
031 1 0215781940 STIM_END_RESP_START
031 1 0216102640 LICK
031 1 0216103096 REWARD_START
031 1 0216557288 LICK
031 1 0216854820 LICK
031 1 0216981972 RESP_END
031 1 0216123588 REWARD_END
032 0 0219504548 STIM_START
032 0 0219649972 LICK
032 0 0220503864 STIM_END_RESP_START
032 0 0221237156 LICK
032 0 0221237612 TIMEOUT_START
032 0 0221415276 LICK
032 0 0221415736 TIMEOUT_START
032 0 0221598784 LICK
032 0 0221599236 TIMEOUT_START
032 0 0221703888 RESP_END
032 0 0228599700 TIMEOUT_END
033 1 0230752240 STIM_START
033 1 0231751552 STIM_END_RESP_START
033 1 0232951568 RESP_END
034 0 0235070364 STIM_START
034 0 0236069680 STIM_END_RESP_START
034 0 0237269708 RESP_END
035 0 0240835632 STIM_START
035 0 0241834936 STIM_END_RESP_START
035 0 0243034984 RESP_END
036 0 0245383652 STIM_START
036 0 0246382964 STIM_END_RESP_START
036 0 0247253512 LICK
036 0 0247253968 TIMEOUT_START
036 0 0247436304 LICK
036 0 0247436756 TIMEOUT_START
036 0 0247582996 RESP_END
036 0 0254437232 TIMEOUT_END
037 1 0256532344 STIM_START
037 1 0257531656 STIM_END_RESP_START
037 1 0258731704 RESP_END
038 0 0261274236 STIM_START
038 0 0262273548 STIM_END_RESP_START
038 0 0263087832 LICK
038 0 0263088288 TIMEOUT_START
038 0 0263315008 LICK
038 0 0263315464 TIMEOUT_START
038 0 0263473564 RESP_END
038 0 0270315940 TIMEOUT_END
039 1 0272454920 STIM_START
039 1 0273454232 STIM_END_RESP_START
039 1 0274654280 RESP_END
040 0 0279638248 STIM_START
040 0 0280637560 STIM_END_RESP_START
040 0 0280859548 LICK
040 0 0280860008 TIMEOUT_START
040 0 0281039236 LICK
040 0 0281039688 TIMEOUT_START
040 0 0281413996 LICK
040 0 0281414448 TIMEOUT_START
040 0 0281616924 LICK
040 0 0281617376 TIMEOUT_START
040 0 0281837600 RESP_END
040 0 0288617840 TIMEOUT_END
041 0 0290758004 STIM_START
041 0 0291757328 STIM_END_RESP_START
041 0 0292957340 RESP_END
042 1 0295124072 STIM_START
042 1 0295626792 LICK
042 1 0296123416 STIM_END_RESP_START
042 1 0297323456 RESP_END
043 0 0299599148 STIM_START
043 0 0300598460 STIM_END_RESP_START
043 0 0301798476 RESP_END
044 1 0305246592 STIM_START
044 1 0306245904 STIM_END_RESP_START
044 1 0306861544 LICK
044 1 0306862000 REWARD_START
044 1 0307065540 LICK
044 1 0307445932 RESP_END
044 1 0306882492 REWARD_END
045 0 0311016724 STIM_START
045 0 0311170244 LICK
045 0 0312016048 STIM_END_RESP_START
045 0 0312220192 LICK
045 0 0312220644 TIMEOUT_START
045 0 0312619468 LICK
045 0 0312619920 TIMEOUT_START
045 0 0313010064 LICK
045 0 0313010524 TIMEOUT_START
045 0 0313216068 RESP_END
045 0 0320011000 TIMEOUT_END
046 1 0322200352 STIM_START
046 1 0323199672 STIM_END_RESP_START
046 1 0324399688 RESP_END
047 0 0326612432 STIM_START
047 0 0327611744 STIM_END_RESP_START
047 0 0328811764 RESP_END
048 0 0331318376 STIM_START
048 0 0332317724 STIM_END_RESP_START
048 0 0333517764 RESP_END
049 0 0335765444 STIM_START
049 0 0336764756 STIM_END_RESP_START
049 0 0337964768 RESP_END
050 1 0340181572 STIM_START
050 1 0341180884 STIM_END_RESP_START
050 1 0342380928 RESP_END
051 1 0346445444 STIM_START
051 1 0347444752 STIM_END_RESP_START
051 1 0348644768 RESP_END
052 1 0352074768 STIM_START
052 1 0353074076 STIM_END_RESP_START
052 1 0353273868 LICK
052 1 0353274324 REWARD_START
052 1 0353503808 LICK
052 1 0353713936 LICK
052 1 0354105084 LICK
052 1 0354274096 RESP_END
052 1 0353294816 REWARD_END
053 0 0357903952 STIM_START
053 0 0358903276 STIM_END_RESP_START
053 0 0360103288 RESP_END
054 0 0362654816 STIM_START
054 0 0363654120 STIM_END_RESP_START
054 0 0364854136 RESP_END
055 1 0367057908 STIM_START
055 1 0368057220 STIM_END_RESP_START
055 1 0368573780 LICK
055 1 0368574232 REWARD_START
055 1 0368795720 LICK
055 1 0369257256 RESP_END
055 1 0368594724 REWARD_END
056 0 0372123572 STIM_START
056 0 0373122884 STIM_END_RESP_START
056 0 0374322896 RESP_END
057 0 0376792556 STIM_START
057 0 0377791872 STIM_END_RESP_START
057 0 0378991884 RESP_END
058 0 0382970536 STIM_START
058 0 0383969848 STIM_END_RESP_START
058 0 0384101864 LICK
058 0 0384102316 TIMEOUT_START
058 0 0384274544 LICK
058 0 0384274996 TIMEOUT_START
058 0 0384888664 LICK
058 0 0384889120 TIMEOUT_START
058 0 0385047308 LICK
058 0 0385047764 TIMEOUT_START
058 0 0385169872 RESP_END
058 0 0392048236 TIMEOUT_END
059 1 0394326100 STIM_START
059 1 0395325404 STIM_END_RESP_START
059 1 0396033648 LICK
059 1 0396034104 REWARD_START
059 1 0396525428 RESP_END
059 1 0396054580 REWARD_END
060 0 0400469000 STIM_START
060 0 0401261436 LICK
060 0 0401468312 STIM_END_RESP_START
060 0 0402668360 RESP_END
061 1 0404892112 STIM_START
061 1 0405891424 STIM_END_RESP_START
061 1 0406894976 LICK
061 1 0406895432 REWARD_START
061 1 0407082344 LICK
061 1 0407091436 RESP_END
061 1 0406915924 REWARD_END
062 1 0411427796 STIM_START
062 1 0412427124 STIM_END_RESP_START
062 1 0413627136 RESP_END
063 1 0415787916 STIM_START
063 1 0416787232 STIM_END_RESP_START
063 1 0417407144 LICK
063 1 0417407600 REWARD_START
063 1 0417595496 LICK
063 1 0417987256 RESP_END
063 1 0417428092 REWARD_END
064 0 0421018484 STIM_START
064 0 0421074164 LICK
064 0 0421344652 LICK
064 0 0422017796 STIM_END_RESP_START
064 0 0423217808 RESP_END
065 0 0425436568 STIM_START
065 0 0426435880 STIM_END_RESP_START
065 0 0426553444 LICK
065 0 0426553896 TIMEOUT_START
065 0 0426768532 LICK
065 0 0426768984 TIMEOUT_START
065 0 0427635900 RESP_END
065 0 0433769456 TIMEOUT_END
066 1 0435947716 STIM_START
066 1 0436947028 STIM_END_RESP_START
066 1 0436999920 LICK
066 1 0437000380 REWARD_START
066 1 0437469016 LICK
066 1 0438060792 LICK
066 1 0438147068 RESP_END
066 1 0437020868 REWARD_END
067 0 0441473040 STIM_START
067 0 0442472348 STIM_END_RESP_START
067 0 0443672392 RESP_END
068 0 0446120996 STIM_START
068 0 0447120300 STIM_END_RESP_START
068 0 0447207652 LICK
068 0 0447208104 TIMEOUT_START
068 0 0447766848 LICK
068 0 0447767300 TIMEOUT_START
068 0 0448320332 RESP_END
068 0 0454767768 TIMEOUT_END
069 0 0457205696 STIM_START
069 0 0458205020 STIM_END_RESP_START
069 0 0459288844 LICK
069 0 0459289296 TIMEOUT_START
069 0 0459405056 RESP_END
069 0 0466289780 TIMEOUT_END
070 1 0468524256 STIM_START
070 1 0469523556 STIM_END_RESP_START
070 1 0469525868 LICK
070 1 0469526320 REWARD_START
070 1 0470282484 LICK
070 1 0470448796 LICK
070 1 0470581932 LICK
070 1 0470723572 RESP_END
070 1 0469546812 REWARD_END
071 0 0473633892 STIM_START
071 0 0474633208 STIM_END_RESP_START
071 0 0475833220 RESP_END
072 0 0478203948 STIM_START
072 0 0479203256 STIM_END_RESP_START
072 0 0479608532 LICK
072 0 0479608992 TIMEOUT_START
072 0 0480006592 LICK
072 0 0480007044 TIMEOUT_START
072 0 0480403272 RESP_END
072 0 0487007520 TIMEOUT_END
073 1 0489102728 STIM_START
073 1 0490102040 STIM_END_RESP_START
073 1 0490159780 LICK
073 1 0490160240 REWARD_START
073 1 0490872012 LICK
073 1 0491025732 LICK
073 1 0491141336 LICK
073 1 0491302068 RESP_END
073 1 0490180732 REWARD_END
074 0 0493951524 STIM_START
074 0 0494950860 STIM_END_RESP_START
074 0 0495045588 LICK
074 0 0495046048 TIMEOUT_START
074 0 0495188316 LICK
074 0 0495188772 TIMEOUT_START
074 0 0495378252 LICK
074 0 0495378712 TIMEOUT_START
074 0 0496150888 RESP_END
074 0 0502379176 TIMEOUT_END
075 0 0504552560 STIM_START
075 0 0505551868 STIM_END_RESP_START
075 0 0505964660 LICK
075 0 0505965112 TIMEOUT_START
075 0 0506751908 RESP_END
075 0 0512965584 TIMEOUT_END
076 0 0515254520 STIM_START
076 0 0516253832 STIM_END_RESP_START
076 0 0517453880 RESP_END
077 1 0519711560 STIM_START
077 1 0520710872 STIM_END_RESP_START
077 1 0521358724 LICK
077 1 0521359176 REWARD_START
077 1 0521910916 RESP_END
077 1 0521379668 REWARD_END
078 0 0525713620 STIM_START
078 0 0526712932 STIM_END_RESP_START
078 0 0527318828 LICK
078 0 0527319288 TIMEOUT_START
078 0 0527912980 RESP_END
078 0 0534319752 TIMEOUT_END
079 1 0536896268 STIM_START
079 1 0537895580 STIM_END_RESP_START
079 1 0539095604 RESP_END
080 1 0542322704 STIM_START
080 1 0543322008 STIM_END_RESP_START
080 1 0543819536 LICK
080 1 0543819996 REWARD_START
080 1 0544522040 RESP_END
080 1 0543840492 REWARD_END
081 1 0547599252 STIM_START
081 1 0548598568 STIM_END_RESP_START
081 1 0549798580 RESP_END
082 0 0552333080 STIM_START
082 0 0553332396 STIM_END_RESP_START
082 0 0554532412 RESP_END
083 1 0557016008 STIM_START
083 1 0557917980 LICK
083 1 0558015340 STIM_END_RESP_START
083 1 0558740384 LICK
083 1 0558740844 REWARD_START
083 1 0558945152 LICK
083 1 0559215372 RESP_END
083 1 0558761332 REWARD_END
084 0 0562222572 STIM_START
084 0 0563221888 STIM_END_RESP_START
084 0 0564421932 RESP_END
085 0 0568260604 STIM_START
085 0 0569259920 STIM_END_RESP_START
085 0 0570459932 RESP_END
086 1 0572628724 STIM_START
086 1 0573628036 STIM_END_RESP_START
086 1 0574506612 LICK
086 1 0574507072 REWARD_START
086 1 0574687348 LICK
086 1 0574828052 RESP_END
086 1 0574527560 REWARD_END
087 1 0578226064 STIM_START
087 1 0579225376 STIM_END_RESP_START
087 1 0579266736 LICK
087 1 0579267188 REWARD_START
087 1 0579438472 LICK
087 1 0579737620 LICK
087 1 0579839384 LICK
087 1 0580151588 LICK
087 1 0580316864 LICK
087 1 0580425396 RESP_END
087 1 0579287680 REWARD_END
088 0 0583249720 STIM_START
088 0 0584249036 STIM_END_RESP_START
088 0 0584622412 LICK
088 0 0584622864 TIMEOUT_START
088 0 0585449052 RESP_END
088 0 0591623344 TIMEOUT_END
089 0 0594158552 STIM_START
089 0 0595157868 STIM_END_RESP_START
089 0 0596357880 RESP_END
090 0 0598878436 STIM_START
090 0 0599877748 STIM_END_RESP_START
090 0 0601077800 RESP_END
091 1 0604804564 STIM_START
091 1 0605803876 STIM_END_RESP_START
091 1 0607003892 RESP_END
092 0 0610565744 STIM_START
092 0 0611565056 STIM_END_RESP_START
092 0 0612765072 RESP_END
093 1 0615262624 STIM_START
093 1 0616261936 STIM_END_RESP_START
093 1 0616453096 LICK
093 1 0616453556 REWARD_START
093 1 0617142520 LICK
093 1 0617288700 LICK
093 1 0617406628 LICK
093 1 0617461980 RESP_END
093 1 0616474044 REWARD_END
094 0 0620355272 STIM_START
094 0 0621354592 STIM_END_RESP_START
094 0 0622554608 RESP_END
095 0 0625068152 STIM_START
095 0 0625857964 LICK
095 0 0625941028 LICK
095 0 0626067464 STIM_END_RESP_START
095 0 0626117432 LICK
095 0 0626117892 TIMEOUT_START
095 0 0626537932 LICK
095 0 0626538384 TIMEOUT_START
095 0 0626926524 LICK
095 0 0626926984 TIMEOUT_START
095 0 0627267472 RESP_END
095 0 0633927460 TIMEOUT_END
096 1 0636316764 STIM_START
096 1 0637316072 STIM_END_RESP_START
096 1 0638516088 RESP_END
097 1 0640732828 STIM_START
097 1 0641732140 STIM_END_RESP_START
097 1 0641846772 LICK
097 1 0641847224 REWARD_START
097 1 0642034752 LICK
097 1 0642932156 RESP_END
097 1 0641867712 REWARD_END
098 1 0646307128 STIM_START
098 1 0647306444 STIM_END_RESP_START
098 1 0647961664 LICK
098 1 0647962116 REWARD_START
098 1 0648111468 LICK
098 1 0648414916 LICK
098 1 0648506484 RESP_END
098 1 0647982608 REWARD_END
099 0 0651273856 STIM_START
099 0 0652072548 LICK
099 0 0652273168 STIM_END_RESP_START
099 0 0653473200 RESP_END
100 1 0655719956 STIM_START
100 1 0656719268 STIM_END_RESP_START
100 1 0657528212 LICK
100 1 0657528664 REWARD_START
100 1 0657919304 RESP_END
100 1 0657549152 REWARD_END
101 0 0661463156 STIM_START
101 0 0662462476 STIM_END_RESP_START
101 0 0663662484 RESP_END
102 0 0665994196 STIM_START
102 0 0666040368 LICK
102 0 0666993496 STIM_END_RESP_START
102 0 0668193512 RESP_END
103 1 0670371276 STIM_START
103 1 0671370592 STIM_END_RESP_START
103 1 0671969580 LICK
103 1 0671970032 REWARD_START
103 1 0672570616 RESP_END
103 1 0671990524 REWARD_END
104 0 0676120496 STIM_START
104 0 0677119808 STIM_END_RESP_START
104 0 0678319824 RESP_END
105 1 0680850396 STIM_START
105 1 0681849708 STIM_END_RESP_START
105 1 0683049756 RESP_END
106 1 0686102920 STIM_START
106 1 0687102232 STIM_END_RESP_START
106 1 0687279804 LICK
106 1 0687280264 REWARD_START
106 1 0687530068 LICK
106 1 0687719764 LICK
106 1 0688302264 RESP_END
106 1 0687300740 REWARD_END
107 0 0691351444 STIM_START
107 0 0692350756 STIM_END_RESP_START
107 0 0693550804 RESP_END
108 1 0695672624 STIM_START
108 1 0696671940 STIM_END_RESP_START
108 1 0697871952 RESP_END
109 1 0700268608 STIM_START
109 1 0701267916 STIM_END_RESP_START
109 1 0702351872 LICK
109 1 0702352328 REWARD_START
109 1 0702467956 RESP_END
109 1 0702372820 REWARD_END
110 1 0705944836 STIM_START
110 1 0706944148 STIM_END_RESP_START
110 1 0708144164 RESP_END
111 0 0710627740 STIM_START
111 0 0711627056 STIM_END_RESP_START
111 0 0711992316 LICK
111 0 0711992776 TIMEOUT_START
111 0 0712650232 LICK
111 0 0712650688 TIMEOUT_START
111 0 0712827104 RESP_END
111 0 0719651164 TIMEOUT_END
112 0 0722034192 STIM_START
112 0 0723033516 STIM_END_RESP_START
112 0 0723190736 LICK
112 0 0723191196 TIMEOUT_START
112 0 0723369960 LICK
112 0 0723370420 TIMEOUT_START
112 0 0724233552 RESP_END
112 0 0730370896 TIMEOUT_END
113 1 0732651184 STIM_START
113 1 0733650500 STIM_END_RESP_START
113 1 0734850516 RESP_END
114 0 0737036296 STIM_START
114 0 0738035604 STIM_END_RESP_START
114 0 0739235616 RESP_END
115 1 0741359468 STIM_START
115 1 0742358784 STIM_END_RESP_START
115 1 0743482012 LICK
115 1 0743482472 REWARD_START
115 1 0743558800 RESP_END
115 1 0743502964 REWARD_END
116 1 0746843812 STIM_START
116 1 0747843128 STIM_END_RESP_START
116 1 0749043140 RESP_END
117 1 0752579000 STIM_START
117 1 0753578316 STIM_END_RESP_START
117 1 0754778332 RESP_END
118 0 0756992116 STIM_START
118 0 0757991420 STIM_END_RESP_START
118 0 0759191436 RESP_END
119 0 0761695004 STIM_START
119 0 0762694320 STIM_END_RESP_START
119 0 0763894336 RESP_END
120 0 0766493860 STIM_START
120 0 0767493176 STIM_END_RESP_START
120 0 0768693224 RESP_END
121 1 0771143784 STIM_START
121 1 0772143092 STIM_END_RESP_START
121 1 0773343108 RESP_END
122 0 0775727784 STIM_START
122 0 0776727100 STIM_END_RESP_START
122 0 0777927112 RESP_END
123 0 0780480604 STIM_START
123 0 0781479912 STIM_END_RESP_START
123 0 0782679928 RESP_END
124 0 0784908688 STIM_START
124 0 0785908000 STIM_END_RESP_START
124 0 0787108016 RESP_END
125 1 0789644588 STIM_START
125 1 0790643900 STIM_END_RESP_START
125 1 0791843916 RESP_END
126 0 0794017668 STIM_START
126 0 0795016984 STIM_END_RESP_START
126 0 0796216996 RESP_END
127 1 0798605656 STIM_START
127 1 0799604968 STIM_END_RESP_START
127 1 0800805004 RESP_END
128 1 0804241932 STIM_START
128 1 0805241244 STIM_END_RESP_START
128 1 0805459940 LICK
128 1 0805460400 REWARD_START
128 1 0805906736 LICK
128 1 0806441272 RESP_END
128 1 0805480892 REWARD_END
129 0 0809256604 STIM_START
129 0 0810255920 STIM_END_RESP_START
129 0 0811455936 RESP_END
130 1 0813844612 STIM_START
130 1 0814843928 STIM_END_RESP_START
130 1 0816043972 RESP_END
131 1 0818309628 STIM_START
131 1 0819308944 STIM_END_RESP_START
131 1 0820508988 RESP_END
132 1 0823010528 STIM_START
132 1 0824009840 STIM_END_RESP_START
132 1 0824458952 LICK
132 1 0824459412 REWARD_START
132 1 0824651244 LICK
132 1 0825108204 LICK
132 1 0825209884 RESP_END
132 1 0824479904 REWARD_END
133 0 0828988560 STIM_START
133 0 0829987872 STIM_END_RESP_START
133 0 0831187916 RESP_END
134 0 0851946424 STIM_START
134 0 0852093788 LICK
134 0 0852945760 STIM_END_RESP_START
134 0 0853834444 LICK
134 0 0853834904 TIMEOUT_START
134 0 0854145800 RESP_END
134 0 0860835372 TIMEOUT_END
135 1 0862911140 STIM_START
135 1 0863910468 STIM_END_RESP_START
135 1 0863937812 LICK
135 1 0863938268 REWARD_START
135 1 0864339464 LICK
135 1 0864598408 LICK
135 1 0864765964 LICK
135 1 0865110488 RESP_END
135 1 0863958760 REWARD_END
136 1 0867813856 STIM_START
136 1 0868813168 STIM_END_RESP_START
136 1 0868940204 LICK
136 1 0868940656 REWARD_START
136 1 0869091812 LICK
136 1 0869408020 LICK
136 1 0869884304 LICK
136 1 0870013216 RESP_END
136 1 0868961148 REWARD_END
137 0 0874668372 STIM_START
137 0 0875667684 STIM_END_RESP_START
137 0 0876867700 RESP_END
138 0 0880580460 STIM_START
138 0 0881579772 STIM_END_RESP_START
138 0 0882620172 LICK
138 0 0882620632 TIMEOUT_START
138 0 0882779788 RESP_END
138 0 0889621108 TIMEOUT_END
139 1 0891863944 STIM_START
139 1 0892863256 STIM_END_RESP_START
139 1 0894063300 RESP_END
140 0 0896592860 STIM_START
140 0 0897592172 STIM_END_RESP_START
140 0 0898792188 RESP_END
141 1 0900998940 STIM_START
141 1 0901998252 STIM_END_RESP_START
141 1 0903198268 RESP_END
142 1 0905675892 STIM_START
142 1 0906675208 STIM_END_RESP_START
142 1 0907875220 RESP_END
143 0 0910581580 STIM_START
143 0 0911580908 STIM_END_RESP_START
143 0 0912585228 LICK
143 0 0912585684 TIMEOUT_START
143 0 0912780952 RESP_END
143 0 0919586164 TIMEOUT_END
144 0 0921924108 STIM_START
144 0 0922923420 STIM_END_RESP_START
144 0 0924123436 RESP_END
145 0 0926506044 STIM_START
145 0 0927505352 STIM_END_RESP_START
145 0 0928705368 RESP_END
146 1 0931175000 STIM_START
146 1 0932174312 STIM_END_RESP_START
146 1 0932733096 LICK
146 1 0932733552 REWARD_START
146 1 0933374344 RESP_END
146 1 0932754048 REWARD_END
147 0 0937430848 STIM_START
147 0 0938430164 STIM_END_RESP_START
147 0 0938622304 LICK
147 0 0938622760 TIMEOUT_START
147 0 0939011140 LICK
147 0 0939011592 TIMEOUT_START
147 0 0939630192 RESP_END
147 0 0946012072 TIMEOUT_END
148 0 0948398600 STIM_START
148 0 0949397924 STIM_END_RESP_START
148 0 0950597940 RESP_END
149 0 0953023540 STIM_START
149 0 0954022848 STIM_END_RESP_START
149 0 0955116004 LICK
149 0 0955116456 TIMEOUT_START
149 0 0955222876 RESP_END
149 0 0962116940 TIMEOUT_END
150 1 0964298108 STIM_START
150 1 0965297424 STIM_END_RESP_START
150 1 0966497436 RESP_END
151 1 0968668180 STIM_START
151 1 0969667488 STIM_END_RESP_START
151 1 0970867504 RESP_END
152 1 0973872792 STIM_START
152 1 0974872104 STIM_END_RESP_START
152 1 0976072120 RESP_END
153 0 0978266824 STIM_START
153 0 0979266140 STIM_END_RESP_START
153 0 0979682156 LICK
153 0 0979682616 TIMEOUT_START
153 0 0979811280 LICK
153 0 0979811740 TIMEOUT_START
153 0 0980466180 RESP_END
153 0 0986812204 TIMEOUT_END
154 1 0989284536 STIM_START
154 1 0990283852 STIM_END_RESP_START
154 1 0991369160 LICK
154 1 0991369620 REWARD_START
154 1 0991483884 RESP_END
154 1 0991390096 REWARD_END
155 1 0995913156 STIM_START
155 1 0996912472 STIM_END_RESP_START
155 1 0998112488 RESP_END
156 1 1000559116 STIM_START
156 1 1001558424 STIM_END_RESP_START
156 1 1002758468 RESP_END
157 0 1005465824 STIM_START
157 0 1006465152 STIM_END_RESP_START
157 0 1007665184 RESP_END
158 1 1010216732 STIM_START
158 1 1011216060 STIM_END_RESP_START
158 1 1011530800 LICK
158 1 1011531300 REWARD_START
158 1 1011743448 LICK
158 1 1012298592 LICK
158 1 1012416080 RESP_END
158 1 1011551836 REWARD_END
159 0 1015745068 STIM_START
159 0 1016744372 STIM_END_RESP_START
159 0 1016943180 LICK
159 0 1016943688 TIMEOUT_START
159 0 1017312848 LICK
159 0 1017313352 TIMEOUT_START
159 0 1017944408 RESP_END
159 0 1024313864 TIMEOUT_END
160 1 1028333732 STIM_START
160 1 1029333060 STIM_END_RESP_START
160 1 1030416616 LICK
160 1 1030417116 REWARD_START
160 1 1030533080 RESP_END
160 1 1030437648 REWARD_END
161 1 1035300104 STIM_START
161 1 1036299432 STIM_END_RESP_START
161 1 1036364876 LICK
161 1 1036365372 REWARD_START
161 1 1036566868 LICK
161 1 1036824168 LICK
161 1 1037001368 LICK
161 1 1037124800 LICK
161 1 1037277928 LICK
161 1 1037456256 LICK
161 1 1037499456 RESP_END
161 1 1036385908 REWARD_END
162 0 1040866392 STIM_START
162 0 1041865720 STIM_END_RESP_START
162 0 1043065752 RESP_END
163 1 1045360436 STIM_START
163 1 1046359768 STIM_END_RESP_START
163 1 1047474844 LICK
163 1 1047475348 REWARD_START
163 1 1047559788 RESP_END
163 1 1047495884 REWARD_END
164 0 1052202916 STIM_START
164 0 1053202244 STIM_END_RESP_START
164 0 1053639152 LICK
164 0 1053639648 TIMEOUT_START
164 0 1054402260 RESP_END
164 0 1060640164 TIMEOUT_END
165 1 1062952780 STIM_START
165 1 1063952108 STIM_END_RESP_START
165 1 1065152140 RESP_END
166 1 1068444172 STIM_START
166 1 1069443500 STIM_END_RESP_START
166 1 1070643532 RESP_END
167 0 1074763948 STIM_START
167 0 1075763280 STIM_END_RESP_START
167 0 1076354192 LICK
167 0 1076354688 TIMEOUT_START
167 0 1076530668 LICK
167 0 1076531164 TIMEOUT_START
167 0 1076723852 LICK
167 0 1076724352 TIMEOUT_START
167 0 1076911476 LICK
167 0 1076911972 TIMEOUT_START
167 0 1076963304 RESP_END
167 0 1083912500 TIMEOUT_END
168 0 1086324352 STIM_START
168 0 1087323680 STIM_END_RESP_START
168 0 1088523712 RESP_END
169 0 1090724388 STIM_START
169 0 1091723716 STIM_END_RESP_START
169 0 1092923736 RESP_END
170 1 1095882976 STIM_START
170 1 1096850800 LICK
170 1 1096882304 STIM_END_RESP_START
170 1 1098082352 RESP_END
171 0 1100931624 STIM_START
171 0 1101930952 STIM_END_RESP_START
171 0 1103130984 RESP_END
172 0 1105693496 STIM_START
172 0 1106692824 STIM_END_RESP_START
172 0 1107892856 RESP_END
173 1 1110353412 STIM_START
173 1 1111352744 STIM_END_RESP_START
173 1 1112552776 RESP_END
174 1 1115122244 STIM_START
174 1 1116121576 STIM_END_RESP_START
174 1 1117321608 RESP_END
175 0 1119585292 STIM_START
175 0 1120584616 STIM_END_RESP_START
175 0 1121784648 RESP_END
176 1 1124155276 STIM_START
176 1 1125154604 STIM_END_RESP_START
176 1 1126354636 RESP_END
177 0 1128847152 STIM_START
177 0 1129355064 LICK
177 0 1129846460 STIM_END_RESP_START
177 0 1130873312 LICK
177 0 1130873808 TIMEOUT_START
177 0 1131046480 RESP_END
177 0 1137874340 TIMEOUT_END
178 1 1140179676 STIM_START
178 1 1141179004 STIM_END_RESP_START
178 1 1142379036 RESP_END
179 0 1145715996 STIM_START
179 0 1146715324 STIM_END_RESP_START
179 0 1147113856 LICK
179 0 1147114352 TIMEOUT_START
179 0 1147495984 LICK
179 0 1147496488 TIMEOUT_START
179 0 1147695624 LICK
179 0 1147696120 TIMEOUT_START
179 0 1147915360 RESP_END
179 0 1154696644 TIMEOUT_END
180 1 1157236464 STIM_START
180 1 1158235792 STIM_END_RESP_START
180 1 1159435828 RESP_END
181 1 1162013208 STIM_START
181 1 1163012536 STIM_END_RESP_START
181 1 1164212568 RESP_END
182 1 1166706076 STIM_START
182 1 1167705408 STIM_END_RESP_START
182 1 1168905440 RESP_END
183 0 1171269080 STIM_START
183 0 1172268408 STIM_END_RESP_START
183 0 1173468440 RESP_END
184 1 1175886020 STIM_START
184 1 1176885340 STIM_END_RESP_START
184 1 1177665840 LICK
184 1 1177666340 REWARD_START
184 1 1178085384 RESP_END
184 1 1177686872 REWARD_END
185 0 1181761100 STIM_START
185 0 1182760428 STIM_END_RESP_START
185 0 1183960460 RESP_END
186 1 1186491952 STIM_START
186 1 1187491280 STIM_END_RESP_START
186 1 1188691312 RESP_END
187 1 1191984344 STIM_START
187 1 1192983672 STIM_END_RESP_START
187 1 1194183704 RESP_END
188 0 1196641240 STIM_START
188 0 1197640572 STIM_END_RESP_START
188 0 1198840604 RESP_END
189 0 1201104300 STIM_START
189 0 1202103628 STIM_END_RESP_START
189 0 1203303660 RESP_END
190 0 1205665272 STIM_START
190 0 1206664604 STIM_END_RESP_START
190 0 1207864636 RESP_END
191 1 1209984436 STIM_START
191 1 1210983740 STIM_END_RESP_START
191 1 1211921044 LICK
191 1 1211921548 REWARD_START
191 1 1212183784 RESP_END
191 1 1211942084 REWARD_END
192 0 1214458452 STIM_START
192 0 1215457784 STIM_END_RESP_START
192 0 1216657820 RESP_END
193 0 1218844548 STIM_START
193 0 1219843880 STIM_END_RESP_START
193 0 1221043908 RESP_END
194 1 1223253608 STIM_START
194 1 1224252936 STIM_END_RESP_START
194 1 1225452968 RESP_END
195 0 1227810592 STIM_START
195 0 1228809924 STIM_END_RESP_START
195 0 1230009952 RESP_END
196 0 1232255664 STIM_START
196 0 1233254992 STIM_END_RESP_START
196 0 1234455024 RESP_END
197 1 1236788668 STIM_START
197 1 1237787996 STIM_END_RESP_START
197 1 1238988032 RESP_END
198 1 1241366620 STIM_START
198 1 1242365944 STIM_END_RESP_START
198 1 1243565976 RESP_END
199 1 1245708772 STIM_START
199 1 1246708100 STIM_END_RESP_START
199 1 1247908136 RESP_END
200 0 1250196796 STIM_START
200 0 1251196128 STIM_END_RESP_START
200 0 1252396164 RESP_END
201 1 1254671868 STIM_START
201 1 1255671196 STIM_END_RESP_START
201 1 1256871228 RESP_END
202 0 1266315120 STIM_START
202 0 1267314432 STIM_END_RESP_START
202 0 1268514464 RESP_END
203 0 1272902736 STIM_START
203 0 1273902060 STIM_END_RESP_START
203 0 1275102092 RESP_END
204 1 1277280840 STIM_START
204 1 1278280172 STIM_END_RESP_START
204 1 1279008816 LICK
204 1 1279009316 REWARD_START
204 1 1279480184 RESP_END
204 1 1279029852 REWARD_END
205 0 1283775548 STIM_START
205 0 1284774872 STIM_END_RESP_START
205 0 1285974900 RESP_END
206 1 1288437476 STIM_START
206 1 1289436808 STIM_END_RESP_START
206 1 1289725596 LICK
206 1 1289726100 REWARD_START
206 1 1290636840 RESP_END
206 1 1289746636 REWARD_END
207 0 1294971108 STIM_START
207 0 1295970436 STIM_END_RESP_START
207 0 1296063480 LICK
207 0 1296063984 TIMEOUT_START
207 0 1296439868 LICK
207 0 1296440372 TIMEOUT_START
207 0 1296637684 LICK
207 0 1296638188 TIMEOUT_START
207 0 1297170460 RESP_END
207 0 1303638700 TIMEOUT_END
208 0 1306143704 STIM_START
208 0 1307143032 STIM_END_RESP_START
208 0 1308343064 RESP_END
209 0 1310926536 STIM_START
209 0 1311925868 STIM_END_RESP_START
209 0 1312712968 LICK
209 0 1312713464 TIMEOUT_START
209 0 1312951684 LICK
209 0 1312952180 TIMEOUT_START
209 0 1313125908 RESP_END
209 0 1319952696 TIMEOUT_END
210 1 1322310012 STIM_START
210 1 1323309340 STIM_END_RESP_START
210 1 1324509360 RESP_END
211 1 1326687096 STIM_START
211 1 1327686428 STIM_END_RESP_START
211 1 1328220476 LICK
211 1 1328220976 REWARD_START
211 1 1328472224 LICK
211 1 1328862552 LICK
211 1 1328886448 RESP_END
211 1 1328241508 REWARD_END
212 1 1331878632 STIM_START
212 1 1332877936 STIM_END_RESP_START
212 1 1332884896 LICK
212 1 1332885400 REWARD_START
212 1 1333075604 LICK
212 1 1333373288 LICK
212 1 1333553716 LICK
212 1 1333871976 LICK
212 1 1334045976 LICK
212 1 1334077956 RESP_END
212 1 1332905928 REWARD_END
213 0 1337344020 STIM_START
213 0 1338343340 STIM_END_RESP_START
213 0 1338436672 LICK
213 0 1338437168 TIMEOUT_START
213 0 1338633872 LICK
213 0 1338634376 TIMEOUT_START
213 0 1338831300 LICK
213 0 1338831796 TIMEOUT_START
213 0 1339016812 LICK
213 0 1339017316 TIMEOUT_START
213 0 1339543360 RESP_END
213 0 1346017828 TIMEOUT_END
214 1 1348400708 STIM_START
214 1 1349400036 STIM_END_RESP_START
214 1 1350600064 RESP_END
215 0 1353578248 STIM_START
215 0 1354577576 STIM_END_RESP_START
215 0 1355777608 RESP_END
216 1 1358084284 STIM_START
216 1 1359083612 STIM_END_RESP_START
216 1 1359632928 LICK
216 1 1359633432 REWARD_START
216 1 1360283644 RESP_END
216 1 1359653968 REWARD_END
217 0 1363888412 STIM_START
217 0 1364887740 STIM_END_RESP_START
217 0 1365410336 LICK
217 0 1365410840 TIMEOUT_START
217 0 1366087764 RESP_END
217 0 1372411348 TIMEOUT_END
218 1 1374703292 STIM_START
218 1 1375702624 STIM_END_RESP_START
218 1 1376778200 LICK
218 1 1376778704 REWARD_START
218 1 1376902668 RESP_END
218 1 1376799236 REWARD_END
219 1 1382100344 STIM_START
219 1 1383099676 STIM_END_RESP_START
219 1 1384299712 RESP_END
220 1 1386918156 STIM_START
220 1 1387917484 STIM_END_RESP_START
220 1 1388298900 LICK
220 1 1388299404 REWARD_START
220 1 1388947496 LICK
220 1 1389117520 RESP_END
220 1 1388319936 REWARD_END
221 0 1392658344 STIM_START
221 0 1393657672 STIM_END_RESP_START
221 0 1394857704 RESP_END
222 1 1397095444 STIM_START
222 1 1398094768 STIM_END_RESP_START
222 1 1398346588 LICK
222 1 1398347092 REWARD_START
222 1 1398540656 LICK
222 1 1398945644 LICK
222 1 1399247236 LICK
222 1 1399294792 RESP_END
222 1 1398367632 REWARD_END
223 0 1402126096 STIM_START
223 0 1403125428 STIM_END_RESP_START
223 0 1404325460 RESP_END
224 0 1407089768 STIM_START
224 0 1408006264 LICK
224 0 1408089076 STIM_END_RESP_START
224 0 1408174240 LICK
224 0 1408174736 TIMEOUT_START
224 0 1408356544 LICK
224 0 1408357040 TIMEOUT_START
224 0 1409289112 RESP_END
224 0 1415357564 TIMEOUT_END
225 1 1417543876 STIM_START
225 1 1418543204 STIM_END_RESP_START
225 1 1419384464 LICK
225 1 1419384968 REWARD_START
225 1 1419743232 RESP_END
225 1 1419405504 REWARD_END
226 0 1423736800 STIM_START
226 0 1424736096 STIM_END_RESP_START
226 0 1424772524 LICK
226 0 1424773020 TIMEOUT_START
226 0 1425323500 LICK
226 0 1425324000 TIMEOUT_START
226 0 1425936128 RESP_END
226 0 1432324520 TIMEOUT_END
227 0 1434697456 STIM_START
227 0 1435696788 STIM_END_RESP_START
227 0 1436896820 RESP_END
228 1 1439567272 STIM_START
228 1 1440566600 STIM_END_RESP_START
228 1 1441321416 LICK
228 1 1441321916 REWARD_START
228 1 1441743668 LICK
228 1 1441766648 RESP_END
228 1 1441342452 REWARD_END
229 1 1445801140 STIM_START
229 1 1446800440 STIM_END_RESP_START
229 1 1447808912 LICK
229 1 1447809416 REWARD_START
229 1 1447890972 LICK
229 1 1448000452 RESP_END
229 1 1447829952 REWARD_END
230 1 1451755152 STIM_START
230 1 1452754480 STIM_END_RESP_START
230 1 1453726496 LICK
230 1 1453727000 REWARD_START
230 1 1453954500 RESP_END
230 1 1453747536 REWARD_END
231 0 1458700568 STIM_START
231 0 1459699872 STIM_END_RESP_START
231 0 1460899904 RESP_END
232 1 1463150616 STIM_START
232 1 1464149940 STIM_END_RESP_START
232 1 1464748860 LICK
232 1 1464749364 REWARD_START
232 1 1465200788 LICK
232 1 1465349988 RESP_END
232 1 1464769900 REWARD_END
233 1 1470196948 STIM_START
233 1 1471196280 STIM_END_RESP_START
233 1 1472396312 RESP_END
234 1 1475394508 STIM_START
234 1 1476393836 STIM_END_RESP_START
234 1 1476485420 LICK
234 1 1476485916 REWARD_START
234 1 1477051716 LICK
234 1 1477163428 LICK
234 1 1477339212 LICK
234 1 1477491420 LICK
234 1 1477593848 RESP_END
234 1 1476506452 REWARD_END
235 0 1480632024 STIM_START
235 0 1481631352 STIM_END_RESP_START
235 0 1482028836 LICK
235 0 1482029340 TIMEOUT_START
235 0 1482229052 LICK
235 0 1482229548 TIMEOUT_START
235 0 1482444840 LICK
235 0 1482445336 TIMEOUT_START
235 0 1482831372 RESP_END
235 0 1489445844 TIMEOUT_END
236 0 1492203324 STIM_START
236 0 1493202656 STIM_END_RESP_START
236 0 1494192480 LICK
236 0 1494192976 TIMEOUT_START
236 0 1494402672 RESP_END
236 0 1501193500 TIMEOUT_END
237 1 1503480856 STIM_START
237 1 1504480152 STIM_END_RESP_START
237 1 1505680184 RESP_END
238 0 1509381932 STIM_START
238 0 1510097788 LICK
238 0 1510381264 STIM_END_RESP_START
238 0 1511278732 LICK
238 0 1511279228 TIMEOUT_START
238 0 1511461752 LICK
238 0 1511462256 TIMEOUT_START
238 0 1511581308 RESP_END
238 0 1518462776 TIMEOUT_END
239 1 1520924348 STIM_START
239 1 1521923680 STIM_END_RESP_START
239 1 1522516004 LICK
239 1 1522516504 REWARD_START
239 1 1523123716 RESP_END
239 1 1522537040 REWARD_END
240 1 1530428004 STIM_START
240 1 1531427300 STIM_END_RESP_START
240 1 1532300992 LICK
240 1 1532301500 REWARD_START
240 1 1532627344 RESP_END
240 1 1532322036 REWARD_END
241 0 1536689832 STIM_START
241 0 1537689160 STIM_END_RESP_START
241 0 1538889192 RESP_END
242 1 1541381744 STIM_START
242 1 1542381040 STIM_END_RESP_START
242 1 1543581072 RESP_END
243 0 1547157896 STIM_START
243 0 1548032064 LICK
243 0 1548157196 STIM_END_RESP_START
243 0 1548229180 LICK
243 0 1548229684 TIMEOUT_START
243 0 1549056692 LICK
243 0 1549057192 TIMEOUT_START
243 0 1549357212 RESP_END
243 0 1556057704 TIMEOUT_END
244 1 1558235544 STIM_START
244 1 1559234876 STIM_END_RESP_START
244 1 1559870644 LICK
244 1 1559871140 REWARD_START
244 1 1560434904 RESP_END
244 1 1559891680 REWARD_END
245 0 1564318552 STIM_START
245 0 1565317884 STIM_END_RESP_START
245 0 1566517916 RESP_END
246 1 1568671608 STIM_START
246 1 1569670904 STIM_END_RESP_START
246 1 1570760224 LICK
246 1 1570760732 REWARD_START
246 1 1570870936 RESP_END
246 1 1570781272 REWARD_END
247 1 1575498108 STIM_START
247 1 1576497440 STIM_END_RESP_START
247 1 1577416872 LICK
247 1 1577417368 REWARD_START
247 1 1577561204 LICK
247 1 1577697480 RESP_END
247 1 1577437904 REWARD_END
248 0 1582020776 STIM_START
248 0 1583020072 STIM_END_RESP_START
248 0 1584220100 RESP_END
249 0 1586333944 STIM_START
249 0 1587333240 STIM_END_RESP_START
249 0 1588533268 RESP_END
250 0 1591079796 STIM_START
250 0 1592079124 STIM_END_RESP_START
250 0 1592848484 LICK
250 0 1592848984 TIMEOUT_START
250 0 1593050852 LICK
250 0 1593051360 TIMEOUT_START
250 0 1593279144 RESP_END
250 0 1600051880 TIMEOUT_END
251 1 1602172404 STIM_START
251 1 1603171708 STIM_END_RESP_START
251 1 1603335896 LICK
251 1 1603336404 REWARD_START
251 1 1603976068 LICK
251 1 1604343336 LICK
251 1 1604371720 RESP_END
251 1 1603356936 REWARD_END
252 1 1607302984 STIM_START
252 1 1608302308 STIM_END_RESP_START
252 1 1608496176 LICK
252 1 1608496676 REWARD_START
252 1 1609502356 RESP_END
252 1 1608517212 REWARD_END
253 0 1613467908 STIM_START
253 0 1614467212 STIM_END_RESP_START
253 0 1615667244 RESP_END
254 0 1618042860 STIM_START
254 0 1619042192 STIM_END_RESP_START
254 0 1620242220 RESP_END
255 1 1623465284 STIM_START
255 1 1624464616 STIM_END_RESP_START
255 1 1625125708 LICK
255 1 1625126216 REWARD_START
255 1 1625318996 LICK
255 1 1625664632 RESP_END
255 1 1625146752 REWARD_END
256 1 1629729132 STIM_START
256 1 1630728464 STIM_END_RESP_START
256 1 1631363112 LICK
256 1 1631363612 REWARD_START
256 1 1631824608 LICK
256 1 1631928508 RESP_END
256 1 1631384148 REWARD_END
257 0 1636001972 STIM_START
257 0 1637001304 STIM_END_RESP_START
257 0 1638201328 RESP_END
258 1 1640364204 STIM_START
258 1 1641363532 STIM_END_RESP_START
258 1 1642272444 LICK
258 1 1642272944 REWARD_START
258 1 1642563552 RESP_END
258 1 1642293480 REWARD_END
259 0 1647060636 STIM_START
259 0 1648059964 STIM_END_RESP_START
259 0 1649259996 RESP_END
260 1 1651349776 STIM_START
260 1 1652349108 STIM_END_RESP_START
260 1 1653234040 LICK
260 1 1653234536 REWARD_START
260 1 1653377092 LICK
260 1 1653549148 RESP_END
260 1 1653255072 REWARD_END
261 1 1657406760 STIM_START
261 1 1658406092 STIM_END_RESP_START
261 1 1658848140 LICK
261 1 1658848644 REWARD_START
261 1 1659316120 LICK
261 1 1659606132 RESP_END
261 1 1658869180 REWARD_END
262 0 1664448068 STIM_START
262 0 1665447368 STIM_END_RESP_START
262 0 1666647396 RESP_END
263 1 1670506084 STIM_START
263 1 1671505380 STIM_END_RESP_START
263 1 1672479088 LICK
263 1 1672479588 REWARD_START
263 1 1672686904 LICK
263 1 1672705424 RESP_END
263 1 1672500120 REWARD_END
264 1 1677105676 STIM_START
264 1 1678104984 STIM_END_RESP_START
264 1 1679207088 LICK
264 1 1679207592 REWARD_START
264 1 1679305024 RESP_END
264 1 1679228128 REWARD_END
265 0 1683029752 STIM_START
265 0 1684029080 STIM_END_RESP_START
265 0 1684997704 LICK
265 0 1684998204 TIMEOUT_START
265 0 1685163120 LICK
265 0 1685163616 TIMEOUT_START
265 0 1685229092 RESP_END
265 0 1692164140 TIMEOUT_END
266 0 1694315272 STIM_START
266 0 1695314600 STIM_END_RESP_START
266 0 1696514632 RESP_END
267 1 1698666408 STIM_START
267 1 1699665736 STIM_END_RESP_START
267 1 1700865752 RESP_END
268 0 1704119748 STIM_START
268 0 1705119076 STIM_END_RESP_START
268 0 1706319108 RESP_END
269 1 1708974536 STIM_START
269 1 1709717856 LICK
269 1 1709973844 STIM_END_RESP_START
269 1 1710664656 LICK
269 1 1710665156 REWARD_START
269 1 1711047700 LICK
269 1 1711173888 RESP_END
269 1 1710685692 REWARD_END
270 1 1714427920 STIM_START
270 1 1715427244 STIM_END_RESP_START
270 1 1716627276 RESP_END
271 1 1719057832 STIM_START
271 1 1719509652 LICK
271 1 1720057140 STIM_END_RESP_START
271 1 1721112448 LICK
271 1 1721112952 REWARD_START
271 1 1721257156 RESP_END
271 1 1721133488 REWARD_END
272 0 1724768092 STIM_START
272 0 1725767420 STIM_END_RESP_START
272 0 1726967452 RESP_END
273 1 1730177472 STIM_START
273 1 1731176800 STIM_END_RESP_START
273 1 1731974352 LICK
273 1 1731974852 REWARD_START
273 1 1732187492 LICK
273 1 1732376828 RESP_END
273 1 1731995388 REWARD_END
274 0 1735616852 STIM_START
274 0 1736616180 STIM_END_RESP_START
274 0 1737816212 RESP_END
275 0 1740020940 STIM_START
275 0 1741020236 STIM_END_RESP_START
275 0 1742220260 RESP_END
276 0 1744690864 STIM_START
276 0 1745690196 STIM_END_RESP_START
276 0 1746890228 RESP_END
277 1 1749196868 STIM_START
277 1 1750196192 STIM_END_RESP_START
277 1 1751396224 RESP_END
278 0 1755046972 STIM_START
278 0 1756046300 STIM_END_RESP_START
278 0 1757246332 RESP_END
279 1 1759692904 STIM_START
279 1 1760692236 STIM_END_RESP_START
279 1 1761226112 LICK
279 1 1761226612 REWARD_START
279 1 1761465984 LICK
279 1 1761892260 RESP_END
279 1 1761247148 REWARD_END
280 0 1765268184 STIM_START
280 0 1766267516 STIM_END_RESP_START
280 0 1767467548 RESP_END
281 0 1769895096 STIM_START
281 0 1770894424 STIM_END_RESP_START
281 0 1772094448 RESP_END
282 0 1774667976 STIM_START
282 0 1775667308 STIM_END_RESP_START
282 0 1776867336 RESP_END
283 1 1779413800 STIM_START
283 1 1780413132 STIM_END_RESP_START
283 1 1781098392 LICK
283 1 1781098900 REWARD_START
283 1 1781613144 RESP_END
283 1 1781119420 REWARD_END
284 1 1784936136 STIM_START
284 1 1785935464 STIM_END_RESP_START
284 1 1787135492 RESP_END
285 1 1790887200 STIM_START
285 1 1791886532 STIM_END_RESP_START
285 1 1792397956 LICK
285 1 1792398460 REWARD_START
285 1 1793085720 LICK
285 1 1793086556 RESP_END
285 1 1792418996 REWARD_END
286 0 1796234632 STIM_START
286 0 1797233944 STIM_END_RESP_START
286 0 1797788388 LICK
286 0 1797788892 TIMEOUT_START
286 0 1797978176 LICK
286 0 1797978672 TIMEOUT_START
286 0 1798152480 LICK
286 0 1798152980 TIMEOUT_START
286 0 1798324820 LICK
286 0 1798325324 TIMEOUT_START
286 0 1798433980 RESP_END
286 0 1805325844 TIMEOUT_END
287 1 1807910232 STIM_START
287 1 1808909528 STIM_END_RESP_START
287 1 1810109560 RESP_END
288 0 1814268676 STIM_START
288 0 1815268004 STIM_END_RESP_START
288 0 1816468036 RESP_END
289 0 1819106464 STIM_START
289 0 1820105756 STIM_END_RESP_START
289 0 1821254040 LICK
289 0 1821254540 TIMEOUT_START
289 0 1821305792 RESP_END
289 0 1828255052 TIMEOUT_END
290 1 1830359980 STIM_START
290 1 1831359316 STIM_END_RESP_START
290 1 1832559344 RESP_END
291 0 1836130144 STIM_START
291 0 1837129476 STIM_END_RESP_START
291 0 1838329504 RESP_END
292 1 1840496284 STIM_START
292 1 1841495616 STIM_END_RESP_START
292 1 1841987296 LICK
292 1 1841987800 REWARD_START
292 1 1842179148 LICK
292 1 1842582424 LICK
292 1 1842695648 RESP_END
292 1 1842008336 REWARD_END
293 0 1845765784 STIM_START
293 0 1846765108 STIM_END_RESP_START
293 0 1847965140 RESP_END
294 1 1850488648 STIM_START
294 1 1851487980 STIM_END_RESP_START
294 1 1852688000 RESP_END
295 0 1856005008 STIM_START
295 0 1857004332 STIM_END_RESP_START
295 0 1858204364 RESP_END
296 1 1860465004 STIM_START
296 1 1861464336 STIM_END_RESP_START
296 1 1862429536 LICK
296 1 1862430040 REWARD_START
296 1 1862633056 LICK
296 1 1862664368 RESP_END
296 1 1862450576 REWARD_END
297 0 1866126248 STIM_START
297 0 1867125580 STIM_END_RESP_START
297 0 1867436392 LICK
297 0 1867436888 TIMEOUT_START
297 0 1867604000 LICK
297 0 1867604500 TIMEOUT_START
297 0 1867832172 LICK
297 0 1867832676 TIMEOUT_START
297 0 1868208632 LICK
297 0 1868209132 TIMEOUT_START
297 0 1868325616 RESP_END
297 0 1875209660 TIMEOUT_END
298 1 1877356768 STIM_START
298 1 1878356100 STIM_END_RESP_START
298 1 1879556144 RESP_END
299 0 1882679264 STIM_START
299 0 1883678596 STIM_END_RESP_START
299 0 1883949312 LICK
299 0 1883949816 TIMEOUT_START
299 0 1884144800 LICK
299 0 1884145300 TIMEOUT_START
299 0 1884554280 LICK
299 0 1884554780 TIMEOUT_START
299 0 1884878636 RESP_END
299 0 1891555292 TIMEOUT_END
300 0 1893999744 STIM_START
300 0 1894999076 STIM_END_RESP_START
300 0 1896199100 RESP_END
301 1 1898363880 STIM_START
301 1 1899363208 STIM_END_RESP_START
301 1 1899948444 LICK
301 1 1899948944 REWARD_START
301 1 1900137520 LICK
301 1 1900563232 RESP_END
301 1 1899969484 REWARD_END
302 0 1904589756 STIM_START
302 0 1905589088 STIM_END_RESP_START
302 0 1906015900 LICK
302 0 1906016404 TIMEOUT_START
302 0 1906248048 LICK
302 0 1906248544 TIMEOUT_START
302 0 1906789104 RESP_END
302 0 1913249072 TIMEOUT_END
303 0 1915575444 STIM_START
303 0 1916574776 STIM_END_RESP_START
303 0 1916816548 LICK
303 0 1916817044 TIMEOUT_START
303 0 1917682904 LICK
303 0 1917683404 TIMEOUT_START
303 0 1917774792 RESP_END
303 0 1924683928 TIMEOUT_END
304 0 1927142756 STIM_START
304 0 1928142088 STIM_END_RESP_START
304 0 1929342120 RESP_END
305 1 1931930584 STIM_START
305 1 1932929916 STIM_END_RESP_START
305 1 1933908928 LICK
305 1 1933909432 REWARD_START
305 1 1934129928 RESP_END
305 1 1933929972 REWARD_END
306 1 1937847648 STIM_START
306 1 1938846952 STIM_END_RESP_START
306 1 1939496684 LICK
306 1 1939497188 REWARD_START
306 1 1939709392 LICK
306 1 1939970764 LICK
306 1 1940046976 RESP_END
306 1 1939517724 REWARD_END
307 0 1943149128 STIM_START
307 0 1944148460 STIM_END_RESP_START
307 0 1945348492 RESP_END
308 1 1947478244 STIM_START
308 1 1948477572 STIM_END_RESP_START
308 1 1949677620 RESP_END
309 1 1952351000 STIM_START
309 1 1953350332 STIM_END_RESP_START
309 1 1953978488 LICK
309 1 1953978984 REWARD_START
309 1 1954174240 LICK
309 1 1954550368 RESP_END
309 1 1953999524 REWARD_END
310 0 1958319068 STIM_START
310 0 1959318400 STIM_END_RESP_START
310 0 1960518432 RESP_END
311 1 1962707164 STIM_START
311 1 1963706460 STIM_END_RESP_START
311 1 1964017360 LICK
311 1 1964017868 REWARD_START
311 1 1964180608 LICK
311 1 1964468940 LICK
311 1 1964617400 LICK
311 1 1964753132 LICK
311 1 1964906472 RESP_END
311 1 1964038392 REWARD_END
312 0 1967760788 STIM_START
312 0 1968760092 STIM_END_RESP_START
312 0 1969194636 LICK
312 0 1969195140 TIMEOUT_START
312 0 1969960108 RESP_END
312 0 1976195660 TIMEOUT_END
313 1 1978574604 STIM_START
313 1 1979573932 STIM_END_RESP_START
313 1 1980689100 LICK
313 1 1980689604 REWARD_START
313 1 1980773972 RESP_END
313 1 1980710140 REWARD_END
314 1 1985592980 STIM_START
314 1 1986592280 STIM_END_RESP_START
314 1 1986592992 LICK
314 1 1986593496 REWARD_START
314 1 1987422008 LICK
314 1 1987741048 LICK
314 1 1987792328 RESP_END
314 1 1986614024 REWARD_END
315 1 1991875748 STIM_START
315 1 1992875080 STIM_END_RESP_START
315 1 1994013512 LICK
315 1 1994014020 REWARD_START
315 1 1994075124 RESP_END
315 1 1994034556 REWARD_END
316 0 1997921764 STIM_START
316 0 1998921092 STIM_END_RESP_START
316 0 2000121124 RESP_END
317 1 2002408772 STIM_START
317 1 2003408104 STIM_END_RESP_START
317 1 2003817156 LICK
317 1 2003817660 REWARD_START
317 1 2004038792 LICK
317 1 2004480200 LICK
317 1 2004596900 LICK
317 1 2004608136 RESP_END
317 1 2003838196 REWARD_END
318 0 2007686260 STIM_START
318 0 2008685564 STIM_END_RESP_START
318 0 2008924640 LICK
318 0 2008925140 TIMEOUT_START
318 0 2009082268 LICK
318 0 2009082764 TIMEOUT_START
318 0 2009644756 LICK
318 0 2009645260 TIMEOUT_START
318 0 2009797508 LICK
318 0 2009798012 TIMEOUT_START
318 0 2009885580 RESP_END
318 0 2016798528 TIMEOUT_END
319 1 2019070732 STIM_START
319 1 2020059852 LICK
319 1 2020070044 STIM_END_RESP_START
319 1 2020904084 LICK
319 1 2020904580 REWARD_START
319 1 2021101608 LICK
319 1 2021270068 RESP_END
319 1 2020925120 REWARD_END
320 0 2025263604 STIM_START
320 0 2026262936 STIM_END_RESP_START
320 0 2027462968 RESP_END
321 1 2029539804 STIM_START
321 1 2030539100 STIM_END_RESP_START
321 1 2031739148 RESP_END
322 1 2034758316 STIM_START
322 1 2035757612 STIM_END_RESP_START
322 1 2035993912 LICK
322 1 2035994412 REWARD_START
322 1 2036105404 LICK
322 1 2036558608 LICK
322 1 2036711516 LICK
322 1 2036851364 LICK
322 1 2036957628 RESP_END
322 1 2036014944 REWARD_END
323 0 2039289304 STIM_START
323 0 2040288600 STIM_END_RESP_START
323 0 2041488632 RESP_END
324 1 2043613492 STIM_START
324 1 2044612812 STIM_END_RESP_START
324 1 2044665164 LICK
324 1 2044665664 REWARD_START
324 1 2044833828 LICK
324 1 2045119388 LICK
324 1 2045257516 LICK
324 1 2045569372 LICK
324 1 2045812856 RESP_END
324 1 2044686204 REWARD_END
325 1 2048475280 STIM_START
325 1 2049303348 LICK
325 1 2049474612 STIM_END_RESP_START
325 1 2049922788 LICK
325 1 2049923292 REWARD_START
325 1 2050105080 LICK
325 1 2050390140 LICK
325 1 2050508044 LICK
325 1 2050669380 LICK
325 1 2050674640 RESP_END
325 1 2049943828 REWARD_END
326 1 2053804624 STIM_START
326 1 2054803932 STIM_END_RESP_START
326 1 2055126908 LICK
326 1 2055127416 REWARD_START
326 1 2055305804 LICK
326 1 2055706216 LICK
326 1 2055834776 LICK
326 1 2056003956 RESP_END
326 1 2055147952 REWARD_END
327 0 2060489220 STIM_START
327 0 2061488524 STIM_END_RESP_START
327 0 2062688552 RESP_END
328 0 2064952296 STIM_START
328 0 2065951624 STIM_END_RESP_START
328 0 2066021876 LICK
328 0 2066022376 TIMEOUT_START
328 0 2066456224 LICK
328 0 2066456724 TIMEOUT_START
328 0 2066648444 LICK
328 0 2066648944 TIMEOUT_START
328 0 2066831356 LICK
328 0 2066831860 TIMEOUT_START
328 0 2067040392 LICK
328 0 2067040892 TIMEOUT_START
328 0 2067151656 RESP_END
328 0 2074041416 TIMEOUT_END
329 0 2076530716 STIM_START
329 0 2077530040 STIM_END_RESP_START
329 0 2078730072 RESP_END
330 1 2081135520 STIM_START
330 1 2082134852 STIM_END_RESP_START
330 1 2083334884 RESP_END
331 0 2086432996 STIM_START
331 0 2087432320 STIM_END_RESP_START
331 0 2087481332 LICK
331 0 2087481840 TIMEOUT_START
331 0 2087716260 LICK
331 0 2087716756 TIMEOUT_START
331 0 2088632344 RESP_END
331 0 2094717288 TIMEOUT_END
332 1 2096798084 STIM_START
332 1 2097797416 STIM_END_RESP_START
332 1 2098997460 RESP_END
333 1 2102109572 STIM_START
333 1 2103108900 STIM_END_RESP_START
333 1 2104308932 RESP_END
334 1 2106540636 STIM_START
334 1 2107162180 LICK
334 1 2107306124 LICK
334 1 2107523296 LICK
334 1 2107539956 STIM_END_RESP_START
334 1 2107692208 LICK
334 1 2107692704 REWARD_START
334 1 2107876920 LICK
334 1 2108487348 LICK
334 1 2108680696 LICK
334 1 2108739996 RESP_END
334 1 2107713240 REWARD_END
335 0 2111091612 STIM_START
335 0 2112090940 STIM_END_RESP_START
335 0 2113290972 RESP_END
336 0 2115962428 STIM_START
336 0 2116961760 STIM_END_RESP_START
336 0 2118057804 LICK
336 0 2118058308 TIMEOUT_START
336 0 2118161780 RESP_END
336 0 2125058820 TIMEOUT_END
337 0 2127205904 STIM_START
337 0 2127684740 LICK
337 0 2128205212 STIM_END_RESP_START
337 0 2129405248 RESP_END
338 1 2132278524 STIM_START
338 1 2132887948 LICK
338 1 2133115152 LICK
338 1 2133277840 STIM_END_RESP_START
338 1 2133323624 LICK
338 1 2133324128 REWARD_START
338 1 2133965012 LICK
338 1 2134126508 LICK
338 1 2134261880 LICK
338 1 2134477872 RESP_END
338 1 2133344664 REWARD_END
339 1 2137208288 STIM_START
339 1 2138207584 STIM_END_RESP_START
339 1 2138330464 LICK
339 1 2138330960 REWARD_START
339 1 2138502172 LICK
339 1 2138825452 LICK
339 1 2138946800 LICK
339 1 2139141824 LICK
339 1 2139407600 RESP_END
339 1 2138351496 REWARD_END
340 1 2141762228 STIM_START
340 1 2142761560 STIM_END_RESP_START
340 1 2142891760 LICK
340 1 2142892268 REWARD_START
340 1 2143068864 LICK
340 1 2143348388 LICK
340 1 2143516808 LICK
340 1 2143708232 LICK
340 1 2143849404 LICK
340 1 2143961596 RESP_END
340 1 2142912804 REWARD_END
341 0 2146471104 STIM_START
341 0 2147470432 STIM_END_RESP_START
341 0 2148670460 RESP_END
342 1 2150961148 STIM_START
342 1 2151960476 STIM_END_RESP_START
342 1 2152721620 LICK
342 1 2152722120 REWARD_START
342 1 2152889840 LICK
342 1 2153160512 RESP_END
342 1 2152742652 REWARD_END
343 1 2156409516 STIM_START
343 1 2157379340 LICK
343 1 2157408824 STIM_END_RESP_START
343 1 2157567232 LICK
343 1 2157567732 REWARD_START
343 1 2157720668 LICK
343 1 2158032140 LICK
343 1 2158190920 LICK
343 1 2158534636 LICK
343 1 2158608860 RESP_END
343 1 2157588272 REWARD_END
344 1 2161653052 STIM_START
344 1 2162603100 LICK
344 1 2162652372 STIM_END_RESP_START
344 1 2162751300 LICK
344 1 2162751804 REWARD_START
344 1 2162963020 LICK
344 1 2163364592 LICK
344 1 2163528800 LICK
344 1 2163852396 RESP_END
344 1 2162772340 REWARD_END
345 0 2167058448 STIM_START
345 0 2168057760 STIM_END_RESP_START
345 0 2168333400 LICK
345 0 2168333896 TIMEOUT_START
345 0 2168520364 LICK
345 0 2168520868 TIMEOUT_START
345 0 2168673960 LICK
345 0 2168674464 TIMEOUT_START
345 0 2169082700 LICK
345 0 2169083208 TIMEOUT_START
345 0 2169257800 RESP_END
345 0 2176083716 TIMEOUT_END
346 0 2178550804 STIM_START
346 0 2179550104 STIM_END_RESP_START
346 0 2180627552 LICK
346 0 2180628052 TIMEOUT_START
346 0 2180750144 RESP_END
346 0 2187628588 TIMEOUT_END
347 0 2190102112 STIM_START
347 0 2191101440 STIM_END_RESP_START
347 0 2192301472 RESP_END
348 1 2194566200 STIM_START
348 1 2195565524 STIM_END_RESP_START
348 1 2196065076 LICK
348 1 2196065580 REWARD_START
348 1 2196765564 RESP_END
348 1 2196086116 REWARD_END
349 1 2199507908 STIM_START
349 1 2199615336 LICK
349 1 2199839816 LICK
349 1 2200068716 LICK
349 1 2200507228 STIM_END_RESP_START
349 1 2200661476 LICK
349 1 2200661976 REWARD_START
349 1 2200863028 LICK
349 1 2201141608 LICK
349 1 2201641380 LICK
349 1 2201707264 RESP_END
349 1 2200682520 REWARD_END
350 1 2204507560 STIM_START
350 1 2205506856 STIM_END_RESP_START
350 1 2205713324 LICK
350 1 2205713832 REWARD_START
350 1 2205915884 LICK
350 1 2206336588 LICK
350 1 2206621772 LICK
350 1 2206706888 RESP_END
350 1 2205734368 REWARD_END
351 0 2209232424 STIM_START
351 0 2210231752 STIM_END_RESP_START
351 0 2210369620 LICK
351 0 2210370120 TIMEOUT_START
351 0 2210566968 LICK
351 0 2210567472 TIMEOUT_START
351 0 2210780916 LICK
351 0 2210781420 TIMEOUT_START
351 0 2210959584 LICK
351 0 2210960080 TIMEOUT_START
351 0 2211431772 RESP_END
351 0 2217960600 TIMEOUT_END
352 1 2220216152 STIM_START
352 1 2221215480 STIM_END_RESP_START
352 1 2222052268 LICK
352 1 2222052776 REWARD_START
352 1 2222274108 LICK
352 1 2222415500 RESP_END
352 1 2222073312 REWARD_END
353 0 2225588580 STIM_START
353 0 2226587912 STIM_END_RESP_START
353 0 2227055872 LICK
353 0 2227056376 TIMEOUT_START
353 0 2227787944 RESP_END
353 0 2234056900 TIMEOUT_END
354 0 2236230488 STIM_START
354 0 2237229820 STIM_END_RESP_START
354 0 2238429852 RESP_END
355 1 2240965384 STIM_START
355 1 2241964716 STIM_END_RESP_START
355 1 2242721448 LICK
355 1 2242721952 REWARD_START
355 1 2242923956 LICK
355 1 2243164752 RESP_END
355 1 2242742488 REWARD_END
356 0 2246579632 STIM_START
356 0 2247578960 STIM_END_RESP_START
356 0 2247632208 LICK
356 0 2247632704 TIMEOUT_START
356 0 2248215760 LICK
356 0 2248216256 TIMEOUT_START
356 0 2248771768 LICK
356 0 2248772268 TIMEOUT_START
356 0 2248778984 RESP_END
356 0 2255772792 TIMEOUT_END
357 0 2258098944 STIM_START
357 0 2259098252 STIM_END_RESP_START
357 0 2259657244 LICK
357 0 2259657748 TIMEOUT_START
357 0 2260298292 RESP_END
357 0 2266658260 TIMEOUT_END
358 0 2268846800 STIM_START
358 0 2269846132 STIM_END_RESP_START
358 0 2271046164 RESP_END
359 1 2273575656 STIM_START
359 1 2274574988 STIM_END_RESP_START
359 1 2275063592 LICK
359 1 2275064100 REWARD_START
359 1 2275449064 LICK
359 1 2275739188 LICK
359 1 2275775020 RESP_END
359 1 2275084636 REWARD_END
360 0 2278418428 STIM_START
360 0 2279417728 STIM_END_RESP_START
360 0 2279649600 LICK
360 0 2279650100 TIMEOUT_START
360 0 2279883652 LICK
360 0 2279884160 TIMEOUT_START
360 0 2280267184 LICK
360 0 2280267684 TIMEOUT_START
360 0 2280617756 RESP_END
360 0 2287268208 TIMEOUT_END
361 1 2289537064 STIM_START
361 1 2290536392 STIM_END_RESP_START
361 1 2291736436 RESP_END
362 0 2294567724 STIM_START
362 0 2295123552 LICK
362 0 2295340024 LICK
362 0 2295550780 LICK
362 0 2295567024 STIM_END_RESP_START
362 0 2295947384 LICK
362 0 2295947880 TIMEOUT_START
362 0 2296167184 LICK
362 0 2296167688 TIMEOUT_START
362 0 2296767060 RESP_END
362 0 2303168200 TIMEOUT_END
363 1 2305373596 STIM_START
363 1 2306372928 STIM_END_RESP_START
363 1 2307092560 LICK
363 1 2307093056 REWARD_START
363 1 2307465316 LICK
363 1 2307572964 RESP_END
363 1 2307113592 REWARD_END
364 1 2310792956 STIM_START
364 1 2311792284 STIM_END_RESP_START
364 1 2312299244 LICK
364 1 2312299748 REWARD_START
364 1 2312771172 LICK
364 1 2312918528 LICK
364 1 2312992300 RESP_END
364 1 2312320284 REWARD_END
365 1 2316678056 STIM_START
365 1 2317677388 STIM_END_RESP_START
365 1 2318666056 LICK
365 1 2318666556 REWARD_START
365 1 2318877400 RESP_END
365 1 2318687088 REWARD_END
366 0 2322757988 STIM_START
366 0 2323757284 STIM_END_RESP_START
366 0 2324048616 LICK
366 0 2324049120 TIMEOUT_START
366 0 2324269732 LICK
366 0 2324270236 TIMEOUT_START
366 0 2324957312 RESP_END
366 0 2331270760 TIMEOUT_END
367 1 2333635832 STIM_START
367 1 2334635164 STIM_END_RESP_START
367 1 2335302276 LICK
367 1 2335302780 REWARD_START
367 1 2335470008 LICK
367 1 2335750332 LICK
367 1 2335835192 RESP_END
367 1 2335323304 REWARD_END
368 0 2339040156 STIM_START
368 0 2340039488 STIM_END_RESP_START
368 0 2341239520 RESP_END
369 0 2344184752 STIM_START
369 0 2345150680 LICK
369 0 2345184068 STIM_END_RESP_START
369 0 2346384104 RESP_END
370 1 2348839692 STIM_START
370 1 2349839020 STIM_END_RESP_START
370 1 2350538352 LICK
370 1 2350538860 REWARD_START
370 1 2350699696 LICK
370 1 2351039064 RESP_END
370 1 2350559400 REWARD_END
371 0 2354102188 STIM_START
371 0 2354617276 LICK
371 0 2355101520 STIM_END_RESP_START
371 0 2356301556 RESP_END
372 0 2358531248 STIM_START
372 0 2359530580 STIM_END_RESP_START
372 0 2359782464 LICK
372 0 2359782960 TIMEOUT_START
372 0 2360730592 RESP_END
372 0 2366783484 TIMEOUT_END
373 0 2368995292 STIM_START
373 0 2369994624 STIM_END_RESP_START
373 0 2370629672 LICK
373 0 2370630168 TIMEOUT_START
373 0 2370686804 LICK
373 0 2370687308 TIMEOUT_START
373 0 2371194656 RESP_END
373 0 2377687816 TIMEOUT_END
374 1 2379825116 STIM_START
374 1 2380824444 STIM_END_RESP_START
374 1 2382024476 RESP_END
375 0 2384335164 STIM_START
375 0 2385334496 STIM_END_RESP_START
375 0 2386534528 RESP_END
376 0 2388768184 STIM_START
376 0 2389767476 STIM_END_RESP_START
376 0 2390967512 RESP_END
377 1 2393122288 STIM_START
377 1 2394121620 STIM_END_RESP_START
377 1 2394685728 LICK
377 1 2394686224 REWARD_START
377 1 2394882796 LICK
377 1 2395165340 LICK
377 1 2395321652 RESP_END
377 1 2394706760 REWARD_END
378 1 2398213908 STIM_START
378 1 2399213216 STIM_END_RESP_START
378 1 2399541652 LICK
378 1 2399542152 REWARD_START
378 1 2399695700 LICK
378 1 2400001740 LICK
378 1 2400413248 RESP_END
378 1 2399562688 REWARD_END
379 1 2403486416 STIM_START
379 1 2404485748 STIM_END_RESP_START
379 1 2405306180 LICK
379 1 2405306688 REWARD_START
379 1 2405509208 LICK
379 1 2405685780 RESP_END
379 1 2405327224 REWARD_END
380 0 2409630332 STIM_START
380 0 2410629628 STIM_END_RESP_START
380 0 2411829660 RESP_END
381 0 2414286240 STIM_START
381 0 2415285568 STIM_END_RESP_START
381 0 2416421864 LICK
381 0 2416422368 TIMEOUT_START
381 0 2416485608 RESP_END
381 0 2423422884 TIMEOUT_END
382 1 2425621684 STIM_START
382 1 2426269096 LICK
382 1 2426621004 STIM_END_RESP_START
382 1 2426691424 LICK
382 1 2426691932 REWARD_START
382 1 2427155920 LICK
382 1 2427631128 LICK
382 1 2427821032 RESP_END
382 1 2426712468 REWARD_END
383 1 2430254604 STIM_START
383 1 2431253936 STIM_END_RESP_START
383 1 2432453972 RESP_END
384 1 2434870528 STIM_START
384 1 2435869860 STIM_END_RESP_START
384 1 2436080740 LICK
384 1 2436081240 REWARD_START
384 1 2436898180 LICK
384 1 2437067508 LICK
384 1 2437069888 RESP_END
384 1 2436101776 REWARD_END
385 0 2439862240 STIM_START
385 0 2440861552 STIM_END_RESP_START
385 0 2441021356 LICK
385 0 2441021864 TIMEOUT_START
385 0 2441223592 LICK
385 0 2441224092 TIMEOUT_START
385 0 2442061584 RESP_END
385 0 2448224616 TIMEOUT_END
386 0 2450437200 STIM_START
386 0 2451436528 STIM_END_RESP_START
386 0 2451974652 LICK
386 0 2451975148 TIMEOUT_START
386 0 2452168036 LICK
386 0 2452168536 TIMEOUT_START
386 0 2452366676 LICK
386 0 2452367176 TIMEOUT_START
386 0 2452556520 LICK
386 0 2452557028 TIMEOUT_START
386 0 2452636564 RESP_END
386 0 2459557540 TIMEOUT_END
387 1 2461846604 STIM_START
387 1 2462644192 LICK
387 1 2462845936 STIM_END_RESP_START
387 1 2462916168 LICK
387 1 2462916672 REWARD_START
387 1 2463139752 LICK
387 1 2464045976 RESP_END
387 1 2462937212 REWARD_END
388 0 2467046172 STIM_START
388 0 2468045476 STIM_END_RESP_START
388 0 2468749892 LICK
388 0 2468750400 TIMEOUT_START
388 0 2469245500 RESP_END
388 0 2475750916 TIMEOUT_END
389 0 2478173776 STIM_START
389 0 2479011872 LICK
389 0 2479173088 STIM_END_RESP_START
389 0 2479191284 LICK
389 0 2479191784 TIMEOUT_START
389 0 2479392424 LICK
389 0 2479392928 TIMEOUT_START
389 0 2480373124 RESP_END
389 0 2486393452 TIMEOUT_END
390 1 2488721752 STIM_START
390 1 2489721056 STIM_END_RESP_START
390 1 2490464576 LICK
390 1 2490465072 REWARD_START
390 1 2490676940 LICK
390 1 2490921092 RESP_END
390 1 2490485608 REWARD_END
391 0 2493886340 STIM_START
391 0 2494885636 STIM_END_RESP_START
391 0 2496085672 RESP_END
392 0 2498357344 STIM_START
392 0 2499313792 LICK
392 0 2499356644 STIM_END_RESP_START
392 0 2499973348 LICK
392 0 2499973844 TIMEOUT_START
392 0 2500167376 LICK
392 0 2500167884 TIMEOUT_START
392 0 2500556688 RESP_END
392 0 2507168404 TIMEOUT_END
393 0 2509437004 STIM_START
393 0 2510436332 STIM_END_RESP_START
393 0 2511636364 RESP_END
394 1 2514293752 STIM_START
394 1 2515293052 STIM_END_RESP_START
394 1 2515545196 LICK
394 1 2515545696 REWARD_START
394 1 2516037696 LICK
394 1 2516484560 LICK
394 1 2516493092 RESP_END
394 1 2515566236 REWARD_END
395 1 2519274476 STIM_START
395 1 2520273784 STIM_END_RESP_START
395 1 2520740868 LICK
395 1 2520741368 REWARD_START
395 1 2521201548 LICK
395 1 2521473824 RESP_END
395 1 2520761904 REWARD_END
396 0 2524778816 STIM_START
396 0 2525778120 STIM_END_RESP_START
396 0 2526978148 RESP_END
397 0 2529194880 STIM_START
397 0 2530194176 STIM_END_RESP_START
397 0 2531390488 LICK
397 0 2531390984 TIMEOUT_START
397 0 2531394216 RESP_END
397 0 2538391504 TIMEOUT_END
398 0 2540644256 STIM_START
398 0 2541521028 LICK
398 0 2541643556 STIM_END_RESP_START
398 0 2542209292 LICK
398 0 2542209788 TIMEOUT_START
398 0 2542404856 LICK
398 0 2542405352 TIMEOUT_START
398 0 2542633076 LICK
398 0 2542633576 TIMEOUT_START
398 0 2542843592 RESP_END
398 0 2549634100 TIMEOUT_END
399 1 2552118612 STIM_START
399 1 2553117944 STIM_END_RESP_START
399 1 2553449240 LICK
399 1 2553449744 REWARD_START
399 1 2554081272 LICK
399 1 2554317984 RESP_END
399 1 2553470280 REWARD_END
400 0 2557205212 STIM_START
400 0 2558204508 STIM_END_RESP_START
400 0 2559404544 RESP_END
401 1 2561747220 STIM_START
401 1 2562746548 STIM_END_RESP_START
401 1 2563825284 LICK
401 1 2563825788 REWARD_START
401 1 2563946580 RESP_END
401 1 2563846324 REWARD_END
402 1 2567422516 STIM_START
402 1 2568421812 STIM_END_RESP_START
402 1 2568731348 LICK
402 1 2568731856 REWARD_START
402 1 2569185236 LICK
402 1 2569512184 LICK
402 1 2569621856 RESP_END
402 1 2568752376 REWARD_END
403 0 2572287260 STIM_START
403 0 2573270068 LICK
403 0 2573286572 STIM_END_RESP_START
403 0 2574486616 RESP_END
404 0 2577007100 STIM_START
404 0 2578006428 STIM_END_RESP_START
404 0 2578484924 LICK
404 0 2578485428 TIMEOUT_START
404 0 2578731280 LICK
404 0 2578731776 TIMEOUT_START
404 0 2579118836 LICK
404 0 2579119344 TIMEOUT_START
404 0 2579206472 RESP_END
404 0 2586119856 TIMEOUT_END
405 1 2588690324 STIM_START
405 1 2589689652 STIM_END_RESP_START
405 1 2590795812 LICK
405 1 2590796312 REWARD_START
405 1 2590889664 RESP_END
405 1 2590816852 REWARD_END
406 0 2595090116 STIM_START
406 0 2596089448 STIM_END_RESP_START
406 0 2597289480 RESP_END
407 1 2599396228 STIM_START
407 1 2600395556 STIM_END_RESP_START
407 1 2600625416 LICK
407 1 2600625916 REWARD_START
407 1 2600800768 LICK
407 1 2601278748 LICK
407 1 2601569668 LICK
407 1 2601595576 RESP_END
407 1 2600646452 REWARD_END
408 0 2604086120 STIM_START
408 0 2605085428 STIM_END_RESP_START
408 0 2606285460 RESP_END
409 1 2608830936 STIM_START
409 1 2609830232 STIM_END_RESP_START
409 1 2610159356 LICK
409 1 2610159864 REWARD_START
409 1 2610339500 LICK
409 1 2610635508 LICK
409 1 2610791868 LICK
409 1 2610956344 LICK
409 1 2611030244 RESP_END
409 1 2610180400 REWARD_END
410 0 2613438856 STIM_START
410 0 2614438188 STIM_END_RESP_START
410 0 2615638220 RESP_END
411 1 2618161780 STIM_START
411 1 2619161076 STIM_END_RESP_START
411 1 2620174476 LICK
411 1 2620174980 REWARD_START
411 1 2620343128 LICK
411 1 2620361100 RESP_END
411 1 2620195520 REWARD_END
412 1 2624045852 STIM_START
412 1 2625045156 STIM_END_RESP_START
412 1 2625967296 LICK
412 1 2625967796 REWARD_START
412 1 2626245200 RESP_END
412 1 2625988332 REWARD_END
413 0 2628804692 STIM_START
413 0 2629804016 STIM_END_RESP_START
413 0 2631004044 RESP_END
414 0 2633307716 STIM_START
414 0 2634307048 STIM_END_RESP_START
414 0 2635507076 RESP_END
415 0 2637864672 STIM_START
415 0 2638864000 STIM_END_RESP_START
415 0 2640064032 RESP_END
416 1 2642571508 STIM_START
416 1 2643570836 STIM_END_RESP_START
416 1 2644054736 LICK
416 1 2644055240 REWARD_START
416 1 2644341904 LICK
416 1 2644770880 RESP_END
416 1 2644075760 REWARD_END
417 0 2649567908 STIM_START
417 0 2650567204 STIM_END_RESP_START
417 0 2651767236 RESP_END
418 1 2654290736 STIM_START
418 1 2655290052 STIM_END_RESP_START
418 1 2656222096 LICK
418 1 2656222600 REWARD_START
418 1 2656411452 LICK
418 1 2656490080 RESP_END
418 1 2656243136 REWARD_END
419 0 2659648224 STIM_START
419 0 2660647556 STIM_END_RESP_START
419 0 2661847588 RESP_END
420 0 2664121228 STIM_START
420 0 2665120556 STIM_END_RESP_START
420 0 2666320588 RESP_END
421 1 2668799132 STIM_START
421 1 2669798464 STIM_END_RESP_START
421 1 2670722684 LICK
421 1 2670723188 REWARD_START
421 1 2670998476 RESP_END
421 1 2670743724 REWARD_END
422 0 2673770788 STIM_START
422 0 2674770120 STIM_END_RESP_START
422 0 2675970152 RESP_END
423 1 2678498684 STIM_START
423 1 2679498012 STIM_END_RESP_START
423 1 2680698056 RESP_END
424 1 2684013020 STIM_START
424 1 2685012348 STIM_END_RESP_START
424 1 2686212380 RESP_END
425 1 2688432072 STIM_START
425 1 2689431400 STIM_END_RESP_START
425 1 2690631432 RESP_END
426 0 2692927080 STIM_START
426 0 2693926412 STIM_END_RESP_START
426 0 2695126440 RESP_END
427 0 2697396124 STIM_START
427 0 2698395420 STIM_END_RESP_START
427 0 2699595452 RESP_END
428 0 2701828196 STIM_START
428 0 2702827528 STIM_END_RESP_START
428 0 2703554028 LICK
428 0 2703554524 TIMEOUT_START
428 0 2703718952 LICK
428 0 2703719456 TIMEOUT_START
428 0 2704027544 RESP_END
428 0 2710719980 TIMEOUT_END
429 1 2712933816 STIM_START
429 1 2713933112 STIM_END_RESP_START
429 1 2714265772 LICK
429 1 2714266268 REWARD_START
429 1 2714358628 LICK
429 1 2715133128 RESP_END
429 1 2714286804 REWARD_END
430 0 2717544876 STIM_START
430 0 2718544204 STIM_END_RESP_START
430 0 2719744236 RESP_END
431 0 2721984804 STIM_START
431 0 2722984132 STIM_END_RESP_START
431 0 2724184164 RESP_END
432 1 2726798640 STIM_START
432 1 2727797968 STIM_END_RESP_START
432 1 2727959596 LICK
432 1 2727960096 REWARD_START
432 1 2728182492 LICK
432 1 2728451080 LICK
432 1 2728621600 LICK
432 1 2728997980 RESP_END
432 1 2727980628 REWARD_END
433 1 2731668408 STIM_START
433 1 2732667736 STIM_END_RESP_START
433 1 2733478988 LICK
433 1 2733479488 REWARD_START
433 1 2733665572 LICK
433 1 2733867748 RESP_END
433 1 2733500024 REWARD_END
434 0 2736839952 STIM_START
434 0 2737839248 STIM_END_RESP_START
434 0 2739039280 RESP_END
435 1 2741498860 STIM_START
435 1 2742498168 STIM_END_RESP_START
435 1 2742551060 LICK
435 1 2742551564 REWARD_START
435 1 2742710360 LICK
435 1 2742995144 LICK
435 1 2743182664 LICK
435 1 2743309892 LICK
435 1 2743496544 LICK
435 1 2743663848 LICK
435 1 2743698184 RESP_END
435 1 2742572104 REWARD_END
436 0 2746771316 STIM_START
436 0 2747770624 STIM_END_RESP_START
436 0 2748073772 LICK
436 0 2748074276 TIMEOUT_START
436 0 2748970668 RESP_END
436 0 2755074788 TIMEOUT_END
437 0 2757298400 STIM_START
437 0 2758297732 STIM_END_RESP_START
437 0 2759497760 RESP_END
438 1 2762106144 STIM_START
438 1 2763105440 STIM_END_RESP_START
438 1 2763272644 LICK
438 1 2763273144 REWARD_START
438 1 2763462496 LICK
438 1 2763764296 LICK
438 1 2763924460 LICK
438 1 2764066192 LICK
438 1 2764247660 LICK
438 1 2764305484 RESP_END
438 1 2763293680 REWARD_END
439 0 2767000944 STIM_START
439 0 2768000272 STIM_END_RESP_START
439 0 2769058440 LICK
439 0 2769058940 TIMEOUT_START
439 0 2769200296 RESP_END
439 0 2776059456 TIMEOUT_END
440 1 2778386332 STIM_START
440 1 2779385664 STIM_END_RESP_START
440 1 2780496956 LICK
440 1 2780497456 REWARD_START
440 1 2780585692 RESP_END
440 1 2780517992 REWARD_END
441 0 2783837696 STIM_START
441 0 2784836992 STIM_END_RESP_START
441 0 2786037024 RESP_END
442 1 2788541708 STIM_START
442 1 2789541040 STIM_END_RESP_START
442 1 2790680768 LICK
442 1 2790681264 REWARD_START
442 1 2790741064 RESP_END
442 1 2790701804 REWARD_END
443 0 2793976016 STIM_START
443 0 2794975344 STIM_END_RESP_START
443 0 2795376612 LICK
443 0 2795377116 TIMEOUT_START
443 0 2795535440 LICK
443 0 2795535936 TIMEOUT_START
443 0 2795724596 LICK
443 0 2795725104 TIMEOUT_START
443 0 2795930168 LICK
443 0 2795930672 TIMEOUT_START
443 0 2796175396 RESP_END
443 0 2802931188 TIMEOUT_END
444 0 2805245508 STIM_START
444 0 2806244840 STIM_END_RESP_START
444 0 2806689600 LICK
444 0 2806690104 TIMEOUT_START
444 0 2806921132 LICK
444 0 2806921636 TIMEOUT_START
444 0 2807147064 LICK
444 0 2807147568 TIMEOUT_START
444 0 2807444856 RESP_END
444 0 2814148076 TIMEOUT_END
445 1 2817009680 STIM_START
445 1 2818008968 STIM_END_RESP_START
445 1 2819181564 LICK
445 1 2819182072 REWARD_START
445 1 2819209012 RESP_END
445 1 2819202608 REWARD_END
446 1 2822632024 STIM_START
446 1 2823631328 STIM_END_RESP_START
446 1 2824126832 LICK
446 1 2824127332 REWARD_START
446 1 2824325920 LICK
446 1 2824615860 LICK
446 1 2824792100 LICK
446 1 2824831356 RESP_END
446 1 2824147872 REWARD_END
447 1 2827801480 STIM_START
447 1 2828800784 STIM_END_RESP_START
447 1 2829183844 LICK
447 1 2829184352 REWARD_START
447 1 2829416204 LICK
447 1 2829686164 LICK
447 1 2830000800 RESP_END
447 1 2829204888 REWARD_END
448 0 2832943072 STIM_START
448 0 2833942376 STIM_END_RESP_START
448 0 2835142408 RESP_END
449 0 2837552984 STIM_START
449 0 2838552312 STIM_END_RESP_START
449 0 2839752344 RESP_END
450 0 2842445812 STIM_START
450 0 2843445104 STIM_END_RESP_START
450 0 2844645136 RESP_END
451 1 2846970800 STIM_START
451 1 2847970132 STIM_END_RESP_START
451 1 2849066044 LICK
451 1 2849066540 REWARD_START
451 1 2849170156 RESP_END
451 1 2849087080 REWARD_END
452 0 2852591016 STIM_START
452 0 2853590308 STIM_END_RESP_START
452 0 2854790344 RESP_END
453 0 2857056096 STIM_START
453 0 2858055424 STIM_END_RESP_START
453 0 2859255456 RESP_END
454 0 2861830888 STIM_START
454 0 2862830220 STIM_END_RESP_START
454 0 2864030252 RESP_END
455 1 2866337888 STIM_START
455 1 2867337216 STIM_END_RESP_START
455 1 2868537248 RESP_END
456 1 2871832240 STIM_START
456 1 2872594124 LICK
456 1 2872818656 LICK
456 1 2872831552 STIM_END_RESP_START
456 1 2873008544 LICK
456 1 2873009044 REWARD_START
456 1 2873263996 LICK
456 1 2873605276 LICK
456 1 2873769536 LICK
456 1 2873897472 LICK
456 1 2874031580 RESP_END
456 1 2873029584 REWARD_END
457 0 2876626032 STIM_START
457 0 2877625364 STIM_END_RESP_START
457 0 2878825392 RESP_END
458 0 2881327952 STIM_START
458 0 2882327256 STIM_END_RESP_START
458 0 2882797476 LICK
458 0 2882797984 TIMEOUT_START
458 0 2882881656 LICK
458 0 2882882156 TIMEOUT_START
458 0 2883076368 LICK
458 0 2883076864 TIMEOUT_START
458 0 2883252304 LICK
458 0 2883252804 TIMEOUT_START
458 0 2883527268 RESP_END
458 0 2890253332 TIMEOUT_END
459 0 2892619420 STIM_START
459 0 2893618752 STIM_END_RESP_START
459 0 2894818784 RESP_END
460 1 2897169420 STIM_START
460 1 2898168744 STIM_END_RESP_START
460 1 2898622416 LICK
460 1 2898622920 REWARD_START
460 1 2898836008 LICK
460 1 2899299864 LICK
460 1 2899368780 RESP_END
460 1 2898643460 REWARD_END
461 1 2902146120 STIM_START
461 1 2903145444 STIM_END_RESP_START
461 1 2904267840 LICK
461 1 2904268340 REWARD_START
461 1 2904345480 RESP_END
461 1 2904288876 REWARD_END
462 0 2907817364 STIM_START
462 0 2908816696 STIM_END_RESP_START
462 0 2909292032 LICK
462 0 2909292528 TIMEOUT_START
462 0 2909551368 LICK
462 0 2909551872 TIMEOUT_START
462 0 2910016740 RESP_END
462 0 2916552396 TIMEOUT_END
463 1 2918792024 STIM_START
463 1 2919791352 STIM_END_RESP_START
463 1 2920504544 LICK
463 1 2920505040 REWARD_START
463 1 2920675276 LICK
463 1 2920991384 RESP_END
463 1 2920525576 REWARD_END
464 1 2924152484 STIM_START
464 1 2925151812 STIM_END_RESP_START
464 1 2925224012 LICK
464 1 2925224512 REWARD_START
464 1 2925404940 LICK
464 1 2925680312 LICK
464 1 2925837020 LICK
464 1 2926351836 RESP_END
464 1 2925245048 REWARD_END
465 1 2928743440 STIM_START
465 1 2929742736 STIM_END_RESP_START
465 1 2929802468 LICK
465 1 2929802968 REWARD_START
465 1 2930002436 LICK
465 1 2930174352 LICK
465 1 2930501852 LICK
465 1 2930665444 LICK
465 1 2930828536 LICK
465 1 2930942764 RESP_END
465 1 2929823504 REWARD_END
466 0 2933604232 STIM_START
466 0 2934489280 LICK
466 0 2934603524 STIM_END_RESP_START
466 0 2934806764 LICK
466 0 2934807260 TIMEOUT_START
466 0 2935558252 LICK
466 0 2935558756 TIMEOUT_START
466 0 2935722676 LICK
466 0 2935723184 TIMEOUT_START
466 0 2935803556 RESP_END
466 0 2942723712 TIMEOUT_END
467 1 2945013616 STIM_START
467 1 2946012912 STIM_END_RESP_START
467 1 2946245256 LICK
467 1 2946245760 REWARD_START
467 1 2946476368 LICK
467 1 2946744792 LICK
467 1 2947212940 RESP_END
467 1 2946266296 REWARD_END
468 1 2950376092 STIM_START
468 1 2951375396 STIM_END_RESP_START
468 1 2952053416 LICK
468 1 2952053920 REWARD_START
468 1 2952548008 LICK
468 1 2952575412 RESP_END
468 1 2952074456 REWARD_END
469 1 2955729472 STIM_START
469 1 2956728772 STIM_END_RESP_START
469 1 2957928804 RESP_END
470 0 2960263508 STIM_START
470 0 2961262840 STIM_END_RESP_START
470 0 2962462872 RESP_END
471 0 2964922432 STIM_START
471 0 2965921756 STIM_END_RESP_START
471 0 2966202564 LICK
471 0 2966203060 TIMEOUT_START
471 0 2966485880 LICK
471 0 2966486384 TIMEOUT_START
471 0 2966669716 LICK
471 0 2966670212 TIMEOUT_START
471 0 2966893012 LICK
471 0 2966893508 TIMEOUT_START
471 0 2967121780 RESP_END
471 0 2973894040 TIMEOUT_END
472 1 2976069972 STIM_START
472 1 2977069304 STIM_END_RESP_START
472 1 2978091384 LICK
472 1 2978091880 REWARD_START
472 1 2978236496 LICK
472 1 2978269344 RESP_END
472 1 2978112416 REWARD_END
473 0 2981813160 STIM_START
473 0 2982812468 STIM_END_RESP_START
473 0 2982888412 LICK
473 0 2982888916 TIMEOUT_START
473 0 2983067492 LICK
473 0 2983067996 TIMEOUT_START
473 0 2983249472 LICK
473 0 2983249976 TIMEOUT_START
473 0 2983470640 LICK
473 0 2983471144 TIMEOUT_START
473 0 2984012500 RESP_END
473 0 2990471664 TIMEOUT_END
474 0 2993179620 STIM_START
474 0 2994178952 STIM_END_RESP_START
474 0 2995378984 RESP_END
475 0 2997949420 STIM_START
475 0 2998948752 STIM_END_RESP_START
475 0 3000148784 RESP_END
476 1 3002543396 STIM_START
476 1 3003542728 STIM_END_RESP_START
476 1 3004742760 RESP_END
477 0 3007554032 STIM_START
477 0 3008445320 LICK
477 0 3008553348 STIM_END_RESP_START
477 0 3008631664 LICK
477 0 3008632172 TIMEOUT_START
477 0 3008878484 LICK
477 0 3008878988 TIMEOUT_START
477 0 3009753380 RESP_END
477 0 3015879512 TIMEOUT_END
478 0 3018092076 STIM_START
478 0 3019091372 STIM_END_RESP_START
478 0 3020291404 RESP_END
479 1 3022671036 STIM_START
479 1 3023670332 STIM_END_RESP_START
479 1 3024036292 LICK
479 1 3024036792 REWARD_START
479 1 3024254100 LICK
479 1 3024512852 LICK
479 1 3024830800 LICK
479 1 3024870376 RESP_END
479 1 3024057328 REWARD_END
480 0 3027639720 STIM_START
480 0 3028321508 LICK
480 0 3028553484 LICK
480 0 3028639036 STIM_END_RESP_START
480 0 3029243160 LICK
480 0 3029243660 TIMEOUT_START
480 0 3029839076 RESP_END
480 0 3036244188 TIMEOUT_END
481 0 3038599424 STIM_START
481 0 3039285464 LICK
481 0 3039451700 LICK
481 0 3039598744 STIM_END_RESP_START
481 0 3040138700 LICK
481 0 3040139200 TIMEOUT_START
481 0 3040565512 LICK
481 0 3040566012 TIMEOUT_START
481 0 3040798764 RESP_END
481 0 3047566536 TIMEOUT_END
482 0 3049782992 STIM_START
482 0 3050782324 STIM_END_RESP_START
482 0 3051982360 RESP_END
483 1 3054141128 STIM_START
483 1 3055140424 STIM_END_RESP_START
483 1 3055450808 LICK
483 1 3055451316 REWARD_START
483 1 3056235828 LICK
483 1 3056340456 RESP_END
483 1 3055471856 REWARD_END
484 1 3058800044 STIM_START
484 1 3059799376 STIM_END_RESP_START
484 1 3059969936 LICK
484 1 3059970444 REWARD_START
484 1 3060461796 LICK
484 1 3060760004 LICK
484 1 3060943804 LICK
484 1 3060999420 RESP_END
484 1 3059990980 REWARD_END
485 1 3063360992 STIM_START
485 1 3064360324 STIM_END_RESP_START
485 1 3064841656 LICK
485 1 3064842156 REWARD_START
485 1 3065022920 LICK
485 1 3065322876 LICK
485 1 3065475980 LICK
485 1 3065560352 RESP_END
485 1 3064862692 REWARD_END
486 0 3068836336 STIM_START
486 0 3069835632 STIM_END_RESP_START
486 0 3071035668 RESP_END
487 1 3074109816 STIM_START
487 1 3075109144 STIM_END_RESP_START
487 1 3076309176 RESP_END
488 0 3078670820 STIM_START
488 0 3079670152 STIM_END_RESP_START
488 0 3080870188 RESP_END
489 0 3083042892 STIM_START
489 0 3084042216 STIM_END_RESP_START
489 0 3085242248 RESP_END
490 1 3087564952 STIM_START
490 1 3088564284 STIM_END_RESP_START
490 1 3088754352 LICK
490 1 3088754856 REWARD_START
490 1 3089233204 LICK
490 1 3089764320 RESP_END
490 1 3088775396 REWARD_END
491 1 3092143856 STIM_START
491 1 3093143160 STIM_END_RESP_START
491 1 3093414704 LICK
491 1 3093415208 REWARD_START
491 1 3093771256 LICK
491 1 3094109912 LICK
491 1 3094251252 LICK
491 1 3094343176 RESP_END
491 1 3093435744 REWARD_END
492 0 3097007612 STIM_START
492 0 3098006944 STIM_END_RESP_START
492 0 3098257352 LICK
492 0 3098257856 TIMEOUT_START
492 0 3098470300 LICK
492 0 3098470808 TIMEOUT_START
492 0 3098676120 LICK
492 0 3098676624 TIMEOUT_START
492 0 3098884132 LICK
492 0 3098884628 TIMEOUT_START
492 0 3099058896 LICK
492 0 3099059400 TIMEOUT_START
492 0 3099206976 RESP_END
492 0 3106059920 TIMEOUT_END
493 1 3108631892 STIM_START
493 1 3109208132 LICK
493 1 3109421800 LICK
493 1 3109631196 STIM_END_RESP_START
493 1 3110062824 LICK
493 1 3110063332 REWARD_START
493 1 3110311612 LICK
493 1 3110707972 LICK
493 1 3110831236 RESP_END
493 1 3110083872 REWARD_END
494 0 3113580616 STIM_START
494 0 3114579916 STIM_END_RESP_START
494 0 3115779948 RESP_END
495 1 3118358432 STIM_START
495 1 3119357764 STIM_END_RESP_START
495 1 3119529456 LICK
495 1 3119529956 REWARD_START
495 1 3120141780 LICK
495 1 3120321448 LICK
495 1 3120496596 LICK
495 1 3120557808 RESP_END
495 1 3119550496 REWARD_END
496 0 3122960376 STIM_START
496 0 3123959672 STIM_END_RESP_START
496 0 3125159708 RESP_END
497 1 3127727232 STIM_START
497 1 3128683296 LICK
497 1 3128726564 STIM_END_RESP_START
497 1 3128875576 LICK
497 1 3128876084 REWARD_START
497 1 3129073092 LICK
497 1 3129353288 LICK
497 1 3129662504 LICK
497 1 3129835908 LICK
497 1 3129926612 RESP_END
497 1 3128896620 REWARD_END
498 0 3132397092 STIM_START
498 0 3133396428 STIM_END_RESP_START
498 0 3134596460 RESP_END
499 0 3136791200 STIM_START
499 0 3137790532 STIM_END_RESP_START
499 0 3137949140 LICK
499 0 3137949640 TIMEOUT_START
499 0 3138145172 LICK
499 0 3138145680 TIMEOUT_START
499 0 3138320724 LICK
499 0 3138321224 TIMEOUT_START
499 0 3138990548 RESP_END
499 0 3145321756 TIMEOUT_END
500 0 3147600012 STIM_START
500 0 3148599340 STIM_END_RESP_START
500 0 3149799368 RESP_END
501 1 3151998092 STIM_START
501 1 3152997424 STIM_END_RESP_START
501 1 3153022620 LICK
501 1 3153023128 REWARD_START
501 1 3153220388 LICK
501 1 3153512936 LICK
501 1 3153673248 LICK
501 1 3153815952 LICK
501 1 3153983064 LICK
501 1 3154197444 RESP_END
501 1 3153043668 REWARD_END
502 1 3156563056 STIM_START
502 1 3157562384 STIM_END_RESP_START
502 1 3158762412 RESP_END
503 1 3161331932 STIM_START
503 1 3162331228 STIM_END_RESP_START
503 1 3162921760 LICK
503 1 3162922264 REWARD_START
503 1 3163118272 LICK
503 1 3163381724 LICK
503 1 3163531260 RESP_END
503 1 3162942800 REWARD_END
504 0 3166490440 STIM_START
504 0 3167489744 STIM_END_RESP_START
504 0 3168689776 RESP_END
505 1 3171343232 STIM_START
505 1 3172342564 STIM_END_RESP_START
505 1 3172684988 LICK
505 1 3172685488 REWARD_START
505 1 3172870944 LICK
505 1 3173344180 LICK
505 1 3173484472 LICK
505 1 3173542592 RESP_END
505 1 3172706028 REWARD_END
506 1 3176288988 STIM_START
506 1 3177288288 STIM_END_RESP_START
506 1 3177414496 LICK
506 1 3177415000 REWARD_START
506 1 3177629540 LICK
506 1 3177954888 LICK
506 1 3178091864 LICK
506 1 3178270748 LICK
506 1 3178443288 LICK
506 1 3178488324 RESP_END
506 1 3177435540 REWARD_END
507 1 3181115740 STIM_START
507 1 3182115040 STIM_END_RESP_START
507 1 3182309000 LICK
507 1 3182309508 REWARD_START
507 1 3182502508 LICK
507 1 3182823356 LICK
507 1 3183315076 RESP_END
507 1 3182330032 REWARD_END
508 0 3185546824 STIM_START
508 0 3186546132 STIM_END_RESP_START
508 0 3187746164 RESP_END
509 1 3190206728 STIM_START
509 1 3190267000 LICK
509 1 3191206028 STIM_END_RESP_START
509 1 3191230404 LICK
509 1 3191230912 REWARD_START
509 1 3191403204 LICK
509 1 3191599296 LICK
509 1 3191718776 LICK
509 1 3191913988 LICK
509 1 3192064564 LICK
509 1 3192237528 LICK
509 1 3192406076 RESP_END
509 1 3191251448 REWARD_END
510 1 3194552816 STIM_START
510 1 3195552120 STIM_END_RESP_START
510 1 3196031372 LICK
510 1 3196031876 REWARD_START
510 1 3196421036 LICK
510 1 3196569428 LICK
510 1 3196752168 RESP_END
510 1 3196052412 REWARD_END
511 0 3200016164 STIM_START
511 0 3201015464 STIM_END_RESP_START
511 0 3202215496 RESP_END
512 0 3204408256 STIM_START
512 0 3205407548 STIM_END_RESP_START
512 0 3206457128 LICK
512 0 3206457632 TIMEOUT_START
512 0 3206544624 LICK
512 0 3206545120 TIMEOUT_START
512 0 3206607564 RESP_END
512 0 3213545648 TIMEOUT_END
513 1 3216080532 STIM_START
513 1 3217079860 STIM_END_RESP_START
513 1 3217697680 LICK
513 1 3217698184 REWARD_START
513 1 3218194836 LICK
513 1 3218279884 RESP_END
513 1 3217718720 REWARD_END
514 1 3221178108 STIM_START
514 1 3222177408 STIM_END_RESP_START
514 1 3222185176 LICK
514 1 3222185676 REWARD_START
514 1 3222387292 LICK
514 1 3222533088 LICK
514 1 3222860920 LICK
514 1 3222996408 LICK
514 1 3223377452 RESP_END
514 1 3222206216 REWARD_END
515 0 3225865004 STIM_START
515 0 3226864332 STIM_END_RESP_START
515 0 3228064368 RESP_END
516 1 3230288112 STIM_START
516 1 3230867676 LICK
516 1 3231074620 LICK
516 1 3231287440 STIM_END_RESP_START
516 1 3232160980 LICK
516 1 3232161480 REWARD_START
516 1 3232353080 LICK
516 1 3232487484 RESP_END
516 1 3232182012 REWARD_END
517 1 3235428656 STIM_START
517 1 3236427952 STIM_END_RESP_START
517 1 3237291300 LICK
517 1 3237291800 REWARD_START
517 1 3237472284 LICK
517 1 3237627992 RESP_END
517 1 3237312336 REWARD_END
518 1 3241029936 STIM_START
518 1 3242029252 STIM_END_RESP_START
518 1 3242035408 LICK
518 1 3242035916 REWARD_START
518 1 3242220572 LICK
518 1 3242395680 LICK
518 1 3242553596 LICK
518 1 3242698928 LICK
518 1 3243045592 LICK
518 1 3243229276 RESP_END
518 1 3242056452 REWARD_END
519 0 3245966680 STIM_START
519 0 3246965984 STIM_END_RESP_START
519 0 3248166020 RESP_END
520 0 3250442692 STIM_START
520 0 3251442024 STIM_END_RESP_START
520 0 3252070656 LICK
520 0 3252071152 TIMEOUT_START
520 0 3252260612 LICK
520 0 3252261116 TIMEOUT_START
520 0 3252642040 RESP_END
520 0 3259261640 TIMEOUT_END
521 1 3261871084 STIM_START
521 1 3262870392 STIM_END_RESP_START
521 1 3263244044 LICK
521 1 3263244548 REWARD_START
521 1 3263394104 LICK
521 1 3263558940 LICK
521 1 3263726052 LICK
521 1 3263908876 LICK
521 1 3264070424 RESP_END
521 1 3263265088 REWARD_END
522 1 3266952756 STIM_START
522 1 3267729196 LICK
522 1 3267911976 LICK
522 1 3267952064 STIM_END_RESP_START
522 1 3268125056 LICK
522 1 3268125556 REWARD_START
522 1 3269152092 RESP_END
522 1 3268146096 REWARD_END
523 0 3271311796 STIM_START
523 0 3272311132 STIM_END_RESP_START
523 0 3273511164 RESP_END
524 0 3276011676 STIM_START
524 0 3276677968 LICK
524 0 3277010984 STIM_END_RESP_START
524 0 3277282704 LICK
524 0 3277283200 TIMEOUT_START
524 0 3277426864 LICK
524 0 3277427360 TIMEOUT_START
524 0 3277572484 LICK
524 0 3277572980 TIMEOUT_START
524 0 3278211016 RESP_END
524 0 3284573508 TIMEOUT_END
525 1 3286938480 STIM_START
525 1 3287937808 STIM_END_RESP_START
525 1 3288070164 LICK
525 1 3288070660 REWARD_START
525 1 3288490632 LICK
525 1 3288783584 LICK
525 1 3288928420 LICK
525 1 3289137840 RESP_END
525 1 3288091196 REWARD_END
526 0 3291636336 STIM_START
526 0 3292635664 STIM_END_RESP_START
526 0 3293835696 RESP_END
527 1 3296352280 STIM_START
527 1 3297351604 STIM_END_RESP_START
527 1 3297432664 LICK
527 1 3297433160 REWARD_START
527 1 3297691880 LICK
527 1 3298355156 LICK
527 1 3298551624 RESP_END
527 1 3297453696 REWARD_END
528 1 3301063068 STIM_START
528 1 3301972116 LICK
528 1 3302062388 STIM_END_RESP_START
528 1 3302169784 LICK
528 1 3302170284 REWARD_START
528 1 3302367420 LICK
528 1 3302524592 LICK
528 1 3302856260 LICK
528 1 3303028152 LICK
528 1 3303262428 RESP_END
528 1 3302190820 REWARD_END
529 1 3305786032 STIM_START
529 1 3306785360 STIM_END_RESP_START
529 1 3307059428 LICK
529 1 3307059928 REWARD_START
529 1 3307217752 LICK
529 1 3307985380 RESP_END
529 1 3307080464 REWARD_END
530 0 3310550764 STIM_START
530 0 3311550096 STIM_END_RESP_START
530 0 3312750128 RESP_END
531 0 3315211648 STIM_START
531 0 3316210976 STIM_END_RESP_START
531 0 3317411008 RESP_END
532 1 3319537776 STIM_START
532 1 3320537108 STIM_END_RESP_START
532 1 3320736480 LICK
532 1 3320736984 REWARD_START
532 1 3320948164 LICK
532 1 3321385776 LICK
532 1 3321590676 LICK
532 1 3321737124 RESP_END
532 1 3320757524 REWARD_END
533 0 3324141716 STIM_START
533 0 3324785928 LICK
533 0 3324956452 LICK
533 0 3325141024 STIM_END_RESP_START
533 0 3326341064 RESP_END
534 0 3328799720 STIM_START
534 0 3329799052 STIM_END_RESP_START
534 0 3330999084 RESP_END
535 0 3333417544 STIM_START
535 0 3334416840 STIM_END_RESP_START
535 0 3335616872 RESP_END
536 1 3337820652 STIM_START
536 1 3338819984 STIM_END_RESP_START
536 1 3339236308 LICK
536 1 3339236812 REWARD_START
536 1 3339454076 LICK
536 1 3339909116 LICK
536 1 3340020008 RESP_END
536 1 3339257352 REWARD_END
537 0 3342901244 STIM_START
537 0 3343900576 STIM_END_RESP_START
537 0 3345100608 RESP_END
538 0 3347605144 STIM_START
538 0 3348604472 STIM_END_RESP_START
538 0 3349225616 LICK
538 0 3349226112 TIMEOUT_START
538 0 3349403900 LICK
538 0 3349404400 TIMEOUT_START
538 0 3349804516 RESP_END
538 0 3356404920 TIMEOUT_END
539 1 3359105512 STIM_START
539 1 3360104840 STIM_END_RESP_START
539 1 3361304856 RESP_END
540 1 3364594844 STIM_START
540 1 3365594160 STIM_END_RESP_START
540 1 3365635164 LICK
540 1 3365635664 REWARD_START
540 1 3365881900 LICK
540 1 3366193004 LICK
540 1 3366314896 LICK
540 1 3366572112 LICK
540 1 3366794176 RESP_END
540 1 3365656196 REWARD_END
541 0 3369291812 STIM_START
541 0 3370291136 STIM_END_RESP_START
541 0 3371491168 RESP_END
542 0 3373873700 STIM_START
542 0 3374873032 STIM_END_RESP_START
542 0 3376073064 RESP_END
543 1 3378212796 STIM_START
543 1 3379212124 STIM_END_RESP_START
543 1 3380412152 RESP_END
544 1 3382975696 STIM_START
544 1 3383975028 STIM_END_RESP_START
544 1 3385175060 RESP_END
545 1 3387461704 STIM_START
545 1 3388461028 STIM_END_RESP_START
545 1 3388696064 LICK
545 1 3388696560 REWARD_START
545 1 3388886996 LICK
545 1 3389233116 LICK
545 1 3389386432 LICK
545 1 3389535372 LICK
545 1 3389661056 RESP_END
545 1 3388717104 REWARD_END
546 0 3391835760 STIM_START
546 0 3392835092 STIM_END_RESP_START
546 0 3394035124 RESP_END
547 1 3396647588 STIM_START
547 1 3397646920 STIM_END_RESP_START
547 1 3398846956 RESP_END
548 0 3401129604 STIM_START
548 0 3402128896 STIM_END_RESP_START
548 0 3403328928 RESP_END
549 0 3405784516 STIM_START
549 0 3406783844 STIM_END_RESP_START
549 0 3407983880 RESP_END
550 0 3410333492 STIM_START
550 0 3411332820 STIM_END_RESP_START
550 0 3412532852 RESP_END
551 1 3415106308 STIM_START
551 1 3416105636 STIM_END_RESP_START
551 1 3417305664 RESP_END
552 0 3419790212 STIM_START
552 0 3420789540 STIM_END_RESP_START
552 0 3421989576 RESP_END
553 1 3424164304 STIM_START
553 1 3425163632 STIM_END_RESP_START
553 1 3426363664 RESP_END
554 1 3428488436 STIM_START
554 1 3429487764 STIM_END_RESP_START
554 1 3430687800 RESP_END
555 1 3433144372 STIM_START
555 1 3434143696 STIM_END_RESP_START
555 1 3435343728 RESP_END
556 0 3437631380 STIM_START
556 0 3438630712 STIM_END_RESP_START
556 0 3439830744 RESP_END
USER_EXIT