001 1 0008451948 STIM_START
001 1 0009452056 STIM_END_RESP_START
001 1 0010426552 LICK
001 1 0010426988 REWARD_START
001 1 0010601736 LICK
001 1 0010652088 RESP_END
001 1 0010437460 REWARD_END
002 0 0013529620 STIM_START
002 0 0013596844 LICK
002 0 0013815232 LICK
002 0 0014529728 STIM_END_RESP_START
002 0 0015729744 RESP_END
003 0 0017671188 STIM_START
003 0 0018260840 LICK
003 0 0018489360 LICK
003 0 0018671308 STIM_END_RESP_START
003 0 0019583824 LICK
003 0 0019584264 TIMEOUT_START
003 0 0019736932 LICK
003 0 0019737368 TIMEOUT_START
003 0 0019871320 RESP_END
003 0 0026737832 TIMEOUT_END
004 1 0028941768 STIM_START
004 1 0029697072 LICK
004 1 0029763852 LICK
004 1 0029914116 LICK
004 1 0029941880 STIM_END_RESP_START
004 1 0030858252 LICK
004 1 0030858688 REWARD_START
004 1 0031141924 RESP_END
004 1 0030869156 REWARD_END
005 1 0035388696 STIM_START
005 1 0035396184 LICK
005 1 0036388812 STIM_END_RESP_START
005 1 0036663952 LICK
005 1 0036664396 REWARD_START
005 1 0036852696 LICK
005 1 0037191396 LICK
005 1 0037588840 RESP_END
005 1 0036674868 REWARD_END
006 1 0041865568 STIM_START
006 1 0041962740 LICK
006 1 0042865660 STIM_END_RESP_START
006 1 0043421348 LICK
006 1 0043421792 REWARD_START
006 1 0043630428 LICK
006 1 0043822436 LICK
006 1 0044022256 LICK
006 1 0044065696 RESP_END
006 1 0043432260 REWARD_END
007 0 0047975360 STIM_START
007 0 0048818460 LICK
007 0 0048975452 STIM_END_RESP_START
007 0 0049030520 LICK
007 0 0049030956 TIMEOUT_START
007 0 0049235964 LICK
007 0 0049236408 TIMEOUT_START
007 0 0050175492 RESP_END
007 0 0056236860 TIMEOUT_END
008 0 0058126768 STIM_START
008 0 0059100700 LICK
008 0 0059126868 STIM_END_RESP_START
008 0 0059343392 LICK
008 0 0059343828 TIMEOUT_START
008 0 0059561028 LICK
008 0 0059561464 TIMEOUT_START
008 0 0060326920 RESP_END
008 0 0066561928 TIMEOUT_END
009 0 0068720212 STIM_START
009 0 0069417032 LICK
009 0 0069587032 LICK
009 0 0069720320 STIM_END_RESP_START
009 0 0070920344 RESP_END
010 1 0074318988 STIM_START
010 1 0074839388 LICK
010 1 0075319108 STIM_END_RESP_START
010 1 0075645672 LICK
010 1 0075646116 REWARD_START
010 1 0075849400 LICK
010 1 0076519156 RESP_END
010 1 0075656588 REWARD_END
011 0 0079217676 STIM_START
011 0 0079653428 LICK
011 0 0079831916 LICK
011 0 0080024908 LICK
011 0 0080217772 STIM_END_RESP_START
011 0 0081417792 RESP_END
012 0 0083350236 STIM_START
012 0 0084350364 STIM_END_RESP_START
012 0 0085550384 RESP_END
013 1 0087604804 STIM_START
013 1 0088604928 STIM_END_RESP_START
013 1 0089804952 RESP_END
014 1 0093024580 STIM_START
014 1 0093998396 LICK
014 1 0094024700 STIM_END_RESP_START
014 1 0094150524 LICK
014 1 0094150968 REWARD_START
014 1 0094340300 LICK
014 1 0094675352 LICK
014 1 0094832628 LICK
014 1 0094998012 LICK
014 1 0095199272 LICK
014 1 0095224752 RESP_END
014 1 0094161440 REWARD_END
015 1 0097419172 STIM_START
015 1 0098419300 STIM_END_RESP_START
015 1 0098748168 LICK
015 1 0098748612 REWARD_START
015 1 0098960176 LICK
015 1 0099619348 RESP_END
015 1 0098759084 REWARD_END
016 0 0103856048 STIM_START
016 0 0104856152 STIM_END_RESP_START
016 0 0106056192 RESP_END
017 0 0108030656 STIM_START
017 0 0108942424 LICK
017 0 0109030756 STIM_END_RESP_START
017 0 0109139240 LICK
017 0 0109139720 TIMEOUT_START
017 0 0109316344 LICK
017 0 0109316828 TIMEOUT_START
017 0 0110230788 RESP_END
017 0 0116317340 TIMEOUT_END
018 0 0118447076 STIM_START
018 0 0119447180 STIM_END_RESP_START
018 0 0120625016 LICK
018 0 0120625504 TIMEOUT_START
018 0 0120647228 RESP_END
018 0 0127626008 TIMEOUT_END
019 1 0129922624 STIM_START
019 1 0130922732 STIM_END_RESP_START
019 1 0132122768 RESP_END
020 1 0134008212 STIM_START
020 1 0134948936 LICK
020 1 0135008312 STIM_END_RESP_START
020 1 0135123180 LICK
020 1 0135123668 REWARD_START
020 1 0135306624 LICK
020 1 0135624252 LICK
020 1 0135817224 LICK
020 1 0136032440 LICK
020 1 0136208324 RESP_END
020 1 0135134184 REWARD_END
021 1 0138460804 STIM_START
021 1 0139460904 STIM_END_RESP_START
021 1 0140660940 RESP_END
022 0 0142613380 STIM_START
022 0 0143613484 STIM_END_RESP_START
022 0 0143860352 LICK
022 0 0143860840 TIMEOUT_START
022 0 0143955296 LICK
022 0 0143955780 TIMEOUT_START
022 0 0144102816 LICK
022 0 0144103296 TIMEOUT_START
022 0 0144266676 LICK
022 0 0144267156 TIMEOUT_START
022 0 0144433144 LICK
022 0 0144433636 TIMEOUT_START
022 0 0144813520 RESP_END
022 0 0151434132 TIMEOUT_END
023 1 0153506872 STIM_START
023 1 0154443048 LICK
023 1 0154506984 STIM_END_RESP_START
023 1 0155707024 RESP_END
024 0 0158935632 STIM_START
024 0 0159280828 LICK
024 0 0159490700 LICK
024 0 0159642368 LICK
024 0 0159935724 STIM_END_RESP_START
024 0 0160273332 LICK
024 0 0160273820 TIMEOUT_START
024 0 0161135756 RESP_END
024 0 0167274332 TIMEOUT_END
025 1 0169660108 STIM_START
025 1 0170660212 STIM_END_RESP_START
025 1 0171530464 LICK
025 1 0171530944 REWARD_START
025 1 0171667420 LICK
025 1 0171853948 LICK
025 1 0171860228 RESP_END
025 1 0171541464 REWARD_END
026 0 0174588764 STIM_START
026 0 0175588872 STIM_END_RESP_START
026 0 0175769928 LICK
026 0 0175770412 TIMEOUT_START
026 0 0175996968 LICK
026 0 0175997452 TIMEOUT_START
026 0 0176204252 LICK
026 0 0176204736 TIMEOUT_START
026 0 0176788900 RESP_END
026 0 0183205240 TIMEOUT_END
027 0 0185317228 STIM_START
027 0 0186100132 LICK
027 0 0186281704 LICK
027 0 0186317320 STIM_END_RESP_START
027 0 0186886884 LICK
027 0 0186887372 TIMEOUT_START
027 0 0187517364 RESP_END
027 0 0193887872 TIMEOUT_END
028 0 0195854696 STIM_START
028 0 0196400592 LICK
028 0 0196627288 LICK
028 0 0196854812 STIM_END_RESP_START
028 0 0198012948 LICK
028 0 0198013432 TIMEOUT_START
028 0 0198054832 RESP_END
028 0 0205013936 TIMEOUT_END
029 1 0207095248 STIM_START
029 1 0208095348 STIM_END_RESP_START
029 1 0208395800 LICK
029 1 0208396288 REWARD_START
029 1 0208579780 LICK
029 1 0208887968 LICK
029 1 0209074364 LICK
029 1 0209222396 LICK
029 1 0209295376 RESP_END
029 1 0208406812 REWARD_END
030 0 0211088792 STIM_START
030 0 0212088896 STIM_END_RESP_START
030 0 0213288924 RESP_END
031 1 0215081336 STIM_START
031 1 0216081436 STIM_END_RESP_START
031 1 0217239924 LICK
031 1 0217240408 REWARD_START
031 1 0217281452 RESP_END
031 1 0217250932 REWARD_END
032 0 0220141040 STIM_START
032 0 0220647812 LICK
032 0 0220886992 LICK
032 0 0221141148 STIM_END_RESP_START
032 0 0222341188 RESP_END
033 1 0225760820 STIM_START
033 1 0226592064 LICK
033 1 0226760936 STIM_END_RESP_START
033 1 0226770372 LICK
033 1 0226770856 REWARD_START
033 1 0227203056 LICK
033 1 0227520216 LICK
033 1 0227683724 LICK
033 1 0227877872 LICK
033 1 0227960976 RESP_END
033 1 0226781380 REWARD_END
034 1 0232328720 STIM_START
034 1 0232945308 LICK
034 1 0233328832 STIM_END_RESP_START
034 1 0233360824 LICK
034 1 0233361308 REWARD_START
034 1 0233549600 LICK
034 1 0233765616 LICK
034 1 0233942192 LICK
034 1 0234117488 LICK
034 1 0234528848 RESP_END
034 1 0233371832 REWARD_END
035 1 0236398280 STIM_START
035 1 0237398384 STIM_END_RESP_START
035 1 0238441024 LICK
035 1 0238441516 REWARD_START
035 1 0238574248 LICK
035 1 0238598432 RESP_END
035 1 0238452032 REWARD_END
036 0 0240966888 STIM_START
036 0 0241759832 LICK
036 0 0241960416 LICK
036 0 0241967016 STIM_END_RESP_START
036 0 0242354516 LICK
036 0 0242355004 TIMEOUT_START
036 0 0243167040 RESP_END
036 0 0249355508 TIMEOUT_END
037 0 0252798520 STIM_START
037 0 0253744800 LICK
037 0 0253798640 STIM_END_RESP_START
037 0 0253922960 LICK
037 0 0253923452 TIMEOUT_START
037 0 0254111780 LICK
037 0 0254112264 TIMEOUT_START
037 0 0254998664 RESP_END
037 0 0261112756 TIMEOUT_END
038 1 0263468984 STIM_START
038 1 0264278804 LICK
038 1 0264465564 LICK
038 1 0264469104 STIM_END_RESP_START
038 1 0265098540 LICK
038 1 0265099024 REWARD_START
038 1 0265313660 LICK
038 1 0265509020 LICK
038 1 0265669124 RESP_END
038 1 0265109548 REWARD_END
039 1 0268064616 STIM_START
039 1 0268936852 LICK
039 1 0269064732 STIM_END_RESP_START
039 1 0269095232 LICK
039 1 0269095716 REWARD_START
039 1 0269291228 LICK
039 1 0269503832 LICK
039 1 0269674584 LICK
039 1 0269890324 LICK
039 1 0270264752 RESP_END
039 1 0269106240 REWARD_END
040 0 0272494220 STIM_START
040 0 0273494324 STIM_END_RESP_START
040 0 0273826880 LICK
040 0 0273827364 TIMEOUT_START
040 0 0274047772 LICK
040 0 0274048264 TIMEOUT_START
040 0 0274694360 RESP_END
040 0 0281048772 TIMEOUT_END
041 0 0283218692 STIM_START
041 0 0284187208 LICK
041 0 0284218788 STIM_END_RESP_START
041 0 0284394620 LICK
041 0 0284395104 TIMEOUT_START
041 0 0284591636 LICK
041 0 0284592120 TIMEOUT_START
041 0 0285418808 RESP_END
041 0 0291592624 TIMEOUT_END
042 1 0293602128 STIM_START
042 1 0294520100 LICK
042 1 0294602244 STIM_END_RESP_START
042 1 0294714180 LICK
042 1 0294714672 REWARD_START
042 1 0295661968 LICK
042 1 0295802280 RESP_END
042 1 0294725192 REWARD_END
043 0 0298374804 STIM_START
043 0 0299225292 LICK
043 0 0299374904 STIM_END_RESP_START
043 0 0299444048 LICK
043 0 0299444540 TIMEOUT_START
043 0 0300056696 LICK
043 0 0300057180 TIMEOUT_START
043 0 0300574928 RESP_END
043 0 0307057700 TIMEOUT_END
044 1 0309302300 STIM_START
044 1 0310302400 STIM_END_RESP_START
044 1 0311099452 LICK
044 1 0311099940 REWARD_START
044 1 0311157908 LICK
044 1 0311313736 LICK
044 1 0311489536 LICK
044 1 0311502424 RESP_END
044 1 0311110460 REWARD_END
045 1 0313734888 STIM_START
045 1 0314734996 STIM_END_RESP_START
045 1 0315241248 LICK
045 1 0315241740 REWARD_START
045 1 0315417868 LICK
045 1 0315769164 LICK
045 1 0315935020 RESP_END
045 1 0315252260 REWARD_END
046 0 0318185504 STIM_START
046 0 0319140876 LICK
046 0 0319185608 STIM_END_RESP_START
046 0 0319399472 LICK
046 0 0319399964 TIMEOUT_START
046 0 0320385644 RESP_END
046 0 0326400464 TIMEOUT_END
047 0 0328368908 STIM_START
047 0 0329369012 STIM_END_RESP_START
047 0 0329619068 LICK
047 0 0329619556 TIMEOUT_START
047 0 0329800776 LICK
047 0 0329801260 TIMEOUT_START
047 0 0330569036 RESP_END
047 0 0336801760 TIMEOUT_END
048 1 0339050400 STIM_START
048 1 0339823760 LICK
048 1 0340034496 LICK
048 1 0340050488 STIM_END_RESP_START
048 1 0340676568 LICK
048 1 0340677060 REWARD_START
048 1 0340874728 LICK
048 1 0341054012 LICK
048 1 0341250528 RESP_END
048 1 0340687576 REWARD_END
049 1 0343187928 STIM_START
049 1 0344188032 STIM_END_RESP_START
049 1 0345388072 RESP_END
050 1 0347919592 STIM_START
050 1 0348919688 STIM_END_RESP_START
050 1 0349082068 LICK
050 1 0349082552 REWARD_START
050 1 0349257836 LICK
050 1 0349460956 LICK
050 1 0349623140 LICK
050 1 0349808832 LICK
050 1 0350119736 RESP_END
050 1 0349093076 REWARD_END
051 0 0351938156 STIM_START
051 0 0352938260 STIM_END_RESP_START
051 0 0353277820 LICK
051 0 0353278312 TIMEOUT_START
051 0 0353479688 LICK
051 0 0353480172 TIMEOUT_START
051 0 0353674836 LICK
051 0 0353675328 TIMEOUT_START
051 0 0354138280 RESP_END
051 0 0360675828 TIMEOUT_END
052 1 0362464596 STIM_START
052 1 0363464696 STIM_END_RESP_START
052 1 0363866944 LICK
052 1 0363867436 REWARD_START
052 1 0364107644 LICK
052 1 0364287052 LICK
052 1 0364444956 LICK
052 1 0364609940 LICK
052 1 0364664732 RESP_END
052 1 0363877956 REWARD_END
053 0 0366817188 STIM_START
053 0 0367817292 STIM_END_RESP_START
053 0 0369017332 RESP_END
054 0 0371114828 STIM_START
054 0 0372014956 LICK
054 0 0372114956 STIM_END_RESP_START
054 0 0372215920 LICK
054 0 0372216404 TIMEOUT_START
054 0 0373314976 RESP_END
054 0 0379216912 TIMEOUT_END
055 0 0381143176 STIM_START
055 0 0382107440 LICK
055 0 0382143264 STIM_END_RESP_START
055 0 0382236004 LICK
055 0 0382236488 TIMEOUT_START
055 0 0383343280 RESP_END
055 0 0389236996 TIMEOUT_END
056 1 0391231548 STIM_START
056 1 0392231648 STIM_END_RESP_START
056 1 0392529936 LICK
056 1 0392530424 REWARD_START
056 1 0392727772 LICK
056 1 0392895120 LICK
056 1 0393073716 LICK
056 1 0393260048 LICK
056 1 0393431672 RESP_END
056 1 0392540944 REWARD_END
057 1 0395426116 STIM_START
057 1 0396426216 STIM_END_RESP_START
057 1 0397626256 RESP_END
058 0 0401788988 STIM_START
058 0 0402789084 STIM_END_RESP_START
058 0 0403989124 RESP_END
059 1 0406006596 STIM_START
059 1 0407006700 STIM_END_RESP_START
059 1 0407149812 LICK
059 1 0407150296 REWARD_START
059 1 0407297640 LICK
059 1 0407449468 LICK
059 1 0407608056 LICK
059 1 0407801216 LICK
059 1 0407947564 LICK
059 1 0408206744 RESP_END
059 1 0407160816 REWARD_END
060 0 0410265148 STIM_START
060 0 0411265248 STIM_END_RESP_START
060 0 0411347900 LICK
060 0 0411348392 TIMEOUT_START
060 0 0411502472 LICK
060 0 0411502964 TIMEOUT_START
060 0 0411720732 LICK
060 0 0411721216 TIMEOUT_START
060 0 0412465264 RESP_END
060 0 0418721716 TIMEOUT_END
061 0 0420745632 STIM_START
061 0 0421745732 STIM_END_RESP_START
061 0 0422071832 LICK
061 0 0422072316 TIMEOUT_START
061 0 0422282412 LICK
061 0 0422282892 TIMEOUT_START
061 0 0422945776 RESP_END
061 0 0429283408 TIMEOUT_END
062 1 0431165036 STIM_START
062 1 0432165140 STIM_END_RESP_START
062 1 0432239796 LICK
062 1 0432240280 REWARD_START
062 1 0433365184 RESP_END
062 1 0432250800 REWARD_END
063 0 0436105708 STIM_START
063 0 0437105812 STIM_END_RESP_START
063 0 0437136564 LICK
063 0 0437137048 TIMEOUT_START
063 0 0437872732 LICK
063 0 0437873216 TIMEOUT_START
063 0 0438305852 RESP_END
063 0 0444873724 TIMEOUT_END
064 1 0447109216 STIM_START
064 1 0447468468 LICK
064 1 0447719780 LICK
064 1 0448109312 STIM_END_RESP_START
064 1 0449028408 LICK
064 1 0449028888 REWARD_START
064 1 0449184468 LICK
064 1 0449309324 RESP_END
064 1 0449039412 REWARD_END
065 1 0452605980 STIM_START
065 1 0453455452 LICK
065 1 0453606068 STIM_END_RESP_START
065 1 0454553152 LICK
065 1 0454553644 REWARD_START
065 1 0454712108 LICK
065 1 0454806104 RESP_END
065 1 0454564164 REWARD_END
066 1 0457347628 STIM_START
066 1 0458292088 LICK
066 1 0458347752 STIM_END_RESP_START
066 1 0458467020 LICK
066 1 0458467512 REWARD_START
066 1 0459547764 RESP_END
066 1 0458478032 REWARD_END
067 0 0461482196 STIM_START
067 0 0462187660 LICK
067 0 0462482296 STIM_END_RESP_START
067 0 0462486116 LICK
067 0 0462486612 TIMEOUT_START
067 0 0462655572 LICK
067 0 0462656056 TIMEOUT_START
067 0 0462805220 LICK
067 0 0462805704 TIMEOUT_START
067 0 0463682324 RESP_END
067 0 0469806212 TIMEOUT_END
068 0 0471955624 STIM_START
068 0 0472955724 STIM_END_RESP_START
068 0 0474155764 RESP_END
069 0 0476221268 STIM_START
069 0 0477221372 STIM_END_RESP_START
069 0 0478421412 RESP_END
070 1 0480490816 STIM_START
070 1 0481388256 LICK
070 1 0481490936 STIM_END_RESP_START
070 1 0481550304 LICK
070 1 0481550796 REWARD_START
070 1 0481745440 LICK
070 1 0481927968 LICK
070 1 0482095344 LICK
070 1 0482259304 LICK
070 1 0482423804 LICK
070 1 0482690980 RESP_END
070 1 0481561316 REWARD_END
071 1 0484592372 STIM_START
071 1 0485592476 STIM_END_RESP_START
071 1 0485807392 LICK
071 1 0485807876 REWARD_START
071 1 0485999468 LICK
071 1 0486175344 LICK
071 1 0486357296 LICK
071 1 0486515008 LICK
071 1 0486792504 RESP_END
071 1 0485818404 REWARD_END
072 1 0488600920 STIM_START
072 1 0489601016 STIM_END_RESP_START
072 1 0489828816 LICK
072 1 0489829300 REWARD_START
072 1 0490035336 LICK
072 1 0490225932 LICK
072 1 0490404340 LICK
072 1 0490801040 RESP_END
072 1 0489839828 REWARD_END
073 0 0492878524 STIM_START
073 0 0493703828 LICK
073 0 0493869788 LICK
073 0 0493878616 STIM_END_RESP_START
073 0 0495078652 RESP_END
074 0 0496961064 STIM_START
074 0 0497961168 STIM_END_RESP_START
074 0 0498325988 LICK
074 0 0498326472 TIMEOUT_START
074 0 0498541348 LICK
074 0 0498541836 TIMEOUT_START
074 0 0499161200 RESP_END
074 0 0505542332 TIMEOUT_END
075 1 0508232604 STIM_START
075 1 0509232708 STIM_END_RESP_START
075 1 0510432748 RESP_END
076 1 0513753356 STIM_START
076 1 0514753452 STIM_END_RESP_START
076 1 0514832456 LICK
076 1 0514832940 REWARD_START
076 1 0514996168 LICK
076 1 0515188324 LICK
076 1 0515379772 LICK
076 1 0515548188 LICK
076 1 0515953500 RESP_END
076 1 0514843460 REWARD_END
077 0 0517756908 STIM_START
077 0 0518757012 STIM_END_RESP_START
077 0 0519957052 RESP_END
078 0 0521995520 STIM_START
078 0 0522750864 LICK
078 0 0522917100 LICK
078 0 0522995636 STIM_END_RESP_START
078 0 0523115440 LICK
078 0 0523115932 TIMEOUT_START
078 0 0523673384 LICK
078 0 0523673880 TIMEOUT_START
078 0 0524195680 RESP_END
078 0 0530674384 TIMEOUT_END
079 0 0532577948 STIM_START
079 0 0533409772 LICK
079 0 0533578068 STIM_END_RESP_START
079 0 0534240928 LICK
079 0 0534241420 TIMEOUT_START
079 0 0534778080 RESP_END
079 0 0541241920 TIMEOUT_END
080 1 0543215448 STIM_START
080 1 0544187076 LICK
080 1 0544215540 STIM_END_RESP_START
080 1 0545415588 RESP_END
081 1 0547708028 STIM_START
081 1 0548708128 STIM_END_RESP_START
081 1 0548724256 LICK
081 1 0548724748 REWARD_START
081 1 0549545672 LICK
081 1 0549775200 LICK
081 1 0549908148 RESP_END
081 1 0548735268 REWARD_END
082 0 0552137624 STIM_START
082 0 0553137728 STIM_END_RESP_START
082 0 0553213576 LICK
082 0 0553214068 TIMEOUT_START
082 0 0553385988 LICK
082 0 0553386472 TIMEOUT_START
082 0 0553581364 LICK
082 0 0553581852 TIMEOUT_START
082 0 0554337760 RESP_END
082 0 0560582352 TIMEOUT_END
083 1 0562771108 STIM_START
083 1 0563771208 STIM_END_RESP_START
083 1 0563807336 LICK
083 1 0563807820 REWARD_START
083 1 0563971672 LICK
083 1 0564149884 LICK
083 1 0564267236 LICK
083 1 0564456184 LICK
083 1 0564971224 RESP_END
083 1 0563818340 REWARD_END
084 1 0566840644 STIM_START
084 1 0567840596 LICK
084 1 0567841124 STIM_END_RESP_START
084 1 0568056064 LICK
084 1 0568056548 REWARD_START
084 1 0569041160 RESP_END
084 1 0568067068 REWARD_END
085 1 0571137264 STIM_START
085 1 0572137360 STIM_END_RESP_START
085 1 0572241896 LICK
085 1 0572242388 REWARD_START
085 1 0572422316 LICK
085 1 0572574800 LICK
085 1 0572768888 LICK
085 1 0573337388 RESP_END
085 1 0572252908 REWARD_END
086 0 0575815884 STIM_START
086 0 0576399636 LICK
086 0 0576589132 LICK
086 0 0576815992 STIM_END_RESP_START
086 0 0577665968 LICK
086 0 0577666456 TIMEOUT_START
086 0 0578016028 RESP_END
086 0 0584666952 TIMEOUT_END
087 1 0586815376 STIM_START
087 1 0587815480 STIM_END_RESP_START
087 1 0587933412 LICK
087 1 0587933908 REWARD_START
087 1 0588105312 LICK
087 1 0588303956 LICK
087 1 0588481316 LICK
087 1 0588649224 LICK
087 1 0589015516 RESP_END
087 1 0587944428 REWARD_END
088 0 0590974952 STIM_START
088 0 0591820724 LICK
088 0 0591975048 STIM_END_RESP_START
088 0 0591991820 LICK
088 0 0591992308 TIMEOUT_START
088 0 0593175092 RESP_END
088 0 0598992804 TIMEOUT_END
089 1 0600878300 STIM_START
089 1 0601606096 LICK
089 1 0601757952 LICK
089 1 0601878424 STIM_END_RESP_START
089 1 0602857428 LICK
089 1 0602857924 REWARD_START
089 1 0603078440 RESP_END
089 1 0602868444 REWARD_END
090 0 0605065896 STIM_START
090 0 0605946796 LICK
090 0 0606066012 STIM_END_RESP_START
090 0 0606138216 LICK
090 0 0606138708 TIMEOUT_START
090 0 0606278608 LICK
090 0 0606279096 TIMEOUT_START
090 0 0606457104 LICK
090 0 0606457588 TIMEOUT_START
090 0 0607266024 RESP_END
090 0 0613458100 TIMEOUT_END
091 0 0615390320 STIM_START
091 0 0615941628 LICK
091 0 0616390436 STIM_END_RESP_START
091 0 0617590476 RESP_END
092 1 0619594872 STIM_START
092 1 0619638936 LICK
092 1 0619837680 LICK
092 1 0620594992 STIM_END_RESP_START
092 1 0620820928 LICK
092 1 0620821412 REWARD_START
092 1 0621046664 LICK
092 1 0621228352 LICK
092 1 0621419560 LICK
092 1 0621627592 LICK
092 1 0621795020 RESP_END
092 1 0620831936 REWARD_END
093 0 0624576560 STIM_START
093 0 0625576656 STIM_END_RESP_START
093 0 0625936548 LICK
093 0 0625937032 TIMEOUT_START
093 0 0626077044 LICK
093 0 0626077528 TIMEOUT_START
093 0 0626776684 RESP_END
093 0 0633078036 TIMEOUT_END
094 0 0635193008 STIM_START
094 0 0636193112 STIM_END_RESP_START
094 0 0637393152 RESP_END
095 0 0639818664 STIM_START
095 0 0640818768 STIM_END_RESP_START
095 0 0641032012 LICK
095 0 0641032500 TIMEOUT_START
095 0 0641218248 LICK
095 0 0641218740 TIMEOUT_START
095 0 0642018264 LICK
095 0 0642018752 TIMEOUT_START
095 0 0642019252 RESP_END
095 0 0649019256 TIMEOUT_END
096 1 0651196208 STIM_START
096 1 0652168160 LICK
096 1 0652196332 STIM_END_RESP_START
096 1 0653070732 LICK
096 1 0653071220 REWARD_START
096 1 0653258172 LICK
096 1 0653396348 RESP_END
096 1 0653081744 REWARD_END
097 1 0655897884 STIM_START
097 1 0656897980 STIM_END_RESP_START
097 1 0658098016 RESP_END
098 0 0660124432 STIM_START
098 0 0661124536 STIM_END_RESP_START
098 0 0661353984 LICK
098 0 0661354468 TIMEOUT_START
098 0 0661578892 LICK
098 0 0661579376 TIMEOUT_START
098 0 0662324548 RESP_END
098 0 0668579888 TIMEOUT_END
099 0 0670731880 STIM_START
099 0 0671731984 STIM_END_RESP_START
099 0 0671811336 LICK
099 0 0671811828 TIMEOUT_START
099 0 0672043836 LICK
099 0 0672044324 TIMEOUT_START
099 0 0672932008 RESP_END
099 0 0679044828 TIMEOUT_END
100 1 0680825264 STIM_START
100 1 0681825368 STIM_END_RESP_START
100 1 0682479200 LICK
100 1 0682479692 REWARD_START
100 1 0682647180 LICK
100 1 0682807064 LICK
100 1 0682975996 LICK
100 1 0683025400 RESP_END
100 1 0682490208 REWARD_END
101 0 0685397892 STIM_START
101 0 0686398004 STIM_END_RESP_START
101 0 0686415084 LICK
101 0 0686415568 TIMEOUT_START
101 0 0686479156 LICK
101 0 0686479648 TIMEOUT_START
101 0 0687598028 RESP_END
101 0 0693480144 TIMEOUT_END
102 0 0695593308 STIM_START
102 0 0696593404 STIM_END_RESP_START
102 0 0696875552 LICK
102 0 0696876044 TIMEOUT_START
102 0 0697023104 LICK
102 0 0697023596 TIMEOUT_START
102 0 0697793440 RESP_END
102 0 0704024100 TIMEOUT_END
103 0 0705994720 STIM_START
103 0 0706994828 STIM_END_RESP_START
103 0 0707122908 LICK
103 0 0707123400 TIMEOUT_START
103 0 0707192876 LICK
103 0 0707193360 TIMEOUT_START
103 0 0708030796 LICK
103 0 0708031284 TIMEOUT_START
103 0 0708194848 RESP_END
103 0 0715031796 TIMEOUT_END
104 1 0717236260 STIM_START
104 1 0718236364 STIM_END_RESP_START
104 1 0718254540 LICK
104 1 0718255028 REWARD_START
104 1 0718479792 LICK
104 1 0718665684 LICK
104 1 0718826960 LICK
104 1 0718995700 LICK
104 1 0719436372 RESP_END
104 1 0718265552 REWARD_END
105 0 0721251848 STIM_START
105 0 0722251952 STIM_END_RESP_START
105 0 0723451992 RESP_END
106 0 0725312360 STIM_START
106 0 0726312460 STIM_END_RESP_START
106 0 0727512504 RESP_END
107 1 0729454948 STIM_START
107 1 0730455052 STIM_END_RESP_START
107 1 0730853160 LICK
107 1 0730853652 REWARD_START
107 1 0731058676 LICK
107 1 0731251056 LICK
107 1 0731405856 LICK
107 1 0731655076 RESP_END
107 1 0730864172 REWARD_END
108 0 0733541504 STIM_START
108 0 0734541604 STIM_END_RESP_START
108 0 0735741644 RESP_END
109 1 0737633076 STIM_START
109 1 0738633180 STIM_END_RESP_START
109 1 0738750664 LICK
109 1 0738751148 REWARD_START
109 1 0738828488 LICK
109 1 0738940008 LICK
109 1 0739107492 LICK
109 1 0739300032 LICK
109 1 0739833204 RESP_END
109 1 0738761668 REWARD_END
110 1 0741960660 STIM_START
110 1 0742783388 LICK
110 1 0742960780 STIM_END_RESP_START
110 1 0742965652 LICK
110 1 0742966144 REWARD_START
110 1 0743144420 LICK
110 1 0743320220 LICK
110 1 0743496780 LICK
110 1 0744160800 RESP_END
110 1 0742976668 REWARD_END
111 1 0745948244 STIM_START
111 1 0746948340 STIM_END_RESP_START
111 1 0747288956 LICK
111 1 0747289444 REWARD_START
111 1 0747488276 LICK
111 1 0747682248 LICK
111 1 0747852912 LICK
111 1 0748148372 RESP_END
111 1 0747299968 REWARD_END
112 0 0750238796 STIM_START
112 0 0751172364 LICK
112 0 0751238916 STIM_END_RESP_START
112 0 0751395740 LICK
112 0 0751396232 TIMEOUT_START
112 0 0751539792 LICK
112 0 0751540284 TIMEOUT_START
112 0 0751735764 LICK
112 0 0751736256 TIMEOUT_START
112 0 0752438940 RESP_END
112 0 0758736764 TIMEOUT_END
113 1 0760970256 STIM_START
113 1 0761951644 LICK
113 1 0761970348 STIM_END_RESP_START
113 1 0762142388 LICK
113 1 0762142884 REWARD_START
113 1 0762335776 LICK
113 1 0762555952 LICK
113 1 0762686136 LICK
113 1 0762843680 LICK
113 1 0763170400 RESP_END
113 1 0762153404 REWARD_END
114 0 0765264872 STIM_START
114 0 0766037296 LICK
114 0 0766240896 LICK
114 0 0766264968 STIM_END_RESP_START
114 0 0766425424 LICK
114 0 0766425912 TIMEOUT_START
114 0 0766916272 LICK
114 0 0766916764 TIMEOUT_START
114 0 0767464984 RESP_END
114 0 0773917260 TIMEOUT_END
115 0 0776075328 STIM_START
115 0 0777053888 LICK
115 0 0777075436 STIM_END_RESP_START
115 0 0777285488 LICK
115 0 0777285980 TIMEOUT_START
115 0 0777483628 LICK
115 0 0777484112 TIMEOUT_START
115 0 0778275452 RESP_END
115 0 0784484628 TIMEOUT_END
116 1 0786536748 STIM_START
116 1 0787536868 STIM_END_RESP_START
116 1 0787550520 LICK
116 1 0787551008 REWARD_START
116 1 0787763264 LICK
116 1 0787928116 LICK
116 1 0788116516 LICK
116 1 0788736916 RESP_END
116 1 0787561532 REWARD_END
117 0 0790880360 STIM_START
117 0 0791880456 STIM_END_RESP_START
117 0 0792082612 LICK
117 0 0792083096 TIMEOUT_START
117 0 0792278320 LICK
117 0 0792278808 TIMEOUT_START
117 0 0792453512 LICK
117 0 0792454000 TIMEOUT_START
117 0 0793080476 RESP_END
117 0 0799454516 TIMEOUT_END
118 1 0801650812 STIM_START
118 1 0802650908 STIM_END_RESP_START
118 1 0803119264 LICK
118 1 0803119752 REWARD_START
118 1 0803332744 LICK
118 1 0803484740 LICK
118 1 0803660796 LICK
118 1 0803820784 LICK
118 1 0803850936 RESP_END
118 1 0803130272 REWARD_END
119 1 0805799380 STIM_START
119 1 0806594548 LICK
119 1 0806799312 LICK
119 1 0806799840 STIM_END_RESP_START
119 1 0806988668 LICK
119 1 0806989160 REWARD_START
119 1 0807999884 RESP_END
119 1 0806999680 REWARD_END
120 0 0809846940 STIM_START
120 0 0810760048 LICK
120 0 0810847036 STIM_END_RESP_START
120 0 0810996816 LICK
120 0 0810997304 TIMEOUT_START
120 0 0811112764 LICK
120 0 0811113252 TIMEOUT_START
120 0 0811281864 LICK
120 0 0811282352 TIMEOUT_START
120 0 0812047080 RESP_END
120 0 0818282860 TIMEOUT_END
121 1 0821201484 STIM_START
121 1 0822157844 LICK
121 1 0822201604 STIM_END_RESP_START
121 1 0822381800 LICK
121 1 0822382284 REWARD_START
121 1 0822796504 LICK
121 1 0822945988 LICK
121 1 0823110212 LICK
121 1 0823299092 LICK
121 1 0823401620 RESP_END
121 1 0822392804 REWARD_END
122 0 0825642096 STIM_START
122 0 0826507444 LICK
122 0 0826642192 STIM_END_RESP_START
122 0 0826677624 LICK
122 0 0826678108 TIMEOUT_START
122 0 0827835036 LICK
122 0 0827835528 TIMEOUT_START
122 0 0827842220 RESP_END
122 0 0834836028 TIMEOUT_END
123 1 0836708644 STIM_START
123 1 0837693008 LICK
123 1 0837708756 STIM_END_RESP_START
123 1 0837842356 LICK
123 1 0837842840 REWARD_START
123 1 0838026896 LICK
123 1 0838209848 LICK
123 1 0838383880 LICK
123 1 0838558188 LICK
123 1 0838908800 RESP_END
123 1 0837853368 REWARD_END
124 0 0840769196 STIM_START
124 0 0841651972 LICK
124 0 0841769308 STIM_END_RESP_START
124 0 0841844976 LICK
124 0 0841845460 TIMEOUT_START
124 0 0842020700 LICK
124 0 0842021192 TIMEOUT_START
124 0 0842969340 RESP_END
124 0 0849021684 TIMEOUT_END
125 1 0851211620 STIM_START
125 1 0852211720 STIM_END_RESP_START
125 1 0852347132 LICK
125 1 0852347616 REWARD_START
125 1 0852540896 LICK
125 1 0852715204 LICK
125 1 0852878060 LICK
125 1 0853411760 RESP_END
125 1 0852358132 REWARD_END
126 0 0855507180 STIM_START
126 0 0856445640 LICK
126 0 0856507276 STIM_END_RESP_START
126 0 0856629568 LICK
126 0 0856630052 TIMEOUT_START
126 0 0857707304 RESP_END
126 0 0863630560 TIMEOUT_END
127 1 0865778656 STIM_START
127 1 0866765288 LICK
127 1 0866778764 STIM_END_RESP_START
127 1 0866936096 LICK
127 1 0866936580 REWARD_START
127 1 0867130788 LICK
127 1 0867294772 LICK
127 1 0867476520 LICK
127 1 0867646712 LICK
127 1 0867978800 RESP_END
127 1 0866947108 REWARD_END
128 0 0869901148 STIM_START
128 0 0870901252 STIM_END_RESP_START
128 0 0872101292 RESP_END
129 1 0874337756 STIM_START
129 1 0875219568 LICK
129 1 0875337860 STIM_END_RESP_START
129 1 0875430620 LICK
129 1 0875431112 REWARD_START
129 1 0875627192 LICK
129 1 0875778364 LICK
129 1 0875965044 LICK
129 1 0876537896 RESP_END
129 1 0875441632 REWARD_END
130 1 0878686356 STIM_START
130 1 0879686456 STIM_END_RESP_START
130 1 0880317060 LICK
130 1 0880317552 REWARD_START
130 1 0880530476 LICK
130 1 0880708364 LICK
130 1 0880870252 LICK
130 1 0880886484 RESP_END
130 1 0880328072 REWARD_END
131 0 0883094000 STIM_START
131 0 0884094112 STIM_END_RESP_START
131 0 0884320928 LICK
131 0 0884321420 TIMEOUT_START
131 0 0884525024 LICK
131 0 0884525516 TIMEOUT_START
131 0 0885294128 RESP_END
131 0 0891526016 TIMEOUT_END
132 1 0893495416 STIM_START
132 1 0894495512 STIM_END_RESP_START
132 1 0894582904 LICK
132 1 0894583392 REWARD_START
132 1 0894777248 LICK
132 1 0894948964 LICK
132 1 0895096960 LICK
132 1 0895281184 LICK
132 1 0895695552 RESP_END
132 1 0894593912 REWARD_END
133 1 0897632948 STIM_START
133 1 0898479960 LICK
133 1 0898633044 STIM_END_RESP_START
133 1 0898718860 LICK
133 1 0898719348 REWARD_START
133 1 0899833060 RESP_END
133 1 0898729868 REWARD_END
134 0 0901718516 STIM_START
134 0 0902576528 LICK
134 0 0902718620 STIM_END_RESP_START
134 0 0902925372 LICK
134 0 0902925856 TIMEOUT_START
134 0 0903075448 LICK
134 0 0903075940 TIMEOUT_START
134 0 0903918640 RESP_END
134 0 0910076444 TIMEOUT_END
135 1 0912174928 STIM_START
135 1 0913116736 LICK
135 1 0913175020 STIM_END_RESP_START
135 1 0913819208 LICK
135 1 0913819700 REWARD_START
135 1 0913978424 LICK
135 1 0914170368 LICK
135 1 0914375068 RESP_END
135 1 0913830220 REWARD_END
136 0 0916718608 STIM_START
136 0 0917718708 STIM_END_RESP_START
136 0 0918030884 LICK
136 0 0918031376 TIMEOUT_START
136 0 0918240564 LICK
136 0 0918241052 TIMEOUT_START
136 0 0918918720 RESP_END
136 0 0925241556 TIMEOUT_END
137 1 0927252000 STIM_START
137 1 0928252104 STIM_END_RESP_START
137 1 0928541780 LICK
137 1 0928542264 REWARD_START
137 1 0928719580 LICK
137 1 0928871064 LICK
137 1 0929042188 LICK
137 1 0929206000 LICK
137 1 0929452136 RESP_END
137 1 0928552784 REWARD_END
138 1 0931353568 STIM_START
138 1 0932353676 STIM_END_RESP_START
138 1 0932381844 LICK
138 1 0932382332 REWARD_START
138 1 0932598308 LICK
138 1 0932784580 LICK
138 1 0932977780 LICK
138 1 0933138184 LICK
138 1 0933553700 RESP_END
138 1 0932392852 REWARD_END
139 1 0935618136 STIM_START
139 1 0936574156 LICK
139 1 0936618228 STIM_END_RESP_START
139 1 0936731860 LICK
139 1 0936732348 REWARD_START
139 1 0936917412 LICK
139 1 0937110864 LICK
139 1 0937305040 LICK
139 1 0937460696 LICK
139 1 0937818264 RESP_END
139 1 0936742868 REWARD_END
140 0 0939954752 STIM_START
140 0 0940946480 LICK
140 0 0940954868 STIM_END_RESP_START
140 0 0941095904 LICK
140 0 0941096396 TIMEOUT_START
140 0 0941286580 LICK
140 0 0941287064 TIMEOUT_START
140 0 0942154900 RESP_END
140 0 0948287564 TIMEOUT_END
141 1 0950097140 STIM_START
141 1 0951097236 STIM_END_RESP_START
141 1 0951210536 LICK
141 1 0951211028 REWARD_START
141 1 0951654056 LICK
141 1 0951798988 LICK
141 1 0951976020 LICK
141 1 0952147136 LICK
141 1 0952297280 RESP_END
141 1 0951221548 REWARD_END
142 1 0954475712 STIM_START
142 1 0955475804 STIM_END_RESP_START
142 1 0955487088 LICK
142 1 0955487592 REWARD_START
142 1 0955623280 LICK
142 1 0955810664 LICK
142 1 0955981876 LICK
142 1 0956173072 LICK
142 1 0956675820 RESP_END
142 1 0955498112 REWARD_END
143 0 0958784324 STIM_START
143 0 0959784428 STIM_END_RESP_START
143 0 0959821336 LICK
143 0 0959821832 TIMEOUT_START
143 0 0959975736 LICK
143 0 0959976224 TIMEOUT_START
143 0 0960174320 LICK
143 0 0960174804 TIMEOUT_START
143 0 0960984452 RESP_END
143 0 0967175308 TIMEOUT_END
144 1 0969265756 STIM_START
144 1 0970265864 STIM_END_RESP_START
144 1 0971135212 LICK
144 1 0971135700 REWARD_START
144 1 0971298612 LICK
144 1 0971465896 RESP_END
144 1 0971146220 REWARD_END
145 0 0973684368 STIM_START
145 0 0974684472 STIM_END_RESP_START
145 0 0975884512 RESP_END
146 1 0978061936 STIM_START
146 1 0979017720 LICK
146 1 0979062060 STIM_END_RESP_START
146 1 0979253132 LICK
146 1 0979253624 REWARD_START
146 1 0980262080 RESP_END
146 1 0979264144 REWARD_END
147 0 0982254508 STIM_START
147 0 0983109924 LICK
147 0 0983254632 STIM_END_RESP_START
147 0 0983301188 LICK
147 0 0983301672 TIMEOUT_START
147 0 0983481556 LICK
147 0 0983482044 TIMEOUT_START
147 0 0983635752 LICK
147 0 0983636244 TIMEOUT_START
147 0 0984454672 RESP_END
147 0 0990636740 TIMEOUT_END
148 0 0992472908 STIM_START
148 0 0993185904 LICK
148 0 0993359496 LICK
148 0 0993473012 STIM_END_RESP_START
148 0 0993550776 LICK
148 0 0993551260 TIMEOUT_START
148 0 0994181496 LICK
148 0 0994181984 TIMEOUT_START
148 0 0994381412 LICK
148 0 0994381904 TIMEOUT_START
148 0 0994673056 RESP_END
148 0 1001382404 TIMEOUT_END
149 0 1003136392 STIM_START
149 0 1004136512 STIM_END_RESP_START
149 0 1004656172 LICK
149 0 1004656708 TIMEOUT_START
149 0 1005336544 RESP_END
149 0 1011657260 TIMEOUT_END
150 1 1013462788 STIM_START
150 1 1014099288 LICK
150 1 1014304860 LICK
150 1 1014462908 STIM_END_RESP_START
150 1 1015662928 RESP_END
151 1 1017989432 STIM_START
151 1 1018989544 STIM_END_RESP_START
151 1 1019097376 LICK
151 1 1019097908 REWARD_START
151 1 1019728564 LICK
151 1 1019953892 LICK
151 1 1020117812 LICK
151 1 1020189556 RESP_END
151 1 1019108484 REWARD_END
152 0 1022219968 STIM_START
152 0 1023220092 STIM_END_RESP_START
152 0 1023888272 LICK
152 0 1023888812 TIMEOUT_START
152 0 1024420116 RESP_END
152 0 1030889376 TIMEOUT_END
153 0 1032780420 STIM_START
153 0 1033780540 STIM_END_RESP_START
153 0 1034484108 LICK
153 0 1034484640 TIMEOUT_START
153 0 1034646976 LICK
153 0 1034647508 TIMEOUT_START
153 0 1034980552 RESP_END
153 0 1041648076 TIMEOUT_END
154 1 1043837944 STIM_START
154 1 1044838068 STIM_END_RESP_START
154 1 1044975872 LICK
154 1 1044976404 REWARD_START
154 1 1045819960 LICK
154 1 1046013176 LICK
154 1 1046038084 RESP_END
154 1 1044986976 REWARD_END
155 0 1048203544 STIM_START
155 0 1049203664 STIM_END_RESP_START
155 0 1050054508 LICK
155 0 1050055044 TIMEOUT_START
155 0 1050234352 LICK
155 0 1050234888 TIMEOUT_START
155 0 1050403684 RESP_END
155 0 1057235428 TIMEOUT_END
156 0 1059159020 STIM_START
156 0 1060159140 STIM_END_RESP_START
156 0 1060710552 LICK
156 0 1060711084 TIMEOUT_START
156 0 1060860356 LICK
156 0 1060860888 TIMEOUT_START
156 0 1061359168 RESP_END
156 0 1067861452 TIMEOUT_END
157 0 1070037504 STIM_START
157 0 1071037624 STIM_END_RESP_START
157 0 1071740812 LICK
157 0 1071741348 TIMEOUT_START
157 0 1072237652 RESP_END
157 0 1078741904 TIMEOUT_END
158 1 1080591936 STIM_START
158 1 1081592056 STIM_END_RESP_START
158 1 1082576804 LICK
158 1 1082577340 REWARD_START
158 1 1082792068 RESP_END
158 1 1082587908 REWARD_END
159 1 1086120696 STIM_START
159 1 1087120812 STIM_END_RESP_START
159 1 1088320832 RESP_END
160 1 1090382264 STIM_START
160 1 1091382384 STIM_END_RESP_START
160 1 1091923264 LICK
160 1 1091923792 REWARD_START
160 1 1092119384 LICK
160 1 1092286600 LICK
160 1 1092453656 LICK
160 1 1092582432 RESP_END
160 1 1091934364 REWARD_END
161 0 1094642852 STIM_START
161 0 1095642964 STIM_END_RESP_START
161 0 1095813568 LICK
161 0 1095814100 TIMEOUT_START
161 0 1096064160 LICK
161 0 1096064688 TIMEOUT_START
161 0 1096842980 RESP_END
161 0 1103065240 TIMEOUT_END
162 1 1104973276 STIM_START
162 1 1105973396 STIM_END_RESP_START
162 1 1107173416 RESP_END
163 1 1109357856 STIM_START
163 1 1110357972 STIM_END_RESP_START
163 1 1111067788 LICK
163 1 1111068320 REWARD_START
163 1 1111216644 LICK
163 1 1111426612 LICK
163 1 1111558012 RESP_END
163 1 1111078904 REWARD_END
164 1 1113586444 STIM_START
164 1 1114505756 LICK
164 1 1114586536 STIM_END_RESP_START
164 1 1114661128 LICK
164 1 1114661660 REWARD_START
164 1 1114862780 LICK
164 1 1115040736 LICK
164 1 1115224324 LICK
164 1 1115394500 LICK
164 1 1115786552 RESP_END
164 1 1114672232 REWARD_END
165 0 1117754012 STIM_START
165 0 1118754132 STIM_END_RESP_START
165 0 1119024292 LICK
165 0 1119024828 TIMEOUT_START
165 0 1119233192 LICK
165 0 1119233724 TIMEOUT_START
165 0 1119954164 RESP_END
165 0 1126234284 TIMEOUT_END
166 0 1128388464 STIM_START
166 0 1129388584 STIM_END_RESP_START
166 0 1129504008 LICK
166 0 1129504540 TIMEOUT_START
166 0 1129785240 LICK
166 0 1129785780 TIMEOUT_START
166 0 1130207532 LICK
166 0 1130208064 TIMEOUT_START
166 0 1130588616 RESP_END
166 0 1137208628 TIMEOUT_END
167 0 1139162940 STIM_START
167 0 1140163060 STIM_END_RESP_START
167 0 1141363080 RESP_END
168 1 1143200496 STIM_START
168 1 1144200616 STIM_END_RESP_START
168 1 1144480080 LICK
168 1 1144480612 REWARD_START
168 1 1144693116 LICK
168 1 1144881396 LICK
168 1 1145074812 LICK
168 1 1145400632 RESP_END
168 1 1144491184 REWARD_END
169 1 1147507088 STIM_START
169 1 1148507208 STIM_END_RESP_START
169 1 1149707220 RESP_END
170 0 1151514648 STIM_START
170 0 1152514764 STIM_END_RESP_START
170 0 1153714780 RESP_END
171 1 1155635188 STIM_START
171 1 1156635308 STIM_END_RESP_START
171 1 1157835328 RESP_END
172 0 1159971768 STIM_START
172 0 1160018884 LICK
172 0 1160155972 LICK
172 0 1160370248 LICK
172 0 1160971860 STIM_END_RESP_START
172 0 1162171880 RESP_END
173 0 1163992328 STIM_START
173 0 1164992440 STIM_END_RESP_START
173 0 1166192460 RESP_END
174 0 1168327968 STIM_START
174 0 1169328080 STIM_END_RESP_START
174 0 1169767716 LICK
174 0 1169768248 TIMEOUT_START
174 0 1170528124 RESP_END
174 0 1176768808 TIMEOUT_END
175 1 1178753376 STIM_START
175 1 1179753496 STIM_END_RESP_START
175 1 1180082376 LICK
175 1 1180082908 REWARD_START
175 1 1180243116 LICK
175 1 1180454376 LICK
175 1 1180596296 LICK
175 1 1180953512 RESP_END
175 1 1180093484 REWARD_END
176 0 1182984936 STIM_START
176 0 1183985056 STIM_END_RESP_START
176 0 1185185076 RESP_END
177 1 1187168520 STIM_START
177 1 1188168636 STIM_END_RESP_START
177 1 1189368656 RESP_END
178 0 1191219056 STIM_START
178 0 1192106148 LICK
178 0 1192219172 STIM_END_RESP_START
178 0 1192257388 LICK
178 0 1192257928 TIMEOUT_START
178 0 1193419200 RESP_END
178 0 1199258484 TIMEOUT_END
179 0 1201405444 STIM_START
179 0 1202368328 LICK
179 0 1202405552 STIM_END_RESP_START
179 0 1203136532 LICK
179 0 1203137068 TIMEOUT_START
179 0 1203323188 LICK
179 0 1203323716 TIMEOUT_START
179 0 1203605588 RESP_END
179 0 1210324284 TIMEOUT_END
180 1 1212297916 STIM_START
180 1 1213298036 STIM_END_RESP_START
180 1 1213463360 LICK
180 1 1213463896 REWARD_START
180 1 1213680872 LICK
180 1 1213884924 LICK
180 1 1214212628 LICK
180 1 1214382720 LICK
180 1 1214498064 RESP_END
180 1 1213474464 REWARD_END
181 0 1216678520 STIM_START
181 0 1217678640 STIM_END_RESP_START
181 0 1218416516 LICK
181 0 1218417056 TIMEOUT_START
181 0 1218637980 LICK
181 0 1218638512 TIMEOUT_START
181 0 1218878656 RESP_END
181 0 1225639084 TIMEOUT_END
182 0 1227554004 STIM_START
182 0 1228554116 STIM_END_RESP_START
182 0 1228940320 LICK
182 0 1228940848 TIMEOUT_START
182 0 1229754148 RESP_END
182 0 1235941404 TIMEOUT_END
183 0 1237805404 STIM_START
183 0 1238805524 STIM_END_RESP_START
183 0 1238831480 LICK
183 0 1238832012 TIMEOUT_START
183 0 1239869280 LICK
183 0 1239869820 TIMEOUT_START
183 0 1240005536 RESP_END
183 0 1246870380 TIMEOUT_END
184 1 1248731936 STIM_START
184 1 1249723628 LICK
184 1 1249732024 STIM_END_RESP_START
184 1 1249958100 LICK
184 1 1249958632 REWARD_START
184 1 1250590700 LICK
184 1 1250780216 LICK
184 1 1250932060 RESP_END
184 1 1249969204 REWARD_END
185 0 1253425548 STIM_START
185 0 1254425668 STIM_END_RESP_START
185 0 1254502348 LICK
185 0 1254502888 TIMEOUT_START
185 0 1254713004 LICK
185 0 1254713540 TIMEOUT_START
185 0 1255523628 LICK
185 0 1255524160 TIMEOUT_START
185 0 1255625700 RESP_END
185 0 1262524716 TIMEOUT_END
186 1 1264375028 STIM_START
186 1 1264997864 LICK
186 1 1265212428 LICK
186 1 1265375120 STIM_END_RESP_START
186 1 1266575140 RESP_END
187 0 1269984808 STIM_START
187 0 1270562396 LICK
187 0 1270984916 STIM_END_RESP_START
187 0 1272184936 RESP_END
188 0 1274250436 STIM_START
188 0 1275090840 LICK
188 0 1275250544 STIM_END_RESP_START
188 0 1275270676 LICK
188 0 1275271216 TIMEOUT_START
188 0 1275982492 LICK
188 0 1275983032 TIMEOUT_START
188 0 1276246832 LICK
188 0 1276247372 TIMEOUT_START
188 0 1276450568 RESP_END
188 0 1283247928 TIMEOUT_END
189 1 1285086868 STIM_START
189 1 1286086988 STIM_END_RESP_START
189 1 1286279904 LICK
189 1 1286280444 REWARD_START
189 1 1286930720 LICK
189 1 1287248708 LICK
189 1 1287287024 RESP_END
189 1 1286291008 REWARD_END
190 1 1289840532 STIM_START
190 1 1290840656 STIM_END_RESP_START
190 1 1291174680 LICK
190 1 1291175216 REWARD_START
190 1 1291377712 LICK
190 1 1291569872 LICK
190 1 1291749764 LICK
190 1 1292040700 RESP_END
190 1 1291185784 REWARD_END
191 1 1294161140 STIM_START
191 1 1295161256 STIM_END_RESP_START
191 1 1295491256 LICK
191 1 1295491788 REWARD_START
191 1 1295698456 LICK
191 1 1295895080 LICK
191 1 1296085100 LICK
191 1 1296361300 RESP_END
191 1 1295502376 REWARD_END
192 0 1298240660 STIM_START
192 0 1299240776 STIM_END_RESP_START
192 0 1299924828 LICK
192 0 1299925364 TIMEOUT_START
192 0 1300440796 RESP_END
192 0 1306925928 TIMEOUT_END
193 0 1308761104 STIM_START
193 0 1309761220 STIM_END_RESP_START
193 0 1309938084 LICK
193 0 1309938616 TIMEOUT_START
193 0 1310144744 LICK
193 0 1310145276 TIMEOUT_START
193 0 1310961240 RESP_END
193 0 1317145840 TIMEOUT_END
194 1 1318919488 STIM_START
194 1 1319919600 STIM_END_RESP_START
194 1 1321119620 RESP_END
195 1 1323147056 STIM_START
195 1 1324106812 LICK
195 1 1324147176 STIM_END_RESP_START
195 1 1324783764 LICK
195 1 1324784296 REWARD_START
195 1 1325039064 LICK
195 1 1325204220 LICK
195 1 1325347216 RESP_END
195 1 1324794864 REWARD_END
196 0 1327297648 STIM_START
196 0 1328297764 STIM_END_RESP_START
196 0 1329497780 RESP_END
197 1 1331802244 STIM_START
197 1 1332592992 LICK
197 1 1332796376 LICK
197 1 1332802336 STIM_END_RESP_START
197 1 1333234208 LICK
197 1 1333234748 REWARD_START
197 1 1333429940 LICK
197 1 1333636236 LICK
197 1 1333854944 LICK
197 1 1334002384 RESP_END
197 1 1333245312 REWARD_END
198 0 1336129820 STIM_START
198 0 1337129932 STIM_END_RESP_START
198 0 1338329948 RESP_END
199 0 1341280536 STIM_START
199 0 1342280624 STIM_END_RESP_START
199 0 1342396284 LICK
199 0 1342396820 TIMEOUT_START
199 0 1342589820 LICK
199 0 1342590356 TIMEOUT_START
199 0 1343480664 RESP_END
199 0 1349590912 TIMEOUT_END
200 1 1351438968 STIM_START
200 1 1352439088 STIM_END_RESP_START
200 1 1352762424 LICK
200 1 1352762956 REWARD_START
200 1 1352982108 LICK
200 1 1353156204 LICK
200 1 1353309720 LICK
200 1 1353477840 LICK
200 1 1353639100 RESP_END
200 1 1352773536 REWARD_END
201 0 1355578460 STIM_START
201 0 1356033664 LICK
201 0 1356248108 LICK
201 0 1356578584 STIM_END_RESP_START
201 0 1357778604 RESP_END
202 1 1362448420 STIM_START
202 1 1363282272 LICK
202 1 1363448508 STIM_END_RESP_START
202 1 1363961436 LICK
202 1 1363961976 REWARD_START
202 1 1364107588 LICK
202 1 1364288364 LICK
202 1 1364499844 LICK
202 1 1364648536 RESP_END
202 1 1363972544 REWARD_END
203 1 1366760020 STIM_START
203 1 1367551356 LICK
203 1 1367760144 STIM_END_RESP_START
203 1 1367780696 LICK
203 1 1367781232 REWARD_START
203 1 1368469288 LICK
203 1 1368661240 LICK
203 1 1368828580 LICK
203 1 1368960172 RESP_END
203 1 1367791804 REWARD_END
204 1 1371225592 STIM_START
204 1 1372162480 LICK
204 1 1372225712 STIM_END_RESP_START
204 1 1372375168 LICK
204 1 1372375700 REWARD_START
204 1 1373425720 RESP_END
204 1 1372386284 REWARD_END
205 0 1375455180 STIM_START
205 0 1376455304 STIM_END_RESP_START
205 0 1376470508 LICK
205 0 1376471036 TIMEOUT_START
205 0 1376810536 LICK
205 0 1376811072 TIMEOUT_START
205 0 1376960448 LICK
205 0 1376960984 TIMEOUT_START
205 0 1377655332 RESP_END
205 0 1383961544 TIMEOUT_END
206 0 1386143624 STIM_START
206 0 1387143740 STIM_END_RESP_START
206 0 1387664292 LICK
206 0 1387664828 TIMEOUT_START
206 0 1387873064 LICK
206 0 1387873600 TIMEOUT_START
206 0 1388060292 LICK
206 0 1388060828 TIMEOUT_START
206 0 1388343764 RESP_END
206 0 1395061388 TIMEOUT_END
207 0 1397143132 STIM_START
207 0 1398143252 STIM_END_RESP_START
207 0 1398987132 LICK
207 0 1398987668 TIMEOUT_START
207 0 1399343296 RESP_END
207 0 1405988232 TIMEOUT_END
208 1 1407881588 STIM_START
208 1 1408881712 STIM_END_RESP_START
208 1 1409240424 LICK
208 1 1409240956 REWARD_START
208 1 1409450840 LICK
208 1 1409625236 LICK
208 1 1409797616 LICK
208 1 1409970828 LICK
208 1 1410081764 RESP_END
208 1 1409251528 REWARD_END
209 1 1412190180 STIM_START
209 1 1413190280 STIM_END_RESP_START
209 1 1413191348 LICK
209 1 1413191884 REWARD_START
209 1 1413409412 LICK
209 1 1413584748 LICK
209 1 1413780368 LICK
209 1 1414390304 RESP_END
209 1 1413202452 REWARD_END
210 1 1416242752 STIM_START
210 1 1416697968 LICK
210 1 1416864836 LICK
210 1 1417082008 LICK
210 1 1417242872 STIM_END_RESP_START
210 1 1417515608 LICK
210 1 1417516148 REWARD_START
210 1 1417741236 LICK
210 1 1417924836 LICK
210 1 1418110212 LICK
210 1 1418442888 RESP_END
210 1 1417526712 REWARD_END
211 0 1420316300 STIM_START
211 0 1421316420 STIM_END_RESP_START
211 0 1421567468 LICK
211 0 1421568008 TIMEOUT_START
211 0 1421810684 LICK
211 0 1421811224 TIMEOUT_START
211 0 1422516436 RESP_END
211 0 1428811780 TIMEOUT_END
212 0 1430942728 STIM_START
212 0 1431942844 STIM_END_RESP_START
212 0 1432059248 LICK
212 0 1432059780 TIMEOUT_START
212 0 1432299392 LICK
212 0 1432299932 TIMEOUT_START
212 0 1433142860 RESP_END
212 0 1439300488 TIMEOUT_END
213 0 1441246132 STIM_START
213 0 1442246252 STIM_END_RESP_START
213 0 1442545156 LICK
213 0 1442545692 TIMEOUT_START
213 0 1443278240 LICK
213 0 1443278768 TIMEOUT_START
213 0 1443446276 RESP_END
213 0 1450279324 TIMEOUT_END
214 1 1452425676 STIM_START
214 1 1453425796 STIM_END_RESP_START
214 1 1453754432 LICK
214 1 1453754964 REWARD_START
214 1 1453983340 LICK
214 1 1454159920 LICK
214 1 1454332408 LICK
214 1 1454625844 RESP_END
214 1 1453765548 REWARD_END
215 1 1456707280 STIM_START
215 1 1457707400 STIM_END_RESP_START
215 1 1457983420 LICK
215 1 1457983960 REWARD_START
215 1 1458185536 LICK
215 1 1458375632 LICK
215 1 1458522288 LICK
215 1 1458713748 LICK
215 1 1458907408 RESP_END
215 1 1457994528 REWARD_END
216 1 1460773824 STIM_START
216 1 1461577128 LICK
216 1 1461764236 LICK
216 1 1461773944 STIM_END_RESP_START
216 1 1462491856 LICK
216 1 1462492392 REWARD_START
216 1 1462973956 RESP_END
216 1 1462502960 REWARD_END
217 0 1465031368 STIM_START
217 0 1466012928 LICK
217 0 1466031492 STIM_END_RESP_START
217 0 1466207832 LICK
217 0 1466208372 TIMEOUT_START
217 0 1466400820 LICK
217 0 1466401352 TIMEOUT_START
217 0 1467231532 RESP_END
217 0 1473401916 TIMEOUT_END
218 0 1475464800 STIM_START
218 0 1476464916 STIM_END_RESP_START
218 0 1476909184 LICK
218 0 1476909716 TIMEOUT_START
218 0 1477067388 LICK
218 0 1477067924 TIMEOUT_START
218 0 1477256468 LICK
218 0 1477257000 TIMEOUT_START
218 0 1477664928 RESP_END
218 0 1484257560 TIMEOUT_END
219 0 1486397288 STIM_START
219 0 1487397408 STIM_END_RESP_START
219 0 1488118848 LICK
219 0 1488119376 TIMEOUT_START
219 0 1488597424 RESP_END
219 0 1495119940 TIMEOUT_END
220 1 1497246768 STIM_START
220 1 1497981192 LICK
220 1 1498246872 STIM_END_RESP_START
220 1 1499208964 LICK
220 1 1499209496 REWARD_START
220 1 1499446892 RESP_END
220 1 1499220068 REWARD_END
221 1 1501696384 STIM_START
221 1 1502158228 LICK
221 1 1502487636 LICK
221 1 1502653264 LICK
221 1 1502696500 STIM_END_RESP_START
221 1 1502852868 LICK
221 1 1502853408 REWARD_START
221 1 1503896544 RESP_END
221 1 1502863976 REWARD_END
222 0 1505728928 STIM_START
222 0 1506729048 STIM_END_RESP_START
222 0 1507929064 RESP_END
223 1 1509902492 STIM_START
223 1 1510902608 STIM_END_RESP_START
223 1 1510903672 LICK
223 1 1510904212 REWARD_START
223 1 1511053672 LICK
223 1 1511231856 LICK
223 1 1511389592 LICK
223 1 1511542760 LICK
223 1 1511709628 LICK
223 1 1511883508 LICK
223 1 1512102648 RESP_END
223 1 1510914780 REWARD_END
224 1 1513944036 STIM_START
224 1 1514944156 STIM_END_RESP_START
224 1 1515043500 LICK
224 1 1515044040 REWARD_START
224 1 1515237176 LICK
224 1 1515383168 LICK
224 1 1515561184 LICK
224 1 1515740792 LICK
224 1 1516144168 RESP_END
224 1 1515054608 REWARD_END
225 1 1518243616 STIM_START
225 1 1518872036 LICK
225 1 1519044524 LICK
225 1 1519243712 STIM_END_RESP_START
225 1 1520051824 LICK
225 1 1520052360 REWARD_START
225 1 1520443752 RESP_END
225 1 1520062928 REWARD_END
226 0 1523397328 STIM_START
226 0 1524185940 LICK
226 0 1524397448 STIM_END_RESP_START
226 0 1525597468 RESP_END
227 0 1527521932 STIM_START
227 0 1528304520 LICK
227 0 1528493324 LICK
227 0 1528522052 STIM_END_RESP_START
227 0 1529722084 RESP_END
228 1 1531855476 STIM_START
228 1 1532779168 LICK
228 1 1532855580 STIM_END_RESP_START
228 1 1533466492 LICK
228 1 1533467028 REWARD_START
228 1 1533725492 LICK
228 1 1533929960 LICK
228 1 1534055596 RESP_END
228 1 1533477596 REWARD_END
229 1 1535945028 STIM_START
229 1 1536945148 STIM_END_RESP_START
229 1 1537546860 LICK
229 1 1537547396 REWARD_START
229 1 1537745224 LICK
229 1 1537932928 LICK
229 1 1538119688 LICK
229 1 1538145180 RESP_END
229 1 1537557964 REWARD_END
230 0 1540394624 STIM_START
230 0 1541394752 STIM_END_RESP_START
230 0 1541419132 LICK
230 0 1541419664 TIMEOUT_START
230 0 1541652752 LICK
230 0 1541653284 TIMEOUT_START
230 0 1542594764 RESP_END
230 0 1548653840 TIMEOUT_END
231 0 1550590028 STIM_START
231 0 1551590144 STIM_END_RESP_START
231 0 1552591224 LICK
231 0 1552591756 TIMEOUT_START
231 0 1552790184 RESP_END
231 0 1559592324 TIMEOUT_END
232 0 1561767544 STIM_START
232 0 1562767664 STIM_END_RESP_START
232 0 1563206628 LICK
232 0 1563207164 TIMEOUT_START
232 0 1563967712 RESP_END
232 0 1570207716 TIMEOUT_END
233 1 1572187980 STIM_START
233 1 1573188104 STIM_END_RESP_START
233 1 1573725364 LICK
233 1 1573725896 REWARD_START
233 1 1573928588 LICK
233 1 1574265312 LICK
233 1 1574388112 RESP_END
233 1 1573736488 REWARD_END
234 0 1576814612 STIM_START
234 0 1577527612 LICK
234 0 1577768076 LICK
234 0 1577814720 STIM_END_RESP_START
234 0 1579014740 RESP_END
235 1 1580859156 STIM_START
235 1 1581709184 LICK
235 1 1581855104 LICK
235 1 1581859264 STIM_END_RESP_START
235 1 1582777348 LICK
235 1 1582777884 REWARD_START
235 1 1583059304 RESP_END
235 1 1582788468 REWARD_END
236 0 1585606796 STIM_START
236 0 1586310880 LICK
236 0 1586490992 LICK
236 0 1586606888 STIM_END_RESP_START
236 0 1587806908 RESP_END
237 0 1589891388 STIM_START
237 0 1590888760 LICK
237 0 1590891480 STIM_END_RESP_START
237 0 1591087148 LICK
237 0 1591087680 TIMEOUT_START
237 0 1592091504 RESP_END
237 0 1598088248 TIMEOUT_END
238 0 1600284792 STIM_START
238 0 1601284904 STIM_END_RESP_START
238 0 1601322408 LICK
238 0 1601322940 TIMEOUT_START
238 0 1602070600 LICK
238 0 1602071132 TIMEOUT_START
238 0 1602484952 RESP_END
238 0 1609071688 TIMEOUT_END
239 1 1611021264 STIM_START
239 1 1611982120 LICK
239 1 1612021360 STIM_END_RESP_START
239 1 1612777268 LICK
239 1 1612777808 REWARD_START
239 1 1612943776 LICK
239 1 1613148416 LICK
239 1 1613221380 RESP_END
239 1 1612788380 REWARD_END
240 0 1615320856 STIM_START
240 0 1616320976 STIM_END_RESP_START
240 0 1616363668 LICK
240 0 1616364200 TIMEOUT_START
240 0 1616581492 LICK
240 0 1616582032 TIMEOUT_START
240 0 1617520992 RESP_END
240 0 1623582584 TIMEOUT_END
241 0 1625403200 STIM_START
241 0 1626265104 LICK
241 0 1626403292 STIM_END_RESP_START
241 0 1626844124 LICK
241 0 1626844664 TIMEOUT_START
241 0 1627102564 LICK
241 0 1627103096 TIMEOUT_START
241 0 1627603320 RESP_END
241 0 1634103660 TIMEOUT_END
242 0 1635927632 STIM_START
242 0 1636728480 LICK
242 0 1636927724 STIM_END_RESP_START
242 0 1637311064 LICK
242 0 1637311604 TIMEOUT_START
242 0 1637477044 LICK
242 0 1637477584 TIMEOUT_START
242 0 1638127764 RESP_END
242 0 1644478148 TIMEOUT_END
243 1 1646554080 STIM_START
243 1 1647471040 LICK
243 1 1647554204 STIM_END_RESP_START
243 1 1648156996 LICK
243 1 1648157528 REWARD_START
243 1 1648754220 RESP_END
243 1 1648168100 REWARD_END
244 1 1650571648 STIM_START
244 1 1650908952 LICK
244 1 1651277388 LICK
244 1 1651442900 LICK
244 1 1651571748 STIM_END_RESP_START
244 1 1651623496 LICK
244 1 1651624032 REWARD_START
244 1 1652771788 RESP_END
244 1 1651634596 REWARD_END
245 1 1656797524 STIM_START
245 1 1657797644 STIM_END_RESP_START
245 1 1658343360 LICK
245 1 1658343900 REWARD_START
245 1 1658547228 LICK
245 1 1658841216 LICK
245 1 1658997668 RESP_END
245 1 1658354464 REWARD_END
246 0 1661867164 STIM_START
246 0 1662867280 STIM_END_RESP_START
246 0 1663226152 LICK
246 0 1663226684 TIMEOUT_START
246 0 1663410384 LICK
246 0 1663410916 TIMEOUT_START
246 0 1664067316 RESP_END
246 0 1670411476 TIMEOUT_END
247 0 1672486616 STIM_START
247 0 1673486736 STIM_END_RESP_START
247 0 1674686756 RESP_END
248 1 1676540160 STIM_START
248 1 1677471912 LICK
248 1 1677540272 STIM_END_RESP_START
248 1 1677678600 LICK
248 1 1677679136 REWARD_START
248 1 1678421700 LICK
248 1 1678609240 LICK
248 1 1678740316 RESP_END
248 1 1677689724 REWARD_END
249 1 1681134784 STIM_START
249 1 1682134896 STIM_END_RESP_START
249 1 1682261568 LICK
249 1 1682262104 REWARD_START
249 1 1682426856 LICK
249 1 1682615984 LICK
249 1 1682788812 LICK
249 1 1683334908 RESP_END
249 1 1682272668 REWARD_END
250 1 1685173348 STIM_START
250 1 1686173460 STIM_END_RESP_START
250 1 1686639572 LICK
250 1 1686640112 REWARD_START
250 1 1686797088 LICK
250 1 1687001096 LICK
250 1 1687186112 LICK
250 1 1687373508 RESP_END
250 1 1686650692 REWARD_END
251 0 1689543936 STIM_START
251 0 1690544052 STIM_END_RESP_START
251 0 1690672296 LICK
251 0 1690672824 TIMEOUT_START
251 0 1690835768 LICK
251 0 1690836300 TIMEOUT_START
251 0 1691003160 LICK
251 0 1691003692 TIMEOUT_START
251 0 1691744084 RESP_END
251 0 1698004252 TIMEOUT_END
252 1 1700202424 STIM_START
252 1 1701202540 STIM_END_RESP_START
252 1 1701299868 LICK
252 1 1701300408 REWARD_START
252 1 1701375848 LICK
252 1 1701523520 LICK
252 1 1701698380 LICK
252 1 1701867456 LICK
252 1 1702402572 RESP_END
252 1 1701310972 REWARD_END
253 0 1704325972 STIM_START
253 0 1704412796 LICK
253 0 1704617844 LICK
253 0 1705326092 STIM_END_RESP_START
253 0 1705799364 LICK
253 0 1705799904 TIMEOUT_START
253 0 1706526124 RESP_END
253 0 1712800444 TIMEOUT_END
254 0 1714772360 STIM_START
254 0 1715772480 STIM_END_RESP_START
254 0 1716117024 LICK
254 0 1716117564 TIMEOUT_START
254 0 1716292200 LICK
254 0 1716292740 TIMEOUT_START
254 0 1716972520 RESP_END
254 0 1723293300 TIMEOUT_END
255 1 1725512832 STIM_START
255 1 1726512944 STIM_END_RESP_START
255 1 1727016428 LICK
255 1 1727016964 REWARD_START
255 1 1727191632 LICK
255 1 1727373632 LICK
255 1 1727522896 LICK
255 1 1727690896 LICK
255 1 1727712972 RESP_END
255 1 1727027532 REWARD_END
256 0 1729738416 STIM_START
256 0 1730738504 STIM_END_RESP_START
256 0 1731028704 LICK
256 0 1731029240 TIMEOUT_START
256 0 1731244684 LICK
256 0 1731245224 TIMEOUT_START
256 0 1731938544 RESP_END
256 0 1738245780 TIMEOUT_END
257 1 1740864916 STIM_START
257 1 1741726084 LICK
257 1 1741865016 STIM_END_RESP_START
257 1 1742554028 LICK
257 1 1742554564 REWARD_START
257 1 1742767548 LICK
257 1 1742965444 LICK
257 1 1743065052 RESP_END
257 1 1742565132 REWARD_END
258 0 1745168512 STIM_START
258 0 1746104312 LICK
258 0 1746168612 STIM_END_RESP_START
258 0 1746389840 LICK
258 0 1746390380 TIMEOUT_START
258 0 1747368644 RESP_END
258 0 1753390932 TIMEOUT_END
259 0 1755393892 STIM_START
259 0 1756394012 STIM_END_RESP_START
259 0 1757594032 RESP_END
260 1 1759784488 STIM_START
260 1 1760784608 STIM_END_RESP_START
260 1 1760902064 LICK
260 1 1760902604 REWARD_START
260 1 1761984624 RESP_END
260 1 1760913168 REWARD_END
261 0 1764681152 STIM_START
261 0 1765681272 STIM_END_RESP_START
261 0 1765989180 LICK
261 0 1765989720 TIMEOUT_START
261 0 1766183072 LICK
261 0 1766183608 TIMEOUT_START
261 0 1766881308 RESP_END
261 0 1773184176 TIMEOUT_END
262 1 1775207584 STIM_START
262 1 1776207696 STIM_END_RESP_START
262 1 1776623940 LICK
262 1 1776624476 REWARD_START
262 1 1776822004 LICK
262 1 1776983204 LICK
262 1 1777171632 LICK
262 1 1777355964 LICK
262 1 1777407720 RESP_END
262 1 1776635048 REWARD_END
263 1 1779616184 STIM_START
263 1 1779723284 LICK
263 1 1780519016 LICK
263 1 1780616292 STIM_END_RESP_START
263 1 1780736184 LICK
263 1 1780736716 REWARD_START
263 1 1781816316 RESP_END
263 1 1780747308 REWARD_END
264 0 1783711740 STIM_START
264 0 1784434228 LICK
264 0 1784610716 LICK
264 0 1784711828 STIM_END_RESP_START
264 0 1784763400 LICK
264 0 1784763932 TIMEOUT_START
264 0 1784948352 LICK
264 0 1784948892 TIMEOUT_START
264 0 1785911876 RESP_END
264 0 1791949452 TIMEOUT_END
265 1 1794147192 STIM_START
265 1 1795147316 STIM_END_RESP_START
265 1 1795223788 LICK
265 1 1795224320 REWARD_START
265 1 1795403152 LICK
265 1 1795572940 LICK
265 1 1795742804 LICK
265 1 1796347352 RESP_END
265 1 1795234892 REWARD_END
266 1 1798321724 STIM_START
266 1 1799283348 LICK
266 1 1799321824 STIM_END_RESP_START
266 1 1799471928 LICK
266 1 1799472468 REWARD_START
266 1 1799650236 LICK
266 1 1799825676 LICK
266 1 1800521840 RESP_END
266 1 1799483036 REWARD_END
267 1 1802538292 STIM_START
267 1 1803323156 LICK
267 1 1803522436 LICK
267 1 1803538392 STIM_END_RESP_START
267 1 1803711996 LICK
267 1 1803712536 REWARD_START
267 1 1804738440 RESP_END
267 1 1803723104 REWARD_END
268 0 1806786888 STIM_START
268 0 1807704316 LICK
268 0 1807786988 STIM_END_RESP_START
268 0 1807909876 LICK
268 0 1807910416 TIMEOUT_START
268 0 1808060172 LICK
268 0 1808060708 TIMEOUT_START
268 0 1808229908 LICK
268 0 1808230448 TIMEOUT_START
268 0 1808987000 RESP_END
268 0 1815231008 TIMEOUT_END
269 0 1817333336 STIM_START
269 0 1818160204 LICK
269 0 1818333444 STIM_END_RESP_START
269 0 1818375448 LICK
269 0 1818375984 TIMEOUT_START
269 0 1819533484 RESP_END
269 0 1825376540 TIMEOUT_END
270 1 1827281660 STIM_START
270 1 1828105484 LICK
270 1 1828281772 STIM_END_RESP_START
270 1 1828299084 LICK
270 1 1828299620 REWARD_START
270 1 1828525764 LICK
270 1 1828748324 LICK
270 1 1829061132 LICK
270 1 1829230316 LICK
270 1 1829409316 LICK
270 1 1829481808 RESP_END
270 1 1828310192 REWARD_END
271 0 1831648264 STIM_START
271 0 1832645808 LICK
271 0 1832648376 STIM_END_RESP_START
271 0 1832802288 LICK
271 0 1832802828 TIMEOUT_START
271 0 1833848396 RESP_END
271 0 1839803384 TIMEOUT_END
272 0 1841585616 STIM_START
272 0 1842585736 STIM_END_RESP_START
272 0 1843447752 LICK
272 0 1843448292 TIMEOUT_START
272 0 1843628068 LICK
272 0 1843628596 TIMEOUT_START
272 0 1843785780 RESP_END
272 0 1850629156 TIMEOUT_END
273 0 1852811152 STIM_START
273 0 1853811272 STIM_END_RESP_START
273 0 1854533396 LICK
273 0 1854533936 TIMEOUT_START
273 0 1854732000 LICK
273 0 1854732536 TIMEOUT_START
273 0 1855011296 RESP_END
273 0 1861733088 TIMEOUT_END
274 1 1863584592 STIM_START
274 1 1864263576 LICK
274 1 1864471344 LICK
274 1 1864584696 STIM_END_RESP_START
274 1 1864710164 LICK
274 1 1864710696 REWARD_START
274 1 1865432344 LICK
274 1 1865782544 LICK
274 1 1865784740 RESP_END
274 1 1864721280 REWARD_END
275 1 1867825180 STIM_START
275 1 1868825260 STIM_END_RESP_START
275 1 1869346640 LICK
275 1 1869347176 REWARD_START
275 1 1869560576 LICK
275 1 1869733660 LICK
275 1 1869901992 LICK
275 1 1870025284 RESP_END
275 1 1869357744 REWARD_END
276 0 1871856760 STIM_START
276 0 1872856876 STIM_END_RESP_START
276 0 1874020004 LICK
276 0 1874020540 TIMEOUT_START
276 0 1874056912 RESP_END
276 0 1881021096 TIMEOUT_END
277 0 1882873236 STIM_START
277 0 1883873328 STIM_END_RESP_START
277 0 1884106660 LICK
277 0 1884107204 TIMEOUT_START
277 0 1885073348 RESP_END
277 0 1891107760 TIMEOUT_END
278 1 1892903580 STIM_START
278 1 1893903700 STIM_END_RESP_START
278 1 1894048608 LICK
278 1 1894049148 REWARD_START
278 1 1894248948 LICK
278 1 1894416928 LICK
278 1 1894590504 LICK
278 1 1895103748 RESP_END
278 1 1894059716 REWARD_END
279 0 1897057152 STIM_START
279 0 1898057272 STIM_END_RESP_START
279 0 1898116108 LICK
279 0 1898116640 TIMEOUT_START
279 0 1898262036 LICK
279 0 1898262572 TIMEOUT_START
279 0 1898449084 LICK
279 0 1898449616 TIMEOUT_START
279 0 1899257296 RESP_END
279 0 1905450180 TIMEOUT_END
280 0 1907542580 STIM_START
280 0 1908542700 STIM_END_RESP_START
280 0 1908871268 LICK
280 0 1908871800 TIMEOUT_START
280 0 1909742716 RESP_END
280 0 1915872356 TIMEOUT_END
281 0 1917741948 STIM_START
281 0 1918738368 LICK
281 0 1918742044 STIM_END_RESP_START
281 0 1918908924 LICK
281 0 1918909464 TIMEOUT_START
281 0 1919303688 LICK
281 0 1919304220 TIMEOUT_START
281 0 1919477552 LICK
281 0 1919478096 TIMEOUT_START
281 0 1919688668 LICK
281 0 1919689208 TIMEOUT_START
281 0 1919942056 RESP_END
281 0 1926689776 TIMEOUT_END
282 1 1928877464 STIM_START
282 1 1929877544 STIM_END_RESP_START
282 1 1929983000 LICK
282 1 1929983536 REWARD_START
282 1 1930193928 LICK
282 1 1930364420 LICK
282 1 1930541656 LICK
282 1 1930705232 LICK
282 1 1931077564 RESP_END
282 1 1929994120 REWARD_END
283 1 1932923052 STIM_START
283 1 1933923164 STIM_END_RESP_START
283 1 1934097148 LICK
283 1 1934097688 REWARD_START
283 1 1934287148 LICK
283 1 1934459424 LICK
283 1 1934666968 LICK
283 1 1934817780 LICK
283 1 1935123180 RESP_END
283 1 1934108252 REWARD_END
284 0 1936901572 STIM_START
284 0 1937818108 LICK
284 0 1937901668 STIM_END_RESP_START
284 0 1937995392 LICK
284 0 1937995932 TIMEOUT_START
284 0 1938169276 LICK
284 0 1938169808 TIMEOUT_START
284 0 1939101692 RESP_END
284 0 1945170364 TIMEOUT_END
285 1 1947122940 STIM_START
285 1 1948089736 LICK
285 1 1948123028 STIM_END_RESP_START
285 1 1948487512 LICK
285 1 1948488052 REWARD_START
285 1 1948696076 LICK
285 1 1948865432 LICK
285 1 1949068088 LICK
285 1 1949225100 LICK
285 1 1949323052 RESP_END
285 1 1948498620 REWARD_END
286 0 1951133492 STIM_START
286 0 1952133612 STIM_END_RESP_START
286 0 1953211080 LICK
286 0 1953211616 TIMEOUT_START
286 0 1953333644 RESP_END
286 0 1960212176 TIMEOUT_END
287 0 1962282016 STIM_START
287 0 1962895724 LICK
287 0 1963100584 LICK
287 0 1963282116 STIM_END_RESP_START
287 0 1963523840 LICK
287 0 1963524376 TIMEOUT_START
287 0 1963752300 LICK
287 0 1963752840 TIMEOUT_START
287 0 1963975932 LICK
287 0 1963976464 TIMEOUT_START
287 0 1964202576 LICK
287 0 1964203116 TIMEOUT_START
287 0 1964397896 LICK
287 0 1964398432 TIMEOUT_START
287 0 1964482156 RESP_END
287 0 1971398996 TIMEOUT_END
288 1 1973595532 STIM_START
288 1 1974595652 STIM_END_RESP_START
288 1 1974643960 LICK
288 1 1974644492 REWARD_START
288 1 1974872560 LICK
288 1 1975048536 LICK
288 1 1975250932 LICK
288 1 1975795668 RESP_END
288 1 1974655064 REWARD_END
289 0 1977914120 STIM_START
289 0 1978914240 STIM_END_RESP_START
289 0 1979053736 LICK
289 0 1979054276 TIMEOUT_START
289 0 1979270344 LICK
289 0 1979270876 TIMEOUT_START
289 0 1980114276 RESP_END
289 0 1986271444 TIMEOUT_END
290 1 1988158504 STIM_START
290 1 1989105100 LICK
290 1 1989158592 STIM_END_RESP_START
290 1 1989274668 LICK
290 1 1989275200 REWARD_START
290 1 1989873120 LICK
290 1 1990093004 LICK
290 1 1990245332 LICK
290 1 1990358608 RESP_END
290 1 1989285784 REWARD_END
291 1 1992308080 STIM_START
291 1 1993308200 STIM_END_RESP_START
291 1 1993567864 LICK
291 1 1993568408 REWARD_START
291 1 1993721916 LICK
291 1 1993960652 LICK
291 1 1994144060 LICK
291 1 1994508236 RESP_END
291 1 1993578972 REWARD_END
292 1 1996789680 STIM_START
292 1 1997789768 STIM_END_RESP_START
292 1 1997881908 LICK
292 1 1997882448 REWARD_START
292 1 1998074192 LICK
292 1 1998265620 LICK
292 1 1998449588 LICK
292 1 1998989796 RESP_END
292 1 1997893012 REWARD_END
293 0 2001217272 STIM_START
293 0 2001732176 LICK
293 0 2001902476 LICK
293 0 2002217368 STIM_END_RESP_START
293 0 2002741432 LICK
293 0 2002741964 TIMEOUT_START
293 0 2002895588 LICK
293 0 2002896124 TIMEOUT_START
293 0 2003417404 RESP_END
293 0 2009896688 TIMEOUT_END
294 1 2011831748 STIM_START
294 1 2012831864 STIM_END_RESP_START
294 1 2012833896 LICK
294 1 2012834440 REWARD_START
294 1 2013056956 LICK
294 1 2013229708 LICK
294 1 2013417788 LICK
294 1 2013753320 LICK
294 1 2013920596 LICK
294 1 2014031892 RESP_END
294 1 2012845004 REWARD_END
295 1 2016206304 STIM_START
295 1 2017206424 STIM_END_RESP_START
295 1 2017576304 LICK
295 1 2017576836 REWARD_START
295 1 2017732152 LICK
295 1 2017944684 LICK
295 1 2018127024 LICK
295 1 2018316848 LICK
295 1 2018406460 RESP_END
295 1 2017587412 REWARD_END
296 0 2020501904 STIM_START
296 0 2021502024 STIM_END_RESP_START
296 0 2022376476 LICK
296 0 2022377012 TIMEOUT_START
296 0 2022702044 RESP_END
296 0 2029377580 TIMEOUT_END
297 0 2031551404 STIM_START
297 0 2032551528 STIM_END_RESP_START
297 0 2033530060 LICK
297 0 2033530592 TIMEOUT_START
297 0 2033751576 RESP_END
297 0 2040531168 TIMEOUT_END
298 1 2042620900 STIM_START
298 1 2043621024 STIM_END_RESP_START
298 1 2043944812 LICK
298 1 2043945352 REWARD_START
298 1 2044182476 LICK
298 1 2044338740 LICK
298 1 2044515680 LICK
298 1 2044713284 LICK
298 1 2044821068 RESP_END
298 1 2043955920 REWARD_END
299 1 2047019516 STIM_START
299 1 2047408944 LICK
299 1 2047609496 LICK
299 1 2047813548 LICK
299 1 2048019624 STIM_END_RESP_START
299 1 2048038144 LICK
299 1 2048038676 REWARD_START
299 1 2048267548 LICK
299 1 2048468868 LICK
299 1 2048697240 LICK
299 1 2049219644 RESP_END
299 1 2048049244 REWARD_END
300 1 2050995036 STIM_START
300 1 2051937200 LICK
300 1 2051995156 STIM_END_RESP_START
300 1 2052134172 LICK
300 1 2052134704 REWARD_START
300 1 2052326480 LICK
300 1 2052508876 LICK
300 1 2052700016 LICK
300 1 2052885312 LICK
300 1 2053195180 RESP_END
300 1 2052145276 REWARD_END
301 0 2055206632 STIM_START
301 0 2056206752 STIM_END_RESP_START
301 0 2057065408 LICK
301 0 2057065948 TIMEOUT_START
301 0 2057263812 LICK
301 0 2057264352 TIMEOUT_START
301 0 2057406780 RESP_END
301 0 2064264900 TIMEOUT_END
302 1 2066248152 STIM_START
302 1 2067248272 STIM_END_RESP_START
302 1 2068448288 RESP_END
303 0 2070209636 STIM_START
303 0 2071169664 LICK
303 0 2071209748 STIM_END_RESP_START
303 0 2071389048 LICK
303 0 2071389588 TIMEOUT_START
303 0 2072010176 LICK
303 0 2072010708 TIMEOUT_START
303 0 2072409760 RESP_END
303 0 2079011272 TIMEOUT_END
304 1 2080857080 STIM_START
304 1 2081857200 STIM_END_RESP_START
304 1 2081954204 LICK
304 1 2081954736 REWARD_START
304 1 2082185204 LICK
304 1 2082348852 LICK
304 1 2082527092 LICK
304 1 2083057236 RESP_END
304 1 2081965308 REWARD_END
305 1 2085031652 STIM_START
305 1 2086031776 STIM_END_RESP_START
305 1 2086046672 LICK
305 1 2086047212 REWARD_START
305 1 2086242596 LICK
305 1 2086443984 LICK
305 1 2086691068 LICK
305 1 2086830304 LICK
305 1 2087231792 RESP_END
USER_EXIT