001 0 0002558160 STIM_START
001 0 0003558260 STIM_END_RESP_START
001 0 0004758300 RESP_END
002 0 0011185388 STIM_START
002 0 0012185508 STIM_END_RESP_START
002 0 0013385528 RESP_END
003 0 0015463008 STIM_START
003 0 0016463132 STIM_END_RESP_START
003 0 0017663152 RESP_END
004 1 0019512624 STIM_START
004 1 0020512740 STIM_END_RESP_START
004 1 0020835240 LICK
004 1 0020835680 REWARD_START
004 1 0021083452 LICK
004 1 0021712784 RESP_END
004 1 0020846148 REWARD_END
005 1 0031132228 STIM_START
005 1 0032132356 STIM_END_RESP_START
005 1 0032609544 LICK
005 1 0032609980 REWARD_START
005 1 0032910932 LICK
005 1 0033032388 LICK
005 1 0033196372 LICK
005 1 0033332392 RESP_END
005 1 0032620448 REWARD_END
006 1 0041535716 STIM_START
006 1 0042398488 LICK
006 1 0042535844 STIM_END_RESP_START
006 1 0042600740 LICK
006 1 0042601176 REWARD_START
006 1 0043305076 LICK
006 1 0043533040 LICK
006 1 0043682988 LICK
006 1 0043735868 RESP_END
006 1 0042611644 REWARD_END
007 0 0052086236 STIM_START
007 0 0052355048 LICK
007 0 0052653456 LICK
007 0 0053086368 STIM_END_RESP_START
007 0 0053401064 LICK
007 0 0053401500 TIMEOUT_START
007 0 0053612700 LICK
007 0 0053613136 TIMEOUT_START
007 0 0054286412 RESP_END
007 0 0060613596 TIMEOUT_END
008 0 0065326128 STIM_START
008 0 0066190276 LICK
008 0 0066326260 STIM_END_RESP_START
008 0 0067526280 RESP_END
009 1 0070130804 STIM_START
009 1 0070415820 LICK
009 1 0071130916 STIM_END_RESP_START
009 1 0071499668 LICK
009 1 0071500112 REWARD_START
009 1 0071725928 LICK
009 1 0071912628 LICK
009 1 0072081372 LICK
009 1 0072238060 LICK
009 1 0072330944 RESP_END
009 1 0071510584 REWARD_END
010 1 0075918612 STIM_START
010 1 0075956788 LICK
010 1 0076918736 STIM_END_RESP_START
010 1 0077031192 LICK
010 1 0077031636 REWARD_START
010 1 0077249016 LICK
010 1 0077444028 LICK
010 1 0077605548 LICK
010 1 0077818120 LICK
010 1 0078118776 RESP_END
010 1 0077042108 REWARD_END
011 0 0083055636 STIM_START
011 0 0083274684 LICK
011 0 0083430604 LICK
011 0 0083741736 LICK
011 0 0083938732 LICK
011 0 0084055752 STIM_END_RESP_START
011 0 0084118688 LICK
011 0 0084119124 TIMEOUT_START
011 0 0084533156 LICK
011 0 0084533596 TIMEOUT_START
011 0 0084712080 LICK
011 0 0084712520 TIMEOUT_START
011 0 0084907076 LICK
011 0 0084907512 TIMEOUT_START
011 0 0085067216 LICK
011 0 0085067652 TIMEOUT_START
011 0 0085253692 LICK
011 0 0085254128 TIMEOUT_START
011 0 0085255796 RESP_END
011 0 0092254592 TIMEOUT_END
012 0 0097166684 STIM_START
012 0 0097822712 LICK
012 0 0097993704 LICK
012 0 0098166820 STIM_END_RESP_START
012 0 0098200320 LICK
012 0 0098200764 TIMEOUT_START
012 0 0098670204 LICK
012 0 0098670648 TIMEOUT_START
012 0 0098818756 LICK
012 0 0098819200 TIMEOUT_START
012 0 0099029452 LICK
012 0 0099029888 TIMEOUT_START
012 0 0099366848 RESP_END
012 0 0106030344 TIMEOUT_END
013 0 0109168400 STIM_START
013 0 0109564856 LICK
013 0 0109734580 LICK
013 0 0110168508 STIM_END_RESP_START
013 0 0111368548 RESP_END
014 1 0113514012 STIM_START
014 1 0114236680 LICK
014 1 0114514116 STIM_END_RESP_START
014 1 0115080456 LICK
014 1 0115080940 REWARD_START
014 1 0115274820 LICK
014 1 0115633652 LICK
014 1 0115714164 RESP_END
014 1 0115091464 REWARD_END
015 1 0118067672 STIM_START
015 1 0118145808 LICK
015 1 0118936724 LICK
015 1 0119067792 STIM_END_RESP_START
015 1 0119135264 LICK
015 1 0119135748 REWARD_START
015 1 0119341568 LICK
015 1 0119630888 LICK
015 1 0119804720 LICK
015 1 0119961984 LICK
015 1 0120133796 LICK
015 1 0120267828 RESP_END
015 1 0119146268 REWARD_END
016 0 0125387728 STIM_START
016 0 0126031448 LICK
016 0 0126239604 LICK
016 0 0126387836 STIM_END_RESP_START
016 0 0126718412 LICK
016 0 0126718896 TIMEOUT_START
016 0 0126891304 LICK
016 0 0126891788 TIMEOUT_START
016 0 0127109980 LICK
016 0 0127110472 TIMEOUT_START
016 0 0127587856 RESP_END
016 0 0134110972 TIMEOUT_END
017 1 0136536316 STIM_START
017 1 0137298652 LICK
017 1 0137514564 LICK
017 1 0137536432 STIM_END_RESP_START
017 1 0138546872 LICK
017 1 0138547364 REWARD_START
017 1 0138736480 RESP_END
017 1 0138557880 REWARD_END
018 0 0142028100 STIM_START
018 0 0142598392 LICK
018 0 0142782208 LICK
018 0 0143028232 STIM_END_RESP_START
018 0 0144228264 RESP_END
019 1 0146104676 STIM_START
019 1 0146865424 LICK
019 1 0147070308 LICK
019 1 0147104816 STIM_END_RESP_START
019 1 0147696976 LICK
019 1 0147697460 REWARD_START
019 1 0147878948 LICK
019 1 0148214256 LICK
019 1 0148304860 RESP_END
019 1 0147707984 REWARD_END
020 1 0150804364 STIM_START
020 1 0151156484 LICK
020 1 0151341344 LICK
020 1 0151549348 LICK
020 1 0151721884 LICK
020 1 0151804460 STIM_END_RESP_START
020 1 0151910380 LICK
020 1 0151910872 REWARD_START
020 1 0152092136 LICK
020 1 0152262976 LICK
020 1 0152431332 LICK
020 1 0152594084 LICK
020 1 0152771044 LICK
020 1 0152960528 LICK
020 1 0153004504 RESP_END
020 1 0151921392 REWARD_END
021 1 0155117964 STIM_START
021 1 0155436488 LICK
021 1 0155575928 LICK
021 1 0155784292 LICK
021 1 0155972224 LICK
021 1 0156118096 STIM_END_RESP_START
021 1 0156152264 LICK
021 1 0156152752 REWARD_START
021 1 0156308776 LICK
021 1 0156499908 LICK
021 1 0156667360 LICK
021 1 0156828532 LICK
021 1 0157318148 RESP_END
021 1 0156163276 REWARD_END
022 0 0160777784 STIM_START
022 0 0161777888 STIM_END_RESP_START
022 0 0162066072 LICK
022 0 0162066564 TIMEOUT_START
022 0 0162208188 LICK
022 0 0162208668 TIMEOUT_START
022 0 0162428500 LICK
022 0 0162428988 TIMEOUT_START
022 0 0162977928 RESP_END
022 0 0169429492 TIMEOUT_END
023 0 0171267296 STIM_START
023 0 0172267428 STIM_END_RESP_START
023 0 0173467464 RESP_END
024 0 0175549900 STIM_START
024 0 0176326488 LICK
024 0 0176492088 LICK
024 0 0176550020 STIM_END_RESP_START
024 0 0176907128 LICK
024 0 0176907616 TIMEOUT_START
024 0 0177096444 LICK
024 0 0177096932 TIMEOUT_START
024 0 0177298820 LICK
024 0 0177299304 TIMEOUT_START
024 0 0177451244 LICK
024 0 0177451728 TIMEOUT_START
024 0 0177750040 RESP_END
024 0 0184452236 TIMEOUT_END
025 1 0186201444 STIM_START
025 1 0187017748 LICK
025 1 0187201568 STIM_END_RESP_START
025 1 0187231756 LICK
025 1 0187232240 REWARD_START
025 1 0187823908 LICK
025 1 0188142228 LICK
025 1 0188298656 LICK
025 1 0188401592 RESP_END
025 1 0187242764 REWARD_END
026 1 0191015124 STIM_START
026 1 0191559764 LICK
026 1 0191735140 LICK
026 1 0192015232 STIM_END_RESP_START
026 1 0192378816 LICK
026 1 0192379304 REWARD_START
026 1 0192574776 LICK
026 1 0192870792 LICK
026 1 0193033504 LICK
026 1 0193215260 RESP_END
026 1 0192389824 REWARD_END
027 0 0195291760 STIM_START
027 0 0195860784 LICK
027 0 0196056744 LICK
027 0 0196258228 LICK
027 0 0196291860 STIM_END_RESP_START
027 0 0196642860 LICK
027 0 0196643340 TIMEOUT_START
027 0 0196825892 LICK
027 0 0196826380 TIMEOUT_START
027 0 0197491876 RESP_END
027 0 0203826876 TIMEOUT_END
028 0 0205782252 STIM_START
028 0 0206427156 LICK
028 0 0206782388 STIM_END_RESP_START
028 0 0206930324 LICK
028 0 0206930804 TIMEOUT_START
028 0 0207114016 LICK
028 0 0207114508 TIMEOUT_START
028 0 0207689716 LICK
028 0 0207690204 TIMEOUT_START
028 0 0207895648 LICK
028 0 0207896132 TIMEOUT_START
028 0 0207982420 RESP_END
028 0 0214896632 TIMEOUT_END
029 1 0216952848 STIM_START
029 1 0217789032 LICK
029 1 0217952972 STIM_END_RESP_START
029 1 0218398940 LICK
029 1 0218399424 REWARD_START
029 1 0218575484 LICK
029 1 0218876448 LICK
029 1 0219044228 LICK
029 1 0219153000 RESP_END
029 1 0218409944 REWARD_END
030 1 0221606508 STIM_START
030 1 0222159836 LICK
030 1 0222606636 STIM_END_RESP_START
030 1 0223725756 LICK
030 1 0223726244 REWARD_START
030 1 0223806648 RESP_END
030 1 0223736760 REWARD_END
031 1 0227452368 STIM_START
031 1 0227507064 LICK
031 1 0227664956 LICK
031 1 0228308688 LICK
031 1 0228452484 STIM_END_RESP_START
031 1 0228499608 LICK
031 1 0228500092 REWARD_START
031 1 0228677972 LICK
031 1 0228842572 LICK
031 1 0228995848 LICK
031 1 0229152412 LICK
031 1 0229334960 LICK
031 1 0229652536 RESP_END
031 1 0228510612 REWARD_END
032 0 0231847020 STIM_START
032 0 0232282436 LICK
032 0 0232847148 STIM_END_RESP_START
032 0 0233192936 LICK
032 0 0233193420 TIMEOUT_START
032 0 0234047168 RESP_END
032 0 0240193920 TIMEOUT_END
033 1 0242007440 STIM_START
033 1 0242599480 LICK
033 1 0242796752 LICK
033 1 0243007544 STIM_END_RESP_START
033 1 0243695484 LICK
033 1 0243695976 REWARD_START
033 1 0243861244 LICK
033 1 0244158088 LICK
033 1 0244207572 RESP_END
033 1 0243706496 REWARD_END
034 1 0246715092 STIM_START
034 1 0246793708 LICK
034 1 0246987964 LICK
034 1 0247715224 STIM_END_RESP_START
034 1 0248001920 LICK
034 1 0248002404 REWARD_START
034 1 0248200940 LICK
034 1 0248340024 LICK
034 1 0248495224 LICK
034 1 0248664288 LICK
034 1 0248915264 RESP_END
034 1 0248012928 REWARD_END
035 1 0251445788 STIM_START
035 1 0252029976 LICK
035 1 0252174548 LICK
035 1 0252346852 LICK
035 1 0252445924 STIM_END_RESP_START
035 1 0252547260 LICK
035 1 0252547744 REWARD_START
035 1 0252893432 LICK
035 1 0253059952 LICK
035 1 0253229640 LICK
035 1 0253406916 LICK
035 1 0253645936 RESP_END
035 1 0252558260 REWARD_END
036 0 0255671436 STIM_START
036 0 0255771760 LICK
036 0 0255933308 LICK
036 0 0256115520 LICK
036 0 0256671560 STIM_END_RESP_START
036 0 0256745272 LICK
036 0 0256745760 TIMEOUT_START
036 0 0256899052 LICK
036 0 0256899540 TIMEOUT_START
036 0 0257059492 LICK
036 0 0257059980 TIMEOUT_START
036 0 0257402400 LICK
036 0 0257402888 TIMEOUT_START
036 0 0257795044 LICK
036 0 0257795536 TIMEOUT_START
036 0 0257871592 RESP_END
036 0 0264796036 TIMEOUT_END
037 1 0267339064 STIM_START
037 1 0268202276 LICK
037 1 0268339168 STIM_END_RESP_START
037 1 0268369852 LICK
037 1 0268370344 REWARD_START
037 1 0268806592 LICK
037 1 0269095540 LICK
037 1 0269240784 LICK
037 1 0269391388 LICK
037 1 0269539220 RESP_END
037 1 0268380860 REWARD_END
038 1 0274472104 STIM_START
038 1 0274779756 LICK
038 1 0274962596 LICK
038 1 0275166728 LICK
038 1 0275472236 STIM_END_RESP_START
038 1 0275596696 LICK
038 1 0275597184 REWARD_START
038 1 0275786808 LICK
038 1 0275955748 LICK
038 1 0276116756 LICK
038 1 0276260856 LICK
038 1 0276454248 LICK
038 1 0276672268 RESP_END
038 1 0275607708 REWARD_END
039 0 0278572688 STIM_START
039 0 0278979440 LICK
039 0 0279190284 LICK
039 0 0279572660 LICK
039 0 0279573180 STIM_END_RESP_START
039 0 0279744356 LICK
039 0 0279744848 TIMEOUT_START
039 0 0279929560 LICK
039 0 0279930052 TIMEOUT_START
039 0 0280108292 LICK
039 0 0280108776 TIMEOUT_START
039 0 0280280812 LICK
039 0 0280281304 TIMEOUT_START
039 0 0280773208 RESP_END
039 0 0287281808 TIMEOUT_END
040 1 0289459236 STIM_START
040 1 0290188124 LICK
040 1 0290321952 LICK
040 1 0290459336 STIM_END_RESP_START
040 1 0290914904 LICK
040 1 0290915396 REWARD_START
040 1 0291062336 LICK
040 1 0291395396 LICK
040 1 0291558152 LICK
040 1 0291659364 RESP_END
040 1 0290925916 REWARD_END
041 0 0293708864 STIM_START
041 0 0293989988 LICK
041 0 0294205544 LICK
041 0 0294708996 STIM_END_RESP_START
041 0 0294891676 LICK
041 0 0294892160 TIMEOUT_START
041 0 0295064992 LICK
041 0 0295065476 TIMEOUT_START
041 0 0295241248 LICK
041 0 0295241740 TIMEOUT_START
041 0 0295413592 LICK
041 0 0295414084 TIMEOUT_START
041 0 0295909016 RESP_END
041 0 0302414588 TIMEOUT_END
042 1 0304574408 STIM_START
042 1 0305393792 LICK
042 1 0305549984 LICK
042 1 0305574512 STIM_END_RESP_START
042 1 0305657328 LICK
042 1 0305657816 REWARD_START
042 1 0305784600 LICK
042 1 0306068984 LICK
042 1 0306226212 LICK
042 1 0306381028 LICK
042 1 0306774528 RESP_END
042 1 0305668340 REWARD_END
043 0 0308600968 STIM_START
043 0 0308608504 LICK
043 0 0308730180 LICK
043 0 0308947852 LICK
043 0 0309601080 STIM_END_RESP_START
043 0 0310244600 LICK
043 0 0310245088 TIMEOUT_START
043 0 0310389440 LICK
043 0 0310389932 TIMEOUT_START
043 0 0310566400 LICK
043 0 0310566884 TIMEOUT_START
043 0 0310774632 LICK
043 0 0310775124 TIMEOUT_START
043 0 0310801120 RESP_END
043 0 0317775628 TIMEOUT_END
044 0 0319892580 STIM_START
044 0 0320575312 LICK
044 0 0320717240 LICK
044 0 0320892700 STIM_END_RESP_START
044 0 0321351576 LICK
044 0 0321352064 TIMEOUT_START
044 0 0321577920 LICK
044 0 0321578412 TIMEOUT_START
044 0 0322092720 RESP_END
044 0 0328578916 TIMEOUT_END
045 0 0330356128 STIM_START
045 0 0330947580 LICK
045 0 0331143644 LICK
045 0 0331343112 LICK
045 0 0331356248 STIM_END_RESP_START
045 0 0332309228 LICK
045 0 0332309720 TIMEOUT_START
045 0 0332493336 LICK
045 0 0332493816 TIMEOUT_START
045 0 0332556280 RESP_END
045 0 0339494336 TIMEOUT_END
046 1 0341643720 STIM_START
046 1 0342219604 LICK
046 1 0342643828 STIM_END_RESP_START
046 1 0343843868 RESP_END
047 1 0345797344 STIM_START
047 1 0346797448 STIM_END_RESP_START
047 1 0347997488 RESP_END
048 0 0349919920 STIM_START
048 0 0350564216 LICK
048 0 0350920028 STIM_END_RESP_START
048 0 0352120064 RESP_END
049 0 0353888500 STIM_START
049 0 0354888600 STIM_END_RESP_START
049 0 0356088640 RESP_END
050 0 0358307136 STIM_START
050 0 0359307236 STIM_END_RESP_START
050 0 0359503632 LICK
050 0 0359504124 TIMEOUT_START
050 0 0359731492 LICK
050 0 0359731976 TIMEOUT_START
050 0 0360507260 RESP_END
050 0 0366732480 TIMEOUT_END
051 1 0368868652 STIM_START
051 1 0369868784 STIM_END_RESP_START
051 1 0369954312 LICK
051 1 0369954796 REWARD_START
051 1 0371068836 RESP_END
051 1 0369965320 REWARD_END
052 1 0382753636 STIM_START
052 1 0383030524 LICK
052 1 0383270800 LICK
052 1 0383737084 LICK
052 1 0383753752 STIM_END_RESP_START
052 1 0384571736 LICK
052 1 0384572224 REWARD_START
052 1 0384953788 RESP_END
052 1 0384582748 REWARD_END
053 0 0389082540 STIM_START
053 0 0390082644 STIM_END_RESP_START
053 0 0390249148 LICK
053 0 0390249640 TIMEOUT_START
053 0 0390437544 LICK
053 0 0390438036 TIMEOUT_START
053 0 0391254496 LICK
053 0 0391254980 TIMEOUT_START
053 0 0391282676 RESP_END
053 0 0398255492 TIMEOUT_END
054 0 0400390168 STIM_START
054 0 0400969120 LICK
054 0 0401144608 LICK
054 0 0401390300 STIM_END_RESP_START
054 0 0401818788 LICK
054 0 0401819272 TIMEOUT_START
054 0 0402039228 LICK
054 0 0402039712 TIMEOUT_START
054 0 0402590316 RESP_END
054 0 0409040220 TIMEOUT_END
055 1 0411083712 STIM_START
055 1 0412083840 STIM_END_RESP_START
055 1 0412481272 LICK
055 1 0412481764 REWARD_START
055 1 0412832664 LICK
055 1 0413022804 LICK
055 1 0413168724 LICK
055 1 0413283876 RESP_END
055 1 0412492280 REWARD_END
056 0 0415698380 STIM_START
056 0 0416419596 LICK
056 0 0416611476 LICK
056 0 0416698512 STIM_END_RESP_START
056 0 0417314640 LICK
056 0 0417315128 TIMEOUT_START
056 0 0417898548 RESP_END
056 0 0424315628 TIMEOUT_END
057 1 0426362908 STIM_START
057 1 0427363044 STIM_END_RESP_START
057 1 0427878024 LICK
057 1 0427878516 REWARD_START
057 1 0428234060 LICK
057 1 0428390680 LICK
057 1 0428562020 LICK
057 1 0428563100 RESP_END
057 1 0427889036 REWARD_END
058 0 0430987556 STIM_START
058 0 0431987660 STIM_END_RESP_START
058 0 0432495196 LICK
058 0 0432495688 TIMEOUT_START
058 0 0432636592 LICK
058 0 0432637080 TIMEOUT_START
058 0 0433187688 RESP_END
058 0 0439637592 TIMEOUT_END
059 0 0441827156 STIM_START
059 0 0442827260 STIM_END_RESP_START
059 0 0443022012 LICK
059 0 0443022500 TIMEOUT_START
059 0 0443198236 LICK
059 0 0443198728 TIMEOUT_START
059 0 0444027296 RESP_END
059 0 0450199232 TIMEOUT_END
060 0 0452195624 STIM_START
060 0 0452914468 LICK
060 0 0453074936 LICK
060 0 0453195752 STIM_END_RESP_START
060 0 0453680832 LICK
060 0 0453681320 TIMEOUT_START
060 0 0453899260 LICK
060 0 0453899748 TIMEOUT_START
060 0 0454395784 RESP_END
060 0 0460900256 TIMEOUT_END
061 1 0463090200 STIM_START
061 1 0464090304 STIM_END_RESP_START
061 1 0464829084 LICK
061 1 0464829576 REWARD_START
061 1 0465001700 LICK
061 1 0465282076 LICK
061 1 0465290316 RESP_END
061 1 0464840096 REWARD_END
062 1 0467744872 STIM_START
062 1 0468338456 LICK
062 1 0468562660 LICK
062 1 0468743348 LICK
062 1 0468744992 STIM_END_RESP_START
062 1 0469945024 RESP_END
063 0 0471887452 STIM_START
063 0 0472395152 LICK
063 0 0472887580 STIM_END_RESP_START
063 0 0473186456 LICK
063 0 0473186940 TIMEOUT_START
063 0 0473375760 LICK
063 0 0473376244 TIMEOUT_START
063 0 0473553776 LICK
063 0 0473554268 TIMEOUT_START
063 0 0474087628 RESP_END
063 0 0480554776 TIMEOUT_END
064 0 0482596992 STIM_START
064 0 0483545012 LICK
064 0 0483597128 STIM_END_RESP_START
064 0 0483780328 LICK
064 0 0483780816 TIMEOUT_START
064 0 0484611988 LICK
064 0 0484612476 TIMEOUT_START
064 0 0484787824 LICK
064 0 0484788316 TIMEOUT_START
064 0 0484797172 RESP_END
064 0 0491788812 TIMEOUT_END
065 1 0493631612 STIM_START
065 1 0494631716 STIM_END_RESP_START
065 1 0495525216 LICK
065 1 0495525700 REWARD_START
065 1 0495725576 LICK
065 1 0495831740 RESP_END
065 1 0495536228 REWARD_END
066 1 0498891348 STIM_START
066 1 0499496644 LICK
066 1 0499891460 STIM_END_RESP_START
066 1 0500415300 LICK
066 1 0500415792 REWARD_START
066 1 0500598496 LICK
066 1 0500910648 LICK
066 1 0501056340 LICK
066 1 0501091480 RESP_END
066 1 0500426312 REWARD_END
067 1 0503658032 STIM_START
067 1 0504658148 STIM_END_RESP_START
067 1 0504664440 LICK
067 1 0504664924 REWARD_START
067 1 0504844676 LICK
067 1 0505024592 LICK
067 1 0505161460 LICK
067 1 0505335296 LICK
067 1 0505501388 LICK
067 1 0505695244 LICK
067 1 0505858192 RESP_END
067 1 0504675452 REWARD_END
068 0 0507963648 STIM_START
068 0 0508703116 LICK
068 0 0508873024 LICK
068 0 0508963752 STIM_END_RESP_START
068 0 0509049836 LICK
068 0 0509050328 TIMEOUT_START
068 0 0509404672 LICK
068 0 0509405160 TIMEOUT_START
068 0 0509595016 LICK
068 0 0509595504 TIMEOUT_START
068 0 0509794548 LICK
068 0 0509795032 TIMEOUT_START
068 0 0510163784 RESP_END
068 0 0516795540 TIMEOUT_END
069 1 0518608180 STIM_START
069 1 0519285056 LICK
069 1 0519437084 LICK
069 1 0519608292 STIM_END_RESP_START
069 1 0520112968 LICK
069 1 0520113460 REWARD_START
069 1 0520292132 LICK
069 1 0520626080 LICK
069 1 0520775008 LICK
069 1 0520808328 RESP_END
069 1 0520123980 REWARD_END
070 0 0523360916 STIM_START
070 0 0524129752 LICK
070 0 0524318076 LICK
070 0 0524361024 STIM_END_RESP_START
070 0 0525561044 RESP_END
071 0 0527362464 STIM_START
071 0 0528285644 LICK
071 0 0528362592 STIM_END_RESP_START
071 0 0528477400 LICK
071 0 0528477880 TIMEOUT_START
071 0 0528984516 LICK
071 0 0528985000 TIMEOUT_START
071 0 0529193028 LICK
071 0 0529193512 TIMEOUT_START
071 0 0529562628 RESP_END
071 0 0536194012 TIMEOUT_END
072 1 0538107988 STIM_START
072 1 0539072020 LICK
072 1 0539108092 STIM_END_RESP_START
072 1 0539242020 LICK
072 1 0539242508 REWARD_START
072 1 0539400604 LICK
072 1 0539690160 LICK
072 1 0539841528 LICK
072 1 0540005064 LICK
072 1 0540165628 LICK
072 1 0540308108 RESP_END
072 1 0539253028 REWARD_END
073 0 0542110568 STIM_START
073 0 0542551428 LICK
073 0 0542722784 LICK
073 0 0543110676 STIM_END_RESP_START
073 0 0543406916 LICK
073 0 0543407408 TIMEOUT_START
073 0 0543535384 LICK
073 0 0543535872 TIMEOUT_START
073 0 0543738832 LICK
073 0 0543739324 TIMEOUT_START
073 0 0544310704 RESP_END
073 0 0550739828 TIMEOUT_END
074 1 0552564092 STIM_START
074 1 0553225200 LICK
074 1 0553369292 LICK
074 1 0553564208 STIM_END_RESP_START
074 1 0553790340 LICK
074 1 0553790832 REWARD_START
074 1 0554013748 LICK
074 1 0554266960 LICK
074 1 0554426860 LICK
074 1 0554590024 LICK
074 1 0554758768 LICK
074 1 0554764236 RESP_END
074 1 0553801348 REWARD_END
075 0 0556604664 STIM_START
075 0 0556761760 LICK
075 0 0556949184 LICK
075 0 0557604796 STIM_END_RESP_START
075 0 0558804832 RESP_END
076 0 0560737260 STIM_START
076 0 0561348888 LICK
076 0 0561545668 LICK
076 0 0561737376 STIM_END_RESP_START
076 0 0561765244 LICK
076 0 0561765736 TIMEOUT_START
076 0 0561948380 LICK
076 0 0561948872 TIMEOUT_START
076 0 0562146524 LICK
076 0 0562147008 TIMEOUT_START
076 0 0562309808 LICK
076 0 0562310296 TIMEOUT_START
076 0 0562508176 LICK
076 0 0562508660 TIMEOUT_START
076 0 0562879924 LICK
076 0 0562880412 TIMEOUT_START
076 0 0562937416 RESP_END
076 0 0569880924 TIMEOUT_END
077 0 0571973932 STIM_START
077 0 0572546712 LICK
077 0 0572708356 LICK
077 0 0572967264 LICK
077 0 0572974056 STIM_END_RESP_START
077 0 0573143944 LICK
077 0 0573144436 TIMEOUT_START
077 0 0573337672 LICK
077 0 0573338156 TIMEOUT_START
077 0 0573728316 LICK
077 0 0573728808 TIMEOUT_START
077 0 0573920072 LICK
077 0 0573920564 TIMEOUT_START
077 0 0574132792 LICK
077 0 0574133284 TIMEOUT_START
077 0 0574174092 RESP_END
077 0 0581133796 TIMEOUT_END
078 1 0582965460 STIM_START
078 1 0583854572 LICK
078 1 0583965564 STIM_END_RESP_START
078 1 0584013256 LICK
078 1 0584013740 REWARD_START
078 1 0584241200 LICK
078 1 0584667180 LICK
078 1 0584843496 LICK
078 1 0584976200 LICK
078 1 0585165604 RESP_END
078 1 0584024264 REWARD_END
079 0 0586993072 STIM_START
079 0 0587670768 LICK
079 0 0587877284 LICK
079 0 0587993204 STIM_END_RESP_START
079 0 0588511676 LICK
079 0 0588512164 TIMEOUT_START
079 0 0589193224 RESP_END
079 0 0595512676 TIMEOUT_END
080 1 0597581572 STIM_START
080 1 0598581676 STIM_END_RESP_START
080 1 0599781716 RESP_END
081 1 0601978208 STIM_START
081 1 0602433128 LICK
081 1 0602516768 LICK
081 1 0602669804 LICK
081 1 0602871076 LICK
081 1 0602978320 STIM_END_RESP_START
081 1 0603268160 LICK
081 1 0603268644 REWARD_START
081 1 0603431100 LICK
081 1 0603726164 LICK
081 1 0603893572 LICK
081 1 0604064780 LICK
081 1 0604178348 RESP_END
081 1 0603279164 REWARD_END
082 1 0607144928 STIM_START
082 1 0608061188 LICK
082 1 0608145052 STIM_END_RESP_START
082 1 0608239580 LICK
082 1 0608240072 REWARD_START
082 1 0608450652 LICK
082 1 0608642416 LICK
082 1 0608821656 LICK
082 1 0608973876 LICK
082 1 0609345100 RESP_END
082 1 0608250592 REWARD_END
083 0 0611554580 STIM_START
083 0 0611715180 LICK
083 0 0612554688 STIM_END_RESP_START
083 0 0613754732 RESP_END
084 0 0615775188 STIM_START
084 0 0616367388 LICK
084 0 0616775312 STIM_END_RESP_START
084 0 0617000384 LICK
084 0 0617000868 TIMEOUT_START
084 0 0617183556 LICK
084 0 0617184044 TIMEOUT_START
084 0 0617372860 LICK
084 0 0617373344 TIMEOUT_START
084 0 0617975352 RESP_END
084 0 0624373856 TIMEOUT_END
085 1 0626395692 STIM_START
085 1 0627209400 LICK
085 1 0627351404 LICK
085 1 0627395828 STIM_END_RESP_START
085 1 0627544896 LICK
085 1 0627545388 REWARD_START
085 1 0628000836 LICK
085 1 0628370896 LICK
085 1 0628500644 LICK
085 1 0628595852 RESP_END
085 1 0627555908 REWARD_END
086 1 0630966376 STIM_START
086 1 0631966476 STIM_END_RESP_START
086 1 0632095196 LICK
086 1 0632095680 REWARD_START
086 1 0632337260 LICK
086 1 0632534364 LICK
086 1 0632660716 LICK
086 1 0632818248 LICK
086 1 0632989620 LICK
086 1 0633166516 RESP_END
086 1 0632106204 REWARD_END
087 0 0635108944 STIM_START
087 0 0635335144 LICK
087 0 0635506528 LICK
087 0 0635886152 LICK
087 0 0636109044 STIM_END_RESP_START
087 0 0637309084 RESP_END
088 0 0639531596 STIM_START
088 0 0640531704 STIM_END_RESP_START
088 0 0641731744 RESP_END
089 0 0644003224 STIM_START
089 0 0644496048 LICK
089 0 0644770532 LICK
089 0 0645003328 STIM_END_RESP_START
089 0 0645597772 LICK
089 0 0645598264 TIMEOUT_START
089 0 0645772100 LICK
089 0 0645772588 TIMEOUT_START
089 0 0646203348 RESP_END
089 0 0652773092 TIMEOUT_END
090 1 0654711772 STIM_START
090 1 0655548080 LICK
090 1 0655711340 LICK
090 1 0655711900 STIM_END_RESP_START
090 1 0655896432 LICK
090 1 0655896924 REWARD_START
090 1 0656511696 LICK
090 1 0656803760 LICK
090 1 0656911912 RESP_END
090 1 0655907440 REWARD_END
091 0 0659746492 STIM_START
091 0 0660105696 LICK
091 0 0660273532 LICK
091 0 0660746620 STIM_END_RESP_START
091 0 0660908384 LICK
091 0 0660908868 TIMEOUT_START
091 0 0661117244 LICK
091 0 0661117728 TIMEOUT_START
091 0 0661946660 RESP_END
091 0 0668118236 TIMEOUT_END
092 0 0669923956 STIM_START
092 0 0670510804 LICK
092 0 0670700396 LICK
092 0 0670924064 STIM_END_RESP_START
092 0 0671765752 LICK
092 0 0671766236 TIMEOUT_START
092 0 0672124080 RESP_END
092 0 0678766736 TIMEOUT_END
093 1 0680563496 STIM_START
093 1 0681398568 LICK
093 1 0681563632 STIM_END_RESP_START
093 1 0681872464 LICK
093 1 0681872948 REWARD_START
093 1 0682036344 LICK
093 1 0682329436 LICK
093 1 0682485228 LICK
093 1 0682635048 LICK
093 1 0682763648 RESP_END
093 1 0681883464 REWARD_END
094 1 0684748088 STIM_START
094 1 0685330648 LICK
094 1 0685575284 LICK
094 1 0685748204 STIM_END_RESP_START
094 1 0686172592 LICK
094 1 0686173076 REWARD_START
094 1 0686948224 RESP_END
094 1 0686183600 REWARD_END
095 1 0689084720 STIM_START
095 1 0689721220 LICK
095 1 0689887648 LICK
095 1 0690038712 LICK
095 1 0690084840 STIM_END_RESP_START
095 1 0690214948 LICK
095 1 0690215432 REWARD_START
095 1 0690363296 LICK
095 1 0690678944 LICK
095 1 0690852520 LICK
095 1 0690998352 LICK
095 1 0691133888 LICK
095 1 0691284880 RESP_END
095 1 0690225952 REWARD_END
096 0 0695194596 STIM_START
096 0 0695660320 LICK
096 0 0695823884 LICK
096 0 0696194724 STIM_END_RESP_START
096 0 0696556964 LICK
096 0 0696557448 TIMEOUT_START
096 0 0696724760 LICK
096 0 0696725244 TIMEOUT_START
096 0 0697394736 RESP_END
096 0 0703725744 TIMEOUT_END
097 0 0705907124 STIM_START
097 0 0706524912 LICK
097 0 0706733696 LICK
097 0 0706907256 STIM_END_RESP_START
097 0 0707472168 LICK
097 0 0707472660 TIMEOUT_START
097 0 0707690636 LICK
097 0 0707691120 TIMEOUT_START
097 0 0707848792 LICK
097 0 0707849280 TIMEOUT_START
097 0 0708107292 RESP_END
097 0 0714849784 TIMEOUT_END
098 0 0716905744 STIM_START
098 0 0717418412 LICK
098 0 0717496272 LICK
098 0 0717905852 STIM_END_RESP_START
098 0 0718232004 LICK
098 0 0718232488 TIMEOUT_START
098 0 0718406336 LICK
098 0 0718406824 TIMEOUT_START
098 0 0718786136 LICK
098 0 0718786624 TIMEOUT_START
098 0 0719105876 RESP_END
098 0 0725787120 TIMEOUT_END
099 1 0727945320 STIM_START
099 1 0728268112 LICK
099 1 0728471924 LICK
099 1 0728680796 LICK
099 1 0728882832 LICK
099 1 0728945452 STIM_END_RESP_START
099 1 0729083800 LICK
099 1 0729084296 REWARD_START
099 1 0729469776 LICK
099 1 0729792772 LICK
099 1 0729996692 LICK
099 1 0730145472 RESP_END
099 1 0729094816 REWARD_END
100 1 0732538976 STIM_START
100 1 0733539076 STIM_END_RESP_START
100 1 0733689564 LICK
100 1 0733690056 REWARD_START
100 1 0733913060 LICK
100 1 0734186536 LICK
100 1 0734347240 LICK
100 1 0734497196 LICK
100 1 0734654484 LICK
100 1 0734739100 RESP_END
100 1 0733700576 REWARD_END
101 0 0737100608 STIM_START
101 0 0737671864 LICK
101 0 0737828008 LICK
101 0 0738100716 STIM_END_RESP_START
101 0 0739300752 RESP_END
102 1 0741397236 STIM_START
102 1 0741766940 LICK
102 1 0741974560 LICK
102 1 0742175952 LICK
102 1 0742365744 LICK
102 1 0742397368 STIM_END_RESP_START
102 1 0742552940 LICK
102 1 0742553424 REWARD_START
102 1 0743597400 RESP_END
102 1 0742563952 REWARD_END
103 0 0745577840 STIM_START
103 0 0746577984 STIM_END_RESP_START
103 0 0747778016 RESP_END
104 1 0749698476 STIM_START
104 1 0750698580 STIM_END_RESP_START
104 1 0751898612 RESP_END
105 0 0754010060 STIM_START
105 0 0754176940 LICK
105 0 0754492508 LICK
105 0 0754652864 LICK
105 0 0754823952 LICK
105 0 0755010160 STIM_END_RESP_START
105 0 0755018560 LICK
105 0 0755019052 TIMEOUT_START
105 0 0756210184 RESP_END
105 0 0762019548 TIMEOUT_END
106 1 0763796452 STIM_START
106 1 0764278016 LICK
106 1 0764421324 LICK
106 1 0764796556 STIM_END_RESP_START
106 1 0765006960 LICK
106 1 0765007448 REWARD_START
106 1 0765183820 LICK
106 1 0765349608 LICK
106 1 0765518288 LICK
106 1 0765681416 LICK
106 1 0765863780 LICK
106 1 0765996584 RESP_END
106 1 0765017968 REWARD_END
107 1 0768078064 STIM_START
107 1 0769010332 LICK
107 1 0769078192 STIM_END_RESP_START
107 1 0769178892 LICK
107 1 0769179380 REWARD_START
107 1 0769350032 LICK
107 1 0769522152 LICK
107 1 0769683764 LICK
107 1 0769846592 LICK
107 1 0770019916 LICK
107 1 0770236160 LICK
107 1 0770278216 RESP_END
107 1 0769189904 REWARD_END
108 1 0772053652 STIM_START
108 1 0772779716 LICK
108 1 0772974544 LICK
108 1 0773053756 STIM_END_RESP_START
108 1 0773184540 LICK
108 1 0773185024 REWARD_START
108 1 0773420764 LICK
108 1 0773544300 LICK
108 1 0773726924 LICK
108 1 0773891384 LICK
108 1 0774049176 LICK
108 1 0774253796 RESP_END
108 1 0773195544 REWARD_END
109 0 0776247248 STIM_START
109 0 0776759912 LICK
109 0 0776916404 LICK
109 0 0777093244 LICK
109 0 0777247356 STIM_END_RESP_START
109 0 0777442024 LICK
109 0 0777442516 TIMEOUT_START
109 0 0777640528 LICK
109 0 0777641020 TIMEOUT_START
109 0 0778447392 RESP_END
109 0 0784641524 TIMEOUT_END
110 0 0787172796 STIM_START
110 0 0787602300 LICK
110 0 0787755020 LICK
110 0 0788172900 STIM_END_RESP_START
110 0 0788226296 LICK
110 0 0788226784 TIMEOUT_START
110 0 0788417988 LICK
110 0 0788418472 TIMEOUT_START
110 0 0789372952 RESP_END
110 0 0795418988 TIMEOUT_END
111 0 0797644304 STIM_START
111 0 0798314356 LICK
111 0 0798488540 LICK
111 0 0798644436 STIM_END_RESP_START
111 0 0798881032 LICK
111 0 0798881516 TIMEOUT_START
111 0 0799047084 LICK
111 0 0799047568 TIMEOUT_START
111 0 0799239732 LICK
111 0 0799240224 TIMEOUT_START
111 0 0799423404 LICK
111 0 0799423896 TIMEOUT_START
111 0 0799614904 LICK
111 0 0799615396 TIMEOUT_START
111 0 0799838788 LICK
111 0 0799839280 TIMEOUT_START
111 0 0799844456 RESP_END
111 0 0806839788 TIMEOUT_END
112 1 0808659896 STIM_START
112 1 0809233280 LICK
112 1 0809368604 LICK
112 1 0809560312 LICK
112 1 0809660020 STIM_END_RESP_START
112 1 0809931132 LICK
112 1 0809931620 REWARD_START
112 1 0810142008 LICK
112 1 0810437768 LICK
112 1 0810580596 LICK
112 1 0810759988 LICK
112 1 0810860048 RESP_END
112 1 0809942148 REWARD_END
113 0 0813145532 STIM_START
113 0 0813530588 LICK
113 0 0814145660 STIM_END_RESP_START
113 0 0814197548 LICK
113 0 0814198040 TIMEOUT_START
113 0 0814393296 LICK
113 0 0814393788 TIMEOUT_START
113 0 0814779092 LICK
113 0 0814779584 TIMEOUT_START
113 0 0814958608 LICK
113 0 0814959092 TIMEOUT_START
113 0 0815345688 RESP_END
113 0 0821959596 TIMEOUT_END
114 0 0824529168 STIM_START
114 0 0824940220 LICK
114 0 0825052444 LICK
114 0 0825212944 LICK
114 0 0825529280 STIM_END_RESP_START
114 0 0825723544 LICK
114 0 0825724036 TIMEOUT_START
114 0 0825915136 LICK
114 0 0825915628 TIMEOUT_START
114 0 0826729288 RESP_END
114 0 0832916124 TIMEOUT_END
115 0 0835117712 STIM_START
115 0 0835608612 LICK
115 0 0835760588 LICK
115 0 0836117832 STIM_END_RESP_START
115 0 0836159312 LICK
115 0 0836159804 TIMEOUT_START
115 0 0836338428 LICK
115 0 0836338920 TIMEOUT_START
115 0 0836674140 LICK
115 0 0836674632 TIMEOUT_START
115 0 0836876096 LICK
115 0 0836876588 TIMEOUT_START
115 0 0837038360 LICK
115 0 0837038844 TIMEOUT_START
115 0 0837230712 LICK
115 0 0837231200 TIMEOUT_START
115 0 0837317844 RESP_END
115 0 0844231712 TIMEOUT_END
116 1 0846258308 STIM_START
116 1 0847161360 LICK
116 1 0847258408 STIM_END_RESP_START
116 1 0847323492 LICK
116 1 0847323980 REWARD_START
116 1 0847712412 LICK
116 1 0848017208 LICK
116 1 0848165556 LICK
116 1 0848320244 LICK
116 1 0848458424 RESP_END
116 1 0847334504 REWARD_END
117 0 0850397896 STIM_START
117 0 0850811928 LICK
117 0 0850985128 LICK
117 0 0851196000 LICK
117 0 0851378000 LICK
117 0 0851398020 STIM_END_RESP_START
117 0 0851580412 LICK
117 0 0851580896 TIMEOUT_START
117 0 0851758892 LICK
117 0 0851759384 TIMEOUT_START
117 0 0851941932 LICK
117 0 0851942424 TIMEOUT_START
117 0 0852385332 LICK
117 0 0852385820 TIMEOUT_START
117 0 0852598064 RESP_END
117 0 0859386328 TIMEOUT_END
118 1 0861976544 STIM_START
118 1 0862347488 LICK
118 1 0862573868 LICK
118 1 0862950584 LICK
118 1 0862976660 STIM_END_RESP_START
118 1 0863139008 LICK
118 1 0863139492 REWARD_START
118 1 0863342812 LICK
118 1 0863506736 LICK
118 1 0863648804 LICK
118 1 0863872156 LICK
118 1 0863994704 LICK
118 1 0864176688 RESP_END
118 1 0863150012 REWARD_END
119 1 0866093156 STIM_START
119 1 0866528580 LICK
119 1 0867084140 LICK
119 1 0867093276 STIM_END_RESP_START
119 1 0867270896 LICK
119 1 0867271380 REWARD_START
119 1 0867480584 LICK
119 1 0867614480 LICK
119 1 0867790884 LICK
119 1 0867952188 LICK
119 1 0868131316 LICK
119 1 0868293328 RESP_END
119 1 0867281900 REWARD_END
120 0 0870316740 STIM_START
120 0 0870874504 LICK
120 0 0871086776 LICK
120 0 0871254688 LICK
120 0 0871316848 STIM_END_RESP_START
120 0 0871686652 LICK
120 0 0871687132 TIMEOUT_START
120 0 0871857068 LICK
120 0 0871857560 TIMEOUT_START
120 0 0872044756 LICK
120 0 0872045240 TIMEOUT_START
120 0 0872516884 RESP_END
120 0 0879045752 TIMEOUT_END
121 1 0881241304 STIM_START
121 1 0882007104 LICK
121 1 0882241428 STIM_END_RESP_START
121 1 0882444840 LICK
121 1 0882445332 REWARD_START
121 1 0882611152 LICK
121 1 0882900660 LICK
121 1 0883067120 LICK
121 1 0883236572 LICK
121 1 0883441468 RESP_END
121 1 0882455848 REWARD_END
122 0 0885347936 STIM_START
122 0 0885866472 LICK
122 0 0886269624 LICK
122 0 0886348048 STIM_END_RESP_START
122 0 0886456584 LICK
122 0 0886457068 TIMEOUT_START
122 0 0887548064 RESP_END
122 0 0893457576 TIMEOUT_END
123 0 0897224624 STIM_START
123 0 0897641888 LICK
123 0 0897861360 LICK
123 0 0898224740 STIM_END_RESP_START
123 0 0898803868 LICK
123 0 0898804352 TIMEOUT_START
123 0 0898990244 LICK
123 0 0898990732 TIMEOUT_START
123 0 0899424784 RESP_END
123 0 0905991236 TIMEOUT_END
124 1 0908216196 STIM_START
124 1 0908743552 LICK
124 1 0909197396 LICK
124 1 0909216296 STIM_END_RESP_START
124 1 0909366260 LICK
124 1 0909366748 REWARD_START
124 1 0909948780 LICK
124 1 0910246300 LICK
124 1 0910416312 RESP_END
124 1 0909377268 REWARD_END
125 1 0912968900 STIM_START
125 1 0913968996 STIM_END_RESP_START
125 1 0914705728 LICK
125 1 0914706216 REWARD_START
125 1 0914913296 LICK
125 1 0915169040 RESP_END
125 1 0914716740 REWARD_END
126 1 0917791552 STIM_START
126 1 0918330996 LICK
126 1 0918510784 LICK
126 1 0918791664 STIM_END_RESP_START
126 1 0919075416 LICK
126 1 0919075908 REWARD_START
126 1 0919253528 LICK
126 1 0919406904 LICK
126 1 0919626828 LICK
126 1 0919754548 LICK
126 1 0919944924 LICK
126 1 0919991688 RESP_END
126 1 0919086428 REWARD_END
127 0 0922135160 STIM_START
127 0 0922627180 LICK
127 0 0922776784 LICK
127 0 0922963940 LICK
127 0 0923135264 STIM_END_RESP_START
127 0 0923573316 LICK
127 0 0923573800 TIMEOUT_START
127 0 0923747032 LICK
127 0 0923747524 TIMEOUT_START
127 0 0924335276 RESP_END
127 0 0930748028 TIMEOUT_END
128 1 0932548672 STIM_START
128 1 0933334708 LICK
128 1 0933548796 STIM_END_RESP_START
128 1 0933745092 LICK
128 1 0933745580 REWARD_START
128 1 0933935544 LICK
128 1 0934236220 LICK
128 1 0934400612 LICK
128 1 0934577328 LICK
128 1 0934748832 RESP_END
128 1 0933756108 REWARD_END
129 0 0936916300 STIM_START
129 0 0937518192 LICK
129 0 0937700176 LICK
129 0 0937866224 LICK
129 0 0937916408 STIM_END_RESP_START
129 0 0939116448 RESP_END
130 1 0941181932 STIM_START
130 1 0941708744 LICK
130 1 0942182048 STIM_END_RESP_START
130 1 0942320764 LICK
130 1 0942321252 REWARD_START
130 1 0942522704 LICK
130 1 0942659612 LICK
130 1 0942808144 LICK
130 1 0942971900 LICK
130 1 0943141512 LICK
130 1 0943382080 RESP_END
130 1 0942331772 REWARD_END
131 1 0945604544 STIM_START
131 1 0945985612 LICK
131 1 0946135224 LICK
131 1 0946604648 STIM_END_RESP_START
131 1 0946688208 LICK
131 1 0946688692 REWARD_START
131 1 0946881256 LICK
131 1 0947050848 LICK
131 1 0947210632 LICK
131 1 0947373228 LICK
131 1 0947804680 RESP_END
131 1 0946699212 REWARD_END
132 0 0949840180 STIM_START
132 0 0950330260 LICK
132 0 0950510852 LICK
132 0 0950688268 LICK
132 0 0950840304 STIM_END_RESP_START
132 0 0951109352 LICK
132 0 0951109844 TIMEOUT_START
132 0 0951278608 LICK
132 0 0951279092 TIMEOUT_START
132 0 0951460460 LICK
132 0 0951460952 TIMEOUT_START
132 0 0951850836 LICK
132 0 0951851328 TIMEOUT_START
132 0 0952040320 RESP_END
132 0 0958851828 TIMEOUT_END
133 1 0960653720 STIM_START
133 1 0961653824 STIM_END_RESP_START
133 1 0961726700 LICK
133 1 0961727188 REWARD_START
133 1 0962402028 LICK
133 1 0962678040 LICK
133 1 0962827316 LICK
133 1 0962853860 RESP_END
133 1 0961737712 REWARD_END
134 0 0965353388 STIM_START
134 0 0965851072 LICK
134 0 0965988652 LICK
134 0 0966169968 LICK
134 0 0966353492 STIM_END_RESP_START
134 0 0967553532 RESP_END
135 0 0969439980 STIM_START
135 0 0970266924 LICK
135 0 0970440096 STIM_END_RESP_START
135 0 0970467704 LICK
135 0 0970468188 TIMEOUT_START
135 0 0971052028 LICK
135 0 0971052520 TIMEOUT_START
135 0 0971411884 LICK
135 0 0971412368 TIMEOUT_START
135 0 0971640112 RESP_END
135 0 0978412872 TIMEOUT_END
136 1 0980350536 STIM_START
136 1 0981223064 LICK
136 1 0981350636 STIM_END_RESP_START
136 1 0981452924 LICK
136 1 0981453408 REWARD_START
136 1 0981826472 LICK
136 1 0982069952 LICK
136 1 0982228568 LICK
136 1 0982406048 LICK
136 1 0982550660 RESP_END
136 1 0981463932 REWARD_END
137 1 0984420144 STIM_START
137 1 0984960260 LICK
137 1 0985150688 LICK
137 1 0985420252 STIM_END_RESP_START
137 1 0985820272 LICK
137 1 0985820756 REWARD_START
137 1 0985952960 LICK
137 1 0986119548 LICK
137 1 0986278608 LICK
137 1 0986436660 LICK
137 1 0986620268 RESP_END
137 1 0985831276 REWARD_END
138 0 0988850748 STIM_START
138 0 0989366392 LICK
138 0 0989538728 LICK
138 0 0989850864 STIM_END_RESP_START
138 0 0991050904 RESP_END
139 0 0992991364 STIM_START
139 0 0993991464 STIM_END_RESP_START
139 0 0994278804 LICK
139 0 0994279288 TIMEOUT_START
139 0 0994476064 LICK
139 0 0994476552 TIMEOUT_START
139 0 0995191500 RESP_END
139 0 1001477052 TIMEOUT_END
140 1 1003711908 STIM_START
140 1 1004369832 LICK
140 1 1004523144 LICK
140 1 1004712032 STIM_END_RESP_START
140 1 1005087588 LICK
140 1 1005088128 REWARD_START
140 1 1005267060 LICK
140 1 1005535592 LICK
140 1 1005678004 LICK
140 1 1005835764 LICK
140 1 1005912084 RESP_END
140 1 1005098692 REWARD_END
141 0 1008131556 STIM_START
141 0 1009131676 STIM_END_RESP_START
141 0 1010331696 RESP_END
142 1 1012184136 STIM_START
142 1 1012726376 LICK
142 1 1012911112 LICK
142 1 1013184252 STIM_END_RESP_START
142 1 1013277556 LICK
142 1 1013278096 REWARD_START
142 1 1013464356 LICK
142 1 1013740768 LICK
142 1 1013887920 LICK
142 1 1014059328 LICK
142 1 1014216804 LICK
142 1 1014384268 RESP_END
142 1 1013288664 REWARD_END
143 1 1016250692 STIM_START
143 1 1016670704 LICK
143 1 1016857816 LICK
143 1 1017245680 LICK
143 1 1017250824 STIM_END_RESP_START
143 1 1017412696 LICK
143 1 1017413232 REWARD_START
143 1 1017580868 LICK
143 1 1017772956 LICK
143 1 1017903728 LICK
143 1 1018053696 LICK
143 1 1018225920 LICK
143 1 1018450864 RESP_END
143 1 1017423816 REWARD_END
144 1 1020633328 STIM_START
144 1 1020728076 LICK
144 1 1021241360 LICK
144 1 1021408924 LICK
144 1 1021633444 STIM_END_RESP_START
144 1 1021769256 LICK
144 1 1021769796 REWARD_START
144 1 1022360780 LICK
144 1 1022508144 LICK
144 1 1022670764 LICK
144 1 1022826212 LICK
144 1 1022833480 RESP_END
144 1 1021780364 REWARD_END
145 0 1025031964 STIM_START
145 0 1025435920 LICK
145 0 1026032084 STIM_END_RESP_START
145 0 1027232100 RESP_END
146 0 1029163564 STIM_START
146 0 1030128376 LICK
146 0 1030163676 STIM_END_RESP_START
146 0 1030736460 LICK
146 0 1030736996 TIMEOUT_START
146 0 1031087696 LICK
146 0 1031088232 TIMEOUT_START
146 0 1031363716 RESP_END
146 0 1038088800 TIMEOUT_END
147 0 1039999104 STIM_START
147 0 1040813800 LICK
147 0 1040999212 STIM_END_RESP_START
147 0 1041393904 LICK
147 0 1041394436 TIMEOUT_START
147 0 1041752612 LICK
147 0 1041753148 TIMEOUT_START
147 0 1041951332 LICK
147 0 1041951872 TIMEOUT_START
147 0 1042123528 LICK
147 0 1042124064 TIMEOUT_START
147 0 1042199244 RESP_END
147 0 1049124612 TIMEOUT_END
148 1 1051301732 STIM_START
148 1 1051776948 LICK
148 1 1051988148 LICK
148 1 1052182412 LICK
148 1 1052301848 STIM_END_RESP_START
148 1 1052804804 LICK
148 1 1052805340 REWARD_START
148 1 1052960112 LICK
148 1 1053248560 LICK
148 1 1053398084 LICK
148 1 1053501880 RESP_END
148 1 1052815904 REWARD_END
149 0 1055608348 STIM_START
149 0 1056608464 STIM_END_RESP_START
149 0 1057808484 RESP_END
150 0 1059743956 STIM_START
150 0 1060395564 LICK
150 0 1060744056 STIM_END_RESP_START
150 0 1061020456 LICK
150 0 1061020992 TIMEOUT_START
150 0 1061206152 LICK
150 0 1061206680 TIMEOUT_START
150 0 1061376208 LICK
150 0 1061376740 TIMEOUT_START
150 0 1061574592 LICK
150 0 1061575132 TIMEOUT_START
150 0 1061803064 LICK
150 0 1061803592 TIMEOUT_START
150 0 1061944096 RESP_END
150 0 1068804148 TIMEOUT_END
151 0 1071239632 STIM_START
151 0 1072239756 STIM_END_RESP_START
151 0 1072281548 LICK
151 0 1072282084 TIMEOUT_START
151 0 1072478372 LICK
151 0 1072478904 TIMEOUT_START
151 0 1072667168 LICK
151 0 1072667704 TIMEOUT_START
151 0 1072863392 LICK
151 0 1072863920 TIMEOUT_START
151 0 1073251640 LICK
151 0 1073252172 TIMEOUT_START
151 0 1073434112 LICK
151 0 1073434652 TIMEOUT_START
151 0 1073439772 RESP_END
151 0 1080435208 TIMEOUT_END
152 1 1082545244 STIM_START
152 1 1083400944 LICK
152 1 1083545352 STIM_END_RESP_START
152 1 1083604316 LICK
152 1 1083604848 REWARD_START
152 1 1083997972 LICK
152 1 1084302524 LICK
152 1 1084450780 LICK
152 1 1084611672 LICK
152 1 1084745376 RESP_END
152 1 1083615420 REWARD_END
153 1 1087048864 STIM_START
153 1 1087920800 LICK
153 1 1088048968 STIM_END_RESP_START
153 1 1088099244 LICK
153 1 1088099780 REWARD_START
153 1 1088260440 LICK
153 1 1088583736 LICK
153 1 1088720088 LICK
153 1 1088898224 LICK
153 1 1089051600 LICK
153 1 1089248984 RESP_END
153 1 1088110348 REWARD_END
154 0 1091249436 STIM_START
154 0 1091538444 LICK
154 0 1091772348 LICK
154 0 1092249552 STIM_END_RESP_START
154 0 1092286496 LICK
154 0 1092287024 TIMEOUT_START
154 0 1092436424 LICK
154 0 1092436956 TIMEOUT_START
154 0 1092608272 LICK
154 0 1092608804 TIMEOUT_START
154 0 1093449568 RESP_END
154 0 1099609356 TIMEOUT_END
155 0 1101547920 STIM_START
155 0 1102548040 STIM_END_RESP_START
155 0 1102617468 LICK
155 0 1102618008 TIMEOUT_START
155 0 1102787744 LICK
155 0 1102788272 TIMEOUT_START
155 0 1102972860 LICK
155 0 1102973400 TIMEOUT_START
155 0 1103160132 LICK
155 0 1103160672 TIMEOUT_START
155 0 1103351392 LICK
155 0 1103351928 TIMEOUT_START
155 0 1103538868 LICK
155 0 1103539408 TIMEOUT_START
155 0 1103748064 RESP_END
155 0 1110539960 TIMEOUT_END
156 1 1112313476 STIM_START
156 1 1112803724 LICK
156 1 1113058228 LICK
156 1 1113259824 LICK
156 1 1113313600 STIM_END_RESP_START
156 1 1113454216 LICK
156 1 1113454756 REWARD_START
156 1 1113846120 LICK
156 1 1114139116 LICK
156 1 1114274216 LICK
156 1 1114433548 LICK
156 1 1114513628 RESP_END
156 1 1113465324 REWARD_END
157 0 1116441092 STIM_START
157 0 1117441212 STIM_END_RESP_START
157 0 1117589188 LICK
157 0 1117589724 TIMEOUT_START
157 0 1117746692 LICK
157 0 1117747228 TIMEOUT_START
157 0 1117908624 LICK
157 0 1117909164 TIMEOUT_START
157 0 1118641224 RESP_END
157 0 1124909724 TIMEOUT_END
158 0 1127679684 STIM_START
158 0 1128115628 LICK
158 0 1128313236 LICK
158 0 1128590660 LICK
158 0 1128679788 STIM_END_RESP_START
158 0 1128832668 LICK
158 0 1128833208 TIMEOUT_START
158 0 1128983352 LICK
158 0 1128983888 TIMEOUT_START
158 0 1129879800 RESP_END
158 0 1135984444 TIMEOUT_END
159 0 1138024180 STIM_START
159 0 1138547820 LICK
159 0 1138738100 LICK
159 0 1138953456 LICK
159 0 1139024288 STIM_END_RESP_START
159 0 1139152300 LICK
159 0 1139152832 TIMEOUT_START
159 0 1139358952 LICK
159 0 1139359484 TIMEOUT_START
159 0 1139530352 LICK
159 0 1139530888 TIMEOUT_START
159 0 1140224300 RESP_END
159 0 1146531452 TIMEOUT_END
160 1 1148771720 STIM_START
160 1 1149131396 LICK
160 1 1149309972 LICK
160 1 1149700832 LICK
160 1 1149771828 STIM_END_RESP_START
160 1 1149914648 LICK
160 1 1149915188 REWARD_START
160 1 1150070516 LICK
160 1 1150408024 LICK
160 1 1150584236 LICK
160 1 1150740008 LICK
160 1 1150971844 RESP_END
160 1 1149925756 REWARD_END
161 1 1153225340 STIM_START
161 1 1153631956 LICK
161 1 1154225460 STIM_END_RESP_START
161 1 1154330464 LICK
161 1 1154331000 REWARD_START
161 1 1154485552 LICK
161 1 1154667252 LICK
161 1 1154834364 LICK
161 1 1154999708 LICK
161 1 1155179252 LICK
161 1 1155344320 LICK
161 1 1155425480 RESP_END
161 1 1154341568 REWARD_END
162 1 1157202968 STIM_START
162 1 1157812288 LICK
162 1 1157976864 LICK
162 1 1158152464 LICK
162 1 1158203084 STIM_END_RESP_START
162 1 1158539628 LICK
162 1 1158540160 REWARD_START
162 1 1158711640 LICK
162 1 1158861740 LICK
162 1 1159035956 LICK
162 1 1159219848 LICK
162 1 1159385800 LICK
162 1 1159403116 RESP_END
162 1 1158550732 REWARD_END
163 0 1161629556 STIM_START
163 0 1162629684 STIM_END_RESP_START
163 0 1163829700 RESP_END
164 1 1165970176 STIM_START
164 1 1166464092 LICK
164 1 1166636268 LICK
164 1 1166811808 LICK
164 1 1166970276 STIM_END_RESP_START
164 1 1167186804 LICK
164 1 1167187344 REWARD_START
164 1 1167383180 LICK
164 1 1167527124 LICK
164 1 1167661740 LICK
164 1 1167824580 LICK
164 1 1167997532 LICK
164 1 1168170324 RESP_END
164 1 1167197912 REWARD_END
165 0 1172280052 STIM_START
165 0 1173280172 STIM_END_RESP_START
165 0 1173348816 LICK
165 0 1173349352 TIMEOUT_START
165 0 1173478796 LICK
165 0 1173479328 TIMEOUT_START
165 0 1173659016 LICK
165 0 1173659552 TIMEOUT_START
165 0 1173846436 LICK
165 0 1173846968 TIMEOUT_START
165 0 1174259476 LICK
165 0 1174260016 TIMEOUT_START
165 0 1174480204 RESP_END
165 0 1181260576 TIMEOUT_END
166 0 1183324640 STIM_START
166 0 1184324760 STIM_END_RESP_START
166 0 1184369820 LICK
166 0 1184370352 TIMEOUT_START
166 0 1184568588 LICK
166 0 1184569120 TIMEOUT_START
166 0 1184727132 LICK
166 0 1184727664 TIMEOUT_START
166 0 1185208928 LICK
166 0 1185209464 TIMEOUT_START
166 0 1185524800 RESP_END
166 0 1192210016 TIMEOUT_END
167 1 1193965192 STIM_START
167 1 1194802288 LICK
167 1 1194953760 LICK
167 1 1194965296 STIM_END_RESP_START
167 1 1195154876 LICK
167 1 1195155408 REWARD_START
167 1 1195335348 LICK
167 1 1195623084 LICK
167 1 1195769708 LICK
167 1 1195932624 LICK
167 1 1196103028 LICK
167 1 1196165336 RESP_END
167 1 1195165984 REWARD_END
168 1 1198506820 STIM_START
168 1 1199061872 LICK
168 1 1199260852 LICK
168 1 1199506936 STIM_END_RESP_START
168 1 1199634124 LICK
168 1 1199634664 REWARD_START
168 1 1199829104 LICK
168 1 1200112120 LICK
168 1 1200272452 LICK
168 1 1200443956 LICK
168 1 1200706968 RESP_END
168 1 1199645228 REWARD_END
169 1 1202941500 STIM_START
169 1 1203423576 LICK
169 1 1203635476 LICK
169 1 1203941592 STIM_END_RESP_START
169 1 1204035756 LICK
169 1 1204036292 REWARD_START
169 1 1204200232 LICK
169 1 1204340420 LICK
169 1 1204495284 LICK
169 1 1204669068 LICK
169 1 1204857408 LICK
169 1 1205141616 RESP_END
169 1 1204046880 REWARD_END
170 0 1206980056 STIM_START
170 0 1207394748 LICK
170 0 1207574636 LICK
170 0 1207980176 STIM_END_RESP_START
170 0 1208163268 LICK
170 0 1208163808 TIMEOUT_START
170 0 1208894616 LICK
170 0 1208895148 TIMEOUT_START
170 0 1209050348 LICK
170 0 1209050880 TIMEOUT_START
170 0 1209180200 RESP_END
170 0 1216051448 TIMEOUT_END
171 0 1218064636 STIM_START
171 0 1218712576 LICK
171 0 1219064752 STIM_END_RESP_START
171 0 1219596860 LICK
171 0 1219597400 TIMEOUT_START
171 0 1219797920 LICK
171 0 1219798460 TIMEOUT_START
171 0 1220264788 RESP_END
171 0 1226799016 TIMEOUT_END
172 0 1228933184 STIM_START
172 0 1229933296 STIM_END_RESP_START
172 0 1230361528 LICK
172 0 1230362068 TIMEOUT_START
172 0 1230533552 LICK
172 0 1230534092 TIMEOUT_START
172 0 1231133328 RESP_END
172 0 1237534652 TIMEOUT_END
173 1 1239480716 STIM_START
173 1 1240480836 STIM_END_RESP_START
173 1 1240498784 LICK
173 1 1240499324 REWARD_START
173 1 1240646516 LICK
173 1 1240948796 LICK
173 1 1241105176 LICK
173 1 1241268360 LICK
173 1 1241680856 RESP_END
173 1 1240509888 REWARD_END
174 1 1243565284 STIM_START
174 1 1243653228 LICK
174 1 1243856104 LICK
174 1 1244252196 LICK
174 1 1244448524 LICK
174 1 1244565396 STIM_END_RESP_START
174 1 1245020744 LICK
174 1 1245021288 REWARD_START
174 1 1245201212 LICK
174 1 1245533600 LICK
174 1 1245690984 LICK
174 1 1245765412 RESP_END
174 1 1245031852 REWARD_END
175 0 1248297980 STIM_START
175 0 1248353048 LICK
175 0 1249298088 STIM_END_RESP_START
175 0 1249313752 LICK
175 0 1249314288 TIMEOUT_START
175 0 1249496904 LICK
175 0 1249497440 TIMEOUT_START
175 0 1249712496 LICK
175 0 1249713028 TIMEOUT_START
175 0 1250498108 RESP_END
175 0 1256713584 TIMEOUT_END
176 1 1258745476 STIM_START
176 1 1259745596 STIM_END_RESP_START
176 1 1260080992 LICK
176 1 1260081528 REWARD_START
176 1 1260227624 LICK
176 1 1260541624 LICK
176 1 1260697060 LICK
176 1 1260865060 LICK
176 1 1260945640 RESP_END
176 1 1260092096 REWARD_END
177 0 1263142112 STIM_START
177 0 1264142240 STIM_END_RESP_START
177 0 1264153008 LICK
177 0 1264153540 TIMEOUT_START
177 0 1264316440 LICK
177 0 1264316972 TIMEOUT_START
177 0 1264461100 LICK
177 0 1264461632 TIMEOUT_START
177 0 1265044828 LICK
177 0 1265045360 TIMEOUT_START
177 0 1265230836 LICK
177 0 1265231376 TIMEOUT_START
177 0 1265342268 RESP_END
177 0 1272231944 TIMEOUT_END
178 0 1274129664 STIM_START
178 0 1274673220 LICK
178 0 1274841556 LICK
178 0 1275129776 STIM_END_RESP_START
178 0 1275453328 LICK
178 0 1275453868 TIMEOUT_START
178 0 1275604936 LICK
178 0 1275605476 TIMEOUT_START
178 0 1276226392 LICK
178 0 1276226932 TIMEOUT_START
178 0 1276329792 RESP_END
178 0 1283227488 TIMEOUT_END
179 0 1287191552 STIM_START
179 0 1288191672 STIM_END_RESP_START
179 0 1289391692 RESP_END
180 1 1291287144 STIM_START
180 1 1291669580 LICK
180 1 1291835012 LICK
180 1 1292224280 LICK
180 1 1292287272 STIM_END_RESP_START
180 1 1292393172 LICK
180 1 1292393712 REWARD_START
180 1 1292597080 LICK
180 1 1292858832 LICK
180 1 1293029588 LICK
180 1 1293178692 LICK
180 1 1293487292 RESP_END
180 1 1292404276 REWARD_END
181 1 1295302712 STIM_START
181 1 1295869672 LICK
181 1 1296043084 LICK
181 1 1296205184 LICK
181 1 1296302816 STIM_END_RESP_START
181 1 1296795884 LICK
181 1 1296796416 REWARD_START
181 1 1296956976 LICK
181 1 1297136440 LICK
181 1 1297279076 LICK
181 1 1297455632 LICK
181 1 1297502852 RESP_END
181 1 1296806988 REWARD_END
182 1 1299606340 STIM_START
182 1 1300247116 LICK
182 1 1300454452 LICK
182 1 1300606460 STIM_END_RESP_START
182 1 1300622156 LICK
182 1 1300622692 REWARD_START
182 1 1301806472 RESP_END
182 1 1300633260 REWARD_END
183 0 1305047112 STIM_START
183 0 1305802600 LICK
183 0 1306028864 LICK
183 0 1306047236 STIM_END_RESP_START
183 0 1306429584 LICK
183 0 1306430116 TIMEOUT_START
183 0 1307247280 RESP_END
183 0 1313430680 TIMEOUT_END
184 0 1315676640 STIM_START
184 0 1316507760 LICK
184 0 1316676748 STIM_END_RESP_START
184 0 1317069148 LICK
184 0 1317069676 TIMEOUT_START
184 0 1317271936 LICK
184 0 1317272468 TIMEOUT_START
184 0 1317455528 LICK
184 0 1317456064 TIMEOUT_START
184 0 1317615668 LICK
184 0 1317616200 TIMEOUT_START
184 0 1317811880 LICK
184 0 1317812416 TIMEOUT_START
184 0 1317876776 RESP_END
184 0 1324812968 TIMEOUT_END
185 0 1326801232 STIM_START
185 0 1327801352 STIM_END_RESP_START
185 0 1329001368 RESP_END
186 1 1331123864 STIM_START
186 1 1331508236 LICK
186 1 1331656128 LICK
186 1 1331850552 LICK
186 1 1332031724 LICK
186 1 1332123976 STIM_END_RESP_START
186 1 1332222664 LICK
186 1 1332223204 REWARD_START
186 1 1332431156 LICK
186 1 1332589288 LICK
186 1 1332752796 LICK
186 1 1332932140 LICK
186 1 1333323992 RESP_END
186 1 1332233768 REWARD_END
187 1 1336070600 STIM_START
187 1 1336765752 LICK
187 1 1336959820 LICK
187 1 1337070712 STIM_END_RESP_START
187 1 1337345724 LICK
187 1 1337346260 REWARD_START
187 1 1337533868 LICK
187 1 1337678136 LICK
187 1 1337827868 LICK
187 1 1338024136 LICK
187 1 1338270760 RESP_END
187 1 1337356824 REWARD_END
188 1 1340240148 STIM_START
188 1 1341240260 STIM_END_RESP_START
188 1 1341354888 LICK
188 1 1341355428 REWARD_START
188 1 1341502504 LICK
188 1 1341668884 LICK
188 1 1341823348 LICK
188 1 1341986544 LICK
188 1 1342440296 RESP_END
188 1 1341365996 REWARD_END
189 0 1344226720 STIM_START
189 0 1344725100 LICK
189 0 1345226840 STIM_END_RESP_START
189 0 1345292824 LICK
189 0 1345293356 TIMEOUT_START
189 0 1345474272 LICK
189 0 1345474808 TIMEOUT_START
189 0 1345651680 LICK
189 0 1345652212 TIMEOUT_START
189 0 1346222864 LICK
189 0 1346223404 TIMEOUT_START
189 0 1346396184 LICK
189 0 1346396716 TIMEOUT_START
189 0 1346426892 RESP_END
189 0 1353397288 TIMEOUT_END
190 0 1355333320 STIM_START
190 0 1356051336 LICK
190 0 1356238468 LICK
190 0 1356333424 STIM_END_RESP_START
190 0 1357035940 LICK
190 0 1357036472 TIMEOUT_START
190 0 1357533460 RESP_END
190 0 1364037040 TIMEOUT_END
191 0 1365943860 STIM_START
191 0 1366670872 LICK
191 0 1366943972 STIM_END_RESP_START
191 0 1367461304 LICK
191 0 1367461836 TIMEOUT_START
191 0 1367809356 LICK
191 0 1367809888 TIMEOUT_START
191 0 1368144020 RESP_END
191 0 1374810452 TIMEOUT_END
192 1 1376988432 STIM_START
192 1 1377532232 LICK
192 1 1377668484 LICK
192 1 1377988552 STIM_END_RESP_START
192 1 1378251040 LICK
192 1 1378251572 REWARD_START
192 1 1378432832 LICK
192 1 1378721596 LICK
192 1 1378876400 LICK
192 1 1379038168 LICK
192 1 1379188572 RESP_END
192 1 1378262148 REWARD_END
193 1 1383604388 STIM_START
193 1 1384264784 LICK
193 1 1384488332 LICK
193 1 1384604488 STIM_END_RESP_START
193 1 1385087708 LICK
193 1 1385088244 REWARD_START
193 1 1385247220 LICK
193 1 1385403868 LICK
193 1 1385578140 LICK
193 1 1385743208 LICK
193 1 1385804504 RESP_END
193 1 1385098808 REWARD_END
194 0 1387592948 STIM_START
194 0 1388050236 LICK
194 0 1388223908 LICK
194 0 1388593040 STIM_END_RESP_START
194 0 1388814712 LICK
194 0 1388815244 TIMEOUT_START
194 0 1388962172 LICK
194 0 1388962704 TIMEOUT_START
194 0 1389108076 LICK
194 0 1389108612 TIMEOUT_START
194 0 1389687580 LICK
194 0 1389688120 TIMEOUT_START
194 0 1389793084 RESP_END
194 0 1396688668 TIMEOUT_END
195 0 1398938580 STIM_START
195 0 1399889892 LICK
195 0 1399938712 STIM_END_RESP_START
195 0 1399945508 LICK
195 0 1399946048 TIMEOUT_START
195 0 1400098004 LICK
195 0 1400098536 TIMEOUT_START
195 0 1400679376 LICK
195 0 1400679912 TIMEOUT_START
195 0 1400875728 LICK
195 0 1400876264 TIMEOUT_START
195 0 1401138736 RESP_END
195 0 1407876820 TIMEOUT_END
196 1 1409993148 STIM_START
196 1 1410854060 LICK
196 1 1410993272 STIM_END_RESP_START
196 1 1411445840 LICK
196 1 1411446372 REWARD_START
196 1 1411796800 LICK
196 1 1412093788 LICK
196 1 1412193308 RESP_END
196 1 1411456940 REWARD_END
197 1 1414491800 STIM_START
197 1 1415001008 LICK
197 1 1415491920 STIM_END_RESP_START
197 1 1415561008 LICK
197 1 1415561548 REWARD_START
197 1 1415761576 LICK
197 1 1415920732 LICK
197 1 1416069232 LICK
197 1 1416234356 LICK
197 1 1416691948 RESP_END
197 1 1415572116 REWARD_END
198 1 1418926436 STIM_START
198 1 1419077164 LICK
198 1 1419770824 LICK
198 1 1419926536 STIM_END_RESP_START
198 1 1419953284 LICK
198 1 1419953816 REWARD_START
198 1 1420155220 LICK
198 1 1420298204 LICK
198 1 1420504828 LICK
198 1 1420636632 LICK
198 1 1420809316 LICK
198 1 1421126572 RESP_END
198 1 1419964384 REWARD_END
199 0 1423332060 STIM_START
199 0 1423720600 LICK
199 0 1423917948 LICK
199 0 1424098764 LICK
199 0 1424332180 STIM_END_RESP_START
199 0 1424838492 LICK
199 0 1424839028 TIMEOUT_START
199 0 1424972272 LICK
199 0 1424972808 TIMEOUT_START
199 0 1425532196 RESP_END
199 0 1431973356 TIMEOUT_END
200 1 1434068616 STIM_START
200 1 1435068736 STIM_END_RESP_START
200 1 1435267948 LICK
200 1 1435268488 REWARD_START
200 1 1435424820 LICK
200 1 1435717760 LICK
200 1 1435862788 LICK
200 1 1436057608 LICK
200 1 1436202480 LICK
200 1 1436268768 RESP_END
200 1 1435279052 REWARD_END
201 0 1438318212 STIM_START
201 0 1438937788 LICK
201 0 1439121824 LICK
201 0 1439285840 LICK
201 0 1439318336 STIM_END_RESP_START
201 0 1439727000 LICK
201 0 1439727532 TIMEOUT_START
201 0 1440518384 RESP_END
201 0 1446728108 TIMEOUT_END
202 0 1448891720 STIM_START
202 0 1449473792 LICK
202 0 1449891836 STIM_END_RESP_START
202 0 1450088744 LICK
202 0 1450089272 TIMEOUT_START
202 0 1450275272 LICK
202 0 1450275804 TIMEOUT_START
202 0 1450431512 LICK
202 0 1450432044 TIMEOUT_START
202 0 1450853676 LICK
202 0 1450854208 TIMEOUT_START
202 0 1451037676 LICK
202 0 1451038216 TIMEOUT_START
202 0 1451091880 RESP_END
202 0 1458038792 TIMEOUT_END
203 1 1459922316 STIM_START
203 1 1460549052 LICK
203 1 1460756748 LICK
203 1 1460922444 STIM_END_RESP_START
203 1 1461474344 LICK
203 1 1461474876 REWARD_START
203 1 1461815616 LICK
203 1 1462122464 RESP_END
203 1 1461485460 REWARD_END
204 0 1464751004 STIM_START
204 0 1465751124 STIM_END_RESP_START
204 0 1465924840 LICK
204 0 1465925372 TIMEOUT_START
204 0 1466099328 LICK
204 0 1466099864 TIMEOUT_START
204 0 1466279632 LICK
204 0 1466280172 TIMEOUT_START
204 0 1466951144 RESP_END
204 0 1473280740 TIMEOUT_END
205 1 1475472524 STIM_START
205 1 1476069792 LICK
205 1 1476472624 STIM_END_RESP_START
205 1 1476686600 LICK
205 1 1476687136 REWARD_START
205 1 1476856480 LICK
205 1 1477145892 LICK
205 1 1477306216 LICK
205 1 1477472292 LICK
205 1 1477672640 RESP_END
205 1 1476697704 REWARD_END
206 0 1479510124 STIM_START
206 0 1479950876 LICK
206 0 1480134996 LICK
206 0 1480454676 LICK
206 0 1480510220 STIM_END_RESP_START
206 0 1481710240 RESP_END
207 0 1483641720 STIM_START
207 0 1484252972 LICK
207 0 1484460484 LICK
207 0 1484641832 STIM_END_RESP_START
207 0 1485260148 LICK
207 0 1485260680 TIMEOUT_START
207 0 1485413212 LICK
207 0 1485413752 TIMEOUT_START
207 0 1485841868 RESP_END
207 0 1492414312 TIMEOUT_END
208 0 1494557264 STIM_START
208 0 1495540984 LICK
208 0 1495557396 STIM_END_RESP_START
208 0 1495901556 LICK
208 0 1495902088 TIMEOUT_START
208 0 1496757420 RESP_END
208 0 1502902644 TIMEOUT_END
209 1 1504930756 STIM_START
209 1 1505930876 STIM_END_RESP_START
209 1 1506040440 LICK
209 1 1506040980 REWARD_START
209 1 1506200280 LICK
209 1 1506493008 LICK
209 1 1506650200 LICK
209 1 1506775004 LICK
209 1 1507130920 RESP_END
209 1 1506051548 REWARD_END
210 0 1509343444 STIM_START
210 0 1509827328 LICK
210 0 1510343576 STIM_END_RESP_START
210 0 1510509532 LICK
210 0 1510510068 TIMEOUT_START
210 0 1510671320 LICK
210 0 1510671860 TIMEOUT_START
210 0 1510845188 LICK
210 0 1510845724 TIMEOUT_START
210 0 1511543612 RESP_END
210 0 1517846284 TIMEOUT_END
211 0 1519679892 STIM_START
211 0 1520372972 LICK
211 0 1520519624 LICK
211 0 1520679984 STIM_END_RESP_START
211 0 1520699896 LICK
211 0 1520700432 TIMEOUT_START
211 0 1521085592 LICK
211 0 1521086124 TIMEOUT_START
211 0 1521267620 LICK
211 0 1521268160 TIMEOUT_START
211 0 1521880008 RESP_END
211 0 1528268712 TIMEOUT_END
212 1 1530358436 STIM_START
212 1 1531358556 STIM_END_RESP_START
212 1 1531485232 LICK
212 1 1531485764 REWARD_START
212 1 1531660052 LICK
212 1 1531928552 LICK
212 1 1532083992 LICK
212 1 1532241668 LICK
212 1 1532402628 LICK
212 1 1532558576 RESP_END
212 1 1531496352 REWARD_END
213 1 1534370032 STIM_START
213 1 1534940888 LICK
213 1 1535370152 STIM_END_RESP_START
213 1 1535641380 LICK
213 1 1535641920 REWARD_START
213 1 1535786760 LICK
213 1 1535961532 LICK
213 1 1536112752 LICK
213 1 1536259100 LICK
213 1 1536434220 LICK
213 1 1536570172 RESP_END
213 1 1535652488 REWARD_END
214 0 1538635644 STIM_START
214 0 1539114408 LICK
214 0 1539635764 STIM_END_RESP_START
214 0 1540835784 RESP_END
215 1 1543073224 STIM_START
215 1 1543768456 LICK
215 1 1544073356 STIM_END_RESP_START
215 1 1545273376 RESP_END
216 1 1547509860 STIM_START
216 1 1548100112 LICK
216 1 1548300956 LICK
216 1 1548509980 STIM_END_RESP_START
216 1 1549306584 LICK
216 1 1549307124 REWARD_START
216 1 1549473768 LICK
216 1 1549710004 RESP_END
216 1 1549317692 REWARD_END
217 0 1551999512 STIM_START
217 0 1552999636 STIM_END_RESP_START
217 0 1554199656 RESP_END
218 1 1556193112 STIM_START
218 1 1556806244 LICK
218 1 1557000784 LICK
218 1 1557193228 STIM_END_RESP_START
218 1 1557396372 LICK
218 1 1557396912 REWARD_START
218 1 1557601320 LICK
218 1 1557748924 LICK
218 1 1557910660 LICK
218 1 1558090452 LICK
218 1 1558230768 LICK
218 1 1558393244 RESP_END
218 1 1557407480 REWARD_END
219 0 1560272704 STIM_START
219 0 1560723372 LICK
219 0 1561272836 STIM_END_RESP_START
219 0 1561298580 LICK
219 0 1561299120 TIMEOUT_START
219 0 1561469532 LICK
219 0 1561470072 TIMEOUT_START
219 0 1561654332 LICK
219 0 1561654864 TIMEOUT_START
219 0 1561831964 LICK
219 0 1561832500 TIMEOUT_START
219 0 1562259928 LICK
219 0 1562260460 TIMEOUT_START
219 0 1562472884 RESP_END
219 0 1569261020 TIMEOUT_END
220 0 1571384292 STIM_START
220 0 1572384412 STIM_END_RESP_START
220 0 1572412756 LICK
220 0 1572413292 TIMEOUT_START
220 0 1572608060 LICK
220 0 1572608592 TIMEOUT_START
220 0 1573164804 LICK
220 0 1573165340 TIMEOUT_START
220 0 1573547208 LICK
220 0 1573547736 TIMEOUT_START
220 0 1573584456 RESP_END
220 0 1580548300 TIMEOUT_END
221 0 1582535876 STIM_START
221 0 1583009904 LICK
221 0 1583150984 LICK
221 0 1583345688 LICK
221 0 1583531024 LICK
221 0 1583536000 STIM_END_RESP_START
221 0 1583725672 LICK
221 0 1583726204 TIMEOUT_START
221 0 1583906860 LICK
221 0 1583907392 TIMEOUT_START
221 0 1584084040 LICK
221 0 1584084572 TIMEOUT_START
221 0 1584667392 LICK
221 0 1584667932 TIMEOUT_START
221 0 1584736016 RESP_END
221 0 1591668488 TIMEOUT_END
222 1 1593887524 STIM_START
222 1 1594887644 STIM_END_RESP_START
222 1 1595129184 LICK
222 1 1595129720 REWARD_START
222 1 1595306340 LICK
222 1 1595610040 LICK
222 1 1595775988 LICK
222 1 1595902452 LICK
222 1 1596076040 LICK
222 1 1596087672 RESP_END
222 1 1595140296 REWARD_END
223 0 1597985088 STIM_START
223 0 1598406508 LICK
223 0 1598567308 LICK
223 0 1598985204 STIM_END_RESP_START
223 0 1599210988 LICK
223 0 1599211528 TIMEOUT_START
223 0 1599382560 LICK
223 0 1599383092 TIMEOUT_START
223 0 1600185228 RESP_END
223 0 1606383652 TIMEOUT_END
224 1 1609105712 STIM_START
224 1 1609512012 LICK
224 1 1609648036 LICK
224 1 1610105836 STIM_END_RESP_START
224 1 1610452328 LICK
224 1 1610452860 REWARD_START
224 1 1610632100 LICK
224 1 1611088688 LICK
224 1 1611234432 LICK
224 1 1611305856 RESP_END
224 1 1610463432 REWARD_END
225 0 1613578352 STIM_START
225 0 1614578468 STIM_END_RESP_START
225 0 1615778488 RESP_END
226 1 1617766924 STIM_START
226 1 1618474204 LICK
226 1 1618767056 STIM_END_RESP_START
226 1 1619058056 LICK
226 1 1619058588 REWARD_START
226 1 1619232748 LICK
226 1 1619514540 LICK
226 1 1619664008 LICK
226 1 1619826876 LICK
226 1 1619967096 RESP_END
226 1 1619069160 REWARD_END
227 0 1621780504 STIM_START
227 0 1622780616 STIM_END_RESP_START
227 0 1623980640 RESP_END
228 0 1626020116 STIM_START
228 0 1627020232 STIM_END_RESP_START
228 0 1627063008 LICK
228 0 1627063544 TIMEOUT_START
228 0 1627219164 LICK
228 0 1627219696 TIMEOUT_START
228 0 1627382992 LICK
228 0 1627383524 TIMEOUT_START
228 0 1627581764 LICK
228 0 1627582296 TIMEOUT_START
228 0 1627986124 LICK
228 0 1627986656 TIMEOUT_START
228 0 1628168508 LICK
228 0 1628169040 TIMEOUT_START
228 0 1628220240 RESP_END
228 0 1635169604 TIMEOUT_END
229 0 1637298768 STIM_START
229 0 1638200100 LICK
229 0 1638298868 STIM_END_RESP_START
229 0 1638593244 LICK
229 0 1638593776 TIMEOUT_START
229 0 1638763552 LICK
229 0 1638764080 TIMEOUT_START
229 0 1638959792 LICK
229 0 1638960328 TIMEOUT_START
229 0 1639342904 LICK
229 0 1639343440 TIMEOUT_START
229 0 1639498912 RESP_END
229 0 1646343996 TIMEOUT_END
230 1 1648382380 STIM_START
230 1 1648894708 LICK
230 1 1649036336 LICK
230 1 1649231868 LICK
230 1 1649382480 STIM_END_RESP_START
230 1 1649666408 LICK
230 1 1649666940 REWARD_START
230 1 1650010252 LICK
230 1 1650309744 LICK
230 1 1650452676 LICK
230 1 1650582520 RESP_END
230 1 1649677508 REWARD_END
231 1 1652484904 STIM_START
231 1 1653232632 LICK
231 1 1653485032 STIM_END_RESP_START
231 1 1653670820 LICK
231 1 1653671360 REWARD_START
231 1 1653827268 LICK
231 1 1654010056 LICK
231 1 1654157020 LICK
231 1 1654312664 LICK
231 1 1654685080 RESP_END
231 1 1653681924 REWARD_END
232 0 1656507488 STIM_START
232 0 1657507600 STIM_END_RESP_START
232 0 1658707620 RESP_END
233 1 1660583104 STIM_START
233 1 1661028488 LICK
233 1 1661212648 LICK
233 1 1661583204 STIM_END_RESP_START
233 1 1661808348 LICK
233 1 1661808888 REWARD_START
233 1 1661997044 LICK
233 1 1662182100 LICK
233 1 1662309640 LICK
233 1 1662470268 LICK
233 1 1662647648 LICK
233 1 1662783248 RESP_END
233 1 1661819456 REWARD_END
234 1 1664907704 STIM_START
234 1 1665907824 STIM_END_RESP_START
234 1 1666134140 LICK
234 1 1666134672 REWARD_START
234 1 1666282708 LICK
234 1 1666591732 LICK
234 1 1666737200 LICK
234 1 1666896628 LICK
234 1 1667107836 RESP_END
234 1 1666145256 REWARD_END
235 1 1669257340 STIM_START
235 1 1669935068 LICK
235 1 1670080408 LICK
235 1 1670257460 STIM_END_RESP_START
235 1 1671002016 LICK
235 1 1671002556 REWARD_START
235 1 1671175372 LICK
235 1 1671322452 LICK
235 1 1671457496 RESP_END
235 1 1671013124 REWARD_END
236 0 1673912980 STIM_START
236 0 1674364956 LICK
236 0 1674518464 LICK
236 0 1674731340 LICK
236 0 1674913080 STIM_END_RESP_START
236 0 1675125260 LICK
236 0 1675125800 TIMEOUT_START
236 0 1675317012 LICK
236 0 1675317548 TIMEOUT_START
236 0 1675478564 LICK
236 0 1675479104 TIMEOUT_START
236 0 1676113108 RESP_END
236 0 1682479652 TIMEOUT_END
237 0 1684540500 STIM_START
237 0 1685173564 LICK
237 0 1685540624 STIM_END_RESP_START
237 0 1685592076 LICK
237 0 1685592608 TIMEOUT_START
237 0 1685818340 LICK
237 0 1685818876 TIMEOUT_START
237 0 1686008092 LICK
237 0 1686008624 TIMEOUT_START
237 0 1686191932 LICK
237 0 1686192468 TIMEOUT_START
237 0 1686740668 RESP_END
237 0 1693193012 TIMEOUT_END
238 0 1695223032 STIM_START
238 0 1695823296 LICK
238 0 1696043180 LICK
238 0 1696223160 STIM_END_RESP_START
238 0 1696863300 LICK
238 0 1696863828 TIMEOUT_START
238 0 1697067512 LICK
238 0 1697068052 TIMEOUT_START
238 0 1697253876 LICK
238 0 1697254416 TIMEOUT_START
238 0 1697423204 RESP_END
238 0 1704254968 TIMEOUT_END
239 1 1706439640 STIM_START
239 1 1707251596 LICK
239 1 1707313912 LICK
239 1 1707439740 STIM_END_RESP_START
239 1 1707447328 LICK
239 1 1707447860 REWARD_START
239 1 1707672252 LICK
239 1 1707955616 LICK
239 1 1708117792 LICK
239 1 1708270636 LICK
239 1 1708405900 LICK
239 1 1708639772 RESP_END
239 1 1707458444 REWARD_END
240 1 1710714256 STIM_START
240 1 1710842856 LICK
240 1 1711017820 LICK
240 1 1711197960 LICK
240 1 1711714356 STIM_END_RESP_START
240 1 1711719380 LICK
240 1 1711719924 REWARD_START
240 1 1711903396 LICK
240 1 1712099432 LICK
240 1 1712255132 LICK
240 1 1712416876 LICK
240 1 1712593768 LICK
240 1 1712755776 LICK
240 1 1712914400 RESP_END
240 1 1711730492 REWARD_END
241 0 1714930872 STIM_START
241 0 1715930988 STIM_END_RESP_START
241 0 1716059504 LICK
241 0 1716060036 TIMEOUT_START
241 0 1716213484 LICK
241 0 1716214024 TIMEOUT_START
241 0 1716389240 LICK
241 0 1716389768 TIMEOUT_START
241 0 1717131036 RESP_END
241 0 1723390332 TIMEOUT_END
242 1 1725400368 STIM_START
242 1 1726049344 LICK
242 1 1726400476 STIM_END_RESP_START
242 1 1726891664 LICK
242 1 1726892200 REWARD_START
242 1 1727041148 LICK
242 1 1727330408 LICK
242 1 1727482832 LICK
242 1 1727600512 RESP_END
242 1 1726902764 REWARD_END
243 1 1729921032 STIM_START
243 1 1730456800 LICK
243 1 1730650660 LICK
243 1 1730921128 STIM_END_RESP_START
243 1 1731205844 LICK
243 1 1731206380 REWARD_START
243 1 1731407040 LICK
243 1 1731565336 LICK
243 1 1731722040 LICK
243 1 1731901868 LICK
243 1 1732121144 RESP_END
243 1 1731216948 REWARD_END
244 0 1733978580 STIM_START
244 0 1734492000 LICK
244 0 1734978684 STIM_END_RESP_START
244 0 1736178704 RESP_END
245 1 1738136192 STIM_START
245 1 1738826348 LICK
245 1 1738987528 LICK
245 1 1739136296 STIM_END_RESP_START
245 1 1740336312 RESP_END
246 0 1742802916 STIM_START
246 0 1743803036 STIM_END_RESP_START
246 0 1745003052 RESP_END
247 0 1746769464 STIM_START
247 0 1747467440 LICK
247 0 1747647916 LICK
247 0 1747769572 STIM_END_RESP_START
247 0 1748024612 LICK
247 0 1748025144 TIMEOUT_START
247 0 1748196860 LICK
247 0 1748197396 TIMEOUT_START
247 0 1748969592 RESP_END
247 0 1755197960 TIMEOUT_END
248 1 1757114904 STIM_START
248 1 1757996228 LICK
248 1 1758115024 STIM_END_RESP_START
248 1 1758811048 LICK
248 1 1758811588 REWARD_START
248 1 1758954420 LICK
248 1 1759262832 LICK
248 1 1759315068 RESP_END
248 1 1758822156 REWARD_END
249 1 1761583540 STIM_START
249 1 1762451472 LICK
249 1 1762583640 STIM_END_RESP_START
249 1 1762622232 LICK
249 1 1762622772 REWARD_START
249 1 1762787860 LICK
249 1 1762946252 LICK
249 1 1763108004 LICK
249 1 1763262928 LICK
249 1 1763456200 LICK
249 1 1763783692 RESP_END
249 1 1762633336 REWARD_END
250 1 1765912180 STIM_START
250 1 1766461992 LICK
250 1 1766658928 LICK
250 1 1766819300 LICK
250 1 1766912296 STIM_END_RESP_START
250 1 1766982480 LICK
250 1 1766983020 REWARD_START
250 1 1767513328 LICK
250 1 1767664600 LICK
250 1 1767832892 LICK
250 1 1767998112 LICK
250 1 1768112336 RESP_END
250 1 1766993584 REWARD_END
251 0 1770225780 STIM_START
251 0 1770812164 LICK
251 0 1770981072 LICK
251 0 1771173308 LICK
251 0 1771225884 STIM_END_RESP_START
251 0 1772425904 RESP_END
252 1 1774328360 STIM_START
252 1 1774833564 LICK
252 1 1775328492 STIM_END_RESP_START
252 1 1775535128 LICK
252 1 1775535660 REWARD_START
252 1 1775662488 LICK
252 1 1775836952 LICK
252 1 1775976728 LICK
252 1 1776167584 LICK
252 1 1776528536 RESP_END
252 1 1775546248 REWARD_END
253 1 1778339944 STIM_START
253 1 1778694160 LICK
253 1 1778887612 LICK
253 1 1779050584 LICK
253 1 1779340036 STIM_END_RESP_START
253 1 1779509680 LICK
253 1 1779510212 REWARD_START
253 1 1780540064 RESP_END
253 1 1779520784 REWARD_END
254 1 1782690572 STIM_START
254 1 1783690692 STIM_END_RESP_START
254 1 1783718996 LICK
254 1 1783719528 REWARD_START
254 1 1784051644 LICK
254 1 1784361656 LICK
254 1 1784525020 LICK
254 1 1784695424 LICK
254 1 1784890732 RESP_END
254 1 1783730112 REWARD_END
255 0 1786663144 STIM_START
255 0 1787177184 LICK
255 0 1787368304 LICK
255 0 1787663264 STIM_END_RESP_START
255 0 1787978968 LICK
255 0 1787979500 TIMEOUT_START
255 0 1788181480 LICK
255 0 1788182016 TIMEOUT_START
255 0 1788335096 LICK
255 0 1788335632 TIMEOUT_START
255 0 1788863308 RESP_END
255 0 1795336204 TIMEOUT_END
256 1 1797254688 STIM_START
256 1 1797986032 LICK
256 1 1798254816 STIM_END_RESP_START
256 1 1798828468 LICK
256 1 1798829000 REWARD_START
256 1 1799031312 LICK
256 1 1799188064 LICK
256 1 1799342500 LICK
256 1 1799454840 RESP_END
256 1 1798839572 REWARD_END
257 1 1801580312 STIM_START
257 1 1802059468 LICK
257 1 1802256692 LICK
257 1 1802580428 STIM_END_RESP_START
257 1 1802856420 LICK
257 1 1802856956 REWARD_START
257 1 1803192508 LICK
257 1 1803370288 LICK
257 1 1803531312 LICK
257 1 1803706224 LICK
257 1 1803780444 RESP_END
257 1 1802867540 REWARD_END
258 0 1805830888 STIM_START
258 0 1806376792 LICK
258 0 1806831016 STIM_END_RESP_START
258 0 1807682680 LICK
258 0 1807683212 TIMEOUT_START
258 0 1807858516 LICK
258 0 1807859056 TIMEOUT_START
258 0 1808031032 RESP_END
258 0 1814859608 TIMEOUT_END
259 1 1816974492 STIM_START
259 1 1817953816 LICK
259 1 1817974616 STIM_END_RESP_START
259 1 1818137036 LICK
259 1 1818137568 REWARD_START
259 1 1818326028 LICK
259 1 1818602520 LICK
259 1 1818777336 LICK
259 1 1818924656 LICK
259 1 1819174656 RESP_END
259 1 1818148144 REWARD_END
260 1 1821305160 STIM_START
260 1 1821828580 LICK
260 1 1822018120 LICK
260 1 1822305260 STIM_END_RESP_START
260 1 1822576480 LICK
260 1 1822577020 REWARD_START
260 1 1822740976 LICK
260 1 1822889660 LICK
260 1 1823073712 LICK
260 1 1823248884 LICK
260 1 1823505272 RESP_END
260 1 1822587584 REWARD_END
261 1 1825317680 STIM_START
261 1 1825398628 LICK
261 1 1825578068 LICK
261 1 1826052192 LICK
261 1 1826210012 LICK
261 1 1826317780 STIM_END_RESP_START
261 1 1826844100 LICK
261 1 1826844632 REWARD_START
261 1 1827000688 LICK
261 1 1827173688 LICK
261 1 1827332656 LICK
261 1 1827496468 LICK
261 1 1827517816 RESP_END
261 1 1826855204 REWARD_END
262 0 1829812332 STIM_START
262 0 1830812456 STIM_END_RESP_START
262 0 1831098600 LICK
262 0 1831099132 TIMEOUT_START
262 0 1831289096 LICK
262 0 1831289632 TIMEOUT_START
262 0 1832012492 RESP_END
262 0 1838290192 TIMEOUT_END
263 1 1840304828 STIM_START
263 1 1840996768 LICK
263 1 1841304928 STIM_END_RESP_START
263 1 1842168844 LICK
263 1 1842169380 REWARD_START
263 1 1842340308 LICK
263 1 1842504968 RESP_END
263 1 1842179948 REWARD_END
264 0 1845136504 STIM_START
264 0 1846136620 STIM_END_RESP_START
264 0 1846301048 LICK
264 0 1846301580 TIMEOUT_START
264 0 1846479644 LICK
264 0 1846480180 TIMEOUT_START
264 0 1846649616 LICK
264 0 1846650152 TIMEOUT_START
264 0 1847336644 RESP_END
264 0 1853650700 TIMEOUT_END
265 0 1855673036 STIM_START
265 0 1856286564 LICK
265 0 1856435380 LICK
265 0 1856611788 LICK
265 0 1856673140 STIM_END_RESP_START
265 0 1857224300 LICK
265 0 1857224836 TIMEOUT_START
265 0 1857793244 LICK
265 0 1857793776 TIMEOUT_START
265 0 1857873180 RESP_END
265 0 1864794336 TIMEOUT_END
266 1 1866805636 STIM_START
266 1 1867441044 LICK
266 1 1867805764 STIM_END_RESP_START
266 1 1868014396 LICK
266 1 1868014936 REWARD_START
266 1 1868198656 LICK
266 1 1868485532 LICK
266 1 1868645512 LICK
266 1 1868800856 LICK
266 1 1869005804 RESP_END
266 1 1868025500 REWARD_END
267 1 1873964636 STIM_START
267 1 1874517476 LICK
267 1 1874945148 LICK
267 1 1874964740 STIM_END_RESP_START
267 1 1875698372 LICK
267 1 1875698912 REWARD_START
267 1 1875887820 LICK
267 1 1876039884 LICK
267 1 1876164760 RESP_END
267 1 1875709480 REWARD_END
268 0 1878606328 STIM_START
268 0 1879606448 STIM_END_RESP_START
268 0 1880806468 RESP_END
269 0 1882906960 STIM_START
269 0 1883425696 LICK
269 0 1883582748 LICK
269 0 1883907088 STIM_END_RESP_START
269 0 1884167400 LICK
269 0 1884167932 TIMEOUT_START
269 0 1884494740 LICK
269 0 1884495276 TIMEOUT_START
269 0 1884686252 LICK
269 0 1884686788 TIMEOUT_START
269 0 1884874520 LICK
269 0 1884875056 TIMEOUT_START
269 0 1885107096 RESP_END
269 0 1891875612 TIMEOUT_END
270 0 1893774480 STIM_START
270 0 1894317312 LICK
270 0 1894774608 STIM_END_RESP_START
270 0 1894839152 LICK
270 0 1894839688 TIMEOUT_START
270 0 1895035900 LICK
270 0 1895036440 TIMEOUT_START
270 0 1895974632 RESP_END
270 0 1902037008 TIMEOUT_END
271 1 1904054940 STIM_START
271 1 1904728932 LICK
271 1 1904888716 LICK
271 1 1905055068 STIM_END_RESP_START
271 1 1905085528 LICK
271 1 1905086060 REWARD_START
271 1 1905532024 LICK
271 1 1905822000 LICK
271 1 1905997564 LICK
271 1 1906123112 LICK
271 1 1906255112 RESP_END
271 1 1905096644 REWARD_END
272 1 1908037524 STIM_START
272 1 1909037644 STIM_END_RESP_START
272 1 1909216796 LICK
272 1 1909217336 REWARD_START
272 1 1909368004 LICK
272 1 1909539316 LICK
272 1 1909848580 LICK
272 1 1910020500 LICK
272 1 1910237692 RESP_END
272 1 1909227904 REWARD_END
273 1 1912422180 STIM_START
273 1 1913137112 LICK
273 1 1913280436 LICK
273 1 1913422308 STIM_END_RESP_START
273 1 1913438680 LICK
273 1 1913439216 REWARD_START
273 1 1913614876 LICK
273 1 1913913156 LICK
273 1 1914061956 LICK
273 1 1914238676 LICK
273 1 1914622356 RESP_END
273 1 1913449792 REWARD_END
274 0 1916441744 STIM_START
274 0 1916722248 LICK
274 0 1916922672 LICK
274 0 1917441844 STIM_END_RESP_START
274 0 1917520604 LICK
274 0 1917521144 TIMEOUT_START
274 0 1917850964 LICK
274 0 1917851496 TIMEOUT_START
274 0 1918641860 RESP_END
274 0 1924852064 TIMEOUT_END
275 0 1926728204 STIM_START
275 0 1927335288 LICK
275 0 1927728304 STIM_END_RESP_START
275 0 1928314260 LICK
275 0 1928314792 TIMEOUT_START
275 0 1928650156 LICK
275 0 1928650688 TIMEOUT_START
275 0 1928857356 LICK
275 0 1928857892 TIMEOUT_START
275 0 1928928324 RESP_END
275 0 1935858456 TIMEOUT_END
276 1 1937929800 STIM_START
276 1 1938612668 LICK
276 1 1938812868 LICK
276 1 1938929924 STIM_END_RESP_START
276 1 1939686060 LICK
276 1 1939686600 REWARD_START
276 1 1939850860 LICK
276 1 1940129952 RESP_END
276 1 1939697168 REWARD_END
277 0 1942556464 STIM_START
277 0 1943102504 LICK
277 0 1943556580 STIM_END_RESP_START
277 0 1943710776 LICK
277 0 1943711308 TIMEOUT_START
277 0 1943880320 LICK
277 0 1943880856 TIMEOUT_START
277 0 1944057824 LICK
277 0 1944058364 TIMEOUT_START
277 0 1944428960 LICK
277 0 1944429492 TIMEOUT_START
277 0 1944756600 RESP_END
277 0 1951430056 TIMEOUT_END
278 1 1953704088 STIM_START
278 1 1954229220 LICK
278 1 1954413808 LICK
278 1 1954704196 STIM_END_RESP_START
278 1 1955042616 LICK
278 1 1955043148 REWARD_START
278 1 1955415168 LICK
278 1 1955680888 LICK
278 1 1955823756 LICK
278 1 1955904212 RESP_END
278 1 1955053720 REWARD_END
279 0 1958123700 STIM_START
279 0 1959123816 STIM_END_RESP_START
279 0 1959163852 LICK
279 0 1959164392 TIMEOUT_START
279 0 1959307756 LICK
279 0 1959308296 TIMEOUT_START
279 0 1959467288 LICK
279 0 1959467820 TIMEOUT_START
279 0 1960323836 RESP_END
279 0 1966468388 TIMEOUT_END
280 1 1968586216 STIM_START
280 1 1969050376 LICK
280 1 1969173888 LICK
280 1 1969357344 LICK
280 1 1969586320 STIM_END_RESP_START
280 1 1969809056 LICK
280 1 1969809592 REWARD_START
280 1 1969957720 LICK
280 1 1970404172 LICK
280 1 1970572532 LICK
280 1 1970786352 RESP_END
280 1 1969820160 REWARD_END
281 0 1972963844 STIM_START
281 0 1973963960 STIM_END_RESP_START
281 0 1974033704 LICK
281 0 1974034236 TIMEOUT_START
281 0 1974332752 LICK
281 0 1974333284 TIMEOUT_START
281 0 1975163988 RESP_END
281 0 1981333844 TIMEOUT_END
282 0 1983125300 STIM_START
282 0 1983885864 LICK
282 0 1984077876 LICK
282 0 1984125420 STIM_END_RESP_START
282 0 1984258856 LICK
282 0 1984259396 TIMEOUT_START
282 0 1984408908 LICK
282 0 1984409444 TIMEOUT_START
282 0 1984773836 LICK
282 0 1984774372 TIMEOUT_START
282 0 1985325436 RESP_END
282 0 1991774932 TIMEOUT_END
283 0 1993742816 STIM_START
283 0 1994127880 LICK
283 0 1994265764 LICK
283 0 1994466708 LICK
283 0 1994742928 STIM_END_RESP_START
283 0 1994861924 LICK
283 0 1994862460 TIMEOUT_START
283 0 1995016668 LICK
283 0 1995017200 TIMEOUT_START
283 0 1995678000 LICK
283 0 1995678532 TIMEOUT_START
283 0 1995942960 RESP_END
283 0 2002679100 TIMEOUT_END
284 1 2004471352 STIM_START
284 1 2004885648 LICK
284 1 2005066172 LICK
284 1 2005412760 LICK
284 1 2005471468 STIM_END_RESP_START
284 1 2005607092 LICK
284 1 2005607632 REWARD_START
284 1 2005945180 LICK
284 1 2006228636 LICK
284 1 2006379128 LICK
284 1 2006547052 LICK
284 1 2006671500 RESP_END
284 1 2005618196 REWARD_END
285 0 2008863024 STIM_START
285 0 2009748388 LICK
285 0 2009863116 STIM_END_RESP_START
285 0 2009900860 LICK
285 0 2009901400 TIMEOUT_START
285 0 2010058912 LICK
285 0 2010059444 TIMEOUT_START
285 0 2011063156 RESP_END
285 0 2017060016 TIMEOUT_END
286 1 2018901416 STIM_START
286 1 2019528848 LICK
286 1 2019714984 LICK
286 1 2019901524 STIM_END_RESP_START
286 1 2020312420 LICK
286 1 2020312956 REWARD_START
286 1 2020475372 LICK
286 1 2020774156 LICK
286 1 2020967172 LICK
286 1 2021101564 RESP_END
286 1 2020323528 REWARD_END
287 0 2022964004 STIM_START
287 0 2023535548 LICK
287 0 2023711348 LICK
287 0 2023964100 STIM_END_RESP_START
287 0 2024359660 LICK
287 0 2024360200 TIMEOUT_START
287 0 2024534944 LICK
287 0 2024535484 TIMEOUT_START
287 0 2024709068 LICK
287 0 2024709608 TIMEOUT_START
287 0 2025164136 RESP_END
287 0 2031710156 TIMEOUT_END
288 1 2033493492 STIM_START
288 1 2034093772 LICK
288 1 2034275516 LICK
288 1 2034493608 STIM_END_RESP_START
288 1 2034926856 LICK
288 1 2034927388 REWARD_START
288 1 2035292948 LICK
288 1 2035589148 LICK
288 1 2035693652 RESP_END
288 1 2034937960 REWARD_END
289 1 2037890144 STIM_START
289 1 2038620340 LICK
289 1 2038774304 LICK
289 1 2038890264 STIM_END_RESP_START
289 1 2040090284 RESP_END
290 0 2041879704 STIM_START
290 0 2042476076 LICK
290 0 2042879804 STIM_END_RESP_START
290 0 2043443616 LICK
290 0 2043444152 TIMEOUT_START
290 0 2043627988 LICK
290 0 2043628524 TIMEOUT_START
290 0 2043797172 LICK
290 0 2043797716 TIMEOUT_START
290 0 2044079836 RESP_END
290 0 2050798272 TIMEOUT_END
291 1 2052890308 STIM_START
291 1 2053628044 LICK
291 1 2053890412 STIM_END_RESP_START
291 1 2054206072 LICK
291 1 2054206612 REWARD_START
291 1 2054577336 LICK
291 1 2054843516 LICK
291 1 2054999644 LICK
291 1 2055090436 RESP_END
291 1 2054217180 REWARD_END
292 0 2057348916 STIM_START
292 0 2058349036 STIM_END_RESP_START
292 0 2059549052 RESP_END
293 0 2061436516 STIM_START
293 0 2062353936 LICK
293 0 2062436628 STIM_END_RESP_START
293 0 2062516744 LICK
293 0 2062517284 TIMEOUT_START
293 0 2062657504 LICK
293 0 2062658044 TIMEOUT_START
293 0 2063636660 RESP_END
293 0 2069658612 TIMEOUT_END
294 0 2071445964 STIM_START
294 0 2072068344 LICK
294 0 2072253392 LICK
294 0 2072446060 STIM_END_RESP_START
294 0 2073646072 RESP_END
295 1 2075843580 STIM_START
295 1 2076345164 LICK
295 1 2076520188 LICK
295 1 2076843680 STIM_END_RESP_START
295 1 2077091680 LICK
295 1 2077092220 REWARD_START
295 1 2077295404 LICK
295 1 2077593036 LICK
295 1 2077736092 LICK
295 1 2077909008 LICK
295 1 2078043716 RESP_END
295 1 2077102784 REWARD_END
296 1 2079944172 STIM_START
296 1 2080377632 LICK
296 1 2080530716 LICK
296 1 2080944272 STIM_END_RESP_START
296 1 2081124592 LICK
296 1 2081125124 REWARD_START
296 1 2081334524 LICK
296 1 2081497756 LICK
296 1 2081667264 LICK
296 1 2081833400 LICK
296 1 2082144296 RESP_END
296 1 2081135696 REWARD_END
297 0 2084102748 STIM_START
297 0 2085102868 STIM_END_RESP_START
297 0 2086302888 RESP_END
298 1 2088270364 STIM_START
298 1 2088861764 LICK
298 1 2089270468 STIM_END_RESP_START
298 1 2089530884 LICK
298 1 2089531424 REWARD_START
298 1 2089715304 LICK
298 1 2089863268 LICK
298 1 2090018884 LICK
298 1 2090191656 LICK
298 1 2090470484 RESP_END
298 1 2089541992 REWARD_END
299 0 2092392968 STIM_START
299 0 2093393088 STIM_END_RESP_START
299 0 2094593108 RESP_END
300 1 2096767564 STIM_START
300 1 2097349480 LICK
300 1 2097539104 LICK
300 1 2097731512 LICK
300 1 2097767684 STIM_END_RESP_START
300 1 2098128724 LICK
300 1 2098129260 REWARD_START
300 1 2098258360 LICK
300 1 2098422188 LICK
300 1 2098579916 LICK
300 1 2098763776 LICK
300 1 2098923024 LICK
300 1 2098967716 RESP_END
300 1 2098139828 REWARD_END
301 1 2100740160 STIM_START
301 1 2101298668 LICK
301 1 2101740264 STIM_END_RESP_START
301 1 2102015896 LICK
301 1 2102016436 REWARD_START
301 1 2102147576 LICK
301 1 2102304320 LICK
301 1 2102475876 LICK
301 1 2102641828 LICK
301 1 2102809420 LICK
301 1 2102940308 RESP_END
301 1 2102027004 REWARD_END
302 0 2105014744 STIM_START
302 0 2105485912 LICK
302 0 2105704848 LICK
302 0 2106014840 STIM_END_RESP_START
302 0 2106473760 LICK
302 0 2106474292 TIMEOUT_START
302 0 2106650468 LICK
302 0 2106651004 TIMEOUT_START
302 0 2107214868 RESP_END
302 0 2113651560 TIMEOUT_END
303 1 2115528280 STIM_START
303 1 2116261668 LICK
303 1 2116463508 LICK
303 1 2116528404 STIM_END_RESP_START
303 1 2116915468 LICK
303 1 2116915996 REWARD_START
303 1 2117058816 LICK
303 1 2117363824 LICK
303 1 2117519400 LICK
303 1 2117685736 LICK
303 1 2117728432 RESP_END
303 1 2116926568 REWARD_END
304 1 2119599828 STIM_START
304 1 2120599948 STIM_END_RESP_START
304 1 2121799968 RESP_END
305 1 2123736424 STIM_START
305 1 2124299680 LICK
305 1 2124452036 LICK
305 1 2124614800 LICK
305 1 2124736560 STIM_END_RESP_START
305 1 2125310100 LICK
305 1 2125310636 REWARD_START
305 1 2125936588 RESP_END
305 1 2125321228 REWARD_END
306 0 2128152080 STIM_START
306 0 2128972600 LICK
306 0 2129152180 STIM_END_RESP_START
306 0 2129198108 LICK
306 0 2129198640 TIMEOUT_START
306 0 2129359796 LICK
306 0 2129360336 TIMEOUT_START
306 0 2129505388 LICK
306 0 2129505920 TIMEOUT_START
306 0 2130352216 RESP_END
306 0 2136506480 TIMEOUT_END
307 0 2138387532 STIM_START
307 0 2139280888 LICK
307 0 2139387664 STIM_END_RESP_START
307 0 2139440832 LICK
307 0 2139441368 TIMEOUT_START
307 0 2139736788 LICK
307 0 2139737328 TIMEOUT_START
307 0 2140587692 RESP_END
307 0 2146737888 TIMEOUT_END
308 1 2148800016 STIM_START
308 1 2149711224 LICK
308 1 2149800144 STIM_END_RESP_START
308 1 2149871484 LICK
308 1 2149872024 REWARD_START
308 1 2150042296 LICK
308 1 2150307064 LICK
308 1 2150457876 LICK
308 1 2150615188 LICK
308 1 2150794888 LICK
308 1 2151000188 RESP_END
308 1 2149882588 REWARD_END
309 1 2153195660 STIM_START
309 1 2153760680 LICK
309 1 2154185092 LICK
309 1 2154195760 STIM_END_RESP_START
309 1 2154535464 LICK
309 1 2154536000 REWARD_START
309 1 2154671876 LICK
309 1 2155008388 LICK
309 1 2155176976 LICK
309 1 2155395772 RESP_END
309 1 2154546564 REWARD_END
310 0 2157537304 STIM_START
310 0 2158537416 STIM_END_RESP_START
310 0 2159737440 RESP_END
311 0 2161704924 STIM_START
311 0 2162575052 LICK
311 0 2162705024 STIM_END_RESP_START
311 0 2162717868 LICK
311 0 2162718400 TIMEOUT_START
311 0 2162889236 LICK
311 0 2162889776 TIMEOUT_START
311 0 2163227688 LICK
311 0 2163228216 TIMEOUT_START
311 0 2163407384 LICK
311 0 2163407920 TIMEOUT_START
311 0 2163905052 RESP_END
311 0 2170408468 TIMEOUT_END
312 1 2172342420 STIM_START
312 1 2172879500 LICK
312 1 2173025612 LICK
312 1 2173215388 LICK
312 1 2173342512 STIM_END_RESP_START
312 1 2173592152 LICK
312 1 2173592692 REWARD_START
312 1 2174542532 RESP_END
312 1 2173603260 REWARD_END
313 0 2176339992 STIM_START
313 0 2177165532 LICK
313 0 2177340092 STIM_END_RESP_START
313 0 2177470224 LICK
313 0 2177470760 TIMEOUT_START
313 0 2177647200 LICK
313 0 2177647736 TIMEOUT_START
313 0 2177789640 LICK
313 0 2177790176 TIMEOUT_START
313 0 2177965356 LICK
313 0 2177965888 TIMEOUT_START
313 0 2178540108 RESP_END
313 0 2184966460 TIMEOUT_END
314 0 2186838484 STIM_START
314 0 2187838604 STIM_END_RESP_START
314 0 2187894380 LICK
314 0 2187894920 TIMEOUT_START
314 0 2188045008 LICK
314 0 2188045544 TIMEOUT_START
314 0 2188217908 LICK
314 0 2188218448 TIMEOUT_START
314 0 2188790388 LICK
314 0 2188790928 TIMEOUT_START
314 0 2189038652 RESP_END
314 0 2195791496 TIMEOUT_END
315 0 2197672020 STIM_START
315 0 2198672132 STIM_END_RESP_START
315 0 2199872152 RESP_END
316 1 2201919624 STIM_START
316 1 2202919740 STIM_END_RESP_START
316 1 2204119760 RESP_END
317 0 2206303264 STIM_START
317 0 2207303380 STIM_END_RESP_START
317 0 2208503400 RESP_END
318 0 2210310868 STIM_START
318 0 2211310988 STIM_END_RESP_START
318 0 2212511008 RESP_END
319 1 2214509436 STIM_START
319 1 2215509556 STIM_END_RESP_START
319 1 2216709576 RESP_END
320 0 2218516016 STIM_START
320 0 2219516140 STIM_END_RESP_START
320 0 2220716160 RESP_END
321 0 2222613596 STIM_START
321 0 2223613712 STIM_END_RESP_START
321 0 2224813732 RESP_END
322 0 2227003268 STIM_START
322 0 2228003388 STIM_END_RESP_START
322 0 2229203412 RESP_END
323 1 2231017816 STIM_START
323 1 2232017940 STIM_END_RESP_START
323 1 2233217952 RESP_END
324 1 2235306448 STIM_START
324 1 2236306572 STIM_END_RESP_START
324 1 2237506592 RESP_END
325 1 2239656104 STIM_START
325 1 2240656220 STIM_END_RESP_START
325 1 2241856236 RESP_END
326 0 2244028672 STIM_START
326 0 2245028784 STIM_END_RESP_START
326 0 2246228804 RESP_END
USER_EXIT