001 1 0002183380 STIM_START
001 1 0003183480 STIM_END_RESP_START
001 1 0004383520 RESP_END
002 0 0006829996 STIM_START
002 0 0007830104 STIM_END_RESP_START
002 0 0009030144 RESP_END
003 1 0011142556 STIM_START
003 1 0012110276 LICK
003 1 0012142672 STIM_END_RESP_START
003 1 0013342700 RESP_END
004 1 0015555064 STIM_START
004 1 0016555152 STIM_END_RESP_START
004 1 0017115184 LICK
004 1 0017115624 REWARD_START
004 1 0017312128 LICK
004 1 0017501772 LICK
004 1 0017657872 LICK
004 1 0017755180 RESP_END
004 1 0017125096 REWARD_END
005 0 0020020664 STIM_START
005 0 0021020748 STIM_END_RESP_START
005 0 0022220764 RESP_END
006 0 0024849300 STIM_START
006 0 0025236672 LICK
006 0 0025489176 LICK
006 0 0025849392 STIM_END_RESP_START
006 0 0027049412 RESP_END
007 1 0029100804 STIM_START
007 1 0030100892 STIM_END_RESP_START
007 1 0030724848 LICK
007 1 0030725288 REWARD_START
007 1 0030884980 LICK
007 1 0031089868 LICK
007 1 0031266472 LICK
007 1 0031300916 RESP_END
007 1 0030734760 REWARD_END
008 1 0033662404 STIM_START
008 1 0034662496 STIM_END_RESP_START
008 1 0035862508 RESP_END
009 0 0037935924 STIM_START
009 0 0038891924 LICK
009 0 0038936008 STIM_END_RESP_START
009 0 0039067344 LICK
009 0 0039067788 TIMEOUT_START
009 0 0039269136 LICK
009 0 0039269580 TIMEOUT_START
009 0 0040136056 RESP_END
009 0 0046270028 TIMEOUT_END
010 1 0048466264 STIM_START
010 1 0049466388 STIM_END_RESP_START
010 1 0049591668 LICK
010 1 0049592104 REWARD_START
010 1 0049816864 LICK
010 1 0049999156 LICK
010 1 0050170264 LICK
010 1 0050342940 LICK
010 1 0050666416 RESP_END
010 1 0049601584 REWARD_END
011 1 0052629792 STIM_START
011 1 0053629908 STIM_END_RESP_START
011 1 0053863152 LICK
011 1 0053863596 REWARD_START
011 1 0054087328 LICK
011 1 0054268764 LICK
011 1 0054470984 LICK
011 1 0054829944 RESP_END
011 1 0053873068 REWARD_END
012 1 0056810328 STIM_START
012 1 0057810416 STIM_END_RESP_START
012 1 0058153216 LICK
012 1 0058153652 REWARD_START
012 1 0058333376 LICK
012 1 0058552012 LICK
012 1 0058740028 LICK
012 1 0058944664 LICK
012 1 0059010432 RESP_END
012 1 0058163128 REWARD_END
013 0 0060999864 STIM_START
013 0 0061999944 STIM_END_RESP_START
013 0 0062056620 LICK
013 0 0062057056 TIMEOUT_START
013 0 0062207984 LICK
013 0 0062208432 TIMEOUT_START
013 0 0062445808 LICK
013 0 0062446244 TIMEOUT_START
013 0 0063199960 RESP_END
013 0 0069446696 TIMEOUT_END
014 1 0071387192 STIM_START
014 1 0072288000 LICK
014 1 0072387296 STIM_END_RESP_START
014 1 0073459012 LICK
014 1 0073459452 REWARD_START
014 1 0073587324 RESP_END
014 1 0073468924 REWARD_END
015 0 0076485832 STIM_START
015 0 0077485916 STIM_END_RESP_START
015 0 0077951200 LICK
015 0 0077951636 TIMEOUT_START
015 0 0078128048 LICK
015 0 0078128492 TIMEOUT_START
015 0 0078346284 LICK
015 0 0078346720 TIMEOUT_START
015 0 0078685964 RESP_END
015 0 0085347184 TIMEOUT_END
016 0 0087536244 STIM_START
016 0 0088536328 STIM_END_RESP_START
016 0 0088603740 LICK
016 0 0088604176 TIMEOUT_START
016 0 0088810524 LICK
016 0 0088810960 TIMEOUT_START
016 0 0089016732 LICK
016 0 0089017168 TIMEOUT_START
016 0 0089245672 LICK
016 0 0089246116 TIMEOUT_START
016 0 0089736352 RESP_END
016 0 0096246572 TIMEOUT_END
017 0 0098015612 STIM_START
017 0 0098771832 LICK
017 0 0099001884 LICK
017 0 0099015720 STIM_END_RESP_START
017 0 0100215756 RESP_END
018 1 0102672192 STIM_START
018 1 0103322960 LICK
018 1 0103526356 LICK
018 1 0103672276 STIM_END_RESP_START
018 1 0103765336 LICK
018 1 0103765820 REWARD_START
018 1 0104250992 LICK
018 1 0104454204 LICK
018 1 0104629392 LICK
018 1 0104810120 LICK
018 1 0104872312 RESP_END
018 1 0103775344 REWARD_END
019 1 0106764696 STIM_START
019 1 0107764796 STIM_END_RESP_START
019 1 0108964828 RESP_END
020 0 0111167256 STIM_START
020 0 0112167360 STIM_END_RESP_START
020 0 0113232824 LICK
020 0 0113233312 TIMEOUT_START
020 0 0113367380 RESP_END
020 0 0120233812 TIMEOUT_END
021 1 0122383684 STIM_START
021 1 0123383780 STIM_END_RESP_START
021 1 0124583820 RESP_END
022 1 0126736240 STIM_START
022 1 0127329772 LICK
022 1 0127530876 LICK
022 1 0127736356 STIM_END_RESP_START
022 1 0127763668 LICK
022 1 0127764152 REWARD_START
022 1 0127986216 LICK
022 1 0128181200 LICK
022 1 0128357636 LICK
022 1 0128936384 RESP_END
022 1 0127773676 REWARD_END
023 0 0130786752 STIM_START
023 0 0131786856 STIM_END_RESP_START
023 0 0132986896 RESP_END
024 0 0135082328 STIM_START
024 0 0136082420 STIM_END_RESP_START
024 0 0136646236 LICK
024 0 0136646728 TIMEOUT_START
024 0 0136823572 LICK
024 0 0136824060 TIMEOUT_START
024 0 0137282460 RESP_END
024 0 0143824556 TIMEOUT_END
025 1 0145792668 STIM_START
025 1 0146792772 STIM_END_RESP_START
025 1 0147992812 RESP_END
026 0 0150418264 STIM_START
026 0 0151241108 LICK
026 0 0151390204 LICK
026 0 0151418364 STIM_END_RESP_START
026 0 0151816884 LICK
026 0 0151817372 TIMEOUT_START
026 0 0152618380 RESP_END
026 0 0158817880 TIMEOUT_END
027 0 0160926628 STIM_START
027 0 0161926728 STIM_END_RESP_START
027 0 0163126764 RESP_END
028 0 0164965128 STIM_START
028 0 0165965232 STIM_END_RESP_START
028 0 0166313504 LICK
028 0 0166313992 TIMEOUT_START
028 0 0166526576 LICK
028 0 0166527064 TIMEOUT_START
028 0 0166700876 LICK
028 0 0166701364 TIMEOUT_START
028 0 0167165244 RESP_END
028 0 0173701868 TIMEOUT_END
029 1 0175534488 STIM_START
029 1 0176534588 STIM_END_RESP_START
029 1 0177011056 LICK
029 1 0177011540 REWARD_START
029 1 0177188188 LICK
029 1 0177372436 LICK
029 1 0177552092 LICK
029 1 0177698252 LICK
029 1 0177734624 RESP_END
029 1 0177021068 REWARD_END
030 1 0180065048 STIM_START
030 1 0181065156 STIM_END_RESP_START
030 1 0181375448 LICK
030 1 0181375932 REWARD_START
030 1 0181622484 LICK
030 1 0181764008 LICK
030 1 0181922912 LICK
030 1 0182265188 RESP_END
030 1 0181385460 REWARD_END
031 1 0184192616 STIM_START
031 1 0184376812 LICK
031 1 0184841580 LICK
031 1 0185012864 LICK
031 1 0185192716 STIM_END_RESP_START
031 1 0185684492 LICK
031 1 0185684972 REWARD_START
031 1 0185901092 LICK
031 1 0186112944 LICK
031 1 0186279916 LICK
031 1 0186392744 RESP_END
031 1 0185694500 REWARD_END
032 0 0188446132 STIM_START
032 0 0189446236 STIM_END_RESP_START
032 0 0190646268 RESP_END
033 0 0192901688 STIM_START
033 0 0193901792 STIM_END_RESP_START
033 0 0195101828 RESP_END
034 0 0197246236 STIM_START
034 0 0198019480 LICK
034 0 0198196716 LICK
034 0 0198246352 STIM_END_RESP_START
034 0 0199446392 RESP_END
035 1 0201284788 STIM_START
035 1 0202284884 STIM_END_RESP_START
035 1 0202452292 LICK
035 1 0202452780 REWARD_START
035 1 0202615984 LICK
035 1 0202810008 LICK
035 1 0202972444 LICK
035 1 0203151776 LICK
035 1 0203484904 RESP_END
035 1 0202462304 REWARD_END
036 0 0205529308 STIM_START
036 0 0206529404 STIM_END_RESP_START
036 0 0207729444 RESP_END
037 0 0209934896 STIM_START
037 0 0210836304 LICK
037 0 0210934984 STIM_END_RESP_START
037 0 0210983716 LICK
037 0 0210984204 TIMEOUT_START
037 0 0211187224 LICK
037 0 0211187708 TIMEOUT_START
037 0 0212135024 RESP_END
037 0 0218188212 TIMEOUT_END
038 0 0220131164 STIM_START
038 0 0221131268 STIM_END_RESP_START
038 0 0221603928 LICK
038 0 0221604412 TIMEOUT_START
038 0 0221776964 LICK
038 0 0221777448 TIMEOUT_START
038 0 0222331304 RESP_END
038 0 0228777940 TIMEOUT_END
039 1 0230903568 STIM_START
039 1 0231903668 STIM_END_RESP_START
039 1 0232750824 LICK
039 1 0232751316 REWARD_START
039 1 0232934896 LICK
039 1 0233103692 RESP_END
039 1 0232760836 REWARD_END
040 0 0235729156 STIM_START
040 0 0236729252 STIM_END_RESP_START
040 0 0237880740 LICK
040 0 0237881224 TIMEOUT_START
040 0 0237929288 RESP_END
040 0 0244881724 TIMEOUT_END
041 1 0247012596 STIM_START
041 1 0247309456 LICK
041 1 0247449200 LICK
041 1 0248012692 STIM_END_RESP_START
041 1 0248245940 LICK
041 1 0248246432 REWARD_START
041 1 0248436812 LICK
041 1 0248615468 LICK
041 1 0248763032 LICK
041 1 0248919524 LICK
041 1 0249212716 RESP_END
041 1 0248255952 REWARD_END
042 1 0251124128 STIM_START
042 1 0251745340 LICK
042 1 0251901236 LICK
042 1 0252124236 STIM_END_RESP_START
042 1 0252131768 LICK
042 1 0252132252 REWARD_START
042 1 0252357248 LICK
042 1 0252533144 LICK
042 1 0252715420 LICK
042 1 0253324256 RESP_END
042 1 0252141780 REWARD_END
043 1 0255441704 STIM_START
043 1 0255971056 LICK
043 1 0256151240 LICK
043 1 0256350892 LICK
043 1 0256441804 STIM_END_RESP_START
043 1 0256531856 LICK
043 1 0256532340 REWARD_START
043 1 0256942028 LICK
043 1 0257136188 LICK
043 1 0257299176 LICK
043 1 0257468712 LICK
043 1 0257641832 RESP_END
043 1 0256541864 REWARD_END
044 0 0259700220 STIM_START
044 0 0260700320 STIM_END_RESP_START
044 0 0261733424 LICK
044 0 0261733912 TIMEOUT_START
044 0 0261888848 LICK
044 0 0261889336 TIMEOUT_START
044 0 0261900340 RESP_END
044 0 0268889840 TIMEOUT_END
045 1 0270955672 STIM_START
045 1 0271955776 STIM_END_RESP_START
045 1 0272531812 LICK
045 1 0272532300 REWARD_START
045 1 0272708100 LICK
045 1 0272885892 LICK
045 1 0273044840 LICK
045 1 0273155800 RESP_END
045 1 0272541828 REWARD_END
046 1 0275106172 STIM_START
046 1 0275778532 LICK
046 1 0275973280 LICK
046 1 0276106276 STIM_END_RESP_START
046 1 0276601588 LICK
046 1 0276602076 REWARD_START
046 1 0276822072 LICK
046 1 0276994224 LICK
046 1 0277172144 LICK
046 1 0277306300 RESP_END
046 1 0276611600 REWARD_END
047 0 0279366716 STIM_START
047 0 0279971536 LICK
047 0 0280186752 LICK
047 0 0280366816 STIM_END_RESP_START
047 0 0280400840 LICK
047 0 0280401332 TIMEOUT_START
047 0 0280594068 LICK
047 0 0280594560 TIMEOUT_START
047 0 0281566848 RESP_END
047 0 0287595064 TIMEOUT_END
048 1 0289873092 STIM_START
048 1 0290873192 STIM_END_RESP_START
048 1 0291490024 LICK
048 1 0291490508 REWARD_START
048 1 0291675212 LICK
048 1 0291837976 LICK
048 1 0292003956 LICK
048 1 0292073212 RESP_END
048 1 0291500036 REWARD_END
049 1 0294148612 STIM_START
049 1 0294289276 LICK
049 1 0294994784 LICK
049 1 0295148708 STIM_END_RESP_START
049 1 0295218968 LICK
049 1 0295219460 REWARD_START
049 1 0295716356 LICK
049 1 0295881820 LICK
049 1 0296049904 LICK
049 1 0296231144 LICK
049 1 0296348720 RESP_END
049 1 0295228980 REWARD_END
050 0 0298304136 STIM_START
050 0 0299045144 LICK
050 0 0299206844 LICK
050 0 0299304252 STIM_END_RESP_START
050 0 0299422880 LICK
050 0 0299423364 TIMEOUT_START
050 0 0300131944 LICK
050 0 0300132436 TIMEOUT_START
050 0 0300504272 RESP_END
050 0 0307132940 TIMEOUT_END
051 1 0309337544 STIM_START
051 1 0310337648 STIM_END_RESP_START
051 1 0310759920 LICK
051 1 0310760408 REWARD_START
051 1 0311003812 LICK
051 1 0311181332 LICK
051 1 0311367800 LICK
051 1 0311537696 RESP_END
051 1 0310769936 REWARD_END
052 1 0313468068 STIM_START
052 1 0314425296 LICK
052 1 0314468180 STIM_END_RESP_START
052 1 0314622152 LICK
052 1 0314622636 REWARD_START
052 1 0315614944 LICK
052 1 0315668200 RESP_END
052 1 0314632160 REWARD_END
053 1 0318015644 STIM_START
053 1 0318637412 LICK
053 1 0318840816 LICK
053 1 0319015752 STIM_END_RESP_START
053 1 0319800352 LICK
053 1 0319800840 REWARD_START
053 1 0320059984 LICK
053 1 0320215232 LICK
053 1 0320215772 RESP_END
053 1 0319810364 REWARD_END
054 0 0322469216 STIM_START
054 0 0323339624 LICK
054 0 0323469308 STIM_END_RESP_START
054 0 0323517592 LICK
054 0 0323518076 TIMEOUT_START
054 0 0324669348 RESP_END
054 0 0330518584 TIMEOUT_END
055 0 0332365508 STIM_START
055 0 0333365612 STIM_END_RESP_START
055 0 0334565652 RESP_END
056 1 0336427020 STIM_START
056 1 0337427116 STIM_END_RESP_START
056 1 0338627156 RESP_END
057 0 0340505544 STIM_START
057 0 0341505648 STIM_END_RESP_START
057 0 0342705684 RESP_END
058 1 0345545216 STIM_START
058 1 0346545320 STIM_END_RESP_START
058 1 0346567308 LICK
058 1 0346567800 REWARD_START
058 1 0346744760 LICK
058 1 0346942616 LICK
058 1 0347112904 LICK
058 1 0347278248 LICK
058 1 0347745340 RESP_END
058 1 0346577316 REWARD_END
059 1 0349713736 STIM_START
059 1 0349931868 LICK
059 1 0350433016 LICK
059 1 0350610864 LICK
059 1 0350713836 STIM_END_RESP_START
059 1 0351913876 RESP_END
060 0 0355825468 STIM_START
060 0 0356818580 LICK
060 0 0356825580 STIM_END_RESP_START
060 0 0357033116 LICK
060 0 0357033600 TIMEOUT_START
060 0 0357711948 LICK
060 0 0357712432 TIMEOUT_START
060 0 0358025624 RESP_END
060 0 0364712944 TIMEOUT_END
061 0 0366721860 STIM_START
061 0 0367721964 STIM_END_RESP_START
061 0 0368922000 RESP_END
062 1 0370881424 STIM_START
062 1 0371881528 STIM_END_RESP_START
062 1 0372033680 LICK
062 1 0372034164 REWARD_START
062 1 0372458788 LICK
062 1 0372679688 LICK
062 1 0372861796 LICK
062 1 0373018088 LICK
062 1 0373081576 RESP_END
062 1 0372043684 REWARD_END
063 0 0375052924 STIM_START
063 0 0376053028 STIM_END_RESP_START
063 0 0376104968 LICK
063 0 0376105452 TIMEOUT_START
063 0 0376320832 LICK
063 0 0376321324 TIMEOUT_START
063 0 0377035928 LICK
063 0 0377036412 TIMEOUT_START
063 0 0377200080 LICK
063 0 0377200568 TIMEOUT_START
063 0 0377253064 RESP_END
063 0 0384201080 TIMEOUT_END
064 1 0386130364 STIM_START
064 1 0387130468 STIM_END_RESP_START
064 1 0387331336 LICK
064 1 0387331824 REWARD_START
064 1 0387519144 LICK
064 1 0387690448 LICK
064 1 0387851892 LICK
064 1 0388028708 LICK
064 1 0388330520 RESP_END
064 1 0387341348 REWARD_END
065 0 0390329872 STIM_START
065 0 0390729128 LICK
065 0 0390940512 LICK
065 0 0391329968 STIM_END_RESP_START
065 0 0391573520 LICK
065 0 0391574008 TIMEOUT_START
065 0 0391798688 LICK
065 0 0391799180 TIMEOUT_START
065 0 0392530000 RESP_END
065 0 0398799680 TIMEOUT_END
066 0 0400722200 STIM_START
066 0 0401693940 LICK
066 0 0401722300 STIM_END_RESP_START
066 0 0401892220 LICK
066 0 0401892708 TIMEOUT_START
066 0 0402125956 LICK
066 0 0402126440 TIMEOUT_START
066 0 0402336444 LICK
066 0 0402336932 TIMEOUT_START
066 0 0402765152 LICK
066 0 0402765636 TIMEOUT_START
066 0 0402922344 RESP_END
066 0 0409766148 TIMEOUT_END
067 1 0411606616 STIM_START
067 1 0412606720 STIM_END_RESP_START
067 1 0412784724 LICK
067 1 0412785208 REWARD_START
067 1 0413172320 LICK
067 1 0413325360 LICK
067 1 0413480540 LICK
067 1 0413806764 RESP_END
067 1 0412794732 REWARD_END
068 0 0415763112 STIM_START
068 0 0416151928 LICK
068 0 0416350920 LICK
068 0 0416542316 LICK
068 0 0416763204 STIM_END_RESP_START
068 0 0417258272 LICK
068 0 0417258764 TIMEOUT_START
068 0 0417481256 LICK
068 0 0417481748 TIMEOUT_START
068 0 0417963248 RESP_END
068 0 0424482244 TIMEOUT_END
069 1 0426382488 STIM_START
069 1 0427382584 STIM_END_RESP_START
069 1 0427844612 LICK
069 1 0427845100 REWARD_START
069 1 0428032576 LICK
069 1 0428222504 LICK
069 1 0428383900 LICK
069 1 0428544928 LICK
069 1 0428582616 RESP_END
069 1 0427854620 REWARD_END
070 1 0430423984 STIM_START
070 1 0431405052 LICK
070 1 0431424100 STIM_END_RESP_START
070 1 0431608464 LICK
070 1 0431608956 REWARD_START
070 1 0432624116 RESP_END
070 1 0431618476 REWARD_END
071 0 0434493508 STIM_START
071 0 0435493128 LICK
071 0 0435493644 STIM_END_RESP_START
071 0 0435771504 LICK
071 0 0435771988 TIMEOUT_START
071 0 0435940924 LICK
071 0 0435941416 TIMEOUT_START
071 0 0436109468 LICK
071 0 0436109952 TIMEOUT_START
071 0 0436693692 RESP_END
071 0 0443110452 TIMEOUT_END
072 1 0445020868 STIM_START
072 1 0446020968 STIM_END_RESP_START
072 1 0446265280 LICK
072 1 0446265768 REWARD_START
072 1 0446459000 LICK
072 1 0446620708 LICK
072 1 0447221004 RESP_END
072 1 0446275292 REWARD_END
073 0 0449192376 STIM_START
073 0 0450192480 STIM_END_RESP_START
073 0 0450234864 LICK
073 0 0450235348 TIMEOUT_START
073 0 0450436528 LICK
073 0 0450437016 TIMEOUT_START
073 0 0451392496 RESP_END
073 0 0457437516 TIMEOUT_END
074 0 0459427724 STIM_START
074 0 0460427824 STIM_END_RESP_START
074 0 0460736308 LICK
074 0 0460736796 TIMEOUT_START
074 0 0460938824 LICK
074 0 0460939312 TIMEOUT_START
074 0 0461627864 RESP_END
074 0 0467939820 TIMEOUT_END
075 1 0470047040 STIM_START
075 1 0470708940 LICK
075 1 0470916408 LICK
075 1 0471047124 STIM_END_RESP_START
075 1 0471134772 LICK
075 1 0471135264 REWARD_START
075 1 0471341372 LICK
075 1 0471509764 LICK
075 1 0471736336 LICK
075 1 0471904004 LICK
075 1 0472247144 RESP_END
075 1 0471144772 REWARD_END
076 0 0474066556 STIM_START
076 0 0475066660 STIM_END_RESP_START
076 0 0476266700 RESP_END
077 0 0478031080 STIM_START
077 0 0479031180 STIM_END_RESP_START
077 0 0479233600 LICK
077 0 0479234088 TIMEOUT_START
077 0 0479391604 LICK
077 0 0479392096 TIMEOUT_START
077 0 0479971464 LICK
077 0 0479971952 TIMEOUT_START
077 0 0480209200 LICK
077 0 0480209684 TIMEOUT_START
077 0 0480231220 RESP_END
077 0 0487210188 TIMEOUT_END
078 1 0489025480 STIM_START
078 1 0490025588 STIM_END_RESP_START
078 1 0490142052 LICK
078 1 0490142540 REWARD_START
078 1 0490341672 LICK
078 1 0490492068 LICK
078 1 0490662124 LICK
078 1 0490841556 LICK
078 1 0491225636 RESP_END
078 1 0490152068 REWARD_END
079 1 0493369008 STIM_START
079 1 0494369112 STIM_END_RESP_START
079 1 0495569152 RESP_END
080 0 0497508572 STIM_START
080 0 0498301700 LICK
080 0 0498508672 STIM_END_RESP_START
080 0 0498519108 LICK
080 0 0498519596 TIMEOUT_START
080 0 0499116916 LICK
080 0 0499117408 TIMEOUT_START
080 0 0499339980 LICK
080 0 0499340472 TIMEOUT_START
080 0 0499708700 RESP_END
080 0 0506340980 TIMEOUT_END
081 1 0508412956 STIM_START
081 1 0509413052 STIM_END_RESP_START
081 1 0509578332 LICK
081 1 0509578816 REWARD_START
081 1 0509814988 LICK
081 1 0509974476 LICK
081 1 0510141984 LICK
081 1 0510613076 RESP_END
081 1 0509588340 REWARD_END
082 0 0512501460 STIM_START
082 0 0513501560 STIM_END_RESP_START
082 0 0513756128 LICK
082 0 0513756620 TIMEOUT_START
082 0 0513957436 LICK
082 0 0513957928 TIMEOUT_START
082 0 0514701600 RESP_END
082 0 0520958432 TIMEOUT_END
083 1 0523000800 STIM_START
083 1 0523719492 LICK
083 1 0523876548 LICK
083 1 0524000892 STIM_END_RESP_START
083 1 0524503864 LICK
083 1 0524504356 REWARD_START
083 1 0524714948 LICK
083 1 0524895972 LICK
083 1 0525070916 LICK
083 1 0525200936 RESP_END
083 1 0524513872 REWARD_END
084 0 0527100336 STIM_START
084 0 0528100440 STIM_END_RESP_START
084 0 0529300468 RESP_END
085 0 0531257852 STIM_START
085 0 0532257952 STIM_END_RESP_START
085 0 0532567432 LICK
085 0 0532567912 TIMEOUT_START
085 0 0532791728 LICK
085 0 0532792212 TIMEOUT_START
085 0 0533457984 RESP_END
085 0 0539792724 TIMEOUT_END
086 0 0541945220 STIM_START
086 0 0542945324 STIM_END_RESP_START
086 0 0543060580 LICK
086 0 0543061068 TIMEOUT_START
086 0 0543244776 LICK
086 0 0543245260 TIMEOUT_START
086 0 0544006152 LICK
086 0 0544006632 TIMEOUT_START
086 0 0544145336 RESP_END
086 0 0551007124 TIMEOUT_END
087 1 0553114652 STIM_START
087 1 0554114748 STIM_END_RESP_START
087 1 0554641748 LICK
087 1 0554642236 REWARD_START
087 1 0554835316 LICK
087 1 0555054116 LICK
087 1 0555196552 LICK
087 1 0555314784 RESP_END
087 1 0554651764 REWARD_END
088 0 0557273164 STIM_START
088 0 0558273264 STIM_END_RESP_START
088 0 0559473304 RESP_END
089 1 0561792744 STIM_START
089 1 0562792848 STIM_END_RESP_START
089 1 0563010616 LICK
089 1 0563011104 REWARD_START
089 1 0563195428 LICK
089 1 0563364356 LICK
089 1 0563546588 LICK
089 1 0563698684 LICK
089 1 0563992860 RESP_END
089 1 0563020628 REWARD_END
090 0 0566069348 STIM_START
090 0 0566513508 LICK
090 0 0566701672 LICK
090 0 0567069448 STIM_END_RESP_START
090 0 0567146644 LICK
090 0 0567147128 TIMEOUT_START
090 0 0567368396 LICK
090 0 0567368888 TIMEOUT_START
090 0 0568269476 RESP_END
090 0 0574369388 TIMEOUT_END
091 1 0576230616 STIM_START
091 1 0577230712 STIM_END_RESP_START
091 1 0577714056 LICK
091 1 0577714548 REWARD_START
091 1 0577908168 LICK
091 1 0578122684 LICK
091 1 0578248404 LICK
091 1 0578430740 RESP_END
091 1 0577724068 REWARD_END
092 1 0580315100 STIM_START
092 1 0581315204 STIM_END_RESP_START
092 1 0581536356 LICK
092 1 0581536848 REWARD_START
092 1 0581737488 LICK
092 1 0581922660 LICK
092 1 0582084328 LICK
092 1 0582277656 LICK
092 1 0582515224 RESP_END
092 1 0581546372 REWARD_END
093 1 0584562668 STIM_START
093 1 0585383204 LICK
093 1 0585558996 LICK
093 1 0585562772 STIM_END_RESP_START
093 1 0586762808 RESP_END
094 0 0588849204 STIM_START
094 0 0589777588 LICK
094 0 0589849304 STIM_END_RESP_START
094 0 0590027932 LICK
094 0 0590028416 TIMEOUT_START
094 0 0590681220 LICK
094 0 0590681704 TIMEOUT_START
094 0 0591049324 RESP_END
094 0 0597682220 TIMEOUT_END
095 1 0599569576 STIM_START
095 1 0600569676 STIM_END_RESP_START
095 1 0600727648 LICK
095 1 0600728132 REWARD_START
095 1 0600879404 LICK
095 1 0601220916 LICK
095 1 0601384396 LICK
095 1 0601549804 LICK
095 1 0601769704 RESP_END
095 1 0600737656 REWARD_END
096 1 0603935124 STIM_START
096 1 0604935228 STIM_END_RESP_START
096 1 0606135260 RESP_END
097 1 0608594720 STIM_START
097 1 0609333384 LICK
097 1 0609566816 LICK
097 1 0609594820 STIM_END_RESP_START
097 1 0610063792 LICK
097 1 0610064276 REWARD_START
097 1 0610218672 LICK
097 1 0610405116 LICK
097 1 0610578540 LICK
097 1 0610777588 LICK
097 1 0610794836 RESP_END
097 1 0610073808 REWARD_END
098 0 0613021304 STIM_START
098 0 0614021408 STIM_END_RESP_START
098 0 0615221452 RESP_END
099 0 0618218952 STIM_START
099 0 0619043664 LICK
099 0 0619219064 STIM_END_RESP_START
099 0 0619258688 LICK
099 0 0619259180 TIMEOUT_START
099 0 0619730556 LICK
099 0 0619731048 TIMEOUT_START
099 0 0620180732 LICK
099 0 0620181216 TIMEOUT_START
099 0 0620419100 RESP_END
099 0 0627181728 TIMEOUT_END
100 0 0630252476 STIM_START
100 0 0631252580 STIM_END_RESP_START
100 0 0631420844 LICK
100 0 0631421336 TIMEOUT_START
100 0 0632331276 LICK
100 0 0632331760 TIMEOUT_START
100 0 0632452608 RESP_END
100 0 0639332272 TIMEOUT_END
101 1 0642669064 STIM_START
101 1 0643669164 STIM_END_RESP_START
101 1 0644869204 RESP_END
102 1 0647209652 STIM_START
102 1 0648209756 STIM_END_RESP_START
102 1 0648364112 LICK
102 1 0648364600 REWARD_START
102 1 0648988424 LICK
102 1 0649186352 LICK
102 1 0649354264 LICK
102 1 0649409780 RESP_END
102 1 0648374120 REWARD_END
103 1 0651649268 STIM_START
103 1 0652649372 STIM_END_RESP_START
103 1 0653849412 RESP_END
104 0 0655640720 STIM_START
104 0 0656640816 STIM_END_RESP_START
104 0 0656978780 LICK
104 0 0656979268 TIMEOUT_START
104 0 0657148036 LICK
104 0 0657148520 TIMEOUT_START
104 0 0657840856 RESP_END
104 0 0664149032 TIMEOUT_END
105 1 0666239100 STIM_START
105 1 0667239196 STIM_END_RESP_START
105 1 0667568376 LICK
105 1 0667568860 REWARD_START
105 1 0667741764 LICK
105 1 0667911876 LICK
105 1 0668080652 LICK
105 1 0668263368 LICK
105 1 0668439220 RESP_END
105 1 0667578388 REWARD_END
106 1 0670548636 STIM_START
106 1 0671259580 LICK
106 1 0671457864 LICK
106 1 0671548732 STIM_END_RESP_START
106 1 0672069980 LICK
106 1 0672070464 REWARD_START
106 1 0672283604 LICK
106 1 0672470828 LICK
106 1 0672643552 LICK
106 1 0672748772 RESP_END
106 1 0672079988 REWARD_END
107 0 0674877192 STIM_START
107 0 0675711428 LICK
107 0 0675877300 STIM_END_RESP_START
107 0 0675887004 LICK
107 0 0675887492 TIMEOUT_START
107 0 0676082264 LICK
107 0 0676082756 TIMEOUT_START
107 0 0677017844 LICK
107 0 0677018328 TIMEOUT_START
107 0 0677077344 RESP_END
107 0 0684018840 TIMEOUT_END
108 1 0685987620 STIM_START
108 1 0686987724 STIM_END_RESP_START
108 1 0687357016 LICK
108 1 0687357504 REWARD_START
108 1 0687562608 LICK
108 1 0687712536 LICK
108 1 0687869876 LICK
108 1 0688041936 LICK
108 1 0688187772 RESP_END
108 1 0687367024 REWARD_END
109 0 0690121124 STIM_START
109 0 0691121228 STIM_END_RESP_START
109 0 0691806460 LICK
109 0 0691806948 TIMEOUT_START
109 0 0692044956 LICK
109 0 0692045440 TIMEOUT_START
109 0 0692321272 RESP_END
109 0 0699045948 TIMEOUT_END
110 0 0701226536 STIM_START
110 0 0702226640 STIM_END_RESP_START
110 0 0702273300 LICK
110 0 0702273792 TIMEOUT_START
110 0 0703142076 LICK
110 0 0703142564 TIMEOUT_START
110 0 0703426656 RESP_END
110 0 0710143072 TIMEOUT_END
111 0 0712151948 STIM_START
111 0 0713152056 STIM_END_RESP_START
111 0 0713977552 LICK
111 0 0713978044 TIMEOUT_START
111 0 0714210812 LICK
111 0 0714211300 TIMEOUT_START
111 0 0714352064 RESP_END
111 0 0721211812 TIMEOUT_END
112 1 0723378352 STIM_START
112 1 0724378452 STIM_END_RESP_START
112 1 0724518152 LICK
112 1 0724518636 REWARD_START
112 1 0724892968 LICK
112 1 0725067172 LICK
112 1 0725230300 LICK
112 1 0725578496 RESP_END
112 1 0724528164 REWARD_END
113 0 0727389908 STIM_START
113 0 0728390012 STIM_END_RESP_START
113 0 0729590056 RESP_END
114 1 0731482428 STIM_START
114 1 0731516804 LICK
114 1 0732334680 LICK
114 1 0732482532 STIM_END_RESP_START
114 1 0732571628 LICK
114 1 0732572120 REWARD_START
114 1 0733005872 LICK
114 1 0733155060 LICK
114 1 0733329372 LICK
114 1 0733506356 LICK
114 1 0733682556 RESP_END
114 1 0732581640 REWARD_END
115 1 0735611932 STIM_START
115 1 0736612028 STIM_END_RESP_START
115 1 0737032184 LICK
115 1 0737032676 REWARD_START
115 1 0737168532 LICK
115 1 0737493724 LICK
115 1 0737660072 LICK
115 1 0737812040 RESP_END
115 1 0737042196 REWARD_END
116 0 0739833456 STIM_START
116 0 0740833560 STIM_END_RESP_START
116 0 0741007356 LICK
116 0 0741007848 TIMEOUT_START
116 0 0741222100 LICK
116 0 0741222592 TIMEOUT_START
116 0 0741904296 LICK
116 0 0741904784 TIMEOUT_START
116 0 0742033580 RESP_END
116 0 0748905284 TIMEOUT_END
117 0 0750846852 STIM_START
117 0 0751846960 STIM_END_RESP_START
117 0 0752060544 LICK
117 0 0752061032 TIMEOUT_START
117 0 0752246952 LICK
117 0 0752247440 TIMEOUT_START
117 0 0753046984 RESP_END
117 0 0759247944 TIMEOUT_END
118 0 0761168192 STIM_START
118 0 0762168288 STIM_END_RESP_START
118 0 0762554356 LICK
118 0 0762554848 TIMEOUT_START
118 0 0763368336 RESP_END
118 0 0769555352 TIMEOUT_END
119 1 0771320504 STIM_START
119 1 0772320608 STIM_END_RESP_START
119 1 0772755904 LICK
119 1 0772756392 REWARD_START
119 1 0772955820 LICK
119 1 0773117176 LICK
119 1 0773308580 LICK
119 1 0773520628 RESP_END
119 1 0772765920 REWARD_END
120 1 0775692044 STIM_START
120 1 0776692148 STIM_END_RESP_START
120 1 0776748696 LICK
120 1 0776749188 REWARD_START
120 1 0776947452 LICK
120 1 0777108200 LICK
120 1 0777284716 LICK
120 1 0777484432 LICK
120 1 0777892188 RESP_END
120 1 0776758712 REWARD_END
121 1 0779948568 STIM_START
121 1 0780948676 STIM_END_RESP_START
121 1 0781023872 LICK
121 1 0781024364 REWARD_START
121 1 0781196392 LICK
121 1 0781348964 LICK
121 1 0781525980 LICK
121 1 0781691548 LICK
121 1 0782148716 RESP_END
121 1 0781033888 REWARD_END
122 0 0783975124 STIM_START
122 0 0784975228 STIM_END_RESP_START
122 0 0785155344 LICK
122 0 0785155828 TIMEOUT_START
122 0 0785364660 LICK
122 0 0785365152 TIMEOUT_START
122 0 0786175272 RESP_END
122 0 0792365652 TIMEOUT_END
123 1 0794348428 STIM_START
123 1 0795328884 LICK
123 1 0795348520 STIM_END_RESP_START
123 1 0795556108 LICK
123 1 0795556596 REWARD_START
123 1 0796255140 LICK
123 1 0796451680 LICK
123 1 0796548536 RESP_END
123 1 0795566124 REWARD_END
124 0 0798790968 STIM_START
124 0 0799791068 STIM_END_RESP_START
124 0 0800991108 RESP_END
125 0 0802760484 STIM_START
125 0 0803760588 STIM_END_RESP_START
125 0 0804960628 RESP_END
126 0 0806917028 STIM_START
126 0 0807917132 STIM_END_RESP_START
126 0 0808574244 LICK
126 0 0808574728 TIMEOUT_START
126 0 0809117156 RESP_END
126 0 0815575232 TIMEOUT_END
127 1 0817476384 STIM_START
127 1 0818476492 STIM_END_RESP_START
127 1 0818886596 LICK
127 1 0818887088 REWARD_START
127 1 0819676512 RESP_END
127 1 0818896612 REWARD_END
128 0 0821592940 STIM_START
128 0 0822593044 STIM_END_RESP_START
128 0 0822665124 LICK
128 0 0822665616 TIMEOUT_START
128 0 0822855932 LICK
128 0 0822856416 TIMEOUT_START
128 0 0823011380 LICK
128 0 0823011868 TIMEOUT_START
128 0 0823195456 LICK
128 0 0823195948 TIMEOUT_START
128 0 0823793088 RESP_END
128 0 0830196448 TIMEOUT_END
129 0 0832061220 STIM_START
129 0 0833061324 STIM_END_RESP_START
129 0 0834086452 LICK
129 0 0834086940 TIMEOUT_START
129 0 0834261336 RESP_END
129 0 0841087444 TIMEOUT_END
130 1 0842873644 STIM_START
130 1 0843873748 STIM_END_RESP_START
130 1 0845073788 RESP_END
131 0 0848761348 STIM_START
131 0 0849761452 STIM_END_RESP_START
131 0 0850206400 LICK
131 0 0850206888 TIMEOUT_START
131 0 0850363648 LICK
131 0 0850364132 TIMEOUT_START
131 0 0850598936 LICK
131 0 0850599420 TIMEOUT_START
131 0 0850961484 RESP_END
131 0 0857599920 TIMEOUT_END
132 1 0859466728 STIM_START
132 1 0860466832 STIM_END_RESP_START
132 1 0861666872 RESP_END
133 0 0863880288 STIM_START
133 0 0864473252 LICK
133 0 0864630168 LICK
133 0 0864880404 STIM_END_RESP_START
133 0 0866080444 RESP_END
134 1 0868024808 STIM_START
134 1 0868667484 LICK
134 1 0869024888 STIM_END_RESP_START
134 1 0869214288 LICK
134 1 0869214776 REWARD_START
134 1 0869380092 LICK
134 1 0869574368 LICK
134 1 0869742272 LICK
134 1 0870224920 RESP_END
134 1 0869224296 REWARD_END
135 1 0872253380 STIM_START
135 1 0873253488 STIM_END_RESP_START
135 1 0873482144 LICK
135 1 0873482636 REWARD_START
135 1 0873694584 LICK
135 1 0873918720 LICK
135 1 0874075836 LICK
135 1 0874453516 RESP_END
135 1 0873492156 REWARD_END
136 0 0876620900 STIM_START
136 0 0877620996 STIM_END_RESP_START
136 0 0878133568 LICK
136 0 0878134052 TIMEOUT_START
136 0 0878309984 LICK
136 0 0878310476 TIMEOUT_START
136 0 0878821032 RESP_END
136 0 0885310972 TIMEOUT_END
137 0 0887399284 STIM_START
137 0 0888399388 STIM_END_RESP_START
137 0 0888954816 LICK
137 0 0888955308 TIMEOUT_START
137 0 0889182644 LICK
137 0 0889183132 TIMEOUT_START
137 0 0889599408 RESP_END
137 0 0896183636 TIMEOUT_END
138 0 0898001648 STIM_START
138 0 0899001752 STIM_END_RESP_START
138 0 0899284784 LICK
138 0 0899285276 TIMEOUT_START
138 0 0899453524 LICK
138 0 0899454016 TIMEOUT_START
138 0 0900201796 RESP_END
138 0 0906454528 TIMEOUT_END
139 1 0908530980 STIM_START
139 1 0909531076 STIM_END_RESP_START
139 1 0910731116 RESP_END
140 0 0912587484 STIM_START
140 0 0913587592 STIM_END_RESP_START
140 0 0914331720 LICK
140 0 0914332204 TIMEOUT_START
140 0 0914787624 RESP_END
140 0 0921332700 TIMEOUT_END
141 1 0923120824 STIM_START
141 1 0924120924 STIM_END_RESP_START
141 1 0925136708 LICK
141 1 0925137200 REWARD_START
141 1 0925320948 RESP_END
141 1 0925146720 REWARD_END
142 0 0928330496 STIM_START
142 0 0929065576 LICK
142 0 0929259236 LICK
142 0 0929330584 STIM_END_RESP_START
142 0 0929932576 LICK
142 0 0929933060 TIMEOUT_START
142 0 0930148544 LICK
142 0 0930149028 TIMEOUT_START
142 0 0930530608 RESP_END
142 0 0937149544 TIMEOUT_END
143 1 0939077884 STIM_START
143 1 0940077984 STIM_END_RESP_START
143 1 0940624012 LICK
143 1 0940624500 REWARD_START
143 1 0940821408 LICK
143 1 0941032900 LICK
143 1 0941184052 LICK
143 1 0941278004 RESP_END
143 1 0940634024 REWARD_END
144 0 0943062416 STIM_START
144 0 0943828416 LICK
144 0 0944001036 LICK
144 0 0944062512 STIM_END_RESP_START
144 0 0944615232 LICK
144 0 0944615720 TIMEOUT_START
144 0 0945262540 RESP_END
144 0 0951616216 TIMEOUT_END
145 1 0953777748 STIM_START
145 1 0954777852 STIM_END_RESP_START
145 1 0955067924 LICK
145 1 0955068412 REWARD_START
145 1 0955269348 LICK
145 1 0955432412 LICK
145 1 0955601828 LICK
145 1 0955753332 LICK
145 1 0955977900 RESP_END
145 1 0955077940 REWARD_END
146 0 0958005312 STIM_START
146 0 0958773728 LICK
146 0 0958942320 LICK
146 0 0959005420 STIM_END_RESP_START
146 0 0959150984 LICK
146 0 0959151476 TIMEOUT_START
146 0 0960125352 LICK
146 0 0960125836 TIMEOUT_START
146 0 0960205444 RESP_END
146 0 0967126348 TIMEOUT_END
147 0 0968992708 STIM_START
147 0 0969992820 STIM_END_RESP_START
147 0 0970333328 LICK
147 0 0970333812 TIMEOUT_START
147 0 0970531808 LICK
147 0 0970532304 TIMEOUT_START
147 0 0971192848 RESP_END
147 0 0977532800 TIMEOUT_END
148 1 0979621028 STIM_START
148 1 0980621128 STIM_END_RESP_START
148 1 0980934324 LICK
148 1 0980934820 REWARD_START
148 1 0981093940 LICK
148 1 0981428140 LICK
148 1 0981581728 LICK
148 1 0981748868 LICK
148 1 0981821168 RESP_END
148 1 0980944344 REWARD_END
149 0 0983696560 STIM_START
149 0 0984696656 STIM_END_RESP_START
149 0 0984997476 LICK
149 0 0984997968 TIMEOUT_START
149 0 0985186312 LICK
149 0 0985186800 TIMEOUT_START
149 0 0985896680 RESP_END
149 0 0992187304 TIMEOUT_END
150 0 0994335912 STIM_START
150 0 0995336012 STIM_END_RESP_START
150 0 0995505904 LICK
150 0 0995506396 TIMEOUT_START
150 0 0995725036 LICK
150 0 0995725532 TIMEOUT_START
150 0 0996536048 RESP_END
150 0 1002726032 TIMEOUT_END
151 1 1004697232 STIM_START
151 1 1005697312 STIM_END_RESP_START
151 1 1006119720 LICK
151 1 1006120260 REWARD_START
151 1 1006312896 LICK
151 1 1006638036 LICK
151 1 1006821980 LICK
151 1 1006897360 RESP_END
151 1 1006129828 REWARD_END
152 1 1009041784 STIM_START
152 1 1010041904 STIM_END_RESP_START
152 1 1010238032 LICK
152 1 1010238572 REWARD_START
152 1 1010413512 LICK
152 1 1010564384 LICK
152 1 1010749424 LICK
152 1 1010904332 LICK
152 1 1011241916 RESP_END
152 1 1010248140 REWARD_END
153 0 1013278316 STIM_START
153 0 1013920736 LICK
153 0 1014103668 LICK
153 0 1014278412 STIM_END_RESP_START
153 0 1015478432 RESP_END
154 1 1017665896 STIM_START
154 1 1018337888 LICK
154 1 1018502556 LICK
154 1 1018665992 STIM_END_RESP_START
154 1 1018719768 LICK
154 1 1018720308 REWARD_START
154 1 1019450496 LICK
154 1 1019597912 LICK
154 1 1019784820 LICK
154 1 1019866020 RESP_END
154 1 1018729880 REWARD_END
155 0 1022079436 STIM_START
155 0 1023079524 STIM_END_RESP_START
155 0 1023622520 LICK
155 0 1023623052 TIMEOUT_START
155 0 1023795660 LICK
155 0 1023796192 TIMEOUT_START
155 0 1024279572 RESP_END
155 0 1030796756 TIMEOUT_END
156 1 1032905836 STIM_START
156 1 1033905952 STIM_END_RESP_START
156 1 1034529688 LICK
156 1 1034530224 REWARD_START
156 1 1034700468 LICK
156 1 1034861000 LICK
156 1 1035045044 LICK
156 1 1035105988 RESP_END
156 1 1034539792 REWARD_END
157 1 1037094364 STIM_START
157 1 1038094484 STIM_END_RESP_START
157 1 1038602176 LICK
157 1 1038602716 REWARD_START
157 1 1038783020 LICK
157 1 1038955812 LICK
157 1 1039294500 RESP_END
157 1 1038612284 REWARD_END
158 0 1041857952 STIM_START
158 0 1042613168 LICK
158 0 1042827504 LICK
158 0 1042858056 STIM_END_RESP_START
158 0 1043749056 LICK
158 0 1043749588 TIMEOUT_START
158 0 1044058080 RESP_END
158 0 1050750156 TIMEOUT_END
159 1 1052668332 STIM_START
159 1 1053668416 STIM_END_RESP_START
159 1 1054354400 LICK
159 1 1054354936 REWARD_START
159 1 1054523156 LICK
159 1 1054696812 LICK
159 1 1054849872 LICK
159 1 1054868448 RESP_END
159 1 1054364508 REWARD_END
160 0 1056911880 STIM_START
160 0 1057887932 LICK
160 0 1057911980 STIM_END_RESP_START
160 0 1058098752 LICK
160 0 1058099288 TIMEOUT_START
160 0 1058970040 LICK
160 0 1058970572 TIMEOUT_START
160 0 1059112012 RESP_END
160 0 1065971132 TIMEOUT_END
161 1 1068042288 STIM_START
161 1 1069042396 STIM_END_RESP_START
161 1 1069307320 LICK
161 1 1069307852 REWARD_START
161 1 1070140880 LICK
161 1 1070242436 RESP_END
161 1 1069317428 REWARD_END
162 1 1072697880 STIM_START
162 1 1073493456 LICK
162 1 1073671324 LICK
162 1 1073697968 STIM_END_RESP_START
162 1 1073859292 LICK
162 1 1073859828 REWARD_START
162 1 1074530380 LICK
162 1 1074712208 LICK
162 1 1074888436 LICK
162 1 1074898004 RESP_END
162 1 1073869396 REWARD_END
163 0 1077172448 STIM_START
163 0 1078172532 STIM_END_RESP_START
163 0 1079372548 RESP_END
164 1 1081188964 STIM_START
164 1 1082189044 STIM_END_RESP_START
164 1 1082600844 LICK
164 1 1082601376 REWARD_START
164 1 1082777924 LICK
164 1 1082939292 LICK
164 1 1083119536 LICK
164 1 1083281120 LICK
164 1 1083389088 RESP_END
164 1 1082610952 REWARD_END
165 0 1085482504 STIM_START
165 0 1086293072 LICK
165 0 1086482612 STIM_END_RESP_START
165 0 1087682632 RESP_END
166 1 1089607028 STIM_START
166 1 1090607148 STIM_END_RESP_START
166 1 1091174016 LICK
166 1 1091174556 REWARD_START
166 1 1091351968 LICK
166 1 1091539164 LICK
166 1 1091711460 LICK
166 1 1091807176 RESP_END
166 1 1091184120 REWARD_END
167 1 1094040608 STIM_START
167 1 1095040720 STIM_END_RESP_START
167 1 1095341164 LICK
167 1 1095341696 REWARD_START
167 1 1095520556 LICK
167 1 1095716772 LICK
167 1 1095897096 LICK
167 1 1096054584 LICK
167 1 1096240772 RESP_END
167 1 1095351268 REWARD_END
168 1 1098061168 STIM_START
168 1 1099061288 STIM_END_RESP_START
168 1 1099233028 LICK
168 1 1099233568 REWARD_START
168 1 1099417108 LICK
168 1 1099611784 LICK
168 1 1099781368 LICK
168 1 1100261308 RESP_END
168 1 1099243136 REWARD_END
169 0 1102425660 STIM_START
169 0 1103116852 LICK
169 0 1103319996 LICK
169 0 1103425772 STIM_END_RESP_START
169 0 1104044136 LICK
169 0 1104044668 TIMEOUT_START
169 0 1104235400 LICK
169 0 1104235936 TIMEOUT_START
169 0 1104625796 RESP_END
169 0 1111236496 TIMEOUT_END
170 0 1113238052 STIM_START
170 0 1114238136 STIM_END_RESP_START
170 0 1114328832 LICK
170 0 1114329368 TIMEOUT_START
170 0 1114535644 LICK
170 0 1114536180 TIMEOUT_START
170 0 1115438180 RESP_END
170 0 1121536740 TIMEOUT_END
171 1 1123505356 STIM_START
171 1 1124505472 STIM_END_RESP_START
171 1 1125100668 LICK
171 1 1125101204 REWARD_START
171 1 1125336944 LICK
171 1 1125524908 LICK
171 1 1125701544 LICK
171 1 1125705492 RESP_END
171 1 1125110772 REWARD_END
172 1 1128041996 STIM_START
172 1 1128815868 LICK
172 1 1129009620 LICK
172 1 1129042120 STIM_END_RESP_START
172 1 1130242148 RESP_END
173 0 1132430496 STIM_START
173 0 1133430612 STIM_END_RESP_START
173 0 1133504904 LICK
173 0 1133505436 TIMEOUT_START
173 0 1133762996 LICK
173 0 1133763528 TIMEOUT_START
173 0 1134394292 LICK
173 0 1134394832 TIMEOUT_START
173 0 1134628004 LICK
173 0 1134628536 TIMEOUT_START
173 0 1134630628 RESP_END
173 0 1141629104 TIMEOUT_END
174 1 1143599932 STIM_START
174 1 1144600024 STIM_END_RESP_START
174 1 1145800040 RESP_END
175 1 1148060464 STIM_START
175 1 1149060584 STIM_END_RESP_START
175 1 1149701368 LICK
175 1 1149701900 REWARD_START
175 1 1149891032 LICK
175 1 1150076116 LICK
175 1 1150250048 LICK
175 1 1150260624 RESP_END
175 1 1149711476 REWARD_END
176 1 1152362024 STIM_START
176 1 1153362112 STIM_END_RESP_START
176 1 1153433952 LICK
176 1 1153434480 REWARD_START
176 1 1153601556 LICK
176 1 1153815428 LICK
176 1 1153963648 LICK
176 1 1154343980 LICK
176 1 1154513908 LICK
176 1 1154562152 RESP_END
176 1 1153444052 REWARD_END
177 0 1156637616 STIM_START
177 0 1157186420 LICK
177 0 1157379312 LICK
177 0 1157637720 STIM_END_RESP_START
177 0 1158065536 LICK
177 0 1158066068 TIMEOUT_START
177 0 1158272412 LICK
177 0 1158272944 TIMEOUT_START
177 0 1158837760 RESP_END
177 0 1165273500 TIMEOUT_END
178 0 1167326960 STIM_START
178 0 1167942956 LICK
178 0 1168130268 LICK
178 0 1168327056 STIM_END_RESP_START
178 0 1168810600 LICK
178 0 1168811136 TIMEOUT_START
178 0 1169045268 LICK
178 0 1169045804 TIMEOUT_START
178 0 1169527076 RESP_END
178 0 1176046356 TIMEOUT_END
179 0 1178035280 STIM_START
179 0 1179035392 STIM_END_RESP_START
179 0 1179519556 LICK
179 0 1179520100 TIMEOUT_START
179 0 1179702508 LICK
179 0 1179703040 TIMEOUT_START
179 0 1179968304 LICK
179 0 1179968844 TIMEOUT_START
179 0 1180180748 LICK
179 0 1180181276 TIMEOUT_START
179 0 1180235424 RESP_END
179 0 1187181836 TIMEOUT_END
180 1 1189117708 STIM_START
180 1 1190117792 STIM_END_RESP_START
180 1 1190670040 LICK
180 1 1190670576 REWARD_START
180 1 1190890928 LICK
180 1 1191040812 LICK
180 1 1191210392 LICK
180 1 1191317808 RESP_END
180 1 1190680148 REWARD_END
181 0 1193291240 STIM_START
181 0 1194291320 STIM_END_RESP_START
181 0 1194330284 LICK
181 0 1194330816 TIMEOUT_START
181 0 1194572748 LICK
181 0 1194573288 TIMEOUT_START
181 0 1195491364 RESP_END
181 0 1201573844 TIMEOUT_END
182 1 1203337532 STIM_START
182 1 1204337648 STIM_END_RESP_START
182 1 1204593672 LICK
182 1 1204594204 REWARD_START
182 1 1204858016 LICK
182 1 1205033520 LICK
182 1 1205189668 LICK
182 1 1205339736 LICK
182 1 1205537692 RESP_END
182 1 1204603772 REWARD_END
183 0 1207471044 STIM_START
183 0 1208164160 LICK
183 0 1208352488 LICK
183 0 1208471160 STIM_END_RESP_START
183 0 1208724584 LICK
183 0 1208725116 TIMEOUT_START
183 0 1208892740 LICK
183 0 1208893276 TIMEOUT_START
183 0 1209671196 RESP_END
183 0 1215893840 TIMEOUT_END
184 1 1217663376 STIM_START
184 1 1218645780 LICK
184 1 1218663484 STIM_END_RESP_START
184 1 1219387108 LICK
184 1 1219387644 REWARD_START
184 1 1219863532 RESP_END
184 1 1219397212 REWARD_END
185 0 1221659836 STIM_START
185 0 1222343732 LICK
185 0 1222657304 LICK
185 0 1222659924 STIM_END_RESP_START
185 0 1222802644 LICK
185 0 1222803176 TIMEOUT_START
185 0 1222970984 LICK
185 0 1222971520 TIMEOUT_START
185 0 1223132360 LICK
185 0 1223132892 TIMEOUT_START
185 0 1223859940 RESP_END
185 0 1230133460 TIMEOUT_END
186 1 1232014168 STIM_START
186 1 1233014248 STIM_END_RESP_START
186 1 1233398268 LICK
186 1 1233398808 REWARD_START
186 1 1233602284 LICK
186 1 1233764508 LICK
186 1 1233948276 LICK
186 1 1234214280 RESP_END
186 1 1233408376 REWARD_END
187 0 1236386720 STIM_START
187 0 1237263984 LICK
187 0 1237386816 STIM_END_RESP_START
187 0 1237440608 LICK
187 0 1237441140 TIMEOUT_START
187 0 1238024408 LICK
187 0 1238024940 TIMEOUT_START
187 0 1238210996 LICK
187 0 1238211528 TIMEOUT_START
187 0 1238586848 RESP_END
187 0 1245212084 TIMEOUT_END
188 0 1250372480 STIM_START
188 0 1251372564 STIM_END_RESP_START
188 0 1251405408 LICK
188 0 1251405948 TIMEOUT_START
188 0 1251604464 LICK
188 0 1251605004 TIMEOUT_START
188 0 1251817376 LICK
188 0 1251817916 TIMEOUT_START
188 0 1252273232 LICK
188 0 1252273768 TIMEOUT_START
188 0 1252457692 LICK
188 0 1252458224 TIMEOUT_START
188 0 1252572604 RESP_END
188 0 1259458784 TIMEOUT_END
189 1 1261436920 STIM_START
189 1 1262437044 STIM_END_RESP_START
189 1 1262912708 LICK
189 1 1262913240 REWARD_START
189 1 1263104996 LICK
189 1 1263280916 LICK
189 1 1263460844 LICK
189 1 1263626432 LICK
189 1 1263637088 RESP_END
189 1 1262922812 REWARD_END
190 0 1265794476 STIM_START
190 0 1266794564 STIM_END_RESP_START
190 0 1266923884 LICK
190 0 1266924416 TIMEOUT_START
190 0 1267136832 LICK
190 0 1267137364 TIMEOUT_START
190 0 1267994608 RESP_END
190 0 1274137924 TIMEOUT_END
191 1 1276196796 STIM_START
191 1 1277196880 STIM_END_RESP_START
191 1 1277494584 LICK
191 1 1277495116 REWARD_START
191 1 1277662496 LICK
191 1 1277832692 LICK
191 1 1278010076 LICK
191 1 1278168860 LICK
191 1 1278396904 RESP_END
191 1 1277504692 REWARD_END
192 0 1280194292 STIM_START
192 0 1281153956 LICK
192 0 1281194368 STIM_END_RESP_START
192 0 1282394380 RESP_END
193 0 1284675876 STIM_START
193 0 1285505188 LICK
193 0 1285673632 LICK
193 0 1285675980 STIM_END_RESP_START
193 0 1285906676 LICK
193 0 1285907208 TIMEOUT_START
193 0 1286563604 LICK
193 0 1286564140 TIMEOUT_START
193 0 1286809696 LICK
193 0 1286810228 TIMEOUT_START
193 0 1286875996 RESP_END
193 0 1293810796 TIMEOUT_END
194 1 1295672260 STIM_START
194 1 1296672344 STIM_END_RESP_START
194 1 1296762156 LICK
194 1 1296762688 REWARD_START
194 1 1296988140 LICK
194 1 1297163820 LICK
194 1 1297338540 LICK
194 1 1297508916 LICK
194 1 1297872372 RESP_END
194 1 1296772264 REWARD_END
195 1 1300060804 STIM_START
195 1 1301021504 LICK
195 1 1301060896 STIM_END_RESP_START
195 1 1301227244 LICK
195 1 1301227784 REWARD_START
195 1 1302260940 RESP_END
195 1 1301237352 REWARD_END
196 1 1304265336 STIM_START
196 1 1305093360 LICK
196 1 1305265420 STIM_END_RESP_START
196 1 1305278164 LICK
196 1 1305278704 REWARD_START
196 1 1305403820 LICK
196 1 1306012232 LICK
196 1 1306188836 LICK
196 1 1306319560 LICK
196 1 1306465440 RESP_END
196 1 1305288276 REWARD_END
197 0 1309508008 STIM_START
197 0 1310508088 STIM_END_RESP_START
197 0 1311158860 LICK
197 0 1311159396 TIMEOUT_START
197 0 1311708128 RESP_END
197 0 1318159948 TIMEOUT_END
198 0 1320139356 STIM_START
198 0 1321139460 STIM_END_RESP_START
198 0 1321142880 LICK
198 0 1321143416 TIMEOUT_START
198 0 1321341140 LICK
198 0 1321341672 TIMEOUT_START
198 0 1321825336 LICK
198 0 1321825868 TIMEOUT_START
198 0 1322339488 RESP_END
198 0 1328826432 TIMEOUT_END
199 0 1330859720 STIM_START
199 0 1331591596 LICK
199 0 1331792000 LICK
199 0 1331859828 STIM_END_RESP_START
199 0 1332709356 LICK
199 0 1332709896 TIMEOUT_START
199 0 1332935236 LICK
199 0 1332935776 TIMEOUT_START
199 0 1333059868 RESP_END
199 0 1339936324 TIMEOUT_END
200 1 1341685108 STIM_START
200 1 1342685232 STIM_END_RESP_START
200 1 1343026080 LICK
200 1 1343026620 REWARD_START
200 1 1343403672 LICK
200 1 1343584860 LICK
200 1 1343756240 LICK
200 1 1343885276 RESP_END
200 1 1343036188 REWARD_END
201 0 1345636640 STIM_START
201 0 1346636752 STIM_END_RESP_START
201 0 1347836772 RESP_END
202 1 1349610104 STIM_START
202 1 1350553160 LICK
202 1 1350610220 STIM_END_RESP_START
202 1 1350736348 LICK
202 1 1350736880 REWARD_START
202 1 1350951852 LICK
202 1 1351123160 LICK
202 1 1351273428 LICK
202 1 1351443884 LICK
202 1 1351810268 RESP_END
202 1 1350746452 REWARD_END
203 1 1353675612 STIM_START
203 1 1354674512 LICK
203 1 1354675704 STIM_END_RESP_START
203 1 1354894848 LICK
203 1 1354895384 REWARD_START
203 1 1355374544 LICK
203 1 1355539496 LICK
203 1 1355678768 LICK
203 1 1355855432 LICK
203 1 1355875736 RESP_END
203 1 1354904952 REWARD_END
204 1 1358094180 STIM_START
204 1 1359094264 STIM_END_RESP_START
204 1 1359352928 LICK
204 1 1359353460 REWARD_START
204 1 1359577276 LICK
204 1 1359768668 LICK
204 1 1359951476 LICK
204 1 1360139216 LICK
204 1 1360294288 RESP_END
204 1 1359363048 REWARD_END
205 0 1362079712 STIM_START
205 0 1363079796 STIM_END_RESP_START
205 0 1364279816 RESP_END
206 1 1366345252 STIM_START
206 1 1367345332 STIM_END_RESP_START
206 1 1367497600 LICK
206 1 1367498136 REWARD_START
206 1 1367712336 LICK
206 1 1367871740 LICK
206 1 1368038944 LICK
206 1 1368207308 LICK
206 1 1368545352 RESP_END
206 1 1367507704 REWARD_END
207 1 1370373736 STIM_START
207 1 1371373856 STIM_END_RESP_START
207 1 1371512284 LICK
207 1 1371512820 REWARD_START
207 1 1371718396 LICK
207 1 1371915544 LICK
207 1 1372068020 LICK
207 1 1372573896 RESP_END
207 1 1371522396 REWARD_END
208 1 1374450256 STIM_START
208 1 1375450340 STIM_END_RESP_START
208 1 1375492836 LICK
208 1 1375493376 REWARD_START
208 1 1375678796 LICK
208 1 1375844424 LICK
208 1 1376018920 LICK
208 1 1376212160 LICK
208 1 1376650376 RESP_END
208 1 1375502944 REWARD_END
209 0 1378526792 STIM_START
209 0 1379526876 STIM_END_RESP_START
209 0 1379618424 LICK
209 0 1379618960 TIMEOUT_START
209 0 1379847360 LICK
209 0 1379847892 TIMEOUT_START
209 0 1380726896 RESP_END
209 0 1386848444 TIMEOUT_END
210 1 1388961116 STIM_START
210 1 1389961232 STIM_END_RESP_START
210 1 1390536644 LICK
210 1 1390537184 REWARD_START
210 1 1390726044 LICK
210 1 1390899036 LICK
210 1 1391051392 LICK
210 1 1391161256 RESP_END
210 1 1390546752 REWARD_END
211 0 1393122624 STIM_START
211 0 1393937964 LICK
211 0 1394122736 STIM_END_RESP_START
211 0 1394184640 LICK
211 0 1394185172 TIMEOUT_START
211 0 1394596004 LICK
211 0 1394596536 TIMEOUT_START
211 0 1394807904 LICK
211 0 1394808436 TIMEOUT_START
211 0 1395322784 RESP_END
211 0 1401808988 TIMEOUT_END
212 0 1403573952 STIM_START
212 0 1404574072 STIM_END_RESP_START
212 0 1404992228 LICK
212 0 1404992764 TIMEOUT_START
212 0 1405774124 RESP_END
212 0 1411993312 TIMEOUT_END
213 1 1413987344 STIM_START
213 1 1414987456 STIM_END_RESP_START
213 1 1415296956 LICK
213 1 1415297492 REWARD_START
213 1 1415511356 LICK
213 1 1415693412 LICK
213 1 1415843408 LICK
213 1 1416042048 LICK
213 1 1416187476 RESP_END
213 1 1415307060 REWARD_END
214 1 1418066800 STIM_START
214 1 1419066884 STIM_END_RESP_START
214 1 1419375892 LICK
214 1 1419376424 REWARD_START
214 1 1419587952 LICK
214 1 1419758844 LICK
214 1 1419924604 LICK
214 1 1420266928 RESP_END
214 1 1419386000 REWARD_END
215 1 1422304340 STIM_START
215 1 1422896152 LICK
215 1 1423070964 LICK
215 1 1423304420 STIM_END_RESP_START
215 1 1423737284 LICK
215 1 1423737816 REWARD_START
215 1 1423921316 LICK
215 1 1424110668 LICK
215 1 1424318056 LICK
215 1 1424504464 RESP_END
215 1 1423747392 REWARD_END
216 0 1426933940 STIM_START
216 0 1427934048 STIM_END_RESP_START
216 0 1427938448 LICK
216 0 1427938980 TIMEOUT_START
216 0 1428148536 LICK
216 0 1428149068 TIMEOUT_START
216 0 1428623172 LICK
216 0 1428623712 TIMEOUT_START
216 0 1428855188 LICK
216 0 1428855720 TIMEOUT_START
216 0 1429134088 RESP_END
216 0 1435856280 TIMEOUT_END
217 1 1437821356 STIM_START
217 1 1438821440 STIM_END_RESP_START
217 1 1439500832 LICK
217 1 1439501372 REWARD_START
217 1 1439646708 LICK
217 1 1439840484 LICK
217 1 1439995360 LICK
217 1 1440021480 RESP_END
217 1 1439510940 REWARD_END
218 0 1442097844 STIM_START
218 0 1443097932 STIM_END_RESP_START
218 0 1444025044 LICK
218 0 1444025580 TIMEOUT_START
218 0 1444201548 LICK
218 0 1444202080 TIMEOUT_START
218 0 1444297948 RESP_END
218 0 1451202628 TIMEOUT_END
219 1 1453081248 STIM_START
219 1 1454081332 STIM_END_RESP_START
219 1 1454214004 LICK
219 1 1454214544 REWARD_START
219 1 1454390196 LICK
219 1 1454589752 LICK
219 1 1454736148 LICK
219 1 1455281344 RESP_END
219 1 1454224112 REWARD_END
220 0 1457388800 STIM_START
220 0 1458388912 STIM_END_RESP_START
220 0 1459099912 LICK
220 0 1459100444 TIMEOUT_START
220 0 1459301096 LICK
220 0 1459301632 TIMEOUT_START
220 0 1459588932 RESP_END
220 0 1466302192 TIMEOUT_END
221 0 1468514200 STIM_START
221 0 1469514320 STIM_END_RESP_START
221 0 1470346716 LICK
221 0 1470347252 TIMEOUT_START
221 0 1470714356 RESP_END
221 0 1477347812 TIMEOUT_END
222 0 1479357616 STIM_START
222 0 1480357732 STIM_END_RESP_START
222 0 1480698128 LICK
222 0 1480698664 TIMEOUT_START
222 0 1480930100 LICK
222 0 1480930640 TIMEOUT_START
222 0 1481557748 RESP_END
222 0 1487931196 TIMEOUT_END
223 1 1489920936 STIM_START
223 1 1490921052 STIM_END_RESP_START
223 1 1490964532 LICK
223 1 1490965064 REWARD_START
223 1 1491147044 LICK
223 1 1491324736 LICK
223 1 1491497412 LICK
223 1 1491662360 LICK
223 1 1492121092 RESP_END
223 1 1490974632 REWARD_END
224 1 1493899436 STIM_START
224 1 1494899512 STIM_END_RESP_START
224 1 1495210988 LICK
224 1 1495211528 REWARD_START
224 1 1495417740 LICK
224 1 1495597048 LICK
224 1 1495766156 LICK
224 1 1496099540 RESP_END
224 1 1495221092 REWARD_END
225 1 1498080004 STIM_START
225 1 1498970292 LICK
225 1 1499080104 STIM_END_RESP_START
225 1 1499140744 LICK
225 1 1499141280 REWARD_START
225 1 1499334888 LICK
225 1 1499511984 LICK
225 1 1499694936 LICK
225 1 1500280116 RESP_END
225 1 1499150848 REWARD_END
226 0 1502196480 STIM_START
226 0 1503090964 LICK
226 0 1503196564 STIM_END_RESP_START
226 0 1503300708 LICK
226 0 1503301244 TIMEOUT_START
226 0 1503769100 LICK
226 0 1503769640 TIMEOUT_START
226 0 1503981400 LICK
226 0 1503981944 TIMEOUT_START
226 0 1504147304 LICK
226 0 1504147844 TIMEOUT_START
226 0 1504396612 RESP_END
226 0 1511148400 TIMEOUT_END
227 0 1513363896 STIM_START
227 0 1514364016 STIM_END_RESP_START
227 0 1515564028 RESP_END
228 1 1517798468 STIM_START
228 1 1518798544 STIM_END_RESP_START
228 1 1519360808 LICK
228 1 1519361348 REWARD_START
228 1 1519638624 LICK
228 1 1519802412 LICK
228 1 1519986756 LICK
228 1 1519998576 RESP_END
228 1 1519370916 REWARD_END
229 0 1522420056 STIM_START
229 0 1523232976 LICK
229 0 1523399512 LICK
229 0 1523420152 STIM_END_RESP_START
229 0 1524188992 LICK
229 0 1524189528 TIMEOUT_START
229 0 1524620188 RESP_END
229 0 1531190084 TIMEOUT_END
230 0 1533005416 STIM_START
230 0 1534005496 STIM_END_RESP_START
230 0 1535205516 RESP_END
231 0 1537170924 STIM_START
231 0 1538171004 STIM_END_RESP_START
231 0 1538579048 LICK
231 0 1538579584 TIMEOUT_START
231 0 1538758316 LICK
231 0 1538758856 TIMEOUT_START
231 0 1539371056 RESP_END
231 0 1545759412 TIMEOUT_END
232 1 1547724268 STIM_START
232 1 1548724352 STIM_END_RESP_START
232 1 1549068400 LICK
232 1 1549068932 REWARD_START
232 1 1549313572 LICK
232 1 1549443204 LICK
232 1 1549614016 LICK
232 1 1549924388 RESP_END
232 1 1549078516 REWARD_END
233 1 1552133824 STIM_START
233 1 1552825236 LICK
233 1 1553009208 LICK
233 1 1553133916 STIM_END_RESP_START
233 1 1553733472 LICK
233 1 1553734012 REWARD_START
233 1 1553954372 LICK
233 1 1554141176 LICK
233 1 1554326616 LICK
233 1 1554333944 RESP_END
233 1 1553743580 REWARD_END
234 1 1556168356 STIM_START
234 1 1557168444 STIM_END_RESP_START
234 1 1557387240 LICK
234 1 1557387780 REWARD_START
234 1 1557776864 LICK
234 1 1557963932 LICK
234 1 1558150204 LICK
234 1 1558343152 LICK
234 1 1558368472 RESP_END
234 1 1557397348 REWARD_END
235 0 1560426896 STIM_START
235 0 1561322532 LICK
235 0 1561427004 STIM_END_RESP_START
235 0 1561500492 LICK
235 0 1561501028 TIMEOUT_START
235 0 1562627016 RESP_END
235 0 1568501592 TIMEOUT_END
236 0 1570481152 STIM_START
236 0 1571295572 LICK
236 0 1571481248 STIM_END_RESP_START
236 0 1571531752 LICK
236 0 1571532296 TIMEOUT_START
236 0 1572439840 LICK
236 0 1572440384 TIMEOUT_START
236 0 1572656900 LICK
236 0 1572657440 TIMEOUT_START
236 0 1572681264 RESP_END
236 0 1579657992 TIMEOUT_END
237 0 1581516552 STIM_START
237 0 1582516640 STIM_END_RESP_START
237 0 1583143116 LICK
237 0 1583143652 TIMEOUT_START
237 0 1583652020 LICK
237 0 1583652552 TIMEOUT_START
237 0 1583716688 RESP_END
237 0 1590653120 TIMEOUT_END
238 1 1592682988 STIM_START
238 1 1593576728 LICK
238 1 1593683096 STIM_END_RESP_START
238 1 1593802508 LICK
238 1 1593803048 REWARD_START
238 1 1594481196 LICK
238 1 1594720608 LICK
238 1 1594883144 RESP_END
238 1 1593812620 REWARD_END
239 1 1596947568 STIM_START
239 1 1597745400 LICK
239 1 1597923600 LICK
239 1 1597947660 STIM_END_RESP_START
239 1 1598144616 LICK
239 1 1598145148 REWARD_START
239 1 1599147692 RESP_END
239 1 1598154720 REWARD_END
240 0 1601127048 STIM_START
240 0 1602127128 STIM_END_RESP_START
240 0 1602499904 LICK
240 0 1602500436 TIMEOUT_START
240 0 1602681160 LICK
240 0 1602681692 TIMEOUT_START
240 0 1602858488 LICK
240 0 1602859024 TIMEOUT_START
240 0 1603327156 RESP_END
240 0 1609859568 TIMEOUT_END
241 0 1612090428 STIM_START
241 0 1613090544 STIM_END_RESP_START
241 0 1613332120 LICK
241 0 1613332660 TIMEOUT_START
241 0 1613567016 LICK
241 0 1613567548 TIMEOUT_START
241 0 1614290552 RESP_END
241 0 1620568108 TIMEOUT_END
242 1 1622759824 STIM_START
242 1 1623759908 STIM_END_RESP_START
242 1 1623849340 LICK
242 1 1623849876 REWARD_START
242 1 1624024828 LICK
242 1 1624237648 LICK
242 1 1624371052 LICK
242 1 1624959952 RESP_END
242 1 1623859452 REWARD_END
243 0 1626991316 STIM_START
243 0 1627683236 LICK
243 0 1627842136 LICK
243 0 1627991412 STIM_END_RESP_START
243 0 1628629104 LICK
243 0 1628629636 TIMEOUT_START
243 0 1629191440 RESP_END
243 0 1635630200 TIMEOUT_END
244 0 1639735936 STIM_START
244 0 1640736028 STIM_END_RESP_START
244 0 1640856524 LICK
244 0 1640857060 TIMEOUT_START
244 0 1641508888 LICK
244 0 1641509420 TIMEOUT_START
244 0 1641754748 LICK
244 0 1641755276 TIMEOUT_START
244 0 1641936072 RESP_END
244 0 1648755836 TIMEOUT_END
245 0 1650587320 STIM_START
245 0 1651587440 STIM_END_RESP_START
245 0 1651911212 LICK
245 0 1651911748 TIMEOUT_START
245 0 1652457688 LICK
245 0 1652458220 TIMEOUT_START
245 0 1652787468 RESP_END
245 0 1659458784 TIMEOUT_END
246 1 1661333692 STIM_START
246 1 1662282564 LICK
246 1 1662333768 STIM_END_RESP_START
246 1 1663230204 LICK
246 1 1663230740 REWARD_START
246 1 1663488776 LICK
246 1 1663533796 RESP_END
246 1 1663240316 REWARD_END
247 0 1665698236 STIM_START
247 0 1666698316 STIM_END_RESP_START
247 0 1666743216 LICK
247 0 1666743756 TIMEOUT_START
247 0 1667898360 RESP_END
247 0 1673744316 TIMEOUT_END
248 1 1675892524 STIM_START
248 1 1676833112 LICK
248 1 1676892612 STIM_END_RESP_START
248 1 1677057244 LICK
248 1 1677057780 REWARD_START
248 1 1677266240 LICK
248 1 1677432180 LICK
248 1 1677593760 LICK
248 1 1677776748 LICK
248 1 1678092632 RESP_END
248 1 1677067356 REWARD_END
249 1 1680304188 STIM_START
249 1 1681304300 STIM_END_RESP_START
249 1 1681505040 LICK
249 1 1681505576 REWARD_START
249 1 1681677872 LICK
249 1 1681834316 LICK
249 1 1682009300 LICK
249 1 1682186952 LICK
249 1 1682377448 LICK
249 1 1682504348 RESP_END
249 1 1681515144 REWARD_END
250 0 1684628620 STIM_START
250 0 1685531116 LICK
250 0 1685628704 STIM_END_RESP_START
250 0 1685691212 LICK
250 0 1685691748 TIMEOUT_START
250 0 1686335648 LICK
250 0 1686336180 TIMEOUT_START
250 0 1686536168 LICK
250 0 1686536704 TIMEOUT_START
250 0 1686828724 RESP_END
250 0 1693537268 TIMEOUT_END
251 1 1695656020 STIM_START
251 1 1696656132 STIM_END_RESP_START
251 1 1696754440 LICK
251 1 1696754976 REWARD_START
251 1 1696995892 LICK
251 1 1697187444 LICK
251 1 1697327440 LICK
251 1 1697505792 LICK
251 1 1697856152 RESP_END
251 1 1696764544 REWARD_END
252 1 1699774552 STIM_START
252 1 1700774668 STIM_END_RESP_START
252 1 1701274348 LICK
252 1 1701274888 REWARD_START
252 1 1701479696 LICK
252 1 1701681836 LICK
252 1 1701856156 LICK
252 1 1701974696 RESP_END
252 1 1701284456 REWARD_END
253 1 1703837052 STIM_START
253 1 1704837176 STIM_END_RESP_START
253 1 1704913556 LICK
253 1 1704914096 REWARD_START
253 1 1705090528 LICK
253 1 1705267604 LICK
253 1 1705456704 LICK
253 1 1705651708 LICK
253 1 1706037192 RESP_END
253 1 1704923664 REWARD_END
254 0 1708093600 STIM_START
254 0 1709093712 STIM_END_RESP_START
254 0 1709280508 LICK
254 0 1709281036 TIMEOUT_START
254 0 1709471756 LICK
254 0 1709472284 TIMEOUT_START
254 0 1710293740 RESP_END
254 0 1716472856 TIMEOUT_END
255 0 1718316896 STIM_START
255 0 1719316976 STIM_END_RESP_START
255 0 1720143768 LICK
255 0 1720144308 TIMEOUT_START
255 0 1720517004 RESP_END
255 0 1727144868 TIMEOUT_END
256 0 1729004248 STIM_START
256 0 1730004328 STIM_END_RESP_START
256 0 1730418056 LICK
256 0 1730418588 TIMEOUT_START
256 0 1731204364 RESP_END
256 0 1737419140 TIMEOUT_END
257 1 1739552604 STIM_START
257 1 1740112208 LICK
257 1 1740552704 STIM_END_RESP_START
257 1 1741009896 LICK
257 1 1741010432 REWARD_START
257 1 1741237124 LICK
257 1 1741489184 LICK
257 1 1741669408 LICK
257 1 1741752728 RESP_END
257 1 1741020000 REWARD_END
258 1 1743851136 STIM_START
258 1 1744851220 STIM_END_RESP_START
258 1 1744913464 LICK
258 1 1744913996 REWARD_START
258 1 1745083780 LICK
258 1 1745306816 LICK
258 1 1745497880 LICK
258 1 1745671668 LICK
258 1 1746051260 RESP_END
258 1 1744923564 REWARD_END
259 1 1748006688 STIM_START
259 1 1749006808 STIM_END_RESP_START
259 1 1749828676 LICK
259 1 1749829208 REWARD_START
259 1 1750055968 LICK
259 1 1750206820 RESP_END
259 1 1749838776 REWARD_END
260 0 1752654244 STIM_START
260 0 1753654364 STIM_END_RESP_START
260 0 1754157256 LICK
260 0 1754157788 TIMEOUT_START
260 0 1754349784 LICK
260 0 1754350316 TIMEOUT_START
260 0 1754854396 RESP_END
260 0 1761350884 TIMEOUT_END
261 0 1763514632 STIM_START
261 0 1764514744 STIM_END_RESP_START
261 0 1764820932 LICK
261 0 1764821472 TIMEOUT_START
261 0 1764999516 LICK
261 0 1765000048 TIMEOUT_START
261 0 1765714772 RESP_END
261 0 1772000608 TIMEOUT_END
262 1 1774216992 STIM_START
262 1 1775114984 LICK
262 1 1775217100 STIM_END_RESP_START
262 1 1775328828 LICK
262 1 1775329368 REWARD_START
262 1 1776073704 LICK
262 1 1776362964 LICK
262 1 1776417140 RESP_END
262 1 1775338936 REWARD_END
263 1 1778878576 STIM_START
263 1 1779859320 LICK
263 1 1779878692 STIM_END_RESP_START
263 1 1780065728 LICK
263 1 1780066264 REWARD_START
263 1 1780745840 LICK
263 1 1780956696 LICK
263 1 1781078728 RESP_END
263 1 1780075836 REWARD_END
264 1 1783156128 STIM_START
264 1 1784156208 STIM_END_RESP_START
264 1 1784424476 LICK
264 1 1784425008 REWARD_START
264 1 1784593980 LICK
264 1 1784759052 LICK
264 1 1784947764 LICK
264 1 1785356252 RESP_END
264 1 1784434576 REWARD_END
265 0 1787578684 STIM_START
265 0 1788578800 STIM_END_RESP_START
265 0 1788711364 LICK
265 0 1788711896 TIMEOUT_START
265 0 1788886768 LICK
265 0 1788887308 TIMEOUT_START
265 0 1789418984 LICK
265 0 1789419524 TIMEOUT_START
265 0 1789575300 LICK
265 0 1789575832 TIMEOUT_START
265 0 1789778840 RESP_END
265 0 1796576388 TIMEOUT_END
266 0 1798533104 STIM_START
266 0 1799533184 STIM_END_RESP_START
266 0 1799912964 LICK
266 0 1799913504 TIMEOUT_START
266 0 1800733212 RESP_END
266 0 1806914068 TIMEOUT_END
267 1 1808937400 STIM_START
267 1 1809937480 STIM_END_RESP_START
267 1 1810172584 LICK
267 1 1810173124 REWARD_START
267 1 1810409948 LICK
267 1 1810564536 LICK
267 1 1810733708 LICK
267 1 1810876752 LICK
267 1 1811137524 RESP_END
267 1 1810182692 REWARD_END
268 0 1813015920 STIM_START
268 0 1813135548 LICK
268 0 1813655068 LICK
268 0 1813831188 LICK
268 0 1814016028 STIM_END_RESP_START
268 0 1814066068 LICK
268 0 1814066604 TIMEOUT_START
268 0 1814263604 LICK
268 0 1814264140 TIMEOUT_START
268 0 1814471588 LICK
268 0 1814472124 TIMEOUT_START
268 0 1814714764 LICK
268 0 1814715296 TIMEOUT_START
268 0 1815216040 RESP_END
268 0 1821715856 TIMEOUT_END
269 0 1823601236 STIM_START
269 0 1824601320 STIM_END_RESP_START
269 0 1825801340 RESP_END
270 1 1827728760 STIM_START
270 1 1828728884 STIM_END_RESP_START
270 1 1829341284 LICK
270 1 1829341816 REWARD_START
270 1 1829928900 RESP_END
270 1 1829351388 REWARD_END
271 1 1832075332 STIM_START
271 1 1832646524 LICK
271 1 1832940300 LICK
271 1 1833075432 STIM_END_RESP_START
271 1 1833136024 LICK
271 1 1833136564 REWARD_START
271 1 1833268552 LICK
271 1 1833604720 LICK
271 1 1833795316 LICK
271 1 1833956924 LICK
271 1 1834275460 RESP_END
271 1 1833146136 REWARD_END
272 0 1836374864 STIM_START
272 0 1837374948 STIM_END_RESP_START
272 0 1837470784 LICK
272 0 1837471312 TIMEOUT_START
272 0 1837663464 LICK
272 0 1837663996 TIMEOUT_START
272 0 1838536228 LICK
272 0 1838536768 TIMEOUT_START
272 0 1838574964 RESP_END
272 0 1845537320 TIMEOUT_END
273 0 1847397260 STIM_START
273 0 1848397348 STIM_END_RESP_START
273 0 1849597364 RESP_END
274 0 1851661800 STIM_START
274 0 1852661880 STIM_END_RESP_START
274 0 1853861900 RESP_END
275 1 1855830328 STIM_START
275 1 1856332908 LICK
275 1 1856830424 STIM_END_RESP_START
275 1 1858030440 RESP_END
276 0 1859895836 STIM_START
276 0 1860727484 LICK
276 0 1860895932 STIM_END_RESP_START
276 0 1860934860 LICK
276 0 1860935392 TIMEOUT_START
276 0 1861176356 LICK
276 0 1861176888 TIMEOUT_START
276 0 1861414180 LICK
276 0 1861414712 TIMEOUT_START
276 0 1861616912 LICK
276 0 1861617444 TIMEOUT_START
276 0 1862095948 RESP_END
276 0 1868618000 TIMEOUT_END
277 1 1870806272 STIM_START
277 1 1871806384 STIM_END_RESP_START
277 1 1872402532 LICK
277 1 1872403064 REWARD_START
277 1 1872822080 LICK
277 1 1873006396 RESP_END
277 1 1872412636 REWARD_END
278 0 1875697856 STIM_START
278 0 1876697972 STIM_END_RESP_START
278 0 1877424940 LICK
278 0 1877425480 TIMEOUT_START
278 0 1877620732 LICK
278 0 1877621268 TIMEOUT_START
278 0 1877897996 RESP_END
278 0 1884621836 TIMEOUT_END
279 1 1886604224 STIM_START
279 1 1887604308 STIM_END_RESP_START
279 1 1887727444 LICK
279 1 1887727984 REWARD_START
279 1 1888115276 LICK
279 1 1888275024 LICK
279 1 1888472472 LICK
279 1 1888804356 RESP_END
279 1 1887737552 REWARD_END
280 1 1891072800 STIM_START
280 1 1892072916 STIM_END_RESP_START
280 1 1892132724 LICK
280 1 1892133264 REWARD_START
280 1 1892295140 LICK
280 1 1892484012 LICK
280 1 1892696128 LICK
280 1 1892865372 LICK
280 1 1893272956 RESP_END
280 1 1892142836 REWARD_END
281 1 1895035296 STIM_START
281 1 1896035376 STIM_END_RESP_START
281 1 1896201700 LICK
281 1 1896202232 REWARD_START
281 1 1896418020 LICK
281 1 1896601160 LICK
281 1 1896783944 LICK
281 1 1897235396 RESP_END
281 1 1896211808 REWARD_END
282 0 1899317868 STIM_START
282 0 1900163780 LICK
282 0 1900317944 STIM_END_RESP_START
282 0 1900363992 LICK
282 0 1900364524 TIMEOUT_START
282 0 1900551816 LICK
282 0 1900552356 TIMEOUT_START
282 0 1901517960 RESP_END
282 0 1907552900 TIMEOUT_END
283 0 1909530140 STIM_START
283 0 1910530220 STIM_END_RESP_START
283 0 1910834412 LICK
283 0 1910834944 TIMEOUT_START
283 0 1911730260 RESP_END
283 0 1917835500 TIMEOUT_END
284 1 1919636408 STIM_START
284 1 1920636488 STIM_END_RESP_START
284 1 1921025156 LICK
284 1 1921025684 REWARD_START
284 1 1921211132 LICK
284 1 1921554048 LICK
284 1 1921706432 LICK
284 1 1921836504 RESP_END
284 1 1921035276 REWARD_END
285 1 1924165988 STIM_START
285 1 1925166060 STIM_END_RESP_START
285 1 1925205820 LICK
285 1 1925206356 REWARD_START
285 1 1925423860 LICK
285 1 1925621020 LICK
285 1 1925988096 LICK
285 1 1926366076 RESP_END
285 1 1925215924 REWARD_END
286 1 1928489552 STIM_START
286 1 1929235432 LICK
286 1 1929423036 LICK
286 1 1929489648 STIM_END_RESP_START
286 1 1930074760 LICK
286 1 1930075300 REWARD_START
286 1 1930288512 LICK
286 1 1930481408 LICK
286 1 1930685704 LICK
286 1 1930689668 RESP_END
286 1 1930084872 REWARD_END
287 0 1932718088 STIM_START
287 0 1933718172 STIM_END_RESP_START
287 0 1934918192 RESP_END
288 1 1937104684 STIM_START
288 1 1938104764 STIM_END_RESP_START
288 1 1939169808 LICK
288 1 1939170348 REWARD_START
288 1 1939304808 RESP_END
288 1 1939179920 REWARD_END
289 1 1941688220 STIM_START
289 1 1942688304 STIM_END_RESP_START
289 1 1943165644 LICK
289 1 1943166184 REWARD_START
289 1 1943359448 LICK
289 1 1943548452 LICK
289 1 1943748660 LICK
289 1 1943888336 RESP_END
289 1 1943175752 REWARD_END
290 1 1946018752 STIM_START
290 1 1946863816 LICK
290 1 1947018860 STIM_END_RESP_START
290 1 1947067080 LICK
290 1 1947067620 REWARD_START
290 1 1948218896 RESP_END
290 1 1947077188 REWARD_END
291 0 1950263324 STIM_START
291 0 1951263440 STIM_END_RESP_START
291 0 1952463460 RESP_END
292 0 1954536888 STIM_START
292 0 1955449908 LICK
292 0 1955536980 STIM_END_RESP_START
292 0 1955630208 LICK
292 0 1955630740 TIMEOUT_START
292 0 1955810972 LICK
292 0 1955811512 TIMEOUT_START
292 0 1955965740 LICK
292 0 1955966280 TIMEOUT_START
292 0 1956737020 RESP_END
292 0 1962966844 TIMEOUT_END
293 0 1965028168 STIM_START
293 0 1966028252 STIM_END_RESP_START
293 0 1966048952 LICK
293 0 1966049496 TIMEOUT_START
293 0 1966272596 LICK
293 0 1966273128 TIMEOUT_START
293 0 1966961944 LICK
293 0 1966962472 TIMEOUT_START
293 0 1967156060 LICK
293 0 1967156596 TIMEOUT_START
293 0 1967228292 RESP_END
293 0 1974157152 TIMEOUT_END
294 1 1976016564 STIM_START
294 1 1977016648 STIM_END_RESP_START
294 1 1977061256 LICK
294 1 1977061796 REWARD_START
294 1 1977289376 LICK
294 1 1977471848 LICK
294 1 1977654928 LICK
294 1 1977837412 LICK
294 1 1978216672 RESP_END
294 1 1977071364 REWARD_END
295 0 1980041104 STIM_START
295 0 1981041184 STIM_END_RESP_START
295 0 1981358756 LICK
295 0 1981359296 TIMEOUT_START
295 0 1982241216 RESP_END
295 0 1988359848 TIMEOUT_END
296 1 1990337384 STIM_START
296 1 1991337468 STIM_END_RESP_START
296 1 1991422028 LICK
296 1 1991422564 REWARD_START
296 1 1991653864 LICK
296 1 1991789740 LICK
296 1 1991985828 LICK
296 1 1992537496 RESP_END
296 1 1991432136 REWARD_END
297 0 1994320884 STIM_START
297 0 1995176288 LICK
297 0 1995320984 STIM_END_RESP_START
297 0 1995632684 LICK
297 0 1995633216 TIMEOUT_START
297 0 1996521020 RESP_END
297 0 2002633776 TIMEOUT_END
298 0 2004598200 STIM_START
298 0 2005598280 STIM_END_RESP_START
298 0 2005705316 LICK
298 0 2005705852 TIMEOUT_START
298 0 2005912456 LICK
298 0 2005912996 TIMEOUT_START
298 0 2006178080 LICK
298 0 2006178612 TIMEOUT_START
298 0 2006375660 LICK
298 0 2006376196 TIMEOUT_START
298 0 2006798320 RESP_END
298 0 2013376752 TIMEOUT_END
299 1 2015223524 STIM_START
299 1 2016223608 STIM_END_RESP_START
299 1 2016315640 LICK
299 1 2016316172 REWARD_START
299 1 2016583652 LICK
299 1 2016779496 LICK
299 1 2016946228 LICK
299 1 2017097420 LICK
299 1 2017280100 LICK
299 1 2017423636 RESP_END
299 1 2016325748 REWARD_END
300 1 2019683080 STIM_START
300 1 2020683160 STIM_END_RESP_START
300 1 2020880636 LICK
300 1 2020881168 REWARD_START
300 1 2021089400 LICK
300 1 2021285732 LICK
300 1 2021462716 LICK
300 1 2021626492 LICK
300 1 2021883200 RESP_END
300 1 2020890744 REWARD_END
301 1 2024039632 STIM_START
301 1 2025039744 STIM_END_RESP_START
301 1 2025071776 LICK
301 1 2025072308 REWARD_START
301 1 2025318196 LICK
301 1 2025493600 LICK
301 1 2025670040 LICK
301 1 2026239760 RESP_END
301 1 2025081884 REWARD_END
302 0 2028351200 STIM_START
302 0 2029134636 LICK
302 0 2029351312 STIM_END_RESP_START
302 0 2029356868 LICK
302 0 2029357408 TIMEOUT_START
302 0 2029979896 LICK
302 0 2029980428 TIMEOUT_START
302 0 2030551332 RESP_END
302 0 2036980996 TIMEOUT_END
USER_EXIT